-5085.356691701201 0 0 0 0 0 0 0 0 0 0 0 0
-0.023663963713614122 1 1 0 0 1 1 3 0 0 0 3 0
0.000668549502889906 1 1 0 0 2 2 3 0 0 0 3 0
0.003431304407313241 1 1 0 0 0 3 3 0 0 0 1 1
0.003431304407313241 1 1 0 0 0 3 3 0 0 0 2 2
-0.02433251321650402 1 2 0 0 2 1 3 0 0 0 3 0
-0.004784900288816059 1 2 0 0 0 0 1 2 0 0 0 0
0.004784900288816059 1 2 0 0 0 0 2 1 0 0 0 0
-0.023663963713614122 1 3 1 1 3 1 3 3 0 3 3 0
0.000668549502889906 1 3 1 2 3 2 3 3 0 3 3 0
0.003431304407313241 1 3 1 0 3 3 3 3 0 1 3 1
0.003431304407313241 1 3 1 0 3 3 3 3 0 2 3 2
-0.02433251321650402 1 3 2 2 3 1 3 3 0 3 3 0
-0.002762754904423335 1 3 3 2 3 3 3 3 1 3 3 2
0.002762754904423335 1 3 3 2 3 3 3 3 2 3 3 1
-0.02709526812092736 1 3 3 0 3 1 3 3 1 1 3 0
-0.02709526812092736 1 3 3 0 3 1 3 3 2 2 3 0
-0.002762754904423335 1 3 0 0 2 3 3 1 0 0 3 2
0.002762754904423335 1 3 0 0 2 3 3 2 0 0 3 1
-0.02709526812092736 1 3 0 0 0 1 3 1 0 0 1 0
-0.02709526812092736 1 3 0 0 0 1 3 2 0 0 2 0
-0.004784900288816059 1 0 2 0 0 0 1 0 2 0 0 0
0.004784900288816059 1 0 2 0 0 0 2 0 1 0 0 0
-0.0045710902338835175 1 0 0 2 0 0 1 0 0 2 0 0
0.0045710902338835175 1 0 0 2 0 0 2 0 0 1 0 0
-0.0045710902338835175 1 0 0 0 2 0 1 0 0 0 2 0
0.0045710902338835175 1 0 0 0 2 0 2 0 0 0 1 0
-0.03103301717447043 1 0 0 0 0 2 1 0 0 0 0 2
0.03103301717447043 1 0 0 0 0 2 2 0 0 0 0 1
-0.02433251321650402 2 1 0 0 1 2 3 0 0 0 3 0
0.004784900288816059 2 1 0 0 0 0 1 2 0 0 0 0
-0.004784900288816059 2 1 0 0 0 0 2 1 0 0 0 0
0.000668549502889906 2 2 0 0 1 1 3 0 0 0 3 0
-0.023663963713614122 2 2 0 0 2 2 3 0 0 0 3 0
0.003431304407313241 2 2 0 0 0 3 3 0 0 0 1 1
0.003431304407313241 2 2 0 0 0 3 3 0 0 0 2 2
-0.02433251321650402 2 3 1 1 3 2 3 3 0 3 3 0
0.000668549502889906 2 3 2 1 3 1 3 3 0 3 3 0
-0.023663963713614122 2 3 2 2 3 2 3 3 0 3 3 0
0.003431304407313241 2 3 2 0 3 3 3 3 0 1 3 1
0.003431304407313241 2 3 2 0 3 3 3 3 0 2 3 2
0.002762754904423335 2 3 3 1 3 3 3 3 1 3 3 2
-0.002762754904423335 2 3 3 1 3 3 3 3 2 3 3 1
-0.02709526812092736 2 3 3 0 3 2 3 3 1 1 3 0
-0.02709526812092736 2 3 3 0 3 2 3 3 2 2 3 0
0.002762754904423335 2 3 0 0 1 3 3 1 0 0 3 2
-0.002762754904423335 2 3 0 0 1 3 3 2 0 0 3 1
-0.02709526812092736 2 3 0 0 0 2 3 1 0 0 1 0
-0.02709526812092736 2 3 0 0 0 2 3 2 0 0 2 0
0.004784900288816059 2 0 1 0 0 0 1 0 2 0 0 0
-0.004784900288816059 2 0 1 0 0 0 2 0 1 0 0 0
0.0045710902338835175 2 0 0 1 0 0 1 0 0 2 0 0
-0.0045710902338835175 2 0 0 1 0 0 2 0 0 1 0 0
0.0045710902338835175 2 0 0 0 1 0 1 0 0 0 2 0
-0.0045710902338835175 2 0 0 0 1 0 2 0 0 0 1 0
0.03103301717447043 2 0 0 0 0 1 1 0 0 0 0 2
-0.03103301717447043 2 0 0 0 0 1 2 0 0 0 0 1
0.7772396815513 3 0 0 0 0 0 0 0 0 0 0 0
0.07698726860249802 3 3 0 0 0 0 0 0 0 0 0 0
0.07698726860249802 3 0 3 0 0 0 0 0 0 0 0 0
0.07712460741118662 3 0 0 3 0 0 0 0 0 0 0 0
0.07712460741118662 3 0 0 0 3 0 0 0 0 0 0 0
0.06102895751077156 3 0 0 0 0 3 0 0 0 0 0 0
0.09180173419765707 3 0 0 0 0 0 3 0 0 0 0 0
0.08177216889131408 3 0 0 0 0 0 0 3 0 0 0 0
0.08177216889131408 3 0 0 0 0 0 0 0 3 0 0 0
0.08169569764507015 3 0 0 0 0 0 0 0 0 3 0 0
0.08169569764507015 3 0 0 0 0 0 0 0 0 0 3 0
0.09206197468524199 3 0 0 0 0 0 0 0 0 0 0 3
-0.02654851955917065 0 1 1 1 1 0 0 3 0 3 0 0
0.00023627934486710172 0 1 1 2 2 0 0 3 0 3 0 0
0.004078248429051068 0 1 1 0 3 0 0 3 0 1 1 0
0.004078248429051068 0 1 1 0 3 0 0 3 0 2 2 0
-0.026784798904037756 0 1 2 2 1 0 0 3 0 3 0 0
-0.00397715117314908 0 1 2 0 0 0 0 1 2 0 0 0
0.00397715117314908 0 1 2 0 0 0 0 2 1 0 0 0
-0.003841969084183967 0 1 3 2 3 0 0 3 1 3 2 0
0.003841969084183967 0 1 3 2 3 0 0 3 2 3 1 0
-0.030626767988221722 0 1 3 0 1 0 0 3 1 1 0 0
-0.030626767988221722 0 1 3 0 1 0 0 3 2 2 0 0
-0.003841969084183967 0 1 0 2 0 0 0 1 0 2 0 0
0.003841969084183967 0 1 0 2 0 0 0 2 0 1 0 0
-0.02709526812092736 0 1 0 0 1 3 1 0 0 0 3 1
-0.02709526812092736 0 1 0 0 1 3 2 0 0 0 3 2
-0.038310706156589665 0 1 0 0 2 0 0 1 0 0 2 0
0.038310706156589665 0 1 0 0 2 0 0 2 0 0 1 0
-0.002762754904423335 0 1 0 0 0 2 1 0 0 0 2 0
0.002762754904423335 0 1 0 0 0 2 2 0 0 0 1 0
-0.004431765223924835 0 1 0 0 0 2 0 1 0 0 0 2
0.004431765223924835 0 1 0 0 0 2 0 2 0 0 0 1
-0.026784798904037756 0 2 1 1 2 0 0 3 0 3 0 0
0.00397715117314908 0 2 1 0 0 0 0 1 2 0 0 0
-0.00397715117314908 0 2 1 0 0 0 0 2 1 0 0 0
0.00023627934486710172 0 2 2 1 1 0 0 3 0 3 0 0
-0.02654851955917065 0 2 2 2 2 0 0 3 0 3 0 0
0.004078248429051068 0 2 2 0 3 0 0 3 0 1 1 0
0.004078248429051068 0 2 2 0 3 0 0 3 0 2 2 0
0.003841969084183967 0 2 3 1 3 0 0 3 1 3 2 0
-0.003841969084183967 0 2 3 1 3 0 0 3 2 3 1 0
-0.030626767988221722 0 2 3 0 2 0 0 3 1 1 0 0
-0.030626767988221722 0 2 3 0 2 0 0 3 2 2 0 0
0.003841969084183967 0 2 0 1 0 0 0 1 0 2 0 0
-0.003841969084183967 0 2 0 1 0 0 0 2 0 1 0 0
0.038310706156589665 0 2 0 0 1 0 0 1 0 0 2 0
-0.038310706156589665 0 2 0 0 1 0 0 2 0 0 1 0
-0.02709526812092736 0 2 0 0 2 3 1 0 0 0 3 1
-0.02709526812092736 0 2 0 0 2 3 2 0 0 0 3 2
0.002762754904423335 0 2 0 0 0 1 1 0 0 0 2 0
-0.002762754904423335 0 2 0 0 0 1 2 0 0 0 1 0
0.004431765223924835 0 2 0 0 0 1 0 1 0 0 0 2
-0.004431765223924835 0 2 0 0 0 1 0 2 0 0 0 1
0.7360231290122433 0 3 0 0 0 0 0 0 0 0 0 0
-0.02709526812092736 0 3 1 1 3 3 1 3 0 3 3 1
-0.02709526812092736 0 3 1 1 3 3 2 3 0 3 3 2
-0.002762754904423335 0 3 1 0 3 2 1 3 0 2 3 0
0.002762754904423335 0 3 1 0 3 2 2 3 0 1 3 0
-0.02709526812092736 0 3 2 2 3 3 1 3 0 3 3 1
-0.02709526812092736 0 3 2 2 3 3 2 3 0 3 3 2
0.002762754904423335 0 3 2 0 3 1 1 3 0 2 3 0
-0.002762754904423335 0 3 2 0 3 1 2 3 0 1 3 0
0.07758269872292027 0 3 3 0 0 0 0 0 0 0 0 0
0.003431304407313241 0 3 3 1 3 1 1 3 1 3 3 0
0.003431304407313241 0 3 3 1 3 1 2 3 2 3 3 0
0.003431304407313241 0 3 3 2 3 2 1 3 1 3 3 0
0.003431304407313241 0 3 3 2 3 2 2 3 2 3 3 0
-0.023663963713614122 0 3 3 0 3 3 1 3 1 1 3 1
0.000668549502889906 0 3 3 0 3 3 1 3 1 2 3 2
-0.02433251321650402 0 3 3 0 3 3 1 3 2 2 3 1
-0.02433251321650402 0 3 3 0 3 3 2 3 1 1 3 2
0.000668549502889906 0 3 3 0 3 3 2 3 2 1 3 1
-0.023663963713614122 0 3 3 0 3 3 2 3 2 2 3 2
0.07762882242601395 0 3 0 3 0 0 0 0 0 0 0 0
0.003431304407313241 0 3 0 0 1 1 1 1 0 0 3 0
0.003431304407313241 0 3 0 0 1 1 2 2 0 0 3 0
0.003431304407313241 0 3 0 0 2 2 1 1 0 0 3 0
0.003431304407313241 0 3 0 0 2 2 2 2 0 0 3 0
0.05131658221171037 0 3 0 0 3 0 0 0 0 0 0 0
0.08174488707398746 0 3 0 0 0 3 0 0 0 0 0 0
-0.023663963713614122 0 3 0 0 0 3 1 1 0 0 1 1
0.000668549502889906 0 3 0 0 0 3 1 1 0 0 2 2
-0.02433251321650402 0 3 0 0 0 3 1 2 0 0 2 1
-0.02433251321650402 0 3 0 0 0 3 2 1 0 0 1 2
0.000668549502889906 0 3 0 0 0 3 2 2 0 0 1 1
-0.023663963713614122 0 3 0 0 0 3 2 2 0 0 2 2
0.08177216889131408 0 3 0 0 0 0 3 0 0 0 0 0
0.08951415224236753 0 3 0 0 0 0 0 3 0 0 0 0
0.08155984989606936 0 3 0 0 0 0 0 0 3 0 0 0
0.08147079151019793 0 3 0 0 0 0 0 0 0 3 0 0
0.08962728836830003 0 3 0 0 0 0 0 0 0 0 3 0
0.0861766522979123 0 3 0 0 0 0 0 0 0 0 0 3
-0.030626767988221722 0 0 1 1 3 0 0 1 0 3 1 0
-0.030626767988221722 0 0 1 1 3 0 0 2 0 3 2 0
-0.038310706156589665 0 0 1 2 0 0 0 0 1 2 0 0
0.038310706156589665 0 0 1 2 0 0 0 0 2 1 0 0
-0.003841969084183967 0 0 1 0 2 0 0 1 0 2 0 0
0.003841969084183967 0 0 1 0 2 0 0 2 0 1 0 0
-0.003841969084183967 0 0 1 0 2 0 0 0 1 0 2 0
0.003841969084183967 0 0 1 0 2 0 0 0 2 0 1 0
-0.004431765223924835 0 0 1 0 0 2 0 0 1 0 0 2
0.004431765223924835 0 0 1 0 0 2 0 0 2 0 0 1
0.038310706156589665 0 0 2 1 0 0 0 0 1 2 0 0
-0.038310706156589665 0 0 2 1 0 0 0 0 2 1 0 0
-0.030626767988221722 0 0 2 2 3 0 0 1 0 3 1 0
-0.030626767988221722 0 0 2 2 3 0 0 2 0 3 2 0
0.003841969084183967 0 0 2 0 1 0 0 1 0 2 0 0
-0.003841969084183967 0 0 2 0 1 0 0 2 0 1 0 0
0.003841969084183967 0 0 2 0 1 0 0 0 1 0 2 0
-0.003841969084183967 0 0 2 0 1 0 0 0 2 0 1 0
0.004431765223924835 0 0 2 0 0 1 0 0 1 0 0 2
-0.004431765223924835 0 0 2 0 0 1 0 0 2 0 0 1
0.7360231290122433 0 0 3 0 0 0 0 0 0 0 0 0
0.004078248429051068 0 0 3 1 1 0 0 1 1 3 0 0
0.004078248429051068 0 0 3 1 1 0 0 2 2 3 0 0
0.004078248429051068 0 0 3 2 2 0 0 1 1 3 0 0
0.004078248429051068 0 0 3 2 2 0 0 2 2 3 0 0
0.05131658221171037 0 0 3 3 0 0 0 0 0 0 0 0
0.07762882242601395 0 0 3 0 3 0 0 0 0 0 0 0
-0.02654851955917065 0 0 3 0 3 0 0 1 1 1 1 0
0.00023627934486710172 0 0 3 0 3 0 0 1 1 2 2 0
-0.026784798904037756 0 0 3 0 3 0 0 1 2 2 1 0
-0.026784798904037756 0 0 3 0 3 0 0 2 1 1 2 0
0.00023627934486710172 0 0 3 0 3 0 0 2 2 1 1 0
-0.02654851955917065 0 0 3 0 3 0 0 2 2 2 2 0
0.08174488707398746 0 0 3 0 0 3 0 0 0 0 0 0
0.08177216889131408 0 0 3 0 0 0 3 0 0 0 0 0
0.08155984989606936 0 0 3 0 0 0 0 3 0 0 0 0
0.08951415224236753 0 0 3 0 0 0 0 0 3 0 0 0
0.08962728836830003 0 0 3 0 0 0 0 0 0 3 0 0
0.08147079151019793 0 0 3 0 0 0 0 0 0 0 3 0
0.0861766522979123 0 0 3 0 0 0 0 0 0 0 0 3
-0.004232006820421512 0 0 0 1 2 0 0 0 0 1 2 0
0.004232006820421512 0 0 0 1 2 0 0 0 0 2 1 0
-0.005118909371319332 0 0 0 1 0 2 0 0 0 1 0 2
0.005118909371319332 0 0 0 1 0 2 0 0 0 2 0 1
0.004232006820421512 0 0 0 2 1 0 0 0 0 1 2 0
-0.004232006820421512 0 0 0 2 1 0 0 0 0 2 1 0
0.005118909371319332 0 0 0 2 0 1 0 0 0 1 0 2
-0.005118909371319332 0 0 0 2 0 1 0 0 0 2 0 1
0.700023905282561 0 0 0 3 0 0 0 0 0 0 0 0
0.0773774169679596 0 0 0 3 3 0 0 0 0 0 0 0
0.08042627520205557 0 0 0 3 0 3 0 0 0 0 0 0
0.08169569764507015 0 0 0 3 0 0 3 0 0 0 0 0
0.08147079151019793 0 0 0 3 0 0 0 3 0 0 0 0
0.08962728836830003 0 0 0 3 0 0 0 0 3 0 0 0
0.09007343742922415 0 0 0 3 0 0 0 0 0 3 0 0
0.08160942378838112 0 0 0 3 0 0 0 0 0 0 3 0
0.0855451845733749 0 0 0 3 0 0 0 0 0 0 0 3
-0.005118909371319332 0 0 0 0 1 2 0 0 0 0 1 2
0.005118909371319332 0 0 0 0 1 2 0 0 0 0 2 1
0.005118909371319332 0 0 0 0 2 1 0 0 0 0 1 2
-0.005118909371319332 0 0 0 0 2 1 0 0 0 0 2 1
0.7000239052825605 0 0 0 0 3 0 0 0 0 0 0 0
0.08042627520205557 0 0 0 0 3 3 0 0 0 0 0 0
0.08169569764507015 0 0 0 0 3 0 3 0 0 0 0 0
0.08962728836830003 0 0 0 0 3 0 0 3 0 0 0 0
0.08147079151019793 0 0 0 0 3 0 0 0 3 0 0 0
0.08160942378838112 0 0 0 0 3 0 0 0 0 3 0 0
0.09007343742922415 0 0 0 0 3 0 0 0 0 0 3 0
0.0855451845733749 0 0 0 0 3 0 0 0 0 0 0 3
0.6596316471821696 0 0 0 0 0 3 0 0 0 0 0 0
0.09206197468524199 0 0 0 0 0 3 3 0 0 0 0 0
0.0861766522979123 0 0 0 0 0 3 0 3 0 0 0 0
0.0861766522979123 0 0 0 0 0 3 0 0 3 0 0 0
0.0855451845733749 0 0 0 0 0 3 0 0 0 3 0 0
0.0855451845733749 0 0 0 0 0 3 0 0 0 0 3 0
0.09784441231789454 0 0 0 0 0 3 0 0 0 0 0 3
0.7772396815513 0 0 0 0 0 0 3 0 0 0 0 0
0.07698726860249802 0 0 0 0 0 0 3 3 0 0 0 0
0.07698726860249802 0 0 0 0 0 0 3 0 3 0 0 0
0.07712460741118662 0 0 0 0 0 0 3 0 0 3 0 0
0.07712460741118662 0 0 0 0 0 0 3 0 0 0 3 0
0.06102895751077156 0 0 0 0 0 0 3 0 0 0 0 3
0.7360231290122433 0 0 0 0 0 0 0 3 0 0 0 0
0.07758269872292027 0 0 0 0 0 0 0 3 3 0 0 0
0.07762882242601395 0 0 0 0 0 0 0 3 0 3 0 0
0.05131658221171037 0 0 0 0 0 0 0 3 0 0 3 0
0.08174488707398746 0 0 0 0 0 0 0 3 0 0 0 3
0.7360231290122433 0 0 0 0 0 0 0 0 3 0 0 0
0.05131658221171037 0 0 0 0 0 0 0 0 3 3 0 0
0.07762882242601395 0 0 0 0 0 0 0 0 3 0 3 0
0.08174488707398746 0 0 0 0 0 0 0 0 3 0 0 3
0.700023905282561 0 0 0 0 0 0 0 0 0 3 0 0
0.0773774169679596 0 0 0 0 0 0 0 0 0 3 3 0
0.08042627520205557 0 0 0 0 0 0 0 0 0 3 0 3
0.7000239052825604 0 0 0 0 0 0 0 0 0 0 3 0
0.08042627520205557 0 0 0 0 0 0 0 0 0 0 3 3
0.6596316471821694 0 0 0 0 0 0 0 0 0 0 0 3
