-5085.189095487778 0 0 0 0 0 0 0 0 0 0 0 0
-0.021464594167634212 1 1 0 0 1 1 3 0 0 0 3 0
0.0007976289170601343 1 1 0 0 2 2 3 0 0 0 3 0
0.0029855153512346935 1 1 0 0 0 3 3 0 0 0 1 1
0.0029855153512346935 1 1 0 0 0 3 3 0 0 0 2 2
-0.022262223084694346 1 2 0 0 2 1 3 0 0 0 3 0
-0.0050981882804961584 1 2 0 0 0 0 1 2 0 0 0 0
0.0050981882804961584 1 2 0 0 0 0 2 1 0 0 0 0
-0.021464594167634212 1 3 1 1 3 1 3 3 0 3 3 0
0.0007976289170601343 1 3 1 2 3 2 3 3 0 3 3 0
0.0029855153512346935 1 3 1 0 3 3 3 3 0 1 3 1
0.0029855153512346935 1 3 1 0 3 3 3 3 0 2 3 2
-0.022262223084694346 1 3 2 2 3 1 3 3 0 3 3 0
-0.002187886434174559 1 3 3 2 3 3 3 3 1 3 3 2
0.002187886434174559 1 3 3 2 3 3 3 3 2 3 3 1
-0.024450109518868904 1 3 3 0 3 1 3 3 1 1 3 0
-0.024450109518868904 1 3 3 0 3 1 3 3 2 2 3 0
-0.002187886434174559 1 3 0 0 2 3 3 1 0 0 3 2
0.002187886434174559 1 3 0 0 2 3 3 2 0 0 3 1
-0.024450109518868904 1 3 0 0 0 1 3 1 0 0 1 0
-0.024450109518868904 1 3 0 0 0 1 3 2 0 0 2 0
-0.0050981882804961584 1 0 2 0 0 0 1 0 2 0 0 0
0.0050981882804961584 1 0 2 0 0 0 2 0 1 0 0 0
-0.0051581890459922 1 0 0 2 0 0 1 0 0 2 0 0
0.0051581890459922 1 0 0 2 0 0 2 0 0 1 0 0
-0.0051581890459922 1 0 0 0 2 0 1 0 0 0 2 0
0.0051581890459922 1 0 0 0 2 0 2 0 0 0 1 0
-0.02803688761820055 1 0 0 0 0 2 1 0 0 0 0 2
0.02803688761820055 1 0 0 0 0 2 2 0 0 0 0 1
-0.022262223084694346 2 1 0 0 1 2 3 0 0 0 3 0
0.0050981882804961584 2 1 0 0 0 0 1 2 0 0 0 0
-0.0050981882804961584 2 1 0 0 0 0 2 1 0 0 0 0
0.0007976289170601343 2 2 0 0 1 1 3 0 0 0 3 0
-0.021464594167634212 2 2 0 0 2 2 3 0 0 0 3 0
0.0029855153512346935 2 2 0 0 0 3 3 0 0 0 1 1
0.0029855153512346935 2 2 0 0 0 3 3 0 0 0 2 2
-0.022262223084694346 2 3 1 1 3 2 3 3 0 3 3 0
0.0007976289170601343 2 3 2 1 3 1 3 3 0 3 3 0
-0.021464594167634212 2 3 2 2 3 2 3 3 0 3 3 0
0.0029855153512346935 2 3 2 0 3 3 3 3 0 1 3 1
0.0029855153512346935 2 3 2 0 3 3 3 3 0 2 3 2
0.002187886434174559 2 3 3 1 3 3 3 3 1 3 3 2
-0.002187886434174559 2 3 3 1 3 3 3 3 2 3 3 1
-0.024450109518868904 2 3 3 0 3 2 3 3 1 1 3 0
-0.024450109518868904 2 3 3 0 3 2 3 3 2 2 3 0
0.002187886434174559 2 3 0 0 1 3 3 1 0 0 3 2
-0.002187886434174559 2 3 0 0 1 3 3 2 0 0 3 1
-0.024450109518868904 2 3 0 0 0 2 3 1 0 0 1 0
-0.024450109518868904 2 3 0 0 0 2 3 2 0 0 2 0
0.0050981882804961584 2 0 1 0 0 0 1 0 2 0 0 0
-0.0050981882804961584 2 0 1 0 0 0 2 0 1 0 0 0
0.0051581890459922 2 0 0 1 0 0 1 0 0 2 0 0
-0.0051581890459922 2 0 0 1 0 0 2 0 0 1 0 0
0.0051581890459922 2 0 0 0 1 0 1 0 0 0 2 0
-0.0051581890459922 2 0 0 0 1 0 2 0 0 0 1 0
0.02803688761820055 2 0 0 0 0 1 1 0 0 0 0 2
-0.02803688761820055 2 0 0 0 0 1 2 0 0 0 0 1
0.7986205327142799 3 0 0 0 0 0 0 0 0 0 0 0
0.0780506599548902 3 3 0 0 0 0 0 0 0 0 0 0
0.0780506599548902 3 0 3 0 0 0 0 0 0 0 0 0
0.0780632990926379 3 0 0 3 0 0 0 0 0 0 0 0
0.0780632990926379 3 0 0 0 3 0 0 0 0 0 0 0
0.06493272667009059 3 0 0 0 0 3 0 0 0 0 0 0
0.09337514494817381 3 0 0 0 0 0 3 0 0 0 0 0
0.08314884823538636 3 0 0 0 0 0 0 3 0 0 0 0
0.08314884823538636 3 0 0 0 0 0 0 0 3 0 0 0
0.08322148813863009 3 0 0 0 0 0 0 0 0 3 0 0
0.08322148813863009 3 0 0 0 0 0 0 0 0 0 3 0
0.09296961428829113 3 0 0 0 0 0 0 0 0 0 0 3
-0.02468381260469113 0 1 1 1 1 0 0 3 0 3 0 0
0.00033476847929933334 0 1 1 2 2 0 0 3 0 3 0 0
0.004129566961635285 0 1 1 0 3 0 0 3 0 1 1 0
0.004129566961635285 0 1 1 0 3 0 0 3 0 2 2 0
-0.02501858108399046 0 1 2 2 1 0 0 3 0 3 0 0
-0.004040103697524641 0 1 2 0 0 0 0 1 2 0 0 0
0.004040103697524641 0 1 2 0 0 0 0 2 1 0 0 0
-0.003794798482335951 0 1 3 2 3 0 0 3 1 3 2 0
0.003794798482335951 0 1 3 2 3 0 0 3 2 3 1 0
-0.02881337956632641 0 1 3 0 1 0 0 3 1 1 0 0
-0.02881337956632641 0 1 3 0 1 0 0 3 2 2 0 0
-0.003794798482335951 0 1 0 2 0 0 0 1 0 2 0 0
0.003794798482335951 0 1 0 2 0 0 0 2 0 1 0 0
-0.024450109518868904 0 1 0 0 1 3 1 0 0 0 3 1
-0.024450109518868904 0 1 0 0 1 3 2 0 0 0 3 2
-0.03640297653099833 0 1 0 0 2 0 0 1 0 0 2 0
0.03640297653099833 0 1 0 0 2 0 0 2 0 0 1 0
-0.002187886434174559 0 1 0 0 0 2 1 0 0 0 2 0
0.002187886434174559 0 1 0 0 0 2 2 0 0 0 1 0
-0.004655027879024249 0 1 0 0 0 2 0 1 0 0 0 2
0.004655027879024249 0 1 0 0 0 2 0 2 0 0 0 1
-0.02501858108399046 0 2 1 1 2 0 0 3 0 3 0 0
0.004040103697524641 0 2 1 0 0 0 0 1 2 0 0 0
-0.004040103697524641 0 2 1 0 0 0 0 2 1 0 0 0
0.00033476847929933334 0 2 2 1 1 0 0 3 0 3 0 0
-0.02468381260469113 0 2 2 2 2 0 0 3 0 3 0 0
0.004129566961635285 0 2 2 0 3 0 0 3 0 1 1 0
0.004129566961635285 0 2 2 0 3 0 0 3 0 2 2 0
0.003794798482335951 0 2 3 1 3 0 0 3 1 3 2 0
-0.003794798482335951 0 2 3 1 3 0 0 3 2 3 1 0
-0.02881337956632641 0 2 3 0 2 0 0 3 1 1 0 0
-0.02881337956632641 0 2 3 0 2 0 0 3 2 2 0 0
0.003794798482335951 0 2 0 1 0 0 0 1 0 2 0 0
-0.003794798482335951 0 2 0 1 0 0 0 2 0 1 0 0
0.03640297653099833 0 2 0 0 1 0 0 1 0 0 2 0
-0.03640297653099833 0 2 0 0 1 0 0 2 0 0 1 0
-0.024450109518868904 0 2 0 0 2 3 1 0 0 0 3 1
-0.024450109518868904 0 2 0 0 2 3 2 0 0 0 3 2
0.002187886434174559 0 2 0 0 0 1 1 0 0 0 2 0
-0.002187886434174559 0 2 0 0 0 1 2 0 0 0 1 0
0.004655027879024249 0 2 0 0 0 1 0 1 0 0 0 2
-0.004655027879024249 0 2 0 0 0 1 0 2 0 0 0 1
0.7628554449710043 0 3 0 0 0 0 0 0 0 0 0 0
-0.024450109518868904 0 3 1 1 3 3 1 3 0 3 3 1
-0.024450109518868904 0 3 1 1 3 3 2 3 0 3 3 2
-0.002187886434174559 0 3 1 0 3 2 1 3 0 2 3 0
0.002187886434174559 0 3 1 0 3 2 2 3 0 1 3 0
-0.024450109518868904 0 3 2 2 3 3 1 3 0 3 3 1
-0.024450109518868904 0 3 2 2 3 3 2 3 0 3 3 2
0.002187886434174559 0 3 2 0 3 1 1 3 0 2 3 0
-0.002187886434174559 0 3 2 0 3 1 2 3 0 1 3 0
0.0796876863167171 0 3 3 0 0 0 0 0 0 0 0 0
0.0029855153512346935 0 3 3 1 3 1 1 3 1 3 3 0
0.0029855153512346935 0 3 3 1 3 1 2 3 2 3 3 0
0.0029855153512346935 0 3 3 2 3 2 1 3 1 3 3 0
0.0029855153512346935 0 3 3 2 3 2 2 3 2 3 3 0
-0.021464594167634212 0 3 3 0 3 3 1 3 1 1 3 1
0.0007976289170601343 0 3 3 0 3 3 1 3 1 2 3 2
-0.022262223084694346 0 3 3 0 3 3 1 3 2 2 3 1
-0.022262223084694346 0 3 3 0 3 3 2 3 1 1 3 2
0.0007976289170601343 0 3 3 0 3 3 2 3 2 1 3 1
-0.021464594167634212 0 3 3 0 3 3 2 3 2 2 3 2
0.0795163767188708 0 3 0 3 0 0 0 0 0 0 0 0
0.0029855153512346935 0 3 0 0 1 1 1 1 0 0 3 0
0.0029855153512346935 0 3 0 0 1 1 2 2 0 0 3 0
0.0029855153512346935 0 3 0 0 2 2 1 1 0 0 3 0
0.0029855153512346935 0 3 0 0 2 2 2 2 0 0 3 0
0.05516733259347896 0 3 0 0 3 0 0 0 0 0 0 0
0.08424442077046826 0 3 0 0 0 3 0 0 0 0 0 0
-0.021464594167634212 0 3 0 0 0 3 1 1 0 0 1 1
0.0007976289170601343 0 3 0 0 0 3 1 1 0 0 2 2
-0.022262223084694346 0 3 0 0 0 3 1 2 0 0 2 1
-0.022262223084694346 0 3 0 0 0 3 2 1 0 0 1 2
0.0007976289170601343 0 3 0 0 0 3 2 2 0 0 1 1
-0.021464594167634212 0 3 0 0 0 3 2 2 0 0 2 2
0.08314884823538636 0 3 0 0 0 0 3 0 0 0 0 0
0.09180799740929103 0 3 0 0 0 0 0 3 0 0 0 0
0.08372779001424174 0 3 0 0 0 0 0 0 3 0 0 0
0.08331117520120673 0 3 0 0 0 0 0 0 0 3 0 0
0.09157030912447729 0 3 0 0 0 0 0 0 0 0 3 0
0.08889944864949251 0 3 0 0 0 0 0 0 0 0 0 3
-0.02881337956632641 0 0 1 1 3 0 0 1 0 3 1 0
-0.02881337956632641 0 0 1 1 3 0 0 2 0 3 2 0
-0.03640297653099833 0 0 1 2 0 0 0 0 1 2 0 0
0.03640297653099833 0 0 1 2 0 0 0 0 2 1 0 0
-0.003794798482335951 0 0 1 0 2 0 0 1 0 2 0 0
0.003794798482335951 0 0 1 0 2 0 0 2 0 1 0 0
-0.003794798482335951 0 0 1 0 2 0 0 0 1 0 2 0
0.003794798482335951 0 0 1 0 2 0 0 0 2 0 1 0
-0.004655027879024249 0 0 1 0 0 2 0 0 1 0 0 2
0.004655027879024249 0 0 1 0 0 2 0 0 2 0 0 1
0.03640297653099833 0 0 2 1 0 0 0 0 1 2 0 0
-0.03640297653099833 0 0 2 1 0 0 0 0 2 1 0 0
-0.02881337956632641 0 0 2 2 3 0 0 1 0 3 1 0
-0.02881337956632641 0 0 2 2 3 0 0 2 0 3 2 0
0.003794798482335951 0 0 2 0 1 0 0 1 0 2 0 0
-0.003794798482335951 0 0 2 0 1 0 0 2 0 1 0 0
0.003794798482335951 0 0 2 0 1 0 0 0 1 0 2 0
-0.003794798482335951 0 0 2 0 1 0 0 0 2 0 1 0
0.004655027879024249 0 0 2 0 0 1 0 0 1 0 0 2
-0.004655027879024249 0 0 2 0 0 1 0 0 2 0 0 1
0.7628554449710043 0 0 3 0 0 0 0 0 0 0 0 0
0.004129566961635285 0 0 3 1 1 0 0 1 1 3 0 0
0.004129566961635285 0 0 3 1 1 0 0 2 2 3 0 0
0.004129566961635285 0 0 3 2 2 0 0 1 1 3 0 0
0.004129566961635285 0 0 3 2 2 0 0 2 2 3 0 0
0.05516733259347896 0 0 3 3 0 0 0 0 0 0 0 0
0.0795163767188708 0 0 3 0 3 0 0 0 0 0 0 0
-0.02468381260469113 0 0 3 0 3 0 0 1 1 1 1 0
0.00033476847929933334 0 0 3 0 3 0 0 1 1 2 2 0
-0.02501858108399046 0 0 3 0 3 0 0 1 2 2 1 0
-0.02501858108399046 0 0 3 0 3 0 0 2 1 1 2 0
0.00033476847929933334 0 0 3 0 3 0 0 2 2 1 1 0
-0.02468381260469113 0 0 3 0 3 0 0 2 2 2 2 0
0.08424442077046826 0 0 3 0 0 3 0 0 0 0 0 0
0.08314884823538636 0 0 3 0 0 0 3 0 0 0 0 0
0.08372779001424174 0 0 3 0 0 0 0 3 0 0 0 0
0.09180799740929103 0 0 3 0 0 0 0 0 3 0 0 0
0.09157030912447729 0 0 3 0 0 0 0 0 0 3 0 0
0.08331117520120673 0 0 3 0 0 0 0 0 0 0 3 0
0.08889944864949251 0 0 3 0 0 0 0 0 0 0 0 3
-0.004331989771317709 0 0 0 1 2 0 0 0 0 1 2 0
0.004331989771317709 0 0 0 1 2 0 0 0 0 2 1 0
-0.005528781234180687 0 0 0 1 0 2 0 0 0 1 0 2
0.005528781234180687 0 0 0 1 0 2 0 0 0 2 0 1
0.004331989771317709 0 0 0 2 1 0 0 0 0 1 2 0
-0.004331989771317709 0 0 0 2 1 0 0 0 0 2 1 0
0.005528781234180687 0 0 0 2 0 1 0 0 0 1 0 2
-0.005528781234180687 0 0 0 2 0 1 0 0 0 2 0 1
0.7079731667160089 0 0 0 3 0 0 0 0 0 0 0 0
0.07903154600989777 0 0 0 3 3 0 0 0 0 0 0 0
0.08229481742198501 0 0 0 3 0 3 0 0 0 0 0 0
0.08322148813863009 0 0 0 3 0 0 3 0 0 0 0 0
0.08331117520120673 0 0 0 3 0 0 0 3 0 0 0 0
0.09157030912447729 0 0 0 3 0 0 0 0 3 0 0 0
0.09202751532385088 0 0 0 3 0 0 0 0 0 3 0 0
0.08336353578121548 0 0 0 3 0 0 0 0 0 0 3 0
0.08782359865616571 0 0 0 3 0 0 0 0 0 0 0 3
-0.005528781234180687 0 0 0 0 1 2 0 0 0 0 1 2
0.005528781234180687 0 0 0 0 1 2 0 0 0 0 2 1
0.005528781234180687 0 0 0 0 2 1 0 0 0 0 1 2
-0.005528781234180687 0 0 0 0 2 1 0 0 0 0 2 1
0.7079731667160082 0 0 0 0 3 0 0 0 0 0 0 0
0.08229481742198501 0 0 0 0 3 3 0 0 0 0 0 0
0.08322148813863009 0 0 0 0 3 0 3 0 0 0 0 0
0.09157030912447729 0 0 0 0 3 0 0 3 0 0 0 0
0.08331117520120673 0 0 0 0 3 0 0 0 3 0 0 0
0.08336353578121548 0 0 0 0 3 0 0 0 0 3 0 0
0.09202751532385088 0 0 0 0 3 0 0 0 0 0 3 0
0.08782359865616571 0 0 0 0 3 0 0 0 0 0 0 3
0.6468307624787454 0 0 0 0 0 3 0 0 0 0 0 0
0.09296961428829113 0 0 0 0 0 3 3 0 0 0 0 0
0.08889944864949251 0 0 0 0 0 3 0 3 0 0 0 0
0.08889944864949251 0 0 0 0 0 3 0 0 3 0 0 0
0.08782359865616571 0 0 0 0 0 3 0 0 0 3 0 0
0.08782359865616571 0 0 0 0 0 3 0 0 0 0 3 0
0.10017884869296724 0 0 0 0 0 3 0 0 0 0 0 3
0.7986205327142799 0 0 0 0 0 0 3 0 0 0 0 0
0.0780506599548902 0 0 0 0 0 0 3 3 0 0 0 0
0.0780506599548902 0 0 0 0 0 0 3 0 3 0 0 0
0.0780632990926379 0 0 0 0 0 0 3 0 0 3 0 0
0.0780632990926379 0 0 0 0 0 0 3 0 0 0 3 0
0.06493272667009059 0 0 0 0 0 0 3 0 0 0 0 3
0.7628554449710043 0 0 0 0 0 0 0 3 0 0 0 0
0.0796876863167171 0 0 0 0 0 0 0 3 3 0 0 0
0.0795163767188708 0 0 0 0 0 0 0 3 0 3 0 0
0.05516733259347896 0 0 0 0 0 0 0 3 0 0 3 0
0.08424442077046826 0 0 0 0 0 0 0 3 0 0 0 3
0.7628554449710043 0 0 0 0 0 0 0 0 3 0 0 0
0.05516733259347896 0 0 0 0 0 0 0 0 3 3 0 0
0.0795163767188708 0 0 0 0 0 0 0 0 3 0 3 0
0.08424442077046826 0 0 0 0 0 0 0 0 3 0 0 3
0.707973166716009 0 0 0 0 0 0 0 0 0 3 0 0
0.07903154600989777 0 0 0 0 0 0 0 0 0 3 3 0
0.08229481742198501 0 0 0 0 0 0 0 0 0 3 0 3
0.7079731667160079 0 0 0 0 0 0 0 0 0 0 3 0
0.08229481742198501 0 0 0 0 0 0 0 0 0 0 3 3
0.6468307624787458 0 0 0 0 0 0 0 0 0 0 0 3
