-5084.927674869029 0 0 0 0 0 0 0 0 0 0 0 0
0.01914972433821958 1 1 0 1 3 1 3 0 0 3 3 0
-0.0008922255207783252 1 1 0 2 3 2 3 0 0 3 3 0
0.001924147648399757 1 1 0 0 1 1 3 0 0 0 3 0
-8.965004442499822e-05 1 1 0 0 2 2 3 0 0 0 3 0
-0.002327076733706898 1 1 0 0 3 3 3 0 0 1 3 1
-0.002327076733706898 1 1 0 0 3 3 3 0 0 2 3 2
-0.00023382264651566429 1 1 0 0 0 3 3 0 0 0 1 1
-0.00023382264651566429 1 1 0 0 0 3 3 0 0 0 2 2
0.020041949858997904 1 2 0 2 3 1 3 0 0 3 3 0
0.002013797692824756 1 2 0 0 2 1 3 0 0 0 3 0
-0.005365046662224635 1 2 0 0 0 0 1 2 0 0 0 0
0.005365046662224635 1 2 0 0 0 0 2 1 0 0 0 0
-0.0019241476483997722 1 3 1 1 3 1 3 3 0 3 3 0
8.96500444249976e-05 1 3 1 2 3 2 3 3 0 3 3 0
0.019149724338219563 1 3 1 0 1 1 3 3 0 0 3 0
-0.0008922255207783271 1 3 1 0 2 2 3 3 0 0 3 0
0.00023382264651566485 1 3 1 0 3 3 3 3 0 1 3 1
0.00023382264651566485 1 3 1 0 3 3 3 3 0 2 3 2
-0.0023270767337068977 1 3 1 0 0 3 3 3 0 0 1 1
-0.0023270767337068977 1 3 1 0 0 3 3 3 0 0 2 2
-0.00201379769282477 1 3 2 2 3 1 3 3 0 3 3 0
0.02004194985899789 1 3 2 0 2 1 3 3 0 0 3 0
-0.00014417260209066723 1 3 3 2 3 3 3 3 1 3 3 2
0.00014417260209066723 1 3 3 2 3 3 3 3 2 3 3 1
0.001434851212928571 1 3 3 0 2 3 3 3 1 0 3 2
-0.001434851212928571 1 3 3 0 2 3 3 3 2 0 3 1
-0.0021579702949154375 1 3 3 0 3 1 3 3 1 1 3 0
-0.0021579702949154375 1 3 3 0 3 1 3 3 2 2 3 0
0.02147680107192646 1 3 3 0 0 1 3 3 1 0 1 0
0.02147680107192646 1 3 3 0 0 1 3 3 2 0 2 0
0.001434851212928573 1 3 0 2 3 3 3 1 0 3 3 2
-0.001434851212928573 1 3 0 2 3 3 3 2 0 3 3 1
0.0001441726020906661 1 3 0 0 2 3 3 1 0 0 3 2
-0.0001441726020906661 1 3 0 0 2 3 3 2 0 0 3 1
0.021476801071926482 1 3 0 0 3 1 3 1 0 1 3 0
0.021476801071926482 1 3 0 0 3 1 3 2 0 2 3 0
0.0021579702949154215 1 3 0 0 0 1 3 1 0 0 1 0
0.0021579702949154215 1 3 0 0 0 1 3 2 0 0 2 0
-0.005365046662224629 1 0 2 0 0 0 1 0 2 0 0 0
0.005365046662224629 1 0 2 0 0 0 2 0 1 0 0 0
-0.005917353555419605 1 0 0 2 0 0 1 0 0 2 0 0
0.005917353555419605 1 0 0 2 0 0 2 0 0 1 0 0
-0.0059173535554195985 1 0 0 0 2 0 1 0 0 0 2 0
0.0059173535554195985 1 0 0 0 2 0 2 0 0 0 1 0
-0.025139914163558152 1 0 0 0 0 2 1 0 0 0 0 2
0.025139914163558152 1 0 0 0 0 2 2 0 0 0 0 1
0.020041949858997904 2 1 0 1 3 2 3 0 0 3 3 0
0.002013797692824756 2 1 0 0 1 2 3 0 0 0 3 0
0.005365046662224635 2 1 0 0 0 0 1 2 0 0 0 0
-0.005365046662224635 2 1 0 0 0 0 2 1 0 0 0 0
-0.0008922255207783252 2 2 0 1 3 1 3 0 0 3 3 0
0.01914972433821958 2 2 0 2 3 2 3 0 0 3 3 0
-8.965004442499822e-05 2 2 0 0 1 1 3 0 0 0 3 0
0.001924147648399757 2 2 0 0 2 2 3 0 0 0 3 0
-0.002327076733706898 2 2 0 0 3 3 3 0 0 1 3 1
-0.002327076733706898 2 2 0 0 3 3 3 0 0 2 3 2
-0.00023382264651566429 2 2 0 0 0 3 3 0 0 0 1 1
-0.00023382264651566429 2 2 0 0 0 3 3 0 0 0 2 2
-0.00201379769282477 2 3 1 1 3 2 3 3 0 3 3 0
0.02004194985899789 2 3 1 0 1 2 3 3 0 0 3 0
8.96500444249976e-05 2 3 2 1 3 1 3 3 0 3 3 0
-0.0019241476483997722 2 3 2 2 3 2 3 3 0 3 3 0
-0.0008922255207783271 2 3 2 0 1 1 3 3 0 0 3 0
0.019149724338219563 2 3 2 0 2 2 3 3 0 0 3 0
0.00023382264651566485 2 3 2 0 3 3 3 3 0 1 3 1
0.00023382264651566485 2 3 2 0 3 3 3 3 0 2 3 2
-0.0023270767337068977 2 3 2 0 0 3 3 3 0 0 1 1
-0.0023270767337068977 2 3 2 0 0 3 3 3 0 0 2 2
0.00014417260209066723 2 3 3 1 3 3 3 3 1 3 3 2
-0.00014417260209066723 2 3 3 1 3 3 3 3 2 3 3 1
-0.001434851212928571 2 3 3 0 1 3 3 3 1 0 3 2
0.001434851212928571 2 3 3 0 1 3 3 3 2 0 3 1
-0.0021579702949154375 2 3 3 0 3 2 3 3 1 1 3 0
-0.0021579702949154375 2 3 3 0 3 2 3 3 2 2 3 0
0.02147680107192646 2 3 3 0 0 2 3 3 1 0 1 0
0.02147680107192646 2 3 3 0 0 2 3 3 2 0 2 0
-0.001434851212928573 2 3 0 1 3 3 3 1 0 3 3 2
0.001434851212928573 2 3 0 1 3 3 3 2 0 3 3 1
-0.0001441726020906661 2 3 0 0 1 3 3 1 0 0 3 2
0.0001441726020906661 2 3 0 0 1 3 3 2 0 0 3 1
0.021476801071926482 2 3 0 0 3 2 3 1 0 1 3 0
0.021476801071926482 2 3 0 0 3 2 3 2 0 2 3 0
0.0021579702949154215 2 3 0 0 0 2 3 1 0 0 1 0
0.0021579702949154215 2 3 0 0 0 2 3 2 0 0 2 0
0.005365046662224629 2 0 1 0 0 0 1 0 2 0 0 0
-0.005365046662224629 2 0 1 0 0 0 2 0 1 0 0 0
0.005917353555419605 2 0 0 1 0 0 1 0 0 2 0 0
-0.005917353555419605 2 0 0 1 0 0 2 0 0 1 0 0
0.0059173535554195985 2 0 0 0 1 0 1 0 0 0 2 0
-0.0059173535554195985 2 0 0 0 1 0 2 0 0 0 1 0
0.025139914163558152 2 0 0 0 0 1 1 0 0 0 0 2
-0.025139914163558152 2 0 0 0 0 1 2 0 0 0 0 1
0.8182296039041672 3 0 0 0 0 0 0 0 0 0 0 0
0.0790508112999865 3 3 0 0 0 0 0 0 0 0 0 0
0.07905081129998644 3 0 3 0 0 0 0 0 0 0 0 0
0.07891190637243484 3 0 0 3 0 0 0 0 0 0 0 0
0.0789119063724349 3 0 0 0 3 0 0 0 0 0 0 0
0.06853162139310492 3 0 0 0 0 3 0 0 0 0 0 0
0.09503405884240584 3 0 0 0 0 0 3 0 0 0 0 0
0.08441585796221115 3 0 0 0 0 0 0 3 0 0 0 0
0.08441585796221107 3 0 0 0 0 0 0 0 3 0 0 0
0.08482925992785445 3 0 0 0 0 0 0 0 0 3 0 0
0.08482925992785449 3 0 0 0 0 0 0 0 0 0 3 0
0.09367153555666308 3 0 0 0 0 0 0 0 0 0 0 3
0.000691583833724649 0 1 1 1 1 0 0 3 0 3 0 0
-0.02242193772766555 0 1 1 2 2 0 0 3 0 3 0 0
-0.002205716094391681 0 1 1 3 0 0 0 3 0 0 0 0
0.0022057160943916893 0 1 1 0 3 0 0 3 0 0 0 0
0.0041168410563493995 0 1 1 0 3 0 0 3 0 1 1 0
0.0041168410563493995 0 1 1 0 3 0 0 3 0 2 2 0
0.0008357510071268995 0 1 1 0 0 0 0 3 0 3 0 0
-0.0008357510071268629 0 1 1 0 0 0 0 3 0 0 3 0
0.023113521561390196 0 1 2 2 1 0 0 3 0 3 0 0
-0.004170047834634385 0 1 2 0 0 0 0 1 2 0 0 0
0.004170047834634385 0 1 2 0 0 0 0 2 1 0 0 0
-0.02653877878401495 0 1 3 2 3 0 0 3 1 3 2 0
0.02653877878401495 0 1 3 2 3 0 0 3 2 3 1 0
0.003041467101518581 0 1 3 2 0 0 0 3 1 2 0 0
-0.003041467101518581 0 1 3 2 0 0 0 3 2 1 0 0
-0.0034252572226247512 0 1 3 0 1 0 0 3 1 1 0 0
-0.0034252572226247512 0 1 3 0 1 0 0 3 2 2 0 0
-0.003041467101518552 0 1 3 0 2 0 0 3 1 0 2 0
0.003041467101518552 0 1 3 0 2 0 0 3 2 0 1 0
0.021476801071926482 0 1 0 1 3 3 1 0 0 3 3 1
0.021476801071926482 0 1 0 1 3 3 2 0 0 3 3 2
-0.003041467101518556 0 1 0 2 3 0 0 1 0 3 2 0
0.003041467101518556 0 1 0 2 3 0 0 2 0 3 1 0
-0.034000501168105886 0 1 0 2 0 0 0 1 0 2 0 0
0.034000501168105886 0 1 0 2 0 0 0 2 0 1 0 0
0.0021579702949154215 0 1 0 0 1 3 1 0 0 0 3 1
0.0021579702949154215 0 1 0 0 1 3 2 0 0 0 3 2
-0.0030414671015185565 0 1 0 0 1 0 0 1 0 1 0 0
-0.0030414671015185565 0 1 0 0 1 0 0 2 0 2 0 0
-0.004036465161466163 0 1 0 0 2 0 0 1 0 0 2 0
0.004036465161466163 0 1 0 0 2 0 0 2 0 0 1 0
0.001434851212928573 0 1 0 0 3 2 1 0 0 2 3 0
-0.001434851212928573 0 1 0 0 3 2 2 0 0 1 3 0
0.0001441726020906661 0 1 0 0 0 2 1 0 0 0 2 0
-0.0001441726020906661 0 1 0 0 0 2 2 0 0 0 1 0
-0.004936784942499508 0 1 0 0 0 2 0 1 0 0 0 2
0.004936784942499508 0 1 0 0 0 2 0 2 0 0 0 1
0.023113521561390196 0 2 1 1 2 0 0 3 0 3 0 0
0.004170047834634385 0 2 1 0 0 0 0 1 2 0 0 0
-0.004170047834634385 0 2 1 0 0 0 0 2 1 0 0 0
-0.02242193772766555 0 2 2 1 1 0 0 3 0 3 0 0
0.000691583833724649 0 2 2 2 2 0 0 3 0 3 0 0
-0.002205716094391681 0 2 2 3 0 0 0 3 0 0 0 0
0.0022057160943916893 0 2 2 0 3 0 0 3 0 0 0 0
0.0041168410563493995 0 2 2 0 3 0 0 3 0 1 1 0
0.0041168410563493995 0 2 2 0 3 0 0 3 0 2 2 0
0.0008357510071268995 0 2 2 0 0 0 0 3 0 3 0 0
-0.0008357510071268629 0 2 2 0 0 0 0 3 0 0 3 0
0.02653877878401495 0 2 3 1 3 0 0 3 1 3 2 0
-0.02653877878401495 0 2 3 1 3 0 0 3 2 3 1 0
-0.003041467101518581 0 2 3 1 0 0 0 3 1 2 0 0
0.003041467101518581 0 2 3 1 0 0 0 3 2 1 0 0
0.003041467101518552 0 2 3 0 1 0 0 3 1 0 2 0
-0.003041467101518552 0 2 3 0 1 0 0 3 2 0 1 0
-0.0034252572226247512 0 2 3 0 2 0 0 3 1 1 0 0
-0.0034252572226247512 0 2 3 0 2 0 0 3 2 2 0 0
0.003041467101518556 0 2 0 1 3 0 0 1 0 3 2 0
-0.003041467101518556 0 2 0 1 3 0 0 2 0 3 1 0
0.034000501168105886 0 2 0 1 0 0 0 1 0 2 0 0
-0.034000501168105886 0 2 0 1 0 0 0 2 0 1 0 0
0.021476801071926482 0 2 0 2 3 3 1 0 0 3 3 1
0.021476801071926482 0 2 0 2 3 3 2 0 0 3 3 2
0.004036465161466163 0 2 0 0 1 0 0 1 0 0 2 0
-0.004036465161466163 0 2 0 0 1 0 0 2 0 0 1 0
0.0021579702949154215 0 2 0 0 2 3 1 0 0 0 3 1
0.0021579702949154215 0 2 0 0 2 3 2 0 0 0 3 2
-0.0030414671015185565 0 2 0 0 2 0 0 1 0 1 0 0
-0.0030414671015185565 0 2 0 0 2 0 0 2 0 2 0 0
-0.001434851212928573 0 2 0 0 3 1 1 0 0 2 3 0
0.001434851212928573 0 2 0 0 3 1 2 0 0 1 3 0
-0.0001441726020906661 0 2 0 0 0 1 1 0 0 0 2 0
0.0001441726020906661 0 2 0 0 0 1 2 0 0 0 1 0
0.004936784942499508 0 2 0 0 0 1 0 1 0 0 0 2
-0.004936784942499508 0 2 0 0 0 1 0 2 0 0 0 1
0.7978380893509891 0 3 0 0 0 0 0 0 0 0 0 0
-0.0021579702949154375 0 3 1 1 3 3 1 3 0 3 3 1
-0.0021579702949154375 0 3 1 1 3 3 2 3 0 3 3 2
0.02147680107192646 0 3 1 0 1 3 1 3 0 0 3 1
0.02147680107192646 0 3 1 0 1 3 2 3 0 0 3 2
-0.00014417260209066723 0 3 1 0 3 2 1 3 0 2 3 0
0.00014417260209066723 0 3 1 0 3 2 2 3 0 1 3 0
0.001434851212928571 0 3 1 0 0 2 1 3 0 0 2 0
-0.001434851212928571 0 3 1 0 0 2 2 3 0 0 1 0
-0.0021579702949154375 0 3 2 2 3 3 1 3 0 3 3 1
-0.0021579702949154375 0 3 2 2 3 3 2 3 0 3 3 2
0.02147680107192646 0 3 2 0 2 3 1 3 0 0 3 1
0.02147680107192646 0 3 2 0 2 3 2 3 0 0 3 2
0.00014417260209066723 0 3 2 0 3 1 1 3 0 2 3 0
-0.00014417260209066723 0 3 2 0 3 1 2 3 0 1 3 0
-0.001434851212928571 0 3 2 0 0 1 1 3 0 0 2 0
0.001434851212928571 0 3 2 0 0 1 2 3 0 0 1 0
0.0821637104801 0 3 3 0 0 0 0 0 0 0 0 0
0.00023382264651566485 0 3 3 1 3 1 1 3 1 3 3 0
0.00023382264651566485 0 3 3 1 3 1 2 3 2 3 3 0
0.00023382264651566485 0 3 3 2 3 2 1 3 1 3 3 0
0.00023382264651566485 0 3 3 2 3 2 2 3 2 3 3 0
-0.0023270767337068977 0 3 3 0 1 1 1 3 1 0 3 0
-0.0023270767337068977 0 3 3 0 1 1 2 3 2 0 3 0
-0.0023270767337068977 0 3 3 0 2 2 1 3 1 0 3 0
-0.0023270767337068977 0 3 3 0 2 2 2 3 2 0 3 0
-0.0019241476483997722 0 3 3 0 3 3 1 3 1 1 3 1
8.96500444249976e-05 0 3 3 0 3 3 1 3 1 2 3 2
-0.00201379769282477 0 3 3 0 3 3 1 3 2 2 3 1
-0.00201379769282477 0 3 3 0 3 3 2 3 1 1 3 2
8.96500444249976e-05 0 3 3 0 3 3 2 3 2 1 3 1
-0.0019241476483997722 0 3 3 0 3 3 2 3 2 2 3 2
0.019149724338219563 0 3 3 0 0 3 1 3 1 0 1 1
-0.0008922255207783271 0 3 3 0 0 3 1 3 1 0 2 2
0.02004194985899789 0 3 3 0 0 3 1 3 2 0 2 1
0.02004194985899789 0 3 3 0 0 3 2 3 1 0 1 2
-0.0008922255207783271 0 3 3 0 0 3 2 3 2 0 1 1
0.019149724338219563 0 3 3 0 0 3 2 3 2 0 2 2
0.002205716094391685 0 3 0 1 1 0 0 0 0 3 0 0
-0.002327076733706898 0 3 0 1 3 1 1 1 0 3 3 0
-0.002327076733706898 0 3 0 1 3 1 2 2 0 3 3 0
0.002205716094391685 0 3 0 2 2 0 0 0 0 3 0 0
-0.002327076733706898 0 3 0 2 3 2 1 1 0 3 3 0
-0.002327076733706898 0 3 0 2 3 2 2 2 0 3 3 0
0.05964196727076886 0 3 0 3 0 0 0 0 0 0 0 0
-0.00023382264651566429 0 3 0 0 1 1 1 1 0 0 3 0
-0.00023382264651566429 0 3 0 0 1 1 2 2 0 0 3 0
-0.00023382264651566429 0 3 0 0 2 2 1 1 0 0 3 0
-0.00023382264651566429 0 3 0 0 2 2 2 2 0 0 3 0
0.08137232116470987 0 3 0 0 3 0 0 0 0 0 0 0
0.01914972433821958 0 3 0 0 3 3 1 1 0 1 3 1
-0.0008922255207783252 0 3 0 0 3 3 1 1 0 2 3 2
0.020041949858997904 0 3 0 0 3 3 1 2 0 2 3 1
0.020041949858997904 0 3 0 0 3 3 2 1 0 1 3 2
-0.0008922255207783252 0 3 0 0 3 3 2 2 0 1 3 1
0.01914972433821958 0 3 0 0 3 3 2 2 0 2 3 2
-0.000835751007126871 0 3 0 0 3 0 0 0 0 1 1 0
-0.000835751007126871 0 3 0 0 3 0 0 0 0 2 2 0
0.08675166808416629 0 3 0 0 0 3 0 0 0 0 0 0
0.001924147648399757 0 3 0 0 0 3 1 1 0 0 1 1
-8.965004442499822e-05 0 3 0 0 0 3 1 1 0 0 2 2
0.002013797692824756 0 3 0 0 0 3 1 2 0 0 2 1
0.002013797692824756 0 3 0 0 0 3 2 1 0 0 1 2
-8.965004442499822e-05 0 3 0 0 0 3 2 2 0 0 1 1
0.001924147648399757 0 3 0 0 0 3 2 2 0 0 2 2
0.08441585796221115 0 3 0 0 0 0 3 0 0 0 0 0
0.09467385398400321 0 3 0 0 0 0 0 3 0 0 0 0
0.08633375831473439 0 3 0 0 0 0 0 0 3 0 0 0
0.09364246843887475 0 3 0 0 0 0 0 0 0 3 0 0
0.08540878632617603 0 3 0 0 0 0 0 0 0 0 3 0
0.09168845302666578 0 3 0 0 0 0 0 0 0 0 0 3
-0.0034252572226247512 0 0 1 1 3 0 0 1 0 3 1 0
-0.0034252572226247512 0 0 1 1 3 0 0 2 0 3 2 0
0.003041467101518581 0 0 1 1 0 0 0 1 0 1 0 0
0.003041467101518581 0 0 1 1 0 0 0 2 0 2 0 0
0.0030414671015185743 0 0 1 2 3 0 0 0 1 3 2 0
-0.0030414671015185743 0 0 1 2 3 0 0 0 2 3 1 0
-0.004036465161466164 0 0 1 2 0 0 0 0 1 2 0 0
0.004036465161466164 0 0 1 2 0 0 0 0 2 1 0 0
-0.0030414671015185526 0 0 1 0 1 0 0 1 0 0 1 0
-0.0030414671015185526 0 0 1 0 1 0 0 2 0 0 2 0
0.0030414671015185743 0 0 1 0 1 0 0 0 1 1 0 0
0.0030414671015185743 0 0 1 0 1 0 0 0 2 2 0 0
-0.02653877878401495 0 0 1 0 2 0 0 1 0 2 0 0
0.02653877878401495 0 0 1 0 2 0 0 2 0 1 0 0
-0.03400050116810587 0 0 1 0 2 0 0 0 1 0 2 0
0.03400050116810587 0 0 1 0 2 0 0 0 2 0 1 0
-0.004936784942499508 0 0 1 0 0 2 0 0 1 0 0 2
0.004936784942499508 0 0 1 0 0 2 0 0 2 0 0 1
-0.0030414671015185743 0 0 2 1 3 0 0 0 1 3 2 0
0.0030414671015185743 0 0 2 1 3 0 0 0 2 3 1 0
0.004036465161466164 0 0 2 1 0 0 0 0 1 2 0 0
-0.004036465161466164 0 0 2 1 0 0 0 0 2 1 0 0
-0.0034252572226247512 0 0 2 2 3 0 0 1 0 3 1 0
-0.0034252572226247512 0 0 2 2 3 0 0 2 0 3 2 0
0.003041467101518581 0 0 2 2 0 0 0 1 0 1 0 0
0.003041467101518581 0 0 2 2 0 0 0 2 0 2 0 0
0.02653877878401495 0 0 2 0 1 0 0 1 0 2 0 0
-0.02653877878401495 0 0 2 0 1 0 0 2 0 1 0 0
0.03400050116810587 0 0 2 0 1 0 0 0 1 0 2 0
-0.03400050116810587 0 0 2 0 1 0 0 0 2 0 1 0
-0.0030414671015185526 0 0 2 0 2 0 0 1 0 0 1 0
-0.0030414671015185526 0 0 2 0 2 0 0 2 0 0 2 0
0.0030414671015185743 0 0 2 0 2 0 0 0 1 1 0 0
0.0030414671015185743 0 0 2 0 2 0 0 0 2 2 0 0
0.004936784942499508 0 0 2 0 0 1 0 0 1 0 0 2
-0.004936784942499508 0 0 2 0 0 1 0 0 2 0 0 1
0.7978380893509894 0 0 3 0 0 0 0 0 0 0 0 0
0.0041168410563493995 0 0 3 1 1 0 0 1 1 3 0 0
0.0041168410563493995 0 0 3 1 1 0 0 2 2 3 0 0
-0.002205716094391671 0 0 3 1 1 0 0 0 0 3 0 0
0.0041168410563493995 0 0 3 2 2 0 0 1 1 3 0 0
0.0041168410563493995 0 0 3 2 2 0 0 2 2 3 0 0
-0.002205716094391671 0 0 3 2 2 0 0 0 0 3 0 0
0.08137232116470973 0 0 3 3 0 0 0 0 0 0 0 0
0.0008357510071268995 0 0 3 3 0 0 0 1 1 0 0 0
0.0008357510071268995 0 0 3 3 0 0 0 2 2 0 0 0
0.05964196727076885 0 0 3 0 3 0 0 0 0 0 0 0
-0.0008357510071268629 0 0 3 0 3 0 0 1 1 0 0 0
0.000691583833724649 0 0 3 0 3 0 0 1 1 1 1 0
-0.02242193772766555 0 0 3 0 3 0 0 1 1 2 2 0
0.023113521561390196 0 0 3 0 3 0 0 1 2 2 1 0
0.023113521561390196 0 0 3 0 3 0 0 2 1 1 2 0
-0.0008357510071268629 0 0 3 0 3 0 0 2 2 0 0 0
-0.02242193772766555 0 0 3 0 3 0 0 2 2 1 1 0
0.000691583833724649 0 0 3 0 3 0 0 2 2 2 2 0
0.0008357510071269033 0 0 3 0 3 0 0 0 0 1 1 0
0.0008357510071269033 0 0 3 0 3 0 0 0 0 2 2 0
0.0867516680841662 0 0 3 0 0 3 0 0 0 0 0 0
0.08441585796221107 0 0 3 0 0 0 3 0 0 0 0 0
-0.002205716094391681 0 0 3 0 0 0 0 1 1 3 0 0
0.0022057160943916893 0 0 3 0 0 0 0 1 1 0 3 0
-0.002205716094391681 0 0 3 0 0 0 0 2 2 3 0 0
0.0022057160943916893 0 0 3 0 0 0 0 2 2 0 3 0
0.08633375831473439 0 0 3 0 0 0 0 3 0 0 0 0
0.09467385398400303 0 0 3 0 0 0 0 0 3 0 0 0
0.08540878632617589 0 0 3 0 0 0 0 0 0 3 0 0
0.09364246843887472 0 0 3 0 0 0 0 0 0 0 3 0
0.09168845302666571 0 0 3 0 0 0 0 0 0 0 0 3
-0.000835751007126871 0 0 0 1 1 0 0 3 0 3 0 0
0.0008357510071269033 0 0 0 1 1 0 0 0 3 3 0 0
-0.004455980772368385 0 0 0 1 2 0 0 0 0 1 2 0
0.004455980772368385 0 0 0 1 2 0 0 0 0 2 1 0
-0.006045805950876072 0 0 0 1 0 2 0 0 0 1 0 2
0.006045805950876072 0 0 0 1 0 2 0 0 0 2 0 1
0.004455980772368385 0 0 0 2 1 0 0 0 0 1 2 0
-0.004455980772368385 0 0 0 2 1 0 0 0 0 2 1 0
-0.000835751007126871 0 0 0 2 2 0 0 3 0 3 0 0
0.0008357510071269033 0 0 0 2 2 0 0 0 3 3 0 0
0.006045805950876072 0 0 0 2 0 1 0 0 0 1 0 2
-0.006045805950876072 0 0 0 2 0 1 0 0 0 2 0 1
0.7160060458611912 0 0 0 3 0 0 0 0 0 0 0 0
0.08075335461635448 0 0 0 3 3 0 0 0 0 0 0 0
0.08400206670546168 0 0 0 3 0 3 0 0 0 0 0 0
0.08482925992785445 0 0 0 3 0 0 3 0 0 0 0 0
0.09364246843887475 0 0 0 3 0 0 0 3 0 0 0 0
0.08540878632617589 0 0 0 3 0 0 0 0 3 0 0 0
0.0941212969334596 0 0 0 3 0 0 0 0 0 3 0 0
0.08520933538872288 0 0 0 3 0 0 0 0 0 0 3 0
0.09004787265633774 0 0 0 3 0 0 0 0 0 0 0 3
-0.00604580595087608 0 0 0 0 1 2 0 0 0 0 1 2
0.00604580595087608 0 0 0 0 1 2 0 0 0 0 2 1
0.00604580595087608 0 0 0 0 2 1 0 0 0 0 1 2
-0.00604580595087608 0 0 0 0 2 1 0 0 0 0 2 1
0.7160060458611899 0 0 0 0 3 0 0 0 0 0 0 0
0.08400206670546173 0 0 0 0 3 3 0 0 0 0 0 0
0.08482925992785449 0 0 0 0 3 0 3 0 0 0 0 0
0.08540878632617603 0 0 0 0 3 0 0 3 0 0 0 0
0.002205716094391685 0 0 0 0 3 0 0 3 0 1 1 0
0.002205716094391685 0 0 0 0 3 0 0 3 0 2 2 0
0.09364246843887472 0 0 0 0 3 0 0 0 3 0 0 0
-0.002205716094391671 0 0 0 0 3 0 0 0 3 1 1 0
-0.002205716094391671 0 0 0 0 3 0 0 0 3 2 2 0
0.08520933538872288 0 0 0 0 3 0 0 0 0 3 0 0
0.09412129693345966 0 0 0 0 3 0 0 0 0 0 3 0
0.09004787265633782 0 0 0 0 3 0 0 0 0 0 0 3
0.6262899129678992 0 0 0 0 0 3 0 0 0 0 0 0
0.09367153555666308 0 0 0 0 0 3 3 0 0 0 0 0
0.09168845302666578 0 0 0 0 0 3 0 3 0 0 0 0
0.09168845302666571 0 0 0 0 0 3 0 0 3 0 0 0
0.09004787265633774 0 0 0 0 0 3 0 0 0 3 0 0
0.09004787265633782 0 0 0 0 0 3 0 0 0 0 3 0
0.1018553066279591 0 0 0 0 0 3 0 0 0 0 0 3
0.8182296039041671 0 0 0 0 0 0 3 0 0 0 0 0
0.0790508112999865 0 0 0 0 0 0 3 3 0 0 0 0
0.07905081129998644 0 0 0 0 0 0 3 0 3 0 0 0
0.07891190637243484 0 0 0 0 0 0 3 0 0 3 0 0
0.0789119063724349 0 0 0 0 0 0 3 0 0 0 3 0
0.06853162139310492 0 0 0 0 0 0 3 0 0 0 0 3
0.7978380893509889 0 0 0 0 0 0 0 3 0 0 0 0
0.0821637104801 0 0 0 0 0 0 0 3 3 0 0 0
0.05964196727076886 0 0 0 0 0 0 0 3 0 3 0 0
0.08137232116470987 0 0 0 0 0 0 0 3 0 0 3 0
0.08675166808416629 0 0 0 0 0 0 0 3 0 0 0 3
0.7978380893509893 0 0 0 0 0 0 0 0 3 0 0 0
0.08137232116470973 0 0 0 0 0 0 0 0 3 3 0 0
0.05964196727076885 0 0 0 0 0 0 0 0 3 0 3 0
0.0867516680841662 0 0 0 0 0 0 0 0 3 0 0 3
0.7160060458611912 0 0 0 0 0 0 0 0 0 3 0 0
0.08075335461635448 0 0 0 0 0 0 0 0 0 3 3 0
0.08400206670546168 0 0 0 0 0 0 0 0 0 3 0 3
0.71600604586119 0 0 0 0 0 0 0 0 0 0 3 0
0.08400206670546173 0 0 0 0 0 0 0 0 0 0 3 3
0.6262899129678992 0 0 0 0 0 0 0 0 0 0 0 3
