-5085.663448978484 0 0 0 0 0 0 0 0 0 0 0 0
0.0010670131928882513 1 1 1 1 0 0 3 0 3 0 0 0
-0.03126975310836905 1 1 2 2 0 0 3 0 3 0 0 0
-0.005599950056955377 1 1 3 0 0 0 3 0 0 0 0 0
0.0055999500569553955 1 1 0 3 0 0 3 0 0 0 0 0
0.0037403814522542537 1 1 0 3 0 0 3 0 1 1 0 0
0.0037403814522542537 1 1 0 3 0 0 3 0 2 2 0 0
0.0013870231234120627 1 1 0 0 0 0 3 0 3 0 0 0
-0.001387023123412046 1 1 0 0 0 0 3 0 0 3 0 0
0.032336766301257286 1 2 2 1 0 0 3 0 3 0 0 0
-0.003957958117611772 1 2 0 0 0 0 1 2 0 0 0 0
0.003957958117611772 1 2 0 0 0 0 2 1 0 0 0 0
-0.030589115374012727 1 3 1 0 1 1 3 3 0 0 3 0
-0.030358534477615596 1 3 1 0 2 2 3 3 0 0 3 0
-0.03427411876199845 1 3 1 0 0 3 3 3 0 0 1 1
-0.03427411876199845 1 3 1 0 0 3 3 3 0 0 2 2
-0.03501013456062329 1 3 2 3 0 0 3 1 3 2 0 0
0.03501013456062329 1 3 2 3 0 0 3 2 3 1 0 0
-0.00023058089639713385 1 3 2 0 2 1 3 3 0 0 3 0
0.0069869731803674385 1 3 2 0 0 0 3 1 2 0 0 0
-0.0069869731803674385 1 3 2 0 0 0 3 2 1 0 0 0
-0.005488967096865402 1 3 3 1 1 1 3 3 3 0 3 0
-0.0054475912369225925 1 3 3 1 2 2 3 3 3 0 3 0
-0.006150210879210124 1 3 3 1 0 3 3 3 3 0 1 1
-0.006150210879210124 1 3 3 1 0 3 3 3 3 0 2 2
-4.1375859942810025e-05 1 3 3 2 2 1 3 3 3 0 3 0
0.0007026196422875319 1 3 3 3 2 3 3 3 3 1 3 2
-0.0007026196422875319 1 3 3 3 2 3 3 3 3 2 3 1
0.0006612437823447219 1 3 3 3 0 1 3 3 3 1 1 0
0.0006612437823447219 1 3 3 3 0 1 3 3 3 2 2 0
0.003915584284382863 1 3 3 0 2 3 3 3 1 0 3 2
-0.003915584284382863 1 3 3 0 2 3 3 3 2 0 3 1
0.0036850033879857295 1 3 3 0 0 1 3 3 1 0 1 0
0.0036850033879857295 1 3 3 0 0 1 3 3 2 0 2 0
-0.0026733682593660037 1 3 0 1 0 0 3 1 1 0 0 0
-0.0026733682593660037 1 3 0 1 0 0 3 2 2 0 0 0
-0.006986973180367441 1 3 0 2 0 0 3 1 0 2 0 0
0.006986973180367441 1 3 0 2 0 0 3 2 0 1 0 0
-0.006986973180367444 1 0 2 3 0 0 1 0 3 2 0 0
0.006986973180367444 1 0 2 3 0 0 2 0 3 1 0 0
-0.04286438170362787 1 0 2 0 0 0 1 0 2 0 0 0
0.04286438170362787 1 0 2 0 0 0 2 0 1 0 0 0
-0.006986973180367444 1 0 0 1 0 0 1 0 1 0 0 0
-0.006986973180367444 1 0 0 1 0 0 2 0 2 0 0 0
-0.0051808788836385684 1 0 0 2 0 0 1 0 0 2 0 0
0.0051808788836385684 1 0 0 2 0 0 2 0 0 1 0 0
-0.004055841820240504 1 0 0 0 2 0 1 0 0 0 2 0
0.004055841820240504 1 0 0 0 2 0 2 0 0 0 1 0
-0.004008354903457883 1 0 0 0 0 2 1 0 0 0 0 2
0.004008354903457883 1 0 0 0 0 2 2 0 0 0 0 1
0.032336766301257286 2 1 1 2 0 0 3 0 3 0 0 0
0.003957958117611772 2 1 0 0 0 0 1 2 0 0 0 0
-0.003957958117611772 2 1 0 0 0 0 2 1 0 0 0 0
-0.03126975310836905 2 2 1 1 0 0 3 0 3 0 0 0
0.0010670131928882513 2 2 2 2 0 0 3 0 3 0 0 0
-0.005599950056955377 2 2 3 0 0 0 3 0 0 0 0 0
0.0055999500569553955 2 2 0 3 0 0 3 0 0 0 0 0
0.0037403814522542537 2 2 0 3 0 0 3 0 1 1 0 0
0.0037403814522542537 2 2 0 3 0 0 3 0 2 2 0 0
0.0013870231234120627 2 2 0 0 0 0 3 0 3 0 0 0
-0.001387023123412046 2 2 0 0 0 0 3 0 0 3 0 0
0.03501013456062329 2 3 1 3 0 0 3 1 3 2 0 0
-0.03501013456062329 2 3 1 3 0 0 3 2 3 1 0 0
-0.00023058089639713385 2 3 1 0 1 2 3 3 0 0 3 0
-0.0069869731803674385 2 3 1 0 0 0 3 1 2 0 0 0
0.0069869731803674385 2 3 1 0 0 0 3 2 1 0 0 0
-0.030358534477615596 2 3 2 0 1 1 3 3 0 0 3 0
-0.030589115374012727 2 3 2 0 2 2 3 3 0 0 3 0
-0.03427411876199845 2 3 2 0 0 3 3 3 0 0 1 1
-0.03427411876199845 2 3 2 0 0 3 3 3 0 0 2 2
-4.1375859942810025e-05 2 3 3 1 1 2 3 3 3 0 3 0
-0.0054475912369225925 2 3 3 2 1 1 3 3 3 0 3 0
-0.005488967096865402 2 3 3 2 2 2 3 3 3 0 3 0
-0.006150210879210124 2 3 3 2 0 3 3 3 3 0 1 1
-0.006150210879210124 2 3 3 2 0 3 3 3 3 0 2 2
-0.0007026196422875319 2 3 3 3 1 3 3 3 3 1 3 2
0.0007026196422875319 2 3 3 3 1 3 3 3 3 2 3 1
0.0006612437823447219 2 3 3 3 0 2 3 3 3 1 1 0
0.0006612437823447219 2 3 3 3 0 2 3 3 3 2 2 0
-0.003915584284382863 2 3 3 0 1 3 3 3 1 0 3 2
0.003915584284382863 2 3 3 0 1 3 3 3 2 0 3 1
0.0036850033879857295 2 3 3 0 0 2 3 3 1 0 1 0
0.0036850033879857295 2 3 3 0 0 2 3 3 2 0 2 0
0.006986973180367441 2 3 0 1 0 0 3 1 0 2 0 0
-0.006986973180367441 2 3 0 1 0 0 3 2 0 1 0 0
-0.0026733682593660037 2 3 0 2 0 0 3 1 1 0 0 0
-0.0026733682593660037 2 3 0 2 0 0 3 2 2 0 0 0
0.006986973180367444 2 0 1 3 0 0 1 0 3 2 0 0
-0.006986973180367444 2 0 1 3 0 0 2 0 3 1 0 0
0.04286438170362787 2 0 1 0 0 0 1 0 2 0 0 0
-0.04286438170362787 2 0 1 0 0 0 2 0 1 0 0 0
0.0051808788836385684 2 0 0 1 0 0 1 0 0 2 0 0
-0.0051808788836385684 2 0 0 1 0 0 2 0 0 1 0 0
-0.006986973180367444 2 0 0 2 0 0 1 0 1 0 0 0
-0.006986973180367444 2 0 0 2 0 0 2 0 2 0 0 0
0.004055841820240504 2 0 0 0 1 0 1 0 0 0 2 0
-0.004055841820240504 2 0 0 0 1 0 2 0 0 0 1 0
0.004008354903457883 2 0 0 0 0 1 1 0 0 0 0 2
-0.004008354903457883 2 0 0 0 0 1 2 0 0 0 0 1
0.6721932152743841 3 0 0 0 0 0 0 0 0 0 0 0
0.07176597510800431 3 3 0 0 0 0 0 0 0 0 0 0
0.005599950056955392 3 0 1 1 0 0 0 0 3 0 0 0
0.005599950056955392 3 0 2 2 0 0 0 0 3 0 0 0
0.040674825553649804 3 0 3 0 0 0 0 0 0 0 0 0
0.0708775654691307 3 0 0 3 0 0 0 0 0 0 0 0
-0.0013870231234120517 3 0 0 3 0 0 0 0 1 1 0 0
-0.0013870231234120517 3 0 0 3 0 0 0 0 2 2 0 0
0.07226710949069334 3 0 0 0 3 0 0 0 0 0 0 0
0.07378570766870614 3 0 0 0 0 3 0 0 0 0 0 0
0.08363984946083979 3 0 0 0 0 0 3 0 0 0 0 0
0.07572393322561607 3 0 0 0 0 0 0 3 0 0 0 0
0.08353920725727766 3 0 0 0 0 0 0 0 3 0 0 0
0.07605844435276927 3 0 0 0 0 0 0 0 0 3 0 0
0.07632295131093383 3 0 0 0 0 0 0 0 0 0 3 0
0.07779406257216404 3 0 0 0 0 0 0 0 0 0 0 3
-0.0026733682593660037 0 1 1 3 0 0 1 0 3 1 0 0
-0.0026733682593660037 0 1 1 3 0 0 2 0 3 2 0 0
0.005488967096865414 0 1 1 0 1 1 0 3 0 0 3 0
0.005447591236922602 0 1 1 0 2 2 0 3 0 0 3 0
0.0061502108792101315 0 1 1 0 0 3 0 3 0 0 1 1
0.0061502108792101315 0 1 1 0 0 3 0 3 0 0 2 2
0.0069869731803674385 0 1 1 0 0 0 1 0 1 0 0 0
0.0069869731803674385 0 1 1 0 0 0 2 0 2 0 0 0
0.00698697318036744 0 1 2 3 0 0 0 1 3 2 0 0
-0.00698697318036744 0 1 2 3 0 0 0 2 3 1 0 0
4.137585994280929e-05 0 1 2 0 2 1 0 3 0 0 3 0
-0.005180878883638552 0 1 2 0 0 0 0 1 2 0 0 0
0.005180878883638552 0 1 2 0 0 0 0 2 1 0 0 0
-0.030589115374012738 0 1 3 1 1 1 0 3 3 0 3 0
-0.030358534477615603 0 1 3 1 2 2 0 3 3 0 3 0
-0.03427411876199846 0 1 3 1 0 3 0 3 3 0 1 1
-0.03427411876199846 0 1 3 1 0 3 0 3 3 0 2 2
-0.00023058089639713434 0 1 3 2 2 1 0 3 3 0 3 0
0.003915584284382861 0 1 3 3 2 3 0 3 3 1 3 2
-0.003915584284382861 0 1 3 3 2 3 0 3 3 2 3 1
0.003685003387985727 0 1 3 3 0 1 0 3 3 1 1 0
0.003685003387985727 0 1 3 3 0 1 0 3 3 2 2 0
-0.0007026196422875277 0 1 3 0 2 3 0 3 1 0 3 2
0.0007026196422875277 0 1 3 0 2 3 0 3 2 0 3 1
-0.0006612437823447184 0 1 3 0 0 1 0 3 1 0 1 0
-0.0006612437823447184 0 1 3 0 0 1 0 3 2 0 2 0
-0.006986973180367441 0 1 0 1 0 0 1 0 0 1 0 0
-0.006986973180367441 0 1 0 1 0 0 2 0 0 2 0 0
0.00698697318036744 0 1 0 1 0 0 0 1 1 0 0 0
0.00698697318036744 0 1 0 1 0 0 0 2 2 0 0 0
-0.03501013456062329 0 1 0 2 0 0 1 0 2 0 0 0
0.03501013456062329 0 1 0 2 0 0 2 0 1 0 0 0
-0.04286438170362784 0 1 0 2 0 0 0 1 0 2 0 0
0.04286438170362784 0 1 0 2 0 0 0 2 0 1 0 0
-0.0040558418202404955 0 1 0 0 2 0 0 1 0 0 2 0
0.0040558418202404955 0 1 0 0 2 0 0 2 0 0 1 0
-0.004008354903457874 0 1 0 0 0 2 0 1 0 0 0 2
0.004008354903457874 0 1 0 0 0 2 0 2 0 0 0 1
-0.00698697318036744 0 2 1 3 0 0 0 1 3 2 0 0
0.00698697318036744 0 2 1 3 0 0 0 2 3 1 0 0
4.137585994280929e-05 0 2 1 0 1 2 0 3 0 0 3 0
0.005180878883638552 0 2 1 0 0 0 0 1 2 0 0 0
-0.005180878883638552 0 2 1 0 0 0 0 2 1 0 0 0
-0.0026733682593660037 0 2 2 3 0 0 1 0 3 1 0 0
-0.0026733682593660037 0 2 2 3 0 0 2 0 3 2 0 0
0.005447591236922602 0 2 2 0 1 1 0 3 0 0 3 0
0.005488967096865414 0 2 2 0 2 2 0 3 0 0 3 0
0.0061502108792101315 0 2 2 0 0 3 0 3 0 0 1 1
0.0061502108792101315 0 2 2 0 0 3 0 3 0 0 2 2
0.0069869731803674385 0 2 2 0 0 0 1 0 1 0 0 0
0.0069869731803674385 0 2 2 0 0 0 2 0 2 0 0 0
-0.00023058089639713434 0 2 3 1 1 2 0 3 3 0 3 0
-0.030358534477615603 0 2 3 2 1 1 0 3 3 0 3 0
-0.030589115374012738 0 2 3 2 2 2 0 3 3 0 3 0
-0.03427411876199846 0 2 3 2 0 3 0 3 3 0 1 1
-0.03427411876199846 0 2 3 2 0 3 0 3 3 0 2 2
-0.003915584284382861 0 2 3 3 1 3 0 3 3 1 3 2
0.003915584284382861 0 2 3 3 1 3 0 3 3 2 3 1
0.003685003387985727 0 2 3 3 0 2 0 3 3 1 1 0
0.003685003387985727 0 2 3 3 0 2 0 3 3 2 2 0
0.0007026196422875277 0 2 3 0 1 3 0 3 1 0 3 2
-0.0007026196422875277 0 2 3 0 1 3 0 3 2 0 3 1
-0.0006612437823447184 0 2 3 0 0 2 0 3 1 0 1 0
-0.0006612437823447184 0 2 3 0 0 2 0 3 2 0 2 0
0.03501013456062329 0 2 0 1 0 0 1 0 2 0 0 0
-0.03501013456062329 0 2 0 1 0 0 2 0 1 0 0 0
0.04286438170362784 0 2 0 1 0 0 0 1 0 2 0 0
-0.04286438170362784 0 2 0 1 0 0 0 2 0 1 0 0
-0.006986973180367441 0 2 0 2 0 0 1 0 0 1 0 0
-0.006986973180367441 0 2 0 2 0 0 2 0 0 2 0 0
0.00698697318036744 0 2 0 2 0 0 0 1 1 0 0 0
0.00698697318036744 0 2 0 2 0 0 0 2 2 0 0 0
0.0040558418202404955 0 2 0 0 1 0 0 1 0 0 2 0
-0.0040558418202404955 0 2 0 0 1 0 0 2 0 0 1 0
0.004008354903457874 0 2 0 0 0 1 0 1 0 0 0 2
-0.004008354903457874 0 2 0 0 0 1 0 2 0 0 0 1
0.672193215274384 0 3 0 0 0 0 0 0 0 0 0 0
0.0037403814522542537 0 3 1 1 0 0 1 1 3 0 0 0
0.0037403814522542537 0 3 1 1 0 0 2 2 3 0 0 0
-0.00559995005695538 0 3 1 1 0 0 0 0 3 0 0 0
0.0036850033879857295 0 3 1 0 1 3 1 3 0 0 3 1
0.0036850033879857295 0 3 1 0 1 3 2 3 0 0 3 2
0.003915584284382863 0 3 1 0 0 2 1 3 0 0 2 0
-0.003915584284382863 0 3 1 0 0 2 2 3 0 0 1 0
0.0037403814522542537 0 3 2 2 0 0 1 1 3 0 0 0
0.0037403814522542537 0 3 2 2 0 0 2 2 3 0 0 0
-0.00559995005695538 0 3 2 2 0 0 0 0 3 0 0 0
0.0036850033879857295 0 3 2 0 2 3 1 3 0 0 3 1
0.0036850033879857295 0 3 2 0 2 3 2 3 0 0 3 2
-0.003915584284382863 0 3 2 0 0 1 1 3 0 0 2 0
0.003915584284382863 0 3 2 0 0 1 2 3 0 0 1 0
0.07087756546913047 0 3 3 0 0 0 0 0 0 0 0 0
0.0006612437823447219 0 3 3 1 1 3 1 3 3 0 3 1
0.0006612437823447219 0 3 3 1 1 3 2 3 3 0 3 2
0.0007026196422875319 0 3 3 1 0 2 1 3 3 0 2 0
-0.0007026196422875319 0 3 3 1 0 2 2 3 3 0 1 0
0.0006612437823447219 0 3 3 2 2 3 1 3 3 0 3 1
0.0006612437823447219 0 3 3 2 2 3 2 3 3 0 3 2
-0.0007026196422875319 0 3 3 2 0 1 1 3 3 0 2 0
0.0007026196422875319 0 3 3 2 0 1 2 3 3 0 1 0
-0.006150210879210124 0 3 3 3 1 1 1 3 3 1 3 0
-0.006150210879210124 0 3 3 3 1 1 2 3 3 2 3 0
-0.006150210879210124 0 3 3 3 2 2 1 3 3 1 3 0
-0.006150210879210124 0 3 3 3 2 2 2 3 3 2 3 0
-0.005488967096865402 0 3 3 3 0 3 1 3 3 1 1 1
-0.0054475912369225925 0 3 3 3 0 3 1 3 3 1 2 2
-4.1375859942810025e-05 0 3 3 3 0 3 1 3 3 2 2 1
-4.1375859942810025e-05 0 3 3 3 0 3 2 3 3 1 1 2
-0.0054475912369225925 0 3 3 3 0 3 2 3 3 2 1 1
-0.005488967096865402 0 3 3 3 0 3 2 3 3 2 2 2
-0.03427411876199845 0 3 3 0 1 1 1 3 1 0 3 0
-0.03427411876199845 0 3 3 0 1 1 2 3 2 0 3 0
-0.03427411876199845 0 3 3 0 2 2 1 3 1 0 3 0
-0.03427411876199845 0 3 3 0 2 2 2 3 2 0 3 0
-0.030589115374012727 0 3 3 0 0 3 1 3 1 0 1 1
-0.030358534477615596 0 3 3 0 0 3 1 3 1 0 2 2
-0.00023058089639713385 0 3 3 0 0 3 1 3 2 0 2 1
-0.00023058089639713385 0 3 3 0 0 3 2 3 1 0 1 2
-0.030358534477615596 0 3 3 0 0 3 2 3 2 0 1 1
-0.030589115374012727 0 3 3 0 0 3 2 3 2 0 2 2
0.0013870231234120627 0 3 3 0 0 0 1 1 0 0 0 0
0.0013870231234120627 0 3 3 0 0 0 2 2 0 0 0 0
0.04067482555364982 0 3 0 3 0 0 0 0 0 0 0 0
-0.001387023123412046 0 3 0 3 0 0 1 1 0 0 0 0
0.0010670131928882513 0 3 0 3 0 0 1 1 1 1 0 0
-0.03126975310836905 0 3 0 3 0 0 1 1 2 2 0 0
0.032336766301257286 0 3 0 3 0 0 1 2 2 1 0 0
0.032336766301257286 0 3 0 3 0 0 2 1 1 2 0 0
-0.001387023123412046 0 3 0 3 0 0 2 2 0 0 0 0
-0.03126975310836905 0 3 0 3 0 0 2 2 1 1 0 0
0.0010670131928882513 0 3 0 3 0 0 2 2 2 2 0 0
0.0013870231234120608 0 3 0 3 0 0 0 0 1 1 0 0
0.0013870231234120608 0 3 0 3 0 0 0 0 2 2 0 0
0.0722671094906932 0 3 0 0 3 0 0 0 0 0 0 0
0.07378570766870603 0 3 0 0 0 3 0 0 0 0 0 0
-0.005599950056955377 0 3 0 0 0 0 1 1 3 0 0 0
0.0055999500569553955 0 3 0 0 0 0 1 1 0 3 0 0
-0.005599950056955377 0 3 0 0 0 0 2 2 3 0 0 0
0.0055999500569553955 0 3 0 0 0 0 2 2 0 3 0 0
0.07572393322561607 0 3 0 0 0 0 3 0 0 0 0 0
0.0836398494608395 0 3 0 0 0 0 0 3 0 0 0 0
0.07605844435276903 0 3 0 0 0 0 0 0 3 0 0 0
0.08353920725727766 0 3 0 0 0 0 0 0 0 3 0 0
0.0763229513109337 0 3 0 0 0 0 0 0 0 0 3 0
0.0777940625721639 0 3 0 0 0 0 0 0 0 0 0 3
-0.0013870231234120517 0 0 1 1 0 0 3 0 3 0 0 0
0.0013870231234120608 0 0 1 1 0 0 0 3 3 0 0 0
-0.004021819340663777 0 0 1 2 0 0 0 0 1 2 0 0
0.004021819340663777 0 0 1 2 0 0 0 0 2 1 0 0
-0.0006612437823447184 0 0 1 0 1 3 0 1 0 0 3 1
-0.0006612437823447184 0 0 1 0 1 3 0 2 0 0 3 2
-0.003847942368058917 0 0 1 0 2 0 0 0 1 0 2 0
0.003847942368058917 0 0 1 0 2 0 0 0 2 0 1 0
-0.0007026196422875277 0 0 1 0 0 2 0 1 0 0 2 0
0.0007026196422875277 0 0 1 0 0 2 0 2 0 0 1 0
-0.004255957319495893 0 0 1 0 0 2 0 0 1 0 0 2
0.004255957319495893 0 0 1 0 0 2 0 0 2 0 0 1
0.004021819340663777 0 0 2 1 0 0 0 0 1 2 0 0
-0.004021819340663777 0 0 2 1 0 0 0 0 2 1 0 0
-0.0013870231234120517 0 0 2 2 0 0 3 0 3 0 0 0
0.0013870231234120608 0 0 2 2 0 0 0 3 3 0 0 0
0.003847942368058917 0 0 2 0 1 0 0 0 1 0 2 0
-0.003847942368058917 0 0 2 0 1 0 0 0 2 0 1 0
-0.0006612437823447184 0 0 2 0 2 3 0 1 0 0 3 1
-0.0006612437823447184 0 0 2 0 2 3 0 2 0 0 3 2
0.0007026196422875277 0 0 2 0 0 1 0 1 0 0 2 0
-0.0007026196422875277 0 0 2 0 0 1 0 2 0 0 1 0
0.004255957319495893 0 0 2 0 0 1 0 0 1 0 0 2
-0.004255957319495893 0 0 2 0 0 1 0 0 2 0 0 1
0.6667801533706847 0 0 3 0 0 0 0 0 0 0 0 0
0.003685003387985727 0 0 3 1 1 3 0 1 3 0 3 1
0.003685003387985727 0 0 3 1 1 3 0 2 3 0 3 2
0.003915584284382861 0 0 3 1 0 2 0 1 3 0 2 0
-0.003915584284382861 0 0 3 1 0 2 0 2 3 0 1 0
0.003685003387985727 0 0 3 2 2 3 0 1 3 0 3 1
0.003685003387985727 0 0 3 2 2 3 0 2 3 0 3 2
-0.003915584284382861 0 0 3 2 0 1 0 1 3 0 2 0
0.003915584284382861 0 0 3 2 0 1 0 2 3 0 1 0
0.07187957059026757 0 0 3 3 0 0 0 0 0 0 0 0
-0.03427411876199846 0 0 3 3 1 1 0 1 3 1 3 0
-0.03427411876199846 0 0 3 3 1 1 0 2 3 2 3 0
-0.03427411876199846 0 0 3 3 2 2 0 1 3 1 3 0
-0.03427411876199846 0 0 3 3 2 2 0 2 3 2 3 0
-0.030589115374012738 0 0 3 3 0 3 0 1 3 1 1 1
-0.030358534477615603 0 0 3 3 0 3 0 1 3 1 2 2
-0.00023058089639713434 0 0 3 3 0 3 0 1 3 2 2 1
-0.00023058089639713434 0 0 3 3 0 3 0 2 3 1 1 2
-0.030358534477615603 0 0 3 3 0 3 0 2 3 2 1 1
-0.030589115374012738 0 0 3 3 0 3 0 2 3 2 2 2
0.0061502108792101315 0 0 3 0 1 1 0 1 1 0 3 0
0.0061502108792101315 0 0 3 0 1 1 0 2 2 0 3 0
0.0061502108792101315 0 0 3 0 2 2 0 1 1 0 3 0
0.0061502108792101315 0 0 3 0 2 2 0 2 2 0 3 0
0.07247940289741833 0 0 3 0 3 0 0 0 0 0 0 0
0.0735303801165624 0 0 3 0 0 3 0 0 0 0 0 0
0.005488967096865414 0 0 3 0 0 3 0 1 1 0 1 1
0.005447591236922602 0 0 3 0 0 3 0 1 1 0 2 2
4.137585994280929e-05 0 0 3 0 0 3 0 1 2 0 2 1
4.137585994280929e-05 0 0 3 0 0 3 0 2 1 0 1 2
0.005447591236922602 0 0 3 0 0 3 0 2 2 0 1 1
0.005488967096865414 0 0 3 0 0 3 0 2 2 0 2 2
0.08353920725727766 0 0 3 0 0 0 3 0 0 0 0 0
0.07605844435276903 0 0 3 0 0 0 0 3 0 0 0 0
0.0839450286122588 0 0 3 0 0 0 0 0 3 0 0 0
0.07590138993093135 0 0 3 0 0 0 0 0 0 3 0 0
0.07632734526547724 0 0 3 0 0 0 0 0 0 0 3 0
0.0777863374360583 0 0 3 0 0 0 0 0 0 0 0 3
-0.003847942368058923 0 0 0 1 2 0 0 0 0 1 2 0
0.003847942368058923 0 0 0 1 2 0 0 0 0 2 1 0
-0.004255957319495902 0 0 0 1 0 2 0 0 0 1 0 2
0.004255957319495902 0 0 0 1 0 2 0 0 0 2 0 1
0.003847942368058923 0 0 0 2 1 0 0 0 0 1 2 0
-0.003847942368058923 0 0 0 2 1 0 0 0 0 2 1 0
0.004255957319495902 0 0 0 2 0 1 0 0 0 1 0 2
-0.004255957319495902 0 0 0 2 0 1 0 0 0 2 0 1
0.6667801533706882 0 0 0 3 0 0 0 0 0 0 0 0
0.07247940289741844 0 0 0 3 3 0 0 0 0 0 0 0
0.07353038011656252 0 0 0 3 0 3 0 0 0 0 0 0
0.07605844435276927 0 0 0 3 0 0 3 0 0 0 0 0
0.005599950056955392 0 0 0 3 0 0 3 0 1 1 0 0
0.005599950056955392 0 0 0 3 0 0 3 0 2 2 0 0
0.08353920725727766 0 0 0 3 0 0 0 3 0 0 0 0
-0.00559995005695538 0 0 0 3 0 0 0 3 1 1 0 0
-0.00559995005695538 0 0 0 3 0 0 0 3 2 2 0 0
0.07590138993093135 0 0 0 3 0 0 0 0 3 0 0 0
0.08394502861225907 0 0 0 3 0 0 0 0 0 3 0 0
0.07632734526547735 0 0 0 3 0 0 0 0 0 0 3 0
0.07778633743605842 0 0 0 3 0 0 0 0 0 0 0 3
-0.04082630190063453 0 0 0 0 1 2 0 0 0 0 1 2
0.04082630190063453 0 0 0 0 1 2 0 0 0 0 2 1
0.04082630190063453 0 0 0 0 2 1 0 0 0 0 1 2
-0.04082630190063453 0 0 0 0 2 1 0 0 0 0 2 1
0.6951578598369954 0 0 0 0 3 0 0 0 0 0 0 0
0.04548445544535705 0 0 0 0 3 3 0 0 0 0 0 0
0.07632295131093383 0 0 0 0 3 0 3 0 0 0 0 0
0.0763229513109337 0 0 0 0 3 0 0 3 0 0 0 0
0.07632734526547724 0 0 0 0 3 0 0 0 3 0 0 0
0.07632734526547735 0 0 0 0 3 0 0 0 0 3 0 0
0.08548793264348593 0 0 0 0 3 0 0 0 0 0 3 0
0.08631075734599157 0 0 0 0 3 0 0 0 0 0 0 3
0.6633912114280692 0 0 0 0 0 3 0 0 0 0 0 0
0.07779406257216404 0 0 0 0 0 3 3 0 0 0 0 0
0.0777940625721639 0 0 0 0 0 3 0 3 0 0 0 0
0.0777863374360583 0 0 0 0 0 3 0 0 3 0 0 0
0.07778633743605842 0 0 0 0 0 3 0 0 0 3 0 0
0.08631075734599157 0 0 0 0 0 3 0 0 0 0 3 0
0.08807914687307593 0 0 0 0 0 3 0 0 0 0 0 3
0.6721932152743841 0 0 0 0 0 0 3 0 0 0 0 0
0.07176597510800431 0 0 0 0 0 0 3 3 0 0 0 0
0.040674825553649804 0 0 0 0 0 0 3 0 3 0 0 0
0.0708775654691307 0 0 0 0 0 0 3 0 0 3 0 0
0.07226710949069334 0 0 0 0 0 0 3 0 0 0 3 0
0.07378570766870614 0 0 0 0 0 0 3 0 0 0 0 3
0.6721932152743839 0 0 0 0 0 0 0 3 0 0 0 0
0.07087756546913047 0 0 0 0 0 0 0 3 3 0 0 0
0.04067482555364982 0 0 0 0 0 0 0 3 0 3 0 0
0.0722671094906932 0 0 0 0 0 0 0 3 0 0 3 0
0.07378570766870603 0 0 0 0 0 0 0 3 0 0 0 3
0.6667801533706847 0 0 0 0 0 0 0 0 3 0 0 0
0.07187957059026757 0 0 0 0 0 0 0 0 3 3 0 0
0.07247940289741833 0 0 0 0 0 0 0 0 3 0 3 0
0.0735303801165624 0 0 0 0 0 0 0 0 3 0 0 3
0.6667801533706881 0 0 0 0 0 0 0 0 0 3 0 0
0.07247940289741844 0 0 0 0 0 0 0 0 0 3 3 0
0.07353038011656252 0 0 0 0 0 0 0 0 0 3 0 3
0.6951578598369955 0 0 0 0 0 0 0 0 0 0 3 0
0.04548445544535705 0 0 0 0 0 0 0 0 0 0 3 3
0.663391211428069 0 0 0 0 0 0 0 0 0 0 0 3
