-5085.470177877699 0 0 0 0 0 0 0 0 0 0 0 0
-0.015119847800960958 1 1 0 1 3 1 3 0 0 3 3 0
0.00031328937176130665 1 1 0 2 3 2 3 0 0 3 3 0
0.020831604563405222 1 1 0 0 1 1 3 0 0 0 3 0
-0.00043163928581571934 1 1 0 0 2 2 3 0 0 0 3 0
0.0021773456531303578 1 1 0 0 3 3 3 0 0 1 3 1
0.0021773456531303578 1 1 0 0 3 3 3 0 0 2 3 2
-0.002999871707767986 1 1 0 0 0 3 3 0 0 0 1 1
-0.002999871707767986 1 1 0 0 0 3 3 0 0 0 2 2
-0.015433137172722261 1 2 0 2 3 1 3 0 0 3 3 0
0.02126324384922094 1 2 0 0 2 1 3 0 0 0 3 0
-0.004498450849610674 1 2 0 0 0 0 1 2 0 0 0 0
0.004498450849610674 1 2 0 0 0 0 2 1 0 0 0 0
-0.0208316045634052 1 3 1 1 3 1 3 3 0 3 3 0
0.00043163928581571934 1 3 1 2 3 2 3 3 0 3 3 0
-0.015119847800960956 1 3 1 0 1 1 3 3 0 0 3 0
0.00031328937176130773 1 3 1 0 2 2 3 3 0 0 3 0
0.002999871707767984 1 3 1 0 3 3 3 3 0 1 3 1
0.002999871707767984 1 3 1 0 3 3 3 3 0 2 3 2
0.0021773456531303573 1 3 1 0 0 3 3 3 0 0 1 1
0.0021773456531303573 1 3 1 0 0 3 3 3 0 0 2 2
-0.02126324384922092 1 3 2 2 3 1 3 3 0 3 3 0
-0.01543313717272226 1 3 2 0 2 1 3 3 0 0 3 0
-0.002568232421952264 1 3 3 2 3 3 3 3 1 3 3 2
0.002568232421952264 1 3 3 2 3 3 3 3 2 3 3 1
-0.0018640562813690498 1 3 3 0 2 3 3 3 1 0 3 2
0.0018640562813690498 1 3 3 0 2 3 3 3 2 0 3 1
-0.023831476271173182 1 3 3 0 3 1 3 3 1 1 3 0
-0.023831476271173182 1 3 3 0 3 1 3 3 2 2 3 0
-0.017297193454091312 1 3 3 0 0 1 3 3 1 0 1 0
-0.017297193454091312 1 3 3 0 0 1 3 3 2 0 2 0
-0.0018640562813690509 1 3 0 2 3 3 3 1 0 3 3 2
0.0018640562813690509 1 3 0 2 3 3 3 2 0 3 3 1
0.0025682324219522667 1 3 0 0 2 3 3 1 0 0 3 2
-0.0025682324219522667 1 3 0 0 2 3 3 2 0 0 3 1
-0.017297193454091316 1 3 0 0 3 1 3 1 0 1 3 0
-0.017297193454091316 1 3 0 0 3 1 3 2 0 2 3 0
0.023831476271173206 1 3 0 0 0 1 3 1 0 0 1 0
0.023831476271173206 1 3 0 0 0 1 3 2 0 0 2 0
-0.00449845084961067 1 0 2 0 0 0 1 0 2 0 0 0
0.00449845084961067 1 0 2 0 0 0 2 0 1 0 0 0
-0.004185354250063721 1 0 0 2 0 0 1 0 0 2 0 0
0.004185354250063721 1 0 0 2 0 0 2 0 0 1 0 0
-0.004185354250063722 1 0 0 0 2 0 1 0 0 0 2 0
0.004185354250063722 1 0 0 0 2 0 2 0 0 0 1 0
-0.03390547316054265 1 0 0 0 0 2 1 0 0 0 0 2
0.03390547316054265 1 0 0 0 0 2 2 0 0 0 0 1
-0.015433137172722261 2 1 0 1 3 2 3 0 0 3 3 0
0.02126324384922094 2 1 0 0 1 2 3 0 0 0 3 0
0.004498450849610674 2 1 0 0 0 0 1 2 0 0 0 0
-0.004498450849610674 2 1 0 0 0 0 2 1 0 0 0 0
0.00031328937176130665 2 2 0 1 3 1 3 0 0 3 3 0
-0.015119847800960958 2 2 0 2 3 2 3 0 0 3 3 0
-0.00043163928581571934 2 2 0 0 1 1 3 0 0 0 3 0
0.020831604563405222 2 2 0 0 2 2 3 0 0 0 3 0
0.0021773456531303578 2 2 0 0 3 3 3 0 0 1 3 1
0.0021773456531303578 2 2 0 0 3 3 3 0 0 2 3 2
-0.002999871707767986 2 2 0 0 0 3 3 0 0 0 1 1
-0.002999871707767986 2 2 0 0 0 3 3 0 0 0 2 2
-0.02126324384922092 2 3 1 1 3 2 3 3 0 3 3 0
-0.01543313717272226 2 3 1 0 1 2 3 3 0 0 3 0
0.00043163928581571934 2 3 2 1 3 1 3 3 0 3 3 0
-0.0208316045634052 2 3 2 2 3 2 3 3 0 3 3 0
0.00031328937176130773 2 3 2 0 1 1 3 3 0 0 3 0
-0.015119847800960956 2 3 2 0 2 2 3 3 0 0 3 0
0.002999871707767984 2 3 2 0 3 3 3 3 0 1 3 1
0.002999871707767984 2 3 2 0 3 3 3 3 0 2 3 2
0.0021773456531303573 2 3 2 0 0 3 3 3 0 0 1 1
0.0021773456531303573 2 3 2 0 0 3 3 3 0 0 2 2
0.002568232421952264 2 3 3 1 3 3 3 3 1 3 3 2
-0.002568232421952264 2 3 3 1 3 3 3 3 2 3 3 1
0.0018640562813690498 2 3 3 0 1 3 3 3 1 0 3 2
-0.0018640562813690498 2 3 3 0 1 3 3 3 2 0 3 1
-0.023831476271173182 2 3 3 0 3 2 3 3 1 1 3 0
-0.023831476271173182 2 3 3 0 3 2 3 3 2 2 3 0
-0.017297193454091312 2 3 3 0 0 2 3 3 1 0 1 0
-0.017297193454091312 2 3 3 0 0 2 3 3 2 0 2 0
0.0018640562813690509 2 3 0 1 3 3 3 1 0 3 3 2
-0.0018640562813690509 2 3 0 1 3 3 3 2 0 3 3 1
-0.0025682324219522667 2 3 0 0 1 3 3 1 0 0 3 2
0.0025682324219522667 2 3 0 0 1 3 3 2 0 0 3 1
-0.017297193454091316 2 3 0 0 3 2 3 1 0 1 3 0
-0.017297193454091316 2 3 0 0 3 2 3 2 0 2 3 0
0.023831476271173206 2 3 0 0 0 2 3 1 0 0 1 0
0.023831476271173206 2 3 0 0 0 2 3 2 0 0 2 0
0.00449845084961067 2 0 1 0 0 0 1 0 2 0 0 0
-0.00449845084961067 2 0 1 0 0 0 2 0 1 0 0 0
0.004185354250063721 2 0 0 1 0 0 1 0 0 2 0 0
-0.004185354250063721 2 0 0 1 0 0 2 0 0 1 0 0
0.004185354250063722 2 0 0 0 1 0 1 0 0 0 2 0
-0.004185354250063722 2 0 0 0 1 0 2 0 0 0 1 0
0.03390547316054265 2 0 0 0 0 1 1 0 0 0 0 2
-0.03390547316054265 2 0 0 0 0 1 2 0 0 0 0 1
0.7549833881478097 3 0 0 0 0 0 0 0 0 0 0 0
0.07581583674704943 3 3 0 0 0 0 0 0 0 0 0 0
0.07581583674704935 3 0 3 0 0 0 0 0 0 0 0 0
0.07603478136762959 3 0 0 3 0 0 0 0 0 0 0 0
0.07603478136762967 3 0 0 0 3 0 0 0 0 0 0 0
0.05693366728416336 3 0 0 0 0 3 0 0 0 0 0 0
0.09020511260218228 3 0 0 0 0 0 3 0 0 0 0 0
0.0803142875966601 3 0 0 0 0 0 0 3 0 0 0 0
0.08031428759666004 3 0 0 0 0 0 0 0 3 0 0 0
0.08022013561769331 3 0 0 0 0 0 0 0 0 3 0 0
0.0802201356176934 3 0 0 0 0 0 0 0 0 0 3 0
0.090839140444706 3 0 0 0 0 0 0 0 0 0 0 3
0.01854631683747962 0 1 1 1 1 0 0 3 0 3 0 0
-0.009849177790403892 0 1 1 2 2 0 0 3 0 3 0 0
0.013340140748257186 0 1 1 3 0 0 0 3 0 0 0 0
-0.013340140748257207 0 1 1 0 3 0 0 3 0 0 0 0
-0.0012528478655910711 0 1 1 0 3 0 0 3 0 1 1 0
-0.0012528478655910711 0 1 1 0 3 0 0 3 0 2 2 0
-0.0038433711988905455 0 1 1 0 0 0 0 3 0 3 0 0
0.0038433711988905307 0 1 1 0 0 0 0 3 0 0 3 0
0.028395494627883516 0 1 2 2 1 0 0 3 0 3 0 0
-0.0039536249745041165 0 1 2 0 0 0 0 1 2 0 0 0
0.0039536249745041165 0 1 2 0 0 0 0 2 1 0 0 0
-0.008596329924812822 0 1 3 2 3 0 0 3 1 3 2 0
0.008596329924812822 0 1 3 2 3 0 0 3 2 3 1 0
-0.017183511947147734 0 1 3 2 0 0 0 3 1 2 0 0
0.017183511947147734 0 1 3 2 0 0 0 3 2 1 0 0
0.019799164703070696 0 1 3 0 1 0 0 3 1 1 0 0
0.019799164703070696 0 1 3 0 1 0 0 3 2 2 0 0
0.017183511947147737 0 1 3 0 2 0 0 3 1 0 2 0
-0.017183511947147737 0 1 3 0 2 0 0 3 2 0 1 0
-0.017297193454091316 0 1 0 1 3 3 1 0 0 3 3 1
-0.017297193454091316 0 1 0 1 3 3 2 0 0 3 3 2
0.01718351194714774 0 1 0 2 3 0 0 1 0 3 2 0
-0.01718351194714774 0 1 0 2 3 0 0 2 0 3 1 0
-0.016347700146042015 0 1 0 2 0 0 0 1 0 2 0 0
0.016347700146042015 0 1 0 2 0 0 0 2 0 1 0 0
0.023831476271173206 0 1 0 0 1 3 1 0 0 0 3 1
0.023831476271173206 0 1 0 0 1 3 2 0 0 0 3 2
0.017183511947147744 0 1 0 0 1 0 0 1 0 1 0 0
0.017183511947147744 0 1 0 0 1 0 0 2 0 2 0 0
-0.027550534924299905 0 1 0 0 2 0 0 1 0 0 2 0
0.027550534924299905 0 1 0 0 2 0 0 2 0 0 1 0
-0.0018640562813690509 0 1 0 0 3 2 1 0 0 2 3 0
0.0018640562813690509 0 1 0 0 3 2 2 0 0 1 3 0
0.0025682324219522667 0 1 0 0 0 2 1 0 0 0 2 0
-0.0025682324219522667 0 1 0 0 0 2 2 0 0 0 1 0
-0.004264509806118054 0 1 0 0 0 2 0 1 0 0 0 2
0.004264509806118054 0 1 0 0 0 2 0 2 0 0 0 1
0.028395494627883516 0 2 1 1 2 0 0 3 0 3 0 0
0.0039536249745041165 0 2 1 0 0 0 0 1 2 0 0 0
-0.0039536249745041165 0 2 1 0 0 0 0 2 1 0 0 0
-0.009849177790403892 0 2 2 1 1 0 0 3 0 3 0 0
0.01854631683747962 0 2 2 2 2 0 0 3 0 3 0 0
0.013340140748257186 0 2 2 3 0 0 0 3 0 0 0 0
-0.013340140748257207 0 2 2 0 3 0 0 3 0 0 0 0
-0.0012528478655910711 0 2 2 0 3 0 0 3 0 1 1 0
-0.0012528478655910711 0 2 2 0 3 0 0 3 0 2 2 0
-0.0038433711988905455 0 2 2 0 0 0 0 3 0 3 0 0
0.0038433711988905307 0 2 2 0 0 0 0 3 0 0 3 0
0.008596329924812822 0 2 3 1 3 0 0 3 1 3 2 0
-0.008596329924812822 0 2 3 1 3 0 0 3 2 3 1 0
0.017183511947147734 0 2 3 1 0 0 0 3 1 2 0 0
-0.017183511947147734 0 2 3 1 0 0 0 3 2 1 0 0
-0.017183511947147737 0 2 3 0 1 0 0 3 1 0 2 0
0.017183511947147737 0 2 3 0 1 0 0 3 2 0 1 0
0.019799164703070696 0 2 3 0 2 0 0 3 1 1 0 0
0.019799164703070696 0 2 3 0 2 0 0 3 2 2 0 0
-0.01718351194714774 0 2 0 1 3 0 0 1 0 3 2 0
0.01718351194714774 0 2 0 1 3 0 0 2 0 3 1 0
0.016347700146042015 0 2 0 1 0 0 0 1 0 2 0 0
-0.016347700146042015 0 2 0 1 0 0 0 2 0 1 0 0
-0.017297193454091316 0 2 0 2 3 3 1 0 0 3 3 1
-0.017297193454091316 0 2 0 2 3 3 2 0 0 3 3 2
0.027550534924299905 0 2 0 0 1 0 0 1 0 0 2 0
-0.027550534924299905 0 2 0 0 1 0 0 2 0 0 1 0
0.023831476271173206 0 2 0 0 2 3 1 0 0 0 3 1
0.023831476271173206 0 2 0 0 2 3 2 0 0 0 3 2
0.017183511947147744 0 2 0 0 2 0 0 1 0 1 0 0
0.017183511947147744 0 2 0 0 2 0 0 2 0 2 0 0
0.0018640562813690509 0 2 0 0 3 1 1 0 0 2 3 0
-0.0018640562813690509 0 2 0 0 3 1 2 0 0 1 3 0
-0.0025682324219522667 0 2 0 0 0 1 1 0 0 0 2 0
0.0025682324219522667 0 2 0 0 0 1 2 0 0 0 1 0
0.004264509806118054 0 2 0 0 0 1 0 1 0 0 0 2
-0.004264509806118054 0 2 0 0 0 1 0 2 0 0 0 1
0.7149525543473367 0 3 0 0 0 0 0 0 0 0 0 0
-0.023831476271173182 0 3 1 1 3 3 1 3 0 3 3 1
-0.023831476271173182 0 3 1 1 3 3 2 3 0 3 3 2
-0.017297193454091312 0 3 1 0 1 3 1 3 0 0 3 1
-0.017297193454091312 0 3 1 0 1 3 2 3 0 0 3 2
-0.002568232421952264 0 3 1 0 3 2 1 3 0 2 3 0
0.002568232421952264 0 3 1 0 3 2 2 3 0 1 3 0
-0.0018640562813690498 0 3 1 0 0 2 1 3 0 0 2 0
0.0018640562813690498 0 3 1 0 0 2 2 3 0 0 1 0
-0.023831476271173182 0 3 2 2 3 3 1 3 0 3 3 1
-0.023831476271173182 0 3 2 2 3 3 2 3 0 3 3 2
-0.017297193454091312 0 3 2 0 2 3 1 3 0 0 3 1
-0.017297193454091312 0 3 2 0 2 3 2 3 0 0 3 2
0.002568232421952264 0 3 2 0 3 1 1 3 0 2 3 0
-0.002568232421952264 0 3 2 0 3 1 2 3 0 1 3 0
0.0018640562813690498 0 3 2 0 0 1 1 3 0 0 2 0
-0.0018640562813690498 0 3 2 0 0 1 2 3 0 0 1 0
0.07579709199254088 0 3 3 0 0 0 0 0 0 0 0 0
0.002999871707767984 0 3 3 1 3 1 1 3 1 3 3 0
0.002999871707767984 0 3 3 1 3 1 2 3 2 3 3 0
0.002999871707767984 0 3 3 2 3 2 1 3 1 3 3 0
0.002999871707767984 0 3 3 2 3 2 2 3 2 3 3 0
0.0021773456531303573 0 3 3 0 1 1 1 3 1 0 3 0
0.0021773456531303573 0 3 3 0 1 1 2 3 2 0 3 0
0.0021773456531303573 0 3 3 0 2 2 1 3 1 0 3 0
0.0021773456531303573 0 3 3 0 2 2 2 3 2 0 3 0
-0.0208316045634052 0 3 3 0 3 3 1 3 1 1 3 1
0.00043163928581571934 0 3 3 0 3 3 1 3 1 2 3 2
-0.02126324384922092 0 3 3 0 3 3 1 3 2 2 3 1
-0.02126324384922092 0 3 3 0 3 3 2 3 1 1 3 2
0.00043163928581571934 0 3 3 0 3 3 2 3 2 1 3 1
-0.0208316045634052 0 3 3 0 3 3 2 3 2 2 3 2
-0.015119847800960956 0 3 3 0 0 3 1 3 1 0 1 1
0.00031328937176130773 0 3 3 0 0 3 1 3 1 0 2 2
-0.01543313717272226 0 3 3 0 0 3 1 3 2 0 2 1
-0.01543313717272226 0 3 3 0 0 3 2 3 1 0 1 2
0.00031328937176130773 0 3 3 0 0 3 2 3 2 0 1 1
-0.015119847800960956 0 3 3 0 0 3 2 3 2 0 2 2
-0.013340140748257201 0 3 0 1 1 0 0 0 0 3 0 0
0.0021773456531303578 0 3 0 1 3 1 1 1 0 3 3 0
0.0021773456531303578 0 3 0 1 3 1 2 2 0 3 3 0
-0.013340140748257201 0 3 0 2 2 0 0 0 0 3 0 0
0.0021773456531303578 0 3 0 2 3 2 1 1 0 3 3 0
0.0021773456531303578 0 3 0 2 3 2 2 2 0 3 3 0
0.06625407770964582 0 3 0 3 0 0 0 0 0 0 0 0
-0.002999871707767986 0 3 0 0 1 1 1 1 0 0 3 0
-0.002999871707767986 0 3 0 0 1 1 2 2 0 0 3 0
-0.002999871707767986 0 3 0 0 2 2 1 1 0 0 3 0
-0.002999871707767986 0 3 0 0 2 2 2 2 0 0 3 0
0.05755693866257015 0 3 0 0 3 0 0 0 0 0 0 0
-0.015119847800960958 0 3 0 0 3 3 1 1 0 1 3 1
0.00031328937176130665 0 3 0 0 3 3 1 1 0 2 3 2
-0.015433137172722261 0 3 0 0 3 3 1 2 0 2 3 1
-0.015433137172722261 0 3 0 0 3 3 2 1 0 1 3 2
0.00031328937176130665 0 3 0 0 3 3 2 2 0 1 3 1
-0.015119847800960958 0 3 0 0 3 3 2 2 0 2 3 2
0.0038433711988905403 0 3 0 0 3 0 0 0 0 1 1 0
0.0038433711988905403 0 3 0 0 3 0 0 0 0 2 2 0
0.0794078883437931 0 3 0 0 0 3 0 0 0 0 0 0
0.020831604563405222 0 3 0 0 0 3 1 1 0 0 1 1
-0.00043163928581571934 0 3 0 0 0 3 1 1 0 0 2 2
0.02126324384922094 0 3 0 0 0 3 1 2 0 0 2 1
0.02126324384922094 0 3 0 0 0 3 2 1 0 0 1 2
-0.00043163928581571934 0 3 0 0 0 3 2 2 0 0 1 1
0.020831604563405222 0 3 0 0 0 3 2 2 0 0 2 2
0.0803142875966601 0 3 0 0 0 0 3 0 0 0 0 0
0.08765796691605332 0 3 0 0 0 0 0 3 0 0 0 0
0.079750716967045 0 3 0 0 0 0 0 0 3 0 0 0
0.08260177785568784 0 3 0 0 0 0 0 0 0 3 0 0
0.08510747358687007 0 3 0 0 0 0 0 0 0 0 3 0
0.08367239814991116 0 3 0 0 0 0 0 0 0 0 0 3
0.019799164703070696 0 0 1 1 3 0 0 1 0 3 1 0
0.019799164703070696 0 0 1 1 3 0 0 2 0 3 2 0
-0.017183511947147734 0 0 1 1 0 0 0 1 0 1 0 0
-0.017183511947147734 0 0 1 1 0 0 0 2 0 2 0 0
-0.01718351194714772 0 0 1 2 3 0 0 0 1 3 2 0
0.01718351194714772 0 0 1 2 3 0 0 0 2 3 1 0
-0.02755053492429985 0 0 1 2 0 0 0 0 1 2 0 0
0.02755053492429985 0 0 1 2 0 0 0 0 2 1 0 0
0.017183511947147737 0 0 1 0 1 0 0 1 0 0 1 0
0.017183511947147737 0 0 1 0 1 0 0 2 0 0 2 0
-0.01718351194714772 0 0 1 0 1 0 0 0 1 1 0 0
-0.01718351194714772 0 0 1 0 1 0 0 0 2 2 0 0
-0.008596329924812822 0 0 1 0 2 0 0 1 0 2 0 0
0.008596329924812822 0 0 1 0 2 0 0 2 0 1 0 0
-0.016347700146042 0 0 1 0 2 0 0 0 1 0 2 0
0.016347700146042 0 0 1 0 2 0 0 0 2 0 1 0
-0.0042645098061180504 0 0 1 0 0 2 0 0 1 0 0 2
0.0042645098061180504 0 0 1 0 0 2 0 0 2 0 0 1
0.01718351194714772 0 0 2 1 3 0 0 0 1 3 2 0
-0.01718351194714772 0 0 2 1 3 0 0 0 2 3 1 0
0.02755053492429985 0 0 2 1 0 0 0 0 1 2 0 0
-0.02755053492429985 0 0 2 1 0 0 0 0 2 1 0 0
0.019799164703070696 0 0 2 2 3 0 0 1 0 3 1 0
0.019799164703070696 0 0 2 2 3 0 0 2 0 3 2 0
-0.017183511947147734 0 0 2 2 0 0 0 1 0 1 0 0
-0.017183511947147734 0 0 2 2 0 0 0 2 0 2 0 0
0.008596329924812822 0 0 2 0 1 0 0 1 0 2 0 0
-0.008596329924812822 0 0 2 0 1 0 0 2 0 1 0 0
0.016347700146042 0 0 2 0 1 0 0 0 1 0 2 0
-0.016347700146042 0 0 2 0 1 0 0 0 2 0 1 0
0.017183511947147737 0 0 2 0 2 0 0 1 0 0 1 0
0.017183511947147737 0 0 2 0 2 0 0 2 0 0 2 0
-0.01718351194714772 0 0 2 0 2 0 0 0 1 1 0 0
-0.01718351194714772 0 0 2 0 2 0 0 0 2 2 0 0
0.0042645098061180504 0 0 2 0 0 1 0 0 1 0 0 2
-0.0042645098061180504 0 0 2 0 0 1 0 0 2 0 0 1
0.7149525543473356 0 0 3 0 0 0 0 0 0 0 0 0
-0.0012528478655910711 0 0 3 1 1 0 0 1 1 3 0 0
-0.0012528478655910711 0 0 3 1 1 0 0 2 2 3 0 0
0.01334014074825719 0 0 3 1 1 0 0 0 0 3 0 0
-0.0012528478655910711 0 0 3 2 2 0 0 1 1 3 0 0
-0.0012528478655910711 0 0 3 2 2 0 0 2 2 3 0 0
0.01334014074825719 0 0 3 2 2 0 0 0 0 3 0 0
0.05755693866257004 0 0 3 3 0 0 0 0 0 0 0 0
-0.0038433711988905455 0 0 3 3 0 0 0 1 1 0 0 0
-0.0038433711988905455 0 0 3 3 0 0 0 2 2 0 0 0
0.06625407770964584 0 0 3 0 3 0 0 0 0 0 0 0
0.0038433711988905307 0 0 3 0 3 0 0 1 1 0 0 0
0.01854631683747962 0 0 3 0 3 0 0 1 1 1 1 0
-0.009849177790403892 0 0 3 0 3 0 0 1 1 2 2 0
0.028395494627883516 0 0 3 0 3 0 0 1 2 2 1 0
0.028395494627883516 0 0 3 0 3 0 0 2 1 1 2 0
0.0038433711988905307 0 0 3 0 3 0 0 2 2 0 0 0
-0.009849177790403892 0 0 3 0 3 0 0 2 2 1 1 0
0.01854631683747962 0 0 3 0 3 0 0 2 2 2 2 0
-0.00384337119889053 0 0 3 0 3 0 0 0 0 1 1 0
-0.00384337119889053 0 0 3 0 3 0 0 0 0 2 2 0
0.07940788834379302 0 0 3 0 0 3 0 0 0 0 0 0
0.08031428759666004 0 0 3 0 0 0 3 0 0 0 0 0
0.013340140748257186 0 0 3 0 0 0 0 1 1 3 0 0
-0.013340140748257207 0 0 3 0 0 0 0 1 1 0 3 0
0.013340140748257186 0 0 3 0 0 0 0 2 2 3 0 0
-0.013340140748257207 0 0 3 0 0 0 0 2 2 0 3 0
0.079750716967045 0 0 3 0 0 0 0 3 0 0 0 0
0.08765796691605314 0 0 3 0 0 0 0 0 3 0 0 0
0.08510747358686989 0 0 3 0 0 0 0 0 0 3 0 0
0.08260177785568784 0 0 3 0 0 0 0 0 0 0 3 0
0.08367239814991108 0 0 3 0 0 0 0 0 0 0 0 3
0.0038433711988905403 0 0 0 1 1 0 0 3 0 3 0 0
-0.00384337119889053 0 0 0 1 1 0 0 0 3 3 0 0
-0.004154034975233984 0 0 0 1 2 0 0 0 0 1 2 0
0.004154034975233984 0 0 0 1 2 0 0 0 0 2 1 0
-0.004801744535770936 0 0 0 1 0 2 0 0 0 1 0 2
0.004801744535770936 0 0 0 1 0 2 0 0 0 2 0 1
0.004154034975233984 0 0 0 2 1 0 0 0 0 1 2 0
-0.004154034975233984 0 0 0 2 1 0 0 0 0 2 1 0
0.0038433711988905403 0 0 0 2 2 0 0 3 0 3 0 0
-0.00384337119889053 0 0 0 2 2 0 0 0 3 3 0 0
0.004801744535770936 0 0 0 2 0 1 0 0 0 1 0 2
-0.004801744535770936 0 0 0 2 0 1 0 0 0 2 0 1
0.6918365915153164 0 0 0 3 0 0 0 0 0 0 0 0
0.07582233510880779 0 0 0 3 3 0 0 0 0 0 0 0
0.07854016361821389 0 0 0 3 0 3 0 0 0 0 0 0
0.08022013561769331 0 0 0 3 0 0 3 0 0 0 0 0
0.08260177785568784 0 0 0 3 0 0 0 3 0 0 0 0
0.08510747358686989 0 0 0 3 0 0 0 0 3 0 0 0
0.08828444003450964 0 0 0 3 0 0 0 0 0 3 0 0
0.07997637008404176 0 0 0 3 0 0 0 0 0 0 3 0
0.08334190815398482 0 0 0 3 0 0 0 0 0 0 0 3
-0.004801744535770942 0 0 0 0 1 2 0 0 0 0 1 2
0.004801744535770942 0 0 0 0 1 2 0 0 0 0 2 1
0.004801744535770942 0 0 0 0 2 1 0 0 0 0 1 2
-0.004801744535770942 0 0 0 0 2 1 0 0 0 0 2 1
0.6918365915153166 0 0 0 0 3 0 0 0 0 0 0 0
0.07854016361821393 0 0 0 0 3 3 0 0 0 0 0 0
0.0802201356176934 0 0 0 0 3 0 3 0 0 0 0 0
0.08510747358687007 0 0 0 0 3 0 0 3 0 0 0 0
-0.013340140748257201 0 0 0 0 3 0 0 3 0 1 1 0
-0.013340140748257201 0 0 0 0 3 0 0 3 0 2 2 0
0.08260177785568784 0 0 0 0 3 0 0 0 3 0 0 0
0.01334014074825719 0 0 0 0 3 0 0 0 3 1 1 0
0.01334014074825719 0 0 0 0 3 0 0 0 3 2 2 0
0.07997637008404176 0 0 0 0 3 0 0 0 0 3 0 0
0.0882844400345098 0 0 0 0 3 0 0 0 0 0 3 0
0.08334190815398487 0 0 0 0 3 0 0 0 0 0 0 3
0.6662060714985 0 0 0 0 0 3 0 0 0 0 0 0
0.090839140444706 0 0 0 0 0 3 3 0 0 0 0 0
0.08367239814991116 0 0 0 0 0 3 0 3 0 0 0 0
0.08367239814991108 0 0 0 0 0 3 0 0 3 0 0 0
0.08334190815398482 0 0 0 0 0 3 0 0 0 3 0 0
0.08334190815398487 0 0 0 0 0 3 0 0 0 0 3 0
0.09524243622289776 0 0 0 0 0 3 0 0 0 0 0 3
0.7549833881478096 0 0 0 0 0 0 3 0 0 0 0 0
0.07581583674704943 0 0 0 0 0 0 3 3 0 0 0 0
0.07581583674704935 0 0 0 0 0 0 3 0 3 0 0 0
0.07603478136762959 0 0 0 0 0 0 3 0 0 3 0 0
0.07603478136762967 0 0 0 0 0 0 3 0 0 0 3 0
0.05693366728416336 0 0 0 0 0 0 3 0 0 0 0 3
0.714952554347337 0 0 0 0 0 0 0 3 0 0 0 0
0.07579709199254088 0 0 0 0 0 0 0 3 3 0 0 0
0.06625407770964582 0 0 0 0 0 0 0 3 0 3 0 0
0.05755693866257015 0 0 0 0 0 0 0 3 0 0 3 0
0.0794078883437931 0 0 0 0 0 0 0 3 0 0 0 3
0.7149525543473356 0 0 0 0 0 0 0 0 3 0 0 0
0.05755693866257004 0 0 0 0 0 0 0 0 3 3 0 0
0.06625407770964584 0 0 0 0 0 0 0 0 3 0 3 0
0.07940788834379302 0 0 0 0 0 0 0 0 3 0 0 3
0.6918365915153166 0 0 0 0 0 0 0 0 0 3 0 0
0.07582233510880779 0 0 0 0 0 0 0 0 0 3 3 0
0.07854016361821389 0 0 0 0 0 0 0 0 0 3 0 3
0.6918365915153164 0 0 0 0 0 0 0 0 0 0 3 0
0.07854016361821393 0 0 0 0 0 0 0 0 0 0 3 3
0.6662060714985 0 0 0 0 0 0 0 0 0 0 0 3
