-5085.613793003618 0 0 0 0 0 0 0 0 0 0 0 0
-0.02933870566569405 1 1 0 0 1 1 3 0 0 0 3 0
0.000311317229279141 1 1 0 0 2 2 3 0 0 0 3 0
0.003941584315823509 1 1 0 0 0 3 3 0 0 0 1 1
0.003941584315823509 1 1 0 0 0 3 3 0 0 0 2 2
-0.029650022894973187 1 2 0 0 2 1 3 0 0 0 3 0
-0.004137889001654297 1 2 0 0 0 0 1 2 0 0 0 0
0.004137889001654297 1 2 0 0 0 0 2 1 0 0 0 0
-0.02933870566569405 1 3 1 1 3 1 3 3 0 3 3 0
0.000311317229279141 1 3 1 2 3 2 3 3 0 3 3 0
0.003941584315823509 1 3 1 0 3 3 3 3 0 1 3 1
0.003941584315823509 1 3 1 0 3 3 3 3 0 2 3 2
-0.029650022894973187 1 3 2 2 3 1 3 3 0 3 3 0
-0.0036302670865443684 1 3 3 2 3 3 3 3 1 3 3 2
0.0036302670865443684 1 3 3 2 3 3 3 3 2 3 3 1
-0.03328028998151756 1 3 3 0 3 1 3 3 1 1 3 0
-0.03328028998151756 1 3 3 0 3 1 3 3 2 2 3 0
-0.0036302670865443684 1 3 0 0 2 3 3 1 0 0 3 2
0.0036302670865443684 1 3 0 0 2 3 3 2 0 0 3 1
-0.03328028998151756 1 3 0 0 0 1 3 1 0 0 1 0
-0.03328028998151756 1 3 0 0 0 1 3 2 0 0 2 0
-0.004137889001654297 1 0 2 0 0 0 1 0 2 0 0 0
0.004137889001654297 1 0 2 0 0 0 2 0 1 0 0 0
-0.0038751284701835057 1 0 0 2 0 0 1 0 0 2 0 0
0.0038751284701835057 1 0 0 2 0 0 2 0 0 1 0 0
-0.0038751284701835057 1 0 0 0 2 0 1 0 0 0 2 0
0.0038751284701835057 1 0 0 0 2 0 2 0 0 0 1 0
-0.03883289312492776 1 0 0 0 0 2 1 0 0 0 0 2
0.03883289312492776 1 0 0 0 0 2 2 0 0 0 0 1
-0.029650022894973187 2 1 0 0 1 2 3 0 0 0 3 0
0.004137889001654297 2 1 0 0 0 0 1 2 0 0 0 0
-0.004137889001654297 2 1 0 0 0 0 2 1 0 0 0 0
0.000311317229279141 2 2 0 0 1 1 3 0 0 0 3 0
-0.02933870566569405 2 2 0 0 2 2 3 0 0 0 3 0
0.003941584315823509 2 2 0 0 0 3 3 0 0 0 1 1
0.003941584315823509 2 2 0 0 0 3 3 0 0 0 2 2
-0.029650022894973187 2 3 1 1 3 2 3 3 0 3 3 0
0.000311317229279141 2 3 2 1 3 1 3 3 0 3 3 0
-0.02933870566569405 2 3 2 2 3 2 3 3 0 3 3 0
0.003941584315823509 2 3 2 0 3 3 3 3 0 1 3 1
0.003941584315823509 2 3 2 0 3 3 3 3 0 2 3 2
0.0036302670865443684 2 3 3 1 3 3 3 3 1 3 3 2
-0.0036302670865443684 2 3 3 1 3 3 3 3 2 3 3 1
-0.03328028998151756 2 3 3 0 3 2 3 3 1 1 3 0
-0.03328028998151756 2 3 3 0 3 2 3 3 2 2 3 0
0.0036302670865443684 2 3 0 0 1 3 3 1 0 0 3 2
-0.0036302670865443684 2 3 0 0 1 3 3 2 0 0 3 1
-0.03328028998151756 2 3 0 0 0 2 3 1 0 0 1 0
-0.03328028998151756 2 3 0 0 0 2 3 2 0 0 2 0
0.004137889001654297 2 0 1 0 0 0 1 0 2 0 0 0
-0.004137889001654297 2 0 1 0 0 0 2 0 1 0 0 0
0.0038751284701835057 2 0 0 1 0 0 1 0 0 2 0 0
-0.0038751284701835057 2 0 0 1 0 0 2 0 0 1 0 0
0.0038751284701835057 2 0 0 0 1 0 1 0 0 0 2 0
-0.0038751284701835057 2 0 0 0 1 0 2 0 0 0 1 0
0.03883289312492776 2 0 0 0 0 1 1 0 0 0 0 2
-0.03883289312492776 2 0 0 0 0 1 2 0 0 0 0 1
0.7130224358369786 3 0 0 0 0 0 0 0 0 0 0 0
0.07339422534173623 3 3 0 0 0 0 0 0 0 0 0 0
0.07339422534173623 3 0 3 0 0 0 0 0 0 0 0 0
0.07363722597569589 3 0 0 3 0 0 0 0 0 0 0 0
0.07363722597569589 3 0 0 0 3 0 0 0 0 0 0 0
0.04899303098530286 3 0 0 0 0 3 0 0 0 0 0 0
0.086963360061003 3 0 0 0 0 0 3 0 0 0 0 0
0.07753211434339052 3 0 0 0 0 0 0 3 0 0 0 0
0.07753211434339052 3 0 0 0 0 0 0 0 3 0 0 0
0.0775123544458794 3 0 0 0 0 0 0 0 0 3 0 0
0.0775123544458794 3 0 0 0 0 0 0 0 0 0 3 0
0.08782592411023063 3 0 0 0 0 0 0 0 0 0 0 3
-0.03107427352760098 0 1 1 1 1 0 0 3 0 3 0 0
8.518524731134566e-05 0 1 1 2 2 0 0 3 0 3 0 0
0.004000904645126495 0 1 1 0 3 0 0 3 0 1 1 0
0.004000904645126495 0 1 1 0 3 0 0 3 0 2 2 0
-0.031159458774912326 0 1 2 2 1 0 0 3 0 3 0 0
-0.003953079982044591 0 1 2 0 0 0 0 1 2 0 0 0
0.003953079982044591 0 1 2 0 0 0 0 2 1 0 0 0
-0.00391571939781515 0 1 3 2 3 0 0 3 1 3 2 0
0.00391571939781515 0 1 3 2 3 0 0 3 2 3 1 0
-0.03507517817272748 0 1 3 0 1 0 0 3 1 1 0 0
-0.03507517817272748 0 1 3 0 1 0 0 3 2 2 0 0
-0.00391571939781515 0 1 0 2 0 0 0 1 0 2 0 0
0.00391571939781515 0 1 0 2 0 0 0 2 0 1 0 0
-0.03328028998151756 0 1 0 0 1 3 1 0 0 0 3 1
-0.03328028998151756 0 1 0 0 1 3 2 0 0 0 3 2
-0.04290661696835778 0 1 0 0 2 0 0 1 0 0 2 0
0.04290661696835778 0 1 0 0 2 0 0 2 0 0 1 0
-0.0036302670865443684 0 1 0 0 0 2 1 0 0 0 2 0
0.0036302670865443684 0 1 0 0 0 2 2 0 0 0 1 0
-0.004062387361882558 0 1 0 0 0 2 0 1 0 0 0 2
0.004062387361882558 0 1 0 0 0 2 0 2 0 0 0 1
-0.031159458774912326 0 2 1 1 2 0 0 3 0 3 0 0
0.003953079982044591 0 2 1 0 0 0 0 1 2 0 0 0
-0.003953079982044591 0 2 1 0 0 0 0 2 1 0 0 0
8.518524731134566e-05 0 2 2 1 1 0 0 3 0 3 0 0
-0.03107427352760098 0 2 2 2 2 0 0 3 0 3 0 0
0.004000904645126495 0 2 2 0 3 0 0 3 0 1 1 0
0.004000904645126495 0 2 2 0 3 0 0 3 0 2 2 0
0.00391571939781515 0 2 3 1 3 0 0 3 1 3 2 0
-0.00391571939781515 0 2 3 1 3 0 0 3 2 3 1 0
-0.03507517817272748 0 2 3 0 2 0 0 3 1 1 0 0
-0.03507517817272748 0 2 3 0 2 0 0 3 2 2 0 0
0.00391571939781515 0 2 0 1 0 0 0 1 0 2 0 0
-0.00391571939781515 0 2 0 1 0 0 0 2 0 1 0 0
0.04290661696835778 0 2 0 0 1 0 0 1 0 0 2 0
-0.04290661696835778 0 2 0 0 1 0 0 2 0 0 1 0
-0.03328028998151756 0 2 0 0 2 3 1 0 0 0 3 1
-0.03328028998151756 0 2 0 0 2 3 2 0 0 0 3 2
0.0036302670865443684 0 2 0 0 0 1 1 0 0 0 2 0
-0.0036302670865443684 0 2 0 0 0 1 2 0 0 0 1 0
0.004062387361882558 0 2 0 0 0 1 0 1 0 0 0 2
-0.004062387361882558 0 2 0 0 0 1 0 2 0 0 0 1
0.6839742195977221 0 3 0 0 0 0 0 0 0 0 0 0
-0.03328028998151756 0 3 1 1 3 3 1 3 0 3 3 1
-0.03328028998151756 0 3 1 1 3 3 2 3 0 3 3 2
-0.0036302670865443684 0 3 1 0 3 2 1 3 0 2 3 0
0.0036302670865443684 0 3 1 0 3 2 2 3 0 1 3 0
-0.03328028998151756 0 3 2 2 3 3 1 3 0 3 3 1
-0.03328028998151756 0 3 2 2 3 3 2 3 0 3 3 2
0.0036302670865443684 0 3 2 0 3 1 1 3 0 2 3 0
-0.0036302670865443684 0 3 2 0 3 1 2 3 0 1 3 0
0.07293877967868809 0 3 3 0 0 0 0 0 0 0 0 0
0.003941584315823509 0 3 3 1 3 1 1 3 1 3 3 0
0.003941584315823509 0 3 3 1 3 1 2 3 2 3 3 0
0.003941584315823509 0 3 3 2 3 2 1 3 1 3 3 0
0.003941584315823509 0 3 3 2 3 2 2 3 2 3 3 0
-0.02933870566569405 0 3 3 0 3 3 1 3 1 1 3 1
0.000311317229279141 0 3 3 0 3 3 1 3 1 2 3 2
-0.029650022894973187 0 3 3 0 3 3 1 3 2 2 3 1
-0.029650022894973187 0 3 3 0 3 3 2 3 1 1 3 2
0.000311317229279141 0 3 3 0 3 3 2 3 2 1 3 1
-0.02933870566569405 0 3 3 0 3 3 2 3 2 2 3 2
0.0730833728905792 0 3 0 3 0 0 0 0 0 0 0 0
0.003941584315823509 0 3 0 0 1 1 1 1 0 0 3 0
0.003941584315823509 0 3 0 0 1 1 2 2 0 0 3 0
0.003941584315823509 0 3 0 0 2 2 1 1 0 0 3 0
0.003941584315823509 0 3 0 0 2 2 2 2 0 0 3 0
0.04209428461028958 0 3 0 0 3 0 0 0 0 0 0 0
0.07542769194180231 0 3 0 0 0 3 0 0 0 0 0 0
-0.02933870566569405 0 3 0 0 0 3 1 1 0 0 1 1
0.000311317229279141 0 3 0 0 0 3 1 1 0 0 2 2
-0.029650022894973187 0 3 0 0 0 3 1 2 0 0 2 1
-0.029650022894973187 0 3 0 0 0 3 2 1 0 0 1 2
0.000311317229279141 0 3 0 0 0 3 2 2 0 0 1 1
-0.02933870566569405 0 3 0 0 0 3 2 2 0 0 2 2
0.07753211434339052 0 3 0 0 0 0 3 0 0 0 0 0
0.08479801962482185 0 3 0 0 0 0 0 3 0 0 0 0
0.07689185966073268 0 3 0 0 0 0 0 0 3 0 0 0
0.07699909228839436 0 3 0 0 0 0 0 0 0 3 0 0
0.08500090157864734 0 3 0 0 0 0 0 0 0 0 3 0
0.07949007930368487 0 3 0 0 0 0 0 0 0 0 0 3
-0.03507517817272748 0 0 1 1 3 0 0 1 0 3 1 0
-0.03507517817272748 0 0 1 1 3 0 0 2 0 3 2 0
-0.04290661696835778 0 0 1 2 0 0 0 0 1 2 0 0
0.04290661696835778 0 0 1 2 0 0 0 0 2 1 0 0
-0.00391571939781515 0 0 1 0 2 0 0 1 0 2 0 0
0.00391571939781515 0 0 1 0 2 0 0 2 0 1 0 0
-0.00391571939781515 0 0 1 0 2 0 0 0 1 0 2 0
0.00391571939781515 0 0 1 0 2 0 0 0 2 0 1 0
-0.004062387361882558 0 0 1 0 0 2 0 0 1 0 0 2
0.004062387361882558 0 0 1 0 0 2 0 0 2 0 0 1
0.04290661696835778 0 0 2 1 0 0 0 0 1 2 0 0
-0.04290661696835778 0 0 2 1 0 0 0 0 2 1 0 0
-0.03507517817272748 0 0 2 2 3 0 0 1 0 3 1 0
-0.03507517817272748 0 0 2 2 3 0 0 2 0 3 2 0
0.00391571939781515 0 0 2 0 1 0 0 1 0 2 0 0
-0.00391571939781515 0 0 2 0 1 0 0 2 0 1 0 0
0.00391571939781515 0 0 2 0 1 0 0 0 1 0 2 0
-0.00391571939781515 0 0 2 0 1 0 0 0 2 0 1 0
0.004062387361882558 0 0 2 0 0 1 0 0 1 0 0 2
-0.004062387361882558 0 0 2 0 0 1 0 0 2 0 0 1
0.6839742195977212 0 0 3 0 0 0 0 0 0 0 0 0
0.004000904645126495 0 0 3 1 1 0 0 1 1 3 0 0
0.004000904645126495 0 0 3 1 1 0 0 2 2 3 0 0
0.004000904645126495 0 0 3 2 2 0 0 1 1 3 0 0
0.004000904645126495 0 0 3 2 2 0 0 2 2 3 0 0
0.04209428461028958 0 0 3 3 0 0 0 0 0 0 0 0
0.0730833728905792 0 0 3 0 3 0 0 0 0 0 0 0
-0.03107427352760098 0 0 3 0 3 0 0 1 1 1 1 0
8.518524731134566e-05 0 0 3 0 3 0 0 1 1 2 2 0
-0.031159458774912326 0 0 3 0 3 0 0 1 2 2 1 0
-0.031159458774912326 0 0 3 0 3 0 0 2 1 1 2 0
8.518524731134566e-05 0 0 3 0 3 0 0 2 2 1 1 0
-0.03107427352760098 0 0 3 0 3 0 0 2 2 2 2 0
0.07542769194180231 0 0 3 0 0 3 0 0 0 0 0 0
0.07753211434339052 0 0 3 0 0 0 3 0 0 0 0 0
0.07689185966073268 0 0 3 0 0 0 0 3 0 0 0 0
0.08479801962482185 0 0 3 0 0 0 0 0 3 0 0 0
0.08500090157864734 0 0 3 0 0 0 0 0 0 3 0 0
0.07699909228839436 0 0 3 0 0 0 0 0 0 0 3 0
0.07949007930368487 0 0 3 0 0 0 0 0 0 0 0 3
-0.004052217305590543 0 0 0 1 2 0 0 0 0 1 2 0
0.004052217305590543 0 0 0 1 2 0 0 0 0 2 1 0
-0.004384317878194709 0 0 0 1 0 2 0 0 0 1 0 2
0.004384317878194709 0 0 0 1 0 2 0 0 0 2 0 1
0.004052217305590543 0 0 0 2 1 0 0 0 0 1 2 0
-0.004052217305590543 0 0 0 2 1 0 0 0 0 2 1 0
0.004384317878194709 0 0 0 2 0 1 0 0 0 1 0 2
-0.004384317878194709 0 0 0 2 0 1 0 0 0 2 0 1
0.6750126027985444 0 0 0 3 0 0 0 0 0 0 0 0
0.07307103217155221 0 0 0 3 3 0 0 0 0 0 0 0
0.07505296124583563 0 0 0 3 0 3 0 0 0 0 0 0
0.0775123544458794 0 0 0 3 0 0 3 0 0 0 0 0
0.07699909228839436 0 0 0 3 0 0 0 3 0 0 0 0
0.08500090157864734 0 0 0 3 0 0 0 0 3 0 0 0
0.08522768408832385 0 0 0 3 0 0 0 0 0 3 0 0
0.07712324947714276 0 0 0 3 0 0 0 0 0 0 3 0
0.07943727912403034 0 0 0 3 0 0 0 0 0 0 0 3
-0.004384317878194709 0 0 0 0 1 2 0 0 0 0 1 2
0.004384317878194709 0 0 0 0 1 2 0 0 0 0 2 1
0.004384317878194709 0 0 0 0 2 1 0 0 0 0 1 2
-0.004384317878194709 0 0 0 0 2 1 0 0 0 0 2 1
0.6750126027985454 0 0 0 0 3 0 0 0 0 0 0 0
0.07505296124583563 0 0 0 0 3 3 0 0 0 0 0 0
0.0775123544458794 0 0 0 0 3 0 3 0 0 0 0 0
0.08500090157864734 0 0 0 0 3 0 0 3 0 0 0 0
0.07699909228839436 0 0 0 0 3 0 0 0 3 0 0 0
0.07712324947714276 0 0 0 0 3 0 0 0 0 3 0 0
0.08522768408832385 0 0 0 0 3 0 0 0 0 0 3 0
0.07943727912403034 0 0 0 0 3 0 0 0 0 0 0 3
0.6668118932745902 0 0 0 0 0 3 0 0 0 0 0 0
0.08782592411023063 0 0 0 0 0 3 3 0 0 0 0 0
0.07949007930368487 0 0 0 0 0 3 0 3 0 0 0 0
0.07949007930368487 0 0 0 0 0 3 0 0 3 0 0 0
0.07943727912403034 0 0 0 0 0 3 0 0 0 3 0 0
0.07943727912403034 0 0 0 0 0 3 0 0 0 0 3 0
0.09024061443210332 0 0 0 0 0 3 0 0 0 0 0 3
0.7130224358369786 0 0 0 0 0 0 3 0 0 0 0 0
0.07339422534173623 0 0 0 0 0 0 3 3 0 0 0 0
0.07339422534173623 0 0 0 0 0 0 3 0 3 0 0 0
0.07363722597569589 0 0 0 0 0 0 3 0 0 3 0 0
0.07363722597569589 0 0 0 0 0 0 3 0 0 0 3 0
0.04899303098530286 0 0 0 0 0 0 3 0 0 0 0 3
0.6839742195977221 0 0 0 0 0 0 0 3 0 0 0 0
0.07293877967868809 0 0 0 0 0 0 0 3 3 0 0 0
0.0730833728905792 0 0 0 0 0 0 0 3 0 3 0 0
0.04209428461028958 0 0 0 0 0 0 0 3 0 0 3 0
0.07542769194180231 0 0 0 0 0 0 0 3 0 0 0 3
0.6839742195977214 0 0 0 0 0 0 0 0 3 0 0 0
0.04209428461028958 0 0 0 0 0 0 0 0 3 3 0 0
0.0730833728905792 0 0 0 0 0 0 0 0 3 0 3 0
0.07542769194180231 0 0 0 0 0 0 0 0 3 0 0 3
0.6750126027985444 0 0 0 0 0 0 0 0 0 3 0 0
0.07307103217155221 0 0 0 0 0 0 0 0 0 3 3 0
0.07505296124583563 0 0 0 0 0 0 0 0 0 3 0 3
0.6750126027985455 0 0 0 0 0 0 0 0 0 0 3 0
0.07505296124583563 0 0 0 0 0 0 0 0 0 0 3 3
0.6668118932745902 0 0 0 0 0 0 0 0 0 0 0 3
