-905.6763949349897 0 0 0 0 0 0 0 0 0 0
-0.013685286989485585 1 1 3 3 3 3 1 3 3 1
-0.013685286989485585 1 1 3 3 3 3 2 3 3 2
-0.016359358540902494 1 2 0 0 0 1 2 0 0 0
0.016359358540902494 1 2 0 0 0 2 1 0 0 0
0.0017038159376939208 1 3 1 3 3 3 3 1 3 1
0.0017038159376939208 1 3 1 3 3 3 3 2 3 2
0.0017038159376939208 1 3 3 1 3 3 3 3 1 1
0.0017038159376939208 1 3 3 1 3 3 3 3 2 2
-0.005081760077161419 1 3 3 3 1 3 3 3 0 0
-0.030729333327387635 1 3 3 3 1 3 3 3 3 0
-0.006898927417084035 1 3 3 3 1 3 3 3 3 3
-0.005081760077161419 1 3 3 3 1 3 3 0 3 0
-0.002193482366439625 1 3 3 3 1 3 0 3 3 0
-0.0026366001985696453 1 3 3 3 1 0 3 3 3 0
-0.0033779441394674982 1 3 3 0 1 3 3 3 3 0
-0.0033779441394674982 1 3 0 3 1 3 3 3 3 0
-0.016709773443351936 1 0 2 0 0 1 0 2 0 0
0.016709773443351936 1 0 2 0 0 2 0 1 0 0
-0.01587876935592521 1 0 3 3 1 3 3 3 3 0
-0.016709773443351936 1 0 0 2 0 1 0 0 2 0
0.016709773443351936 1 0 0 2 0 2 0 0 1 0
-0.016486298097846293 1 0 0 0 2 1 0 0 0 2
0.016486298097846293 1 0 0 0 2 2 0 0 0 1
0.016359358540902494 2 1 0 0 0 1 2 0 0 0
-0.016359358540902494 2 1 0 0 0 2 1 0 0 0
-0.013685286989485585 2 2 3 3 3 3 1 3 3 1
-0.013685286989485585 2 2 3 3 3 3 2 3 3 2
0.0017038159376939208 2 3 2 3 3 3 3 1 3 1
0.0017038159376939208 2 3 2 3 3 3 3 2 3 2
0.0017038159376939208 2 3 3 2 3 3 3 3 1 1
0.0017038159376939208 2 3 3 2 3 3 3 3 2 2
-0.005081760077161419 2 3 3 3 2 3 3 3 0 0
-0.030729333327387635 2 3 3 3 2 3 3 3 3 0
-0.006898927417084035 2 3 3 3 2 3 3 3 3 3
-0.005081760077161419 2 3 3 3 2 3 3 0 3 0
-0.002193482366439625 2 3 3 3 2 3 0 3 3 0
-0.0026366001985696453 2 3 3 3 2 0 3 3 3 0
-0.0033779441394674982 2 3 3 0 2 3 3 3 3 0
-0.0033779441394674982 2 3 0 3 2 3 3 3 3 0
0.016709773443351936 2 0 1 0 0 1 0 2 0 0
-0.016709773443351936 2 0 1 0 0 2 0 1 0 0
-0.01587876935592521 2 0 3 3 2 3 3 3 3 0
0.016709773443351936 2 0 0 1 0 1 0 0 2 0
-0.016709773443351936 2 0 0 1 0 2 0 0 1 0
0.016486298097846293 2 0 0 0 1 1 0 0 0 2
-0.016486298097846293 2 0 0 0 1 2 0 0 0 1
0.9010455463005028 3 0 0 0 0 0 0 0 0 0
0.07488188095256287 3 3 0 0 0 0 0 0 0 0
-0.0026366001985696453 3 3 3 3 3 1 3 3 3 1
-0.0026366001985696453 3 3 3 3 3 2 3 3 3 2
0.07421028742858504 3 0 3 0 0 0 0 0 0 0
0.07421028742858504 3 0 0 3 0 0 0 0 0 0
0.076903063190713 3 0 0 0 3 0 0 0 0 0
0.09120128326430964 3 0 0 0 0 3 0 0 0 0
0.09124123949346538 3 0 0 0 0 0 3 0 0 0
0.09092006087193696 3 0 0 0 0 0 0 3 0 0
0.09092006087193696 3 0 0 0 0 0 0 0 3 0
0.09338936128855928 3 0 0 0 0 0 0 0 0 3
-0.004170957013406546 0 1 2 0 0 0 1 2 0 0
0.004170957013406546 0 1 2 0 0 0 2 1 0 0
0.013685286989485585 0 1 3 3 2 1 2 3 3 0
-0.013685286989485585 0 1 3 3 2 2 1 3 3 0
-0.004170957013406546 0 1 0 2 0 0 1 0 2 0
0.004170957013406546 0 1 0 2 0 0 2 0 1 0
-0.04312929157656949 0 1 0 0 2 0 1 0 0 2
0.04312929157656949 0 1 0 0 2 0 2 0 0 1
0.004170957013406546 0 2 1 0 0 0 1 2 0 0
-0.004170957013406546 0 2 1 0 0 0 2 1 0 0
-0.013685286989485585 0 2 3 3 1 1 2 3 3 0
0.013685286989485585 0 2 3 3 1 2 1 3 3 0
0.004170957013406546 0 2 0 1 0 0 1 0 2 0
-0.004170957013406546 0 2 0 1 0 0 2 0 1 0
0.04312929157656949 0 2 0 0 1 0 1 0 0 2
-0.04312929157656949 0 2 0 0 1 0 2 0 0 1
0.6646495352662768 0 3 0 0 0 0 0 0 0 0
-0.0017038159376939208 0 3 1 3 2 1 3 2 3 0
0.0017038159376939208 0 3 1 3 2 2 3 1 3 0
0.0017038159376939208 0 3 2 3 1 1 3 2 3 0
-0.0017038159376939208 0 3 2 3 1 2 3 1 3 0
0.0839872566093442 0 3 3 0 0 0 0 0 0 0
-0.0017038159376939208 0 3 3 1 2 1 3 3 2 0
0.0017038159376939208 0 3 3 1 2 2 3 3 1 0
0.0017038159376939208 0 3 3 2 1 1 3 3 2 0
-0.0017038159376939208 0 3 3 2 1 2 3 3 1 0
-0.030729333327387635 0 3 3 3 3 1 3 3 3 1
-0.0033779441394674982 0 3 3 3 3 1 3 3 0 1
-0.0033779441394674982 0 3 3 3 3 1 3 0 3 1
-0.01587876935592521 0 3 3 3 3 1 0 3 3 1
-0.030729333327387635 0 3 3 3 3 2 3 3 3 2
-0.0033779441394674982 0 3 3 3 3 2 3 3 0 2
-0.0033779441394674982 0 3 3 3 3 2 3 0 3 2
-0.01587876935592521 0 3 3 3 3 2 0 3 3 2
-0.006898927417084035 0 3 3 3 0 1 3 3 3 1
-0.006898927417084035 0 3 3 3 0 2 3 3 3 2
-0.005081760077161419 0 3 3 0 3 1 3 3 3 1
-0.005081760077161419 0 3 3 0 3 2 3 3 3 2
0.0839872566093442 0 3 0 3 0 0 0 0 0 0
-0.005081760077161419 0 3 0 3 3 1 3 3 3 1
-0.005081760077161419 0 3 0 3 3 2 3 3 3 2
0.0564862594011967 0 3 0 0 3 0 0 0 0 0
0.09124123949346538 0 3 0 0 0 3 0 0 0 0
0.09819912978153206 0 3 0 0 0 0 3 0 0 0
0.08815821362275075 0 3 0 0 0 0 0 3 0 0
0.08815821362275075 0 3 0 0 0 0 0 0 3 0
0.0996155509777662 0 3 0 0 0 0 0 0 0 3
-0.004361905030640511 0 0 1 2 0 0 0 1 2 0
0.004361905030640511 0 0 1 2 0 0 0 2 1 0
-0.004768016296016053 0 0 1 0 2 0 0 1 0 2
0.004768016296016053 0 0 1 0 2 0 0 2 0 1
0.004361905030640511 0 0 2 1 0 0 0 1 2 0
-0.004361905030640511 0 0 2 1 0 0 0 2 1 0
0.004768016296016053 0 0 2 0 1 0 0 1 0 2
-0.004768016296016053 0 0 2 0 1 0 0 2 0 1
0.6439235404038827 0 0 3 0 0 0 0 0 0 0
0.08353810533055397 0 0 3 3 0 0 0 0 0 0
-0.002193482366439625 0 0 3 3 3 1 3 3 3 1
-0.002193482366439625 0 0 3 3 3 2 3 3 3 2
0.08614472684769604 0 0 3 0 3 0 0 0 0 0
0.09092006087193696 0 0 3 0 0 3 0 0 0 0
0.08815821362275075 0 0 3 0 0 0 3 0 0 0
0.09662382042247555 0 0 3 0 0 0 0 3 0 0
0.08790001036119449 0 0 3 0 0 0 0 0 3 0
0.09091274314371209 0 0 3 0 0 0 0 0 0 3
-0.004768016296016053 0 0 0 1 2 0 0 0 1 2
0.004768016296016053 0 0 0 1 2 0 0 0 2 1
0.004768016296016053 0 0 0 2 1 0 0 0 1 2
-0.004768016296016053 0 0 0 2 1 0 0 0 2 1
0.6439235404038826 0 0 0 3 0 0 0 0 0 0
0.08614472684769604 0 0 0 3 3 0 0 0 0 0
0.09092006087193696 0 0 0 3 0 3 0 0 0 0
0.08815821362275075 0 0 0 3 0 0 3 0 0 0
0.08790001036119449 0 0 0 3 0 0 0 3 0 0
0.09662382042247555 0 0 0 3 0 0 0 0 3 0
0.09091274314371209 0 0 0 3 0 0 0 0 0 3
0.5998070313011399 0 0 0 0 3 0 0 0 0 0
0.09338936128855928 0 0 0 0 3 3 0 0 0 0
0.0996155509777662 0 0 0 0 3 0 3 0 0 0
0.09091274314371209 0 0 0 0 3 0 0 3 0 0
0.09091274314371209 0 0 0 0 3 0 0 0 3 0
0.10317389897001195 0 0 0 0 3 0 0 0 0 3
0.9010455463005027 0 0 0 0 0 3 0 0 0 0
0.07488188095256287 0 0 0 0 0 3 3 0 0 0
0.07421028742858504 0 0 0 0 0 3 0 3 0 0
0.07421028742858504 0 0 0 0 0 3 0 0 3 0
0.076903063190713 0 0 0 0 0 3 0 0 0 3
0.6646495352662767 0 0 0 0 0 0 3 0 0 0
0.0839872566093442 0 0 0 0 0 0 3 3 0 0
0.0839872566093442 0 0 0 0 0 0 3 0 3 0
0.0564862594011967 0 0 0 0 0 0 3 0 0 3
0.6439235404038827 0 0 0 0 0 0 0 3 0 0
0.08353810533055397 0 0 0 0 0 0 0 3 3 0
0.08614472684769604 0 0 0 0 0 0 0 3 0 3
0.6439235404038824 0 0 0 0 0 0 0 0 3 0
0.08614472684769604 0 0 0 0 0 0 0 0 3 3
0.5998070313011398 0 0 0 0 0 0 0 0 0 3
