-905.0852237601332 0 0 0 0 0 0 0 0 0 0
-0.026976394034989505 1 1 3 3 3 3 1 3 3 1
-0.026976394034989505 1 1 3 3 3 3 2 3 3 2
-0.033136517423554564 1 2 0 0 0 1 2 0 0 0
0.033136517423554564 1 2 0 0 0 2 1 0 0 0
0.005410546258923217 1 3 1 3 3 3 3 1 3 1
0.005410546258923217 1 3 1 3 3 3 3 2 3 2
0.005410546258923217 1 3 3 1 3 3 3 3 1 1
0.005410546258923217 1 3 3 1 3 3 3 3 2 2
-0.006988458043892252 1 3 3 3 1 3 3 3 0 0
-0.026499413245732576 1 3 3 3 1 3 3 3 3 0
-0.007732715961963543 1 3 3 3 1 3 3 3 3 3
-0.006988458043892252 1 3 3 3 1 3 3 0 3 0
0.005060748005298483 1 3 3 3 1 3 0 3 3 0
-0.0002444932041683382 1 3 3 3 1 0 3 3 3 0
-0.0015779117849690355 1 3 3 0 1 3 3 3 3 0
-0.0015779117849690355 1 3 0 3 1 3 3 3 3 0
-0.01876948584898912 1 0 2 0 0 1 0 2 0 0
0.01876948584898912 1 0 2 0 0 2 0 1 0 0
-0.02191564602969102 1 0 3 3 1 3 3 3 3 0
-0.01876948584898912 1 0 0 2 0 1 0 0 2 0
0.01876948584898912 1 0 0 2 0 2 0 0 1 0
-0.014469540978441218 1 0 0 0 2 1 0 0 0 2
0.014469540978441218 1 0 0 0 2 2 0 0 0 1
0.033136517423554564 2 1 0 0 0 1 2 0 0 0
-0.033136517423554564 2 1 0 0 0 2 1 0 0 0
-0.026976394034989505 2 2 3 3 3 3 1 3 3 1
-0.026976394034989505 2 2 3 3 3 3 2 3 3 2
0.005410546258923217 2 3 2 3 3 3 3 1 3 1
0.005410546258923217 2 3 2 3 3 3 3 2 3 2
0.005410546258923217 2 3 3 2 3 3 3 3 1 1
0.005410546258923217 2 3 3 2 3 3 3 3 2 2
-0.006988458043892252 2 3 3 3 2 3 3 3 0 0
-0.026499413245732576 2 3 3 3 2 3 3 3 3 0
-0.007732715961963543 2 3 3 3 2 3 3 3 3 3
-0.006988458043892252 2 3 3 3 2 3 3 0 3 0
0.005060748005298483 2 3 3 3 2 3 0 3 3 0
-0.0002444932041683382 2 3 3 3 2 0 3 3 3 0
-0.0015779117849690355 2 3 3 0 2 3 3 3 3 0
-0.0015779117849690355 2 3 0 3 2 3 3 3 3 0
0.01876948584898912 2 0 1 0 0 1 0 2 0 0
-0.01876948584898912 2 0 1 0 0 2 0 1 0 0
-0.02191564602969102 2 0 3 3 2 3 3 3 3 0
0.01876948584898912 2 0 0 1 0 1 0 0 2 0
-0.01876948584898912 2 0 0 1 0 2 0 0 1 0
0.014469540978441218 2 0 0 0 1 1 0 0 0 2
-0.014469540978441218 2 0 0 0 1 2 0 0 0 1
0.8955300716302763 3 0 0 0 0 0 0 0 0 0
0.06895736392270005 3 3 0 0 0 0 0 0 0 0
-0.0002444932041683382 3 3 3 3 3 1 3 3 3 1
-0.0002444932041683382 3 3 3 3 3 2 3 3 3 2
0.0819748858561617 3 0 3 0 0 0 0 0 0 0
0.0819748858561617 3 0 0 3 0 0 0 0 0 0
0.09011570878030252 3 0 0 0 3 0 0 0 0 0
0.10094205190809134 3 0 0 0 0 3 0 0 0 0
0.1020938813462546 3 0 0 0 0 0 3 0 0 0
0.10074437170515081 3 0 0 0 0 0 0 3 0 0
0.10074437170515081 3 0 0 0 0 0 0 0 3 0
0.10458524975874374 3 0 0 0 0 0 0 0 0 3
-0.007254658500934654 0 1 2 0 0 0 1 2 0 0
0.007254658500934654 0 1 2 0 0 0 2 1 0 0
0.026976394034989505 0 1 3 3 2 1 2 3 3 0
-0.026976394034989505 0 1 3 3 2 2 1 3 3 0
-0.007254658500934654 0 1 0 2 0 0 1 0 2 0
0.007254658500934654 0 1 0 2 0 0 2 0 1 0
-0.026414770336231158 0 1 0 0 2 0 1 0 0 2
0.026414770336231158 0 1 0 0 2 0 2 0 0 1
0.007254658500934654 0 2 1 0 0 0 1 2 0 0
-0.007254658500934654 0 2 1 0 0 0 2 1 0 0
-0.026976394034989505 0 2 3 3 1 1 2 3 3 0
0.026976394034989505 0 2 3 3 1 2 1 3 3 0
0.007254658500934654 0 2 0 1 0 0 1 0 2 0
-0.007254658500934654 0 2 0 1 0 0 2 0 1 0
0.026414770336231158 0 2 0 0 1 0 1 0 0 2
-0.026414770336231158 0 2 0 0 1 0 2 0 0 1
0.7671473093299869 0 3 0 0 0 0 0 0 0 0
-0.005410546258923217 0 3 1 3 2 1 3 2 3 0
0.005410546258923217 0 3 1 3 2 2 3 1 3 0
0.005410546258923217 0 3 2 3 1 1 3 2 3 0
-0.005410546258923217 0 3 2 3 1 2 3 1 3 0
0.09102833988636652 0 3 3 0 0 0 0 0 0 0
-0.005410546258923217 0 3 3 1 2 1 3 3 2 0
0.005410546258923217 0 3 3 1 2 2 3 3 1 0
0.005410546258923217 0 3 3 2 1 1 3 3 2 0
-0.005410546258923217 0 3 3 2 1 2 3 3 1 0
-0.026499413245732566 0 3 3 3 3 1 3 3 3 1
-0.0015779117849690355 0 3 3 3 3 1 3 3 0 1
-0.0015779117849690355 0 3 3 3 3 1 3 0 3 1
-0.02191564602969102 0 3 3 3 3 1 0 3 3 1
-0.026499413245732566 0 3 3 3 3 2 3 3 3 2
-0.0015779117849690355 0 3 3 3 3 2 3 3 0 2
-0.0015779117849690355 0 3 3 3 3 2 3 0 3 2
-0.02191564602969102 0 3 3 3 3 2 0 3 3 2
-0.007732715961963543 0 3 3 3 0 1 3 3 3 1
-0.007732715961963543 0 3 3 3 0 2 3 3 3 2
-0.006988458043892252 0 3 3 0 3 1 3 3 3 1
-0.006988458043892252 0 3 3 0 3 2 3 3 3 2
0.09102833988636652 0 3 0 3 0 0 0 0 0 0
-0.006988458043892252 0 3 0 3 3 1 3 3 3 1
-0.006988458043892252 0 3 0 3 3 2 3 3 3 2
0.08162281746822835 0 3 0 0 3 0 0 0 0 0
0.1020938813462546 0 3 0 0 0 3 0 0 0 0
0.10896345278697549 0 3 0 0 0 0 3 0 0 0
0.09828299838730117 0 3 0 0 0 0 0 3 0 0
0.09828299838730117 0 3 0 0 0 0 0 0 3 0
0.1080375878044595 0 3 0 0 0 0 0 0 0 3
-0.004919568845365543 0 0 1 2 0 0 0 1 2 0
0.004919568845365543 0 0 1 2 0 0 0 2 1 0
-0.006939855230511492 0 0 1 0 2 0 0 1 0 2
0.006939855230511492 0 0 1 0 2 0 0 2 0 1
0.004919568845365543 0 0 2 1 0 0 0 1 2 0
-0.004919568845365543 0 0 2 1 0 0 0 2 1 0
0.006939855230511492 0 0 2 0 1 0 0 1 0 2
-0.006939855230511492 0 0 2 0 1 0 0 2 0 1
0.6566700988254558 0 0 3 0 0 0 0 0 0 0
0.0943014052167463 0 0 3 3 0 0 0 0 0 0
0.005060748005298483 0 0 3 3 3 1 3 3 3 1
0.005060748005298483 0 0 3 3 3 2 3 3 3 2
0.0990596445603016 0 0 3 0 3 0 0 0 0 0
0.10074437170515081 0 0 3 0 0 3 0 0 0 0
0.09828299838730117 0 0 3 0 0 0 3 0 0 0
0.10906011175284291 0 0 3 0 0 0 0 3 0 0
0.09922097406211185 0 0 3 0 0 0 0 0 3 0
0.10599949979081309 0 0 3 0 0 0 0 0 0 3
-0.006939855230511492 0 0 0 1 2 0 0 0 1 2
0.006939855230511492 0 0 0 1 2 0 0 0 2 1
0.006939855230511492 0 0 0 2 1 0 0 0 1 2
-0.006939855230511492 0 0 0 2 1 0 0 0 2 1
0.6566700988254556 0 0 0 3 0 0 0 0 0 0
0.0990596445603016 0 0 0 3 3 0 0 0 0 0
0.10074437170515081 0 0 0 3 0 3 0 0 0 0
0.09828299838730117 0 0 0 3 0 0 3 0 0 0
0.09922097406211185 0 0 0 3 0 0 0 3 0 0
0.10906011175284291 0 0 0 3 0 0 0 0 3 0
0.10599949979081309 0 0 0 3 0 0 0 0 0 3
0.49806578482420605 0 0 0 0 3 0 0 0 0 0
0.10458524975874374 0 0 0 0 3 3 0 0 0 0
0.1080375878044595 0 0 0 0 3 0 3 0 0 0
0.10599949979081309 0 0 0 0 3 0 0 3 0 0
0.10599949979081309 0 0 0 0 3 0 0 0 3 0
0.12080149053292803 0 0 0 0 3 0 0 0 0 3
0.8955300716302762 0 0 0 0 0 3 0 0 0 0
0.06895736392270005 0 0 0 0 0 3 3 0 0 0
0.0819748858561617 0 0 0 0 0 3 0 3 0 0
0.0819748858561617 0 0 0 0 0 3 0 0 3 0
0.09011570878030252 0 0 0 0 0 3 0 0 0 3
0.7671473093299869 0 0 0 0 0 0 3 0 0 0
0.09102833988636652 0 0 0 0 0 0 3 3 0 0
0.09102833988636652 0 0 0 0 0 0 3 0 3 0
0.08162281746822835 0 0 0 0 0 0 3 0 0 3
0.6566700988254558 0 0 0 0 0 0 0 3 0 0
0.0943014052167463 0 0 0 0 0 0 0 3 3 0
0.0990596445603016 0 0 0 0 0 0 0 3 0 3
0.6566700988254555 0 0 0 0 0 0 0 0 3 0
0.0990596445603016 0 0 0 0 0 0 0 0 3 3
0.49806578482420605 0 0 0 0 0 0 0 0 0 3
