-905.714803475972 0 0 0 0 0 0 0 0 0 0
-0.00923430054543947 1 1 3 3 3 3 1 3 3 1
-0.00923430054543947 1 1 3 3 3 3 2 3 3 2
-0.015110785184278249 1 2 0 0 0 1 2 0 0 0
0.015110785184278249 1 2 0 0 0 2 1 0 0 0
0.000981914278951376 1 3 1 3 3 3 3 1 3 1
0.000981914278951376 1 3 1 3 3 3 3 2 3 2
0.000981914278951376 1 3 3 1 3 3 3 3 1 1
0.000981914278951376 1 3 3 1 3 3 3 3 2 2
-0.0039486337434180485 1 3 3 3 1 3 3 3 0 0
-0.02524926547280721 1 3 3 3 1 3 3 3 3 0
-0.0052826534192918825 1 3 3 3 1 3 3 3 3 3
-0.0039486337434180485 1 3 3 3 1 3 3 0 3 0
-0.002469406166714352 1 3 3 3 1 3 0 3 3 0
-0.002528099558690466 1 3 3 3 1 0 3 3 3 0
-0.002966719464466672 1 3 3 0 1 3 3 3 3 0
-0.002966719464466672 1 3 0 3 1 3 3 3 3 0
-0.01619767999500953 1 0 2 0 0 1 0 2 0 0
0.01619767999500953 1 0 2 0 0 2 0 1 0 0
-0.011703706712153823 1 0 3 3 1 3 3 3 3 0
-0.01619767999500953 1 0 0 2 0 1 0 0 2 0
0.01619767999500953 1 0 0 2 0 2 0 0 1 0
-0.016440304076064147 1 0 0 0 2 1 0 0 0 2
0.016440304076064147 1 0 0 0 2 2 0 0 0 1
0.015110785184278249 2 1 0 0 0 1 2 0 0 0
-0.015110785184278249 2 1 0 0 0 2 1 0 0 0
-0.00923430054543947 2 2 3 3 3 3 1 3 3 1
-0.00923430054543947 2 2 3 3 3 3 2 3 3 2
0.000981914278951376 2 3 2 3 3 3 3 1 3 1
0.000981914278951376 2 3 2 3 3 3 3 2 3 2
0.000981914278951376 2 3 3 2 3 3 3 3 1 1
0.000981914278951376 2 3 3 2 3 3 3 3 2 2
-0.0039486337434180485 2 3 3 3 2 3 3 3 0 0
-0.02524926547280721 2 3 3 3 2 3 3 3 3 0
-0.0052826534192918825 2 3 3 3 2 3 3 3 3 3
-0.0039486337434180485 2 3 3 3 2 3 3 0 3 0
-0.002469406166714352 2 3 3 3 2 3 0 3 3 0
-0.002528099558690466 2 3 3 3 2 0 3 3 3 0
-0.002966719464466672 2 3 3 0 2 3 3 3 3 0
-0.002966719464466672 2 3 0 3 2 3 3 3 3 0
0.01619767999500953 2 0 1 0 0 1 0 2 0 0
-0.01619767999500953 2 0 1 0 0 2 0 1 0 0
-0.011703706712153823 2 0 3 3 2 3 3 3 3 0
0.01619767999500953 2 0 0 1 0 1 0 0 2 0
-0.01619767999500953 2 0 0 1 0 2 0 0 1 0
0.016440304076064147 2 0 0 0 1 1 0 0 0 2
-0.016440304076064147 2 0 0 0 1 2 0 0 0 1
0.893025943626845 3 0 0 0 0 0 0 0 0 0
0.07316729606569254 3 3 0 0 0 0 0 0 0 0
-0.002528099558690466 3 3 3 3 3 1 3 3 3 1
-0.002528099558690466 3 3 3 3 3 2 3 3 3 2
0.07170530041074819 3 0 3 0 0 0 0 0 0 0
0.07170530041074819 3 0 0 3 0 0 0 0 0 0
0.07325020122606206 3 0 0 0 3 0 0 0 0 0
0.08819815116492005 3 0 0 0 0 3 0 0 0 0
0.08827808124997079 3 0 0 0 0 0 3 0 0 0
0.08790298040575771 3 0 0 0 0 0 0 3 0 0
0.08790298040575771 3 0 0 0 0 0 0 0 3 0
0.08969050530212622 3 0 0 0 0 0 0 0 0 3
-0.004086640432731507 0 1 2 0 0 0 1 2 0 0
0.004086640432731507 0 1 2 0 0 0 2 1 0 0
0.00923430054543947 0 1 3 3 2 1 2 3 3 0
-0.00923430054543947 0 1 3 3 2 2 1 3 3 0
-0.004086640432731507 0 1 0 2 0 0 1 0 2 0
0.004086640432731507 0 1 0 2 0 0 2 0 1 0
-0.047634499528601326 0 1 0 0 2 0 1 0 0 2
0.047634499528601326 0 1 0 0 2 0 2 0 0 1
0.004086640432731507 0 2 1 0 0 0 1 2 0 0
-0.004086640432731507 0 2 1 0 0 0 2 1 0 0
-0.00923430054543947 0 2 3 3 1 1 2 3 3 0
0.00923430054543947 0 2 3 3 1 2 1 3 3 0
0.004086640432731507 0 2 0 1 0 0 1 0 2 0
-0.004086640432731507 0 2 0 1 0 0 2 0 1 0
0.047634499528601326 0 2 0 0 1 0 1 0 0 2
-0.047634499528601326 0 2 0 0 1 0 2 0 0 1
0.6299111086015172 0 3 0 0 0 0 0 0 0 0
-0.000981914278951376 0 3 1 3 2 1 3 2 3 0
0.000981914278951376 0 3 1 3 2 2 3 1 3 0
0.000981914278951376 0 3 2 3 1 1 3 2 3 0
-0.000981914278951376 0 3 2 3 1 2 3 1 3 0
0.08106106712061201 0 3 3 0 0 0 0 0 0 0
-0.000981914278951376 0 3 3 1 2 1 3 3 2 0
0.000981914278951376 0 3 3 1 2 2 3 3 1 0
0.000981914278951376 0 3 3 2 1 1 3 3 2 0
-0.000981914278951376 0 3 3 2 1 2 3 3 1 0
-0.025249265472807217 0 3 3 3 3 1 3 3 3 1
-0.002966719464466672 0 3 3 3 3 1 3 3 0 1
-0.002966719464466672 0 3 3 3 3 1 3 0 3 1
-0.011703706712153823 0 3 3 3 3 1 0 3 3 1
-0.025249265472807217 0 3 3 3 3 2 3 3 3 2
-0.002966719464466672 0 3 3 3 3 2 3 3 0 2
-0.002966719464466672 0 3 3 3 3 2 3 0 3 2
-0.011703706712153823 0 3 3 3 3 2 0 3 3 2
-0.0052826534192918825 0 3 3 3 0 1 3 3 3 1
-0.0052826534192918825 0 3 3 3 0 2 3 3 3 2
-0.0039486337434180485 0 3 3 0 3 1 3 3 3 1
-0.0039486337434180485 0 3 3 0 3 2 3 3 3 2
0.08106106712061201 0 3 0 3 0 0 0 0 0 0
-0.0039486337434180485 0 3 0 3 3 1 3 3 3 1
-0.0039486337434180485 0 3 0 3 3 2 3 3 3 2
0.04812170764110832 0 3 0 0 3 0 0 0 0 0
0.08827808124997079 0 3 0 0 0 3 0 0 0 0
0.09461511415544457 0 3 0 0 0 0 3 0 0 0
0.08514770755334353 0 3 0 0 0 0 0 3 0 0
0.08514770755334353 0 3 0 0 0 0 0 0 3 0
0.09575620716970965 0 3 0 0 0 0 0 0 0 3
-0.004283472826032698 0 0 1 2 0 0 0 1 2 0
0.004283472826032698 0 0 1 2 0 0 0 2 1 0
-0.004494715653372291 0 0 1 0 2 0 0 1 0 2
0.004494715653372291 0 0 1 0 2 0 0 2 0 1
0.004283472826032698 0 0 2 1 0 0 0 1 2 0
-0.004283472826032698 0 0 2 1 0 0 0 2 1 0
0.004494715653372291 0 0 2 0 1 0 0 1 0 2
-0.004494715653372291 0 0 2 0 1 0 0 2 0 1
0.6329638542660583 0 0 3 0 0 0 0 0 0 0
0.08053653788158177 0 0 3 3 0 0 0 0 0 0
-0.002469406166714352 0 0 3 3 3 1 3 3 3 1
-0.002469406166714352 0 0 3 3 3 2 3 3 3 2
0.0822878898083255 0 0 3 0 3 0 0 0 0 0
0.08790298040575771 0 0 3 0 0 3 0 0 0 0
0.08514770755334353 0 0 3 0 0 0 3 0 0 0
0.09338695635967986 0 0 3 0 0 0 0 3 0 0
0.08482001070761447 0 0 3 0 0 0 0 0 3 0
0.0867826054616978 0 0 3 0 0 0 0 0 0 3
-0.004494715653372291 0 0 0 1 2 0 0 0 1 2
0.004494715653372291 0 0 0 1 2 0 0 0 2 1
0.004494715653372291 0 0 0 2 1 0 0 0 1 2
-0.004494715653372291 0 0 0 2 1 0 0 0 2 1
0.6329638542660584 0 0 0 3 0 0 0 0 0 0
0.0822878898083255 0 0 0 3 3 0 0 0 0 0
0.08790298040575771 0 0 0 3 0 3 0 0 0 0
0.08514770755334353 0 0 0 3 0 0 3 0 0 0
0.08482001070761447 0 0 0 3 0 0 0 3 0 0
0.09338695635967986 0 0 0 3 0 0 0 0 3 0
0.0867826054616978 0 0 0 3 0 0 0 0 0 3
0.5976868370869667 0 0 0 0 3 0 0 0 0 0
0.08969050530212622 0 0 0 0 3 3 0 0 0 0
0.09575620716970965 0 0 0 0 3 0 3 0 0 0
0.0867826054616978 0 0 0 0 3 0 0 3 0 0
0.0867826054616978 0 0 0 0 3 0 0 0 3 0
0.09769150554234186 0 0 0 0 3 0 0 0 0 3
0.8930259436268448 0 0 0 0 0 3 0 0 0 0
0.07316729606569254 0 0 0 0 0 3 3 0 0 0
0.07170530041074819 0 0 0 0 0 3 0 3 0 0
0.07170530041074819 0 0 0 0 0 3 0 0 3 0
0.07325020122606206 0 0 0 0 0 3 0 0 0 3
0.6299111086015171 0 0 0 0 0 0 3 0 0 0
0.08106106712061201 0 0 0 0 0 0 3 3 0 0
0.08106106712061201 0 0 0 0 0 0 3 0 3 0
0.04812170764110832 0 0 0 0 0 0 3 0 0 3
0.6329638542660586 0 0 0 0 0 0 0 3 0 0
0.08053653788158177 0 0 0 0 0 0 0 3 3 0
0.0822878898083255 0 0 0 0 0 0 0 3 0 3
0.6329638542660586 0 0 0 0 0 0 0 0 3 0
0.0822878898083255 0 0 0 0 0 0 0 0 3 3
0.5976868370869667 0 0 0 0 0 0 0 0 0 3
