-904.4709163174797 0 0 0 0 0 0 0 0 0 0
-0.027405795886924076 1 1 3 3 3 3 1 3 3 1
-0.027405795886924076 1 1 3 3 3 3 2 3 3 2
-0.037243391407328734 1 2 0 0 0 1 2 0 0 0
0.037243391407328734 1 2 0 0 0 2 1 0 0 0
0.006506941171800061 1 3 1 3 3 3 3 1 3 1
0.006506941171800061 1 3 1 3 3 3 3 2 3 2
0.006506941171800061 1 3 3 1 3 3 3 3 1 1
0.006506941171800061 1 3 3 1 3 3 3 3 2 2
-0.006353423836958021 1 3 3 3 1 3 3 3 0 0
-0.019647263206628886 1 3 3 3 1 3 3 3 3 0
-0.005220230323502228 1 3 3 3 1 3 3 3 3 3
-0.006353423836958021 1 3 3 3 1 3 3 0 3 0
0.006864316772829159 1 3 3 3 1 3 0 3 3 0
0.0012094805106132906 1 3 3 3 1 0 3 3 3 0
0.0001535173348420401 1 3 3 0 1 3 3 3 3 0
0.0001535173348420401 1 3 0 3 1 3 3 3 3 0
-0.019224448913506453 1 0 2 0 0 1 0 2 0 0
0.019224448913506453 1 0 2 0 0 2 0 1 0 0
-0.02054147911409492 1 0 3 3 1 3 3 3 3 0
-0.019224448913506453 1 0 0 2 0 1 0 0 2 0
0.019224448913506453 1 0 0 2 0 2 0 0 1 0
-0.013860232010530969 1 0 0 0 2 1 0 0 0 2
0.013860232010530969 1 0 0 0 2 2 0 0 0 1
0.037243391407328734 2 1 0 0 0 1 2 0 0 0
-0.037243391407328734 2 1 0 0 0 2 1 0 0 0
-0.027405795886924076 2 2 3 3 3 3 1 3 3 1
-0.027405795886924076 2 2 3 3 3 3 2 3 3 2
0.006506941171800061 2 3 2 3 3 3 3 1 3 1
0.006506941171800061 2 3 2 3 3 3 3 2 3 2
0.006506941171800061 2 3 3 2 3 3 3 3 1 1
0.006506941171800061 2 3 3 2 3 3 3 3 2 2
-0.006353423836958021 2 3 3 3 2 3 3 3 0 0
-0.019647263206628886 2 3 3 3 2 3 3 3 3 0
-0.005220230323502228 2 3 3 3 2 3 3 3 3 3
-0.006353423836958021 2 3 3 3 2 3 3 0 3 0
0.006864316772829159 2 3 3 3 2 3 0 3 3 0
0.0012094805106132906 2 3 3 3 2 0 3 3 3 0
0.0001535173348420401 2 3 3 0 2 3 3 3 3 0
0.0001535173348420401 2 3 0 3 2 3 3 3 3 0
0.019224448913506453 2 0 1 0 0 1 0 2 0 0
-0.019224448913506453 2 0 1 0 0 2 0 1 0 0
-0.02054147911409492 2 0 3 3 2 3 3 3 3 0
0.019224448913506453 2 0 0 1 0 1 0 0 2 0
-0.019224448913506453 2 0 0 1 0 2 0 0 1 0
0.013860232010530969 2 0 0 0 1 1 0 0 0 2
-0.013860232010530969 2 0 0 0 1 2 0 0 0 1
0.8930376487936122 3 0 0 0 0 0 0 0 0 0
0.06774560923960432 3 3 0 0 0 0 0 0 0 0
0.0012094805106132906 3 3 3 3 3 1 3 3 3 1
0.0012094805106132906 3 3 3 3 3 2 3 3 3 2
0.08379240851781836 3 0 3 0 0 0 0 0 0 0
0.08379240851781836 3 0 0 3 0 0 0 0 0 0
0.09294225472335595 3 0 0 0 3 0 0 0 0 0
0.1033336548270147 3 0 0 0 0 3 0 0 0 0
0.10498900064693306 3 0 0 0 0 0 3 0 0 0
0.1030168574313248 3 0 0 0 0 0 0 3 0 0
0.1030168574313248 3 0 0 0 0 0 0 0 3 0
0.10680248673388691 3 0 0 0 0 0 0 0 0 3
-0.008284975173158293 0 1 2 0 0 0 1 2 0 0
0.008284975173158293 0 1 2 0 0 0 2 1 0 0
0.027405795886924076 0 1 3 3 2 1 2 3 3 0
-0.027405795886924076 0 1 3 3 2 2 1 3 3 0
-0.008284975173158293 0 1 0 2 0 0 1 0 2 0
0.008284975173158293 0 1 0 2 0 0 2 0 1 0
-0.023742168748839835 0 1 0 0 2 0 1 0 0 2
0.023742168748839835 0 1 0 0 2 0 2 0 0 1
0.008284975173158293 0 2 1 0 0 0 1 2 0 0
-0.008284975173158293 0 2 1 0 0 0 2 1 0 0
-0.027405795886924076 0 2 3 3 1 1 2 3 3 0
0.027405795886924076 0 2 3 3 1 2 1 3 3 0
0.008284975173158293 0 2 0 1 0 0 1 0 2 0
-0.008284975173158293 0 2 0 1 0 0 2 0 1 0
0.023742168748839835 0 2 0 0 1 0 1 0 0 2
-0.023742168748839835 0 2 0 0 1 0 2 0 0 1
0.7854221364221847 0 3 0 0 0 0 0 0 0 0
-0.006506941171800061 0 3 1 3 2 1 3 2 3 0
0.006506941171800061 0 3 1 3 2 2 3 1 3 0
0.006506941171800061 0 3 2 3 1 1 3 2 3 0
-0.006506941171800061 0 3 2 3 1 2 3 1 3 0
0.09268301244697104 0 3 3 0 0 0 0 0 0 0
-0.006506941171800061 0 3 3 1 2 1 3 3 2 0
0.006506941171800061 0 3 3 1 2 2 3 3 1 0
0.006506941171800061 0 3 3 2 1 1 3 3 2 0
-0.006506941171800061 0 3 3 2 1 2 3 3 1 0
-0.019647263206628893 0 3 3 3 3 1 3 3 3 1
0.0001535173348420401 0 3 3 3 3 1 3 3 0 1
0.0001535173348420401 0 3 3 3 3 1 3 0 3 1
-0.02054147911409492 0 3 3 3 3 1 0 3 3 1
-0.019647263206628893 0 3 3 3 3 2 3 3 3 2
0.0001535173348420401 0 3 3 3 3 2 3 3 0 2
0.0001535173348420401 0 3 3 3 3 2 3 0 3 2
-0.02054147911409492 0 3 3 3 3 2 0 3 3 2
-0.005220230323502229 0 3 3 3 0 1 3 3 3 1
-0.005220230323502229 0 3 3 3 0 2 3 3 3 2
-0.006353423836958021 0 3 3 0 3 1 3 3 3 1
-0.006353423836958021 0 3 3 0 3 2 3 3 3 2
0.09268301244697104 0 3 0 3 0 0 0 0 0 0
-0.006353423836958021 0 3 0 3 3 1 3 3 3 1
-0.006353423836958021 0 3 0 3 3 2 3 3 3 2
0.08602128237294077 0 3 0 0 3 0 0 0 0 0
0.10498900064693306 0 3 0 0 0 3 0 0 0 0
0.11151855372398833 0 3 0 0 0 0 3 0 0 0
0.10096798762012933 0 3 0 0 0 0 0 3 0 0
0.10096798762012933 0 3 0 0 0 0 0 0 3 0
0.1097634511217806 0 3 0 0 0 0 0 0 0 3
-0.005117608056140071 0 0 1 2 0 0 0 1 2 0
0.005117608056140071 0 0 1 2 0 0 0 2 1 0
-0.0077974192952598425 0 0 1 0 2 0 0 1 0 2
0.0077974192952598425 0 0 1 0 2 0 0 2 0 1
0.005117608056140071 0 0 2 1 0 0 0 1 2 0
-0.005117608056140071 0 0 2 1 0 0 0 2 1 0
0.0077974192952598425 0 0 2 0 1 0 0 1 0 2
-0.0077974192952598425 0 0 2 0 1 0 0 2 0 1
0.6582988970408821 0 0 3 0 0 0 0 0 0 0
0.09683424922557947 0 0 3 3 0 0 0 0 0 0
0.006864316772829159 0 0 3 3 3 1 3 3 3 1
0.006864316772829159 0 0 3 3 3 2 3 3 3 2
0.10102285184277134 0 0 3 0 3 0 0 0 0 0
0.1030168574313248 0 0 3 0 0 3 0 0 0 0
0.10096798762012933 0 0 3 0 0 0 3 0 0 0
0.11218707339399965 0 0 3 0 0 0 0 3 0 0
0.10195185728171954 0 0 3 0 0 0 0 0 3 0
0.10882027113803118 0 0 3 0 0 0 0 0 0 3
-0.0077974192952598425 0 0 0 1 2 0 0 0 1 2
0.0077974192952598425 0 0 0 1 2 0 0 0 2 1
0.0077974192952598425 0 0 0 2 1 0 0 0 1 2
-0.0077974192952598425 0 0 0 2 1 0 0 0 2 1
0.6582988970408821 0 0 0 3 0 0 0 0 0 0
0.10102285184277134 0 0 0 3 3 0 0 0 0 0
0.1030168574313248 0 0 0 3 0 3 0 0 0 0
0.10096798762012933 0 0 0 3 0 0 3 0 0 0
0.10195185728171954 0 0 0 3 0 0 0 3 0 0
0.11218707339399965 0 0 0 3 0 0 0 0 3 0
0.10882027113803118 0 0 0 3 0 0 0 0 0 3
0.44280551453415723 0 0 0 0 3 0 0 0 0 0
0.10680248673388691 0 0 0 0 3 3 0 0 0 0
0.1097634511217806 0 0 0 0 3 0 3 0 0 0
0.10882027113803118 0 0 0 0 3 0 0 3 0 0
0.10882027113803118 0 0 0 0 3 0 0 0 3 0
0.12173927860846136 0 0 0 0 3 0 0 0 0 3
0.8930376487936124 0 0 0 0 0 3 0 0 0 0
0.06774560923960432 0 0 0 0 0 3 3 0 0 0
0.08379240851781836 0 0 0 0 0 3 0 3 0 0
0.08379240851781836 0 0 0 0 0 3 0 0 3 0
0.09294225472335595 0 0 0 0 0 3 0 0 0 3
0.7854221364221846 0 0 0 0 0 0 3 0 0 0
0.09268301244697104 0 0 0 0 0 0 3 3 0 0
0.09268301244697104 0 0 0 0 0 0 3 0 3 0
0.08602128237294077 0 0 0 0 0 0 3 0 0 3
0.658298897040882 0 0 0 0 0 0 0 3 0 0
0.09683424922557947 0 0 0 0 0 0 0 3 3 0
0.10102285184277134 0 0 0 0 0 0 0 3 0 3
0.6582988970408821 0 0 0 0 0 0 0 0 3 0
0.10102285184277134 0 0 0 0 0 0 0 0 3 3
0.44280551453415723 0 0 0 0 0 0 0 0 0 3
