-900.4886159145575 0 0 0 0 0 0 0 0 0 0
-0.026188645290062273 1 1 3 3 3 3 1 3 3 1
-0.026188645290062273 1 1 3 3 3 3 2 3 3 2
-0.04349316302323037 1 2 0 0 0 1 2 0 0 0
0.04349316302323037 1 2 0 0 0 2 1 0 0 0
0.008245023414549548 1 3 1 3 3 3 3 1 3 1
0.008245023414549548 1 3 1 3 3 3 3 2 3 2
0.008245023414549548 1 3 3 1 3 3 3 3 1 1
0.008245023414549548 1 3 3 1 3 3 3 3 2 2
-0.00022354984623894765 1 3 3 3 1 3 3 3 0 0
0.01806652504035184 1 3 3 3 1 3 3 3 3 0
0.0064645433559185695 1 3 3 3 1 3 3 3 3 3
-0.00022354984623894765 1 3 3 3 1 3 3 0 3 0
0.013172021390169372 1 3 3 3 1 3 0 3 3 0
0.008779823238992278 1 3 3 3 1 0 3 3 3 0
0.0080214735683106 1 3 3 0 1 3 3 3 3 0
0.0080214735683106 1 3 0 3 1 3 3 3 3 0
-0.019500368739488596 1 0 2 0 0 1 0 2 0 0
0.019500368739488596 1 0 2 0 0 2 0 1 0 0
-0.013016623899892898 1 0 3 3 1 3 3 3 3 0
-0.019500368739488596 1 0 0 2 0 1 0 0 2 0
0.019500368739488596 1 0 0 2 0 2 0 0 1 0
-0.01331430079482893 1 0 0 0 2 1 0 0 0 2
0.01331430079482893 1 0 0 0 2 2 0 0 0 1
0.04349316302323037 2 1 0 0 0 1 2 0 0 0
-0.04349316302323037 2 1 0 0 0 2 1 0 0 0
-0.026188645290062273 2 2 3 3 3 3 1 3 3 1
-0.026188645290062273 2 2 3 3 3 3 2 3 3 2
0.008245023414549548 2 3 2 3 3 3 3 1 3 1
0.008245023414549548 2 3 2 3 3 3 3 2 3 2
0.008245023414549548 2 3 3 2 3 3 3 3 1 1
0.008245023414549548 2 3 3 2 3 3 3 3 2 2
-0.00022354984623894765 2 3 3 3 2 3 3 3 0 0
0.01806652504035184 2 3 3 3 2 3 3 3 3 0
0.0064645433559185695 2 3 3 3 2 3 3 3 3 3
-0.00022354984623894765 2 3 3 3 2 3 3 0 3 0
0.013172021390169372 2 3 3 3 2 3 0 3 3 0
0.008779823238992278 2 3 3 3 2 0 3 3 3 0
0.0080214735683106 2 3 3 0 2 3 3 3 3 0
0.0080214735683106 2 3 0 3 2 3 3 3 3 0
0.019500368739488596 2 0 1 0 0 1 0 2 0 0
-0.019500368739488596 2 0 1 0 0 2 0 1 0 0
-0.013016623899892898 2 0 3 3 2 3 3 3 3 0
0.019500368739488596 2 0 0 1 0 1 0 0 2 0
-0.019500368739488596 2 0 0 1 0 2 0 0 1 0
0.01331430079482893 2 0 0 0 1 1 0 0 0 2
-0.01331430079482893 2 0 0 0 1 2 0 0 0 1
0.9055041470193068 3 0 0 0 0 0 0 0 0 0
0.06903284255408967 3 3 0 0 0 0 0 0 0 0
0.008779823238992278 3 3 3 3 3 1 3 3 3 1
0.008779823238992278 3 3 3 3 3 2 3 3 3 2
0.08837253253379926 3 0 3 0 0 0 0 0 0 0
0.08837253253379926 3 0 0 3 0 0 0 0 0 0
0.09776694099500194 3 0 0 0 3 0 0 0 0 0
0.10992297063171347 3 0 0 0 0 3 0 0 0 0
0.11252600557732004 3 0 0 0 0 0 3 0 0 0
0.10787290127328786 3 0 0 0 0 0 0 3 0 0
0.10787290127328786 3 0 0 0 0 0 0 0 3 0
0.11108124178983086 3 0 0 0 0 0 0 0 0 3
-0.009401042985518514 0 1 2 0 0 0 1 2 0 0
0.009401042985518514 0 1 2 0 0 0 2 1 0 0
0.026188645290062273 0 1 3 3 2 1 2 3 3 0
-0.026188645290062273 0 1 3 3 2 2 1 3 3 0
-0.009401042985518514 0 1 0 2 0 0 1 0 2 0
0.009401042985518514 0 1 0 2 0 0 2 0 1 0
-0.020133393578734306 0 1 0 0 2 0 1 0 0 2
0.020133393578734306 0 1 0 0 2 0 2 0 0 1
0.009401042985518514 0 2 1 0 0 0 1 2 0 0
-0.009401042985518514 0 2 1 0 0 0 2 1 0 0
-0.026188645290062273 0 2 3 3 1 1 2 3 3 0
0.026188645290062273 0 2 3 3 1 2 1 3 3 0
0.009401042985518514 0 2 0 1 0 0 1 0 2 0
-0.009401042985518514 0 2 0 1 0 0 2 0 1 0
0.020133393578734306 0 2 0 0 1 0 1 0 0 2
-0.020133393578734306 0 2 0 0 1 0 2 0 0 1
0.8122055300413326 0 3 0 0 0 0 0 0 0 0
-0.008245023414549548 0 3 1 3 2 1 3 2 3 0
0.008245023414549548 0 3 1 3 2 2 3 1 3 0
0.008245023414549548 0 3 2 3 1 1 3 2 3 0
-0.008245023414549548 0 3 2 3 1 2 3 1 3 0
0.09819955277886262 0 3 3 0 0 0 0 0 0 0
-0.008245023414549548 0 3 3 1 2 1 3 3 2 0
0.008245023414549548 0 3 3 1 2 2 3 3 1 0
0.008245023414549548 0 3 3 2 1 1 3 3 2 0
-0.008245023414549548 0 3 3 2 1 2 3 3 1 0
0.01806652504035184 0 3 3 3 3 1 3 3 3 1
0.0080214735683106 0 3 3 3 3 1 3 3 0 1
0.0080214735683106 0 3 3 3 3 1 3 0 3 1
-0.013016623899892898 0 3 3 3 3 1 0 3 3 1
0.01806652504035184 0 3 3 3 3 2 3 3 3 2
0.0080214735683106 0 3 3 3 3 2 3 3 0 2
0.0080214735683106 0 3 3 3 3 2 3 0 3 2
-0.013016623899892898 0 3 3 3 3 2 0 3 3 2
0.0064645433559185695 0 3 3 3 0 1 3 3 3 1
0.0064645433559185695 0 3 3 3 0 2 3 3 3 2
-0.00022354984623894765 0 3 3 0 3 1 3 3 3 1
-0.00022354984623894765 0 3 3 0 3 2 3 3 3 2
0.09819955277886262 0 3 0 3 0 0 0 0 0 0
-0.00022354984623894765 0 3 0 3 3 1 3 3 3 1
-0.00022354984623894765 0 3 0 3 3 2 3 3 3 2
0.09393726214047485 0 3 0 0 3 0 0 0 0 0
0.11252600557732004 0 3 0 0 0 3 0 0 0 0
0.11802756346617131 0 3 0 0 0 0 3 0 0 0
0.10760059576438114 0 3 0 0 0 0 0 3 0 0
0.10760059576438114 0 3 0 0 0 0 0 0 3 0
0.11407065571920916 0 3 0 0 0 0 0 0 0 3
-0.00558502484659218 0 0 1 2 0 0 0 1 2 0
0.00558502484659218 0 0 1 2 0 0 0 2 1 0
-0.009197999066885178 0 0 1 0 2 0 0 1 0 2
0.009197999066885178 0 0 1 0 2 0 0 2 0 1
0.00558502484659218 0 0 2 1 0 0 0 1 2 0
-0.00558502484659218 0 0 2 1 0 0 0 2 1 0
0.009197999066885178 0 0 2 0 1 0 0 1 0 2
-0.009197999066885178 0 0 2 0 1 0 0 2 0 1
0.678394739422185 0 0 3 0 0 0 0 0 0 0
0.10173672508543574 0 0 3 3 0 0 0 0 0 0
0.013172021390169372 0 0 3 3 3 1 3 3 3 1
0.013172021390169372 0 0 3 3 3 2 3 3 3 2
0.10239202432061073 0 0 3 0 3 0 0 0 0 0
0.10787290127328786 0 0 3 0 0 3 0 0 0 0
0.10760059576438114 0 0 3 0 0 0 3 0 0 0
0.11849179962521246 0 0 3 0 0 0 0 3 0 0
0.10732174993202792 0 0 3 0 0 0 0 0 3 0
0.1115900233874959 0 0 3 0 0 0 0 0 0 3
-0.009197999066885178 0 0 0 1 2 0 0 0 1 2
0.009197999066885178 0 0 0 1 2 0 0 0 2 1
0.009197999066885178 0 0 0 2 1 0 0 0 1 2
-0.009197999066885178 0 0 0 2 1 0 0 0 2 1
0.678394739422185 0 0 0 3 0 0 0 0 0 0
0.10239202432061073 0 0 0 3 3 0 0 0 0 0
0.10787290127328786 0 0 0 3 0 3 0 0 0 0
0.10760059576438114 0 0 0 3 0 0 3 0 0 0
0.10732174993202792 0 0 0 3 0 0 0 3 0 0
0.11849179962521246 0 0 0 3 0 0 0 0 3 0
0.1115900233874959 0 0 0 3 0 0 0 0 0 3
0.2084085659820667 0 0 0 0 3 0 0 0 0 0
0.11108124178983086 0 0 0 0 3 3 0 0 0 0
0.11407065571920916 0 0 0 0 3 0 3 0 0 0
0.1115900233874959 0 0 0 0 3 0 0 3 0 0
0.1115900233874959 0 0 0 0 3 0 0 0 3 0
0.11878009339634646 0 0 0 0 3 0 0 0 0 3
0.9055041470193068 0 0 0 0 0 3 0 0 0 0
0.06903284255408967 0 0 0 0 0 3 3 0 0 0
0.08837253253379926 0 0 0 0 0 3 0 3 0 0
0.08837253253379926 0 0 0 0 0 3 0 0 3 0
0.09776694099500194 0 0 0 0 0 3 0 0 0 3
0.8122055300413327 0 0 0 0 0 0 3 0 0 0
0.09819955277886262 0 0 0 0 0 0 3 3 0 0
0.09819955277886262 0 0 0 0 0 0 3 0 3 0
0.09393726214047485 0 0 0 0 0 0 3 0 0 3
0.6783947394221848 0 0 0 0 0 0 0 3 0 0
0.10173672508543574 0 0 0 0 0 0 0 3 3 0
0.10239202432061073 0 0 0 0 0 0 0 3 0 3
0.6783947394221848 0 0 0 0 0 0 0 0 3 0
0.10239202432061073 0 0 0 0 0 0 0 0 3 3
0.2084085659820667 0 0 0 0 0 0 0 0 0 3
