-905.5331678170139 0 0 0 0 0 0 0 0 0 0
-0.022958459428540905 1 1 3 3 3 3 1 3 3 1
-0.022958459428540905 1 1 3 3 3 3 2 3 3 2
-0.023862786917430493 1 2 0 0 0 1 2 0 0 0
0.023862786917430493 1 2 0 0 0 2 1 0 0 0
0.0035407672137780857 1 3 1 3 3 3 3 1 3 1
0.0035407672137780857 1 3 1 3 3 3 3 2 3 2
0.0035407672137780857 1 3 3 1 3 3 3 3 1 1
0.0035407672137780857 1 3 3 1 3 3 3 3 2 2
-0.0067488445681278715 1 3 3 3 1 3 3 3 0 0
-0.033382046767345346 1 3 3 3 1 3 3 3 3 0
-0.008898030754740662 1 3 3 3 1 3 3 3 3 3
-0.0067488445681278715 1 3 3 3 1 3 3 0 3 0
0.0012508536081036153 1 3 3 3 1 3 0 3 3 0
-0.0019094826651239532 1 3 3 3 1 0 3 3 3 0
-0.0032080773543497858 1 3 3 0 1 3 3 3 3 0
-0.0032080773543497858 1 3 0 3 1 3 3 3 3 0
-0.017869854429670106 1 0 2 0 0 1 0 2 0 0
0.017869854429670106 1 0 2 0 0 2 0 1 0 0
-0.021707605820437292 1 0 3 3 1 3 3 3 3 0
-0.017869854429670106 1 0 0 2 0 1 0 0 2 0
0.017869854429670106 1 0 0 2 0 2 0 0 1 0
-0.015710539060446782 1 0 0 0 2 1 0 0 0 2
0.015710539060446782 1 0 0 0 2 2 0 0 0 1
0.023862786917430493 2 1 0 0 0 1 2 0 0 0
-0.023862786917430493 2 1 0 0 0 2 1 0 0 0
-0.022958459428540905 2 2 3 3 3 3 1 3 3 1
-0.022958459428540905 2 2 3 3 3 3 2 3 3 2
0.0035407672137780857 2 3 2 3 3 3 3 1 3 1
0.0035407672137780857 2 3 2 3 3 3 3 2 3 2
0.0035407672137780857 2 3 3 2 3 3 3 3 1 1
0.0035407672137780857 2 3 3 2 3 3 3 3 2 2
-0.0067488445681278715 2 3 3 3 2 3 3 3 0 0
-0.033382046767345346 2 3 3 3 2 3 3 3 3 0
-0.008898030754740662 2 3 3 3 2 3 3 3 3 3
-0.0067488445681278715 2 3 3 3 2 3 3 0 3 0
0.0012508536081036153 2 3 3 3 2 3 0 3 3 0
-0.0019094826651239532 2 3 3 3 2 0 3 3 3 0
-0.0032080773543497858 2 3 3 0 2 3 3 3 3 0
-0.0032080773543497858 2 3 0 3 2 3 3 3 3 0
0.017869854429670106 2 0 1 0 0 1 0 2 0 0
-0.017869854429670106 2 0 1 0 0 2 0 1 0 0
-0.021707605820437292 2 0 3 3 2 3 3 3 3 0
0.017869854429670106 2 0 0 1 0 1 0 0 2 0
-0.017869854429670106 2 0 0 1 0 2 0 0 1 0
0.015710539060446782 2 0 0 0 1 1 0 0 0 2
-0.015710539060446782 2 0 0 0 1 2 0 0 0 1
0.9029124458563893 3 0 0 0 0 0 0 0 0 0
0.07318990275246642 3 3 0 0 0 0 0 0 0 0
-0.0019094826651239532 3 3 3 3 3 1 3 3 3 1
-0.0019094826651239532 3 3 3 3 3 2 3 3 3 2
0.0786236625438669 3 0 3 0 0 0 0 0 0 0
0.0786236625438669 3 0 0 3 0 0 0 0 0 0
0.08427165791722592 3 0 0 0 3 0 0 0 0 0
0.09665155831626886 3 0 0 0 0 3 0 0 0 0
0.09705268966989691 3 0 0 0 0 0 3 0 0 0
0.096493516973537 3 0 0 0 0 0 0 3 0 0
0.096493516973537 3 0 0 0 0 0 0 0 3 0
0.0999821969776727 3 0 0 0 0 0 0 0 0 3
-0.005339815456697186 0 1 2 0 0 0 1 2 0 0
0.005339815456697186 0 1 2 0 0 0 2 1 0 0
0.022958459428540905 0 1 3 3 2 1 2 3 3 0
-0.022958459428540905 0 1 3 3 2 2 1 3 3 0
-0.005339815456697186 0 1 0 2 0 0 1 0 2 0
0.005339815456697186 0 1 0 2 0 0 2 0 1 0
-0.03368445181416923 0 1 0 0 2 0 1 0 0 2
0.03368445181416923 0 1 0 0 2 0 2 0 0 1
0.005339815456697186 0 2 1 0 0 0 1 2 0 0
-0.005339815456697186 0 2 1 0 0 0 2 1 0 0
-0.022958459428540905 0 2 3 3 1 1 2 3 3 0
0.022958459428540905 0 2 3 3 1 2 1 3 3 0
0.005339815456697186 0 2 0 1 0 0 1 0 2 0
-0.005339815456697186 0 2 0 1 0 0 2 0 1 0
0.03368445181416923 0 2 0 0 1 0 1 0 0 2
-0.03368445181416923 0 2 0 0 1 0 2 0 0 1
0.7280545527487177 0 3 0 0 0 0 0 0 0 0
-0.0035407672137780857 0 3 1 3 2 1 3 2 3 0
0.0035407672137780857 0 3 1 3 2 2 3 1 3 0
0.0035407672137780857 0 3 2 3 1 1 3 2 3 0
-0.0035407672137780857 0 3 2 3 1 2 3 1 3 0
0.0885046457651797 0 3 3 0 0 0 0 0 0 0
-0.0035407672137780857 0 3 3 1 2 1 3 3 2 0
0.0035407672137780857 0 3 3 1 2 2 3 3 1 0
0.0035407672137780857 0 3 3 2 1 1 3 3 2 0
-0.0035407672137780857 0 3 3 2 1 2 3 3 1 0
-0.033382046767345346 0 3 3 3 3 1 3 3 3 1
-0.0032080773543497858 0 3 3 3 3 1 3 3 0 1
-0.0032080773543497858 0 3 3 3 3 1 3 0 3 1
-0.021707605820437292 0 3 3 3 3 1 0 3 3 1
-0.033382046767345346 0 3 3 3 3 2 3 3 3 2
-0.0032080773543497858 0 3 3 3 3 2 3 3 0 2
-0.0032080773543497858 0 3 3 3 3 2 3 0 3 2
-0.021707605820437292 0 3 3 3 3 2 0 3 3 2
-0.008898030754740662 0 3 3 3 0 1 3 3 3 1
-0.008898030754740662 0 3 3 3 0 2 3 3 3 2
-0.0067488445681278715 0 3 3 0 3 1 3 3 3 1
-0.0067488445681278715 0 3 3 0 3 2 3 3 3 2
0.0885046457651797 0 3 0 3 0 0 0 0 0 0
-0.0067488445681278715 0 3 0 3 3 1 3 3 3 1
-0.0067488445681278715 0 3 0 3 3 2 3 3 3 2
0.07163119269870133 0 3 0 0 3 0 0 0 0 0
0.09705268966989691 0 3 0 0 0 3 0 0 0 0
0.10439924163832626 0 3 0 0 0 0 3 0 0 0
0.0938444612218769 0 3 0 0 0 0 0 3 0 0
0.0938444612218769 0 3 0 0 0 0 0 0 3 0
0.10531564451287057 0 3 0 0 0 0 0 0 0 3
-0.004615963007085663 0 0 1 2 0 0 0 1 2 0
0.004615963007085663 0 0 1 2 0 0 0 2 1 0
-0.005683488921249418 0 0 1 0 2 0 0 1 0 2
0.005683488921249418 0 0 1 0 2 0 0 2 0 1
0.004615963007085663 0 0 2 1 0 0 0 1 2 0
-0.004615963007085663 0 0 2 1 0 0 0 2 1 0
0.005683488921249418 0 0 2 0 1 0 0 1 0 2
-0.005683488921249418 0 0 2 0 1 0 0 2 0 1
0.6550554019962097 0 0 3 0 0 0 0 0 0 0
0.08947153153144438 0 0 3 3 0 0 0 0 0 0
0.0012508536081036153 0 0 3 3 3 1 3 3 3 1
0.0012508536081036153 0 0 3 3 3 2 3 3 3 2
0.09371842939442547 0 0 3 0 3 0 0 0 0 0
0.096493516973537 0 0 3 0 0 3 0 0 0 0
0.0938444612218769 0 0 3 0 0 0 3 0 0 0
0.1033194205527014 0 0 3 0 0 0 0 3 0 0
0.09408749453853005 0 0 3 0 0 0 0 0 3 0
0.0994019183156749 0 0 3 0 0 0 0 0 0 3
-0.005683488921249418 0 0 0 1 2 0 0 0 1 2
0.005683488921249418 0 0 0 1 2 0 0 0 2 1
0.005683488921249418 0 0 0 2 1 0 0 0 1 2
-0.005683488921249418 0 0 0 2 1 0 0 0 2 1
0.6550554019962096 0 0 0 3 0 0 0 0 0 0
0.09371842939442547 0 0 0 3 3 0 0 0 0 0
0.096493516973537 0 0 0 3 0 3 0 0 0 0
0.0938444612218769 0 0 0 3 0 0 3 0 0 0
0.09408749453853005 0 0 0 3 0 0 0 3 0 0
0.1033194205527014 0 0 0 3 0 0 0 0 3 0
0.0994019183156749 0 0 0 3 0 0 0 0 0 3
0.5690352504318539 0 0 0 0 3 0 0 0 0 0
0.0999821969776727 0 0 0 0 3 3 0 0 0 0
0.10531564451287057 0 0 0 0 3 0 3 0 0 0
0.0994019183156749 0 0 0 0 3 0 0 3 0 0
0.0994019183156749 0 0 0 0 3 0 0 0 3 0
0.11425829278189253 0 0 0 0 3 0 0 0 0 3
0.9029124458563892 0 0 0 0 0 3 0 0 0 0
0.07318990275246642 0 0 0 0 0 3 3 0 0 0
0.0786236625438669 0 0 0 0 0 3 0 3 0 0
0.0786236625438669 0 0 0 0 0 3 0 0 3 0
0.08427165791722592 0 0 0 0 0 3 0 0 0 3
0.7280545527487177 0 0 0 0 0 0 3 0 0 0
0.0885046457651797 0 0 0 0 0 0 3 3 0 0
0.0885046457651797 0 0 0 0 0 0 3 0 3 0
0.07163119269870133 0 0 0 0 0 0 3 0 0 3
0.6550554019962098 0 0 0 0 0 0 0 3 0 0
0.08947153153144438 0 0 0 0 0 0 0 3 3 0
0.09371842939442547 0 0 0 0 0 0 0 3 0 3
0.6550554019962097 0 0 0 0 0 0 0 0 3 0
0.09371842939442547 0 0 0 0 0 0 0 0 3 3
0.5690352504318539 0 0 0 0 0 0 0 0 0 3
