-903.1562018222833 0 0 0 0 0 0 0 0 0 0
-0.0008956691793602992 1 1 1 3 1 3 0 3 3 0
0.015232151356197198 1 1 2 3 2 3 0 3 3 0
-0.0003625173388045104 1 1 0 1 1 3 0 0 3 0
0.006165132284511549 1 1 0 2 2 3 0 0 3 0
0.0004469154862953364 1 1 0 3 3 3 0 1 3 1
0.0004469154862953364 1 1 0 3 3 3 0 2 3 2
0.00018088666719337474 1 1 0 0 3 3 0 0 1 1
0.00018088666719337474 1 1 0 0 3 3 0 0 2 2
-0.016127820535557495 1 2 2 3 1 3 0 3 3 0
-0.00652764962331606 1 2 0 2 1 3 0 0 3 0
-0.005735356724545102 1 2 0 0 0 1 2 0 0 0
0.005735356724545102 1 2 0 0 0 2 1 0 0 0
0.01478523586990186 1 3 2 3 3 3 1 3 3 2
-0.01478523586990186 1 3 2 3 3 3 2 3 3 1
0.005984245617318175 1 3 0 2 3 3 1 0 3 2
-0.005984245617318175 1 3 0 2 3 3 2 0 3 1
-0.0013425846656556354 1 3 0 3 1 3 1 1 3 0
-0.0013425846656556354 1 3 0 3 1 3 2 2 3 0
-0.0005434040059978852 1 3 0 0 1 3 1 0 1 0
-0.0005434040059978852 1 3 0 0 1 3 2 0 2 0
-0.009461483358123688 1 0 2 3 0 1 0 3 2 0
0.009461483358123688 1 0 2 3 0 2 0 3 1 0
-0.02705444465055446 1 0 2 0 0 1 0 2 0 0
0.02705444465055446 1 0 2 0 0 2 0 1 0 0
-0.009461483358123688 1 0 0 1 0 1 0 1 0 0
-0.009461483358123688 1 0 0 1 0 2 0 2 0 0
-0.007507505697588309 1 0 0 2 0 1 0 0 2 0
0.007507505697588309 1 0 0 2 0 2 0 0 1 0
-0.006247902749553521 1 0 0 0 2 1 0 0 0 2
0.006247902749553521 1 0 0 0 2 2 0 0 0 1
-0.016127820535557495 2 1 1 3 2 3 0 3 3 0
-0.00652764962331606 2 1 0 1 2 3 0 0 3 0
0.005735356724545102 2 1 0 0 0 1 2 0 0 0
-0.005735356724545102 2 1 0 0 0 2 1 0 0 0
0.015232151356197198 2 2 1 3 1 3 0 3 3 0
-0.0008956691793602992 2 2 2 3 2 3 0 3 3 0
0.006165132284511549 2 2 0 1 1 3 0 0 3 0
-0.0003625173388045104 2 2 0 2 2 3 0 0 3 0
0.0004469154862953364 2 2 0 3 3 3 0 1 3 1
0.0004469154862953364 2 2 0 3 3 3 0 2 3 2
0.00018088666719337474 2 2 0 0 3 3 0 0 1 1
0.00018088666719337474 2 2 0 0 3 3 0 0 2 2
-0.01478523586990186 2 3 1 3 3 3 1 3 3 2
0.01478523586990186 2 3 1 3 3 3 2 3 3 1
-0.005984245617318175 2 3 0 1 3 3 1 0 3 2
0.005984245617318175 2 3 0 1 3 3 2 0 3 1
-0.0013425846656556354 2 3 0 3 2 3 1 1 3 0
-0.0013425846656556354 2 3 0 3 2 3 2 2 3 0
-0.0005434040059978852 2 3 0 0 2 3 1 0 1 0
-0.0005434040059978852 2 3 0 0 2 3 2 0 2 0
0.009461483358123688 2 0 1 3 0 1 0 3 2 0
-0.009461483358123688 2 0 1 3 0 2 0 3 1 0
0.02705444465055446 2 0 1 0 0 1 0 2 0 0
-0.02705444465055446 2 0 1 0 0 2 0 1 0 0
0.007507505697588309 2 0 0 1 0 1 0 0 2 0
-0.007507505697588309 2 0 0 1 0 2 0 0 1 0
-0.009461483358123688 2 0 0 2 0 1 0 1 0 0
-0.009461483358123688 2 0 0 2 0 2 0 2 0 0
0.006247902749553521 2 0 0 0 1 1 0 0 0 2
-0.006247902749553521 2 0 0 0 1 2 0 0 0 1
0.9298271025528941 3 0 0 0 0 0 0 0 0 0
0.09499012551569633 3 3 0 0 0 0 0 0 0 0
0.006050707614105408 3 0 1 1 0 0 0 3 0 0
0.006050707614105408 3 0 2 2 0 0 0 3 0 0
0.08628274495474533 3 0 3 0 0 0 0 0 0 0
0.09878319629820372 3 0 0 3 0 0 0 0 0 0
-0.0034107757440182806 3 0 0 3 0 0 0 1 1 0
-0.0034107757440182806 3 0 0 3 0 0 0 2 2 0
0.10654388344475581 3 0 0 0 3 0 0 0 0 0
0.12044302999819952 3 0 0 0 0 3 0 0 0 0
0.10072548224024143 3 0 0 0 0 0 3 0 0 0
0.1133371896052998 3 0 0 0 0 0 0 3 0 0
0.10629070199579202 3 0 0 0 0 0 0 0 3 0
0.11279178619430932 3 0 0 0 0 0 0 0 0 3
-0.0013425846656556354 0 1 1 3 3 1 0 3 3 1
-0.0013425846656556354 0 1 1 3 3 2 0 3 3 2
-0.00908789079378272 0 1 2 0 0 0 1 2 0 0
0.00908789079378272 0 1 2 0 0 0 2 1 0 0
-0.0005434040059978852 0 1 0 1 3 1 0 0 3 1
-0.0005434040059978852 0 1 0 1 3 2 0 0 3 2
-0.00908789079378273 0 1 0 2 0 0 1 0 2 0
0.00908789079378273 0 1 0 2 0 0 2 0 1 0
0.01478523586990186 0 1 0 3 2 1 0 2 3 0
-0.01478523586990186 0 1 0 3 2 2 0 1 3 0
0.005984245617318175 0 1 0 0 2 1 0 0 2 0
-0.005984245617318175 0 1 0 0 2 2 0 0 1 0
-0.02226821074352594 0 1 0 0 2 0 1 0 0 2
0.02226821074352594 0 1 0 0 2 0 2 0 0 1
0.00908789079378272 0 2 1 0 0 0 1 2 0 0
-0.00908789079378272 0 2 1 0 0 0 2 1 0 0
-0.0013425846656556354 0 2 2 3 3 1 0 3 3 1
-0.0013425846656556354 0 2 2 3 3 2 0 3 3 2
0.00908789079378273 0 2 0 1 0 0 1 0 2 0
-0.00908789079378273 0 2 0 1 0 0 2 0 1 0
-0.0005434040059978852 0 2 0 2 3 1 0 0 3 1
-0.0005434040059978852 0 2 0 2 3 2 0 0 3 2
-0.01478523586990186 0 2 0 3 1 1 0 2 3 0
0.01478523586990186 0 2 0 3 1 2 0 1 3 0
-0.005984245617318175 0 2 0 0 1 1 0 0 2 0
0.005984245617318175 0 2 0 0 1 2 0 0 1 0
0.02226821074352594 0 2 0 0 1 0 1 0 0 2
-0.02226821074352594 0 2 0 0 1 0 2 0 0 1
0.8222367696866258 0 3 0 0 0 0 0 0 0 0
0.0004469154862953364 0 3 1 3 1 1 1 3 3 0
0.0004469154862953364 0 3 1 3 1 2 2 3 3 0
0.0004469154862953364 0 3 2 3 2 1 1 3 3 0
0.0004469154862953364 0 3 2 3 2 2 2 3 3 0
0.09499594261128497 0 3 3 0 0 0 0 0 0 0
0.00018088666719337474 0 3 0 1 1 1 1 0 3 0
0.00018088666719337474 0 3 0 1 1 2 2 0 3 0
0.00018088666719337474 0 3 0 2 2 1 1 0 3 0
0.00018088666719337474 0 3 0 2 2 2 2 0 3 0
0.0949959426112851 0 3 0 3 0 0 0 0 0 0
-0.0008956691793602992 0 3 0 3 3 1 1 1 3 1
0.015232151356197198 0 3 0 3 3 1 1 2 3 2
-0.016127820535557495 0 3 0 3 3 1 2 2 3 1
-0.016127820535557495 0 3 0 3 3 2 1 1 3 2
0.015232151356197198 0 3 0 3 3 2 2 1 3 1
-0.0008956691793602992 0 3 0 3 3 2 2 2 3 2
0.08973666842384191 0 3 0 0 3 0 0 0 0 0
-0.0003625173388045104 0 3 0 0 3 1 1 0 1 1
0.006165132284511549 0 3 0 0 3 1 1 0 2 2
-0.00652764962331606 0 3 0 0 3 1 2 0 2 1
-0.00652764962331606 0 3 0 0 3 2 1 0 1 2
0.006165132284511549 0 3 0 0 3 2 2 0 1 1
-0.0003625173388045104 0 3 0 0 3 2 2 0 2 2
0.10072548224024143 0 3 0 0 0 3 0 0 0 0
0.11441877359706781 0 3 0 0 0 0 3 0 0 0
0.10408383340506769 0 3 0 0 0 0 0 3 0 0
0.10408383340506783 0 3 0 0 0 0 0 0 3 0
0.11200487916736786 0 3 0 0 0 0 0 0 0 3
-0.0034107757440182806 0 0 1 1 0 3 0 3 0 0
0.0026399318700876637 0 0 1 1 0 0 0 3 0 0
-0.00534246118447431 0 0 1 2 0 0 0 1 2 0
0.00534246118447431 0 0 1 2 0 0 0 2 1 0
-0.00867668505327964 0 0 1 0 2 0 0 1 0 2
0.00867668505327964 0 0 1 0 2 0 0 2 0 1
0.00534246118447431 0 0 2 1 0 0 0 1 2 0
-0.00534246118447431 0 0 2 1 0 0 0 2 1 0
-0.0034107757440182806 0 0 2 2 0 3 0 3 0 0
0.0026399318700876637 0 0 2 2 0 0 0 3 0 0
0.00867668505327964 0 0 2 0 1 0 0 1 0 2
-0.00867668505327964 0 0 2 0 1 0 0 2 0 1
0.6726646017226765 0 0 3 0 0 0 0 0 0 0
0.0993354651492905 0 0 3 3 0 0 0 0 0 0
0.10203550571472263 0 0 3 0 3 0 0 0 0 0
0.1133371896052998 0 0 3 0 0 3 0 0 0 0
0.10408383340506769 0 0 3 0 0 0 3 0 0 0
0.11536284870271331 0 0 3 0 0 0 0 3 0 0
0.1046779263337648 0 0 3 0 0 0 0 0 3 0
0.11071219076800226 0 0 3 0 0 0 0 0 0 3
-0.008676685053279643 0 0 0 1 2 0 0 0 1 2
0.008676685053279643 0 0 0 1 2 0 0 0 2 1
0.008676685053279643 0 0 0 2 1 0 0 0 1 2
-0.008676685053279643 0 0 0 2 1 0 0 0 2 1
0.6781185654566273 0 0 0 3 0 0 0 0 0 0
0.10203550571472284 0 0 0 3 3 0 0 0 0 0
0.10629070199579202 0 0 0 3 0 3 0 0 0 0
0.006050707614105408 0 0 0 3 0 3 0 1 1 0
0.006050707614105408 0 0 0 3 0 3 0 2 2 0
0.10408383340506783 0 0 0 3 0 0 3 0 0 0
0.002639931870087663 0 0 0 3 0 0 0 1 1 0
0.002639931870087663 0 0 0 3 0 0 0 2 2 0
0.1046779263337648 0 0 0 3 0 0 0 3 0 0
0.1153628487027136 0 0 0 3 0 0 0 0 3 0
0.11071219076800248 0 0 0 3 0 0 0 0 0 3
0.3901587640691653 0 0 0 0 3 0 0 0 0 0
0.11279178619430932 0 0 0 0 3 3 0 0 0 0
0.11200487916736786 0 0 0 0 3 0 3 0 0 0
0.11071219076800226 0 0 0 0 3 0 0 3 0 0
0.11071219076800248 0 0 0 0 3 0 0 0 3 0
0.1205853767985826 0 0 0 0 3 0 0 0 0 3
0.9298271025528941 0 0 0 0 0 3 0 0 0 0
0.09499012551569633 0 0 0 0 0 3 3 0 0 0
0.08628274495474533 0 0 0 0 0 3 0 3 0 0
0.09878319629820372 0 0 0 0 0 3 0 0 3 0
0.10654388344475581 0 0 0 0 0 3 0 0 0 3
0.8222367696866258 0 0 0 0 0 0 3 0 0 0
0.09499594261128497 0 0 0 0 0 0 3 3 0 0
0.0949959426112851 0 0 0 0 0 0 3 0 3 0
0.08973666842384191 0 0 0 0 0 0 3 0 0 3
0.6726646017226766 0 0 0 0 0 0 0 3 0 0
0.0993354651492905 0 0 0 0 0 0 0 3 3 0
0.10203550571472263 0 0 0 0 0 0 0 3 0 3
0.6781185654566275 0 0 0 0 0 0 0 0 3 0
0.10203550571472284 0 0 0 0 0 0 0 0 3 3
0.3901587640691652 0 0 0 0 0 0 0 0 0 3
