-95.63916593636252 0 0 0 0 0 0 0 0
-0.013442592524559661 1 2 0 0 1 2 0 0
0.013442592524559661 1 2 0 0 2 1 0 0
-0.006538376394904879 1 0 2 3 1 0 3 2
0.006538376394904879 1 0 2 3 2 0 3 1
-0.0072018884011251375 1 0 2 0 1 0 2 0
0.0072018884011251375 1 0 2 0 2 0 1 0
-0.006538376394904878 1 0 0 1 1 0 1 0
-0.006538376394904878 1 0 0 1 2 0 2 0
-0.006669858503233204 1 0 0 2 1 0 0 2
0.006669858503233204 1 0 0 2 2 0 0 1
0.013442592524559661 2 1 0 0 1 2 0 0
-0.013442592524559661 2 1 0 0 2 1 0 0
0.006538376394904879 2 0 1 3 1 0 3 2
-0.006538376394904879 2 0 1 3 2 0 3 1
0.0072018884011251375 2 0 1 0 1 0 2 0
-0.0072018884011251375 2 0 1 0 2 0 1 0
0.006669858503233204 2 0 0 1 1 0 0 2
-0.006669858503233204 2 0 0 1 2 0 0 1
-0.006538376394904878 2 0 0 2 1 0 1 0
-0.006538376394904878 2 0 0 2 2 0 2 0
0.9279041926050442 3 0 0 0 0 0 0 0
0.2090506289087354 3 3 0 0 0 0 0 0
-0.0687069723142222 3 0 1 1 0 0 3 0
-0.0687069723142222 3 0 2 2 0 0 3 0
0.14402576772439507 3 0 3 0 0 0 0 0
0.13712255716939273 3 0 0 3 0 0 0 0
-0.07524534870912708 3 0 0 3 0 0 1 1
-0.07524534870912708 3 0 0 3 0 0 2 2
0.24937840648241444 3 0 0 0 3 0 0 0
0.22249322143329509 3 0 0 0 0 3 0 0
0.1512276561255202 3 0 0 0 0 0 3 0
0.14379241567262593 3 0 0 0 0 0 0 3
-0.006538376394904873 0 1 2 3 0 1 3 2
0.006538376394904873 0 1 2 3 0 2 3 1
-0.007201888401125135 0 1 2 0 0 1 2 0
0.007201888401125135 0 1 2 0 0 2 1 0
-0.006538376394904873 0 1 0 1 0 1 1 0
-0.006538376394904873 0 1 0 1 0 2 2 0
-0.006669858503233198 0 1 0 2 0 1 0 2
0.006669858503233198 0 1 0 2 0 2 0 1
0.006538376394904873 0 2 1 3 0 1 3 2
-0.006538376394904873 0 2 1 3 0 2 3 1
0.007201888401125135 0 2 1 0 0 1 2 0
-0.007201888401125135 0 2 1 0 0 2 1 0
0.006669858503233198 0 2 0 1 0 1 0 2
-0.006669858503233198 0 2 0 1 0 2 0 1
-0.006538376394904873 0 2 0 2 0 1 1 0
-0.006538376394904873 0 2 0 2 0 2 2 0
0.9279041926050436 0 3 0 0 0 0 0 0
-0.06870697231422214 0 3 1 1 0 0 3 0
-0.06870697231422214 0 3 2 2 0 0 3 0
0.14402576772439496 0 3 3 0 0 0 0 0
0.13712255716939264 0 3 0 3 0 0 0 0
-0.07524534870912701 0 3 0 3 0 0 1 1
-0.07524534870912701 0 3 0 3 0 0 2 2
0.22249322143329509 0 3 0 0 3 0 0 0
0.2493784064824142 0 3 0 0 0 3 0 0
0.15122765612552008 0 3 0 0 0 0 3 0
0.14379241567262585 0 3 0 0 0 0 0 3
-0.018989211408849013 0 0 1 1 0 0 0 0
-0.07524534870912708 0 0 1 1 3 0 3 0
-0.07524534870912701 0 0 1 1 0 3 3 0
-0.29800859244806727 0 0 1 1 0 0 3 0
-0.008885211026287584 0 0 1 1 0 0 3 3
-0.07287930963803424 0 0 1 2 0 0 1 2
0.07287930963803424 0 0 1 2 0 0 2 1
0.07287930963803424 0 0 2 1 0 0 1 2
-0.07287930963803424 0 0 2 1 0 0 2 1
-0.018989211408849013 0 0 2 2 0 0 0 0
-0.07524534870912708 0 0 2 2 3 0 3 0
-0.07524534870912701 0 0 2 2 0 3 3 0
-0.29800859244806727 0 0 2 2 0 0 3 0
-0.008885211026287584 0 0 2 2 0 0 3 3
0.6840617287299189 0 0 3 0 0 0 0 0
0.0754775962682155 0 0 3 3 0 0 0 0
-0.018989211408849013 0 0 3 3 0 0 1 1
-0.018989211408849013 0 0 3 3 0 0 2 2
0.1512276561255202 0 0 3 0 3 0 0 0
0.15122765612552008 0 0 3 0 0 3 0 0
0.14868859754726094 0 0 3 0 0 0 3 0
0.14835690590624973 0 0 3 0 0 0 0 3
0.5680404712721286 0 0 0 3 0 0 0 0
0.14379241567262593 0 0 0 3 3 0 0 0
-0.0687069723142222 0 0 0 3 3 0 1 1
-0.0687069723142222 0 0 0 3 3 0 2 2
0.14379241567262585 0 0 0 3 0 3 0 0
-0.06870697231422214 0 0 0 3 0 3 1 1
-0.06870697231422214 0 0 0 3 0 3 2 2
-0.29800859244806727 0 0 0 3 0 0 1 1
-0.29800859244806727 0 0 0 3 0 0 2 2
0.14835690590624973 0 0 0 3 0 0 3 0
0.15137821446257088 0 0 0 3 0 0 0 3
0.9279041926050439 0 0 0 0 3 0 0 0
0.2090506289087354 0 0 0 0 3 3 0 0
0.14402576772439507 0 0 0 0 3 0 3 0
0.13712255716939273 0 0 0 0 3 0 0 3
0.9279041926050436 0 0 0 0 0 3 0 0
0.14402576772439496 0 0 0 0 0 3 3 0
0.13712255716939264 0 0 0 0 0 3 0 3
-0.008885211026287584 0 0 0 0 0 0 1 1
-0.008885211026287584 0 0 0 0 0 0 2 2
0.6840617287299188 0 0 0 0 0 0 3 0
0.0754775962682155 0 0 0 0 0 0 3 3
0.5680404712721286 0 0 0 0 0 0 0 3
