-95.60888688852404 0 0 0 0 0 0 0 0
-0.013442592524559625 1 2 0 0 1 2 0 0
0.013442592524559625 1 2 0 0 2 1 0 0
-0.006365432388375115 1 0 2 3 1 0 3 2
0.006365432388375115 1 0 2 3 2 0 3 1
-0.007466047553371637 1 0 2 0 1 0 2 0
0.007466047553371637 1 0 2 0 2 0 1 0
-0.006365432388375115 1 0 0 1 1 0 1 0
-0.006365432388375115 1 0 0 1 2 0 2 0
-0.006823581556811579 1 0 0 2 1 0 0 2
0.006823581556811579 1 0 0 2 2 0 0 1
0.013442592524559625 2 1 0 0 1 2 0 0
-0.013442592524559625 2 1 0 0 2 1 0 0
0.006365432388375115 2 0 1 3 1 0 3 2
-0.006365432388375115 2 0 1 3 2 0 3 1
0.007466047553371637 2 0 1 0 1 0 2 0
-0.007466047553371637 2 0 1 0 2 0 1 0
0.006823581556811579 2 0 0 1 1 0 0 2
-0.006823581556811579 2 0 0 1 2 0 0 1
-0.006365432388375115 2 0 0 2 1 0 1 0
-0.006365432388375115 2 0 0 2 2 0 2 0
0.9297742562063998 3 0 0 0 0 0 0 0
0.20905062890873516 3 3 0 0 0 0 0 0
-0.06479112164799329 3 0 1 1 0 0 3 0
-0.06479112164799329 3 0 2 2 0 0 3 0
0.14857614674262742 3 0 3 0 0 0 0 0
0.1410282796516815 3 0 0 3 0 0 0 0
-0.0711565540363684 3 0 0 3 0 0 1 1
-0.0711565540363684 3 0 0 3 0 0 2 2
0.24937840648241405 3 0 0 0 3 0 0 0
0.2224932214332948 3 0 0 0 0 3 0 0
0.15604219429599908 3 0 0 0 0 0 3 0
0.14785186120849308 3 0 0 0 0 0 0 3
-0.006365432388375114 0 1 2 3 0 1 3 2
0.006365432388375114 0 1 2 3 0 2 3 1
-0.007466047553371636 0 1 2 0 0 1 2 0
0.007466047553371636 0 1 2 0 0 2 1 0
-0.006365432388375114 0 1 0 1 0 1 1 0
-0.006365432388375114 0 1 0 1 0 2 2 0
-0.006823581556811579 0 1 0 2 0 1 0 2
0.006823581556811579 0 1 0 2 0 2 0 1
0.006365432388375114 0 2 1 3 0 1 3 2
-0.006365432388375114 0 2 1 3 0 2 3 1
0.007466047553371636 0 2 1 0 0 1 2 0
-0.007466047553371636 0 2 1 0 0 2 1 0
0.006823581556811579 0 2 0 1 0 1 0 2
-0.006823581556811579 0 2 0 1 0 2 0 1
-0.006365432388375114 0 2 0 2 0 1 1 0
-0.006365432388375114 0 2 0 2 0 2 2 0
0.9297742562063998 0 3 0 0 0 0 0 0
-0.06479112164799329 0 3 1 1 0 0 3 0
-0.06479112164799329 0 3 2 2 0 0 3 0
0.14857614674262742 0 3 3 0 0 0 0 0
0.1410282796516815 0 3 0 3 0 0 0 0
-0.0711565540363684 0 3 0 3 0 0 1 1
-0.0711565540363684 0 3 0 3 0 0 2 2
0.2224932214332948 0 3 0 0 3 0 0 0
0.24937840648241405 0 3 0 0 0 3 0 0
0.15604219429599908 0 3 0 0 0 0 3 0
0.14785186120849308 0 3 0 0 0 0 0 3
-0.019653654159054495 0 0 1 1 0 0 0 0
-0.0711565540363684 0 0 1 1 3 0 3 0
-0.0711565540363684 0 0 1 1 0 3 3 0
-0.2831351123546234 0 0 1 1 0 0 3 0
-0.008413891412180526 0 0 1 1 0 0 3 3
-0.06841546039176559 0 0 1 2 0 0 1 2
0.06841546039176559 0 0 1 2 0 0 2 1
0.06841546039176559 0 0 2 1 0 0 1 2
-0.06841546039176559 0 0 2 1 0 0 2 1
-0.019653654159054495 0 0 2 2 0 0 0 0
-0.0711565540363684 0 0 2 2 3 0 3 0
-0.0711565540363684 0 0 2 2 0 3 3 0
-0.2831351123546234 0 0 2 2 0 0 3 0
-0.008413891412180526 0 0 2 2 0 0 3 3
0.7179263363762165 0 0 3 0 0 0 0 0
0.08446200555158445 0 0 3 3 0 0 0 0
-0.019653654159054495 0 0 3 3 0 0 1 1
-0.019653654159054495 0 0 3 3 0 0 2 2
0.15604219429599908 0 0 3 0 3 0 0 0
0.15604219429599908 0 0 3 0 0 3 0 0
0.15416418135307758 0 0 3 0 0 0 3 0
0.15287746594335003 0 0 3 0 0 0 0 3
0.5621317503700906 0 0 0 3 0 0 0 0
0.14785186120849308 0 0 0 3 3 0 0 0
-0.06479112164799329 0 0 0 3 3 0 1 1
-0.06479112164799329 0 0 0 3 3 0 2 2
0.14785186120849308 0 0 0 3 0 3 0 0
-0.06479112164799329 0 0 0 3 0 3 1 1
-0.06479112164799329 0 0 0 3 0 3 2 2
-0.2831351123546234 0 0 0 3 0 0 1 1
-0.2831351123546234 0 0 0 3 0 0 2 2
0.15287746594335003 0 0 0 3 0 0 3 0
0.15696301605124605 0 0 0 3 0 0 0 3
0.9297742562063999 0 0 0 0 3 0 0 0
0.20905062890873516 0 0 0 0 3 3 0 0
0.14857614674262742 0 0 0 0 3 0 3 0
0.1410282796516815 0 0 0 0 3 0 0 3
0.9297742562063999 0 0 0 0 0 3 0 0
0.14857614674262742 0 0 0 0 0 3 3 0
0.1410282796516815 0 0 0 0 0 3 0 3
-0.008413891412180526 0 0 0 0 0 0 1 1
-0.008413891412180526 0 0 0 0 0 0 2 2
0.7179263363762165 0 0 0 0 0 0 3 0
0.08446200555158445 0 0 0 0 0 0 3 3
0.5621317503700908 0 0 0 0 0 0 0 3
