-95.661725077722 0 0 0 0 0 0 0 0
-0.013442592524559661 1 2 0 0 1 2 0 0
0.013442592524559661 1 2 0 0 2 1 0 0
-0.006668340372969879 1 0 2 3 1 0 3 2
0.006668340372969879 1 0 2 3 2 0 3 1
-0.007063499695928429 1 0 2 0 1 0 2 0
0.007063499695928429 1 0 2 0 2 0 1 0
-0.006668340372969879 1 0 0 1 1 0 1 0
-0.006668340372969879 1 0 0 1 2 0 2 0
-0.006488482335779241 1 0 0 2 1 0 0 2
0.006488482335779241 1 0 0 2 2 0 0 1
0.013442592524559661 2 1 0 0 1 2 0 0
-0.013442592524559661 2 1 0 0 2 1 0 0
0.006668340372969879 2 0 1 3 1 0 3 2
-0.006668340372969879 2 0 1 3 2 0 3 1
0.007063499695928429 2 0 1 0 1 0 2 0
-0.007063499695928429 2 0 1 0 2 0 1 0
0.006488482335779241 2 0 0 1 1 0 0 2
-0.006488482335779241 2 0 0 1 2 0 0 1
-0.006668340372969879 2 0 0 2 1 0 1 0
-0.006668340372969879 2 0 0 2 2 0 2 0
0.9264120996034336 3 0 0 0 0 0 0 0
0.20905062890873544 3 3 0 0 0 0 0 0
-0.07479885800218848 3 0 1 1 0 0 3 0
-0.07479885800218848 3 0 2 2 0 0 3 0
0.13796502651441672 3 0 3 0 0 0 0 0
0.13048285060898007 3 0 0 3 0 0 0 0
-0.08146719837515835 3 0 0 3 0 0 1 1
-0.08146719837515835 3 0 0 3 0 0 2 2
0.2493784064824143 3 0 0 0 3 0 0 0
0.22249322143329509 3 0 0 0 0 3 0 0
0.14502852621034515 3 0 0 0 0 0 3 0
0.1369713329447593 3 0 0 0 0 0 0 3
-0.00666834037296988 0 1 2 3 0 1 3 2
0.00666834037296988 0 1 2 3 0 2 3 1
-0.007063499695928433 0 1 2 0 0 1 2 0
0.007063499695928433 0 1 2 0 0 2 1 0
-0.00666834037296988 0 1 0 1 0 1 1 0
-0.00666834037296988 0 1 0 1 0 2 2 0
-0.0064884823357792415 0 1 0 2 0 1 0 2
0.0064884823357792415 0 1 0 2 0 2 0 1
0.00666834037296988 0 2 1 3 0 1 3 2
-0.00666834037296988 0 2 1 3 0 2 3 1
0.007063499695928433 0 2 1 0 0 1 2 0
-0.007063499695928433 0 2 1 0 0 2 1 0
0.0064884823357792415 0 2 0 1 0 1 0 2
-0.0064884823357792415 0 2 0 1 0 2 0 1
-0.00666834037296988 0 2 0 2 0 1 1 0
-0.00666834037296988 0 2 0 2 0 2 2 0
0.9264120996034343 0 3 0 0 0 0 0 0
-0.07479885800218848 0 3 1 1 0 0 3 0
-0.07479885800218848 0 3 2 2 0 0 3 0
0.13796502651441675 0 3 3 0 0 0 0 0
0.1304828506089801 0 3 0 3 0 0 0 0
-0.08146719837515837 0 3 0 3 0 0 1 1
-0.08146719837515837 0 3 0 3 0 0 2 2
0.22249322143329509 0 3 0 0 3 0 0 0
0.24937840648241433 0 3 0 0 0 3 0 0
0.14502852621034518 0 3 0 0 0 0 3 0
0.13697133294475933 0 3 0 0 0 0 0 3
-0.018806116730134506 0 0 1 1 0 0 0 0
-0.08146719837515835 0 0 1 1 3 0 3 0
-0.08146719837515837 0 0 1 1 0 3 3 0
-0.32227614756599365 0 0 1 1 0 0 3 0
-0.009068627461746165 0 0 1 1 0 0 3 3
-0.07968614271970252 0 0 1 2 0 0 1 2
0.07968614271970252 0 0 1 2 0 0 2 1
0.07968614271970252 0 0 2 1 0 0 1 2
-0.07968614271970252 0 0 2 1 0 0 2 1
-0.018806116730134506 0 0 2 2 0 0 0 0
-0.08146719837515835 0 0 2 2 3 0 3 0
-0.08146719837515837 0 0 2 2 0 3 3 0
-0.32227614756599365 0 0 2 2 0 0 3 0
-0.009068627461746165 0 0 2 2 0 0 3 3
0.6388443122750908 0 0 3 0 0 0 0 0
0.0616371477269782 0 0 3 3 0 0 0 0
-0.018806116730134506 0 0 3 3 0 0 1 1
-0.018806116730134506 0 0 3 3 0 0 2 2
0.14502852621034515 0 0 3 0 3 0 0 0
0.14502852621034518 0 0 3 0 0 3 0 0
0.14174707779141177 0 0 3 0 0 0 3 0
0.1413232904466807 0 0 3 0 0 0 0 3
0.5660000676059808 0 0 0 3 0 0 0 0
0.1369713329447593 0 0 0 3 3 0 0 0
-0.07479885800218848 0 0 0 3 3 0 1 1
-0.07479885800218848 0 0 0 3 3 0 2 2
0.13697133294475933 0 0 0 3 0 3 0 0
-0.07479885800218848 0 0 0 3 0 3 1 1
-0.07479885800218848 0 0 0 3 0 3 2 2
-0.3222761475659936 0 0 0 3 0 0 1 1
-0.3222761475659936 0 0 0 3 0 0 2 2
0.1413232904466807 0 0 0 3 0 0 3 0
0.1426153869768124 0 0 0 3 0 0 0 3
0.9264120996034332 0 0 0 0 3 0 0 0
0.20905062890873544 0 0 0 0 3 3 0 0
0.13796502651441672 0 0 0 0 3 0 3 0
0.13048285060898007 0 0 0 0 3 0 0 3
0.9264120996034341 0 0 0 0 0 3 0 0
0.13796502651441675 0 0 0 0 0 3 3 0
0.1304828506089801 0 0 0 0 0 3 0 3
-0.009068627461746165 0 0 0 0 0 0 1 1
-0.009068627461746165 0 0 0 0 0 0 2 2
0.6388443122750909 0 0 0 0 0 0 3 0
0.0616371477269782 0 0 0 0 0 0 3 3
0.5660000676059805 0 0 0 0 0 0 0 3
