-94.80664449069164 0 0 0 0 0 0 0 0
0.0021010179840703397 1 1 3 3 3 1 3 1
0.0021010179840703397 1 1 3 3 3 2 3 2
-0.014309460329096245 1 2 0 0 1 2 0 0
0.014309460329096245 1 2 0 0 2 1 0 0
0.002101017984070341 1 3 1 3 3 3 1 1
0.002101017984070341 1 3 1 3 3 3 2 2
-0.04131860199105129 1 3 3 1 3 3 0 0
-0.19371583290029726 1 3 3 1 3 3 3 0
-0.002113694686486342 1 3 3 1 3 3 3 3
-0.04131860199105131 1 3 3 1 3 0 3 0
-0.03475715667899891 1 3 3 1 0 3 3 0
-0.03921758400698096 1 3 0 1 3 3 3 0
-0.014309460329096243 1 0 2 0 1 0 2 0
0.014309460329096243 1 0 2 0 2 0 1 0
-0.03921758400698097 1 0 3 1 3 3 3 0
-0.03545544366326197 1 0 0 2 1 0 0 2
0.03545544366326197 1 0 0 2 2 0 0 1
0.014309460329096245 2 1 0 0 1 2 0 0
-0.014309460329096245 2 1 0 0 2 1 0 0
0.0021010179840703397 2 2 3 3 3 1 3 1
0.0021010179840703397 2 2 3 3 3 2 3 2
0.002101017984070341 2 3 2 3 3 3 1 1
0.002101017984070341 2 3 2 3 3 3 2 2
-0.04131860199105129 2 3 3 2 3 3 0 0
-0.19371583290029726 2 3 3 2 3 3 3 0
-0.002113694686486342 2 3 3 2 3 3 3 3
-0.04131860199105131 2 3 3 2 3 0 3 0
-0.03475715667899891 2 3 3 2 0 3 3 0
-0.03921758400698096 2 3 0 2 3 3 3 0
0.014309460329096243 2 0 1 0 1 0 2 0
-0.014309460329096243 2 0 1 0 2 0 1 0
-0.03921758400698097 2 0 3 2 3 3 3 0
0.03545544366326197 2 0 0 1 1 0 0 2
-0.03545544366326197 2 0 0 1 2 0 0 1
0.98852015032286 3 0 0 0 0 0 0 0
0.18504469353528688 3 3 0 0 0 0 0 0
-0.03475715667899891 3 3 3 3 1 3 3 1
-0.03475715667899891 3 3 3 3 2 3 3 2
0.18504469353528682 3 0 3 0 0 0 0 0
0.13104797997594606 3 0 0 3 0 0 0 0
0.20830750516913904 3 0 0 0 3 0 0 0
0.19935415386438313 3 0 0 0 0 3 0 0
0.19935415386438307 3 0 0 0 0 0 3 0
0.16650342363920803 3 0 0 0 0 0 0 3
-0.013442592524559606 0 1 2 0 0 1 2 0
0.013442592524559606 0 1 2 0 0 2 1 0
-0.0021010179840703397 0 1 3 2 1 2 3 0
0.0021010179840703397 0 1 3 2 2 1 3 0
-0.008270048921699233 0 1 0 2 0 1 0 2
0.008270048921699233 0 1 0 2 0 2 0 1
0.013442592524559606 0 2 1 0 0 1 2 0
-0.013442592524559606 0 2 1 0 0 2 1 0
0.0021010179840703397 0 2 3 1 1 2 3 0
-0.0021010179840703397 0 2 3 1 2 1 3 0
0.008270048921699233 0 2 0 1 0 1 0 2
-0.008270048921699233 0 2 0 1 0 2 0 1
0.9784591536320901 0 3 0 0 0 0 0 0
-0.002101017984070341 0 3 1 2 1 3 2 0
0.002101017984070341 0 3 1 2 2 3 1 0
0.002101017984070341 0 3 2 1 1 3 2 0
-0.002101017984070341 0 3 2 1 2 3 1 0
0.20905062890873524 0 3 3 0 0 0 0 0
-0.19371583290029726 0 3 3 3 1 3 3 1
-0.03921758400698096 0 3 3 3 1 3 0 1
-0.03921758400698097 0 3 3 3 1 0 3 1
-0.19371583290029726 0 3 3 3 2 3 3 2
-0.03921758400698096 0 3 3 3 2 3 0 2
-0.03921758400698097 0 3 3 3 2 0 3 2
-0.002113694686486342 0 3 3 0 1 3 3 1
-0.002113694686486342 0 3 3 0 2 3 3 2
0.15692030176587796 0 3 0 3 0 0 0 0
-0.04131860199105129 0 3 0 3 1 3 3 1
-0.04131860199105129 0 3 0 3 2 3 3 2
0.19935415386438313 0 3 0 0 3 0 0 0
0.24937840648241422 0 3 0 0 0 3 0 0
0.22249322143329484 0 3 0 0 0 0 3 0
0.1651903506875772 0 3 0 0 0 0 0 3
-0.008270048921699231 0 0 1 2 0 0 1 2
0.008270048921699231 0 0 1 2 0 0 2 1
0.008270048921699231 0 0 2 1 0 0 1 2
-0.008270048921699231 0 0 2 1 0 0 2 1
0.9784591536320904 0 0 3 0 0 0 0 0
0.15692030176587793 0 0 3 3 0 0 0 0
-0.04131860199105131 0 0 3 3 1 3 3 1
-0.04131860199105131 0 0 3 3 2 3 3 2
0.19935415386438307 0 0 3 0 3 0 0 0
0.22249322143329484 0 0 3 0 0 3 0 0
0.2493784064824141 0 0 3 0 0 0 3 0
0.16519035068757715 0 0 3 0 0 0 0 3
0.38171431233492037 0 0 0 3 0 0 0 0
0.16650342363920803 0 0 0 3 3 0 0 0
0.1651903506875772 0 0 0 3 0 3 0 0
0.16519035068757715 0 0 0 3 0 0 3 0
0.1802778857927431 0 0 0 3 0 0 0 3
0.9885201503228598 0 0 0 0 3 0 0 0
0.18504469353528688 0 0 0 0 3 3 0 0
0.18504469353528682 0 0 0 0 3 0 3 0
0.13104797997594606 0 0 0 0 3 0 0 3
0.9784591536320899 0 0 0 0 0 3 0 0
0.20905062890873524 0 0 0 0 0 3 3 0
0.15692030176587796 0 0 0 0 0 3 0 3
0.9784591536320904 0 0 0 0 0 0 3 0
0.15692030176587793 0 0 0 0 0 0 3 3
0.3817143123349205 0 0 0 0 0 0 0 3
