9155.924745749735 0 0 0 0 0 0 0 0
-107.30717756135786 0 0 0 0 0 0 0 3
1.2974283417224821 0 0 0 0 0 0 1 1
1.2974283417224821 0 0 0 0 0 0 2 2
-124.42174687043149 0 0 0 0 0 0 3 0
-12.269129794796838 0 0 0 0 0 0 3 3
-175.18810000221816 0 0 0 0 0 3 0 0
-24.21138252057448 0 0 0 0 0 3 0 3
-0.18588355959301833 0 0 0 0 0 3 1 1
-0.18588355959301833 0 0 0 0 0 3 2 2
-25.37366215756266 0 0 0 0 0 3 3 0
0.3721807307951522 0 0 0 0 0 3 3 3
-175.18810000221802 0 0 0 0 3 0 0 0
-24.21138252057448 0 0 0 0 3 0 0 3
-0.1858835595930183 0 0 0 0 3 0 1 1
-0.1858835595930183 0 0 0 0 3 0 2 2
-25.37366215756266 0 0 0 0 3 0 3 0
0.3721807307951521 0 0 0 0 3 0 3 3
-37.849957178360185 0 0 0 0 3 3 0 0
0.7330892749859063 0 0 0 0 3 3 0 3
-0.044163457578886414 0 0 0 0 3 3 1 1
-0.044163457578886414 0 0 0 0 3 3 2 2
0.7965800590115948 0 0 0 0 3 3 3 0
0.08280550390918162 0 0 0 0 3 3 3 3
-107.30717756135778 0 0 0 3 0 0 0 0
-27.212769846983253 0 0 0 3 0 0 0 3
58.8510056028239 0 0 0 3 0 0 1 1
58.851005602823896 0 0 0 3 0 0 2 2
-26.703071718300563 0 0 0 3 0 0 3 0
0.42338268684658764 0 0 0 3 0 0 3 3
-25.4733604532804 0 0 0 3 0 3 0 0
0.5831315832300756 0 0 0 3 0 3 0 3
13.072914915568765 0 0 0 3 0 3 1 1
13.072914915568763 0 0 0 3 0 3 2 2
0.6123822174309534 0 0 0 3 0 3 3 0
0.09628086461821136 0 0 0 3 0 3 3 3
-25.473360453280407 0 0 0 3 3 0 0 0
0.5831315832300756 0 0 0 3 3 0 0 3
13.072914915568763 0 0 0 3 3 0 1 1
13.072914915568763 0 0 0 3 3 0 2 2
0.6123822174309533 0 0 0 3 3 0 3 0
0.09628086461821136 0 0 0 3 3 0 3 3
0.7574241819372354 0 0 0 3 3 3 0 0
0.13620389837168165 0 0 0 3 3 3 0 3
-0.3970162315427792 0 0 0 3 3 3 1 1
-0.3970162315427792 0 0 0 3 3 3 2 2
0.13925872344990867 0 0 0 3 3 3 3 0
3.099337295638352 0 0 1 1 0 0 0 0
0.019710332420814367 0 0 1 1 0 0 0 3
0.00016851174098080011 0 0 1 1 0 0 1 1
0.00016851174098080011 0 0 1 1 0 0 2 2
58.85100560282388 0 0 1 1 0 0 3 0
1.297428341722482 0 0 1 1 0 0 3 3
-0.22582334975379365 0 0 1 1 0 3 0 0
0.0038046622347943752 0 0 1 1 0 3 0 3
14.34680658313242 0 0 1 1 0 3 3 0
-0.18933541243409194 0 0 1 1 0 3 3 3
-0.22582334975379365 0 0 1 1 3 0 0 0
0.0038046622347943752 0 0 1 1 3 0 0 3
14.34680658313242 0 0 1 1 3 0 3 0
-0.18933541243409194 0 0 1 1 3 0 3 3
-0.052080796009087826 0 0 1 1 3 3 0 0
-0.4215804423101537 0 0 1 1 3 3 3 0
-0.04581352479199422 0 0 1 1 3 3 3 3
14.433773411762754 0 0 1 2 0 0 1 2
-14.433773411762754 0 0 1 2 0 0 2 1
-0.23568056772634755 0 0 1 2 0 3 1 2
0.23568056772634755 0 0 1 2 0 3 2 1
-0.23568056772634743 0 0 1 2 3 0 1 2
0.23568056772634743 0 0 1 2 3 0 2 1
-0.05467009828493271 0 0 1 2 3 3 1 2
0.05467009828493271 0 0 1 2 3 3 2 1
-14.433773411762754 0 0 2 1 0 0 1 2
14.433773411762754 0 0 2 1 0 0 2 1
0.23568056772634755 0 0 2 1 0 3 1 2
-0.23568056772634755 0 0 2 1 0 3 2 1
0.23568056772634743 0 0 2 1 3 0 1 2
-0.23568056772634743 0 0 2 1 3 0 2 1
0.05467009828493271 0 0 2 1 3 3 1 2
-0.05467009828493271 0 0 2 1 3 3 2 1
3.099337295638352 0 0 2 2 0 0 0 0
0.019710332420814367 0 0 2 2 0 0 0 3
0.00016851174098080011 0 0 2 2 0 0 1 1
0.00016851174098080011 0 0 2 2 0 0 2 2
58.85100560282389 0 0 2 2 0 0 3 0
1.297428341722482 0 0 2 2 0 0 3 3
-0.22582334975379365 0 0 2 2 0 3 0 0
0.0038046622347943752 0 0 2 2 0 3 0 3
14.346806583132421 0 0 2 2 0 3 3 0
-0.18933541243409194 0 0 2 2 0 3 3 3
-0.22582334975379365 0 0 2 2 3 0 0 0
0.0038046622347943752 0 0 2 2 3 0 0 3
14.346806583132421 0 0 2 2 3 0 3 0
-0.18933541243409194 0 0 2 2 3 0 3 3
-0.052080796009087826 0 0 2 2 3 3 0 0
-0.4215804423101537 0 0 2 2 3 3 3 0
-0.04581352479199422 0 0 2 2 3 3 3 3
-124.42174687043142 0 0 3 0 0 0 0 0
-26.703071718300567 0 0 3 0 0 0 0 3
0.01971033242081437 0 0 3 0 0 0 1 1
0.01971033242081437 0 0 3 0 0 0 2 2
-26.6105392215194 0 0 3 0 0 0 3 0
0.42093522194399047 0 0 3 0 0 0 3 3
-26.737999706605628 0 0 3 0 0 3 0 0
0.611809517638006 0 0 3 0 0 3 0 3
0.006359182353477416 0 0 3 0 0 3 1 1
0.006359182353477416 0 0 3 0 0 3 2 2
0.6478667470379192 0 0 3 0 0 3 3 0
0.0939654480871478 0 0 3 0 0 3 3 3
-26.73799970660564 0 0 3 0 3 0 0 0
0.6118095176380058 0 0 3 0 3 0 0 3
0.0063591823534774146 0 0 3 0 3 0 1 1
0.0063591823534774146 0 0 3 0 3 0 2 2
0.6478667470379191 0 0 3 0 3 0 3 0
0.0939654480871478 0 0 3 0 3 0 3 3
0.8228880012092841 0 0 3 0 3 3 0 0
0.13935918625800528 0 0 3 0 3 3 0 3
0.1435717103309906 0 0 3 0 3 3 3 0
-12.269129794796841 0 0 3 3 0 0 0 0
0.4233826868465876 0 0 3 3 0 0 0 3
3.0993372956383514 0 0 3 3 0 0 1 1
3.0993372956383514 0 0 3 3 0 0 2 2
0.4209352219439903 0 0 3 3 0 0 3 0
0.11553695717075484 0 0 3 3 0 0 3 3
0.380649868821112 0 0 3 3 0 3 0 0
0.09912647399978997 0 0 3 3 0 3 0 3
-0.2215135299690683 0 0 3 3 0 3 1 1
-0.2215135299690683 0 0 3 3 0 3 2 2
0.09645385695105302 0 0 3 3 0 3 3 0
0.380649868821112 0 0 3 3 3 0 0 0
0.09912647399978998 0 0 3 3 3 0 0 3
-0.22151352996906834 0 0 3 3 3 0 1 1
-0.22151352996906834 0 0 3 3 3 0 2 2
0.09645385695105302 0 0 3 3 3 0 3 0
0.08648291724228196 0 0 3 3 3 3 0 0
-0.0503983534439997 0 0 3 3 3 3 1 1
-0.0503983534439997 0 0 3 3 3 3 2 2
0.0009380396534146605 0 1 0 1 0 1 0 1
1.2730561324782368 0 1 0 1 0 1 1 0
-0.0034518528410736075 0 1 0 1 0 1 1 3
0.0009380396534146607 0 1 0 1 0 2 0 2
1.2730561324782368 0 1 0 1 0 2 2 0
-0.0034518528410736075 0 1 0 1 0 2 2 3
-0.01228210538368723 0 1 0 1 3 1 1 0
-0.0008250336065539079 0 1 0 1 3 1 1 3
-0.01228210538368723 0 1 0 1 3 2 2 0
-0.0008250336065539079 0 1 0 1 3 2 2 3
1.261039893052505 0 1 0 2 0 1 0 2
0.000835535085416233 0 1 0 2 0 1 2 0
-0.00452091890945372 0 1 0 2 0 1 3 2
-1.261039893052505 0 1 0 2 0 2 0 1
-0.000835535085416233 0 1 0 2 0 2 1 0
0.00452091890945372 0 1 0 2 0 2 3 1
-0.01216745347566455 0 1 0 2 3 1 0 2
-0.0008915606278971597 0 1 0 2 3 1 3 2
0.01216745347566455 0 1 0 2 3 2 0 1
0.0008915606278971597 0 1 0 2 3 2 3 1
0.0010104531243757013 0 1 1 0 0 1 1 0
0.0010104531243757013 0 1 1 0 0 2 2 0
0.0008355350854162329 0 1 1 3 0 1 3 1
0.0008355350854162329 0 1 1 3 0 2 3 2
-0.0025545201186830398 0 1 2 0 0 1 0 2
1.3633270959185881 0 1 2 0 0 1 2 0
-0.003948219116506239 0 1 2 0 0 1 2 3
-0.003451852841073604 0 1 2 0 0 1 3 2
0.0025545201186830398 0 1 2 0 0 2 0 1
-1.363327095918588 0 1 2 0 0 2 1 0
0.003948219116506239 0 1 2 0 0 2 1 3
0.003451852841073604 0 1 2 0 0 2 3 1
-0.01315397109884459 0 1 2 0 3 1 2 0
-0.0009417920319454636 0 1 2 0 3 1 2 3
-0.0008250336065539084 0 1 2 0 3 1 3 2
0.01315397109884459 0 1 2 0 3 2 1 0
0.0009417920319454636 0 1 2 0 3 2 1 3
0.0008250336065539084 0 1 2 0 3 2 3 1
-0.004309819784725296 0 1 2 3 0 1 0 2
-0.003948219116506235 0 1 2 3 0 1 2 0
-0.0028456093815786036 0 1 2 3 0 1 2 3
1.2730561324782368 0 1 2 3 0 1 3 2
0.004309819784725296 0 1 2 3 0 2 0 1
0.003948219116506235 0 1 2 3 0 2 1 0
0.0028456093815786036 0 1 2 3 0 2 1 3
-1.2730561324782368 0 1 2 3 0 2 3 1
-0.0008412212825440657 0 1 2 3 3 1 0 2
-0.0009471460386530038 0 1 2 3 3 1 2 0
-0.01228210538368723 0 1 2 3 3 1 3 2
0.0008412212825440657 0 1 2 3 3 2 0 1
0.0009471460386530038 0 1 2 3 3 2 1 0
0.01228210538368723 0 1 2 3 3 2 3 1
-0.004309819784725293 0 1 3 1 0 1 1 0
-0.00255452011868304 0 1 3 1 0 1 1 3
-0.004309819784725293 0 1 3 1 0 2 2 0
-0.00255452011868304 0 1 3 1 0 2 2 3
-0.0008412212825440657 0 1 3 1 3 1 1 0
-0.0008412212825440657 0 1 3 1 3 2 2 0
-0.004520918909453717 0 1 3 2 0 1 0 2
-0.002488408863905233 0 1 3 2 0 1 3 2
0.004520918909453717 0 1 3 2 0 2 0 1
0.002488408863905233 0 1 3 2 0 2 3 1
-0.0008969146346046997 0 1 3 2 3 1 0 2
0.0008969146346046997 0 1 3 2 3 2 0 1
-1.261039893052505 0 2 0 1 0 1 0 2
-0.000835535085416233 0 2 0 1 0 1 2 0
0.00452091890945372 0 2 0 1 0 1 3 2
1.261039893052505 0 2 0 1 0 2 0 1
0.000835535085416233 0 2 0 1 0 2 1 0
-0.00452091890945372 0 2 0 1 0 2 3 1
0.01216745347566455 0 2 0 1 3 1 0 2
0.0008915606278971597 0 2 0 1 3 1 3 2
-0.01216745347566455 0 2 0 1 3 2 0 1
-0.0008915606278971597 0 2 0 1 3 2 3 1
0.0009380396534146605 0 2 0 2 0 1 0 1
1.273056132478237 0 2 0 2 0 1 1 0
-0.0034518528410736075 0 2 0 2 0 1 1 3
0.0009380396534146605 0 2 0 2 0 2 0 2
1.273056132478237 0 2 0 2 0 2 2 0
-0.0034518528410736075 0 2 0 2 0 2 2 3
-0.01228210538368723 0 2 0 2 3 1 1 0
-0.0008250336065539079 0 2 0 2 3 1 1 3
-0.01228210538368723 0 2 0 2 3 2 2 0
-0.0008250336065539079 0 2 0 2 3 2 2 3
0.0025545201186830398 0 2 1 0 0 1 0 2
-1.363327095918588 0 2 1 0 0 1 2 0
0.003948219116506239 0 2 1 0 0 1 2 3
0.003451852841073604 0 2 1 0 0 1 3 2
-0.0025545201186830398 0 2 1 0 0 2 0 1
1.363327095918588 0 2 1 0 0 2 1 0
-0.003948219116506239 0 2 1 0 0 2 1 3
-0.003451852841073604 0 2 1 0 0 2 3 1
0.01315397109884459 0 2 1 0 3 1 2 0
0.0009417920319454636 0 2 1 0 3 1 2 3
0.0008250336065539084 0 2 1 0 3 1 3 2
-0.01315397109884459 0 2 1 0 3 2 1 0
-0.0009417920319454636 0 2 1 0 3 2 1 3
-0.0008250336065539084 0 2 1 0 3 2 3 1
0.004309819784725296 0 2 1 3 0 1 0 2
0.003948219116506235 0 2 1 3 0 1 2 0
0.002845609381578603 0 2 1 3 0 1 2 3
-1.2730561324782368 0 2 1 3 0 1 3 2
-0.004309819784725296 0 2 1 3 0 2 0 1
-0.003948219116506235 0 2 1 3 0 2 1 0
-0.002845609381578603 0 2 1 3 0 2 1 3
1.273056132478237 0 2 1 3 0 2 3 1
0.0008412212825440657 0 2 1 3 3 1 0 2
0.0009471460386530038 0 2 1 3 3 1 2 0
0.01228210538368723 0 2 1 3 3 1 3 2
-0.0008412212825440657 0 2 1 3 3 2 0 1
-0.0009471460386530038 0 2 1 3 3 2 1 0
-0.01228210538368723 0 2 1 3 3 2 3 1
0.0010104531243757013 0 2 2 0 0 1 1 0
0.0010104531243757013 0 2 2 0 0 2 2 0
0.0008355350854162329 0 2 2 3 0 1 3 1
0.0008355350854162329 0 2 2 3 0 2 3 2
0.004520918909453717 0 2 3 1 0 1 0 2
0.002488408863905233 0 2 3 1 0 1 3 2
-0.004520918909453717 0 2 3 1 0 2 0 1
-0.002488408863905233 0 2 3 1 0 2 3 1
0.0008969146346046997 0 2 3 1 3 1 0 2
-0.0008969146346046997 0 2 3 1 3 2 0 1
-0.004309819784725293 0 2 3 2 0 1 1 0
-0.00255452011868304 0 2 3 2 0 1 1 3
-0.004309819784725293 0 2 3 2 0 2 2 0
-0.00255452011868304 0 2 3 2 0 2 2 3
-0.0008412212825440657 0 2 3 2 3 1 1 0
-0.0008412212825440657 0 2 3 2 3 2 2 0
-175.18810000221825 0 3 0 0 0 0 0 0
-25.4733604532804 0 3 0 0 0 0 0 3
-0.1893354124340919 0 3 0 0 0 0 1 1
-0.1893354124340919 0 3 0 0 0 0 2 2
-26.737999706605628 0 3 0 0 0 0 3 0
0.3806498688211122 0 3 0 0 0 0 3 3
-45.60053961892789 0 3 0 0 0 3 0 0
0.7911182734266917 0 3 0 0 0 3 0 3
-0.04598079098694751 0 3 0 0 0 3 1 1
-0.04598079098694751 0 3 0 0 0 3 2 2
0.8628328500645802 0 3 0 0 0 3 3 0
0.09011854631261718 0 3 0 0 0 3 3 3
-40.43469002230984 0 3 0 0 3 0 0 0
0.7605439101166112 0 3 0 0 3 0 0 3
-0.045319257785942715 0 3 0 0 3 0 1 1
-0.045319257785942715 0 3 0 0 3 0 2 2
0.8274336367618198 0 3 0 0 3 0 3 0
0.08646541981688857 0 3 0 0 3 0 3 3
1.262327803918328 0 3 0 0 3 3 0 0
0.1846880458413781 0 3 0 0 3 3 0 3
0.19445093618575107 0 3 0 0 3 3 3 0
-24.211382520574496 0 3 0 3 0 0 0 0
0.5831315832300756 0 3 0 3 0 0 0 3
14.34680658313242 0 3 0 3 0 0 1 1
14.34680658313242 0 3 0 3 0 0 2 2
0.611809517638006 0 3 0 3 0 0 3 0
0.09912647399978995 0 3 0 3 0 0 3 3
0.7911182734266917 0 3 0 3 0 3 0 0
0.14828758180061105 0 3 0 3 0 3 0 3
-0.4343824761374393 0 3 0 3 0 3 1 1
-0.4343824761374393 0 3 0 3 0 3 2 2
0.15123450318446707 0 3 0 3 0 3 3 0
0.760543910116611 0 3 0 3 3 0 0 0
0.14023179284799148 0 3 0 3 3 0 0 3
-0.41765971666345736 0 3 0 3 3 0 1 1
-0.41765971666345736 0 3 0 3 3 0 2 2
0.14328770696859872 0 3 0 3 3 0 3 0
0.1881380143717154 0 3 0 3 3 3 0 0
-0.10083417897301988 0 3 0 3 3 3 1 1
-0.10083417897301988 0 3 0 3 3 3 2 2
-0.22151352996906837 0 3 1 1 0 0 0 0
0.006359182353477415 0 3 1 1 0 0 0 3
13.072914915568767 0 3 1 1 0 0 3 0
-0.1858835595930184 0 3 1 1 0 0 3 3
-0.05303697258209966 0 3 1 1 0 3 0 0
-0.43438247613743924 0 3 1 1 0 3 3 0
-0.0459807909869475 0 3 1 1 0 3 3 3
-0.05183870734506239 0 3 1 1 3 0 0 0
-0.41765971666345736 0 3 1 1 3 0 3 0
-0.045319257785942715 0 3 1 1 3 0 3 3
-0.10431665598801357 0 3 1 1 3 3 3 0
-0.2356805677263476 0 3 1 2 0 0 1 2
0.2356805677263476 0 3 1 2 0 0 2 1
-0.061115956871849876 0 3 1 2 0 3 1 2
0.061115956871849876 0 3 1 2 0 3 2 1
-0.056816933145002586 0 3 1 2 3 0 1 2
0.056816933145002586 0 3 1 2 3 0 2 1
0.23568056772634757 0 3 2 1 0 0 1 2
-0.23568056772634757 0 3 2 1 0 0 2 1
0.061115956871849876 0 3 2 1 0 3 1 2
-0.061115956871849876 0 3 2 1 0 3 2 1
0.056816933145002586 0 3 2 1 3 0 1 2
-0.056816933145002586 0 3 2 1 3 0 2 1
-0.22151352996906837 0 3 2 2 0 0 0 0
0.006359182353477415 0 3 2 2 0 0 0 3
13.072914915568765 0 3 2 2 0 0 3 0
-0.1858835595930184 0 3 2 2 0 0 3 3
-0.05303697258209966 0 3 2 2 0 3 0 0
-0.43438247613743924 0 3 2 2 0 3 3 0
-0.0459807909869475 0 3 2 2 0 3 3 3
-0.05183870734506239 0 3 2 2 3 0 0 0
-0.41765971666345736 0 3 2 2 3 0 3 0
-0.045319257785942715 0 3 2 2 3 0 3 3
-0.10431665598801357 0 3 2 2 3 3 3 0
-25.373662157562666 0 3 3 0 0 0 0 0
0.6123822174309534 0 3 3 0 0 0 0 3
0.003804662234794373 0 3 3 0 0 0 1 1
0.003804662234794373 0 3 3 0 0 0 2 2
0.6478667470379194 0 3 3 0 0 0 3 0
0.09645385695105302 0 3 3 0 0 0 3 3
0.8628328500645802 0 3 3 0 0 3 0 0
0.15123450318446707 0 3 3 0 0 3 0 3
0.15554482314950843 0 3 3 0 0 3 3 0
0.8274336367618197 0 3 3 0 3 0 0 0
0.14328770696859872 0 3 3 0 3 0 0 3
0.14756274793716323 0 3 3 0 3 0 3 0
0.1981806226341722 0 3 3 0 3 3 0 0
0.372180730795152 0 3 3 3 0 0 0 0
0.09628086461821135 0 3 3 3 0 0 0 3
-0.22582334975379365 0 3 3 3 0 0 1 1
-0.22582334975379365 0 3 3 3 0 0 2 2
0.09396544808714778 0 3 3 3 0 0 3 0
0.09011854631261719 0 3 3 3 0 3 0 0
-0.05303697258209966 0 3 3 3 0 3 1 1
-0.05303697258209966 0 3 3 3 0 3 2 2
0.08646541981688859 0 3 3 3 3 0 0 0
-0.05183870734506239 0 3 3 3 3 0 1 1
-0.05183870734506239 0 3 3 3 3 0 2 2
0.0009380396534146604 1 0 0 1 1 0 0 1
1.2730561324782368 1 0 0 1 1 0 1 0
-0.0034518528410736075 1 0 0 1 1 0 1 3
-0.012282105383687238 1 0 0 1 1 3 1 0
-0.0008250336065539079 1 0 0 1 1 3 1 3
0.0009380396534146604 1 0 0 1 2 0 0 2
1.2730561324782368 1 0 0 1 2 0 2 0
-0.0034518528410736075 1 0 0 1 2 0 2 3
-0.012282105383687238 1 0 0 1 2 3 2 0
-0.0008250336065539079 1 0 0 1 2 3 2 3
1.261039893052505 1 0 0 2 1 0 0 2
0.0008355350854162334 1 0 0 2 1 0 2 0
-0.00452091890945372 1 0 0 2 1 0 3 2
-0.012167453475664558 1 0 0 2 1 3 0 2
-0.0008915606278971597 1 0 0 2 1 3 3 2
-1.261039893052505 1 0 0 2 2 0 0 1
-0.0008355350854162334 1 0 0 2 2 0 1 0
0.00452091890945372 1 0 0 2 2 0 3 1
0.012167453475664558 1 0 0 2 2 3 0 1
0.0008915606278971597 1 0 0 2 2 3 3 1
0.001010453124375701 1 0 1 0 1 0 1 0
0.0010104531243757013 1 0 1 0 2 0 2 0
0.0008355350854162334 1 0 1 3 1 0 3 1
0.0008355350854162334 1 0 1 3 2 0 3 2
-0.0025545201186830398 1 0 2 0 1 0 0 2
1.3633270959185881 1 0 2 0 1 0 2 0
-0.003948219116506239 1 0 2 0 1 0 2 3
-0.003451852841073604 1 0 2 0 1 0 3 2
-0.013153971098844598 1 0 2 0 1 3 2 0
-0.0009417920319454636 1 0 2 0 1 3 2 3
-0.000825033606553908 1 0 2 0 1 3 3 2
0.0025545201186830398 1 0 2 0 2 0 0 1
-1.363327095918588 1 0 2 0 2 0 1 0
0.003948219116506239 1 0 2 0 2 0 1 3
0.003451852841073604 1 0 2 0 2 0 3 1
0.013153971098844598 1 0 2 0 2 3 1 0
0.0009417920319454636 1 0 2 0 2 3 1 3
0.000825033606553908 1 0 2 0 2 3 3 1
-0.004309819784725296 1 0 2 3 1 0 0 2
-0.003948219116506235 1 0 2 3 1 0 2 0
-0.0028456093815786036 1 0 2 3 1 0 2 3
1.2730561324782368 1 0 2 3 1 0 3 2
-0.0008412212825440657 1 0 2 3 1 3 0 2
-0.0009471460386530034 1 0 2 3 1 3 2 0
-0.012282105383687238 1 0 2 3 1 3 3 2
0.004309819784725296 1 0 2 3 2 0 0 1
0.003948219116506235 1 0 2 3 2 0 1 0
0.0028456093815786036 1 0 2 3 2 0 1 3
-1.2730561324782368 1 0 2 3 2 0 3 1
0.0008412212825440657 1 0 2 3 2 3 0 1
0.0009471460386530034 1 0 2 3 2 3 1 0
0.012282105383687238 1 0 2 3 2 3 3 1
-0.004309819784725293 1 0 3 1 1 0 1 0
-0.00255452011868304 1 0 3 1 1 0 1 3
-0.0008412212825440657 1 0 3 1 1 3 1 0
-0.004309819784725293 1 0 3 1 2 0 2 0
-0.00255452011868304 1 0 3 1 2 0 2 3
-0.0008412212825440657 1 0 3 1 2 3 2 0
-0.004520918909453717 1 0 3 2 1 0 0 2
-0.002488408863905233 1 0 3 2 1 0 3 2
-0.0008969146346046993 1 0 3 2 1 3 0 2
0.004520918909453717 1 0 3 2 2 0 0 1
0.002488408863905233 1 0 3 2 2 0 3 1
0.0008969146346046993 1 0 3 2 2 3 0 1
0.0018080456406069797 1 1 0 0 1 1 0 0
0.0018080456406069797 1 1 0 0 2 2 0 0
1.0708013415079302e-05 1 1 2 2 1 1 2 2
-5.354006707539651e-06 1 1 2 2 1 2 1 2
-5.354006707539651e-06 1 1 2 2 1 2 2 1
-5.354006707539651e-06 1 1 2 2 2 1 1 2
-5.354006707539651e-06 1 1 2 2 2 1 2 1
1.0708013415079302e-05 1 1 2 2 2 2 1 1
2.5829247983090404 1 2 0 0 1 2 0 0
-0.015287181655040288 1 2 0 0 1 2 0 3
0.00033076660050239734 1 2 0 0 1 2 1 1
0.00033076660050239734 1 2 0 0 1 2 2 2
-0.017699606651380255 1 2 0 0 1 2 3 0
-0.0018265632478643191 1 2 0 0 1 2 3 3
-2.5829247983090404 1 2 0 0 2 1 0 0
0.015287181655040288 1 2 0 0 2 1 0 3
-0.00033076660050239734 1 2 0 0 2 1 1 1
-0.00033076660050239734 1 2 0 0 2 1 2 2
0.017699606651380255 1 2 0 0 2 1 3 0
0.0018265632478643191 1 2 0 0 2 1 3 3
-0.015287181655040281 1 2 0 3 1 2 0 0
-0.004027894476309824 1 2 0 3 1 2 0 3
0.008361379736990941 1 2 0 3 1 2 1 1
0.008361379736990941 1 2 0 3 1 2 2 2
-0.003973398107934204 1 2 0 3 1 2 3 0
0.015287181655040281 1 2 0 3 2 1 0 0
0.004027894476309824 1 2 0 3 2 1 0 3
-0.008361379736990941 1 2 0 3 2 1 1 1
-0.008361379736990941 1 2 0 3 2 1 2 2
0.003973398107934204 1 2 0 3 2 1 3 0
0.0005991326185186357 1 2 1 1 1 2 0 0
0.008361379736990941 1 2 1 1 1 2 3 0
0.00033076660050239734 1 2 1 1 1 2 3 3
-0.0005991326185186357 1 2 1 1 2 1 0 0
-0.008361379736990941 1 2 1 1 2 1 3 0
-0.00033076660050239734 1 2 1 1 2 1 3 3
-5.354006707539651e-06 1 2 1 2 1 1 2 2
0.002152188866777424 1 2 1 2 1 2 1 2
-0.002146834860069884 1 2 1 2 1 2 2 1
-0.002146834860069884 1 2 1 2 2 1 1 2
0.002152188866777424 1 2 1 2 2 1 2 1
-5.354006707539651e-06 1 2 1 2 2 2 1 1
-5.354006707539651e-06 1 2 2 1 1 1 2 2
-0.002146834860069884 1 2 2 1 1 2 1 2
0.002152188866777424 1 2 2 1 1 2 2 1
0.002152188866777424 1 2 2 1 2 1 1 2
-0.002146834860069884 1 2 2 1 2 1 2 1
-5.354006707539651e-06 1 2 2 1 2 2 1 1
0.0005991326185186357 1 2 2 2 1 2 0 0
0.008361379736990941 1 2 2 2 1 2 3 0
0.00033076660050239734 1 2 2 2 1 2 3 3
-0.0005991326185186357 1 2 2 2 2 1 0 0
-0.008361379736990941 1 2 2 2 2 1 3 0
-0.00033076660050239734 1 2 2 2 2 1 3 3
-0.017699606651380248 1 2 3 0 1 2 0 0
-0.003973398107934204 1 2 3 0 1 2 0 3
-0.003991037606172629 1 2 3 0 1 2 3 0
0.017699606651380248 1 2 3 0 2 1 0 0
0.003973398107934204 1 2 3 0 2 1 0 3
0.003991037606172629 1 2 3 0 2 1 3 0
-0.0018265632478643191 1 2 3 3 1 2 0 0
0.0005991326185186357 1 2 3 3 1 2 1 1
0.0005991326185186357 1 2 3 3 1 2 2 2
0.0018265632478643191 1 2 3 3 2 1 0 0
-0.0005991326185186357 1 2 3 3 2 1 1 1
-0.0005991326185186357 1 2 3 3 2 1 2 2
-0.01228210538368724 1 3 0 1 1 0 1 0
-0.000825033606553908 1 3 0 1 1 0 1 3
-0.0034824770149937062 1 3 0 1 1 3 1 0
-0.01228210538368724 1 3 0 1 2 0 2 0
-0.000825033606553908 1 3 0 1 2 0 2 3
-0.0034824770149937062 1 3 0 1 2 3 2 0
-0.01216745347566456 1 3 0 2 1 0 0 2
-0.0008969146346046993 1 3 0 2 1 0 3 2
-0.0034499685303372844 1 3 0 2 1 3 0 2
0.01216745347566456 1 3 0 2 2 0 0 1
0.0008969146346046993 1 3 0 2 2 0 3 1
0.0034499685303372844 1 3 0 2 2 3 0 1
-0.0131539710988446 1 3 2 0 1 0 2 0
-0.0009471460386530034 1 3 2 0 1 0 2 3
-0.0008250336065539079 1 3 2 0 1 0 3 2
-0.003729686448421075 1 3 2 0 1 3 2 0
0.0131539710988446 1 3 2 0 2 0 1 0
0.0009471460386530034 1 3 2 0 2 0 1 3
0.0008250336065539079 1 3 2 0 2 0 3 1
0.003729686448421075 1 3 2 0 2 3 1 0
-0.0008412212825440657 1 3 2 3 1 0 0 2
-0.0009417920319454636 1 3 2 3 1 0 2 0
-0.01228210538368724 1 3 2 3 1 0 3 2
-0.0034824770149937062 1 3 2 3 1 3 3 2
0.0008412212825440657 1 3 2 3 2 0 0 1
0.0009417920319454636 1 3 2 3 2 0 1 0
0.01228210538368724 1 3 2 3 2 0 3 1
0.0034824770149937062 1 3 2 3 2 3 3 1
-0.0008412212825440657 1 3 3 1 1 0 1 0
-0.0008412212825440657 1 3 3 1 2 0 2 0
-0.0008915606278971597 1 3 3 2 1 0 0 2
0.0008915606278971597 1 3 3 2 2 0 0 1
-1.261039893052505 2 0 0 1 1 0 0 2
-0.0008355350854162335 2 0 0 1 1 0 2 0
0.00452091890945372 2 0 0 1 1 0 3 2
0.012167453475664558 2 0 0 1 1 3 0 2
0.0008915606278971597 2 0 0 1 1 3 3 2
1.261039893052505 2 0 0 1 2 0 0 1
0.0008355350854162335 2 0 0 1 2 0 1 0
-0.00452091890945372 2 0 0 1 2 0 3 1
-0.012167453475664558 2 0 0 1 2 3 0 1
-0.0008915606278971597 2 0 0 1 2 3 3 1
0.0009380396534146604 2 0 0 2 1 0 0 1
1.273056132478237 2 0 0 2 1 0 1 0
-0.0034518528410736075 2 0 0 2 1 0 1 3
-0.012282105383687238 2 0 0 2 1 3 1 0
-0.0008250336065539079 2 0 0 2 1 3 1 3
0.0009380396534146604 2 0 0 2 2 0 0 2
1.273056132478237 2 0 0 2 2 0 2 0
-0.0034518528410736075 2 0 0 2 2 0 2 3
-0.012282105383687238 2 0 0 2 2 3 2 0
-0.0008250336065539079 2 0 0 2 2 3 2 3
0.0025545201186830398 2 0 1 0 1 0 0 2
-1.363327095918588 2 0 1 0 1 0 2 0
0.003948219116506239 2 0 1 0 1 0 2 3
0.003451852841073604 2 0 1 0 1 0 3 2
0.013153971098844598 2 0 1 0 1 3 2 0
0.0009417920319454636 2 0 1 0 1 3 2 3
0.000825033606553908 2 0 1 0 1 3 3 2
-0.0025545201186830398 2 0 1 0 2 0 0 1
1.363327095918588 2 0 1 0 2 0 1 0
-0.003948219116506239 2 0 1 0 2 0 1 3
-0.003451852841073604 2 0 1 0 2 0 3 1
-0.013153971098844598 2 0 1 0 2 3 1 0
-0.0009417920319454636 2 0 1 0 2 3 1 3
-0.000825033606553908 2 0 1 0 2 3 3 1
0.004309819784725296 2 0 1 3 1 0 0 2
0.003948219116506235 2 0 1 3 1 0 2 0
0.002845609381578603 2 0 1 3 1 0 2 3
-1.2730561324782368 2 0 1 3 1 0 3 2
0.0008412212825440657 2 0 1 3 1 3 0 2
0.0009471460386530034 2 0 1 3 1 3 2 0
0.012282105383687238 2 0 1 3 1 3 3 2
-0.004309819784725296 2 0 1 3 2 0 0 1
-0.003948219116506235 2 0 1 3 2 0 1 0
-0.002845609381578603 2 0 1 3 2 0 1 3
1.273056132478237 2 0 1 3 2 0 3 1
-0.0008412212825440657 2 0 1 3 2 3 0 1
-0.0009471460386530034 2 0 1 3 2 3 1 0
-0.012282105383687238 2 0 1 3 2 3 3 1
0.0010104531243757013 2 0 2 0 1 0 1 0
0.001010453124375701 2 0 2 0 2 0 2 0
0.0008355350854162333 2 0 2 3 1 0 3 1
0.0008355350854162333 2 0 2 3 2 0 3 2
0.004520918909453717 2 0 3 1 1 0 0 2
0.002488408863905233 2 0 3 1 1 0 3 2
0.0008969146346046993 2 0 3 1 1 3 0 2
-0.004520918909453717 2 0 3 1 2 0 0 1
-0.002488408863905233 2 0 3 1 2 0 3 1
-0.0008969146346046993 2 0 3 1 2 3 0 1
-0.004309819784725293 2 0 3 2 1 0 1 0
-0.00255452011868304 2 0 3 2 1 0 1 3
-0.0008412212825440657 2 0 3 2 1 3 1 0
-0.004309819784725293 2 0 3 2 2 0 2 0
-0.00255452011868304 2 0 3 2 2 0 2 3
-0.0008412212825440657 2 0 3 2 2 3 2 0
-2.5829247983090404 2 1 0 0 1 2 0 0
0.015287181655040288 2 1 0 0 1 2 0 3
-0.00033076660050239734 2 1 0 0 1 2 1 1
-0.00033076660050239734 2 1 0 0 1 2 2 2
0.017699606651380255 2 1 0 0 1 2 3 0
0.0018265632478643191 2 1 0 0 1 2 3 3
2.5829247983090404 2 1 0 0 2 1 0 0
-0.015287181655040288 2 1 0 0 2 1 0 3
0.00033076660050239734 2 1 0 0 2 1 1 1
0.00033076660050239734 2 1 0 0 2 1 2 2
-0.017699606651380255 2 1 0 0 2 1 3 0
-0.0018265632478643191 2 1 0 0 2 1 3 3
0.015287181655040281 2 1 0 3 1 2 0 0
0.004027894476309824 2 1 0 3 1 2 0 3
-0.008361379736990941 2 1 0 3 1 2 1 1
-0.008361379736990941 2 1 0 3 1 2 2 2
0.003973398107934204 2 1 0 3 1 2 3 0
-0.015287181655040281 2 1 0 3 2 1 0 0
-0.004027894476309824 2 1 0 3 2 1 0 3
0.008361379736990941 2 1 0 3 2 1 1 1
0.008361379736990941 2 1 0 3 2 1 2 2
-0.003973398107934204 2 1 0 3 2 1 3 0
-0.0005991326185186357 2 1 1 1 1 2 0 0
-0.008361379736990941 2 1 1 1 1 2 3 0
-0.00033076660050239734 2 1 1 1 1 2 3 3
0.0005991326185186357 2 1 1 1 2 1 0 0
0.008361379736990941 2 1 1 1 2 1 3 0
0.00033076660050239734 2 1 1 1 2 1 3 3
-5.354006707539651e-06 2 1 1 2 1 1 2 2
-0.002146834860069884 2 1 1 2 1 2 1 2
0.002152188866777424 2 1 1 2 1 2 2 1
0.002152188866777424 2 1 1 2 2 1 1 2
-0.002146834860069884 2 1 1 2 2 1 2 1
-5.354006707539651e-06 2 1 1 2 2 2 1 1
-5.354006707539651e-06 2 1 2 1 1 1 2 2
0.002152188866777424 2 1 2 1 1 2 1 2
-0.002146834860069884 2 1 2 1 1 2 2 1
-0.002146834860069884 2 1 2 1 2 1 1 2
0.002152188866777424 2 1 2 1 2 1 2 1
-5.354006707539651e-06 2 1 2 1 2 2 1 1
-0.0005991326185186357 2 1 2 2 1 2 0 0
-0.008361379736990941 2 1 2 2 1 2 3 0
-0.00033076660050239734 2 1 2 2 1 2 3 3
0.0005991326185186357 2 1 2 2 2 1 0 0
0.008361379736990941 2 1 2 2 2 1 3 0
0.00033076660050239734 2 1 2 2 2 1 3 3
0.017699606651380248 2 1 3 0 1 2 0 0
0.003973398107934204 2 1 3 0 1 2 0 3
0.003991037606172629 2 1 3 0 1 2 3 0
-0.017699606651380248 2 1 3 0 2 1 0 0
-0.003973398107934204 2 1 3 0 2 1 0 3
-0.003991037606172629 2 1 3 0 2 1 3 0
0.0018265632478643191 2 1 3 3 1 2 0 0
-0.0005991326185186357 2 1 3 3 1 2 1 1
-0.0005991326185186357 2 1 3 3 1 2 2 2
-0.0018265632478643191 2 1 3 3 2 1 0 0
0.0005991326185186357 2 1 3 3 2 1 1 1
0.0005991326185186357 2 1 3 3 2 1 2 2
0.0018080456406069797 2 2 0 0 1 1 0 0
0.0018080456406069797 2 2 0 0 2 2 0 0
1.0708013415079302e-05 2 2 1 1 1 1 2 2
-5.354006707539651e-06 2 2 1 1 1 2 1 2
-5.354006707539651e-06 2 2 1 1 1 2 2 1
-5.354006707539651e-06 2 2 1 1 2 1 1 2
-5.354006707539651e-06 2 2 1 1 2 1 2 1
1.0708013415079302e-05 2 2 1 1 2 2 1 1
0.01216745347566456 2 3 0 1 1 0 0 2
0.0008969146346046993 2 3 0 1 1 0 3 2
0.0034499685303372844 2 3 0 1 1 3 0 2
-0.01216745347566456 2 3 0 1 2 0 0 1
-0.0008969146346046993 2 3 0 1 2 0 3 1
-0.0034499685303372844 2 3 0 1 2 3 0 1
-0.01228210538368724 2 3 0 2 1 0 1 0
-0.000825033606553908 2 3 0 2 1 0 1 3
-0.0034824770149937062 2 3 0 2 1 3 1 0
-0.01228210538368724 2 3 0 2 2 0 2 0
-0.000825033606553908 2 3 0 2 2 0 2 3
-0.0034824770149937062 2 3 0 2 2 3 2 0
0.0131539710988446 2 3 1 0 1 0 2 0
0.0009471460386530034 2 3 1 0 1 0 2 3
0.0008250336065539079 2 3 1 0 1 0 3 2
0.003729686448421075 2 3 1 0 1 3 2 0
-0.0131539710988446 2 3 1 0 2 0 1 0
-0.0009471460386530034 2 3 1 0 2 0 1 3
-0.0008250336065539079 2 3 1 0 2 0 3 1
-0.003729686448421075 2 3 1 0 2 3 1 0
0.0008412212825440657 2 3 1 3 1 0 0 2
0.0009417920319454636 2 3 1 3 1 0 2 0
0.01228210538368724 2 3 1 3 1 0 3 2
0.0034824770149937062 2 3 1 3 1 3 3 2
-0.0008412212825440657 2 3 1 3 2 0 0 1
-0.0009417920319454636 2 3 1 3 2 0 1 0
-0.01228210538368724 2 3 1 3 2 0 3 1
-0.0034824770149937062 2 3 1 3 2 3 3 1
0.0008915606278971597 2 3 3 1 1 0 0 2
-0.0008915606278971597 2 3 3 1 2 0 0 1
-0.0008412212825440657 2 3 3 2 1 0 1 0
-0.0008412212825440657 2 3 3 2 2 0 2 0
-175.18810000221808 3 0 0 0 0 0 0 0
-25.473360453280407 3 0 0 0 0 0 0 3
-0.18933541243409188 3 0 0 0 0 0 1 1
-0.18933541243409188 3 0 0 0 0 0 2 2
-26.737999706605635 3 0 0 0 0 0 3 0
0.3806498688211121 3 0 0 0 0 0 3 3
-40.43469002230984 3 0 0 0 0 3 0 0
0.7605439101166112 3 0 0 0 0 3 0 3
-0.045319257785942715 3 0 0 0 0 3 1 1
-0.045319257785942715 3 0 0 0 0 3 2 2
0.8274336367618198 3 0 0 0 0 3 3 0
0.08646541981688859 3 0 0 0 0 3 3 3
-45.600539618927904 3 0 0 0 3 0 0 0
0.7911182734266915 3 0 0 0 3 0 0 3
-0.045980790986947524 3 0 0 0 3 0 1 1
-0.045980790986947524 3 0 0 0 3 0 2 2
0.8628328500645801 3 0 0 0 3 0 3 0
0.0901185463126172 3 0 0 0 3 0 3 3
1.2623278039183279 3 0 0 0 3 3 0 0
0.18468804584137816 3 0 0 0 3 3 0 3
0.19445093618575113 3 0 0 0 3 3 3 0
-24.211382520574496 3 0 0 3 0 0 0 0
0.5831315832300755 3 0 0 3 0 0 0 3
14.34680658313242 3 0 0 3 0 0 1 1
14.34680658313242 3 0 0 3 0 0 2 2
0.6118095176380056 3 0 0 3 0 0 3 0
0.09912647399978998 3 0 0 3 0 0 3 3
0.7605439101166109 3 0 0 3 0 3 0 0
0.14023179284799148 3 0 0 3 0 3 0 3
-0.41765971666345736 3 0 0 3 0 3 1 1
-0.41765971666345736 3 0 0 3 0 3 2 2
0.14328770696859872 3 0 0 3 0 3 3 0
0.7911182734266914 3 0 0 3 3 0 0 0
0.1482875818006111 3 0 0 3 3 0 0 3
-0.4343824761374391 3 0 0 3 3 0 1 1
-0.4343824761374391 3 0 0 3 3 0 2 2
0.1512345031844671 3 0 0 3 3 0 3 0
0.18813801437171543 3 0 0 3 3 3 0 0
-0.10083417897301988 3 0 0 3 3 3 1 1
-0.10083417897301988 3 0 0 3 3 3 2 2
-0.22151352996906837 3 0 1 1 0 0 0 0
0.006359182353477414 3 0 1 1 0 0 0 3
13.072914915568767 3 0 1 1 0 0 3 0
-0.18588355959301836 3 0 1 1 0 0 3 3
-0.05183870734506239 3 0 1 1 0 3 0 0
-0.4176597166634573 3 0 1 1 0 3 3 0
-0.045319257785942715 3 0 1 1 0 3 3 3
-0.053036972582099676 3 0 1 1 3 0 0 0
-0.4343824761374391 3 0 1 1 3 0 3 0
-0.04598079098694752 3 0 1 1 3 0 3 3
-0.10431665598801358 3 0 1 1 3 3 3 0
-0.23568056772634746 3 0 1 2 0 0 1 2
0.23568056772634746 3 0 1 2 0 0 2 1
-0.056816933145002586 3 0 1 2 0 3 1 2
0.056816933145002586 3 0 1 2 0 3 2 1
-0.06111595687184989 3 0 1 2 3 0 1 2
0.06111595687184989 3 0 1 2 3 0 2 1
0.23568056772634746 3 0 2 1 0 0 1 2
-0.23568056772634746 3 0 2 1 0 0 2 1
0.056816933145002586 3 0 2 1 0 3 1 2
-0.056816933145002586 3 0 2 1 0 3 2 1
0.06111595687184989 3 0 2 1 3 0 1 2
-0.06111595687184989 3 0 2 1 3 0 2 1
-0.22151352996906837 3 0 2 2 0 0 0 0
0.006359182353477412 3 0 2 2 0 0 0 3
13.072914915568767 3 0 2 2 0 0 3 0
-0.18588355959301836 3 0 2 2 0 0 3 3
-0.05183870734506239 3 0 2 2 0 3 0 0
-0.4176597166634573 3 0 2 2 0 3 3 0
-0.045319257785942715 3 0 2 2 0 3 3 3
-0.053036972582099676 3 0 2 2 3 0 0 0
-0.4343824761374391 3 0 2 2 3 0 3 0
-0.04598079098694752 3 0 2 2 3 0 3 3
-0.10431665598801358 3 0 2 2 3 3 3 0
-25.37366215756267 3 0 3 0 0 0 0 0
0.6123822174309532 3 0 3 0 0 0 0 3
0.003804662234794373 3 0 3 0 0 0 1 1
0.003804662234794373 3 0 3 0 0 0 2 2
0.6478667470379191 3 0 3 0 0 0 3 0
0.09645385695105305 3 0 3 0 0 0 3 3
0.8274336367618196 3 0 3 0 0 3 0 0
0.14328770696859872 3 0 3 0 0 3 0 3
0.14756274793716323 3 0 3 0 0 3 3 0
0.8628328500645799 3 0 3 0 3 0 0 0
0.1512345031844671 3 0 3 0 3 0 0 3
0.15554482314950846 3 0 3 0 3 0 3 0
0.19818062263417222 3 0 3 0 3 3 0 0
0.3721807307951519 3 0 3 3 0 0 0 0
0.09628086461821138 3 0 3 3 0 0 0 3
-0.2258233497537936 3 0 3 3 0 0 1 1
-0.2258233497537936 3 0 3 3 0 0 2 2
0.09396544808714781 3 0 3 3 0 0 3 0
0.08646541981688857 3 0 3 3 0 3 0 0
-0.05183870734506239 3 0 3 3 0 3 1 1
-0.05183870734506239 3 0 3 3 0 3 2 2
0.0901185463126172 3 0 3 3 3 0 0 0
-0.05303697258209966 3 0 3 3 3 0 1 1
-0.05303697258209966 3 0 3 3 3 0 2 2
-0.012282105383687228 3 1 0 1 0 1 1 0
-0.0008250336065539084 3 1 0 1 0 1 1 3
-0.012282105383687228 3 1 0 1 0 2 2 0
-0.0008250336065539084 3 1 0 1 0 2 2 3
-0.003482477014993707 3 1 0 1 3 1 1 0
-0.003482477014993707 3 1 0 1 3 2 2 0
-0.012167453475664548 3 1 0 2 0 1 0 2
-0.0008969146346046997 3 1 0 2 0 1 3 2
0.012167453475664548 3 1 0 2 0 2 0 1
0.0008969146346046997 3 1 0 2 0 2 3 1
-0.003449968530337285 3 1 0 2 3 1 0 2
0.003449968530337285 3 1 0 2 3 2 0 1
-0.013153971098844587 3 1 2 0 0 1 2 0
-0.0009471460386530038 3 1 2 0 0 1 2 3
-0.0008250336065539078 3 1 2 0 0 1 3 2
0.013153971098844587 3 1 2 0 0 2 1 0
0.0009471460386530038 3 1 2 0 0 2 1 3
0.0008250336065539078 3 1 2 0 0 2 3 1
-0.0037296864484210757 3 1 2 0 3 1 2 0
0.0037296864484210757 3 1 2 0 3 2 1 0
-0.0008412212825440656 3 1 2 3 0 1 0 2
-0.0009417920319454635 3 1 2 3 0 1 2 0
-0.012282105383687228 3 1 2 3 0 1 3 2
0.0008412212825440656 3 1 2 3 0 2 0 1
0.0009417920319454635 3 1 2 3 0 2 1 0
0.012282105383687228 3 1 2 3 0 2 3 1
-0.003482477014993707 3 1 2 3 3 1 3 2
0.003482477014993707 3 1 2 3 3 2 3 1
-0.0008412212825440657 3 1 3 1 0 1 1 0
-0.0008412212825440657 3 1 3 1 0 2 2 0
-0.0008915606278971597 3 1 3 2 0 1 0 2
0.0008915606278971597 3 1 3 2 0 2 0 1
0.012167453475664548 3 2 0 1 0 1 0 2
0.0008969146346046997 3 2 0 1 0 1 3 2
-0.012167453475664548 3 2 0 1 0 2 0 1
-0.0008969146346046997 3 2 0 1 0 2 3 1
0.003449968530337285 3 2 0 1 3 1 0 2
-0.003449968530337285 3 2 0 1 3 2 0 1
-0.012282105383687228 3 2 0 2 0 1 1 0
-0.0008250336065539084 3 2 0 2 0 1 1 3
-0.012282105383687228 3 2 0 2 0 2 2 0
-0.0008250336065539084 3 2 0 2 0 2 2 3
-0.003482477014993707 3 2 0 2 3 1 1 0
-0.003482477014993707 3 2 0 2 3 2 2 0
0.013153971098844587 3 2 1 0 0 1 2 0
0.0009471460386530038 3 2 1 0 0 1 2 3
0.0008250336065539078 3 2 1 0 0 1 3 2
-0.013153971098844587 3 2 1 0 0 2 1 0
-0.0009471460386530038 3 2 1 0 0 2 1 3
-0.0008250336065539078 3 2 1 0 0 2 3 1
0.0037296864484210757 3 2 1 0 3 1 2 0
-0.0037296864484210757 3 2 1 0 3 2 1 0
0.0008412212825440656 3 2 1 3 0 1 0 2
0.0009417920319454635 3 2 1 3 0 1 2 0
0.012282105383687228 3 2 1 3 0 1 3 2
-0.0008412212825440656 3 2 1 3 0 2 0 1
-0.0009417920319454635 3 2 1 3 0 2 1 0
-0.012282105383687228 3 2 1 3 0 2 3 1
0.003482477014993707 3 2 1 3 3 1 3 2
-0.003482477014993707 3 2 1 3 3 2 3 1
0.0008915606278971597 3 2 3 1 0 1 0 2
-0.0008915606278971597 3 2 3 1 0 2 0 1
-0.0008412212825440657 3 2 3 2 0 1 1 0
-0.0008412212825440657 3 2 3 2 0 2 2 0
-37.84995717836016 3 3 0 0 0 0 0 0
0.7574241819372354 3 3 0 0 0 0 0 3
-0.04581352479199423 3 3 0 0 0 0 1 1
-0.04581352479199423 3 3 0 0 0 0 2 2
0.8228880012092841 3 3 0 0 0 0 3 0
0.08648291724228196 3 3 0 0 0 0 3 3
1.262327803918328 3 3 0 0 0 3 0 0
0.1881380143717154 3 3 0 0 0 3 0 3
0.1981806226341722 3 3 0 0 0 3 3 0
1.2623278039183279 3 3 0 0 3 0 0 0
0.18813801437171543 3 3 0 0 3 0 0 3
0.19818062263417222 3 3 0 0 3 0 3 0
0.3115127904763483 3 3 0 0 3 3 0 0
0.7330892749859061 3 3 0 3 0 0 0 0
0.13620389837168165 3 3 0 3 0 0 0 3
-0.4215804423101536 3 3 0 3 0 0 1 1
-0.4215804423101536 3 3 0 3 0 0 2 2
0.13935918625800525 3 3 0 3 0 0 3 0
0.1846880458413781 3 3 0 3 0 3 0 0
-0.10431665598801357 3 3 0 3 0 3 1 1
-0.10431665598801357 3 3 0 3 0 3 2 2
0.18468804584137813 3 3 0 3 3 0 0 0
-0.10431665598801357 3 3 0 3 3 0 1 1
-0.10431665598801357 3 3 0 3 3 0 2 2
-0.050398353443999705 3 3 1 1 0 0 0 0
-0.39701623154277915 3 3 1 1 0 0 3 0
-0.04416345757888642 3 3 1 1 0 0 3 3
-0.10083417897301988 3 3 1 1 0 3 3 0
-0.10083417897301988 3 3 1 1 3 0 3 0
-0.05467009828493271 3 3 1 2 0 0 1 2
0.05467009828493271 3 3 1 2 0 0 2 1
0.05467009828493271 3 3 2 1 0 0 1 2
-0.05467009828493271 3 3 2 1 0 0 2 1
-0.050398353443999705 3 3 2 2 0 0 0 0
-0.39701623154277915 3 3 2 2 0 0 3 0
-0.04416345757888642 3 3 2 2 0 0 3 3
-0.10083417897301988 3 3 2 2 0 3 3 0
-0.10083417897301988 3 3 2 2 3 0 3 0
0.7965800590115948 3 3 3 0 0 0 0 0
0.13925872344990867 3 3 3 0 0 0 0 3
0.1435717103309906 3 3 3 0 0 0 3 0
0.19445093618575107 3 3 3 0 0 3 0 0
0.19445093618575113 3 3 3 0 3 0 0 0
0.08280550390918164 3 3 3 3 0 0 0 0
-0.052080796009087826 3 3 3 3 0 0 1 1
-0.052080796009087826 3 3 3 3 0 0 2 2
