9114.584528940799 0 0 0 0 0 0 0 0
-97.29408842388503 0 0 0 0 0 0 0 3
-177.27067849557898 0 0 0 0 0 0 3 0
-27.226143792139723 0 0 0 0 0 0 3 3
-177.27067849557886 0 0 0 0 0 3 0 0
-27.226143792139737 0 0 0 0 0 3 0 3
-37.67865067195321 0 0 0 0 0 3 3 0
0.7799548488881513 0 0 0 0 0 3 3 3
-0.03844167173251099 0 0 0 0 1 3 3 1
-0.03844167173251099 0 0 0 0 2 3 3 2
-154.64358923342996 0 0 0 0 3 0 0 0
-19.40150369168364 0 0 0 0 3 0 0 3
-29.158866505343266 0 0 0 0 3 0 3 0
0.5615610585873552 0 0 0 0 3 0 3 3
-29.158866505343273 0 0 0 0 3 3 0 0
0.5615610585873552 0 0 0 0 3 3 0 3
0.9554055797886717 0 0 0 0 3 3 3 0
0.13024082798595926 0 0 0 0 3 3 3 3
-97.29408842388506 0 0 0 3 0 0 0 0
-31.696138736283814 0 0 0 3 0 0 0 3
-28.634973956167087 0 0 0 3 0 0 3 0
0.638513856986036 0 0 0 3 0 0 3 3
-28.6349739561671 0 0 0 3 0 3 0 0
0.638513856986036 0 0 0 3 0 3 0 3
0.8075832335320327 0 0 0 3 0 3 3 0
0.16511780198240056 0 0 0 3 0 3 3 3
-0.07938917872478823 0 0 0 3 1 0 3 1
-0.0793891787247882 0 0 0 3 1 3 0 1
-0.32885812661125413 0 0 0 3 1 3 3 1
-0.07938917872478823 0 0 0 3 2 0 3 2
-0.0793891787247882 0 0 0 3 2 3 0 2
-0.32885812661125413 0 0 0 3 2 3 3 2
-30.00580335295028 0 0 0 3 3 0 0 0
0.5534028919198255 0 0 0 3 3 0 0 3
0.7332779490477135 0 0 0 3 3 0 3 0
0.1364766438882049 0 0 0 3 3 0 3 3
0.7332779490477135 0 0 0 3 3 3 0 0
0.13647664388820496 0 0 0 3 3 3 0 3
0.17043533664233726 0 0 0 3 3 3 3 0
0.0016252174010972262 0 0 1 1 0 0 1 1
0.0016252174010972262 0 0 1 1 0 0 2 2
1.4072049466262608 0 0 1 2 0 0 1 2
-1.4072049466262608 0 0 1 2 0 0 2 1
-0.013814192321940663 0 0 1 2 0 3 1 2
0.013814192321940663 0 0 1 2 0 3 2 1
-0.0028220289012905234 0 0 1 2 1 0 2 0
-0.01009955657606669 0 0 1 2 1 3 2 0
-0.0008050458725990595 0 0 1 2 1 3 2 3
0.0028220289012905234 0 0 1 2 2 0 1 0
0.01009955657606669 0 0 1 2 2 3 1 0
0.0008050458725990595 0 0 1 2 2 3 1 3
-0.009387519048803292 0 0 1 2 3 0 1 2
0.009387519048803292 0 0 1 2 3 0 2 1
-0.0018054125918985624 0 0 1 2 3 3 1 2
0.0018054125918985624 0 0 1 2 3 3 2 1
-1.4072049466262608 0 0 2 1 0 0 1 2
1.4072049466262608 0 0 2 1 0 0 2 1
0.013814192321940663 0 0 2 1 0 3 1 2
-0.013814192321940663 0 0 2 1 0 3 2 1
0.0028220289012905234 0 0 2 1 1 0 2 0
0.01009955657606669 0 0 2 1 1 3 2 0
0.0008050458725990595 0 0 2 1 1 3 2 3
-0.0028220289012905234 0 0 2 1 2 0 1 0
-0.01009955657606669 0 0 2 1 2 3 1 0
-0.0008050458725990595 0 0 2 1 2 3 1 3
0.009387519048803292 0 0 2 1 3 0 1 2
-0.009387519048803292 0 0 2 1 3 0 2 1
0.0018054125918985624 0 0 2 1 3 3 1 2
-0.0018054125918985624 0 0 2 1 3 3 2 1
0.0016252174010972262 0 0 2 2 0 0 1 1
0.0016252174010972262 0 0 2 2 0 0 2 2
-177.27067849557895 0 0 3 0 0 0 0 0
-28.634973956167087 0 0 3 0 0 0 0 3
-45.41163672120539 0 0 3 0 0 0 3 0
0.8356338469230071 0 0 3 0 0 0 3 3
-40.25753742225014 0 0 3 0 0 3 0 0
0.8077239764477304 0 0 3 0 0 3 0 3
1.2809389644135474 0 0 3 0 0 3 3 0
0.2068336311425092 0 0 3 0 0 3 3 3
-0.038368157136962386 0 0 3 0 1 0 3 1
-0.03788046961892875 0 0 3 0 1 3 0 1
-0.14772801403414504 0 0 3 0 1 3 3 1
-0.038368157136962386 0 0 3 0 2 0 3 2
-0.03788046961892875 0 0 3 0 2 3 0 2
-0.14772801403414504 0 0 3 0 2 3 3 2
-30.918827434947346 0 0 3 0 3 0 0 0
0.5778188062023435 0 0 3 0 3 0 0 3
1.0387907197540232 0 0 3 0 3 0 3 0
0.14282924319677118 0 0 3 0 3 0 3 3
0.9947061839822626 0 0 3 0 3 3 0 0
0.13708013991652354 0 0 3 0 3 3 0 3
0.22558214222048512 0 0 3 0 3 3 3 0
-27.226143792139716 0 0 3 3 0 0 0 0
0.638513856986036 0 0 3 3 0 0 0 3
0.8356338469230071 0 0 3 3 0 0 3 0
0.17917158246646683 0 0 3 3 0 0 3 3
0.8077239764477304 0 0 3 3 0 3 0 0
0.16980239547708936 0 0 3 3 0 3 0 3
0.210693607537204 0 0 3 3 0 3 3 0
-0.07656714982349772 0 0 3 3 1 0 0 1
-0.33869157652486886 0 0 3 3 1 0 3 1
-0.32540290553174794 0 0 3 3 1 3 0 1
10.890870303433335 0 0 3 3 1 3 3 1
-0.07656714982349772 0 0 3 3 2 0 0 2
-0.33869157652486886 0 0 3 3 2 0 3 2
-0.32540290553174794 0 0 3 3 2 3 0 2
10.890870303433335 0 0 3 3 2 3 3 2
0.7307606585650952 0 0 3 3 3 0 0 0
0.1402937717545136 0 0 3 3 3 0 0 3
0.18419594329805486 0 0 3 3 3 0 3 0
0.1753095571313345 0 0 3 3 3 3 0 0
0.0016252174010972266 0 1 0 1 0 1 0 1
0.0016252174010972266 0 1 0 1 0 2 0 2
1.4072049466262608 0 1 0 2 0 1 0 2
-0.013814192321940675 0 1 0 2 0 1 3 2
-1.4072049466262608 0 1 0 2 0 2 0 1
0.013814192321940675 0 1 0 2 0 2 3 1
-0.002822028901290522 0 1 0 2 1 2 0 0
-0.0100995565760667 0 1 0 2 1 2 3 0
-0.0008050458725990596 0 1 0 2 1 2 3 3
0.002822028901290522 0 1 0 2 2 1 0 0
0.0100995565760667 0 1 0 2 2 1 3 0
0.0008050458725990596 0 1 0 2 2 1 3 3
-0.009387519048803295 0 1 0 2 3 1 0 2
-0.001805412591898562 0 1 0 2 3 1 3 2
0.009387519048803295 0 1 0 2 3 2 0 1
0.001805412591898562 0 1 0 2 3 2 3 1
0.0018371008192980673 0 1 1 0 0 1 1 0
0.0018371008192980673 0 1 1 0 0 2 2 0
2.5770496494776443 0 1 2 0 0 1 2 0
-0.013954935237638428 0 1 2 0 0 1 2 3
-2.5770496494776443 0 1 2 0 0 2 1 0
0.013954935237638428 0 1 2 0 0 2 1 3
0.00024384375901681087 0 1 2 0 1 1 2 1
-0.0002438437590168109 0 1 2 0 1 2 1 1
0.0002438437590168109 0 1 2 0 2 1 2 2
-0.00024384375901681087 0 1 2 0 2 2 1 2
-0.022042267885880366 0 1 2 0 3 1 2 0
-0.0028745516401238545 0 1 2 0 3 1 2 3
0.022042267885880366 0 1 2 0 3 2 1 0
0.0028745516401238545 0 1 2 0 3 2 1 3
-0.013954935237638431 0 1 2 3 0 1 2 0
-0.004684593494688792 0 1 2 3 0 1 2 3
0.013954935237638431 0 1 2 3 0 2 1 0
0.004684593494688792 0 1 2 3 0 2 1 3
0.006644335496560496 0 1 2 3 1 1 2 1
-0.006644335496560496 0 1 2 3 1 2 1 1
0.006644335496560496 0 1 2 3 2 1 2 2
-0.006644335496560496 0 1 2 3 2 2 1 2
-0.0044431930833602334 0 1 2 3 3 1 2 0
0.0044431930833602334 0 1 2 3 3 2 1 0
-0.00019932439083038137 0 1 3 1 1 1 3 0
-0.00019932439083038115 0 1 3 1 2 2 3 0
-0.013814192321940675 0 1 3 2 0 1 0 2
-0.0038599763946948105 0 1 3 2 0 1 3 2
0.013814192321940675 0 1 3 2 0 2 0 1
0.0038599763946948105 0 1 3 2 0 2 3 1
-0.0100995565760667 0 1 3 2 1 2 0 0
-0.0008050458725990594 0 1 3 2 1 2 0 3
1.0298954257293478 0 1 3 2 1 2 3 0
-0.0019437120717776244 0 1 3 2 1 2 3 3
0.0100995565760667 0 1 3 2 2 1 0 0
0.0008050458725990594 0 1 3 2 2 1 0 3
-1.0298954257293476 0 1 3 2 2 1 3 0
0.0019437120717776244 0 1 3 2 2 1 3 3
-0.0018825048908922785 0 1 3 2 3 1 0 2
0.0018825048908922785 0 1 3 2 3 2 0 1
-1.407204946626261 0 2 0 1 0 1 0 2
0.013814192321940675 0 2 0 1 0 1 3 2
1.4072049466262608 0 2 0 1 0 2 0 1
-0.013814192321940675 0 2 0 1 0 2 3 1
0.002822028901290522 0 2 0 1 1 2 0 0
0.0100995565760667 0 2 0 1 1 2 3 0
0.0008050458725990596 0 2 0 1 1 2 3 3
-0.002822028901290522 0 2 0 1 2 1 0 0
-0.0100995565760667 0 2 0 1 2 1 3 0
-0.0008050458725990596 0 2 0 1 2 1 3 3
0.009387519048803295 0 2 0 1 3 1 0 2
0.001805412591898562 0 2 0 1 3 1 3 2
-0.009387519048803295 0 2 0 1 3 2 0 1
-0.001805412591898562 0 2 0 1 3 2 3 1
0.0016252174010972266 0 2 0 2 0 1 0 1
0.0016252174010972266 0 2 0 2 0 2 0 2
-2.5770496494776443 0 2 1 0 0 1 2 0
0.013954935237638428 0 2 1 0 0 1 2 3
2.5770496494776443 0 2 1 0 0 2 1 0
-0.013954935237638428 0 2 1 0 0 2 1 3
-0.00024384375901681087 0 2 1 0 1 1 2 1
0.0002438437590168109 0 2 1 0 1 2 1 1
-0.0002438437590168109 0 2 1 0 2 1 2 2
0.00024384375901681087 0 2 1 0 2 2 1 2
0.022042267885880366 0 2 1 0 3 1 2 0
0.0028745516401238545 0 2 1 0 3 1 2 3
-0.022042267885880366 0 2 1 0 3 2 1 0
-0.0028745516401238545 0 2 1 0 3 2 1 3
0.013954935237638431 0 2 1 3 0 1 2 0
0.004684593494688792 0 2 1 3 0 1 2 3
-0.013954935237638431 0 2 1 3 0 2 1 0
-0.004684593494688792 0 2 1 3 0 2 1 3
-0.006644335496560496 0 2 1 3 1 1 2 1
0.006644335496560496 0 2 1 3 1 2 1 1
-0.006644335496560496 0 2 1 3 2 1 2 2
0.006644335496560496 0 2 1 3 2 2 1 2
0.0044431930833602334 0 2 1 3 3 1 2 0
-0.0044431930833602334 0 2 1 3 3 2 1 0
0.0018371008192980664 0 2 2 0 0 1 1 0
0.0018371008192980673 0 2 2 0 0 2 2 0
0.013814192321940675 0 2 3 1 0 1 0 2
0.0038599763946948105 0 2 3 1 0 1 3 2
-0.013814192321940675 0 2 3 1 0 2 0 1
-0.0038599763946948105 0 2 3 1 0 2 3 1
0.0100995565760667 0 2 3 1 1 2 0 0
0.0008050458725990594 0 2 3 1 1 2 0 3
-1.0298954257293478 0 2 3 1 1 2 3 0
0.0019437120717776244 0 2 3 1 1 2 3 3
-0.0100995565760667 0 2 3 1 2 1 0 0
-0.0008050458725990594 0 2 3 1 2 1 0 3
1.0298954257293476 0 2 3 1 2 1 3 0
-0.0019437120717776244 0 2 3 1 2 1 3 3
0.0018825048908922785 0 2 3 1 3 1 0 2
-0.0018825048908922785 0 2 3 1 3 2 0 1
-0.00019932439083038137 0 2 3 2 1 1 3 0
-0.00019932439083038115 0 2 3 2 2 2 3 0
-177.27067849557875 0 3 0 0 0 0 0 0
-28.6349739561671 0 3 0 0 0 0 0 3
-40.25753742225014 0 3 0 0 0 0 3 0
0.8077239764477303 0 3 0 0 0 0 3 3
-45.411636721205426 0 3 0 0 0 3 0 0
0.8356338469230071 0 3 0 0 0 3 0 3
1.2809389644135474 0 3 0 0 0 3 3 0
0.2068336311425093 0 3 0 0 0 3 3 3
-0.037880469618928755 0 3 0 0 1 0 3 1
-0.03836815713696235 0 3 0 0 1 3 0 1
-0.14772801403414498 0 3 0 0 1 3 3 1
-0.037880469618928755 0 3 0 0 2 0 3 2
-0.03836815713696235 0 3 0 0 2 3 0 2
-0.14772801403414498 0 3 0 0 2 3 3 2
-30.91882743494736 0 3 0 0 3 0 0 0
0.5778188062023434 0 3 0 0 3 0 0 3
0.9947061839822626 0 3 0 0 3 0 3 0
0.1370801399165235 0 3 0 0 3 0 3 3
1.0387907197540234 0 3 0 0 3 3 0 0
0.14282924319677126 0 3 0 0 3 3 0 3
0.22558214222048517 0 3 0 0 3 3 3 0
-27.226143792139737 0 3 0 3 0 0 0 0
0.6385138569860359 0 3 0 3 0 0 0 3
0.8077239764477304 0 3 0 3 0 0 3 0
0.16980239547708936 0 3 0 3 0 0 3 3
0.8356338469230072 0 3 0 3 0 3 0 0
0.17917158246646697 0 3 0 3 0 3 0 3
0.21069360753720406 0 3 0 3 0 3 3 0
-0.07656714982349769 0 3 0 3 1 0 0 1
-0.3254029055317479 0 3 0 3 1 0 3 1
-0.3386915765248688 0 3 0 3 1 3 0 1
10.890870303433328 0 3 0 3 1 3 3 1
-0.07656714982349769 0 3 0 3 2 0 0 2
-0.3254029055317479 0 3 0 3 2 0 3 2
-0.3386915765248688 0 3 0 3 2 3 0 2
10.89087030343333 0 3 0 3 2 3 3 2
0.7307606585650952 0 3 0 3 3 0 0 0
0.14029377175451366 0 3 0 3 3 0 0 3
0.1753095571313345 0 3 0 3 3 0 3 0
0.184195943298055 0 3 0 3 3 3 0 0
-0.00019932439083038137 0 3 1 1 1 3 1 0
-0.00019932439083038137 0 3 1 1 2 3 2 0
-0.013814192321940661 0 3 1 2 0 0 1 2
0.013814192321940661 0 3 1 2 0 0 2 1
-0.0038599763946948126 0 3 1 2 0 3 1 2
0.0038599763946948126 0 3 1 2 0 3 2 1
-0.010099556576066692 0 3 1 2 1 0 2 0
-0.0008050458725990596 0 3 1 2 1 0 2 3
1.0298954257293473 0 3 1 2 1 3 2 0
-0.0019437120717776236 0 3 1 2 1 3 2 3
0.010099556576066692 0 3 1 2 2 0 1 0
0.0008050458725990596 0 3 1 2 2 0 1 3
-1.0298954257293471 0 3 1 2 2 3 1 0
0.0019437120717776236 0 3 1 2 2 3 1 3
-0.0018825048908922791 0 3 1 2 3 0 1 2
0.0018825048908922791 0 3 1 2 3 0 2 1
0.013814192321940661 0 3 2 1 0 0 1 2
-0.013814192321940661 0 3 2 1 0 0 2 1
0.0038599763946948126 0 3 2 1 0 3 1 2
-0.0038599763946948126 0 3 2 1 0 3 2 1
0.010099556576066692 0 3 2 1 1 0 2 0
0.0008050458725990596 0 3 2 1 1 0 2 3
-1.0298954257293473 0 3 2 1 1 3 2 0
0.0019437120717776236 0 3 2 1 1 3 2 3
-0.010099556576066692 0 3 2 1 2 0 1 0
-0.0008050458725990596 0 3 2 1 2 0 1 3
1.0298954257293471 0 3 2 1 2 3 1 0
-0.0019437120717776236 0 3 2 1 2 3 1 3
0.0018825048908922791 0 3 2 1 3 0 1 2
-0.0018825048908922791 0 3 2 1 3 0 2 1
-0.00019932439083038137 0 3 2 2 1 3 1 0
-0.00019932439083038137 0 3 2 2 2 3 2 0
-37.67865067195321 0 3 3 0 0 0 0 0
0.8075832335320325 0 3 3 0 0 0 0 3
1.2809389644135472 0 3 3 0 0 0 3 0
0.210693607537204 0 3 3 0 0 0 3 3
1.2809389644135474 0 3 3 0 0 3 0 0
0.21069360753720406 0 3 3 0 0 3 0 3
0.311512790476348 0 3 3 0 0 3 3 0
-0.036831579987312874 0 3 3 0 1 0 0 1
-0.1457843019623674 0 3 3 0 1 0 3 1
-0.14578430196236736 0 3 3 0 1 3 0 1
0.8408131198864217 0 3 3 0 1 3 3 1
-0.036831579987312874 0 3 3 0 2 0 0 2
-0.1457843019623674 0 3 3 0 2 0 3 2
-0.14578430196236736 0 3 3 0 2 3 0 2
0.8408131198864219 0 3 3 0 2 3 3 2
0.9899222524040929 0 3 3 0 3 0 0 0
0.1383245331648275 0 3 3 0 3 0 0 3
0.2304044850116494 0 3 3 0 3 0 3 0
0.23040448501164948 0 3 3 0 3 3 0 0
0.7799548488881513 0 3 3 3 0 0 0 0
0.16511780198240056 0 3 3 3 0 0 0 3
0.2068336311425092 0 3 3 3 0 0 3 0
0.2068336311425093 0 3 3 3 0 3 0 0
-0.3086590134591207 0 3 3 3 1 0 0 1
9.860775553313163 0 3 3 3 1 0 3 1
9.860775553313156 0 3 3 3 1 3 0 1
46.69182746261922 0 3 3 3 1 3 3 1
-0.3086590134591207 0 3 3 3 2 0 0 2
9.860775553313161 0 3 3 3 2 0 3 2
9.860775553313154 0 3 3 3 2 3 0 2
46.69182746261922 0 3 3 3 2 3 3 2
0.17114320685562384 0 3 3 3 3 0 0 0
-0.04768172624554612 1 0 0 1 0 3 3 0
0.0012678538687827465 1 0 0 1 1 0 0 1
0.0012678538687827465 1 0 0 1 2 0 0 2
-0.07656714982349772 1 0 0 1 3 0 3 0
-0.07656714982349769 1 0 0 1 3 3 0 0
-0.30865901345912067 1 0 0 1 3 3 3 0
-0.036831579987312874 1 0 0 1 3 3 3 3
10.603031807397857 1 0 0 2 1 0 0 2
-0.16232937141155504 1 0 0 2 1 0 3 2
-0.162329371411555 1 0 0 2 1 3 0 2
-0.03658368347258087 1 0 0 2 1 3 3 2
-10.603031807397857 1 0 0 2 2 0 0 1
0.16232937141155504 1 0 0 2 2 0 3 1
0.162329371411555 1 0 0 2 2 3 0 1
0.03658368347258087 1 0 0 2 2 3 3 1
0.0017203315816808305 1 0 1 0 1 0 1 0
0.0017203315816808307 1 0 1 0 2 0 2 0
0.0008050458725990595 1 0 1 0 3 3 1 1
0.0008050458725990595 1 0 1 0 3 3 2 2
0.0007469973298590417 1 0 1 3 0 3 1 1
0.0007469973298590417 1 0 1 3 0 3 2 2
0.0028220289012905234 1 0 1 3 3 0 1 1
0.0028220289012905234 1 0 1 3 3 0 2 2
0.01009955657606669 1 0 1 3 3 3 1 1
0.01009955657606669 1 0 1 3 3 3 2 2
1.7582405980223763 1 0 2 0 1 0 2 0
-0.006870228566184951 1 0 2 0 1 0 2 3
-0.017258336307710596 1 0 2 0 1 3 2 0
-0.0021593476985418384 1 0 2 0 1 3 2 3
-1.7582405980223763 1 0 2 0 2 0 1 0
0.006870228566184951 1 0 2 0 2 0 1 3
0.017258336307710596 1 0 2 0 2 3 1 0
0.0021593476985418384 1 0 2 0 2 3 1 3
-0.006870228566184953 1 0 2 3 1 0 2 0
-0.00381712786630868 1 0 2 3 1 0 2 3
-0.002236439997535554 1 0 2 3 1 3 2 0
0.006870228566184953 1 0 2 3 2 0 1 0
0.00381712786630868 1 0 2 3 2 0 1 3
0.002236439997535554 1 0 2 3 2 3 1 0
-0.05067913803961695 1 0 3 1 0 0 3 0
-0.04917886173014241 1 0 3 1 0 3 0 0
-0.22009980472971424 1 0 3 1 0 3 3 0
-0.007914614168995828 1 0 3 1 0 3 3 3
-0.07938917872478823 1 0 3 1 3 0 0 0
-0.33869157652486886 1 0 3 1 3 0 3 0
-0.038368157136962386 1 0 3 1 3 0 3 3
-0.32540290553174783 1 0 3 1 3 3 0 0
-0.03788046961892875 1 0 3 1 3 3 0 3
9.860775553313157 1 0 3 1 3 3 3 0
-0.14578430196236739 1 0 3 1 3 3 3 3
-0.16232937141155504 1 0 3 2 1 0 0 2
-0.041366700101283696 1 0 3 2 1 0 3 2
-0.03815232491581724 1 0 3 2 1 3 0 2
0.16232937141155504 1 0 3 2 2 0 0 1
0.041366700101283696 1 0 3 2 2 0 3 1
0.03815232491581724 1 0 3 2 2 3 0 1
0.0017203315816808323 1 1 0 0 1 1 0 0
0.0017203315816808327 1 1 0 0 2 2 0 0
0.0008050458725990594 1 1 0 0 3 1 3 1
0.0008050458725990594 1 1 0 0 3 2 3 2
0.0007469973298590415 1 1 0 3 0 1 3 1
0.0007469973298590415 1 1 0 3 0 2 3 2
0.002822028901290522 1 1 0 3 3 1 0 1
0.0100995565760667 1 1 0 3 3 1 3 1
0.002822028901290522 1 1 0 3 3 2 0 2
0.0100995565760667 1 1 0 3 3 2 3 2
0.0007501381547372585 1 1 2 1 0 1 2 0
-0.0007501381547372585 1 1 2 1 0 2 1 0
0.006644335496560495 1 1 2 1 3 1 2 0
0.00024384375901681093 1 1 2 1 3 1 2 3
-0.006644335496560495 1 1 2 1 3 2 1 0
-0.00024384375901681093 1 1 2 1 3 2 1 3
0.0016457337422300948 1 1 2 2 1 1 2 2
-0.001568641443236379 1 1 2 2 1 2 1 2
-7.709229899371579e-05 1 1 2 2 1 2 2 1
-7.709229899371579e-05 1 1 2 2 2 1 1 2
-0.001568641443236379 1 1 2 2 2 1 2 1
0.0016457337422300948 1 1 2 2 2 2 1 1
0.0018863978241293869 1 1 3 0 0 1 3 1
0.0018863978241293869 1 1 3 0 0 2 3 2
0.0008050458725990596 1 1 3 0 3 1 0 1
0.0019437120717776266 1 1 3 0 3 1 3 1
0.0008050458725990596 1 1 3 0 3 2 0 2
0.0019437120717776266 1 1 3 0 3 2 3 2
0.0007469973298590412 1 1 3 3 0 1 0 1
0.004268708071628266 1 1 3 3 0 1 3 1
0.0007469973298590412 1 1 3 3 0 2 0 2
0.004268708071628266 1 1 3 3 0 2 3 2
0.0100995565760667 1 1 3 3 3 1 0 1
-1.029895425729348 1 1 3 3 3 1 3 1
0.0100995565760667 1 1 3 3 3 2 0 2
-1.0298954257293478 1 1 3 3 3 2 3 2
1.758240598022377 1 2 0 0 1 2 0 0
-0.006870228566184956 1 2 0 0 1 2 0 3
-0.017258336307710617 1 2 0 0 1 2 3 0
-0.0021593476985418384 1 2 0 0 1 2 3 3
-1.758240598022377 1 2 0 0 2 1 0 0
0.006870228566184956 1 2 0 0 2 1 0 3
0.017258336307710617 1 2 0 0 2 1 3 0
0.0021593476985418384 1 2 0 0 2 1 3 3
-0.006870228566184957 1 2 0 3 1 2 0 0
-0.003817127866308682 1 2 0 3 1 2 0 3
-0.002236439997535555 1 2 0 3 1 2 3 0
0.006870228566184957 1 2 0 3 2 1 0 0
0.003817127866308682 1 2 0 3 2 1 0 3
0.002236439997535555 1 2 0 3 2 1 3 0
-0.0007501381547372585 1 2 1 1 0 1 2 0
0.0007501381547372585 1 2 1 1 0 2 1 0
-0.006644335496560495 1 2 1 1 3 1 2 0
-0.00024384375901681093 1 2 1 1 3 1 2 3
0.006644335496560495 1 2 1 1 3 2 1 0
0.00024384375901681093 1 2 1 1 3 2 1 3
-0.001568641443236379 1 2 1 2 1 1 2 2
0.0016457337422300948 1 2 1 2 1 2 1 2
-7.709229899371584e-05 1 2 1 2 1 2 2 1
-7.709229899371584e-05 1 2 1 2 2 1 1 2
0.0016457337422300948 1 2 1 2 2 1 2 1
-0.001568641443236379 1 2 1 2 2 2 1 1
-7.709229899371579e-05 1 2 2 1 1 1 2 2
-7.709229899371584e-05 1 2 2 1 1 2 1 2
0.00015418459798743163 1 2 2 1 1 2 2 1
0.00015418459798743163 1 2 2 1 2 1 1 2
-7.709229899371584e-05 1 2 2 1 2 1 2 1
-7.709229899371579e-05 1 2 2 1 2 2 1 1
-0.017258336307710617 1 2 3 0 1 2 0 0
-0.002236439997535555 1 2 3 0 1 2 0 3
-0.004822342791164266 1 2 3 0 1 2 3 0
0.017258336307710617 1 2 3 0 2 1 0 0
0.002236439997535555 1 2 3 0 2 1 0 3
0.004822342791164266 1 2 3 0 2 1 3 0
-0.0021593476985418384 1 2 3 3 1 2 0 0
0.0021593476985418384 1 2 3 3 2 1 0 0
0.00019932439083038126 1 2 3 3 3 1 3 2
-0.00019932439083038126 1 2 3 3 3 2 3 1
-0.04917886173014241 1 3 0 1 0 0 3 0
-0.050679138039616906 1 3 0 1 0 3 0 0
-0.22009980472971424 1 3 0 1 0 3 3 0
-0.007914614168995825 1 3 0 1 0 3 3 3
-0.0793891787247882 1 3 0 1 3 0 0 0
-0.3254029055317479 1 3 0 1 3 0 3 0
-0.03788046961892875 1 3 0 1 3 0 3 3
-0.3386915765248688 1 3 0 1 3 3 0 0
-0.03836815713696236 1 3 0 1 3 3 0 3
9.860775553313156 1 3 0 1 3 3 3 0
-0.14578430196236733 1 3 0 1 3 3 3 3
-0.16232937141155496 1 3 0 2 1 0 0 2
-0.03815232491581724 1 3 0 2 1 0 3 2
-0.04136670010128373 1 3 0 2 1 3 0 2
0.16232937141155496 1 3 0 2 2 0 0 1
0.03815232491581724 1 3 0 2 2 0 3 1
0.04136670010128373 1 3 0 2 2 3 0 1
0.001886397824129386 1 3 1 0 0 3 1 1
0.001886397824129386 1 3 1 0 0 3 2 2
0.0008050458725990595 1 3 1 0 3 0 1 1
0.0008050458725990595 1 3 1 0 3 0 2 2
0.0019437120717776257 1 3 1 0 3 3 1 1
0.0019437120717776257 1 3 1 0 3 3 2 2
0.0007469973298590412 1 3 1 3 0 0 1 1
0.0007469973298590412 1 3 1 3 0 0 2 2
0.004268708071628265 1 3 1 3 0 3 1 1
0.004268708071628265 1 3 1 3 0 3 2 2
0.010099556576066692 1 3 1 3 3 0 1 1
0.010099556576066692 1 3 1 3 3 0 2 2
-1.0298954257293476 1 3 1 3 3 3 1 1
-1.0298954257293473 1 3 1 3 3 3 2 2
-0.017258336307710592 1 3 2 0 1 0 2 0
-0.0022364399975355535 1 3 2 0 1 0 2 3
-0.004822342791164267 1 3 2 0 1 3 2 0
0.017258336307710592 1 3 2 0 2 0 1 0
0.0022364399975355535 1 3 2 0 2 0 1 3
0.004822342791164267 1 3 2 0 2 3 1 0
-0.0021593476985418384 1 3 2 3 1 0 2 0
0.0021593476985418384 1 3 2 3 2 0 1 0
0.00019932439083038137 1 3 2 3 3 3 1 2
-0.00019932439083038137 1 3 2 3 3 3 2 1
-0.049175720905264175 1 3 3 1 0 0 0 0
-0.2243685128013425 1 3 3 1 0 0 3 0
-0.009801011993125216 1 3 3 1 0 0 3 3
-0.22436851280134248 1 3 3 1 0 3 0 0
-0.009801011993125209 1 3 3 1 0 3 0 3
4.14829792746034 1 3 3 1 0 3 3 0
-0.03251377718730586 1 3 3 1 0 3 3 3
-0.32885812661125413 1 3 3 1 3 0 0 0
-0.03844167173251099 1 3 3 1 3 0 0 3
10.890870303433339 1 3 3 1 3 0 3 0
-0.147728014034145 1 3 3 1 3 0 3 3
10.89087030343333 1 3 3 1 3 3 0 0
-0.14772801403414496 1 3 3 1 3 3 0 3
46.69182746261923 1 3 3 1 3 3 3 0
0.8408131198864224 1 3 3 1 3 3 3 3
-0.03658368347258087 1 3 3 2 1 0 0 2
0.03658368347258087 1 3 3 2 2 0 0 1
-10.603031807397857 2 0 0 1 1 0 0 2
0.16232937141155504 2 0 0 1 1 0 3 2
0.162329371411555 2 0 0 1 1 3 0 2
0.03658368347258087 2 0 0 1 1 3 3 2
10.603031807397857 2 0 0 1 2 0 0 1
-0.16232937141155504 2 0 0 1 2 0 3 1
-0.162329371411555 2 0 0 1 2 3 0 1
-0.03658368347258087 2 0 0 1 2 3 3 1
-0.04768172624554612 2 0 0 2 0 3 3 0
0.0012678538687827465 2 0 0 2 1 0 0 1
0.0012678538687827465 2 0 0 2 2 0 0 2
-0.07656714982349772 2 0 0 2 3 0 3 0
-0.07656714982349769 2 0 0 2 3 3 0 0
-0.30865901345912067 2 0 0 2 3 3 3 0
-0.036831579987312874 2 0 0 2 3 3 3 3
-1.7582405980223763 2 0 1 0 1 0 2 0
0.006870228566184951 2 0 1 0 1 0 2 3
0.017258336307710596 2 0 1 0 1 3 2 0
0.0021593476985418384 2 0 1 0 1 3 2 3
1.7582405980223763 2 0 1 0 2 0 1 0
-0.006870228566184951 2 0 1 0 2 0 1 3
-0.017258336307710596 2 0 1 0 2 3 1 0
-0.0021593476985418384 2 0 1 0 2 3 1 3
0.006870228566184953 2 0 1 3 1 0 2 0
0.00381712786630868 2 0 1 3 1 0 2 3
0.002236439997535554 2 0 1 3 1 3 2 0
-0.006870228566184953 2 0 1 3 2 0 1 0
-0.00381712786630868 2 0 1 3 2 0 1 3
-0.002236439997535554 2 0 1 3 2 3 1 0
0.0017203315816808305 2 0 2 0 1 0 1 0
0.0017203315816808307 2 0 2 0 2 0 2 0
0.0008050458725990595 2 0 2 0 3 3 1 1
0.0008050458725990595 2 0 2 0 3 3 2 2
0.0007469973298590417 2 0 2 3 0 3 1 1
0.0007469973298590417 2 0 2 3 0 3 2 2
0.0028220289012905234 2 0 2 3 3 0 1 1
0.0028220289012905234 2 0 2 3 3 0 2 2
0.01009955657606669 2 0 2 3 3 3 1 1
0.01009955657606669 2 0 2 3 3 3 2 2
0.16232937141155504 2 0 3 1 1 0 0 2
0.041366700101283696 2 0 3 1 1 0 3 2
0.03815232491581724 2 0 3 1 1 3 0 2
-0.16232937141155504 2 0 3 1 2 0 0 1
-0.041366700101283696 2 0 3 1 2 0 3 1
-0.03815232491581724 2 0 3 1 2 3 0 1
-0.05067913803961695 2 0 3 2 0 0 3 0
-0.04917886173014241 2 0 3 2 0 3 0 0
-0.22009980472971424 2 0 3 2 0 3 3 0
-0.007914614168995828 2 0 3 2 0 3 3 3
-0.07938917872478823 2 0 3 2 3 0 0 0
-0.33869157652486886 2 0 3 2 3 0 3 0
-0.038368157136962386 2 0 3 2 3 0 3 3
-0.32540290553174783 2 0 3 2 3 3 0 0
-0.03788046961892875 2 0 3 2 3 3 0 3
9.860775553313157 2 0 3 2 3 3 3 0
-0.14578430196236739 2 0 3 2 3 3 3 3
-1.758240598022377 2 1 0 0 1 2 0 0
0.006870228566184956 2 1 0 0 1 2 0 3
0.017258336307710617 2 1 0 0 1 2 3 0
0.0021593476985418384 2 1 0 0 1 2 3 3
1.758240598022377 2 1 0 0 2 1 0 0
-0.006870228566184956 2 1 0 0 2 1 0 3
-0.017258336307710617 2 1 0 0 2 1 3 0
-0.0021593476985418384 2 1 0 0 2 1 3 3
0.006870228566184957 2 1 0 3 1 2 0 0
0.003817127866308682 2 1 0 3 1 2 0 3
0.002236439997535555 2 1 0 3 1 2 3 0
-0.006870228566184957 2 1 0 3 2 1 0 0
-0.003817127866308682 2 1 0 3 2 1 0 3
-0.002236439997535555 2 1 0 3 2 1 3 0
-7.709229899371579e-05 2 1 1 2 1 1 2 2
-7.709229899371584e-05 2 1 1 2 1 2 1 2
0.00015418459798743163 2 1 1 2 1 2 2 1
0.00015418459798743163 2 1 1 2 2 1 1 2
-7.709229899371584e-05 2 1 1 2 2 1 2 1
-7.709229899371579e-05 2 1 1 2 2 2 1 1
-0.001568641443236379 2 1 2 1 1 1 2 2
0.0016457337422300948 2 1 2 1 1 2 1 2
-7.709229899371584e-05 2 1 2 1 1 2 2 1
-7.709229899371584e-05 2 1 2 1 2 1 1 2
0.0016457337422300948 2 1 2 1 2 1 2 1
-0.001568641443236379 2 1 2 1 2 2 1 1
0.0007501381547372585 2 1 2 2 0 1 2 0
-0.0007501381547372585 2 1 2 2 0 2 1 0
0.006644335496560495 2 1 2 2 3 1 2 0
0.00024384375901681093 2 1 2 2 3 1 2 3
-0.006644335496560495 2 1 2 2 3 2 1 0
-0.00024384375901681093 2 1 2 2 3 2 1 3
0.017258336307710617 2 1 3 0 1 2 0 0
0.002236439997535555 2 1 3 0 1 2 0 3
0.004822342791164266 2 1 3 0 1 2 3 0
-0.017258336307710617 2 1 3 0 2 1 0 0
-0.002236439997535555 2 1 3 0 2 1 0 3
-0.004822342791164266 2 1 3 0 2 1 3 0
0.0021593476985418384 2 1 3 3 1 2 0 0
-0.0021593476985418384 2 1 3 3 2 1 0 0
-0.00019932439083038126 2 1 3 3 3 1 3 2
0.00019932439083038126 2 1 3 3 3 2 3 1
0.0017203315816808327 2 2 0 0 1 1 0 0
0.0017203315816808327 2 2 0 0 2 2 0 0
0.0008050458725990594 2 2 0 0 3 1 3 1
0.0008050458725990594 2 2 0 0 3 2 3 2
0.0007469973298590415 2 2 0 3 0 1 3 1
0.0007469973298590415 2 2 0 3 0 2 3 2
0.002822028901290522 2 2 0 3 3 1 0 1
0.0100995565760667 2 2 0 3 3 1 3 1
0.002822028901290522 2 2 0 3 3 2 0 2
0.0100995565760667 2 2 0 3 3 2 3 2
0.0016457337422300948 2 2 1 1 1 1 2 2
-0.001568641443236379 2 2 1 1 1 2 1 2
-7.709229899371579e-05 2 2 1 1 1 2 2 1
-7.709229899371579e-05 2 2 1 1 2 1 1 2
-0.001568641443236379 2 2 1 1 2 1 2 1
0.0016457337422300948 2 2 1 1 2 2 1 1
-0.0007501381547372585 2 2 1 2 0 1 2 0
0.0007501381547372585 2 2 1 2 0 2 1 0
-0.006644335496560495 2 2 1 2 3 1 2 0
-0.00024384375901681093 2 2 1 2 3 1 2 3
0.006644335496560495 2 2 1 2 3 2 1 0
0.00024384375901681093 2 2 1 2 3 2 1 3
0.0018863978241293869 2 2 3 0 0 1 3 1
0.0018863978241293869 2 2 3 0 0 2 3 2
0.0008050458725990596 2 2 3 0 3 1 0 1
0.0019437120717776266 2 2 3 0 3 1 3 1
0.0008050458725990596 2 2 3 0 3 2 0 2
0.0019437120717776266 2 2 3 0 3 2 3 2
0.0007469973298590412 2 2 3 3 0 1 0 1
0.004268708071628266 2 2 3 3 0 1 3 1
0.0007469973298590412 2 2 3 3 0 2 0 2
0.004268708071628266 2 2 3 3 0 2 3 2
0.0100995565760667 2 2 3 3 3 1 0 1
-1.0298954257293478 2 2 3 3 3 1 3 1
0.0100995565760667 2 2 3 3 3 2 0 2
-1.0298954257293478 2 2 3 3 3 2 3 2
0.16232937141155496 2 3 0 1 1 0 0 2
0.03815232491581724 2 3 0 1 1 0 3 2
0.04136670010128373 2 3 0 1 1 3 0 2
-0.16232937141155496 2 3 0 1 2 0 0 1
-0.03815232491581724 2 3 0 1 2 0 3 1
-0.04136670010128373 2 3 0 1 2 3 0 1
-0.04917886173014241 2 3 0 2 0 0 3 0
-0.050679138039616906 2 3 0 2 0 3 0 0
-0.22009980472971424 2 3 0 2 0 3 3 0
-0.007914614168995825 2 3 0 2 0 3 3 3
-0.0793891787247882 2 3 0 2 3 0 0 0
-0.3254029055317479 2 3 0 2 3 0 3 0
-0.03788046961892875 2 3 0 2 3 0 3 3
-0.3386915765248688 2 3 0 2 3 3 0 0
-0.03836815713696236 2 3 0 2 3 3 0 3
9.860775553313152 2 3 0 2 3 3 3 0
-0.14578430196236733 2 3 0 2 3 3 3 3
0.017258336307710592 2 3 1 0 1 0 2 0
0.0022364399975355535 2 3 1 0 1 0 2 3
0.004822342791164267 2 3 1 0 1 3 2 0
-0.017258336307710592 2 3 1 0 2 0 1 0
-0.0022364399975355535 2 3 1 0 2 0 1 3
-0.004822342791164267 2 3 1 0 2 3 1 0
0.0021593476985418384 2 3 1 3 1 0 2 0
-0.0021593476985418384 2 3 1 3 2 0 1 0
-0.00019932439083038137 2 3 1 3 3 3 1 2
0.00019932439083038137 2 3 1 3 3 3 2 1
0.001886397824129386 2 3 2 0 0 3 1 1
0.001886397824129386 2 3 2 0 0 3 2 2
0.0008050458725990595 2 3 2 0 3 0 1 1
0.0008050458725990595 2 3 2 0 3 0 2 2
0.0019437120717776257 2 3 2 0 3 3 1 1
0.0019437120717776257 2 3 2 0 3 3 2 2
0.0007469973298590412 2 3 2 3 0 0 1 1
0.0007469973298590412 2 3 2 3 0 0 2 2
0.004268708071628265 2 3 2 3 0 3 1 1
0.004268708071628265 2 3 2 3 0 3 2 2
0.010099556576066692 2 3 2 3 3 0 1 1
0.010099556576066692 2 3 2 3 3 0 2 2
-1.0298954257293476 2 3 2 3 3 3 1 1
-1.0298954257293473 2 3 2 3 3 3 2 2
0.03658368347258087 2 3 3 1 1 0 0 2
-0.03658368347258087 2 3 3 1 2 0 0 1
-0.049175720905264175 2 3 3 2 0 0 0 0
-0.2243685128013425 2 3 3 2 0 0 3 0
-0.009801011993125216 2 3 3 2 0 0 3 3
-0.22436851280134248 2 3 3 2 0 3 0 0
-0.009801011993125209 2 3 3 2 0 3 0 3
4.14829792746034 2 3 3 2 0 3 3 0
-0.03251377718730586 2 3 3 2 0 3 3 3
-0.32885812661125413 2 3 3 2 3 0 0 0
-0.03844167173251099 2 3 3 2 3 0 0 3
10.890870303433337 2 3 3 2 3 0 3 0
-0.147728014034145 2 3 3 2 3 0 3 3
10.890870303433333 2 3 3 2 3 3 0 0
-0.14772801403414496 2 3 3 2 3 3 0 3
46.69182746261924 2 3 3 2 3 3 3 0
0.8408131198864224 2 3 3 2 3 3 3 3
-154.64358923342988 3 0 0 0 0 0 0 0
-30.005803352950284 3 0 0 0 0 0 0 3
-30.918827434947335 3 0 0 0 0 0 3 0
0.7307606585650952 3 0 0 0 0 0 3 3
-30.918827434947353 3 0 0 0 0 3 0 0
0.7307606585650951 3 0 0 0 0 3 0 3
0.9899222524040929 3 0 0 0 0 3 3 0
0.17114320685562384 3 0 0 0 0 3 3 3
-31.143437980174255 3 0 0 0 3 0 0 0
0.5971278331092559 3 0 0 0 3 0 0 3
0.8721196074571991 3 0 0 0 3 0 3 0
0.1360057999327451 3 0 0 0 3 0 3 3
0.8721196074571992 3 0 0 0 3 3 0 0
0.13600579993274511 3 0 0 0 3 3 0 3
0.183834704618712 3 0 0 0 3 3 3 0
-19.401503691683637 3 0 0 3 0 0 0 0
0.5534028919198255 3 0 0 3 0 0 0 3
0.5778188062023435 3 0 0 3 0 0 3 0
0.1402937717545136 3 0 0 3 0 0 3 3
0.5778188062023435 3 0 0 3 0 3 0 0
0.14029377175451366 3 0 0 3 0 3 0 3
0.1383245331648275 3 0 0 3 0 3 3 0
-0.04917572090526419 3 0 0 3 1 3 3 1
-0.04917572090526419 3 0 0 3 2 3 3 2
0.597127833109256 3 0 0 3 3 0 0 0
0.14599926903177377 3 0 0 3 3 0 0 3
0.13903891160709464 3 0 0 3 3 0 3 0
0.1390389116070947 3 0 0 3 3 3 0 0
-0.009387519048803292 3 0 1 2 0 0 1 2
0.009387519048803292 3 0 1 2 0 0 2 1
-0.001882504890892279 3 0 1 2 0 3 1 2
0.001882504890892279 3 0 1 2 0 3 2 1
-0.0007469973298590412 3 0 1 2 1 3 2 0
0.0007469973298590412 3 0 1 2 2 3 1 0
-0.0030331116743495786 3 0 1 2 3 0 1 2
0.0030331116743495786 3 0 1 2 3 0 2 1
0.009387519048803292 3 0 2 1 0 0 1 2
-0.009387519048803292 3 0 2 1 0 0 2 1
0.001882504890892279 3 0 2 1 0 3 1 2
-0.001882504890892279 3 0 2 1 0 3 2 1
0.0007469973298590412 3 0 2 1 1 3 2 0
-0.0007469973298590412 3 0 2 1 2 3 1 0
0.0030331116743495786 3 0 2 1 3 0 1 2
-0.0030331116743495786 3 0 2 1 3 0 2 1
-29.15886650534327 3 0 3 0 0 0 0 0
0.7332779490477135 3 0 3 0 0 0 0 3
1.0387907197540232 3 0 3 0 0 0 3 0
0.18419594329805486 3 0 3 0 0 0 3 3
0.9947061839822627 3 0 3 0 0 3 0 0
0.1753095571313345 3 0 3 0 0 3 0 3
0.2304044850116494 3 0 3 0 0 3 3 0
-0.009801011993125212 3 0 3 0 1 3 3 1
-0.009801011993125212 3 0 3 0 2 3 3 2
0.8721196074571991 3 0 3 0 3 0 0 0
0.13903891160709464 3 0 3 0 3 0 0 3
0.1981920480308704 3 0 3 0 3 0 3 0
0.18862048575609813 3 0 3 0 3 3 0 0
0.5615610585873552 3 0 3 3 0 0 0 0
0.1364766438882049 3 0 3 3 0 0 0 3
0.14282924319677118 3 0 3 3 0 0 3 0
0.1370801399165235 3 0 3 3 0 3 0 0
-0.05067913803961695 3 0 3 3 1 0 3 1
-0.04917886173014241 3 0 3 3 1 3 0 1
-0.22436851280134248 3 0 3 3 1 3 3 1
-0.05067913803961695 3 0 3 3 2 0 3 2
-0.04917886173014241 3 0 3 3 2 3 0 2
-0.22436851280134248 3 0 3 3 2 3 3 2
0.1360057999327451 3 0 3 3 3 0 0 0
-0.009387519048803293 3 1 0 2 0 1 0 2
-0.0018825048908922785 3 1 0 2 0 1 3 2
0.009387519048803293 3 1 0 2 0 2 0 1
0.0018825048908922785 3 1 0 2 0 2 3 1
-0.0007469973298590412 3 1 0 2 1 2 3 0
0.0007469973298590412 3 1 0 2 2 1 3 0
-0.00303311167434958 3 1 0 2 3 1 0 2
0.00303311167434958 3 1 0 2 3 2 0 1
-0.022042267885880366 3 1 2 0 0 1 2 0
-0.0044431930833602334 3 1 2 0 0 1 2 3
0.022042267885880366 3 1 2 0 0 2 1 0
0.0044431930833602334 3 1 2 0 0 2 1 3
-0.004785781137386159 3 1 2 0 3 1 2 0
0.004785781137386159 3 1 2 0 3 2 1 0
-0.0028745516401238545 3 1 2 3 0 1 2 0
0.0028745516401238545 3 1 2 3 0 2 1 0
0.0007501381547372584 3 1 2 3 1 1 2 1
-0.0007501381547372585 3 1 2 3 1 2 1 1
0.0007501381547372585 3 1 2 3 2 1 2 2
-0.0007501381547372584 3 1 2 3 2 2 1 2
-0.001805412591898562 3 1 3 2 0 1 0 2
0.001805412591898562 3 1 3 2 0 2 0 1
-0.0007469973298590415 3 1 3 2 1 2 0 0
-0.004268708071628265 3 1 3 2 1 2 3 0
-0.0018863978241293866 3 1 3 2 1 2 3 3
0.0007469973298590415 3 1 3 2 2 1 0 0
0.004268708071628265 3 1 3 2 2 1 3 0
0.0018863978241293866 3 1 3 2 2 1 3 3
0.009387519048803293 3 2 0 1 0 1 0 2
0.0018825048908922785 3 2 0 1 0 1 3 2
-0.009387519048803293 3 2 0 1 0 2 0 1
-0.0018825048908922785 3 2 0 1 0 2 3 1
0.0007469973298590412 3 2 0 1 1 2 3 0
-0.0007469973298590412 3 2 0 1 2 1 3 0
0.0030331116743495794 3 2 0 1 3 1 0 2
-0.0030331116743495794 3 2 0 1 3 2 0 1
0.022042267885880366 3 2 1 0 0 1 2 0
0.0044431930833602334 3 2 1 0 0 1 2 3
-0.022042267885880366 3 2 1 0 0 2 1 0
-0.0044431930833602334 3 2 1 0 0 2 1 3
0.004785781137386159 3 2 1 0 3 1 2 0
-0.004785781137386159 3 2 1 0 3 2 1 0
0.0028745516401238545 3 2 1 3 0 1 2 0
-0.0028745516401238545 3 2 1 3 0 2 1 0
-0.0007501381547372584 3 2 1 3 1 1 2 1
0.0007501381547372585 3 2 1 3 1 2 1 1
-0.0007501381547372585 3 2 1 3 2 1 2 2
0.0007501381547372584 3 2 1 3 2 2 1 2
0.001805412591898562 3 2 3 1 0 1 0 2
-0.001805412591898562 3 2 3 1 0 2 0 1
0.0007469973298590415 3 2 3 1 1 2 0 0
0.004268708071628265 3 2 3 1 1 2 3 0
0.0018863978241293869 3 2 3 1 1 2 3 3
-0.0007469973298590415 3 2 3 1 2 1 0 0
-0.004268708071628265 3 2 3 1 2 1 3 0
-0.0018863978241293869 3 2 3 1 2 1 3 3
-29.15886650534328 3 3 0 0 0 0 0 0
0.7332779490477134 3 3 0 0 0 0 0 3
0.9947061839822626 3 3 0 0 0 0 3 0
0.1753095571313345 3 3 0 0 0 0 3 3
1.0387907197540232 3 3 0 0 0 3 0 0
0.184195943298055 3 3 0 0 0 3 0 3
0.23040448501164948 3 3 0 0 0 3 3 0
-0.009801011993125209 3 3 0 0 1 3 3 1
-0.009801011993125209 3 3 0 0 2 3 3 2
0.872119607457199 3 3 0 0 3 0 0 0
0.1390389116070947 3 3 0 0 3 0 0 3
0.18862048575609813 3 3 0 0 3 0 3 0
0.19819204803087054 3 3 0 0 3 3 0 0
0.5615610585873552 3 3 0 3 0 0 0 0
0.13647664388820496 3 3 0 3 0 0 0 3
0.13708013991652354 3 3 0 3 0 0 3 0
0.1428292431967713 3 3 0 3 0 3 0 0
-0.04917886173014241 3 3 0 3 1 0 3 1
-0.050679138039616906 3 3 0 3 1 3 0 1
-0.22436851280134246 3 3 0 3 1 3 3 1
-0.04917886173014241 3 3 0 3 2 0 3 2
-0.050679138039616906 3 3 0 3 2 3 0 2
-0.22436851280134246 3 3 0 3 2 3 3 2
0.13600579993274514 3 3 0 3 3 0 0 0
-0.0018054125918985624 3 3 1 2 0 0 1 2
0.0018054125918985624 3 3 1 2 0 0 2 1
-0.0007469973298590417 3 3 1 2 1 0 2 0
-0.0042687080716282645 3 3 1 2 1 3 2 0
-0.0018863978241293858 3 3 1 2 1 3 2 3
0.0007469973298590417 3 3 1 2 2 0 1 0
0.0042687080716282645 3 3 1 2 2 3 1 0
0.0018863978241293858 3 3 1 2 2 3 1 3
0.0018054125918985624 3 3 2 1 0 0 1 2
-0.0018054125918985624 3 3 2 1 0 0 2 1
0.0007469973298590417 3 3 2 1 1 0 2 0
0.0042687080716282645 3 3 2 1 1 3 2 0
0.0018863978241293858 3 3 2 1 1 3 2 3
-0.0007469973298590417 3 3 2 1 2 0 1 0
-0.0042687080716282645 3 3 2 1 2 3 1 0
-0.0018863978241293858 3 3 2 1 2 3 1 3
0.9554055797886717 3 3 3 0 0 0 0 0
0.17043533664233726 3 3 3 0 0 0 0 3
0.22558214222048512 3 3 3 0 0 0 3 0
0.22558214222048517 3 3 3 0 0 3 0 0
-0.007914614168995826 3 3 3 0 1 0 3 1
-0.007914614168995826 3 3 3 0 1 3 0 1
-0.03251377718730588 3 3 3 0 1 3 3 1
-0.007914614168995826 3 3 3 0 2 0 3 2
-0.007914614168995826 3 3 3 0 2 3 0 2
-0.03251377718730588 3 3 3 0 2 3 3 2
0.18383470461871204 3 3 3 0 3 0 0 0
0.13024082798595926 3 3 3 3 0 0 0 0
-0.04768172624554612 3 3 3 3 1 0 0 1
-0.22009980472971424 3 3 3 3 1 0 3 1
-0.2200998047297142 3 3 3 3 1 3 0 1
4.148297927460339 3 3 3 3 1 3 3 1
-0.04768172624554612 3 3 3 3 2 0 0 2
-0.22009980472971424 3 3 3 3 2 0 3 2
-0.2200998047297142 3 3 3 3 2 3 0 2
4.148297927460339 3 3 3 3 2 3 3 2
