8995.544104893926 0 0 0 0 0 0 0 0
-70.38987950821257 0 0 0 0 0 0 0 3
-183.12806398129598 0 0 0 0 0 0 3 0
-28.61118073798909 0 0 0 0 0 0 3 3
-183.1280639812959 0 0 0 0 0 3 0 0
-28.61118073798909 0 0 0 0 0 3 0 3
-37.2380235897439 0 0 0 0 0 3 3 0
0.7737556567282935 0 0 0 0 0 3 3 3
-0.02681864837898194 0 0 0 0 1 3 3 1
-0.02681864837898194 0 0 0 0 2 3 3 2
-185.26615900585543 0 0 0 0 3 0 0 0
-23.811689891952067 0 0 0 0 3 0 0 3
-32.70287381651001 0 0 0 0 3 0 3 0
0.6775680998126443 0 0 0 0 3 0 3 3
-32.70287381651002 0 0 0 0 3 3 0 0
0.6775680998126443 0 0 0 0 3 3 0 3
1.1375362151104877 0 0 0 0 3 3 3 0
0.16478832627992976 0 0 0 0 3 3 3 3
-70.38987950821252 0 0 0 3 0 0 0 0
-33.59701771655192 0 0 0 3 0 0 0 3
-30.187362041206665 0 0 0 3 0 0 3 0
0.5986975874967465 0 0 0 3 0 0 3 3
-30.187362041206676 0 0 0 3 0 3 0 0
0.5986975874967464 0 0 0 3 0 3 0 3
0.8061232770019807 0 0 0 3 0 3 3 0
0.17906128952144346 0 0 0 3 0 3 3 3
-0.05539107317131832 0 0 0 3 1 0 3 1
-0.055391073171318306 0 0 0 3 1 3 0 1
-0.2427070907284742 0 0 0 3 1 3 3 1
-0.05539107317131832 0 0 0 3 2 0 3 2
-0.055391073171318306 0 0 0 3 2 3 0 2
-0.2427070907284742 0 0 0 3 2 3 3 2
-30.467349295801387 0 0 0 3 3 0 0 0
0.5819380798511987 0 0 0 3 3 0 0 3
0.7936899944169653 0 0 0 3 3 0 3 0
0.1619386147629685 0 0 0 3 3 0 3 3
0.7936899944169653 0 0 0 3 3 3 0 0
0.16193861476296856 0 0 0 3 3 3 0 3
0.19188568212634516 0 0 0 3 3 3 3 0
0.0025495854504295 0 0 1 1 0 0 1 1
0.0025495854504295 0 0 1 1 0 0 2 2
1.5736317177671415 0 0 1 2 0 0 1 2
-1.5736317177671417 0 0 1 2 0 0 2 1
-0.016183810136843616 0 0 1 2 0 3 1 2
0.016183810136843616 0 0 1 2 0 3 2 1
-0.0011043832910099705 0 0 1 2 1 0 2 0
-0.004111520556918533 0 0 1 2 1 3 2 0
-1.0722075494545196e-05 0 0 1 2 1 3 2 3
0.0011043832910099705 0 0 1 2 2 0 1 0
0.004111520556918533 0 0 1 2 2 3 1 0
1.0722075494545196e-05 0 0 1 2 2 3 1 3
-0.015536219109065679 0 0 1 2 3 0 1 2
0.015536219109065679 0 0 1 2 3 0 2 1
-0.0028958636378944155 0 0 1 2 3 3 1 2
0.0028958636378944155 0 0 1 2 3 3 2 1
-1.5736317177671417 0 0 2 1 0 0 1 2
1.5736317177671417 0 0 2 1 0 0 2 1
0.016183810136843616 0 0 2 1 0 3 1 2
-0.016183810136843616 0 0 2 1 0 3 2 1
0.0011043832910099705 0 0 2 1 1 0 2 0
0.004111520556918533 0 0 2 1 1 3 2 0
1.0722075494545196e-05 0 0 2 1 1 3 2 3
-0.0011043832910099705 0 0 2 1 2 0 1 0
-0.004111520556918533 0 0 2 1 2 3 1 0
-1.0722075494545196e-05 0 0 2 1 2 3 1 3
0.015536219109065679 0 0 2 1 3 0 1 2
-0.015536219109065679 0 0 2 1 3 0 2 1
0.0028958636378944155 0 0 2 1 3 3 1 2
-0.0028958636378944155 0 0 2 1 3 3 2 1
0.0025495854504295 0 0 2 2 0 0 1 1
0.0025495854504295 0 0 2 2 0 0 2 2
-183.128063981296 0 0 3 0 0 0 0 0
-30.187362041206658 0 0 3 0 0 0 0 3
-44.920437914040555 0 0 3 0 0 0 3 0
0.820726846634202 0 0 3 0 0 0 3 3
-39.80016809263255 0 0 3 0 0 3 0 0
0.8002019267881586 0 0 3 0 0 3 0 3
1.3325092302033967 0 0 3 0 0 3 3 0
0.2171587698963633 0 0 3 0 0 3 3 3
-0.02708266065091977 0 0 3 0 1 0 3 1
-0.02689950441929819 0 0 3 0 1 3 0 1
-0.09647602523034705 0 0 3 0 1 3 3 1
-0.02708266065091977 0 0 3 0 2 0 3 2
-0.02689950441929819 0 0 3 0 2 3 0 2
-0.09647602523034705 0 0 3 0 2 3 3 2
-35.429662680765794 0 0 3 0 3 0 0 0
0.7032145696430744 0 0 3 0 3 0 0 3
1.2452683014942065 0 0 3 0 3 0 3 0
0.18258003346104026 0 0 3 0 3 0 3 3
1.19211520716178 0 0 3 0 3 3 0 0
0.17553353507710712 0 0 3 0 3 3 0 3
0.25798490403315466 0 0 3 0 3 3 3 0
-28.611180737989095 0 0 3 3 0 0 0 0
0.5986975874967464 0 0 3 3 0 0 0 3
0.820726846634202 0 0 3 3 0 0 3 0
0.19401206473585283 0 0 3 3 0 0 3 3
0.8002019267881587 0 0 3 3 0 3 0 0
0.18404488125957988 0 0 3 3 0 3 0 3
0.2215058549352384 0 0 3 3 0 3 3 0
-0.05428668988030837 0 0 3 3 1 0 0 1
-0.254219828214962 0 0 3 3 1 0 3 1
-0.24380365618602445 0 0 3 3 1 3 0 1
7.3929241832096455 0 0 3 3 1 3 3 1
-0.05428668988030837 0 0 3 3 2 0 0 2
-0.254219828214962 0 0 3 3 2 0 3 2
-0.24380365618602445 0 0 3 3 2 3 0 2
7.3929241832096455 0 0 3 3 2 3 3 2
0.7882640260292638 0 0 3 3 3 0 0 0
0.1676666461379726 0 0 3 3 3 0 0 3
0.20699967750353013 0 0 3 3 3 0 3 0
0.19802906968554856 0 0 3 3 3 3 0 0
0.002549585450429501 0 1 0 1 0 1 0 1
0.002549585450429501 0 1 0 1 0 2 0 2
1.573631717767142 0 1 0 2 0 1 0 2
-0.016183810136843627 0 1 0 2 0 1 3 2
-1.5736317177671422 0 1 0 2 0 2 0 1
0.016183810136843627 0 1 0 2 0 2 3 1
-0.0011043832910099692 0 1 0 2 1 2 0 0
-0.004111520556918531 0 1 0 2 1 2 3 0
-1.0722075494544545e-05 0 1 0 2 1 2 3 3
0.0011043832910099692 0 1 0 2 2 1 0 0
0.004111520556918531 0 1 0 2 2 1 3 0
1.0722075494544545e-05 0 1 0 2 2 1 3 3
-0.015536219109065682 0 1 0 2 3 1 0 2
-0.002895863637894415 0 1 0 2 3 1 3 2
0.015536219109065682 0 1 0 2 3 2 0 1
0.002895863637894415 0 1 0 2 3 2 3 1
0.0020095921846828768 0 1 1 0 0 1 1 0
0.0020095921846828768 0 1 1 0 0 2 2 0
2.5601349107039955 0 1 2 0 0 1 2 0
-0.010262459923021624 0 1 2 0 0 1 2 3
-2.5601349107039955 0 1 2 0 0 2 1 0
0.010262459923021624 0 1 2 0 0 2 1 3
9.157811581078855e-05 0 1 2 0 1 1 2 1
-9.157811581078851e-05 0 1 2 0 1 2 1 1
9.157811581078851e-05 0 1 2 0 2 1 2 2
-9.157811581078855e-05 0 1 2 0 2 2 1 2
-0.026576547166213226 0 1 2 0 3 1 2 0
-0.0035232491919665785 0 1 2 0 3 1 2 3
0.026576547166213226 0 1 2 0 3 2 1 0
0.0035232491919665785 0 1 2 0 3 2 1 3
-0.010262459923021622 0 1 2 3 0 1 2 0
-0.004983591738136475 0 1 2 3 0 1 2 3
0.010262459923021622 0 1 2 3 0 2 1 0
0.004983591738136475 0 1 2 3 0 2 1 3
0.005208086014468747 0 1 2 3 1 1 2 1
-0.005208086014468747 0 1 2 3 1 2 1 1
0.005208086014468747 0 1 2 3 2 1 2 2
-0.005208086014468747 0 1 2 3 2 2 1 2
-0.004485303908990772 0 1 2 3 3 1 2 0
0.004485303908990772 0 1 2 3 3 2 1 0
0.00041504189016302977 0 1 3 1 1 1 3 0
0.00041504189016302977 0 1 3 1 2 2 3 0
-0.016183810136843627 0 1 3 2 0 1 0 2
-0.004347085038875076 0 1 3 2 0 1 3 2
0.016183810136843627 0 1 3 2 0 2 0 1
0.004347085038875076 0 1 3 2 0 2 3 1
-0.004111520556918531 0 1 3 2 1 2 0 0
-1.0722075494544437e-05 0 1 3 2 1 2 0 3
0.4015889069804721 0 1 3 2 1 2 3 0
0.0016001015600009228 0 1 3 2 1 2 3 3
0.004111520556918531 0 1 3 2 2 1 0 0
1.0722075494544437e-05 0 1 3 2 2 1 0 3
-0.4015889069804721 0 1 3 2 2 1 3 0
-0.0016001015600009228 0 1 3 2 2 1 3 3
-0.0031237149586851214 0 1 3 2 3 1 0 2
0.0031237149586851214 0 1 3 2 3 2 0 1
-1.573631717767142 0 2 0 1 0 1 0 2
0.016183810136843627 0 2 0 1 0 1 3 2
1.5736317177671422 0 2 0 1 0 2 0 1
-0.016183810136843627 0 2 0 1 0 2 3 1
0.0011043832910099692 0 2 0 1 1 2 0 0
0.004111520556918531 0 2 0 1 1 2 3 0
1.0722075494544545e-05 0 2 0 1 1 2 3 3
-0.0011043832910099692 0 2 0 1 2 1 0 0
-0.004111520556918531 0 2 0 1 2 1 3 0
-1.0722075494544545e-05 0 2 0 1 2 1 3 3
0.015536219109065682 0 2 0 1 3 1 0 2
0.002895863637894415 0 2 0 1 3 1 3 2
-0.015536219109065682 0 2 0 1 3 2 0 1
-0.002895863637894415 0 2 0 1 3 2 3 1
0.002549585450429501 0 2 0 2 0 1 0 1
0.002549585450429501 0 2 0 2 0 2 0 2
-2.5601349107039955 0 2 1 0 0 1 2 0
0.010262459923021624 0 2 1 0 0 1 2 3
2.5601349107039955 0 2 1 0 0 2 1 0
-0.010262459923021624 0 2 1 0 0 2 1 3
-9.157811581078855e-05 0 2 1 0 1 1 2 1
9.157811581078851e-05 0 2 1 0 1 2 1 1
-9.157811581078851e-05 0 2 1 0 2 1 2 2
9.157811581078855e-05 0 2 1 0 2 2 1 2
0.026576547166213226 0 2 1 0 3 1 2 0
0.0035232491919665785 0 2 1 0 3 1 2 3
-0.026576547166213226 0 2 1 0 3 2 1 0
-0.0035232491919665785 0 2 1 0 3 2 1 3
0.010262459923021622 0 2 1 3 0 1 2 0
0.004983591738136475 0 2 1 3 0 1 2 3
-0.010262459923021622 0 2 1 3 0 2 1 0
-0.004983591738136475 0 2 1 3 0 2 1 3
-0.005208086014468747 0 2 1 3 1 1 2 1
0.005208086014468747 0 2 1 3 1 2 1 1
-0.005208086014468747 0 2 1 3 2 1 2 2
0.005208086014468747 0 2 1 3 2 2 1 2
0.004485303908990772 0 2 1 3 3 1 2 0
-0.004485303908990772 0 2 1 3 3 2 1 0
0.0020095921846828768 0 2 2 0 0 1 1 0
0.0020095921846828768 0 2 2 0 0 2 2 0
0.016183810136843627 0 2 3 1 0 1 0 2
0.004347085038875076 0 2 3 1 0 1 3 2
-0.016183810136843627 0 2 3 1 0 2 0 1
-0.004347085038875076 0 2 3 1 0 2 3 1
0.004111520556918531 0 2 3 1 1 2 0 0
1.0722075494544437e-05 0 2 3 1 1 2 0 3
-0.4015889069804721 0 2 3 1 1 2 3 0
-0.0016001015600009228 0 2 3 1 1 2 3 3
-0.004111520556918531 0 2 3 1 2 1 0 0
-1.0722075494544437e-05 0 2 3 1 2 1 0 3
0.4015889069804721 0 2 3 1 2 1 3 0
0.0016001015600009228 0 2 3 1 2 1 3 3
0.0031237149586851214 0 2 3 1 3 1 0 2
-0.0031237149586851214 0 2 3 1 3 2 0 1
0.00041504189016302977 0 2 3 2 1 1 3 0
0.00041504189016302977 0 2 3 2 2 2 3 0
-183.1280639812959 0 3 0 0 0 0 0 0
-30.187362041206672 0 3 0 0 0 0 0 3
-39.80016809263256 0 3 0 0 0 0 3 0
0.8002019267881588 0 3 0 0 0 0 3 3
-44.92043791404057 0 3 0 0 0 3 0 0
0.8207268466342021 0 3 0 0 0 3 0 3
1.3325092302033972 0 3 0 0 0 3 3 0
0.21715876989636337 0 3 0 0 0 3 3 3
-0.026899504419298195 0 3 0 0 1 0 3 1
-0.027082660650919757 0 3 0 0 1 3 0 1
-0.09647602523034704 0 3 0 0 1 3 3 1
-0.026899504419298195 0 3 0 0 2 0 3 2
-0.027082660650919757 0 3 0 0 2 3 0 2
-0.09647602523034704 0 3 0 0 2 3 3 2
-35.4296626807658 0 3 0 0 3 0 0 0
0.7032145696430745 0 3 0 0 3 0 0 3
1.19211520716178 0 3 0 0 3 0 3 0
0.17553353507710712 0 3 0 0 3 0 3 3
1.2452683014942068 0 3 0 0 3 3 0 0
0.18258003346104035 0 3 0 0 3 3 0 3
0.2579849040331547 0 3 0 0 3 3 3 0
-28.6111807379891 0 3 0 3 0 0 0 0
0.5986975874967464 0 3 0 3 0 0 0 3
0.8002019267881587 0 3 0 3 0 0 3 0
0.18404488125957988 0 3 0 3 0 0 3 3
0.8207268466342021 0 3 0 3 0 3 0 0
0.19401206473585297 0 3 0 3 0 3 0 3
0.22150585493523844 0 3 0 3 0 3 3 0
-0.05428668988030834 0 3 0 3 1 0 0 1
-0.24380365618602443 0 3 0 3 1 0 3 1
-0.254219828214962 0 3 0 3 1 3 0 1
7.392924183209644 0 3 0 3 1 3 3 1
-0.05428668988030834 0 3 0 3 2 0 0 2
-0.24380365618602443 0 3 0 3 2 0 3 2
-0.254219828214962 0 3 0 3 2 3 0 2
7.392924183209644 0 3 0 3 2 3 3 2
0.7882640260292639 0 3 0 3 3 0 0 0
0.16766664613797266 0 3 0 3 3 0 0 3
0.19802906968554856 0 3 0 3 3 0 3 0
0.2069996775035302 0 3 0 3 3 3 0 0
0.00041504189016302895 0 3 1 1 1 3 1 0
0.00041504189016302895 0 3 1 1 2 3 2 0
-0.01618381013684362 0 3 1 2 0 0 1 2
0.01618381013684362 0 3 1 2 0 0 2 1
-0.004347085038875077 0 3 1 2 0 3 1 2
0.004347085038875077 0 3 1 2 0 3 2 1
-0.004111520556918531 0 3 1 2 1 0 2 0
-1.0722075494544979e-05 0 3 1 2 1 0 2 3
0.4015889069804724 0 3 1 2 1 3 2 0
0.0016001015600009211 0 3 1 2 1 3 2 3
0.004111520556918531 0 3 1 2 2 0 1 0
1.0722075494544979e-05 0 3 1 2 2 0 1 3
-0.4015889069804724 0 3 1 2 2 3 1 0
-0.0016001015600009211 0 3 1 2 2 3 1 3
-0.003123714958685122 0 3 1 2 3 0 1 2
0.003123714958685122 0 3 1 2 3 0 2 1
0.01618381013684362 0 3 2 1 0 0 1 2
-0.01618381013684362 0 3 2 1 0 0 2 1
0.004347085038875077 0 3 2 1 0 3 1 2
-0.004347085038875077 0 3 2 1 0 3 2 1
0.004111520556918531 0 3 2 1 1 0 2 0
1.0722075494544979e-05 0 3 2 1 1 0 2 3
-0.40158890698047245 0 3 2 1 1 3 2 0
-0.0016001015600009211 0 3 2 1 1 3 2 3
-0.004111520556918531 0 3 2 1 2 0 1 0
-1.0722075494544979e-05 0 3 2 1 2 0 1 3
0.40158890698047245 0 3 2 1 2 3 1 0
0.0016001015600009211 0 3 2 1 2 3 1 3
0.003123714958685122 0 3 2 1 3 0 1 2
-0.003123714958685122 0 3 2 1 3 0 2 1
0.00041504189016302895 0 3 2 2 1 3 1 0
0.00041504189016302895 0 3 2 2 2 3 2 0
-37.2380235897439 0 3 3 0 0 0 0 0
0.8061232770019808 0 3 3 0 0 0 0 3
1.332509230203397 0 3 3 0 0 0 3 0
0.2215058549352384 0 3 3 0 0 0 3 3
1.332509230203397 0 3 3 0 0 3 0 0
0.22150585493523844 0 3 3 0 0 3 0 3
0.31151279047634756 0 3 3 0 0 3 3 0
-0.02679720422799286 0 3 3 0 1 0 0 1
-0.09807612679034798 0 3 3 0 1 0 3 1
-0.09807612679034797 0 3 3 0 1 3 0 1
0.19249229421937103 0 3 3 0 1 3 3 1
-0.02679720422799286 0 3 3 0 2 0 0 2
-0.09807612679034798 0 3 3 0 2 0 3 2
-0.09807612679034797 0 3 3 0 2 3 0 2
0.19249229421937103 0 3 3 0 2 3 3 2
1.1935411048806457 0 3 3 0 3 0 0 0
0.17968794813193276 0 3 3 0 3 0 0 3
0.2655065573510421 0 3 3 0 3 0 3 0
0.26550655735104217 0 3 3 0 3 3 0 0
0.7737556567282935 0 3 3 3 0 0 0 0
0.17906128952144343 0 3 3 3 0 0 0 3
0.2171587698963633 0 3 3 3 0 0 3 0
0.21715876989636335 0 3 3 3 0 3 0 0
-0.23448404961463715 0 3 3 3 1 0 0 1
6.9917503181193394 0 3 3 3 1 0 3 1
6.991750318119337 0 3 3 3 1 3 0 1
36.368859789903716 0 3 3 3 1 3 3 1
-0.23448404961463715 0 3 3 3 2 0 0 2
6.9917503181193394 0 3 3 3 2 0 3 2
6.991750318119337 0 3 3 3 2 3 0 2
36.368859789903716 0 3 3 3 2 3 3 2
0.19474614678518903 0 3 3 3 3 0 0 0
-0.04580476403091656 1 0 0 1 0 3 3 0
0.00226563526877874 1 0 0 1 1 0 0 1
0.00226563526877874 1 0 0 1 2 0 0 2
-0.05428668988030836 1 0 0 1 3 0 3 0
-0.054286689880308346 1 0 0 1 3 3 0 0
-0.23448404961463715 1 0 0 1 3 3 3 0
-0.02679720422799286 1 0 0 1 3 3 3 3
6.653393768580539 1 0 0 2 1 0 0 2
-0.1005856754952553 1 0 0 2 1 0 3 2
-0.10058567549525527 1 0 0 2 1 3 0 2
-0.021305628570626553 1 0 0 2 1 3 3 2
-6.653393768580539 1 0 0 2 2 0 0 1
0.1005856754952553 1 0 0 2 2 0 3 1
0.10058567549525527 1 0 0 2 2 3 0 1
0.021305628570626553 1 0 0 2 2 3 3 1
0.0026038815050403166 1 0 1 0 1 0 1 0
0.0026038815050403166 1 0 1 0 2 0 2 0
1.0722075494544979e-05 1 0 1 0 3 3 1 1
1.0722075494544979e-05 1 0 1 0 3 3 2 2
-0.0003448004671529417 1 0 1 3 0 3 1 1
-0.0003448004671529417 1 0 1 3 0 3 2 2
0.0011043832910099705 1 0 1 3 3 0 1 1
0.0011043832910099705 1 0 1 3 3 0 2 2
0.004111520556918533 1 0 1 3 3 3 1 1
0.004111520556918533 1 0 1 3 3 3 2 2
2.7241849827507396 1 0 2 0 1 0 2 0
-0.010110250721364216 1 0 2 0 1 0 2 3
-0.028002444885078952 1 0 2 0 1 3 2 0
-0.0043260959673163705 1 0 2 0 1 3 2 3
-2.7241849827507396 1 0 2 0 2 0 1 0
0.010110250721364216 1 0 2 0 2 0 1 3
0.028002444885078952 1 0 2 0 2 3 1 0
0.0043260959673163705 1 0 2 0 2 3 1 3
-0.010110250721364213 1 0 2 3 1 0 2 0
-0.005728031375004088 1 0 2 3 1 0 2 3
-0.004553947288107078 1 0 2 3 1 3 2 0
0.010110250721364213 1 0 2 3 2 0 1 0
0.005728031375004088 1 0 2 3 2 0 1 3
0.004553947288107078 1 0 2 3 2 3 1 0
-0.04844370793201461 1 0 3 1 0 0 3 0
-0.04645454501984727 1 0 3 1 0 3 0 0
-0.22278777220528886 1 0 3 1 0 3 3 0
-0.016744734299667843 1 0 3 1 0 3 3 3
-0.05539107317131833 1 0 3 1 3 0 0 0
-0.25421982821496203 1 0 3 1 3 0 3 0
-0.027082660650919774 1 0 3 1 3 0 3 3
-0.24380365618602445 1 0 3 1 3 3 0 0
-0.02689950441929819 1 0 3 1 3 3 0 3
6.991750318119339 1 0 3 1 3 3 3 0
-0.098076126790348 1 0 3 1 3 3 3 3
-0.1005856754952553 1 0 3 2 1 0 0 2
-0.024419644042489842 1 0 3 2 1 0 3 2
-0.022267683287650747 1 0 3 2 1 3 0 2
0.1005856754952553 1 0 3 2 2 0 0 1
0.024419644042489842 1 0 3 2 2 0 3 1
0.022267683287650747 1 0 3 2 2 3 0 1
0.002603881505040318 1 1 0 0 1 1 0 0
0.002603881505040318 1 1 0 0 2 2 0 0
1.0722075494544437e-05 1 1 0 0 3 1 3 1
1.0722075494544437e-05 1 1 0 0 3 2 3 2
-0.0003448004671529422 1 1 0 3 0 1 3 1
-0.0003448004671529422 1 1 0 3 0 2 3 2
0.0011043832910099692 1 1 0 3 3 1 0 1
0.004111520556918531 1 1 0 3 3 1 3 1
0.0011043832910099692 1 1 0 3 3 2 0 2
0.004111520556918531 1 1 0 3 3 2 3 2
0.00099458145608366 1 1 2 1 0 1 2 0
-0.00099458145608366 1 1 2 1 0 2 1 0
0.005208086014468747 1 1 2 1 3 1 2 0
9.157811581078851e-05 1 1 2 1 3 1 2 3
-0.005208086014468747 1 1 2 1 3 2 1 0
-9.157811581078851e-05 1 1 2 1 3 2 1 3
0.0011899060378148998 1 1 2 2 1 1 2 2
-0.0009620547170241931 1 1 2 2 1 2 1 2
-0.00022785132079070669 1 1 2 2 1 2 2 1
-0.00022785132079070669 1 1 2 2 2 1 1 2
-0.0009620547170241931 1 1 2 2 2 1 2 1
0.0011899060378148998 1 1 2 2 2 2 1 1
0.00021325999173276144 1 1 3 0 0 1 3 1
0.00021325999173276144 1 1 3 0 0 2 3 2
1.0722075494544545e-05 1 1 3 0 3 1 0 1
-0.0016001015600009237 1 1 3 0 3 1 3 1
1.0722075494544545e-05 1 1 3 0 3 2 0 2
-0.0016001015600009237 1 1 3 0 3 2 3 2
-0.00034480046715294234 1 1 3 3 0 1 0 1
-0.0013901408251207935 1 1 3 3 0 1 3 1
-0.00034480046715294234 1 1 3 3 0 2 0 2
-0.0013901408251207935 1 1 3 3 0 2 3 2
0.004111520556918531 1 1 3 3 3 1 0 1
-0.4015889069804721 1 1 3 3 3 1 3 1
0.004111520556918531 1 1 3 3 3 2 0 2
-0.4015889069804721 1 1 3 3 3 2 3 2
2.724184982750741 1 2 0 0 1 2 0 0
-0.010110250721364216 1 2 0 0 1 2 0 3
-0.02800244488507897 1 2 0 0 1 2 3 0
-0.0043260959673163705 1 2 0 0 1 2 3 3
-2.724184982750741 1 2 0 0 2 1 0 0
0.010110250721364216 1 2 0 0 2 1 0 3
0.02800244488507897 1 2 0 0 2 1 3 0
0.0043260959673163705 1 2 0 0 2 1 3 3
-0.010110250721364214 1 2 0 3 1 2 0 0
-0.005728031375004089 1 2 0 3 1 2 0 3
-0.004553947288107076 1 2 0 3 1 2 3 0
0.010110250721364214 1 2 0 3 2 1 0 0
0.005728031375004089 1 2 0 3 2 1 0 3
0.004553947288107076 1 2 0 3 2 1 3 0
-0.00099458145608366 1 2 1 1 0 1 2 0
0.00099458145608366 1 2 1 1 0 2 1 0
-0.005208086014468747 1 2 1 1 3 1 2 0
-9.157811581078857e-05 1 2 1 1 3 1 2 3
0.005208086014468747 1 2 1 1 3 2 1 0
9.157811581078857e-05 1 2 1 1 3 2 1 3
-0.0009620547170241931 1 2 1 2 1 1 2 2
0.0011899060378148998 1 2 1 2 1 2 1 2
-0.00022785132079070666 1 2 1 2 1 2 2 1
-0.00022785132079070666 1 2 1 2 2 1 1 2
0.0011899060378148998 1 2 1 2 2 1 2 1
-0.0009620547170241931 1 2 1 2 2 2 1 1
-0.00022785132079070669 1 2 2 1 1 1 2 2
-0.00022785132079070666 1 2 2 1 1 2 1 2
0.0004557026415814133 1 2 2 1 1 2 2 1
0.0004557026415814133 1 2 2 1 2 1 1 2
-0.00022785132079070666 1 2 2 1 2 1 2 1
-0.00022785132079070669 1 2 2 1 2 2 1 1
-0.02800244488507897 1 2 3 0 1 2 0 0
-0.004553947288107076 1 2 3 0 1 2 0 3
-0.007521653317887467 1 2 3 0 1 2 3 0
0.02800244488507897 1 2 3 0 2 1 0 0
0.004553947288107076 1 2 3 0 2 1 0 3
0.007521653317887467 1 2 3 0 2 1 3 0
-0.0043260959673163705 1 2 3 3 1 2 0 0
0.0043260959673163705 1 2 3 3 2 1 0 0
-0.0004150418901630297 1 2 3 3 3 1 3 2
0.0004150418901630297 1 2 3 3 3 2 3 1
-0.04645454501984726 1 3 0 1 0 0 3 0
-0.04844370793201458 1 3 0 1 0 3 0 0
-0.2227877722052888 1 3 0 1 0 3 3 0
-0.016744734299667836 1 3 0 1 0 3 3 3
-0.055391073171318306 1 3 0 1 3 0 0 0
-0.24380365618602445 1 3 0 1 3 0 3 0
-0.02689950441929819 1 3 0 1 3 0 3 3
-0.254219828214962 1 3 0 1 3 3 0 0
-0.027082660650919757 1 3 0 1 3 3 0 3
6.991750318119335 1 3 0 1 3 3 3 0
-0.09807612679034798 1 3 0 1 3 3 3 3
-0.1005856754952553 1 3 0 2 1 0 0 2
-0.022267683287650747 1 3 0 2 1 0 3 2
-0.024419644042489853 1 3 0 2 1 3 0 2
0.1005856754952553 1 3 0 2 2 0 0 1
0.022267683287650747 1 3 0 2 2 0 3 1
0.024419644042489853 1 3 0 2 2 3 0 1
0.0002132599917327621 1 3 1 0 0 3 1 1
0.0002132599917327621 1 3 1 0 0 3 2 2
1.0722075494545196e-05 1 3 1 0 3 0 1 1
1.0722075494545196e-05 1 3 1 0 3 0 2 2
-0.001600101560000922 1 3 1 0 3 3 1 1
-0.001600101560000922 1 3 1 0 3 3 2 2
-0.0003448004671529419 1 3 1 3 0 0 1 1
-0.0003448004671529419 1 3 1 3 0 0 2 2
-0.00139014082512079 1 3 1 3 0 3 1 1
-0.00139014082512079 1 3 1 3 0 3 2 2
0.004111520556918531 1 3 1 3 3 0 1 1
0.004111520556918531 1 3 1 3 3 0 2 2
-0.4015889069804724 1 3 1 3 3 3 1 1
-0.40158890698047245 1 3 1 3 3 3 2 2
-0.02800244488507896 1 3 2 0 1 0 2 0
-0.004553947288107078 1 3 2 0 1 0 2 3
-0.0075216533178874695 1 3 2 0 1 3 2 0
0.02800244488507896 1 3 2 0 2 0 1 0
0.004553947288107078 1 3 2 0 2 0 1 3
0.0075216533178874695 1 3 2 0 2 3 1 0
-0.0043260959673163705 1 3 2 3 1 0 2 0
0.0043260959673163705 1 3 2 3 2 0 1 0
-0.00041504189016302906 1 3 2 3 3 3 1 2
0.00041504189016302895 1 3 2 3 3 3 2 1
-0.045115163096610664 1 3 3 1 0 0 0 0
-0.22139763138016805 1 3 3 1 0 0 3 0
-0.016957994291400602 1 3 3 1 0 0 3 3
-0.22139763138016802 1 3 3 1 0 3 0 0
-0.016957994291400595 1 3 3 1 0 3 0 3
6.154134599260048 1 3 3 1 0 3 3 0
-0.05401248188089683 1 3 3 1 0 3 3 3
-0.24270709072847418 1 3 3 1 3 0 0 0
-0.02681864837898194 1 3 3 1 3 0 0 3
7.392924183209647 1 3 3 1 3 0 3 0
-0.09647602523034707 1 3 3 1 3 0 3 3
7.392924183209645 1 3 3 1 3 3 0 0
-0.09647602523034704 1 3 3 1 3 3 0 3
36.36885978990372 1 3 3 1 3 3 3 0
0.19249229421937095 1 3 3 1 3 3 3 3
-0.021305628570626553 1 3 3 2 1 0 0 2
0.021305628570626553 1 3 3 2 2 0 0 1
-6.653393768580539 2 0 0 1 1 0 0 2
0.1005856754952553 2 0 0 1 1 0 3 2
0.10058567549525527 2 0 0 1 1 3 0 2
0.021305628570626553 2 0 0 1 1 3 3 2
6.653393768580539 2 0 0 1 2 0 0 1
-0.1005856754952553 2 0 0 1 2 0 3 1
-0.10058567549525527 2 0 0 1 2 3 0 1
-0.021305628570626553 2 0 0 1 2 3 3 1
-0.04580476403091656 2 0 0 2 0 3 3 0
0.00226563526877874 2 0 0 2 1 0 0 1
0.00226563526877874 2 0 0 2 2 0 0 2
-0.05428668988030836 2 0 0 2 3 0 3 0
-0.054286689880308346 2 0 0 2 3 3 0 0
-0.23448404961463715 2 0 0 2 3 3 3 0
-0.02679720422799286 2 0 0 2 3 3 3 3
-2.7241849827507396 2 0 1 0 1 0 2 0
0.010110250721364216 2 0 1 0 1 0 2 3
0.028002444885078952 2 0 1 0 1 3 2 0
0.0043260959673163705 2 0 1 0 1 3 2 3
2.7241849827507396 2 0 1 0 2 0 1 0
-0.010110250721364216 2 0 1 0 2 0 1 3
-0.028002444885078952 2 0 1 0 2 3 1 0
-0.0043260959673163705 2 0 1 0 2 3 1 3
0.010110250721364213 2 0 1 3 1 0 2 0
0.005728031375004088 2 0 1 3 1 0 2 3
0.004553947288107078 2 0 1 3 1 3 2 0
-0.010110250721364213 2 0 1 3 2 0 1 0
-0.005728031375004088 2 0 1 3 2 0 1 3
-0.004553947288107078 2 0 1 3 2 3 1 0
0.0026038815050403157 2 0 2 0 1 0 1 0
0.0026038815050403157 2 0 2 0 2 0 2 0
1.0722075494544979e-05 2 0 2 0 3 3 1 1
1.0722075494544979e-05 2 0 2 0 3 3 2 2
-0.0003448004671529417 2 0 2 3 0 3 1 1
-0.0003448004671529417 2 0 2 3 0 3 2 2
0.0011043832910099705 2 0 2 3 3 0 1 1
0.0011043832910099705 2 0 2 3 3 0 2 2
0.004111520556918533 2 0 2 3 3 3 1 1
0.004111520556918533 2 0 2 3 3 3 2 2
0.1005856754952553 2 0 3 1 1 0 0 2
0.024419644042489842 2 0 3 1 1 0 3 2
0.022267683287650747 2 0 3 1 1 3 0 2
-0.1005856754952553 2 0 3 1 2 0 0 1
-0.024419644042489842 2 0 3 1 2 0 3 1
-0.022267683287650747 2 0 3 1 2 3 0 1
-0.04844370793201461 2 0 3 2 0 0 3 0
-0.04645454501984727 2 0 3 2 0 3 0 0
-0.22278777220528886 2 0 3 2 0 3 3 0
-0.016744734299667843 2 0 3 2 0 3 3 3
-0.05539107317131833 2 0 3 2 3 0 0 0
-0.25421982821496203 2 0 3 2 3 0 3 0
-0.027082660650919774 2 0 3 2 3 0 3 3
-0.24380365618602445 2 0 3 2 3 3 0 0
-0.02689950441929819 2 0 3 2 3 3 0 3
6.991750318119339 2 0 3 2 3 3 3 0
-0.098076126790348 2 0 3 2 3 3 3 3
-2.724184982750741 2 1 0 0 1 2 0 0
0.010110250721364216 2 1 0 0 1 2 0 3
0.02800244488507897 2 1 0 0 1 2 3 0
0.0043260959673163705 2 1 0 0 1 2 3 3
2.724184982750741 2 1 0 0 2 1 0 0
-0.010110250721364216 2 1 0 0 2 1 0 3
-0.02800244488507897 2 1 0 0 2 1 3 0
-0.0043260959673163705 2 1 0 0 2 1 3 3
0.010110250721364214 2 1 0 3 1 2 0 0
0.005728031375004089 2 1 0 3 1 2 0 3
0.004553947288107076 2 1 0 3 1 2 3 0
-0.010110250721364214 2 1 0 3 2 1 0 0
-0.005728031375004089 2 1 0 3 2 1 0 3
-0.004553947288107076 2 1 0 3 2 1 3 0
-0.00022785132079070669 2 1 1 2 1 1 2 2
-0.00022785132079070666 2 1 1 2 1 2 1 2
0.0004557026415814133 2 1 1 2 1 2 2 1
0.0004557026415814133 2 1 1 2 2 1 1 2
-0.00022785132079070666 2 1 1 2 2 1 2 1
-0.00022785132079070669 2 1 1 2 2 2 1 1
-0.0009620547170241931 2 1 2 1 1 1 2 2
0.0011899060378148998 2 1 2 1 1 2 1 2
-0.00022785132079070666 2 1 2 1 1 2 2 1
-0.00022785132079070666 2 1 2 1 2 1 1 2
0.0011899060378148998 2 1 2 1 2 1 2 1
-0.0009620547170241931 2 1 2 1 2 2 1 1
0.00099458145608366 2 1 2 2 0 1 2 0
-0.00099458145608366 2 1 2 2 0 2 1 0
0.005208086014468747 2 1 2 2 3 1 2 0
9.157811581078857e-05 2 1 2 2 3 1 2 3
-0.005208086014468747 2 1 2 2 3 2 1 0
-9.157811581078857e-05 2 1 2 2 3 2 1 3
0.02800244488507897 2 1 3 0 1 2 0 0
0.004553947288107076 2 1 3 0 1 2 0 3
0.007521653317887467 2 1 3 0 1 2 3 0
-0.02800244488507897 2 1 3 0 2 1 0 0
-0.004553947288107076 2 1 3 0 2 1 0 3
-0.007521653317887467 2 1 3 0 2 1 3 0
0.0043260959673163705 2 1 3 3 1 2 0 0
-0.0043260959673163705 2 1 3 3 2 1 0 0
0.0004150418901630298 2 1 3 3 3 1 3 2
-0.0004150418901630298 2 1 3 3 3 2 3 1
0.002603881505040317 2 2 0 0 1 1 0 0
0.002603881505040317 2 2 0 0 2 2 0 0
1.0722075494544437e-05 2 2 0 0 3 1 3 1
1.0722075494544437e-05 2 2 0 0 3 2 3 2
-0.0003448004671529422 2 2 0 3 0 1 3 1
-0.0003448004671529422 2 2 0 3 0 2 3 2
0.0011043832910099692 2 2 0 3 3 1 0 1
0.004111520556918531 2 2 0 3 3 1 3 1
0.0011043832910099692 2 2 0 3 3 2 0 2
0.004111520556918531 2 2 0 3 3 2 3 2
0.0011899060378148998 2 2 1 1 1 1 2 2
-0.0009620547170241932 2 2 1 1 1 2 1 2
-0.00022785132079070669 2 2 1 1 1 2 2 1
-0.00022785132079070669 2 2 1 1 2 1 1 2
-0.0009620547170241932 2 2 1 1 2 1 2 1
0.0011899060378148998 2 2 1 1 2 2 1 1
-0.00099458145608366 2 2 1 2 0 1 2 0
0.00099458145608366 2 2 1 2 0 2 1 0
-0.005208086014468747 2 2 1 2 3 1 2 0
-9.157811581078851e-05 2 2 1 2 3 1 2 3
0.005208086014468747 2 2 1 2 3 2 1 0
9.157811581078851e-05 2 2 1 2 3 2 1 3
0.0002132599917327614 2 2 3 0 0 1 3 1
0.0002132599917327614 2 2 3 0 0 2 3 2
1.0722075494544545e-05 2 2 3 0 3 1 0 1
-0.0016001015600009237 2 2 3 0 3 1 3 1
1.0722075494544545e-05 2 2 3 0 3 2 0 2
-0.0016001015600009237 2 2 3 0 3 2 3 2
-0.00034480046715294234 2 2 3 3 0 1 0 1
-0.0013901408251207935 2 2 3 3 0 1 3 1
-0.00034480046715294234 2 2 3 3 0 2 0 2
-0.0013901408251207935 2 2 3 3 0 2 3 2
0.004111520556918531 2 2 3 3 3 1 0 1
-0.4015889069804721 2 2 3 3 3 1 3 1
0.004111520556918531 2 2 3 3 3 2 0 2
-0.4015889069804721 2 2 3 3 3 2 3 2
0.1005856754952553 2 3 0 1 1 0 0 2
0.022267683287650747 2 3 0 1 1 0 3 2
0.024419644042489853 2 3 0 1 1 3 0 2
-0.1005856754952553 2 3 0 1 2 0 0 1
-0.022267683287650747 2 3 0 1 2 0 3 1
-0.024419644042489853 2 3 0 1 2 3 0 1
-0.04645454501984726 2 3 0 2 0 0 3 0
-0.04844370793201458 2 3 0 2 0 3 0 0
-0.2227877722052888 2 3 0 2 0 3 3 0
-0.016744734299667836 2 3 0 2 0 3 3 3
-0.055391073171318306 2 3 0 2 3 0 0 0
-0.24380365618602445 2 3 0 2 3 0 3 0
-0.02689950441929819 2 3 0 2 3 0 3 3
-0.254219828214962 2 3 0 2 3 3 0 0
-0.027082660650919757 2 3 0 2 3 3 0 3
6.991750318119335 2 3 0 2 3 3 3 0
-0.09807612679034798 2 3 0 2 3 3 3 3
0.02800244488507896 2 3 1 0 1 0 2 0
0.004553947288107078 2 3 1 0 1 0 2 3
0.0075216533178874695 2 3 1 0 1 3 2 0
-0.02800244488507896 2 3 1 0 2 0 1 0
-0.004553947288107078 2 3 1 0 2 0 1 3
-0.0075216533178874695 2 3 1 0 2 3 1 0
0.0043260959673163705 2 3 1 3 1 0 2 0
-0.0043260959673163705 2 3 1 3 2 0 1 0
0.00041504189016302906 2 3 1 3 3 3 1 2
-0.00041504189016302885 2 3 1 3 3 3 2 1
0.0002132599917327621 2 3 2 0 0 3 1 1
0.0002132599917327621 2 3 2 0 0 3 2 2
1.0722075494545196e-05 2 3 2 0 3 0 1 1
1.0722075494545196e-05 2 3 2 0 3 0 2 2
-0.001600101560000922 2 3 2 0 3 3 1 1
-0.001600101560000922 2 3 2 0 3 3 2 2
-0.0003448004671529419 2 3 2 3 0 0 1 1
-0.0003448004671529419 2 3 2 3 0 0 2 2
-0.00139014082512079 2 3 2 3 0 3 1 1
-0.00139014082512079 2 3 2 3 0 3 2 2
0.004111520556918531 2 3 2 3 3 0 1 1
0.004111520556918531 2 3 2 3 3 0 2 2
-0.4015889069804724 2 3 2 3 3 3 1 1
-0.40158890698047245 2 3 2 3 3 3 2 2
0.021305628570626553 2 3 3 1 1 0 0 2
-0.021305628570626553 2 3 3 1 2 0 0 1
-0.045115163096610664 2 3 3 2 0 0 0 0
-0.22139763138016805 2 3 3 2 0 0 3 0
-0.016957994291400602 2 3 3 2 0 0 3 3
-0.22139763138016802 2 3 3 2 0 3 0 0
-0.016957994291400595 2 3 3 2 0 3 0 3
6.154134599260048 2 3 3 2 0 3 3 0
-0.05401248188089683 2 3 3 2 0 3 3 3
-0.24270709072847418 2 3 3 2 3 0 0 0
-0.02681864837898194 2 3 3 2 3 0 0 3
7.392924183209647 2 3 3 2 3 0 3 0
-0.09647602523034707 2 3 3 2 3 0 3 3
7.392924183209645 2 3 3 2 3 3 0 0
-0.09647602523034704 2 3 3 2 3 3 0 3
36.36885978990372 2 3 3 2 3 3 3 0
0.192492294219371 2 3 3 2 3 3 3 3
-185.26615900585543 3 0 0 0 0 0 0 0
-30.467349295801395 3 0 0 0 0 0 0 3
-35.42966268076579 3 0 0 0 0 0 3 0
0.7882640260292639 3 0 0 0 0 0 3 3
-35.4296626807658 3 0 0 0 0 3 0 0
0.788264026029264 3 0 0 0 0 3 0 3
1.1935411048806457 3 0 0 0 0 3 3 0
0.19474614678518906 3 0 0 0 0 3 3 3
-37.16113182367573 3 0 0 0 3 0 0 0
0.7203669824192681 3 0 0 0 3 0 0 3
1.1676127832369276 3 0 0 0 3 0 3 0
0.17379405462213646 3 0 0 0 3 0 3 3
1.1676127832369276 3 0 0 0 3 3 0 0
0.17379405462213648 3 0 0 0 3 3 0 3
0.23465134315132102 3 0 0 0 3 3 3 0
-23.811689891952067 3 0 0 3 0 0 0 0
0.5819380798511988 3 0 0 3 0 0 0 3
0.7032145696430743 3 0 0 3 0 0 3 0
0.1676666461379726 3 0 0 3 0 0 3 3
0.7032145696430744 3 0 0 3 0 3 0 0
0.16766664613797266 3 0 0 3 0 3 0 3
0.17968794813193276 3 0 0 3 0 3 3 0
-0.045115163096610664 3 0 0 3 1 3 3 1
-0.045115163096610664 3 0 0 3 2 3 3 2
0.7203669824192682 3 0 0 3 3 0 0 0
0.16934102533433043 3 0 0 3 3 0 0 3
0.17796207602321723 3 0 0 3 3 0 3 0
0.17796207602321726 3 0 0 3 3 3 0 0
-0.015536219109065682 3 0 1 2 0 0 1 2
0.015536219109065682 3 0 1 2 0 0 2 1
-0.003123714958685122 3 0 1 2 0 3 1 2
0.003123714958685122 3 0 1 2 0 3 2 1
0.0003448004671529419 3 0 1 2 1 3 2 0
-0.0003448004671529419 3 0 1 2 2 3 1 0
-0.004168021401080789 3 0 1 2 3 0 1 2
0.004168021401080789 3 0 1 2 3 0 2 1
0.015536219109065682 3 0 2 1 0 0 1 2
-0.015536219109065682 3 0 2 1 0 0 2 1
0.003123714958685122 3 0 2 1 0 3 1 2
-0.003123714958685122 3 0 2 1 0 3 2 1
-0.0003448004671529419 3 0 2 1 1 3 2 0
0.0003448004671529419 3 0 2 1 2 3 1 0
0.004168021401080789 3 0 2 1 3 0 1 2
-0.004168021401080789 3 0 2 1 3 0 2 1
-32.70287381651 3 0 3 0 0 0 0 0
0.7936899944169653 3 0 3 0 0 0 0 3
1.2452683014942068 3 0 3 0 0 0 3 0
0.20699967750353013 3 0 3 0 0 0 3 3
1.19211520716178 3 0 3 0 0 3 0 0
0.19802906968554856 3 0 3 0 0 3 0 3
0.2655065573510421 3 0 3 0 0 3 3 0
-0.016957994291400602 3 0 3 0 1 3 3 1
-0.016957994291400602 3 0 3 0 2 3 3 2
1.1676127832369276 3 0 3 0 3 0 0 0
0.17796207602321723 3 0 3 0 3 0 0 3
0.2526810645515589 3 0 3 0 3 0 3 0
0.24066125028473362 3 0 3 0 3 3 0 0
0.6775680998126444 3 0 3 3 0 0 0 0
0.1619386147629685 3 0 3 3 0 0 0 3
0.18258003346104026 3 0 3 3 0 0 3 0
0.17553353507710712 3 0 3 3 0 3 0 0
-0.04844370793201461 3 0 3 3 1 0 3 1
-0.04645454501984726 3 0 3 3 1 3 0 1
-0.22139763138016805 3 0 3 3 1 3 3 1
-0.04844370793201461 3 0 3 3 2 0 3 2
-0.04645454501984726 3 0 3 3 2 3 0 2
-0.22139763138016805 3 0 3 3 2 3 3 2
0.17379405462213646 3 0 3 3 3 0 0 0
-0.015536219109065686 3 1 0 2 0 1 0 2
-0.0031237149586851214 3 1 0 2 0 1 3 2
0.015536219109065686 3 1 0 2 0 2 0 1
0.0031237149586851214 3 1 0 2 0 2 3 1
0.00034480046715294234 3 1 0 2 1 2 3 0
-0.00034480046715294234 3 1 0 2 2 1 3 0
-0.00416802140108079 3 1 0 2 3 1 0 2
0.00416802140108079 3 1 0 2 3 2 0 1
-0.02657654716621323 3 1 2 0 0 1 2 0
-0.004485303908990772 3 1 2 0 0 1 2 3
0.02657654716621323 3 1 2 0 0 2 1 0
0.004485303908990772 3 1 2 0 0 2 1 3
-0.006009907133412618 3 1 2 0 3 1 2 0
0.006009907133412618 3 1 2 0 3 2 1 0
-0.0035232491919665785 3 1 2 3 0 1 2 0
0.0035232491919665785 3 1 2 3 0 2 1 0
0.00099458145608366 3 1 2 3 1 1 2 1
-0.00099458145608366 3 1 2 3 1 2 1 1
0.00099458145608366 3 1 2 3 2 1 2 2
-0.00099458145608366 3 1 2 3 2 2 1 2
-0.002895863637894415 3 1 3 2 0 1 0 2
0.002895863637894415 3 1 3 2 0 2 0 1
0.0003448004671529422 3 1 3 2 1 2 0 0
0.0013901408251207927 3 1 3 2 1 2 3 0
-0.00021325999173276144 3 1 3 2 1 2 3 3
-0.0003448004671529422 3 1 3 2 2 1 0 0
-0.0013901408251207927 3 1 3 2 2 1 3 0
0.00021325999173276144 3 1 3 2 2 1 3 3
0.015536219109065686 3 2 0 1 0 1 0 2
0.0031237149586851214 3 2 0 1 0 1 3 2
-0.015536219109065686 3 2 0 1 0 2 0 1
-0.0031237149586851214 3 2 0 1 0 2 3 1
-0.00034480046715294234 3 2 0 1 1 2 3 0
0.00034480046715294234 3 2 0 1 2 1 3 0
0.004168021401080791 3 2 0 1 3 1 0 2
-0.004168021401080791 3 2 0 1 3 2 0 1
0.02657654716621323 3 2 1 0 0 1 2 0
0.004485303908990772 3 2 1 0 0 1 2 3
-0.02657654716621323 3 2 1 0 0 2 1 0
-0.004485303908990772 3 2 1 0 0 2 1 3
0.006009907133412618 3 2 1 0 3 1 2 0
-0.006009907133412618 3 2 1 0 3 2 1 0
0.0035232491919665785 3 2 1 3 0 1 2 0
-0.0035232491919665785 3 2 1 3 0 2 1 0
-0.00099458145608366 3 2 1 3 1 1 2 1
0.00099458145608366 3 2 1 3 1 2 1 1
-0.00099458145608366 3 2 1 3 2 1 2 2
0.00099458145608366 3 2 1 3 2 2 1 2
0.002895863637894415 3 2 3 1 0 1 0 2
-0.002895863637894415 3 2 3 1 0 2 0 1
-0.0003448004671529422 3 2 3 1 1 2 0 0
-0.0013901408251207927 3 2 3 1 1 2 3 0
0.00021325999173276144 3 2 3 1 1 2 3 3
0.0003448004671529422 3 2 3 1 2 1 0 0
0.0013901408251207927 3 2 3 1 2 1 3 0
-0.00021325999173276144 3 2 3 1 2 1 3 3
-32.70287381651001 3 3 0 0 0 0 0 0
0.7936899944169656 3 3 0 0 0 0 0 3
1.1921152071617802 3 3 0 0 0 0 3 0
0.19802906968554856 3 3 0 0 0 0 3 3
1.2452683014942068 3 3 0 0 0 3 0 0
0.2069996775035302 3 3 0 0 0 3 0 3
0.26550655735104217 3 3 0 0 0 3 3 0
-0.0169579942914006 3 3 0 0 1 3 3 1
-0.0169579942914006 3 3 0 0 2 3 3 2
1.1676127832369279 3 3 0 0 3 0 0 0
0.17796207602321729 3 3 0 0 3 0 0 3
0.24066125028473362 3 3 0 0 3 0 3 0
0.2526810645515589 3 3 0 0 3 3 0 0
0.6775680998126445 3 3 0 3 0 0 0 0
0.16193861476296859 3 3 0 3 0 0 0 3
0.17553353507710712 3 3 0 3 0 0 3 0
0.18258003346104035 3 3 0 3 0 3 0 0
-0.04645454501984726 3 3 0 3 1 0 3 1
-0.048443707932014586 3 3 0 3 1 3 0 1
-0.22139763138016805 3 3 0 3 1 3 3 1
-0.04645454501984726 3 3 0 3 2 0 3 2
-0.048443707932014586 3 3 0 3 2 3 0 2
-0.22139763138016805 3 3 0 3 2 3 3 2
0.17379405462213648 3 3 0 3 3 0 0 0
-0.0028958636378944155 3 3 1 2 0 0 1 2
0.0028958636378944155 3 3 1 2 0 0 2 1
0.0003448004671529417 3 3 1 2 1 0 2 0
0.0013901408251207892 3 3 1 2 1 3 2 0
-0.00021325999173276203 3 3 1 2 1 3 2 3
-0.0003448004671529417 3 3 1 2 2 0 1 0
-0.0013901408251207892 3 3 1 2 2 3 1 0
0.00021325999173276203 3 3 1 2 2 3 1 3
0.0028958636378944155 3 3 2 1 0 0 1 2
-0.0028958636378944155 3 3 2 1 0 0 2 1
-0.0003448004671529417 3 3 2 1 1 0 2 0
-0.0013901408251207892 3 3 2 1 1 3 2 0
0.00021325999173276203 3 3 2 1 1 3 2 3
0.0003448004671529417 3 3 2 1 2 0 1 0
0.0013901408251207892 3 3 2 1 2 3 1 0
-0.00021325999173276203 3 3 2 1 2 3 1 3
1.137536215110488 3 3 3 0 0 0 0 0
0.19188568212634516 3 3 3 0 0 0 0 3
0.25798490403315466 3 3 3 0 0 0 3 0
0.25798490403315466 3 3 3 0 0 3 0 0
-0.016744734299667843 3 3 3 0 1 0 3 1
-0.016744734299667836 3 3 3 0 1 3 0 1
-0.05401248188089682 3 3 3 0 1 3 3 1
-0.016744734299667843 3 3 3 0 2 0 3 2
-0.016744734299667836 3 3 3 0 2 3 0 2
-0.05401248188089682 3 3 3 0 2 3 3 2
0.23465134315132102 3 3 3 0 3 0 0 0
0.16478832627992976 3 3 3 3 0 0 0 0
-0.04580476403091655 3 3 3 3 1 0 0 1
-0.22278777220528884 3 3 3 3 1 0 3 1
-0.2227877722052888 3 3 3 3 1 3 0 1
6.154134599260047 3 3 3 3 1 3 3 1
-0.04580476403091655 3 3 3 3 2 0 0 2
-0.22278777220528884 3 3 3 3 2 0 3 2
-0.2227877722052888 3 3 3 3 2 3 0 2
6.154134599260048 3 3 3 3 2 3 3 2
