9147.370382398702 0 0 0 0 0 0 0 0
-105.88842722599033 0 0 0 0 0 0 0 3
1.2102101489251293 0 0 0 0 0 0 1 1
1.2102101489251293 0 0 0 0 0 0 2 2
-135.63692289666892 0 0 0 0 0 0 3 0
-15.288622277774621 0 0 0 0 0 0 3 3
-175.60702471792735 0 0 0 0 0 3 0 0
-25.602034325057673 0 0 0 0 0 3 0 3
-0.17221243917019274 0 0 0 0 0 3 1 1
-0.17221243917019274 0 0 0 0 0 3 2 2
-26.7436468877944 0 0 0 0 0 3 3 0
0.45321720188420156 0 0 0 0 0 3 3 3
-175.60702471792732 0 0 0 0 3 0 0 0
-25.602034325057673 0 0 0 0 3 0 0 3
-0.17221243917019274 0 0 0 0 3 0 1 1
-0.17221243917019274 0 0 0 0 3 0 2 2
-26.7436468877944 0 0 0 0 3 0 3 0
0.45321720188420156 0 0 0 0 3 0 3 3
-37.810627373611446 0 0 0 0 3 3 0 0
0.7595258471577124 0 0 0 0 3 3 0 3
-0.04183581028433908 0 0 0 0 3 3 1 1
-0.04183581028433908 0 0 0 0 3 3 2 2
0.8527350095697417 0 0 0 0 3 3 3 0
0.10233586647083748 0 0 0 0 3 3 3 3
-105.8884272259903 0 0 0 3 0 0 0 0
-29.1636745865569 0 0 0 3 0 0 0 3
53.567529126132094 0 0 0 3 0 0 1 1
53.5675291261321 0 0 0 3 0 0 2 2
-28.197298979840266 0 0 0 3 0 0 3 0
0.48267879884587483 0 0 0 3 0 0 3 3
-26.913440758873254 0 0 0 3 0 3 0 0
0.6166577414596975 0 0 0 3 0 3 0 3
11.751681961174752 0 0 0 3 0 3 1 1
11.75168196117475 0 0 0 3 0 3 2 2
0.6636152933273847 0 0 0 3 0 3 3 0
0.11255715984731827 0 0 0 3 0 3 3 3
-26.913440758873254 0 0 0 3 3 0 0 0
0.6166577414596975 0 0 0 3 3 0 0 3
11.751681961174752 0 0 0 3 3 0 1 1
11.75168196117475 0 0 0 3 3 0 2 2
0.6636152933273847 0 0 0 3 3 0 3 0
0.11255715984731827 0 0 0 3 3 0 3 3
0.7849034090243052 0 0 0 3 3 3 0 0
0.14903160895998158 0 0 0 3 3 3 0 3
-0.35934361436392415 0 0 0 3 3 3 1 1
-0.35934361436392415 0 0 0 3 3 3 2 2
0.1517873001111967 0 0 0 3 3 3 3 0
3.27075709123279 0 0 1 1 0 0 0 0
-0.00452203710344961 0 0 1 1 0 0 0 3
0.0005241333238439716 0 0 1 1 0 0 1 1
0.0005241333238439716 0 0 1 1 0 0 2 2
53.567529126132065 0 0 1 1 0 0 3 0
1.2102101489251296 0 0 1 1 0 0 3 3
-0.22285149965429957 0 0 1 1 0 3 0 0
-0.0023328420568238042 0 0 1 1 0 3 0 3
12.975073417838022 0 0 1 1 0 3 3 0
-0.17550487140937476 0 0 1 1 0 3 3 3
-0.22285149965429957 0 0 1 1 3 0 0 0
-0.0023328420568238042 0 0 1 1 3 0 0 3
12.975073417838022 0 0 1 1 3 0 3 0
-0.17550487140937476 0 0 1 1 3 0 3 3
-0.050505883981438925 0 0 1 1 3 3 0 0
-0.3830172750212586 0 0 1 1 3 3 3 0
-0.04365820418933608 0 0 1 1 3 3 3 3
12.908152568741807 0 0 1 2 0 0 1 2
-12.908152568741807 0 0 1 2 0 0 2 1
-0.20420498845602786 0 0 1 2 0 3 1 2
0.20420498845602786 0 0 1 2 0 3 2 1
-0.20420498845602786 0 0 1 2 3 0 1 2
0.20420498845602786 0 0 1 2 3 0 2 1
-0.04704584183844793 0 0 1 2 3 3 1 2
0.04704584183844793 0 0 1 2 3 3 2 1
-12.908152568741805 0 0 2 1 0 0 1 2
12.908152568741807 0 0 2 1 0 0 2 1
0.20420498845602786 0 0 2 1 0 3 1 2
-0.20420498845602786 0 0 2 1 0 3 2 1
0.20420498845602786 0 0 2 1 3 0 1 2
-0.20420498845602786 0 0 2 1 3 0 2 1
0.04704584183844793 0 0 2 1 3 3 1 2
-0.04704584183844793 0 0 2 1 3 3 2 1
3.2707570912327895 0 0 2 2 0 0 0 0
-0.0045220371034496165 0 0 2 2 0 0 0 3
0.0005241333238439716 0 0 2 2 0 0 1 1
0.0005241333238439716 0 0 2 2 0 0 2 2
53.56752912613208 0 0 2 2 0 0 3 0
1.2102101489251296 0 0 2 2 0 0 3 3
-0.22285149965429957 0 0 2 2 0 3 0 0
-0.0023328420568238042 0 0 2 2 0 3 0 3
12.975073417838022 0 0 2 2 0 3 3 0
-0.17550487140937476 0 0 2 2 0 3 3 3
-0.22285149965429957 0 0 2 2 3 0 0 0
-0.0023328420568238042 0 0 2 2 3 0 0 3
12.975073417838022 0 0 2 2 3 0 3 0
-0.17550487140937476 0 0 2 2 3 0 3 3
-0.050505883981438925 0 0 2 2 3 3 0 0
-0.3830172750212586 0 0 2 2 3 3 3 0
-0.04365820418933608 0 0 2 2 3 3 3 3
-135.63692289666906 0 0 3 0 0 0 0 0
-28.197298979840262 0 0 3 0 0 0 0 3
-0.004522037103449609 0 0 3 0 0 0 1 1
-0.004522037103449609 0 0 3 0 0 0 2 2
-28.210972572400458 0 0 3 0 0 0 3 0
0.4918471183983955 0 0 3 0 0 0 3 3
-28.1785633928271 0 0 3 0 0 3 0 0
0.662211440270339 0 0 3 0 0 3 0 3
9.055461352805872e-05 0 0 3 0 0 3 1 1
9.055461352805872e-05 0 0 3 0 0 3 2 2
0.7240628332521765 0 0 3 0 0 3 3 0
0.11017665235958177 0 0 3 0 0 3 3 3
-28.1785633928271 0 0 3 0 3 0 0 0
0.662211440270339 0 0 3 0 3 0 0 3
9.055461352805872e-05 0 0 3 0 3 0 1 1
9.055461352805872e-05 0 0 3 0 3 0 2 2
0.7240628332521765 0 0 3 0 3 0 3 0
0.11017665235958177 0 0 3 0 3 0 3 3
0.8805019648126928 0 0 3 0 3 3 0 0
0.15194370966141482 0 0 3 0 3 3 0 3
0.15719282996517808 0 0 3 0 3 3 3 0
-15.288622277774625 0 0 3 3 0 0 0 0
0.48267879884587483 0 0 3 3 0 0 0 3
3.27075709123279 0 0 3 3 0 0 1 1
3.2707570912327895 0 0 3 3 0 0 2 2
0.4918471183983954 0 0 3 3 0 0 3 0
0.12680664088150703 0 0 3 3 0 0 3 3
0.46419955480146646 0 0 3 3 0 3 0 0
0.11562039125106736 0 0 3 3 0 3 0 3
-0.21793947697196395 0 0 3 3 0 3 1 1
-0.21793947697196395 0 0 3 3 0 3 2 2
0.112801726223191 0 0 3 3 0 3 3 0
0.46419955480146646 0 0 3 3 3 0 0 0
0.11562039125106736 0 0 3 3 3 0 0 3
-0.21793947697196395 0 0 3 3 3 0 1 1
-0.21793947697196395 0 0 3 3 3 0 2 2
0.112801726223191 0 0 3 3 3 0 3 0
0.10734516544446424 0 0 3 3 3 3 0 0
-0.048657812696017766 0 0 3 3 3 3 1 1
-0.048657812696017766 0 0 3 3 3 3 2 2
0.0011173934469988873 0 1 0 1 0 1 0 1
1.2227224074205467 0 1 0 1 0 1 1 0
-0.0032924322391819755 0 1 0 1 0 1 1 3
0.001117393446998887 0 1 0 1 0 2 0 2
1.2227224074205465 0 1 0 1 0 2 2 0
-0.0032924322391819755 0 1 0 1 0 2 2 3
-0.011836830328667199 0 1 0 1 3 1 1 0
-0.000911196952498508 0 1 0 1 3 1 1 3
-0.011836830328667199 0 1 0 1 3 2 2 0
-0.000911196952498508 0 1 0 1 3 2 2 3
1.3102890403685836 0 1 0 2 0 1 0 2
0.0006690492427295293 0 1 0 2 0 1 2 0
-0.006193102987155421 0 1 0 2 0 1 3 2
-1.3102890403685836 0 1 0 2 0 2 0 1
-0.0006690492427295293 0 1 0 2 0 2 1 0
0.006193102987155421 0 1 0 2 0 2 3 1
-0.012688780933296388 0 1 0 2 3 1 0 2
-0.0012027959009556694 0 1 0 2 3 1 3 2
0.012688780933296388 0 1 0 2 3 2 0 1
0.0012027959009556694 0 1 0 2 3 2 3 1
0.0011887126390161115 0 1 1 0 0 1 1 0
0.0011887126390161115 0 1 1 0 0 2 2 0
0.0006690492427295291 0 1 1 3 0 1 3 1
0.0006690492427295293 0 1 1 3 0 2 3 2
-0.0024233966703518612 0 1 2 0 0 1 0 2
1.4337277923936789 0 1 2 0 0 1 2 0
-0.00478924993010957 0 1 2 0 0 1 2 3
-0.003292432239181973 0 1 2 0 0 1 3 2
0.0024233966703518612 0 1 2 0 0 2 0 1
-1.4337277923936789 0 1 2 0 0 2 1 0
0.00478924993010957 0 1 2 0 0 2 1 3
0.003292432239181973 0 1 2 0 0 2 3 1
-0.013883477621475447 0 1 2 0 3 1 2 0
-0.0012810006760647181 0 1 2 0 3 1 2 3
-0.0009111969524985081 0 1 2 0 3 1 3 2
0.013883477621475447 0 1 2 0 3 2 1 0
0.0012810006760647181 0 1 2 0 3 2 1 3
0.0009111969524985081 0 1 2 0 3 2 3 1
-0.004912022682335632 0 1 2 3 0 1 0 2
-0.004789249930109566 0 1 2 3 0 1 2 0
-0.0030632314037490655 0 1 2 3 0 1 2 3
1.2227224074205467 0 1 2 3 0 1 3 2
0.004912022682335632 0 1 2 3 0 2 0 1
0.004789249930109566 0 1 2 3 0 2 1 0
0.0030632314037490655 0 1 2 3 0 2 1 3
-1.2227224074205467 0 1 2 3 0 2 3 1
-0.0009240356427105799 0 1 2 3 3 1 0 2
-0.0013018535858576978 0 1 2 3 3 1 2 0
-0.011836830328667199 0 1 2 3 3 1 3 2
0.0009240356427105799 0 1 2 3 3 2 0 1
0.0013018535858576978 0 1 2 3 3 2 1 0
0.011836830328667199 0 1 2 3 3 2 3 1
-0.004912022682335632 0 1 3 1 0 1 1 0
-0.0024233966703518612 0 1 3 1 0 1 1 3
-0.004912022682335632 0 1 3 1 0 2 2 0
-0.0024233966703518612 0 1 3 1 0 2 2 3
-0.0009240356427105804 0 1 3 1 3 1 1 0
-0.0009240356427105804 0 1 3 1 3 2 2 0
-0.006193102987155421 0 1 3 2 0 1 0 2
-0.0026250738636092274 0 1 3 2 0 1 3 2
0.006193102987155421 0 1 3 2 0 2 0 1
0.0026250738636092274 0 1 3 2 0 2 3 1
-0.0012236488107486496 0 1 3 2 3 1 0 2
0.0012236488107486496 0 1 3 2 3 2 0 1
-1.3102890403685836 0 2 0 1 0 1 0 2
-0.0006690492427295291 0 2 0 1 0 1 2 0
0.006193102987155421 0 2 0 1 0 1 3 2
1.3102890403685836 0 2 0 1 0 2 0 1
0.0006690492427295293 0 2 0 1 0 2 1 0
-0.006193102987155421 0 2 0 1 0 2 3 1
0.012688780933296388 0 2 0 1 3 1 0 2
0.0012027959009556694 0 2 0 1 3 1 3 2
-0.012688780933296388 0 2 0 1 3 2 0 1
-0.0012027959009556694 0 2 0 1 3 2 3 1
0.0011173934469988875 0 2 0 2 0 1 0 1
1.222722407420547 0 2 0 2 0 1 1 0
-0.0032924322391819755 0 2 0 2 0 1 1 3
0.0011173934469988875 0 2 0 2 0 2 0 2
1.2227224074205467 0 2 0 2 0 2 2 0
-0.0032924322391819755 0 2 0 2 0 2 2 3
-0.011836830328667199 0 2 0 2 3 1 1 0
-0.000911196952498508 0 2 0 2 3 1 1 3
-0.011836830328667199 0 2 0 2 3 2 2 0
-0.000911196952498508 0 2 0 2 3 2 2 3
0.0024233966703518617 0 2 1 0 0 1 0 2
-1.4337277923936789 0 2 1 0 0 1 2 0
0.00478924993010957 0 2 1 0 0 1 2 3
0.003292432239181973 0 2 1 0 0 1 3 2
-0.0024233966703518617 0 2 1 0 0 2 0 1
1.4337277923936789 0 2 1 0 0 2 1 0
-0.00478924993010957 0 2 1 0 0 2 1 3
-0.003292432239181973 0 2 1 0 0 2 3 1
0.013883477621475447 0 2 1 0 3 1 2 0
0.0012810006760647181 0 2 1 0 3 1 2 3
0.0009111969524985081 0 2 1 0 3 1 3 2
-0.013883477621475447 0 2 1 0 3 2 1 0
-0.0012810006760647181 0 2 1 0 3 2 1 3
-0.0009111969524985081 0 2 1 0 3 2 3 1
0.004912022682335632 0 2 1 3 0 1 0 2
0.004789249930109566 0 2 1 3 0 1 2 0
0.003063231403749066 0 2 1 3 0 1 2 3
-1.2227224074205465 0 2 1 3 0 1 3 2
-0.004912022682335632 0 2 1 3 0 2 0 1
-0.004789249930109566 0 2 1 3 0 2 1 0
-0.003063231403749066 0 2 1 3 0 2 1 3
1.2227224074205467 0 2 1 3 0 2 3 1
0.0009240356427105799 0 2 1 3 3 1 0 2
0.0013018535858576978 0 2 1 3 3 1 2 0
0.011836830328667199 0 2 1 3 3 1 3 2
-0.0009240356427105799 0 2 1 3 3 2 0 1
-0.0013018535858576978 0 2 1 3 3 2 1 0
-0.011836830328667199 0 2 1 3 3 2 3 1
0.001188712639016111 0 2 2 0 0 1 1 0
0.001188712639016111 0 2 2 0 0 2 2 0
0.0006690492427295291 0 2 2 3 0 1 3 1
0.0006690492427295291 0 2 2 3 0 2 3 2
0.006193102987155421 0 2 3 1 0 1 0 2
0.002625073863609227 0 2 3 1 0 1 3 2
-0.006193102987155421 0 2 3 1 0 2 0 1
-0.002625073863609227 0 2 3 1 0 2 3 1
0.0012236488107486496 0 2 3 1 3 1 0 2
-0.0012236488107486496 0 2 3 1 3 2 0 1
-0.004912022682335632 0 2 3 2 0 1 1 0
-0.0024233966703518612 0 2 3 2 0 1 1 3
-0.004912022682335632 0 2 3 2 0 2 2 0
-0.0024233966703518612 0 2 3 2 0 2 2 3
-0.0009240356427105804 0 2 3 2 3 1 1 0
-0.0009240356427105804 0 2 3 2 3 2 2 0
-175.60702471792737 0 3 0 0 0 0 0 0
-26.91344075887325 0 3 0 0 0 0 0 3
-0.1755048714093747 0 3 0 0 0 0 1 1
-0.1755048714093747 0 3 0 0 0 0 2 2
-28.1785633928271 0 3 0 0 0 0 3 0
0.4641995548014666 0 3 0 0 0 0 3 3
-45.55754971921426 0 3 0 0 0 3 0 0
0.8175536764830644 0 3 0 0 0 3 0 3
-0.04368624460191527 0 3 0 0 0 3 1 1
-0.04368624460191527 0 3 0 0 0 3 2 2
0.9245232344065497 0 3 0 0 0 3 3 0
0.11163199299448014 0 3 0 0 0 3 3 3
-40.394143027166315 0 3 0 0 3 0 0 0
0.7873276442216941 0 3 0 0 3 0 0 3
-0.04306008635853014 0 3 0 0 3 0 1 1
-0.04306008635853014 0 3 0 0 3 0 2 2
0.8859200695963281 0 3 0 0 3 0 3 0
0.10709043969673196 0 3 0 0 3 0 3 3
1.266207969746661 0 3 0 0 3 3 0 0
0.1949115369447066 0 3 0 0 3 3 0 3
0.205459174173529 0 3 0 0 3 3 3 0
-25.602034325057673 0 3 0 3 0 0 0 0
0.6166577414596975 0 3 0 3 0 0 0 3
12.975073417838026 0 3 0 3 0 0 1 1
12.975073417838026 0 3 0 3 0 0 2 2
0.6622114402703388 0 3 0 3 0 0 3 0
0.11562039125106735 0 3 0 3 0 0 3 3
0.8175536764830642 0 3 0 3 0 3 0 0
0.16197091574877323 0 3 0 3 0 3 0 3
-0.39401686436126304 0 3 0 3 0 3 1 1
-0.39401686436126304 0 3 0 3 0 3 2 2
0.1644598870582268 0 3 0 3 0 3 3 0
0.7873276442216939 0 3 0 3 3 0 0 0
0.15334471122291216 0 3 0 3 3 0 0 3
-0.3787925845821486 0 3 0 3 3 0 1 1
-0.3787925845821486 0 3 0 3 3 0 2 2
0.15607753421680812 0 3 0 3 3 0 3 0
0.19849829798784016 0 3 0 3 3 3 0 0
-0.09089682883760906 0 3 0 3 3 3 1 1
-0.09089682883760906 0 3 0 3 3 3 2 2
-0.21793947697196397 0 3 1 1 0 0 0 0
9.055461352805872e-05 0 3 1 1 0 0 0 3
11.751681961174748 0 3 1 1 0 0 3 0
-0.17221243917019277 0 3 1 1 0 0 3 3
-0.05145217245105735 0 3 1 1 0 3 0 0
-0.39401686436126304 0 3 1 1 0 3 3 0
-0.04368624460191527 0 3 1 1 0 3 3 3
-0.05020528970950468 0 3 1 1 3 0 0 0
-0.3787925845821486 0 3 1 1 3 0 3 0
-0.04306008635853014 0 3 1 1 3 0 3 3
-0.09424276743645726 0 3 1 1 3 3 3 0
-0.2042049884560278 0 3 1 2 0 0 1 2
0.2042049884560278 0 3 1 2 0 0 2 1
-0.052827894063746675 0 3 1 2 0 3 1 2
0.052827894063746675 0 3 1 2 0 3 2 1
-0.048966241610283186 0 3 1 2 3 0 1 2
0.048966241610283186 0 3 1 2 3 0 2 1
0.2042049884560278 0 3 2 1 0 0 1 2
-0.2042049884560278 0 3 2 1 0 0 2 1
0.052827894063746675 0 3 2 1 0 3 1 2
-0.052827894063746675 0 3 2 1 0 3 2 1
0.048966241610283186 0 3 2 1 3 0 1 2
-0.048966241610283186 0 3 2 1 3 0 2 1
-0.21793947697196397 0 3 2 2 0 0 0 0
9.055461352805872e-05 0 3 2 2 0 0 0 3
11.751681961174748 0 3 2 2 0 0 3 0
-0.17221243917019277 0 3 2 2 0 0 3 3
-0.05145217245105735 0 3 2 2 0 3 0 0
-0.39401686436126304 0 3 2 2 0 3 3 0
-0.04368624460191527 0 3 2 2 0 3 3 3
-0.05020528970950468 0 3 2 2 3 0 0 0
-0.3787925845821486 0 3 2 2 3 0 3 0
-0.04306008635853014 0 3 2 2 3 0 3 3
-0.09424276743645726 0 3 2 2 3 3 3 0
-26.74364688779441 0 3 3 0 0 0 0 0
0.6636152933273848 0 3 3 0 0 0 0 3
-0.0023328420568238042 0 3 3 0 0 0 1 1
-0.0023328420568238042 0 3 3 0 0 0 2 2
0.7240628332521764 0 3 3 0 0 0 3 0
0.112801726223191 0 3 3 0 0 0 3 3
0.9245232344065497 0 3 3 0 0 3 0 0
0.1644598870582268 0 3 3 0 0 3 0 3
0.16996147879246376 0 3 3 0 0 3 3 0
0.8859200695963281 0 3 3 0 3 0 0 0
0.15607753421680812 0 3 3 0 3 0 0 3
0.16144904624094 0 3 3 0 3 0 3 0
0.20938364232675039 0 3 3 0 3 3 0 0
0.45321720188420145 0 3 3 3 0 0 0 0
0.11255715984731829 0 3 3 3 0 0 0 3
-0.22285149965429957 0 3 3 3 0 0 1 1
-0.22285149965429957 0 3 3 3 0 0 2 2
0.11017665235958175 0 3 3 3 0 0 3 0
0.11163199299448014 0 3 3 3 0 3 0 0
-0.051452172451057335 0 3 3 3 0 3 1 1
-0.051452172451057335 0 3 3 3 0 3 2 2
0.10709043969673195 0 3 3 3 3 0 0 0
-0.05020528970950468 0 3 3 3 3 0 1 1
-0.05020528970950468 0 3 3 3 3 0 2 2
0.001117393446998887 1 0 0 1 1 0 0 1
1.222722407420547 1 0 0 1 1 0 1 0
-0.0032924322391819764 1 0 0 1 1 0 1 3
-0.011836830328667199 1 0 0 1 1 3 1 0
-0.0009111969524985082 1 0 0 1 1 3 1 3
0.001117393446998887 1 0 0 1 2 0 0 2
1.222722407420547 1 0 0 1 2 0 2 0
-0.0032924322391819764 1 0 0 1 2 0 2 3
-0.011836830328667199 1 0 0 1 2 3 2 0
-0.0009111969524985082 1 0 0 1 2 3 2 3
1.3102890403685836 1 0 0 2 1 0 0 2
0.0006690492427295294 1 0 0 2 1 0 2 0
-0.00619310298715542 1 0 0 2 1 0 3 2
-0.012688780933296388 1 0 0 2 1 3 0 2
-0.0012027959009556692 1 0 0 2 1 3 3 2
-1.3102890403685836 1 0 0 2 2 0 0 1
-0.0006690492427295294 1 0 0 2 2 0 1 0
0.00619310298715542 1 0 0 2 2 0 3 1
0.012688780933296388 1 0 0 2 2 3 0 1
0.0012027959009556692 1 0 0 2 2 3 3 1
0.0011887126390161115 1 0 1 0 1 0 1 0
0.0011887126390161115 1 0 1 0 2 0 2 0
0.0006690492427295294 1 0 1 3 1 0 3 1
0.0006690492427295294 1 0 1 3 2 0 3 2
-0.0024233966703518617 1 0 2 0 1 0 0 2
1.433727792393679 1 0 2 0 1 0 2 0
-0.004789249930109571 1 0 2 0 1 0 2 3
-0.003292432239181974 1 0 2 0 1 0 3 2
-0.01388347762147545 1 0 2 0 1 3 2 0
-0.001281000676064718 1 0 2 0 1 3 2 3
-0.0009111969524985083 1 0 2 0 1 3 3 2
0.0024233966703518617 1 0 2 0 2 0 0 1
-1.433727792393679 1 0 2 0 2 0 1 0
0.004789249930109571 1 0 2 0 2 0 1 3
0.003292432239181974 1 0 2 0 2 0 3 1
0.01388347762147545 1 0 2 0 2 3 1 0
0.001281000676064718 1 0 2 0 2 3 1 3
0.0009111969524985083 1 0 2 0 2 3 3 1
-0.004912022682335634 1 0 2 3 1 0 0 2
-0.004789249930109567 1 0 2 3 1 0 2 0
-0.0030632314037490663 1 0 2 3 1 0 2 3
1.222722407420547 1 0 2 3 1 0 3 2
-0.0009240356427105802 1 0 2 3 1 3 0 2
-0.0013018535858576982 1 0 2 3 1 3 2 0
-0.011836830328667199 1 0 2 3 1 3 3 2
0.004912022682335634 1 0 2 3 2 0 0 1
0.004789249930109567 1 0 2 3 2 0 1 0
0.0030632314037490663 1 0 2 3 2 0 1 3
-1.222722407420547 1 0 2 3 2 0 3 1
0.0009240356427105802 1 0 2 3 2 3 0 1
0.0013018535858576982 1 0 2 3 2 3 1 0
0.011836830328667199 1 0 2 3 2 3 3 1
-0.004912022682335634 1 0 3 1 1 0 1 0
-0.0024233966703518617 1 0 3 1 1 0 1 3
-0.0009240356427105802 1 0 3 1 1 3 1 0
-0.004912022682335634 1 0 3 1 2 0 2 0
-0.0024233966703518617 1 0 3 1 2 0 2 3
-0.0009240356427105802 1 0 3 1 2 3 2 0
-0.00619310298715542 1 0 3 2 1 0 0 2
-0.0026250738636092274 1 0 3 2 1 0 3 2
-0.0012236488107486496 1 0 3 2 1 3 0 2
0.00619310298715542 1 0 3 2 2 0 0 1
0.0026250738636092274 1 0 3 2 2 0 3 1
0.0012236488107486496 1 0 3 2 2 3 0 1
0.0018123075308780021 1 1 0 0 1 1 0 0
0.0018123075308780021 1 1 0 0 2 2 0 0
4.170581958595999e-05 1 1 2 2 1 1 2 2
-2.0852909792979997e-05 1 1 2 2 1 2 1 2
-2.0852909792980003e-05 1 1 2 2 1 2 2 1
-2.0852909792980003e-05 1 1 2 2 2 1 1 2
-2.0852909792979997e-05 1 1 2 2 2 1 2 1
4.170581958595999e-05 1 1 2 2 2 2 1 1
2.5817033460239722 1 2 0 0 1 2 0 0
-0.015113016130685199 1 2 0 0 1 2 0 3
0.00031307912169256376 1 2 0 0 1 2 1 1
0.0003130791216925637 1 2 0 0 1 2 2 2
-0.019301582405110814 1 2 0 0 1 2 3 0
-0.0022707766488740855 1 2 0 0 1 2 3 3
-2.5817033460239722 1 2 0 0 2 1 0 0
0.015113016130685199 1 2 0 0 2 1 0 3
-0.0003130791216925637 1 2 0 0 2 1 1 1
-0.00031307912169256376 1 2 0 0 2 1 2 2
0.019301582405110814 1 2 0 0 2 1 3 0
0.0022707766488740855 1 2 0 0 2 1 3 3
-0.015113016130685192 1 2 0 3 1 2 0 0
-0.004313102262930544 1 2 0 3 1 2 0 3
0.00761213988955722 1 2 0 3 1 2 1 1
0.00761213988955722 1 2 0 3 1 2 2 2
-0.004191176420709341 1 2 0 3 1 2 3 0
0.015113016130685192 1 2 0 3 2 1 0 0
0.004313102262930544 1 2 0 3 2 1 0 3
-0.00761213988955722 1 2 0 3 2 1 1 1
-0.00761213988955722 1 2 0 3 2 1 2 2
0.004191176420709341 1 2 0 3 2 1 3 0
0.0006234413707763334 1 2 1 1 1 2 0 0
0.00761213988955722 1 2 1 1 1 2 3 0
0.0003130791216925637 1 2 1 1 1 2 3 3
-0.0006234413707763334 1 2 1 1 2 1 0 0
-0.00761213988955722 1 2 1 1 2 1 3 0
-0.0003130791216925637 1 2 1 1 2 1 3 3
-2.085290979297999e-05 1 2 1 2 1 1 2 2
0.0019412526816282361 1 2 1 2 1 2 1 2
-0.0019203997718352562 1 2 1 2 1 2 2 1
-0.0019203997718352562 1 2 1 2 2 1 1 2
0.0019412526816282361 1 2 1 2 2 1 2 1
-2.085290979297999e-05 1 2 1 2 2 2 1 1
-2.0852909792979997e-05 1 2 2 1 1 1 2 2
-0.0019203997718352562 1 2 2 1 1 2 1 2
0.0019412526816282361 1 2 2 1 1 2 2 1
0.0019412526816282361 1 2 2 1 2 1 1 2
-0.0019203997718352562 1 2 2 1 2 1 2 1
-2.0852909792979997e-05 1 2 2 1 2 2 1 1
0.0006234413707763334 1 2 2 2 1 2 0 0
0.00761213988955722 1 2 2 2 1 2 3 0
0.00031307912169256376 1 2 2 2 1 2 3 3
-0.0006234413707763334 1 2 2 2 2 1 0 0
-0.00761213988955722 1 2 2 2 2 1 3 0
-0.00031307912169256376 1 2 2 2 2 1 3 3
-0.019301582405110814 1 2 3 0 1 2 0 0
-0.004191176420709341 1 2 3 0 1 2 0 3
-0.004256216275761883 1 2 3 0 1 2 3 0
0.019301582405110814 1 2 3 0 2 1 0 0
0.004191176420709341 1 2 3 0 2 1 0 3
0.004256216275761883 1 2 3 0 2 1 3 0
-0.0022707766488740855 1 2 3 3 1 2 0 0
0.0006234413707763334 1 2 3 3 1 2 1 1
0.0006234413707763334 1 2 3 3 1 2 2 2
0.0022707766488740855 1 2 3 3 2 1 0 0
-0.0006234413707763334 1 2 3 3 2 1 1 1
-0.0006234413707763334 1 2 3 3 2 1 2 2
-0.011836830328667199 1 3 0 1 1 0 1 0
-0.0009111969524985083 1 3 0 1 1 0 1 3
-0.003345938598848188 1 3 0 1 1 3 1 0
-0.011836830328667199 1 3 0 1 2 0 2 0
-0.0009111969524985083 1 3 0 1 2 0 2 3
-0.003345938598848188 1 3 0 1 2 3 2 0
-0.012688780933296387 1 3 0 2 1 0 0 2
-0.0012236488107486496 1 3 0 2 1 0 3 2
-0.0035867610431335596 1 3 0 2 1 3 0 2
0.012688780933296387 1 3 0 2 2 0 0 1
0.0012236488107486496 1 3 0 2 2 0 3 1
0.0035867610431335596 1 3 0 2 2 3 0 1
-0.013883477621475447 1 3 2 0 1 0 2 0
-0.0013018535858576982 1 3 2 0 1 0 2 3
-0.0009111969524985082 1 3 2 0 1 0 3 2
-0.003924468153221411 1 3 2 0 1 3 2 0
0.013883477621475447 1 3 2 0 2 0 1 0
0.0013018535858576982 1 3 2 0 2 0 1 3
0.0009111969524985082 1 3 2 0 2 0 3 1
0.003924468153221411 1 3 2 0 2 3 1 0
-0.0009240356427105802 1 3 2 3 1 0 0 2
-0.001281000676064718 1 3 2 3 1 0 2 0
-0.011836830328667199 1 3 2 3 1 0 3 2
-0.003345938598848188 1 3 2 3 1 3 3 2
0.0009240356427105802 1 3 2 3 2 0 0 1
0.001281000676064718 1 3 2 3 2 0 1 0
0.011836830328667199 1 3 2 3 2 0 3 1
0.003345938598848188 1 3 2 3 2 3 3 1
-0.0009240356427105802 1 3 3 1 1 0 1 0
-0.0009240356427105802 1 3 3 1 2 0 2 0
-0.0012027959009556692 1 3 3 2 1 0 0 2
0.0012027959009556692 1 3 3 2 2 0 0 1
-1.3102890403685836 2 0 0 1 1 0 0 2
-0.0006690492427295294 2 0 0 1 1 0 2 0
0.00619310298715542 2 0 0 1 1 0 3 2
0.012688780933296388 2 0 0 1 1 3 0 2
0.0012027959009556692 2 0 0 1 1 3 3 2
1.3102890403685836 2 0 0 1 2 0 0 1
0.0006690492427295294 2 0 0 1 2 0 1 0
-0.00619310298715542 2 0 0 1 2 0 3 1
-0.012688780933296388 2 0 0 1 2 3 0 1
-0.0012027959009556692 2 0 0 1 2 3 3 1
0.001117393446998887 2 0 0 2 1 0 0 1
1.222722407420547 2 0 0 2 1 0 1 0
-0.0032924322391819764 2 0 0 2 1 0 1 3
-0.011836830328667199 2 0 0 2 1 3 1 0
-0.0009111969524985082 2 0 0 2 1 3 1 3
0.001117393446998887 2 0 0 2 2 0 0 2
1.222722407420547 2 0 0 2 2 0 2 0
-0.0032924322391819764 2 0 0 2 2 0 2 3
-0.011836830328667199 2 0 0 2 2 3 2 0
-0.0009111969524985082 2 0 0 2 2 3 2 3
0.0024233966703518617 2 0 1 0 1 0 0 2
-1.433727792393679 2 0 1 0 1 0 2 0
0.004789249930109571 2 0 1 0 1 0 2 3
0.003292432239181974 2 0 1 0 1 0 3 2
0.01388347762147545 2 0 1 0 1 3 2 0
0.001281000676064718 2 0 1 0 1 3 2 3
0.0009111969524985083 2 0 1 0 1 3 3 2
-0.0024233966703518617 2 0 1 0 2 0 0 1
1.433727792393679 2 0 1 0 2 0 1 0
-0.004789249930109571 2 0 1 0 2 0 1 3
-0.003292432239181974 2 0 1 0 2 0 3 1
-0.01388347762147545 2 0 1 0 2 3 1 0
-0.001281000676064718 2 0 1 0 2 3 1 3
-0.0009111969524985083 2 0 1 0 2 3 3 1
0.004912022682335634 2 0 1 3 1 0 0 2
0.004789249930109567 2 0 1 3 1 0 2 0
0.0030632314037490663 2 0 1 3 1 0 2 3
-1.222722407420547 2 0 1 3 1 0 3 2
0.0009240356427105802 2 0 1 3 1 3 0 2
0.0013018535858576982 2 0 1 3 1 3 2 0
0.011836830328667199 2 0 1 3 1 3 3 2
-0.004912022682335634 2 0 1 3 2 0 0 1
-0.004789249930109567 2 0 1 3 2 0 1 0
-0.0030632314037490663 2 0 1 3 2 0 1 3
1.2227224074205467 2 0 1 3 2 0 3 1
-0.0009240356427105802 2 0 1 3 2 3 0 1
-0.0013018535858576982 2 0 1 3 2 3 1 0
-0.011836830328667199 2 0 1 3 2 3 3 1
0.001188712639016111 2 0 2 0 1 0 1 0
0.0011887126390161106 2 0 2 0 2 0 2 0
0.0006690492427295294 2 0 2 3 1 0 3 1
0.0006690492427295296 2 0 2 3 2 0 3 2
0.00619310298715542 2 0 3 1 1 0 0 2
0.002625073863609227 2 0 3 1 1 0 3 2
0.0012236488107486496 2 0 3 1 1 3 0 2
-0.00619310298715542 2 0 3 1 2 0 0 1
-0.002625073863609227 2 0 3 1 2 0 3 1
-0.0012236488107486496 2 0 3 1 2 3 0 1
-0.004912022682335634 2 0 3 2 1 0 1 0
-0.0024233966703518617 2 0 3 2 1 0 1 3
-0.0009240356427105802 2 0 3 2 1 3 1 0
-0.004912022682335634 2 0 3 2 2 0 2 0
-0.0024233966703518617 2 0 3 2 2 0 2 3
-0.0009240356427105802 2 0 3 2 2 3 2 0
-2.5817033460239722 2 1 0 0 1 2 0 0
0.015113016130685199 2 1 0 0 1 2 0 3
-0.00031307912169256376 2 1 0 0 1 2 1 1
-0.0003130791216925637 2 1 0 0 1 2 2 2
0.019301582405110814 2 1 0 0 1 2 3 0
0.0022707766488740855 2 1 0 0 1 2 3 3
2.5817033460239722 2 1 0 0 2 1 0 0
-0.015113016130685199 2 1 0 0 2 1 0 3
0.0003130791216925637 2 1 0 0 2 1 1 1
0.00031307912169256376 2 1 0 0 2 1 2 2
-0.019301582405110814 2 1 0 0 2 1 3 0
-0.0022707766488740855 2 1 0 0 2 1 3 3
0.015113016130685192 2 1 0 3 1 2 0 0
0.004313102262930544 2 1 0 3 1 2 0 3
-0.00761213988955722 2 1 0 3 1 2 1 1
-0.00761213988955722 2 1 0 3 1 2 2 2
0.004191176420709341 2 1 0 3 1 2 3 0
-0.015113016130685192 2 1 0 3 2 1 0 0
-0.004313102262930544 2 1 0 3 2 1 0 3
0.00761213988955722 2 1 0 3 2 1 1 1
0.00761213988955722 2 1 0 3 2 1 2 2
-0.004191176420709341 2 1 0 3 2 1 3 0
-0.0006234413707763334 2 1 1 1 1 2 0 0
-0.00761213988955722 2 1 1 1 1 2 3 0
-0.00031307912169256376 2 1 1 1 1 2 3 3
0.0006234413707763334 2 1 1 1 2 1 0 0
0.00761213988955722 2 1 1 1 2 1 3 0
0.00031307912169256376 2 1 1 1 2 1 3 3
-2.0852909792980003e-05 2 1 1 2 1 1 2 2
-0.0019203997718352562 2 1 1 2 1 2 1 2
0.0019412526816282361 2 1 1 2 1 2 2 1
0.0019412526816282361 2 1 1 2 2 1 1 2
-0.0019203997718352562 2 1 1 2 2 1 2 1
-2.0852909792980003e-05 2 1 1 2 2 2 1 1
-2.085290979297999e-05 2 1 2 1 1 1 2 2
0.0019412526816282361 2 1 2 1 1 2 1 2
-0.0019203997718352562 2 1 2 1 1 2 2 1
-0.0019203997718352562 2 1 2 1 2 1 1 2
0.0019412526816282361 2 1 2 1 2 1 2 1
-2.085290979297999e-05 2 1 2 1 2 2 1 1
-0.0006234413707763334 2 1 2 2 1 2 0 0
-0.00761213988955722 2 1 2 2 1 2 3 0
-0.0003130791216925637 2 1 2 2 1 2 3 3
0.0006234413707763334 2 1 2 2 2 1 0 0
0.00761213988955722 2 1 2 2 2 1 3 0
0.0003130791216925637 2 1 2 2 2 1 3 3
0.019301582405110814 2 1 3 0 1 2 0 0
0.004191176420709341 2 1 3 0 1 2 0 3
0.004256216275761883 2 1 3 0 1 2 3 0
-0.019301582405110814 2 1 3 0 2 1 0 0
-0.004191176420709341 2 1 3 0 2 1 0 3
-0.004256216275761883 2 1 3 0 2 1 3 0
0.0022707766488740855 2 1 3 3 1 2 0 0
-0.0006234413707763334 2 1 3 3 1 2 1 1
-0.0006234413707763334 2 1 3 3 1 2 2 2
-0.0022707766488740855 2 1 3 3 2 1 0 0
0.0006234413707763334 2 1 3 3 2 1 1 1
0.0006234413707763334 2 1 3 3 2 1 2 2
0.0018123075308780021 2 2 0 0 1 1 0 0
0.0018123075308780021 2 2 0 0 2 2 0 0
4.1705819585959986e-05 2 2 1 1 1 1 2 2
-2.0852909792979997e-05 2 2 1 1 1 2 1 2
-2.0852909792980003e-05 2 2 1 1 1 2 2 1
-2.0852909792980003e-05 2 2 1 1 2 1 1 2
-2.0852909792979997e-05 2 2 1 1 2 1 2 1
4.1705819585959986e-05 2 2 1 1 2 2 1 1
0.012688780933296387 2 3 0 1 1 0 0 2
0.0012236488107486496 2 3 0 1 1 0 3 2
0.0035867610431335596 2 3 0 1 1 3 0 2
-0.012688780933296387 2 3 0 1 2 0 0 1
-0.0012236488107486496 2 3 0 1 2 0 3 1
-0.0035867610431335596 2 3 0 1 2 3 0 1
-0.011836830328667199 2 3 0 2 1 0 1 0
-0.0009111969524985083 2 3 0 2 1 0 1 3
-0.003345938598848188 2 3 0 2 1 3 1 0
-0.011836830328667199 2 3 0 2 2 0 2 0
-0.0009111969524985083 2 3 0 2 2 0 2 3
-0.003345938598848188 2 3 0 2 2 3 2 0
0.013883477621475447 2 3 1 0 1 0 2 0
0.0013018535858576982 2 3 1 0 1 0 2 3
0.0009111969524985082 2 3 1 0 1 0 3 2
0.003924468153221411 2 3 1 0 1 3 2 0
-0.013883477621475447 2 3 1 0 2 0 1 0
-0.0013018535858576982 2 3 1 0 2 0 1 3
-0.0009111969524985082 2 3 1 0 2 0 3 1
-0.003924468153221411 2 3 1 0 2 3 1 0
0.0009240356427105802 2 3 1 3 1 0 0 2
0.001281000676064718 2 3 1 3 1 0 2 0
0.011836830328667199 2 3 1 3 1 0 3 2
0.003345938598848188 2 3 1 3 1 3 3 2
-0.0009240356427105802 2 3 1 3 2 0 0 1
-0.001281000676064718 2 3 1 3 2 0 1 0
-0.011836830328667199 2 3 1 3 2 0 3 1
-0.003345938598848188 2 3 1 3 2 3 3 1
0.0012027959009556692 2 3 3 1 1 0 0 2
-0.0012027959009556692 2 3 3 1 2 0 0 1
-0.0009240356427105802 2 3 3 2 1 0 1 0
-0.0009240356427105802 2 3 3 2 2 0 2 0
-175.60702471792735 3 0 0 0 0 0 0 0
-26.913440758873254 3 0 0 0 0 0 0 3
-0.1755048714093747 3 0 0 0 0 0 1 1
-0.1755048714093747 3 0 0 0 0 0 2 2
-28.1785633928271 3 0 0 0 0 0 3 0
0.4641995548014666 3 0 0 0 0 0 3 3
-40.394143027166315 3 0 0 0 0 3 0 0
0.7873276442216941 3 0 0 0 0 3 0 3
-0.04306008635853014 3 0 0 0 0 3 1 1
-0.04306008635853014 3 0 0 0 0 3 2 2
0.8859200695963281 3 0 0 0 0 3 3 0
0.10709043969673196 3 0 0 0 0 3 3 3
-45.55754971921425 3 0 0 0 3 0 0 0
0.8175536764830644 3 0 0 0 3 0 0 3
-0.04368624460191527 3 0 0 0 3 0 1 1
-0.04368624460191527 3 0 0 0 3 0 2 2
0.9245232344065497 3 0 0 0 3 0 3 0
0.11163199299448014 3 0 0 0 3 0 3 3
1.2662079697466613 3 0 0 0 3 3 0 0
0.1949115369447066 3 0 0 0 3 3 0 3
0.205459174173529 3 0 0 0 3 3 3 0
-25.602034325057677 3 0 0 3 0 0 0 0
0.6166577414596975 3 0 0 3 0 0 0 3
12.975073417838026 3 0 0 3 0 0 1 1
12.975073417838024 3 0 0 3 0 0 2 2
0.6622114402703388 3 0 0 3 0 0 3 0
0.11562039125106735 3 0 0 3 0 0 3 3
0.7873276442216939 3 0 0 3 0 3 0 0
0.15334471122291216 3 0 0 3 0 3 0 3
-0.3787925845821486 3 0 0 3 0 3 1 1
-0.3787925845821486 3 0 0 3 0 3 2 2
0.15607753421680812 3 0 0 3 0 3 3 0
0.8175536764830642 3 0 0 3 3 0 0 0
0.16197091574877323 3 0 0 3 3 0 0 3
-0.39401686436126304 3 0 0 3 3 0 1 1
-0.39401686436126304 3 0 0 3 3 0 2 2
0.1644598870582268 3 0 0 3 3 0 3 0
0.19849829798784013 3 0 0 3 3 3 0 0
-0.09089682883760906 3 0 0 3 3 3 1 1
-0.09089682883760906 3 0 0 3 3 3 2 2
-0.21793947697196397 3 0 1 1 0 0 0 0
9.055461352805872e-05 3 0 1 1 0 0 0 3
11.751681961174748 3 0 1 1 0 0 3 0
-0.17221243917019277 3 0 1 1 0 0 3 3
-0.05020528970950468 3 0 1 1 0 3 0 0
-0.3787925845821486 3 0 1 1 0 3 3 0
-0.04306008635853014 3 0 1 1 0 3 3 3
-0.05145217245105735 3 0 1 1 3 0 0 0
-0.39401686436126304 3 0 1 1 3 0 3 0
-0.04368624460191527 3 0 1 1 3 0 3 3
-0.09424276743645726 3 0 1 1 3 3 3 0
-0.2042049884560278 3 0 1 2 0 0 1 2
0.2042049884560278 3 0 1 2 0 0 2 1
-0.048966241610283186 3 0 1 2 0 3 1 2
0.048966241610283186 3 0 1 2 0 3 2 1
-0.052827894063746675 3 0 1 2 3 0 1 2
0.052827894063746675 3 0 1 2 3 0 2 1
0.2042049884560278 3 0 2 1 0 0 1 2
-0.2042049884560278 3 0 2 1 0 0 2 1
0.048966241610283186 3 0 2 1 0 3 1 2
-0.048966241610283186 3 0 2 1 0 3 2 1
0.052827894063746675 3 0 2 1 3 0 1 2
-0.052827894063746675 3 0 2 1 3 0 2 1
-0.21793947697196397 3 0 2 2 0 0 0 0
9.055461352805872e-05 3 0 2 2 0 0 0 3
11.751681961174748 3 0 2 2 0 0 3 0
-0.17221243917019277 3 0 2 2 0 0 3 3
-0.05020528970950468 3 0 2 2 0 3 0 0
-0.3787925845821486 3 0 2 2 0 3 3 0
-0.04306008635853014 3 0 2 2 0 3 3 3
-0.05145217245105735 3 0 2 2 3 0 0 0
-0.39401686436126304 3 0 2 2 3 0 3 0
-0.04368624460191527 3 0 2 2 3 0 3 3
-0.09424276743645726 3 0 2 2 3 3 3 0
-26.74364688779441 3 0 3 0 0 0 0 0
0.6636152933273848 3 0 3 0 0 0 0 3
-0.0023328420568238042 3 0 3 0 0 0 1 1
-0.0023328420568238042 3 0 3 0 0 0 2 2
0.7240628332521764 3 0 3 0 0 0 3 0
0.112801726223191 3 0 3 0 0 0 3 3
0.8859200695963281 3 0 3 0 0 3 0 0
0.15607753421680812 3 0 3 0 0 3 0 3
0.16144904624094 3 0 3 0 0 3 3 0
0.9245232344065497 3 0 3 0 3 0 0 0
0.1644598870582268 3 0 3 0 3 0 0 3
0.16996147879246376 3 0 3 0 3 0 3 0
0.2093836423267504 3 0 3 0 3 3 0 0
0.45321720188420145 3 0 3 3 0 0 0 0
0.11255715984731829 3 0 3 3 0 0 0 3
-0.22285149965429957 3 0 3 3 0 0 1 1
-0.22285149965429957 3 0 3 3 0 0 2 2
0.11017665235958175 3 0 3 3 0 0 3 0
0.10709043969673195 3 0 3 3 0 3 0 0
-0.05020528970950468 3 0 3 3 0 3 1 1
-0.05020528970950468 3 0 3 3 0 3 2 2
0.11163199299448014 3 0 3 3 3 0 0 0
-0.051452172451057335 3 0 3 3 3 0 1 1
-0.051452172451057335 3 0 3 3 3 0 2 2
-0.011836830328667197 3 1 0 1 0 1 1 0
-0.0009111969524985082 3 1 0 1 0 1 1 3
-0.011836830328667197 3 1 0 1 0 2 2 0
-0.0009111969524985082 3 1 0 1 0 2 2 3
-0.0033459385988481877 3 1 0 1 3 1 1 0
-0.0033459385988481877 3 1 0 1 3 2 2 0
-0.012688780933296387 3 1 0 2 0 1 0 2
-0.0012236488107486496 3 1 0 2 0 1 3 2
0.012688780933296387 3 1 0 2 0 2 0 1
0.0012236488107486496 3 1 0 2 0 2 3 1
-0.0035867610431335596 3 1 0 2 3 1 0 2
0.0035867610431335596 3 1 0 2 3 2 0 1
-0.013883477621475447 3 1 2 0 0 1 2 0
-0.0013018535858576978 3 1 2 0 0 1 2 3
-0.0009111969524985081 3 1 2 0 0 1 3 2
0.013883477621475447 3 1 2 0 0 2 1 0
0.0013018535858576978 3 1 2 0 0 2 1 3
0.0009111969524985081 3 1 2 0 0 2 3 1
-0.00392446815322141 3 1 2 0 3 1 2 0
0.00392446815322141 3 1 2 0 3 2 1 0
-0.0009240356427105803 3 1 2 3 0 1 0 2
-0.0012810006760647181 3 1 2 3 0 1 2 0
-0.011836830328667197 3 1 2 3 0 1 3 2
0.0009240356427105803 3 1 2 3 0 2 0 1
0.0012810006760647181 3 1 2 3 0 2 1 0
0.011836830328667197 3 1 2 3 0 2 3 1
-0.0033459385988481877 3 1 2 3 3 1 3 2
0.0033459385988481877 3 1 2 3 3 2 3 1
-0.0009240356427105799 3 1 3 1 0 1 1 0
-0.0009240356427105799 3 1 3 1 0 2 2 0
-0.0012027959009556694 3 1 3 2 0 1 0 2
0.0012027959009556694 3 1 3 2 0 2 0 1
0.012688780933296387 3 2 0 1 0 1 0 2
0.0012236488107486496 3 2 0 1 0 1 3 2
-0.012688780933296387 3 2 0 1 0 2 0 1
-0.0012236488107486496 3 2 0 1 0 2 3 1
0.0035867610431335596 3 2 0 1 3 1 0 2
-0.0035867610431335596 3 2 0 1 3 2 0 1
-0.011836830328667197 3 2 0 2 0 1 1 0
-0.0009111969524985081 3 2 0 2 0 1 1 3
-0.011836830328667197 3 2 0 2 0 2 2 0
-0.0009111969524985081 3 2 0 2 0 2 2 3
-0.0033459385988481877 3 2 0 2 3 1 1 0
-0.0033459385988481877 3 2 0 2 3 2 2 0
0.013883477621475447 3 2 1 0 0 1 2 0
0.0013018535858576978 3 2 1 0 0 1 2 3
0.0009111969524985081 3 2 1 0 0 1 3 2
-0.013883477621475447 3 2 1 0 0 2 1 0
-0.0013018535858576978 3 2 1 0 0 2 1 3
-0.0009111969524985081 3 2 1 0 0 2 3 1
0.00392446815322141 3 2 1 0 3 1 2 0
-0.00392446815322141 3 2 1 0 3 2 1 0
0.0009240356427105803 3 2 1 3 0 1 0 2
0.0012810006760647181 3 2 1 3 0 1 2 0
0.011836830328667197 3 2 1 3 0 1 3 2
-0.0009240356427105803 3 2 1 3 0 2 0 1
-0.0012810006760647181 3 2 1 3 0 2 1 0
-0.011836830328667197 3 2 1 3 0 2 3 1
0.0033459385988481877 3 2 1 3 3 1 3 2
-0.0033459385988481877 3 2 1 3 3 2 3 1
0.0012027959009556694 3 2 3 1 0 1 0 2
-0.0012027959009556694 3 2 3 1 0 2 0 1
-0.0009240356427105799 3 2 3 2 0 1 1 0
-0.0009240356427105799 3 2 3 2 0 2 2 0
-37.810627373611446 3 3 0 0 0 0 0 0
0.7849034090243051 3 3 0 0 0 0 0 3
-0.04365820418933609 3 3 0 0 0 0 1 1
-0.04365820418933609 3 3 0 0 0 0 2 2
0.8805019648126928 3 3 0 0 0 0 3 0
0.10734516544446422 3 3 0 0 0 0 3 3
1.266207969746661 3 3 0 0 0 3 0 0
0.19849829798784016 3 3 0 0 0 3 0 3
0.20938364232675039 3 3 0 0 0 3 3 0
1.266207969746661 3 3 0 0 3 0 0 0
0.19849829798784013 3 3 0 0 3 0 0 3
0.2093836423267504 3 3 0 0 3 0 3 0
0.31151279047634733 3 3 0 0 3 3 0 0
0.7595258471577123 3 3 0 3 0 0 0 0
0.14903160895998158 3 3 0 3 0 0 0 3
-0.3830172750212586 3 3 0 3 0 0 1 1
-0.3830172750212586 3 3 0 3 0 0 2 2
0.15194370966141482 3 3 0 3 0 0 3 0
0.1949115369447066 3 3 0 3 0 3 0 0
-0.09424276743645726 3 3 0 3 0 3 1 1
-0.09424276743645726 3 3 0 3 0 3 2 2
0.1949115369447066 3 3 0 3 3 0 0 0
-0.09424276743645726 3 3 0 3 3 0 1 1
-0.09424276743645726 3 3 0 3 3 0 2 2
-0.048657812696017766 3 3 1 1 0 0 0 0
-0.35934361436392415 3 3 1 1 0 0 3 0
-0.041835810284339074 3 3 1 1 0 0 3 3
-0.09089682883760906 3 3 1 1 0 3 3 0
-0.09089682883760906 3 3 1 1 3 0 3 0
-0.04704584183844793 3 3 1 2 0 0 1 2
0.04704584183844793 3 3 1 2 0 0 2 1
0.04704584183844793 3 3 2 1 0 0 1 2
-0.04704584183844793 3 3 2 1 0 0 2 1
-0.048657812696017766 3 3 2 2 0 0 0 0
-0.35934361436392415 3 3 2 2 0 0 3 0
-0.041835810284339074 3 3 2 2 0 0 3 3
-0.09089682883760906 3 3 2 2 0 3 3 0
-0.09089682883760906 3 3 2 2 3 0 3 0
0.8527350095697417 3 3 3 0 0 0 0 0
0.15178730011119673 3 3 3 0 0 0 0 3
0.15719282996517808 3 3 3 0 0 0 3 0
0.20545917417352902 3 3 3 0 0 3 0 0
0.20545917417352902 3 3 3 0 3 0 0 0
0.10233586647083748 3 3 3 3 0 0 0 0
-0.050505883981438925 3 3 3 3 0 0 1 1
-0.050505883981438925 3 3 3 3 0 0 2 2
