9073.3321477682 0 0 0 0 0 0 0 0
-87.02075535516077 0 0 0 0 0 0 0 3
-179.406120192072 0 0 0 0 0 0 3 0
-28.025182261292233 0 0 0 0 0 0 3 3
-179.40612019207205 0 0 0 0 0 3 0 0
-28.02518226129223 0 0 0 0 0 3 0 3
-37.520861624937126 0 0 0 0 0 3 3 0
0.7823578717500629 0 0 0 0 0 3 3 3
-0.03371280971925253 0 0 0 0 1 3 3 1
-0.03371280971925253 0 0 0 0 2 3 3 2
-168.42381828910723 0 0 0 0 3 0 0 0
-21.713172326411286 0 0 0 0 3 0 0 3
-30.86028746331027 0 0 0 0 3 0 3 0
0.6222991496015913 0 0 0 0 3 0 3 3
-30.86028746331027 0 0 0 0 3 3 0 0
0.6222991496015915 0 0 0 0 3 3 0 3
1.0351900004919181 0 0 0 0 3 3 3 0
0.14741196819053895 0 0 0 0 3 3 3 3
-87.0207553551608 0 0 0 3 0 0 0 0
-32.9601974884099 0 0 0 3 0 0 0 3
-29.50737157420828 0 0 0 3 0 0 3 0
0.631973801467486 0 0 0 3 0 0 3 3
-29.50737157420828 0 0 0 3 0 3 0 0
0.6319738014674863 0 0 0 3 0 3 0 3
0.8119141013469038 0 0 0 3 0 3 3 0
0.17334412475209354 0 0 0 3 0 3 3 3
-0.06895959681799861 0 0 0 3 1 0 3 1
-0.06895959681799861 0 0 0 3 1 3 0 1
-0.2919417482759955 0 0 0 3 1 3 3 1
-0.06895959681799861 0 0 0 3 2 0 3 2
-0.06895959681799861 0 0 0 3 2 3 0 2
-0.2919417482759955 0 0 0 3 2 3 3 2
-30.627152593550615 0 0 0 3 3 0 0 0
0.5800844506799692 0 0 0 3 3 0 0 3
0.7693108707627425 0 0 0 3 3 0 3 0
0.15039609139394253 0 0 0 3 3 0 3 3
0.7693108707627428 0 0 0 3 3 3 0 0
0.15039609139394255 0 0 0 3 3 3 0 3
0.1816812616542502 0 0 0 3 3 3 3 0
0.0020729346905617465 0 0 1 1 0 0 1 1
0.0020729346905617465 0 0 1 1 0 0 2 2
1.480116378225481 0 0 1 2 0 0 1 2
-1.480116378225481 0 0 1 2 0 0 2 1
-0.014778114798420465 0 0 1 2 0 3 1 2
0.014778114798420465 0 0 1 2 0 3 2 1
-0.0021821190372202544 0 0 1 2 1 0 2 0
-0.00792309027702087 0 0 1 2 1 3 2 0
-0.0005375327828548949 0 0 1 2 1 3 2 3
0.0021821190372202544 0 0 1 2 2 0 1 0
0.00792309027702087 0 0 1 2 2 3 1 0
0.0005375327828548949 0 0 1 2 2 3 1 3
-0.011995584716137566 0 0 1 2 3 0 1 2
0.011995584716137566 0 0 1 2 3 0 2 1
-0.0022853283973514227 0 0 1 2 3 3 1 2
0.0022853283973514227 0 0 1 2 3 3 2 1
-1.480116378225481 0 0 2 1 0 0 1 2
1.4801163782254811 0 0 2 1 0 0 2 1
0.014778114798420465 0 0 2 1 0 3 1 2
-0.014778114798420465 0 0 2 1 0 3 2 1
0.0021821190372202544 0 0 2 1 1 0 2 0
0.00792309027702087 0 0 2 1 1 3 2 0
0.0005375327828548949 0 0 2 1 1 3 2 3
-0.0021821190372202544 0 0 2 1 2 0 1 0
-0.00792309027702087 0 0 2 1 2 3 1 0
-0.0005375327828548949 0 0 2 1 2 3 1 3
0.011995584716137566 0 0 2 1 3 0 1 2
-0.011995584716137566 0 0 2 1 3 0 2 1
0.0022853283973514227 0 0 2 1 3 3 1 2
-0.0022853283973514227 0 0 2 1 3 3 2 1
0.0020729346905617465 0 0 2 2 0 0 1 1
0.0020729346905617465 0 0 2 2 0 0 2 2
-179.40612019207202 0 0 3 0 0 0 0 0
-29.507371574208275 0 0 3 0 0 0 0 3
-45.23633529927104 0 0 3 0 0 0 3 0
0.8347904617840597 0 0 3 0 0 0 3 3
-40.093943203170966 0 0 3 0 0 3 0 0
0.8096874782936754 0 0 3 0 0 3 0 3
1.2995821975873916 0 0 3 0 0 3 3 0
0.21272170439598603 0 0 3 0 0 3 3 3
-0.0337099631104095 0 0 3 0 1 0 3 1
-0.033353505661068254 0 0 3 0 1 3 0 1
-0.1255711127010106 0 0 3 0 1 3 3 1
-0.0337099631104095 0 0 3 0 2 0 3 2
-0.033353505661068254 0 0 3 0 2 3 0 2
-0.1255711127010106 0 0 3 0 2 3 3 2
-33.004641554844454 0 0 3 0 3 0 0 0
0.6428935518210308 0 0 3 0 3 0 0 3
1.1287497202973527 0 0 3 0 3 0 3 0
0.16238925003511073 0 0 3 0 3 0 3 3
1.0806322585417123 0 0 3 0 3 3 0 0
0.15596151494752852 0 0 3 0 3 3 0 3
0.24052667601200658 0 0 3 0 3 3 3 0
-28.025182261292233 0 0 3 3 0 0 0 0
0.631973801467486 0 0 3 3 0 0 0 3
0.8347904617840597 0 0 3 3 0 0 3 0
0.18796613014068822 0 0 3 3 0 0 3 3
0.8096874782936756 0 0 3 3 0 3 0 0
0.17821812654829178 0 0 3 3 0 3 0 3
0.2167917836842893 0 0 3 3 0 3 3 0
-0.06677747778077836 0 0 3 3 1 0 0 1
-0.3021115017860413 0 0 3 3 1 0 3 1
-0.2900496059279969 0 0 3 3 1 3 0 1
9.382847705399445 0 0 3 3 1 3 3 1
-0.06677747778077836 0 0 3 3 2 0 0 2
-0.3021115017860413 0 0 3 3 2 0 3 2
-0.2900496059279969 0 0 3 3 2 3 0 2
9.382847705399445 0 0 3 3 2 3 3 2
0.7659141035499071 0 0 3 3 3 0 0 0
0.15502080019297051 0 0 3 3 3 0 0 3
0.19614635304843528 0 0 3 3 3 0 3 0
0.18710566660552777 0 0 3 3 3 3 0 0
0.002072934690561747 0 1 0 1 0 1 0 1
0.002072934690561747 0 1 0 1 0 2 0 2
1.4801163782254814 0 1 0 2 0 1 0 2
-0.014778114798420462 0 1 0 2 0 1 3 2
-1.4801163782254814 0 1 0 2 0 2 0 1
0.014778114798420462 0 1 0 2 0 2 3 1
-0.002182119037220254 0 1 0 2 1 2 0 0
-0.007923090277020869 0 1 0 2 1 2 3 0
-0.0005375327828548947 0 1 0 2 1 2 3 3
0.002182119037220254 0 1 0 2 2 1 0 0
0.007923090277020869 0 1 0 2 2 1 3 0
0.0005375327828548947 0 1 0 2 2 1 3 3
-0.01199558471613757 0 1 0 2 3 1 0 2
-0.0022853283973514227 0 1 0 2 3 1 3 2
0.01199558471613757 0 1 0 2 3 2 0 1
0.0022853283973514227 0 1 0 2 3 2 3 1
0.0018855301837885706 0 1 1 0 0 1 1 0
0.0018855301837885706 0 1 1 0 0 2 2 0
2.57119604805006 0 1 2 0 0 1 2 0
-0.012551491745192244 0 1 2 0 0 1 2 3
-2.57119604805006 0 1 2 0 0 2 1 0
0.012551491745192244 0 1 2 0 0 2 1 3
0.0001782287246706226 0 1 2 0 1 1 2 1
-0.0001782287246706226 0 1 2 0 1 2 1 1
0.0001782287246706226 0 1 2 0 2 1 2 2
-0.0001782287246706226 0 1 2 0 2 2 1 2
-0.02405873087782047 0 1 2 0 3 1 2 0
-0.0032138675437911215 0 1 2 0 3 1 2 3
0.02405873087782047 0 1 2 0 3 2 1 0
0.0032138675437911215 0 1 2 0 3 2 1 3
-0.012551491745192244 0 1 2 3 0 1 2 0
-0.004874001796198236 0 1 2 3 0 1 2 3
0.012551491745192244 0 1 2 3 0 2 1 0
0.004874001796198236 0 1 2 3 0 2 1 3
0.006030947929022227 0 1 2 3 1 1 2 1
-0.006030947929022227 0 1 2 3 1 2 1 1
0.006030947929022227 0 1 2 3 2 1 2 2
-0.006030947929022227 0 1 2 3 2 2 1 2
-0.0045203432214537985 0 1 2 3 3 1 2 0
0.0045203432214537985 0 1 2 3 3 2 1 0
0.00015884385362848396 0 1 3 1 1 1 3 0
0.00015884385362848385 0 1 3 1 2 2 3 0
-0.014778114798420462 0 1 3 2 0 1 0 2
-0.004070079288303269 0 1 3 2 0 1 3 2
0.014778114798420462 0 1 3 2 0 2 0 1
0.004070079288303269 0 1 3 2 0 2 3 1
-0.007923090277020869 0 1 3 2 1 2 0 0
-0.0005375327828548948 0 1 3 2 1 2 0 3
0.7950900940685598 0 1 3 2 1 2 3 0
-0.0004022666813857465 0 1 3 2 1 2 3 3
0.007923090277020869 0 1 3 2 2 1 0 0
0.0005375327828548948 0 1 3 2 2 1 0 3
-0.7950900940685598 0 1 3 2 2 1 3 0
0.0004022666813857465 0 1 3 2 2 1 3 3
-0.002424367708679565 0 1 3 2 3 1 0 2
0.002424367708679565 0 1 3 2 3 2 0 1
-1.4801163782254814 0 2 0 1 0 1 0 2
0.014778114798420462 0 2 0 1 0 1 3 2
1.4801163782254814 0 2 0 1 0 2 0 1
-0.014778114798420462 0 2 0 1 0 2 3 1
0.002182119037220254 0 2 0 1 1 2 0 0
0.007923090277020869 0 2 0 1 1 2 3 0
0.0005375327828548947 0 2 0 1 1 2 3 3
-0.002182119037220254 0 2 0 1 2 1 0 0
-0.007923090277020869 0 2 0 1 2 1 3 0
-0.0005375327828548947 0 2 0 1 2 1 3 3
0.01199558471613757 0 2 0 1 3 1 0 2
0.0022853283973514227 0 2 0 1 3 1 3 2
-0.01199558471613757 0 2 0 1 3 2 0 1
-0.0022853283973514227 0 2 0 1 3 2 3 1
0.002072934690561747 0 2 0 2 0 1 0 1
0.002072934690561747 0 2 0 2 0 2 0 2
-2.57119604805006 0 2 1 0 0 1 2 0
0.012551491745192244 0 2 1 0 0 1 2 3
2.57119604805006 0 2 1 0 0 2 1 0
-0.012551491745192244 0 2 1 0 0 2 1 3
-0.0001782287246706226 0 2 1 0 1 1 2 1
0.0001782287246706226 0 2 1 0 1 2 1 1
-0.0001782287246706226 0 2 1 0 2 1 2 2
0.0001782287246706226 0 2 1 0 2 2 1 2
0.02405873087782047 0 2 1 0 3 1 2 0
0.0032138675437911215 0 2 1 0 3 1 2 3
-0.02405873087782047 0 2 1 0 3 2 1 0
-0.0032138675437911215 0 2 1 0 3 2 1 3
0.012551491745192244 0 2 1 3 0 1 2 0
0.004874001796198236 0 2 1 3 0 1 2 3
-0.012551491745192244 0 2 1 3 0 2 1 0
-0.004874001796198236 0 2 1 3 0 2 1 3
-0.006030947929022227 0 2 1 3 1 1 2 1
0.006030947929022227 0 2 1 3 1 2 1 1
-0.006030947929022227 0 2 1 3 2 1 2 2
0.006030947929022227 0 2 1 3 2 2 1 2
0.0045203432214537985 0 2 1 3 3 1 2 0
-0.0045203432214537985 0 2 1 3 3 2 1 0
0.0018855301837885697 0 2 2 0 0 1 1 0
0.0018855301837885706 0 2 2 0 0 2 2 0
0.014778114798420462 0 2 3 1 0 1 0 2
0.004070079288303269 0 2 3 1 0 1 3 2
-0.014778114798420462 0 2 3 1 0 2 0 1
-0.004070079288303269 0 2 3 1 0 2 3 1
0.007923090277020869 0 2 3 1 1 2 0 0
0.0005375327828548948 0 2 3 1 1 2 0 3
-0.7950900940685598 0 2 3 1 1 2 3 0
0.0004022666813857465 0 2 3 1 1 2 3 3
-0.007923090277020869 0 2 3 1 2 1 0 0
-0.0005375327828548948 0 2 3 1 2 1 0 3
0.7950900940685598 0 2 3 1 2 1 3 0
-0.0004022666813857465 0 2 3 1 2 1 3 3
0.002424367708679565 0 2 3 1 3 1 0 2
-0.002424367708679565 0 2 3 1 3 2 0 1
0.00015884385362848385 0 2 3 2 1 1 3 0
0.00015884385362848385 0 2 3 2 2 2 3 0
-179.40612019207208 0 3 0 0 0 0 0 0
-29.507371574208282 0 3 0 0 0 0 0 3
-40.09394320317097 0 3 0 0 0 0 3 0
0.8096874782936756 0 3 0 0 0 0 3 3
-45.23633529927107 0 3 0 0 0 3 0 0
0.83479046178406 0 3 0 0 0 3 0 3
1.2995821975873918 0 3 0 0 0 3 3 0
0.2127217043959861 0 3 0 0 0 3 3 3
-0.033353505661068254 0 3 0 0 1 0 3 1
-0.0337099631104095 0 3 0 0 1 3 0 1
-0.12557111270101062 0 3 0 0 1 3 3 1
-0.033353505661068254 0 3 0 0 2 0 3 2
-0.0337099631104095 0 3 0 0 2 3 0 2
-0.12557111270101062 0 3 0 0 2 3 3 2
-33.004641554844454 0 3 0 0 3 0 0 0
0.642893551821031 0 3 0 0 3 0 0 3
1.0806322585417123 0 3 0 0 3 0 3 0
0.15596151494752858 0 3 0 0 3 0 3 3
1.1287497202973533 0 3 0 0 3 3 0 0
0.1623892500351108 0 3 0 0 3 3 0 3
0.24052667601200664 0 3 0 0 3 3 3 0
-28.02518226129223 0 3 0 3 0 0 0 0
0.6319738014674863 0 3 0 3 0 0 0 3
0.8096874782936755 0 3 0 3 0 0 3 0
0.17821812654829178 0 3 0 3 0 0 3 3
0.8347904617840601 0 3 0 3 0 3 0 0
0.18796613014068825 0 3 0 3 0 3 0 3
0.21679178368428936 0 3 0 3 0 3 3 0
-0.06677747778077836 0 3 0 3 1 0 0 1
-0.29004960592799683 0 3 0 3 1 0 3 1
-0.30211150178604124 0 3 0 3 1 3 0 1
9.382847705399444 0 3 0 3 1 3 3 1
-0.06677747778077836 0 3 0 3 2 0 0 2
-0.29004960592799683 0 3 0 3 2 0 3 2
-0.30211150178604124 0 3 0 3 2 3 0 2
9.382847705399445 0 3 0 3 2 3 3 2
0.7659141035499073 0 3 0 3 3 0 0 0
0.15502080019297054 0 3 0 3 3 0 0 3
0.18710566660552777 0 3 0 3 3 0 3 0
0.19614635304843536 0 3 0 3 3 3 0 0
0.0001588438536284846 0 3 1 1 1 3 1 0
0.0001588438536284846 0 3 1 1 2 3 2 0
-0.014778114798420465 0 3 1 2 0 0 1 2
0.014778114798420465 0 3 1 2 0 0 2 1
-0.00407007928830327 0 3 1 2 0 3 1 2
0.00407007928830327 0 3 1 2 0 3 2 1
-0.00792309027702087 0 3 1 2 1 0 2 0
-0.0005375327828548946 0 3 1 2 1 0 2 3
0.7950900940685596 0 3 1 2 1 3 2 0
-0.0004022666813857465 0 3 1 2 1 3 2 3
0.00792309027702087 0 3 1 2 2 0 1 0
0.0005375327828548946 0 3 1 2 2 0 1 3
-0.7950900940685596 0 3 1 2 2 3 1 0
0.0004022666813857465 0 3 1 2 2 3 1 3
-0.0024243677086795644 0 3 1 2 3 0 1 2
0.0024243677086795644 0 3 1 2 3 0 2 1
0.014778114798420465 0 3 2 1 0 0 1 2
-0.014778114798420465 0 3 2 1 0 0 2 1
0.00407007928830327 0 3 2 1 0 3 1 2
-0.00407007928830327 0 3 2 1 0 3 2 1
0.00792309027702087 0 3 2 1 1 0 2 0
0.0005375327828548946 0 3 2 1 1 0 2 3
-0.7950900940685596 0 3 2 1 1 3 2 0
0.0004022666813857465 0 3 2 1 1 3 2 3
-0.00792309027702087 0 3 2 1 2 0 1 0
-0.0005375327828548946 0 3 2 1 2 0 1 3
0.7950900940685596 0 3 2 1 2 3 1 0
-0.0004022666813857465 0 3 2 1 2 3 1 3
0.0024243677086795644 0 3 2 1 3 0 1 2
-0.0024243677086795644 0 3 2 1 3 0 2 1
0.0001588438536284846 0 3 2 2 1 3 1 0
0.0001588438536284846 0 3 2 2 2 3 2 0
-37.52086162493714 0 3 3 0 0 0 0 0
0.8119141013469038 0 3 3 0 0 0 0 3
1.2995821975873916 0 3 3 0 0 0 3 0
0.2167917836842893 0 3 3 0 0 0 3 3
1.2995821975873918 0 3 3 0 0 3 0 0
0.21679178368428936 0 3 3 0 0 3 0 3
0.31151279047634806 0 3 3 0 0 3 3 0
-0.03263774415354274 0 3 3 0 1 0 0 1
-0.12516884601962489 0 3 3 0 1 0 3 1
-0.12516884601962486 0 3 3 0 1 3 0 1
0.5288453213659775 0 3 3 0 1 3 3 1
-0.03263774415354274 0 3 3 0 2 0 0 2
-0.12516884601962489 0 3 3 0 2 0 3 2
-0.12516884601962486 0 3 3 0 2 3 0 2
0.5288453213659775 0 3 3 0 2 3 3 2
1.0779570548358652 0 3 3 0 3 0 0 0
0.15836140523959216 0 3 3 0 3 0 0 3
0.24641596921622652 0 3 3 0 3 0 3 0
0.24641596921622658 0 3 3 0 3 3 0 0
0.7823578717500629 0 3 3 3 0 0 0 0
0.17334412475209354 0 3 3 3 0 0 0 3
0.21272170439598603 0 3 3 3 0 0 3 0
0.2127217043959861 0 3 3 3 0 3 0 0
-0.27609556772195376 0 3 3 3 1 0 0 1
8.587916455184514 0 3 3 3 1 0 3 1
8.587916455184518 0 3 3 3 1 3 0 1
42.29355187464409 0 3 3 3 1 3 3 1
-0.27609556772195376 0 3 3 3 2 0 0 2
8.587916455184514 0 3 3 3 2 0 3 2
8.587916455184518 0 3 3 3 2 3 0 2
42.29355187464409 0 3 3 3 2 3 3 2
0.18321130649124145 0 3 3 3 3 0 0 0
-0.04744033556457929 1 0 0 1 0 3 3 0
0.0018011248880257964 1 0 0 1 1 0 0 1
0.0018011248880257964 1 0 0 1 2 0 0 2
-0.06677747778077836 1 0 0 1 3 0 3 0
-0.06677747778077836 1 0 0 1 3 3 0 0
-0.27609556772195376 1 0 0 1 3 3 3 0
-0.03263774415354274 1 0 0 1 3 3 3 3
8.91217914225131 1 0 0 2 1 0 0 2
-0.13501613644501387 1 0 0 2 1 0 3 2
-0.13501613644501387 1 0 0 2 1 3 0 2
-0.029698636669008426 1 0 0 2 1 3 3 2
-8.91217914225131 1 0 0 2 2 0 0 1
0.13501613644501387 1 0 0 2 2 0 3 1
0.13501613644501387 1 0 0 2 2 3 0 1
0.029698636669008426 1 0 0 2 2 3 3 1
0.002153336025762541 1 0 1 0 1 0 1 0
0.002153336025762541 1 0 1 0 2 0 2 0
0.0005375327828548945 1 0 1 0 3 3 1 1
0.0005375327828548945 1 0 1 0 3 3 2 2
0.00036763858289280455 1 0 1 3 0 3 1 1
0.00036763858289280455 1 0 1 3 0 3 2 2
0.0021821190372202544 1 0 1 3 3 0 1 1
0.0021821190372202544 1 0 1 3 3 0 2 2
0.00792309027702087 1 0 1 3 3 3 1 1
0.00792309027702087 1 0 1 3 3 3 2 2
2.142200755508446 1 0 2 0 1 0 2 0
-0.008598817503302044 1 0 2 0 1 0 2 3
-0.02138352717197354 1 0 2 0 1 3 2 0
-0.0030503508158470512 1 0 2 0 1 3 2 3
-2.1422007555084455 1 0 2 0 2 0 1 0
0.008598817503302044 1 0 2 0 2 0 1 3
0.02138352717197354 1 0 2 0 2 3 1 0
0.0030503508158470512 1 0 2 0 2 3 1 3
-0.008598817503302044 1 0 2 3 1 0 2 0
-0.004624708799028014 1 0 2 3 1 0 2 3
-0.0031893901271751943 1 0 2 3 1 3 2 0
0.008598817503302044 1 0 2 3 2 0 1 0
0.004624708799028014 1 0 2 3 2 0 1 3
0.0031893901271751943 1 0 2 3 2 3 1 0
-0.05044359029188668 1 0 3 1 0 0 3 0
-0.04868651286227696 1 0 3 1 0 3 0 0
-0.2239635556059799 1 0 3 1 0 3 3 0
-0.012598245850118352 1 0 3 1 0 3 3 3
-0.06895959681799861 1 0 3 1 3 0 0 0
-0.30211150178604135 1 0 3 1 3 0 3 0
-0.0337099631104095 1 0 3 1 3 0 3 3
-0.2900496059279969 1 0 3 1 3 3 0 0
-0.033353505661068254 1 0 3 1 3 3 0 3
8.587916455184518 1 0 3 1 3 3 3 0
-0.12516884601962489 1 0 3 1 3 3 3 3
-0.13501613644501387 1 0 3 2 1 0 0 2
-0.03375710301332459 1 0 3 2 1 0 3 2
-0.03100511234667111 1 0 3 2 1 3 0 2
0.13501613644501387 1 0 3 2 2 0 0 1
0.03375710301332459 1 0 3 2 2 0 3 1
0.03100511234667111 1 0 3 2 2 3 0 1
0.002153336025762542 1 1 0 0 1 1 0 0
0.002153336025762542 1 1 0 0 2 2 0 0
0.0005375327828548948 1 1 0 0 3 1 3 1
0.0005375327828548948 1 1 0 0 3 2 3 2
0.00036763858289280455 1 1 0 3 0 1 3 1
0.00036763858289280455 1 1 0 3 0 2 3 2
0.002182119037220254 1 1 0 3 3 1 0 1
0.007923090277020869 1 1 0 3 3 1 3 1
0.002182119037220254 1 1 0 3 3 2 0 2
0.007923090277020869 1 1 0 3 3 2 3 2
0.0008785387148048604 1 1 2 1 0 1 2 0
-0.0008785387148048604 1 1 2 1 0 2 1 0
0.006030947929022228 1 1 2 1 3 1 2 0
0.0001782287246706226 1 1 2 1 3 1 2 3
-0.006030947929022228 1 1 2 1 3 2 1 0
-0.0001782287246706226 1 1 2 1 3 2 1 3
0.00144551498899082 1 1 2 2 1 1 2 2
-0.0013064756776626776 1 1 2 2 1 2 1 2
-0.00013903931132814228 1 1 2 2 1 2 2 1
-0.00013903931132814228 1 1 2 2 2 1 1 2
-0.0013064756776626776 1 1 2 2 2 1 2 1
0.00144551498899082 1 1 2 2 2 2 1 1
0.0012307190061226709 1 1 3 0 0 1 3 1
0.0012307190061226709 1 1 3 0 0 2 3 2
0.0005375327828548947 1 1 3 0 3 1 0 1
0.0004022666813857461 1 1 3 0 3 1 3 1
0.0005375327828548947 1 1 3 0 3 2 0 2
0.0004022666813857461 1 1 3 0 3 2 3 2
0.00036763858289280455 1 1 3 3 0 1 0 1
0.0024032005620167537 1 1 3 3 0 1 3 1
0.00036763858289280455 1 1 3 3 0 2 0 2
0.0024032005620167537 1 1 3 3 0 2 3 2
0.007923090277020869 1 1 3 3 3 1 0 1
-0.7950900940685598 1 1 3 3 3 1 3 1
0.007923090277020869 1 1 3 3 3 2 0 2
-0.7950900940685598 1 1 3 3 3 2 3 2
2.142200755508446 1 2 0 0 1 2 0 0
-0.008598817503302044 1 2 0 0 1 2 0 3
-0.02138352717197353 1 2 0 0 1 2 3 0
-0.0030503508158470517 1 2 0 0 1 2 3 3
-2.1422007555084455 1 2 0 0 2 1 0 0
0.008598817503302044 1 2 0 0 2 1 0 3
0.02138352717197353 1 2 0 0 2 1 3 0
0.0030503508158470517 1 2 0 0 2 1 3 3
-0.008598817503302042 1 2 0 3 1 2 0 0
-0.004624708799028014 1 2 0 3 1 2 0 3
-0.0031893901271751934 1 2 0 3 1 2 3 0
0.008598817503302042 1 2 0 3 2 1 0 0
0.004624708799028014 1 2 0 3 2 1 0 3
0.0031893901271751934 1 2 0 3 2 1 3 0
-0.0008785387148048605 1 2 1 1 0 1 2 0
0.0008785387148048605 1 2 1 1 0 2 1 0
-0.006030947929022228 1 2 1 1 3 1 2 0
-0.0001782287246706226 1 2 1 1 3 1 2 3
0.006030947929022228 1 2 1 1 3 2 1 0
0.0001782287246706226 1 2 1 1 3 2 1 3
-0.0013064756776626776 1 2 1 2 1 1 2 2
0.0014455149889908198 1 2 1 2 1 2 1 2
-0.00013903931132814228 1 2 1 2 1 2 2 1
-0.00013903931132814228 1 2 1 2 2 1 1 2
0.0014455149889908198 1 2 1 2 2 1 2 1
-0.0013064756776626776 1 2 1 2 2 2 1 1
-0.00013903931132814228 1 2 2 1 1 1 2 2
-0.00013903931132814228 1 2 2 1 1 2 1 2
0.00027807862265628457 1 2 2 1 1 2 2 1
0.00027807862265628457 1 2 2 1 2 1 1 2
-0.00013903931132814228 1 2 2 1 2 1 2 1
-0.00013903931132814228 1 2 2 1 2 2 1 1
-0.02138352717197353 1 2 3 0 1 2 0 0
-0.0031893901271751934 1 2 3 0 1 2 0 3
-0.005889293204219932 1 2 3 0 1 2 3 0
0.02138352717197353 1 2 3 0 2 1 0 0
0.0031893901271751934 1 2 3 0 2 1 0 3
0.005889293204219932 1 2 3 0 2 1 3 0
-0.0030503508158470517 1 2 3 3 1 2 0 0
0.0030503508158470517 1 2 3 3 2 1 0 0
-0.00015884385362848375 1 2 3 3 3 1 3 2
0.00015884385362848375 1 2 3 3 3 2 3 1
-0.04868651286227696 1 3 0 1 0 0 3 0
-0.050443590291886664 1 3 0 1 0 3 0 0
-0.2239635556059799 1 3 0 1 0 3 3 0
-0.012598245850118352 1 3 0 1 0 3 3 3
-0.06895959681799861 1 3 0 1 3 0 0 0
-0.2900496059279969 1 3 0 1 3 0 3 0
-0.033353505661068254 1 3 0 1 3 0 3 3
-0.3021115017860412 1 3 0 1 3 3 0 0
-0.0337099631104095 1 3 0 1 3 3 0 3
8.587916455184523 1 3 0 1 3 3 3 0
-0.12516884601962489 1 3 0 1 3 3 3 3
-0.1350161364450139 1 3 0 2 1 0 0 2
-0.03100511234667111 1 3 0 2 1 0 3 2
-0.03375710301332459 1 3 0 2 1 3 0 2
0.1350161364450139 1 3 0 2 2 0 0 1
0.03100511234667111 1 3 0 2 2 0 3 1
0.03375710301332459 1 3 0 2 2 3 0 1
0.0012307190061226704 1 3 1 0 0 3 1 1
0.0012307190061226704 1 3 1 0 0 3 2 2
0.0005375327828548949 1 3 1 0 3 0 1 1
0.0005375327828548949 1 3 1 0 3 0 2 2
0.0004022666813857461 1 3 1 0 3 3 1 1
0.0004022666813857461 1 3 1 0 3 3 2 2
0.00036763858289280455 1 3 1 3 0 0 1 1
0.00036763858289280455 1 3 1 3 0 0 2 2
0.002403200562016752 1 3 1 3 0 3 1 1
0.002403200562016752 1 3 1 3 0 3 2 2
0.00792309027702087 1 3 1 3 3 0 1 1
0.00792309027702087 1 3 1 3 3 0 2 2
-0.7950900940685596 1 3 1 3 3 3 1 1
-0.7950900940685596 1 3 1 3 3 3 2 2
-0.02138352717197354 1 3 2 0 1 0 2 0
-0.003189390127175194 1 3 2 0 1 0 2 3
-0.005889293204219935 1 3 2 0 1 3 2 0
0.02138352717197354 1 3 2 0 2 0 1 0
0.003189390127175194 1 3 2 0 2 0 1 3
0.005889293204219935 1 3 2 0 2 3 1 0
-0.0030503508158470512 1 3 2 3 1 0 2 0
0.0030503508158470512 1 3 2 3 2 0 1 0
-0.00015884385362848418 1 3 2 3 3 3 1 2
0.00015884385362848418 1 3 2 3 3 3 2 1
-0.04817561273036491 1 3 3 1 0 0 0 0
-0.2263667561679967 1 3 3 1 0 0 3 0
-0.013828964856241023 1 3 3 1 0 0 3 3
-0.22636675616799667 1 3 3 1 0 3 0 0
-0.013828964856241022 1 3 3 1 0 3 0 3
5.097359858533765 1 3 3 1 0 3 3 0
-0.046043682973029264 1 3 3 1 0 3 3 3
-0.2919417482759955 1 3 3 1 3 0 0 0
-0.03371280971925253 1 3 3 1 3 0 0 3
9.382847705399444 1 3 3 1 3 0 3 0
-0.12557111270101062 1 3 3 1 3 0 3 3
9.382847705399444 1 3 3 1 3 3 0 0
-0.12557111270101062 1 3 3 1 3 3 0 3
42.293551874644116 1 3 3 1 3 3 3 0
0.5288453213659773 1 3 3 1 3 3 3 3
-0.029698636669008426 1 3 3 2 1 0 0 2
0.029698636669008426 1 3 3 2 2 0 0 1
-8.91217914225131 2 0 0 1 1 0 0 2
0.13501613644501387 2 0 0 1 1 0 3 2
0.13501613644501387 2 0 0 1 1 3 0 2
0.029698636669008426 2 0 0 1 1 3 3 2
8.91217914225131 2 0 0 1 2 0 0 1
-0.13501613644501387 2 0 0 1 2 0 3 1
-0.13501613644501387 2 0 0 1 2 3 0 1
-0.029698636669008426 2 0 0 1 2 3 3 1
-0.04744033556457929 2 0 0 2 0 3 3 0
0.0018011248880257964 2 0 0 2 1 0 0 1
0.0018011248880257964 2 0 0 2 2 0 0 2
-0.06677747778077836 2 0 0 2 3 0 3 0
-0.06677747778077836 2 0 0 2 3 3 0 0
-0.27609556772195376 2 0 0 2 3 3 3 0
-0.03263774415354274 2 0 0 2 3 3 3 3
-2.1422007555084455 2 0 1 0 1 0 2 0
0.008598817503302044 2 0 1 0 1 0 2 3
0.02138352717197354 2 0 1 0 1 3 2 0
0.0030503508158470512 2 0 1 0 1 3 2 3
2.1422007555084455 2 0 1 0 2 0 1 0
-0.008598817503302044 2 0 1 0 2 0 1 3
-0.02138352717197354 2 0 1 0 2 3 1 0
-0.0030503508158470512 2 0 1 0 2 3 1 3
0.008598817503302044 2 0 1 3 1 0 2 0
0.004624708799028014 2 0 1 3 1 0 2 3
0.0031893901271751943 2 0 1 3 1 3 2 0
-0.008598817503302044 2 0 1 3 2 0 1 0
-0.004624708799028014 2 0 1 3 2 0 1 3
-0.0031893901271751943 2 0 1 3 2 3 1 0
0.002153336025762541 2 0 2 0 1 0 1 0
0.002153336025762541 2 0 2 0 2 0 2 0
0.0005375327828548945 2 0 2 0 3 3 1 1
0.0005375327828548945 2 0 2 0 3 3 2 2
0.00036763858289280455 2 0 2 3 0 3 1 1
0.00036763858289280455 2 0 2 3 0 3 2 2
0.0021821190372202544 2 0 2 3 3 0 1 1
0.0021821190372202544 2 0 2 3 3 0 2 2
0.00792309027702087 2 0 2 3 3 3 1 1
0.00792309027702087 2 0 2 3 3 3 2 2
0.13501613644501387 2 0 3 1 1 0 0 2
0.03375710301332459 2 0 3 1 1 0 3 2
0.03100511234667111 2 0 3 1 1 3 0 2
-0.13501613644501387 2 0 3 1 2 0 0 1
-0.03375710301332459 2 0 3 1 2 0 3 1
-0.03100511234667111 2 0 3 1 2 3 0 1
-0.05044359029188668 2 0 3 2 0 0 3 0
-0.04868651286227696 2 0 3 2 0 3 0 0
-0.2239635556059799 2 0 3 2 0 3 3 0
-0.012598245850118352 2 0 3 2 0 3 3 3
-0.06895959681799861 2 0 3 2 3 0 0 0
-0.30211150178604135 2 0 3 2 3 0 3 0
-0.0337099631104095 2 0 3 2 3 0 3 3
-0.2900496059279969 2 0 3 2 3 3 0 0
-0.033353505661068254 2 0 3 2 3 3 0 3
8.587916455184518 2 0 3 2 3 3 3 0
-0.12516884601962489 2 0 3 2 3 3 3 3
-2.1422007555084455 2 1 0 0 1 2 0 0
0.008598817503302044 2 1 0 0 1 2 0 3
0.02138352717197353 2 1 0 0 1 2 3 0
0.0030503508158470517 2 1 0 0 1 2 3 3
2.1422007555084455 2 1 0 0 2 1 0 0
-0.008598817503302044 2 1 0 0 2 1 0 3
-0.02138352717197353 2 1 0 0 2 1 3 0
-0.0030503508158470517 2 1 0 0 2 1 3 3
0.008598817503302042 2 1 0 3 1 2 0 0
0.004624708799028014 2 1 0 3 1 2 0 3
0.0031893901271751934 2 1 0 3 1 2 3 0
-0.008598817503302042 2 1 0 3 2 1 0 0
-0.004624708799028014 2 1 0 3 2 1 0 3
-0.0031893901271751934 2 1 0 3 2 1 3 0
-0.00013903931132814228 2 1 1 2 1 1 2 2
-0.00013903931132814228 2 1 1 2 1 2 1 2
0.00027807862265628457 2 1 1 2 1 2 2 1
0.00027807862265628457 2 1 1 2 2 1 1 2
-0.00013903931132814228 2 1 1 2 2 1 2 1
-0.00013903931132814228 2 1 1 2 2 2 1 1
-0.0013064756776626776 2 1 2 1 1 1 2 2
0.0014455149889908198 2 1 2 1 1 2 1 2
-0.00013903931132814228 2 1 2 1 1 2 2 1
-0.00013903931132814228 2 1 2 1 2 1 1 2
0.0014455149889908198 2 1 2 1 2 1 2 1
-0.0013064756776626776 2 1 2 1 2 2 1 1
0.0008785387148048605 2 1 2 2 0 1 2 0
-0.0008785387148048605 2 1 2 2 0 2 1 0
0.006030947929022228 2 1 2 2 3 1 2 0
0.0001782287246706226 2 1 2 2 3 1 2 3
-0.006030947929022228 2 1 2 2 3 2 1 0
-0.0001782287246706226 2 1 2 2 3 2 1 3
0.02138352717197353 2 1 3 0 1 2 0 0
0.0031893901271751934 2 1 3 0 1 2 0 3
0.005889293204219932 2 1 3 0 1 2 3 0
-0.02138352717197353 2 1 3 0 2 1 0 0
-0.0031893901271751934 2 1 3 0 2 1 0 3
-0.005889293204219932 2 1 3 0 2 1 3 0
0.0030503508158470517 2 1 3 3 1 2 0 0
-0.0030503508158470517 2 1 3 3 2 1 0 0
0.00015884385362848375 2 1 3 3 3 1 3 2
-0.00015884385362848375 2 1 3 3 3 2 3 1
0.002153336025762542 2 2 0 0 1 1 0 0
0.002153336025762542 2 2 0 0 2 2 0 0
0.0005375327828548948 2 2 0 0 3 1 3 1
0.0005375327828548948 2 2 0 0 3 2 3 2
0.00036763858289280455 2 2 0 3 0 1 3 1
0.00036763858289280455 2 2 0 3 0 2 3 2
0.002182119037220254 2 2 0 3 3 1 0 1
0.007923090277020869 2 2 0 3 3 1 3 1
0.002182119037220254 2 2 0 3 3 2 0 2
0.007923090277020869 2 2 0 3 3 2 3 2
0.00144551498899082 2 2 1 1 1 1 2 2
-0.0013064756776626776 2 2 1 1 1 2 1 2
-0.0001390393113281423 2 2 1 1 1 2 2 1
-0.0001390393113281423 2 2 1 1 2 1 1 2
-0.0013064756776626776 2 2 1 1 2 1 2 1
0.00144551498899082 2 2 1 1 2 2 1 1
-0.0008785387148048604 2 2 1 2 0 1 2 0
0.0008785387148048604 2 2 1 2 0 2 1 0
-0.006030947929022228 2 2 1 2 3 1 2 0
-0.0001782287246706226 2 2 1 2 3 1 2 3
0.006030947929022228 2 2 1 2 3 2 1 0
0.0001782287246706226 2 2 1 2 3 2 1 3
0.0012307190061226709 2 2 3 0 0 1 3 1
0.0012307190061226709 2 2 3 0 0 2 3 2
0.0005375327828548947 2 2 3 0 3 1 0 1
0.0004022666813857461 2 2 3 0 3 1 3 1
0.0005375327828548947 2 2 3 0 3 2 0 2
0.0004022666813857461 2 2 3 0 3 2 3 2
0.00036763858289280455 2 2 3 3 0 1 0 1
0.0024032005620167537 2 2 3 3 0 1 3 1
0.00036763858289280455 2 2 3 3 0 2 0 2
0.0024032005620167537 2 2 3 3 0 2 3 2
0.007923090277020869 2 2 3 3 3 1 0 1
-0.7950900940685598 2 2 3 3 3 1 3 1
0.007923090277020869 2 2 3 3 3 2 0 2
-0.7950900940685598 2 2 3 3 3 2 3 2
0.1350161364450139 2 3 0 1 1 0 0 2
0.03100511234667111 2 3 0 1 1 0 3 2
0.03375710301332459 2 3 0 1 1 3 0 2
-0.1350161364450139 2 3 0 1 2 0 0 1
-0.03100511234667111 2 3 0 1 2 0 3 1
-0.03375710301332459 2 3 0 1 2 3 0 1
-0.04868651286227696 2 3 0 2 0 0 3 0
-0.050443590291886664 2 3 0 2 0 3 0 0
-0.2239635556059799 2 3 0 2 0 3 3 0
-0.012598245850118352 2 3 0 2 0 3 3 3
-0.06895959681799861 2 3 0 2 3 0 0 0
-0.2900496059279969 2 3 0 2 3 0 3 0
-0.033353505661068254 2 3 0 2 3 0 3 3
-0.3021115017860412 2 3 0 2 3 3 0 0
-0.0337099631104095 2 3 0 2 3 3 0 3
8.587916455184523 2 3 0 2 3 3 3 0
-0.12516884601962489 2 3 0 2 3 3 3 3
0.02138352717197354 2 3 1 0 1 0 2 0
0.003189390127175194 2 3 1 0 1 0 2 3
0.005889293204219935 2 3 1 0 1 3 2 0
-0.02138352717197354 2 3 1 0 2 0 1 0
-0.003189390127175194 2 3 1 0 2 0 1 3
-0.005889293204219935 2 3 1 0 2 3 1 0
0.0030503508158470512 2 3 1 3 1 0 2 0
-0.0030503508158470512 2 3 1 3 2 0 1 0
0.0001588438536284843 2 3 1 3 3 3 1 2
-0.0001588438536284844 2 3 1 3 3 3 2 1
0.0012307190061226704 2 3 2 0 0 3 1 1
0.0012307190061226704 2 3 2 0 0 3 2 2
0.0005375327828548949 2 3 2 0 3 0 1 1
0.0005375327828548949 2 3 2 0 3 0 2 2
0.0004022666813857461 2 3 2 0 3 3 1 1
0.0004022666813857461 2 3 2 0 3 3 2 2
0.00036763858289280455 2 3 2 3 0 0 1 1
0.00036763858289280455 2 3 2 3 0 0 2 2
0.002403200562016752 2 3 2 3 0 3 1 1
0.002403200562016752 2 3 2 3 0 3 2 2
0.00792309027702087 2 3 2 3 3 0 1 1
0.00792309027702087 2 3 2 3 3 0 2 2
-0.7950900940685596 2 3 2 3 3 3 1 1
-0.7950900940685596 2 3 2 3 3 3 2 2
0.029698636669008426 2 3 3 1 1 0 0 2
-0.029698636669008426 2 3 3 1 2 0 0 1
-0.04817561273036491 2 3 3 2 0 0 0 0
-0.2263667561679967 2 3 3 2 0 0 3 0
-0.013828964856241023 2 3 3 2 0 0 3 3
-0.22636675616799667 2 3 3 2 0 3 0 0
-0.013828964856241022 2 3 3 2 0 3 0 3
5.097359858533764 2 3 3 2 0 3 3 0
-0.046043682973029264 2 3 3 2 0 3 3 3
-0.2919417482759955 2 3 3 2 3 0 0 0
-0.03371280971925253 2 3 3 2 3 0 0 3
9.382847705399445 2 3 3 2 3 0 3 0
-0.12557111270101062 2 3 3 2 3 0 3 3
9.382847705399444 2 3 3 2 3 3 0 0
-0.12557111270101062 2 3 3 2 3 3 0 3
42.293551874644116 2 3 3 2 3 3 3 0
0.5288453213659773 2 3 3 2 3 3 3 3
-168.42381828910726 3 0 0 0 0 0 0 0
-30.627152593550626 3 0 0 0 0 0 0 3
-33.004641554844454 3 0 0 0 0 0 3 0
0.7659141035499071 3 0 0 0 0 0 3 3
-33.004641554844454 3 0 0 0 0 3 0 0
0.7659141035499073 3 0 0 0 0 3 0 3
1.0779570548358652 3 0 0 0 0 3 3 0
0.18321130649124145 3 0 0 0 0 3 3 3
-33.51487394343814 3 0 0 0 3 0 0 0
0.6601732562272709 3 0 0 0 3 0 0 3
0.9952398870470449 3 0 0 0 3 0 3 0
0.15356329928355578 3 0 0 0 3 0 3 3
0.9952398870470451 3 0 0 0 3 3 0 0
0.15356329928355578 3 0 0 0 3 3 0 3
0.20555836794601906 3 0 0 0 3 3 3 0
-21.71317232641128 3 0 0 3 0 0 0 0
0.5800844506799693 3 0 0 3 0 0 0 3
0.6428935518210308 3 0 0 3 0 0 3 0
0.15502080019297051 3 0 0 3 0 0 3 3
0.642893551821031 3 0 0 3 0 3 0 0
0.15502080019297054 3 0 0 3 0 3 0 3
0.15836140523959216 3 0 0 3 0 3 3 0
-0.0481756127303649 3 0 0 3 1 3 3 1
-0.0481756127303649 3 0 0 3 2 3 3 2
0.6601732562272706 3 0 0 3 3 0 0 0
0.1580603971827048 3 0 0 3 3 0 0 3
0.15702122003597224 3 0 0 3 3 0 3 0
0.15702122003597224 3 0 0 3 3 3 0 0
-0.01199558471613757 3 0 1 2 0 0 1 2
0.01199558471613757 3 0 1 2 0 0 2 1
-0.002424367708679565 3 0 1 2 0 3 1 2
0.002424367708679565 3 0 1 2 0 3 2 1
-0.00036763858289280455 3 0 1 2 1 3 2 0
0.00036763858289280455 3 0 1 2 2 3 1 0
-0.0034579207524164423 3 0 1 2 3 0 1 2
0.0034579207524164423 3 0 1 2 3 0 2 1
0.01199558471613757 3 0 2 1 0 0 1 2
-0.01199558471613757 3 0 2 1 0 0 2 1
0.002424367708679565 3 0 2 1 0 3 1 2
-0.002424367708679565 3 0 2 1 0 3 2 1
0.00036763858289280455 3 0 2 1 1 3 2 0
-0.00036763858289280455 3 0 2 1 2 3 1 0
0.0034579207524164423 3 0 2 1 3 0 1 2
-0.0034579207524164423 3 0 2 1 3 0 2 1
-30.860287463310264 3 0 3 0 0 0 0 0
0.7693108707627426 3 0 3 0 0 0 0 3
1.1287497202973527 3 0 3 0 0 0 3 0
0.19614635304843528 3 0 3 0 0 0 3 3
1.0806322585417125 3 0 3 0 0 3 0 0
0.18710566660552777 3 0 3 0 0 3 0 3
0.24641596921622652 3 0 3 0 0 3 3 0
-0.013828964856241025 3 0 3 0 1 3 3 1
-0.013828964856241025 3 0 3 0 2 3 3 2
0.9952398870470449 3 0 3 0 3 0 0 0
0.15702122003597224 3 0 3 0 3 0 0 3
0.22132642536069008 3 0 3 0 3 0 3 0
0.21081438708424277 3 0 3 0 3 3 0 0
0.6222991496015914 3 0 3 3 0 0 0 0
0.15039609139394253 3 0 3 3 0 0 0 3
0.16238925003511073 3 0 3 3 0 0 3 0
0.15596151494752858 3 0 3 3 0 3 0 0
-0.050443590291886685 3 0 3 3 1 0 3 1
-0.04868651286227696 3 0 3 3 1 3 0 1
-0.2263667561679967 3 0 3 3 1 3 3 1
-0.050443590291886685 3 0 3 3 2 0 3 2
-0.04868651286227696 3 0 3 3 2 3 0 2
-0.2263667561679967 3 0 3 3 2 3 3 2
0.15356329928355578 3 0 3 3 3 0 0 0
-0.011995584716137573 3 1 0 2 0 1 0 2
-0.002424367708679565 3 1 0 2 0 1 3 2
0.011995584716137573 3 1 0 2 0 2 0 1
0.002424367708679565 3 1 0 2 0 2 3 1
-0.00036763858289280455 3 1 0 2 1 2 3 0
0.00036763858289280455 3 1 0 2 2 1 3 0
-0.003457920752416443 3 1 0 2 3 1 0 2
0.003457920752416443 3 1 0 2 3 2 0 1
-0.024058730877820476 3 1 2 0 0 1 2 0
-0.004520343221453798 3 1 2 0 0 1 2 3
0.024058730877820476 3 1 2 0 0 2 1 0
0.004520343221453798 3 1 2 0 0 2 1 3
-0.00525601913822369 3 1 2 0 3 1 2 0
0.00525601913822369 3 1 2 0 3 2 1 0
-0.0032138675437911215 3 1 2 3 0 1 2 0
0.0032138675437911215 3 1 2 3 0 2 1 0
0.0008785387148048606 3 1 2 3 1 1 2 1
-0.0008785387148048606 3 1 2 3 1 2 1 1
0.0008785387148048606 3 1 2 3 2 1 2 2
-0.0008785387148048606 3 1 2 3 2 2 1 2
-0.0022853283973514223 3 1 3 2 0 1 0 2
0.0022853283973514223 3 1 3 2 0 2 0 1
-0.00036763858289280455 3 1 3 2 1 2 0 0
-0.0024032005620167546 3 1 3 2 1 2 3 0
-0.0012307190061226706 3 1 3 2 1 2 3 3
0.00036763858289280455 3 1 3 2 2 1 0 0
0.0024032005620167546 3 1 3 2 2 1 3 0
0.0012307190061226706 3 1 3 2 2 1 3 3
0.011995584716137573 3 2 0 1 0 1 0 2
0.002424367708679565 3 2 0 1 0 1 3 2
-0.011995584716137573 3 2 0 1 0 2 0 1
-0.002424367708679565 3 2 0 1 0 2 3 1
0.00036763858289280455 3 2 0 1 1 2 3 0
-0.00036763858289280455 3 2 0 1 2 1 3 0
0.003457920752416443 3 2 0 1 3 1 0 2
-0.003457920752416443 3 2 0 1 3 2 0 1
0.024058730877820476 3 2 1 0 0 1 2 0
0.004520343221453798 3 2 1 0 0 1 2 3
-0.024058730877820476 3 2 1 0 0 2 1 0
-0.004520343221453798 3 2 1 0 0 2 1 3
0.00525601913822369 3 2 1 0 3 1 2 0
-0.00525601913822369 3 2 1 0 3 2 1 0
0.0032138675437911215 3 2 1 3 0 1 2 0
-0.0032138675437911215 3 2 1 3 0 2 1 0
-0.0008785387148048606 3 2 1 3 1 1 2 1
0.0008785387148048606 3 2 1 3 1 2 1 1
-0.0008785387148048606 3 2 1 3 2 1 2 2
0.0008785387148048606 3 2 1 3 2 2 1 2
0.0022853283973514223 3 2 3 1 0 1 0 2
-0.0022853283973514223 3 2 3 1 0 2 0 1
0.00036763858289280455 3 2 3 1 1 2 0 0
0.0024032005620167546 3 2 3 1 1 2 3 0
0.0012307190061226706 3 2 3 1 1 2 3 3
-0.00036763858289280455 3 2 3 1 2 1 0 0
-0.0024032005620167546 3 2 3 1 2 1 3 0
-0.0012307190061226706 3 2 3 1 2 1 3 3
-30.860287463310257 3 3 0 0 0 0 0 0
0.769310870762743 3 3 0 0 0 0 0 3
1.0806322585417123 3 3 0 0 0 0 3 0
0.18710566660552777 3 3 0 0 0 0 3 3
1.1287497202973533 3 3 0 0 0 3 0 0
0.19614635304843536 3 3 0 0 0 3 0 3
0.24641596921622658 3 3 0 0 0 3 3 0
-0.013828964856241023 3 3 0 0 1 3 3 1
-0.013828964856241023 3 3 0 0 2 3 3 2
0.995239887047045 3 3 0 0 3 0 0 0
0.15702122003597224 3 3 0 0 3 0 0 3
0.21081438708424277 3 3 0 0 3 0 3 0
0.22132642536069014 3 3 0 0 3 3 0 0
0.6222991496015915 3 3 0 3 0 0 0 0
0.15039609139394255 3 3 0 3 0 0 0 3
0.15596151494752855 3 3 0 3 0 0 3 0
0.16238925003511076 3 3 0 3 0 3 0 0
-0.04868651286227696 3 3 0 3 1 0 3 1
-0.050443590291886664 3 3 0 3 1 3 0 1
-0.22636675616799667 3 3 0 3 1 3 3 1
-0.04868651286227696 3 3 0 3 2 0 3 2
-0.050443590291886664 3 3 0 3 2 3 0 2
-0.22636675616799667 3 3 0 3 2 3 3 2
0.15356329928355578 3 3 0 3 3 0 0 0
-0.0022853283973514227 3 3 1 2 0 0 1 2
0.0022853283973514227 3 3 1 2 0 0 2 1
-0.00036763858289280455 3 3 1 2 1 0 2 0
-0.002403200562016753 3 3 1 2 1 3 2 0
-0.0012307190061226706 3 3 1 2 1 3 2 3
0.00036763858289280455 3 3 1 2 2 0 1 0
0.002403200562016753 3 3 1 2 2 3 1 0
0.0012307190061226706 3 3 1 2 2 3 1 3
0.0022853283973514227 3 3 2 1 0 0 1 2
-0.0022853283973514227 3 3 2 1 0 0 2 1
0.00036763858289280455 3 3 2 1 1 0 2 0
0.002403200562016753 3 3 2 1 1 3 2 0
0.0012307190061226706 3 3 2 1 1 3 2 3
-0.00036763858289280455 3 3 2 1 2 0 1 0
-0.002403200562016753 3 3 2 1 2 3 1 0
-0.0012307190061226706 3 3 2 1 2 3 1 3
1.0351900004919183 3 3 3 0 0 0 0 0
0.18168126165425022 3 3 3 0 0 0 0 3
0.2405266760120066 3 3 3 0 0 0 3 0
0.24052667601200667 3 3 3 0 0 3 0 0
-0.012598245850118352 3 3 3 0 1 0 3 1
-0.012598245850118355 3 3 3 0 1 3 0 1
-0.04604368297302924 3 3 3 0 1 3 3 1
-0.012598245850118352 3 3 3 0 2 0 3 2
-0.012598245850118355 3 3 3 0 2 3 0 2
-0.04604368297302924 3 3 3 0 2 3 3 2
0.20555836794601906 3 3 3 0 3 0 0 0
0.14741196819053895 3 3 3 3 0 0 0 0
-0.0474403355645793 3 3 3 3 1 0 0 1
-0.2239635556059799 3 3 3 3 1 0 3 1
-0.22396355560597994 3 3 3 3 1 3 0 1
5.097359858533765 3 3 3 3 1 3 3 1
-0.0474403355645793 3 3 3 3 2 0 0 2
-0.2239635556059799 3 3 3 3 2 0 3 2
-0.22396355560597994 3 3 3 3 2 3 0 2
5.097359858533765 3 3 3 3 2 3 3 2
