-865226.1355667093 0 0 0 0 0 0 0 0
12175.319620047425 0 0 0 0 0 0 0 3
25317.402131940602 0 0 0 0 0 0 3 0
3833.2452909676094 0 0 0 0 0 0 3 3
25317.402131940566 0 0 0 0 0 3 0 0
3833.24529096761 0 0 0 0 0 3 0 3
5048.39848672456 0 0 0 0 0 3 3 0
-215.71565214445627 0 0 0 0 0 3 3 3
-0.1326448075265345 0 0 0 0 1 0 0 1
-0.5282437941636565 0 0 0 0 1 0 3 1
-0.5282437941636565 0 0 0 0 1 3 0 1
8.656105962601751 0 0 0 0 1 3 3 1
-0.1326448075265345 0 0 0 0 2 0 0 2
-0.5282437941636565 0 0 0 0 2 0 3 2
-0.5282437941636565 0 0 0 0 2 3 0 2
8.656105962601751 0 0 0 0 2 3 3 2
23794.25403118026 0 0 0 0 3 0 0 0
2960.8803943862567 0 0 0 0 3 0 0 3
4119.648230735055 0 0 0 0 3 0 3 0
-171.2940710680301 0 0 0 0 3 0 3 3
4119.648230735055 0 0 0 0 3 3 0 0
-171.29407106802992 0 0 0 0 3 3 0 3
-284.75546084342085 0 0 0 0 3 3 3 0
-37.85067047728162 0 0 0 0 3 3 3 3
12175.319620047423 0 0 0 3 0 0 0 0
4614.695530678943 0 0 0 3 0 0 0 3
4046.11738189143 0 0 0 3 0 0 3 0
-175.06735604079768 0 0 0 3 0 0 3 3
4046.11738189143 0 0 0 3 0 3 0 0
-175.06735604079756 0 0 0 3 0 3 0 3
-224.15410719092034 0 0 0 3 0 3 3 0
-45.70230970132486 0 0 0 3 0 3 3 3
-0.9868256249417119 0 0 0 3 1 0 0 1
17.78161371356795 0 0 0 3 1 0 3 1
17.78161371356795 0 0 0 3 1 3 0 1
80.91854096265445 0 0 0 3 1 3 3 1
-0.9868256249417119 0 0 0 3 2 0 0 2
17.78161371356795 0 0 0 3 2 0 3 2
17.78161371356795 0 0 0 3 2 3 0 2
80.91854096265445 0 0 0 3 2 3 3 2
4221.4439317864435 0 0 0 3 3 0 0 0
-160.96996381141898 0 0 0 3 3 0 0 3
-212.65025543371368 0 0 0 3 3 0 3 0
-39.61594058932122 0 0 0 3 3 0 3 3
-212.6502554337136 0 0 0 3 3 3 0 0
-39.61594058932121 0 0 0 3 3 3 0 3
-46.93738352616117 0 0 0 3 3 3 3 0
1.7434703098522777 0 0 0 3 3 3 3 3
-0.5907798872560318 0 0 1 1 0 0 1 1
-0.5907798872560319 0 0 1 1 0 0 2 2
0.0066161276000045125 0 0 1 1 0 3 1 1
0.0066161276000045125 0 0 1 1 0 3 2 2
0.00019597861488338127 0 0 1 1 1 0 1 0
0.0009133122810897278 0 0 1 1 1 3 1 0
0.00047667024744096626 0 0 1 1 1 3 1 3
0.0001959786148833817 0 0 1 1 2 0 2 0
0.0009133122810897278 0 0 1 1 2 3 2 0
0.0004766702474409665 0 0 1 1 2 3 2 3
0.0060490703641499 0 0 1 1 3 0 1 1
0.006049070364149898 0 0 1 1 3 0 2 2
0.0012198886612508556 0 0 1 1 3 3 1 1
0.0012198886612508552 0 0 1 1 3 3 2 2
-212.28131103656474 0 0 1 2 0 0 1 2
212.28131103656474 0 0 1 2 0 0 2 1
4.21261139563216 0 0 1 2 0 3 1 2
-4.212611395632159 0 0 1 2 0 3 2 1
0.6046673260496815 0 0 1 2 1 0 2 0
-0.003394915975015576 0 0 1 2 1 0 2 3
2.2722167496727694 0 0 1 2 1 3 2 0
0.15338072240495546 0 0 1 2 1 3 2 3
-0.6046673260496815 0 0 1 2 2 0 1 0
0.003394915975015576 0 0 1 2 2 0 1 3
-2.272216749672769 0 0 1 2 2 3 1 0
-0.15338072240495543 0 0 1 2 2 3 1 3
3.415996325158492 0 0 1 2 3 0 1 2
-3.415996325158492 0 0 1 2 3 0 2 1
0.6169763593878558 0 0 1 2 3 3 1 2
-0.6169763593878558 0 0 1 2 3 3 2 1
212.28131103656474 0 0 2 1 0 0 1 2
-212.28131103656474 0 0 2 1 0 0 2 1
-4.212611395632159 0 0 2 1 0 3 1 2
4.212611395632159 0 0 2 1 0 3 2 1
-0.6046673260496815 0 0 2 1 1 0 2 0
0.003394915975015576 0 0 2 1 1 0 2 3
-2.2722167496727694 0 0 2 1 1 3 2 0
-0.15338072240495546 0 0 2 1 1 3 2 3
0.6046673260496815 0 0 2 1 2 0 1 0
-0.003394915975015576 0 0 2 1 2 0 1 3
2.2722167496727694 0 0 2 1 2 3 1 0
0.15338072240495543 0 0 2 1 2 3 1 3
-3.415996325158492 0 0 2 1 3 0 1 2
3.415996325158492 0 0 2 1 3 0 2 1
-0.6169763593878558 0 0 2 1 3 3 1 2
0.6169763593878558 0 0 2 1 3 3 2 1
-0.5907798872560319 0 0 2 2 0 0 1 1
-0.5907798872560318 0 0 2 2 0 0 2 2
0.0066161276000045125 0 0 2 2 0 3 1 1
0.0066161276000045125 0 0 2 2 0 3 2 2
0.00019597861488338127 0 0 2 2 1 0 1 0
0.0009133122810897278 0 0 2 2 1 3 1 0
0.0004766702474409665 0 0 2 2 1 3 1 3
0.00019597861488338127 0 0 2 2 2 0 2 0
0.0009133122810897278 0 0 2 2 2 3 2 0
0.0004766702474409665 0 0 2 2 2 3 2 3
0.0060490703641499 0 0 2 2 3 0 1 1
0.0060490703641499 0 0 2 2 3 0 2 2
0.0012198886612508556 0 0 2 2 3 3 1 1
0.001219888661250856 0 0 2 2 3 3 2 2
25317.40213194061 0 0 3 0 0 0 0 0
4046.1173818914303 0 0 3 0 0 0 0 3
6155.77885008424 0 0 3 0 0 0 3 0
-230.65731081373053 0 0 3 0 0 0 3 3
5417.885914292285 0 0 3 0 0 3 0 0
-223.5108372012833 0 0 3 0 0 3 0 3
-359.14838318254954 0 0 3 0 0 3 3 0
-55.32670917470168 0 0 3 0 0 3 3 3
-0.5248488781886409 0 0 3 0 1 0 0 1
8.630576653801663 0 0 3 0 1 0 3 1
8.545689389915584 0 0 3 0 1 3 0 1
34.4875838040724 0 0 3 0 1 3 3 1
-0.5248488781886409 0 0 3 0 2 0 0 2
8.630576653801663 0 0 3 0 2 0 3 2
8.545689389915585 0 0 3 0 2 3 0 2
34.48758380407239 0 0 3 0 2 3 3 2
4427.535068503807 0 0 3 0 3 0 0 0
-177.16110275312474 0 0 3 0 3 0 0 3
-311.5044532457069 0 0 3 0 3 0 3 0
-41.97944821932092 0 0 3 0 3 0 3 3
-297.7513545044276 0 0 3 0 3 3 0 0
-40.20383757169004 0 0 3 0 3 3 0 3
-61.172571568509326 0 0 3 0 3 3 3 0
2.1514752883520014 0 0 3 0 3 3 3 3
3833.2452909676085 0 0 3 3 0 0 0 0
-175.06735604079765 0 0 3 3 0 0 0 3
-230.65731081373053 0 0 3 3 0 0 3 0
-49.836081681619774 0 0 3 3 0 0 3 3
-223.5108372012833 0 0 3 3 0 3 0 0
-47.0809526384229 0 0 3 3 0 3 0 3
-56.450721094299645 0 0 3 3 0 3 3 0
2.1461468501037437 0 0 3 3 0 3 3 3
17.177142366133147 0 0 3 3 1 0 0 1
83.83265122825578 0 0 3 3 1 0 3 1
80.37654625502444 0 0 3 3 1 3 0 1
-1271.4763440199038 0 0 3 3 1 3 3 1
17.177142366133147 0 0 3 3 2 0 0 2
83.83265122825578 0 0 3 3 2 0 3 2
80.37654625502444 0 0 3 3 2 3 0 2
-1271.4763440199038 0 0 3 3 2 3 3 2
-211.67319632776326 0 0 3 3 3 0 0 0
-40.92908528206154 0 0 3 3 3 0 0 3
-50.98547149313867 0 0 3 3 3 0 3 0
1.835757331448006 0 0 3 3 3 0 3 3
-48.46629167065971 0 0 3 3 3 3 0 0
1.7884029829356773 0 0 3 3 3 3 0 3
2.53618961975854 0 0 3 3 3 3 3 0
0.4548293604050131 0 0 3 3 3 3 3 3
-0.5907798872560319 0 1 0 1 0 1 0 1
0.006616127600004523 0 1 0 1 0 1 3 1
-0.5907798872560319 0 1 0 1 0 2 0 2
0.006616127600004521 0 1 0 1 0 2 3 2
0.00019597861488338105 0 1 0 1 1 1 0 0
0.0009133122810897282 0 1 0 1 1 1 3 0
0.0004766702474409665 0 1 0 1 1 1 3 3
0.00019597861488338105 0 1 0 1 2 2 0 0
0.0009133122810897282 0 1 0 1 2 2 3 0
0.0004766702474409667 0 1 0 1 2 2 3 3
0.006049070364149898 0 1 0 1 3 1 0 1
0.0012198886612508565 0 1 0 1 3 1 3 1
0.006049070364149898 0 1 0 1 3 2 0 2
0.001219888661250856 0 1 0 1 3 2 3 2
-212.2813110365647 0 1 0 2 0 1 0 2
4.212611395632164 0 1 0 2 0 1 3 2
212.2813110365647 0 1 0 2 0 2 0 1
-4.212611395632164 0 1 0 2 0 2 3 1
0.6046673260496814 0 1 0 2 1 2 0 0
-0.0033949159750155775 0 1 0 2 1 2 0 3
2.2722167496727708 0 1 0 2 1 2 3 0
0.1533807224049555 0 1 0 2 1 2 3 3
-0.6046673260496813 0 1 0 2 2 1 0 0
0.0033949159750155775 0 1 0 2 2 1 0 3
-2.2722167496727703 0 1 0 2 2 1 3 0
-0.15338072240495548 0 1 0 2 2 1 3 3
3.4159963251584915 0 1 0 2 3 1 0 2
0.6169763593878557 0 1 0 2 3 1 3 2
-3.4159963251584915 0 1 0 2 3 2 0 1
-0.6169763593878557 0 1 0 2 3 2 3 1
-0.5409596717640066 0 1 1 0 0 1 1 0
0.0027207273715292267 0 1 1 0 0 1 1 3
-0.5409596717640065 0 1 1 0 0 2 2 0
0.0027207273715292267 0 1 1 0 0 2 2 3
-1.6518111881474984e-05 0 1 1 0 1 1 1 1
2.732941642506943e-05 0 1 1 0 1 1 2 2
2.7329416425069376e-05 0 1 1 0 1 2 1 2
-7.117694473161374e-05 0 1 1 0 1 2 2 1
-7.117694473161374e-05 0 1 1 0 2 1 1 2
2.7329416425069376e-05 0 1 1 0 2 1 2 1
2.732941642506943e-05 0 1 1 0 2 2 1 1
-1.6518111881474876e-05 0 1 1 0 2 2 2 2
0.005025260239845794 0 1 1 0 3 1 1 0
0.0006822773496961108 0 1 1 0 3 1 1 3
0.005025260239845798 0 1 1 0 3 2 2 0
0.0006822773496961108 0 1 1 0 3 2 2 3
0.00272072737152923 0 1 1 3 0 1 1 0
0.001078415499619261 0 1 1 3 0 1 1 3
0.002720727371529232 0 1 1 3 0 2 2 0
0.0010784154996192619 0 1 1 3 0 2 2 3
-0.0012183313240092 0 1 1 3 1 1 1 1
3.791182197274559e-05 0 1 1 3 1 1 2 2
3.7911821972745575e-05 0 1 1 3 1 2 1 2
-0.0012941549679546917 0 1 1 3 1 2 2 1
-0.0012941549679546908 0 1 1 3 2 1 1 2
3.7911821972745684e-05 0 1 1 3 2 1 2 1
3.791182197274559e-05 0 1 1 3 2 2 1 1
-0.0012183313240092 0 1 1 3 2 2 2 2
0.0009235997496121182 0 1 1 3 3 1 1 0
0.0009235997496121182 0 1 1 3 3 2 2 0
-368.9464678959711 0 1 2 0 0 1 2 0
3.5732368062235764 0 1 2 0 0 1 2 3
368.9464678959711 0 1 2 0 0 2 1 0
-3.5732368062235764 0 1 2 0 0 2 1 3
-0.042443631943039406 0 1 2 0 1 1 2 1
0.042443631943039406 0 1 2 0 1 2 1 1
-0.0424436319430394 0 1 2 0 2 1 2 2
0.042443631943039406 0 1 2 0 2 2 1 2
6.876549370639575 0 1 2 0 3 1 2 0
0.8878053238154403 0 1 2 0 3 1 2 3
-6.876549370639576 0 1 2 0 3 2 1 0
-0.8878053238154403 0 1 2 0 3 2 1 3
3.573236806223577 0 1 2 3 0 1 2 0
1.377564521598426 0 1 2 3 0 1 2 3
-3.573236806223577 0 1 2 3 0 2 1 0
-1.3775645215984258 0 1 2 3 0 2 1 3
-1.7280524866156814 0 1 2 3 1 1 2 1
1.7280524866156814 0 1 2 3 1 2 1 1
-1.7280524866156814 0 1 2 3 2 1 2 2
1.7280524866156814 0 1 2 3 2 2 1 2
1.2595899112394742 0 1 2 3 3 1 2 0
-0.02367717425616413 0 1 2 3 3 1 2 3
-1.2595899112394744 0 1 2 3 3 2 1 0
0.02367717425616413 0 1 2 3 3 2 1 3
0.0066161276000045195 0 1 3 1 0 1 0 1
0.001755416356554482 0 1 3 1 0 1 3 1
0.006616127600004518 0 1 3 1 0 2 0 2
0.001755416356554482 0 1 3 1 0 2 3 2
0.0008754004591169798 0 1 3 1 1 1 0 0
0.00044934083101589705 0 1 3 1 1 1 0 3
-0.04343963712903631 0 1 3 1 1 1 3 0
0.002272772006990721 0 1 3 1 1 1 3 3
0.0008754004591169807 0 1 3 1 2 2 0 0
0.00044934083101589705 0 1 3 1 2 2 0 3
-0.0434396371290362 0 1 3 1 2 2 3 0
0.002272772006990721 0 1 3 1 2 2 3 3
0.0012855266250470304 0 1 3 1 3 1 0 1
0.0012855266250470304 0 1 3 1 3 2 0 2
4.212611395632164 0 1 3 2 0 1 0 2
1.122256503241435 0 1 3 2 0 1 3 2
-4.212611395632163 0 1 3 2 0 2 0 1
-1.1222565032414349 0 1 3 2 0 2 3 1
2.2721788378507974 0 1 3 2 1 2 0 0
0.15335339298853046 0 1 3 2 1 2 0 3
-114.2285592631365 0 1 3 2 1 2 3 0
0.11528587405404789 0 1 3 2 1 2 3 3
-2.272178837850797 0 1 3 2 2 1 0 0
-0.15335339298853043 0 1 3 2 2 1 0 3
114.22855926313649 0 1 3 2 2 1 3 0
-0.11528587405404783 0 1 3 2 2 1 3 3
0.6570183577884192 0 1 3 2 3 1 0 2
-0.022941193683141077 0 1 3 2 3 1 3 2
-0.6570183577884191 0 1 3 2 3 2 0 1
0.022941193683141077 0 1 3 2 3 2 3 1
212.28131103656474 0 2 0 1 0 1 0 2
-4.212611395632164 0 2 0 1 0 1 3 2
-212.28131103656474 0 2 0 1 0 2 0 1
4.212611395632164 0 2 0 1 0 2 3 1
-0.6046673260496814 0 2 0 1 1 2 0 0
0.0033949159750155783 0 2 0 1 1 2 0 3
-2.2722167496727708 0 2 0 1 1 2 3 0
-0.15338072240495548 0 2 0 1 1 2 3 3
0.6046673260496814 0 2 0 1 2 1 0 0
-0.0033949159750155783 0 2 0 1 2 1 0 3
2.2722167496727708 0 2 0 1 2 1 3 0
0.15338072240495548 0 2 0 1 2 1 3 3
-3.4159963251584915 0 2 0 1 3 1 0 2
-0.6169763593878559 0 2 0 1 3 1 3 2
3.415996325158492 0 2 0 1 3 2 0 1
0.6169763593878558 0 2 0 1 3 2 3 1
-0.5907798872560318 0 2 0 2 0 1 0 1
0.006616127600004521 0 2 0 2 0 1 3 1
-0.5907798872560319 0 2 0 2 0 2 0 2
0.006616127600004521 0 2 0 2 0 2 3 2
0.00019597861488338105 0 2 0 2 1 1 0 0
0.0009133122810897282 0 2 0 2 1 1 3 0
0.0004766702474409667 0 2 0 2 1 1 3 3
0.00019597861488338105 0 2 0 2 2 2 0 0
0.0009133122810897282 0 2 0 2 2 2 3 0
0.0004766702474409667 0 2 0 2 2 2 3 3
0.006049070364149898 0 2 0 2 3 1 0 1
0.001219888661250856 0 2 0 2 3 1 3 1
0.006049070364149898 0 2 0 2 3 2 0 2
0.001219888661250857 0 2 0 2 3 2 3 2
368.9464678959711 0 2 1 0 0 1 2 0
-3.5732368062235764 0 2 1 0 0 1 2 3
-368.9464678959711 0 2 1 0 0 2 1 0
3.5732368062235764 0 2 1 0 0 2 1 3
0.04244363194303939 0 2 1 0 1 1 2 1
-0.0424436319430394 0 2 1 0 1 2 1 1
0.042443631943039406 0 2 1 0 2 1 2 2
-0.0424436319430394 0 2 1 0 2 2 1 2
-6.876549370639576 0 2 1 0 3 1 2 0
-0.8878053238154403 0 2 1 0 3 1 2 3
6.876549370639575 0 2 1 0 3 2 1 0
0.8878053238154403 0 2 1 0 3 2 1 3
-3.573236806223577 0 2 1 3 0 1 2 0
-1.3775645215984258 0 2 1 3 0 1 2 3
3.573236806223577 0 2 1 3 0 2 1 0
1.3775645215984258 0 2 1 3 0 2 1 3
1.7280524866156814 0 2 1 3 1 1 2 1
-1.7280524866156814 0 2 1 3 1 2 1 1
1.7280524866156814 0 2 1 3 2 1 2 2
-1.7280524866156814 0 2 1 3 2 2 1 2
-1.2595899112394744 0 2 1 3 3 1 2 0
0.02367717425616413 0 2 1 3 3 1 2 3
1.2595899112394744 0 2 1 3 3 2 1 0
-0.02367717425616413 0 2 1 3 3 2 1 3
-0.5409596717640066 0 2 2 0 0 1 1 0
0.0027207273715292267 0 2 2 0 0 1 1 3
-0.5409596717640064 0 2 2 0 0 2 2 0
0.0027207273715292267 0 2 2 0 0 2 2 3
-1.6518111881474876e-05 0 2 2 0 1 1 1 1
2.7329416425069376e-05 0 2 2 0 1 1 2 2
2.7329416425069322e-05 0 2 2 0 1 2 1 2
-7.117694473161374e-05 0 2 2 0 1 2 2 1
-7.117694473161374e-05 0 2 2 0 2 1 1 2
2.7329416425069322e-05 0 2 2 0 2 1 2 1
2.732941642506943e-05 0 2 2 0 2 2 1 1
-1.6518111881474876e-05 0 2 2 0 2 2 2 2
0.005025260239845794 0 2 2 0 3 1 1 0
0.0006822773496961108 0 2 2 0 3 1 1 3
0.005025260239845798 0 2 2 0 3 2 2 0
0.0006822773496961104 0 2 2 0 3 2 2 3
0.002720727371529232 0 2 2 3 0 1 1 0
0.0010784154996192619 0 2 2 3 0 1 1 3
0.002720727371529232 0 2 2 3 0 2 2 0
0.0010784154996192619 0 2 2 3 0 2 2 3
-0.0012183313240092 0 2 2 3 1 1 1 1
3.791182197274559e-05 0 2 2 3 1 1 2 2
3.7911821972745684e-05 0 2 2 3 1 2 1 2
-0.0012941549679546908 0 2 2 3 1 2 2 1
-0.0012941549679546908 0 2 2 3 2 1 1 2
3.7911821972745684e-05 0 2 2 3 2 1 2 1
3.791182197274559e-05 0 2 2 3 2 2 1 1
-0.0012183313240092 0 2 2 3 2 2 2 2
0.0009235997496121182 0 2 2 3 3 1 1 0
0.0009235997496121182 0 2 2 3 3 2 2 0
-4.212611395632164 0 2 3 1 0 1 0 2
-1.122256503241435 0 2 3 1 0 1 3 2
4.212611395632163 0 2 3 1 0 2 0 1
1.122256503241435 0 2 3 1 0 2 3 1
-2.2721788378507974 0 2 3 1 1 2 0 0
-0.15335339298853046 0 2 3 1 1 2 0 3
114.2285592631365 0 2 3 1 1 2 3 0
-0.11528587405404794 0 2 3 1 1 2 3 3
2.2721788378507974 0 2 3 1 2 1 0 0
0.15335339298853046 0 2 3 1 2 1 0 3
-114.22855926313649 0 2 3 1 2 1 3 0
0.11528587405404794 0 2 3 1 2 1 3 3
-0.6570183577884193 0 2 3 1 3 1 0 2
0.02294119368314108 0 2 3 1 3 1 3 2
0.6570183577884192 0 2 3 1 3 2 0 1
-0.02294119368314108 0 2 3 1 3 2 3 1
0.006616127600004518 0 2 3 2 0 1 0 1
0.001755416356554482 0 2 3 2 0 1 3 1
0.006616127600004518 0 2 3 2 0 2 0 2
0.0017554163565544829 0 2 3 2 0 2 3 2
0.0008754004591169798 0 2 3 2 1 1 0 0
0.00044934083101589705 0 2 3 2 1 1 0 3
-0.043439637129036306 0 2 3 2 1 1 3 0
0.002272772006990721 0 2 3 2 1 1 3 3
0.0008754004591169807 0 2 3 2 2 2 0 0
0.00044934083101589705 0 2 3 2 2 2 0 3
-0.04343963712903633 0 2 3 2 2 2 3 0
0.002272772006990722 0 2 3 2 2 2 3 3
0.0012855266250470304 0 2 3 2 3 1 0 1
0.0012855266250470308 0 2 3 2 3 2 0 2
25317.402131940595 0 3 0 0 0 0 0 0
4046.1173818914294 0 3 0 0 0 0 0 3
5417.885914292284 0 3 0 0 0 0 3 0
-223.51083720128338 0 3 0 0 0 0 3 3
6155.778850084242 0 3 0 0 0 3 0 0
-230.65731081373042 0 3 0 0 0 3 0 3
-359.1483831825495 0 3 0 0 0 3 3 0
-55.326709174701676 0 3 0 0 0 3 3 3
-0.5248488781886408 0 3 0 0 1 0 0 1
8.545689389915582 0 3 0 0 1 0 3 1
8.630576653801661 0 3 0 0 1 3 0 1
34.48758380407241 0 3 0 0 1 3 3 1
-0.5248488781886408 0 3 0 0 2 0 0 2
8.545689389915584 0 3 0 0 2 0 3 2
8.630576653801661 0 3 0 0 2 3 0 2
34.4875838040724 0 3 0 0 2 3 3 2
4427.535068503808 0 3 0 0 3 0 0 0
-177.1611027531248 0 3 0 0 3 0 0 3
-297.7513545044278 0 3 0 0 3 0 3 0
-40.20383757169004 0 3 0 0 3 0 3 3
-311.5044532457068 0 3 0 0 3 3 0 0
-41.97944821932094 0 3 0 0 3 3 0 3
-61.17257156850933 0 3 0 0 3 3 3 0
2.1514752883520014 0 3 0 0 3 3 3 3
3833.245290967608 0 3 0 3 0 0 0 0
-175.06735604079768 0 3 0 3 0 0 0 3
-223.51083720128338 0 3 0 3 0 0 3 0
-47.0809526384229 0 3 0 3 0 0 3 3
-230.65731081373045 0 3 0 3 0 3 0 0
-49.836081681619774 0 3 0 3 0 3 0 3
-56.450721094299645 0 3 0 3 0 3 3 0
2.1461468501037437 0 3 0 3 0 3 3 3
17.17714236613314 0 3 0 3 1 0 0 1
80.37654625502444 0 3 0 3 1 0 3 1
83.83265122825584 0 3 0 3 1 3 0 1
-1271.4763440199035 0 3 0 3 1 3 3 1
17.177142366133143 0 3 0 3 2 0 0 2
80.37654625502445 0 3 0 3 2 0 3 2
83.83265122825583 0 3 0 3 2 3 0 2
-1271.4763440199035 0 3 0 3 2 3 3 2
-211.67319632776326 0 3 0 3 3 0 0 0
-40.92908528206154 0 3 0 3 3 0 0 3
-48.4662916706597 0 3 0 3 3 0 3 0
1.7884029829356776 0 3 0 3 3 0 3 3
-50.98547149313867 0 3 0 3 3 3 0 0
1.835757331448006 0 3 0 3 3 3 0 3
2.5361896197585403 0 3 0 3 3 3 3 0
0.4548293604050131 0 3 0 3 3 3 3 3
0.006616127600004517 0 3 1 1 0 0 1 1
0.006616127600004519 0 3 1 1 0 0 2 2
0.0017554163565544824 0 3 1 1 0 3 1 1
0.0017554163565544816 0 3 1 1 0 3 2 2
0.0008754004591169802 0 3 1 1 1 0 1 0
0.00044934083101589705 0 3 1 1 1 0 1 3
-0.04343963712903632 0 3 1 1 1 3 1 0
0.0022727720069907224 0 3 1 1 1 3 1 3
0.0008754004591169794 0 3 1 1 2 0 2 0
0.00044934083101589705 0 3 1 1 2 0 2 3
-0.04343963712903617 0 3 1 1 2 3 2 0
0.0022727720069907224 0 3 1 1 2 3 2 3
0.0012855266250470297 0 3 1 1 3 0 1 1
0.0012855266250470297 0 3 1 1 3 0 2 2
4.212611395632164 0 3 1 2 0 0 1 2
-4.212611395632163 0 3 1 2 0 0 2 1
1.122256503241435 0 3 1 2 0 3 1 2
-1.122256503241435 0 3 1 2 0 3 2 1
2.2721788378507943 0 3 1 2 1 0 2 0
0.15335339298853043 0 3 1 2 1 0 2 3
-114.2285592631365 0 3 1 2 1 3 2 0
0.11528587405404783 0 3 1 2 1 3 2 3
-2.272178837850794 0 3 1 2 2 0 1 0
-0.1533533929885304 0 3 1 2 2 0 1 3
114.22855926313649 0 3 1 2 2 3 1 0
-0.11528587405404778 0 3 1 2 2 3 1 3
0.6570183577884193 0 3 1 2 3 0 1 2
-0.6570183577884193 0 3 1 2 3 0 2 1
-0.02294119368314107 0 3 1 2 3 3 1 2
0.02294119368314107 0 3 1 2 3 3 2 1
-4.212611395632163 0 3 2 1 0 0 1 2
4.2126113956321625 0 3 2 1 0 0 2 1
-1.122256503241435 0 3 2 1 0 3 1 2
1.122256503241435 0 3 2 1 0 3 2 1
-2.2721788378507948 0 3 2 1 1 0 2 0
-0.15335339298853046 0 3 2 1 1 0 2 3
114.2285592631365 0 3 2 1 1 3 2 0
-0.11528587405404789 0 3 2 1 1 3 2 3
2.2721788378507943 0 3 2 1 2 0 1 0
0.15335339298853043 0 3 2 1 2 0 1 3
-114.22855926313649 0 3 2 1 2 3 1 0
0.11528587405404783 0 3 2 1 2 3 1 3
-0.6570183577884193 0 3 2 1 3 0 1 2
0.6570183577884193 0 3 2 1 3 0 2 1
0.02294119368314107 0 3 2 1 3 3 1 2
-0.02294119368314107 0 3 2 1 3 3 2 1
0.006616127600004519 0 3 2 2 0 0 1 1
0.006616127600004519 0 3 2 2 0 0 2 2
0.0017554163565544807 0 3 2 2 0 3 1 1
0.0017554163565544816 0 3 2 2 0 3 2 2
0.0008754004591169794 0 3 2 2 1 0 1 0
0.00044934083101589694 0 3 2 2 1 0 1 3
-0.04343963712903622 0 3 2 2 1 3 1 0
0.0022727720069907215 0 3 2 2 1 3 1 3
0.0008754004591169794 0 3 2 2 2 0 2 0
0.00044934083101589705 0 3 2 2 2 0 2 3
-0.04343963712903628 0 3 2 2 2 3 2 0
0.0022727720069907224 0 3 2 2 2 3 2 3
0.0012855266250470301 0 3 2 2 3 0 1 1
0.0012855266250470297 0 3 2 2 3 0 2 2
5048.39848672456 0 3 3 0 0 0 0 0
-224.15410719092043 0 3 3 0 0 0 0 3
-359.14838318254965 0 3 3 0 0 0 3 0
-56.450721094299645 0 3 3 0 0 0 3 3
-359.14838318254954 0 3 3 0 0 3 0 0
-56.45072109429965 0 3 3 0 0 3 0 3
-80.25690661552471 0 3 3 0 0 3 3 0
2.895553300907308 0 3 3 0 0 3 3 3
8.350297858286721 0 3 3 0 1 0 0 1
34.374570702025345 0 3 3 0 1 0 3 1
34.374570702025345 0 3 3 0 1 3 0 1
-37.47426005078993 0 3 3 0 1 3 3 1
8.350297858286723 0 3 3 0 2 0 0 2
34.37457070202534 0 3 3 0 2 0 3 2
34.374570702025345 0 3 3 0 2 3 0 2
-37.474260050789916 0 3 3 0 2 3 3 2
-296.98409890367583 0 3 3 0 3 0 0 0
-40.860244736496945 0 3 3 0 3 0 0 3
-62.79926291169506 0 3 3 0 3 0 3 0
2.199059728118141 0 3 3 0 3 0 3 3
-62.79926291169507 0 3 3 0 3 3 0 0
2.199059728118141 0 3 3 0 3 3 0 3
3.624370214378736 0 3 3 0 3 3 3 0
0.5317501420775885 0 3 3 0 3 3 3 3
-215.71565214445633 0 3 3 3 0 0 0 0
-45.70230970132485 0 3 3 3 0 0 0 3
-55.32670917470167 0 3 3 3 0 0 3 0
2.146146850103744 0 3 3 3 0 0 3 3
-55.32670917470167 0 3 3 3 0 3 0 0
2.146146850103744 0 3 3 3 0 3 0 3
2.8955533009073076 0 3 3 3 0 3 3 0
0.5721206548454221 0 3 3 3 0 3 3 3
76.37593408787104 0 3 3 3 1 0 0 1
-1157.291224393897 0 3 3 3 1 0 3 1
-1157.2912243938963 0 3 3 3 1 3 0 1
-5984.77324324482 0 3 3 3 1 3 3 1
76.37593408787104 0 3 3 3 2 0 0 2
-1157.291224393897 0 3 3 3 2 0 3 2
-1157.2912243938965 0 3 3 3 2 3 0 2
-5984.77324324482 0 3 3 3 2 3 3 2
-47.39395752045135 0 3 3 3 3 0 0 0
1.7859813075067485 0 3 3 3 3 0 0 3
2.5378916721583993 0 3 3 3 3 0 3 0
0.46127828337970894 0 3 3 3 3 0 3 3
2.5378916721583975 0 3 3 3 3 3 0 0
0.461278283379709 0 3 3 3 3 3 0 3
0.6169080822913291 0 3 3 3 3 3 3 0
-0.1732744174196673 1 0 0 1 0 0 0 0
-0.7647093113858152 1 0 0 1 0 0 3 0
-0.07293147910266982 1 0 0 1 0 0 3 3
-0.7647093113858154 1 0 0 1 0 3 0 0
-0.07293147910266981 1 0 0 1 0 3 0 3
12.002910214433266 1 0 0 1 0 3 3 0
-0.29279607251179235 1 0 0 1 0 3 3 3
-0.5048214623696019 1 0 0 1 1 0 0 1
0.005493845320890946 1 0 0 1 1 0 3 1
0.005493845320890919 1 0 0 1 1 3 0 1
0.0012689619947448142 1 0 0 1 1 3 3 1
-0.5048214623696018 1 0 0 1 2 0 0 2
0.0054938453208909395 1 0 0 1 2 0 3 2
0.005493845320890919 1 0 0 1 2 3 0 2
0.0012689619947448142 1 0 0 1 2 3 3 2
-0.9868256249417118 1 0 0 1 3 0 0 0
-0.13264480752653446 1 0 0 1 3 0 0 3
17.177142366133154 1 0 0 1 3 0 3 0
-0.5248488781886408 1 0 0 1 3 0 3 3
17.177142366133147 1 0 0 1 3 3 0 0
-0.5248488781886409 1 0 0 1 3 3 0 3
76.37593408787106 1 0 0 1 3 3 3 0
8.350297858286726 1 0 0 1 3 3 3 3
-1260.0587159378144 1 0 0 2 1 0 0 2
37.928645124840166 1 0 0 2 1 0 3 2
37.928645124840145 1 0 0 2 1 3 0 2
7.849051590786585 1 0 0 2 1 3 3 2
1260.0587159378147 1 0 0 2 2 0 0 1
-37.928645124840166 1 0 0 2 2 0 3 1
-37.928645124840145 1 0 0 2 2 3 0 1
-7.849051590786585 1 0 0 2 2 3 3 1
0.000608031832619623 1 0 1 0 0 0 1 1
0.000608031832619623 1 0 1 0 0 0 2 2
0.0017970167875077615 1 0 1 0 0 3 1 1
0.0017970167875077615 1 0 1 0 0 3 2 2
-0.6165421392448621 1 0 1 0 1 0 1 0
0.0037063272125996624 1 0 1 0 1 0 1 3
0.0064295860854377326 1 0 1 0 1 3 1 0
0.0010780039440679398 1 0 1 0 1 3 1 3
-0.6165421392448622 1 0 1 0 2 0 2 0
0.0037063272125996624 1 0 1 0 2 0 2 3
0.0064295860854377326 1 0 1 0 2 3 2 0
0.0010780039440679394 1 0 1 0 2 3 2 3
0.0033949159750155766 1 0 1 0 3 0 1 1
0.0033949159750155766 1 0 1 0 3 0 2 2
-0.15335339298853037 1 0 1 0 3 3 1 1
-0.1533533929885304 1 0 1 0 3 3 2 2
0.003999817567011508 1 0 1 3 0 0 1 1
0.003999817567011508 1 0 1 3 0 0 2 2
-0.09903860459314923 1 0 1 3 0 3 1 1
-0.0990386045931492 1 0 1 3 0 3 2 2
0.0037063272125996607 1 0 1 3 1 0 1 0
0.0015264585010026205 1 0 1 3 1 0 1 3
0.0011300422388598002 1 0 1 3 1 3 1 0
0.0037063272125996615 1 0 1 3 2 0 2 0
0.0015264585010026205 1 0 1 3 2 0 2 3
0.0011300422388598004 1 0 1 3 2 3 2 0
-0.6046673260496815 1 0 1 3 3 0 1 1
-0.6046673260496815 1 0 1 3 3 0 2 2
-2.272178837850797 1 0 1 3 3 3 1 1
-2.2721788378507974 1 0 1 3 3 3 2 2
-307.2702956295097 1 0 2 0 1 0 2 0
2.441279962359574 1 0 2 0 1 0 2 3
6.10788944404214 1 0 2 0 1 3 2 0
0.8454052412501377 1 0 2 0 1 3 2 3
307.2702956295097 1 0 2 0 2 0 1 0
-2.441279962359574 1 0 2 0 2 0 1 3
-6.10788944404214 1 0 2 0 2 3 1 0
-0.8454052412501377 1 0 2 0 2 3 1 3
-0.00044934083101589694 1 0 2 0 3 3 1 2
0.00044934083101589694 1 0 2 0 3 3 2 1
-0.0004950906817958652 1 0 2 3 0 3 1 2
0.0004950906817958652 1 0 2 3 0 3 2 1
2.4412799623595745 1 0 2 3 1 0 2 0
1.3116182342393248 1 0 2 3 1 0 2 3
0.8854608393197053 1 0 2 3 1 3 2 0
-0.021255498827235132 1 0 2 3 1 3 2 3
-2.4412799623595745 1 0 2 3 2 0 1 0
-1.311618234239325 1 0 2 3 2 0 1 3
-0.8854608393197055 1 0 2 3 2 3 1 0
0.021255498827235132 1 0 2 3 2 3 1 3
-0.00019597861488338105 1 0 2 3 3 0 1 2
0.0001959786148833815 1 0 2 3 3 0 2 1
-0.0008754004591169837 1 0 2 3 3 3 1 2
0.0008754004591169837 1 0 2 3 3 3 2 1
-0.7687091289528267 1 0 3 1 0 0 0 0
-0.07353951093528945 1 0 3 1 0 0 0 3
12.810007463117582 1 0 3 1 0 0 3 0
-0.3006523503160041 1 0 3 1 0 0 3 3
12.337754186324105 1 0 3 1 0 3 0 0
-0.2966128429715348 1 0 3 1 0 3 0 3
61.82926596361848 1 0 3 1 0 3 3 0
2.977263304631185 1 0 3 1 0 3 3 3
0.005493845320890936 1 0 3 1 1 0 0 1
0.0015883876184502078 1 0 3 1 1 0 3 1
0.0013363590325790832 1 0 3 1 1 3 0 1
0.005493845320890929 1 0 3 1 2 0 0 2
0.0015883876184502113 1 0 3 1 2 0 3 2
0.0013363590325790832 1 0 3 1 2 3 0 2
17.781613713567946 1 0 3 1 3 0 0 0
-0.5282437941636564 1 0 3 1 3 0 0 3
83.83265122825583 1 0 3 1 3 0 3 0
8.630576653801665 1 0 3 1 3 0 3 3
80.37654625502448 1 0 3 1 3 3 0 0
8.545689389915582 1 0 3 1 3 3 0 3
-1157.2912243938974 1 0 3 1 3 3 3 0
34.374570702025366 1 0 3 1 3 3 3 3
37.928645124840166 1 0 3 2 1 0 0 2
9.004434886199258 1 0 3 2 1 0 3 2
8.221010103572695 1 0 3 2 1 3 0 2
-0.3617731377233977 1 0 3 2 1 3 3 2
-37.928645124840166 1 0 3 2 2 0 0 1
-9.004434886199256 1 0 3 2 2 0 3 1
-8.221010103572695 1 0 3 2 2 3 0 1
0.3617731377233977 1 0 3 2 2 3 3 1
0.000608031832619623 1 1 0 0 0 1 0 1
0.001797016787507762 1 1 0 0 0 1 3 1
0.000608031832619623 1 1 0 0 0 2 0 2
0.001797016787507762 1 1 0 0 0 2 3 2
-0.6165421392448618 1 1 0 0 1 1 0 0
0.003706327212599657 1 1 0 0 1 1 0 3
0.006429586085437741 1 1 0 0 1 1 3 0
0.0010780039440679394 1 1 0 0 1 1 3 3
-0.6165421392448618 1 1 0 0 2 2 0 0
0.003706327212599657 1 1 0 0 2 2 0 3
0.006429586085437741 1 1 0 0 2 2 3 0
0.0010780039440679394 1 1 0 0 2 2 3 3
0.003394915975015577 1 1 0 0 3 1 0 1
-0.15335339298853043 1 1 0 0 3 1 3 1
0.003394915975015577 1 1 0 0 3 2 0 2
-0.15335339298853043 1 1 0 0 3 2 3 2
0.00399981756701151 1 1 0 3 0 1 0 1
-0.09903860459314914 1 1 0 3 0 1 3 1
0.00399981756701151 1 1 0 3 0 2 0 2
-0.09903860459314913 1 1 0 3 0 2 3 2
0.003706327212599659 1 1 0 3 1 1 0 0
0.001526458501002621 1 1 0 3 1 1 0 3
0.0011300422388597997 1 1 0 3 1 1 3 0
0.003706327212599659 1 1 0 3 2 2 0 0
0.001526458501002621 1 1 0 3 2 2 0 3
0.0011300422388597995 1 1 0 3 2 2 3 0
-0.6046673260496815 1 1 0 3 3 1 0 1
-2.2721788378507983 1 1 0 3 3 1 3 1
-0.6046673260496815 1 1 0 3 3 2 0 2
-2.2721788378507988 1 1 0 3 3 2 3 2
-0.00014180335450877463 1 1 1 1 0 1 1 0
-0.00014180335450877466 1 1 1 1 0 2 2 0
2.208741927153357e-07 1 1 1 1 1 1 2 2
2.208741927153628e-07 1 1 1 1 1 2 1 2
-4.4174838543071203e-07 1 1 1 1 1 2 2 1
-4.4174838543071203e-07 1 1 1 1 2 1 1 2
2.208741927153628e-07 1 1 1 1 2 1 2 1
2.208741927153357e-07 1 1 1 1 2 2 1 1
-0.0012941549679546924 1 1 1 1 3 1 1 0
-7.117694473161374e-05 1 1 1 1 3 1 1 3
-0.0012941549679546932 1 1 1 1 3 2 2 0
-7.117694473161374e-05 1 1 1 1 3 2 2 3
-0.00034539898949972826 1 1 1 2 1 1 1 2
5.2259168984576056e-05 1 1 1 2 1 1 2 1
5.225916898457609e-05 1 1 1 2 1 2 1 1
-0.00024088065153057606 1 1 1 2 1 2 2 2
0.00024088065153057608 1 1 1 2 2 1 1 1
-5.22591689845762e-05 1 1 1 2 2 1 2 2
-5.2259168984576056e-05 1 1 1 2 2 2 1 2
0.00034539898949972826 1 1 1 2 2 2 2 1
-0.23612663839674017 1 1 2 1 0 1 2 0
0.0020197536722346837 1 1 2 1 0 1 2 3
0.23612663839674017 1 1 2 1 0 2 1 0
-0.0020197536722346837 1 1 2 1 0 2 1 3
5.2259168984576084e-05 1 1 2 1 1 1 1 2
-0.00018507329642229958 1 1 2 1 1 1 2 1
6.69552894488339e-05 1 1 2 1 1 2 1 1
-6.585883798888951e-05 1 1 2 1 1 2 2 2
6.58588379888895e-05 1 1 2 1 2 1 1 1
-6.69552894488339e-05 1 1 2 1 2 1 2 2
0.00018507329642229964 1 1 2 1 2 2 1 2
-5.225916898457603e-05 1 1 2 1 2 2 2 1
-1.7280524866156823 1 1 2 1 3 1 2 0
-0.04244363194303939 1 1 2 1 3 1 2 3
1.7280524866156823 1 1 2 1 3 2 1 0
0.042443631943039406 1 1 2 1 3 2 1 3
3.201622822964631e-05 1 1 2 2 0 1 1 0
3.2016228229646336e-05 1 1 2 2 0 2 2 0
2.20874192715389e-07 1 1 2 2 1 1 1 1
-0.4117071504919712 1 1 2 2 1 1 2 2
0.37171763213458475 1 1 2 2 1 2 1 2
0.039989739231579134 1 1 2 2 1 2 2 1
0.039989739231579155 1 1 2 2 2 1 1 2
0.3717176321345848 1 1 2 2 2 1 2 1
-0.4117071504919712 1 1 2 2 2 2 1 1
2.208741927153628e-07 1 1 2 2 2 2 2 2
-3.791182197274536e-05 1 1 2 2 3 1 1 0
-2.7329416425069376e-05 1 1 2 2 3 1 1 3
-3.791182197274514e-05 1 1 2 2 3 2 2 0
-2.7329416425069322e-05 1 1 2 2 3 2 2 3
0.0017970167875077602 1 1 3 0 0 1 0 1
-0.3590537819397169 1 1 3 0 0 1 3 1
0.0017970167875077602 1 1 3 0 0 2 0 2
-0.3590537819397169 1 1 3 0 0 2 3 2
0.006429586085437734 1 1 3 0 1 1 0 0
0.0011300422388597993 1 1 3 0 1 1 0 3
0.0017862771528712198 1 1 3 0 1 1 3 0
0.006429586085437734 1 1 3 0 2 2 0 0
0.0011300422388597997 1 1 3 0 2 2 0 3
0.0017862771528712198 1 1 3 0 2 2 3 0
-0.15338072240495548 1 1 3 0 3 1 0 1
-0.11528587405404782 1 1 3 0 3 1 3 1
-0.15338072240495548 1 1 3 0 3 2 0 2
-0.11528587405404782 1 1 3 0 3 2 3 2
-0.09900658836491971 1 1 3 3 0 1 0 1
-0.6912398699369042 1 1 3 3 0 1 3 1
-0.0990065883649197 1 1 3 3 0 2 0 2
-0.6912398699369041 1 1 3 3 0 2 3 2
0.001078003944067939 1 1 3 3 1 1 0 0
0.001078003944067939 1 1 3 3 2 2 0 0
-2.27221674967277 1 1 3 3 3 1 0 1
114.22855926313648 1 1 3 3 3 1 3 1
-2.27221674967277 1 1 3 3 3 2 0 2
114.22855926313648 1 1 3 3 3 2 3 2
-307.2702956295097 1 2 0 0 1 2 0 0
2.441279962359574 1 2 0 0 1 2 0 3
6.107889444042148 1 2 0 0 1 2 3 0
0.8454052412501376 1 2 0 0 1 2 3 3
307.2702956295097 1 2 0 0 2 1 0 0
-2.441279962359574 1 2 0 0 2 1 0 3
-6.107889444042148 1 2 0 0 2 1 3 0
-0.8454052412501377 1 2 0 0 2 1 3 3
-0.00044934083101589705 1 2 0 0 3 1 3 2
0.00044934083101589705 1 2 0 0 3 2 3 1
-0.0004950906817958648 1 2 0 3 0 1 3 2
0.0004950906817958648 1 2 0 3 0 2 3 1
2.4412799623595745 1 2 0 3 1 2 0 0
1.3116182342393248 1 2 0 3 1 2 0 3
0.8854608393197052 1 2 0 3 1 2 3 0
-0.02125549882723515 1 2 0 3 1 2 3 3
-2.4412799623595745 1 2 0 3 2 1 0 0
-1.311618234239325 1 2 0 3 2 1 0 3
-0.8854608393197053 1 2 0 3 2 1 3 0
0.02125549882723515 1 2 0 3 2 1 3 3
-0.00019597861488338062 1 2 0 3 3 1 0 2
-0.0008754004591169815 1 2 0 3 3 1 3 2
0.00019597861488338105 1 2 0 3 3 2 0 1
0.000875400459116982 1 2 0 3 3 2 3 1
0.23612663839674017 1 2 1 1 0 1 2 0
-0.0020197536722346837 1 2 1 1 0 1 2 3
-0.23612663839674017 1 2 1 1 0 2 1 0
0.0020197536722346837 1 2 1 1 0 2 1 3
5.2259168984576165e-05 1 2 1 1 1 1 1 2
6.69552894488339e-05 1 2 1 1 1 1 2 1
-0.0001850732964222996 1 2 1 1 1 2 1 1
-6.58588379888894e-05 1 2 1 1 1 2 2 2
6.585883798888945e-05 1 2 1 1 2 1 1 1
0.00018507329642229956 1 2 1 1 2 1 2 2
-6.695528944883385e-05 1 2 1 1 2 2 1 2
-5.225916898457617e-05 1 2 1 1 2 2 2 1
1.7280524866156823 1 2 1 1 3 1 2 0
0.0424436319430394 1 2 1 1 3 1 2 3
-1.7280524866156823 1 2 1 1 3 2 1 0
-0.0424436319430394 1 2 1 1 3 2 1 3
3.201622822964627e-05 1 2 1 2 0 1 1 0
3.201622822964627e-05 1 2 1 2 0 2 2 0
2.208741927153357e-07 1 2 1 2 1 1 1 1
0.3717176321345848 1 2 1 2 1 1 2 2
-0.41170715049197126 1 2 1 2 1 2 1 2
0.03998973923157914 1 2 1 2 1 2 2 1
0.03998973923157915 1 2 1 2 2 1 1 2
-0.41170715049197126 1 2 1 2 2 1 2 1
0.3717176321345848 1 2 1 2 2 2 1 1
2.208741927153899e-07 1 2 1 2 2 2 2 2
-3.791182197274582e-05 1 2 1 2 3 1 1 0
-2.732941642506944e-05 1 2 1 2 3 1 1 3
-3.791182197274582e-05 1 2 1 2 3 2 2 0
-2.7329416425069387e-05 1 2 1 2 3 2 2 3
-0.00020583581096806679 1 2 2 1 0 1 1 0
-0.00020583581096806695 1 2 2 1 0 2 2 0
-4.417483854307062e-07 1 2 2 1 1 1 1 1
0.03998973923157914 1 2 2 1 1 1 2 2
0.03998973923157914 1 2 2 1 1 2 1 2
-0.0799799202115437 1 2 2 1 1 2 2 1
-0.0799799202115437 1 2 2 1 2 1 1 2
0.03998973923157915 1 2 2 1 2 1 2 1
0.03998973923157915 1 2 2 1 2 2 1 1
-4.4174838543071177e-07 1 2 2 1 2 2 2 2
-0.0012183313240092014 1 2 2 1 3 1 1 0
-1.6518111881475025e-05 1 2 2 1 3 1 1 3
-0.0012183313240092014 1 2 2 1 3 2 2 0
-1.6518111881475025e-05 1 2 2 1 3 2 2 3
-0.00024088065153057592 1 2 2 2 1 1 1 2
-6.585883798888953e-05 1 2 2 2 1 1 2 1
-6.585883798888934e-05 1 2 2 2 1 2 1 1
-0.0003725983275083551 1 2 2 2 1 2 2 2
0.0003725983275083551 1 2 2 2 2 1 1 1
6.585883798888934e-05 1 2 2 2 2 1 2 2
6.585883798888964e-05 1 2 2 2 2 2 1 2
0.00024088065153057592 1 2 2 2 2 2 2 1
-0.00041872929611874607 1 2 3 0 0 1 3 2
0.0004187292961187461 1 2 3 0 0 2 3 1
6.107889444042148 1 2 3 0 1 2 0 0
0.8854608393197053 1 2 3 0 1 2 0 3
1.6249050660328568 1 2 3 0 1 2 3 0
-0.024643246082998893 1 2 3 0 1 2 3 3
-6.107889444042148 1 2 3 0 2 1 0 0
-0.8854608393197054 1 2 3 0 2 1 0 3
-1.624905066032857 1 2 3 0 2 1 3 0
0.024643246082998893 1 2 3 0 2 1 3 3
-0.00047667024744096637 1 2 3 0 3 1 0 2
-0.0022727720069907215 1 2 3 0 3 1 3 2
0.0004766702474409666 1 2 3 0 3 2 0 1
0.0022727720069907215 1 2 3 0 3 2 3 1
-0.0004630744535662184 1 2 3 3 0 1 0 2
-0.002224999120040559 1 2 3 3 0 1 3 2
0.0004630744535662186 1 2 3 3 0 2 0 1
0.002224999120040559 1 2 3 3 0 2 3 1
0.8454052412501375 1 2 3 3 1 2 0 0
-0.02125549882723515 1 2 3 3 1 2 0 3
-0.024643246082998897 1 2 3 3 1 2 3 0
-0.0064489229746959535 1 2 3 3 1 2 3 3
-0.8454052412501375 1 2 3 3 2 1 0 0
0.02125549882723515 1 2 3 3 2 1 0 3
0.024643246082998897 1 2 3 3 2 1 3 0
0.0064489229746959535 1 2 3 3 2 1 3 3
-0.0009133122810897256 1 2 3 3 3 1 0 2
0.04343963712903632 1 2 3 3 3 1 3 2
0.0009133122810897256 1 2 3 3 3 2 0 1
-0.04343963712903631 1 2 3 3 3 2 3 1
-0.7687091289528267 1 3 0 1 0 0 0 0
-0.07353951093528945 1 3 0 1 0 0 0 3
12.337754186324101 1 3 0 1 0 0 3 0
-0.2966128429715347 1 3 0 1 0 0 3 3
12.810007463117577 1 3 0 1 0 3 0 0
-0.3006523503160043 1 3 0 1 0 3 0 3
61.82926596361848 1 3 0 1 0 3 3 0
2.9772633046311836 1 3 0 1 0 3 3 3
0.0054938453208909395 1 3 0 1 1 0 0 1
0.0013363590325790832 1 3 0 1 1 0 3 1
0.0015883876184502191 1 3 0 1 1 3 0 1
0.0054938453208909395 1 3 0 1 2 0 0 2
0.0013363590325790832 1 3 0 1 2 0 3 2
0.0015883876184502183 1 3 0 1 2 3 0 2
17.781613713567943 1 3 0 1 3 0 0 0
-0.5282437941636564 1 3 0 1 3 0 0 3
80.37654625502445 1 3 0 1 3 0 3 0
8.545689389915584 1 3 0 1 3 0 3 3
83.83265122825584 1 3 0 1 3 3 0 0
8.630576653801661 1 3 0 1 3 3 0 3
-1157.291224393897 1 3 0 1 3 3 3 0
34.374570702025366 1 3 0 1 3 3 3 3
37.928645124840166 1 3 0 2 1 0 0 2
8.221010103572695 1 3 0 2 1 0 3 2
9.004434886199258 1 3 0 2 1 3 0 2
-0.36177313772339775 1 3 0 2 1 3 3 2
-37.928645124840166 1 3 0 2 2 0 0 1
-8.221010103572693 1 3 0 2 2 0 3 1
-9.004434886199258 1 3 0 2 2 3 0 1
0.36177313772339775 1 3 0 2 2 3 3 1
0.0017970167875077572 1 3 1 0 0 0 1 1
0.0017970167875077572 1 3 1 0 0 0 2 2
-0.3590537819397169 1 3 1 0 0 3 1 1
-0.35905378193971693 1 3 1 0 0 3 2 2
0.006429586085437734 1 3 1 0 1 0 1 0
0.0011300422388598002 1 3 1 0 1 0 1 3
0.0017862771528712193 1 3 1 0 1 3 1 0
0.006429586085437734 1 3 1 0 2 0 2 0
0.0011300422388598002 1 3 1 0 2 0 2 3
0.0017862771528712193 1 3 1 0 2 3 2 0
-0.15338072240495546 1 3 1 0 3 0 1 1
-0.15338072240495546 1 3 1 0 3 0 2 2
-0.11528587405404776 1 3 1 0 3 3 1 1
-0.11528587405404776 1 3 1 0 3 3 2 2
-0.09900658836491971 1 3 1 3 0 0 1 1
-0.0990065883649197 1 3 1 3 0 0 2 2
-0.6912398699369042 1 3 1 3 0 3 1 1
-0.6912398699369041 1 3 1 3 0 3 2 2
0.0010780039440679396 1 3 1 3 1 0 1 0
0.0010780039440679398 1 3 1 3 2 0 2 0
-2.2722167496727668 1 3 1 3 3 0 1 1
-2.272216749672767 1 3 1 3 3 0 2 2
114.22855926313648 1 3 1 3 3 3 1 1
114.22855926313648 1 3 1 3 3 3 2 2
-0.0004187292961187461 1 3 2 0 0 3 1 2
0.00041872929611874623 1 3 2 0 0 3 2 1
6.107889444042145 1 3 2 0 1 0 2 0
0.8854608393197052 1 3 2 0 1 0 2 3
1.624905066032857 1 3 2 0 1 3 2 0
-0.024643246082998886 1 3 2 0 1 3 2 3
-6.107889444042146 1 3 2 0 2 0 1 0
-0.8854608393197054 1 3 2 0 2 0 1 3
-1.6249050660328572 1 3 2 0 2 3 1 0
0.024643246082998886 1 3 2 0 2 3 1 3
-0.00047667024744096637 1 3 2 0 3 0 1 2
0.00047667024744096637 1 3 2 0 3 0 2 1
-0.002272772006990721 1 3 2 0 3 3 1 2
0.002272772006990722 1 3 2 0 3 3 2 1
-0.0004630744535662186 1 3 2 3 0 0 1 2
0.0004630744535662186 1 3 2 3 0 0 2 1
-0.00222499912004056 1 3 2 3 0 3 1 2
0.00222499912004056 1 3 2 3 0 3 2 1
0.8454052412501375 1 3 2 3 1 0 2 0
-0.021255498827235143 1 3 2 3 1 0 2 3
-0.02464324608299889 1 3 2 3 1 3 2 0
-0.0064489229746959535 1 3 2 3 1 3 2 3
-0.8454052412501375 1 3 2 3 2 0 1 0
0.021255498827235143 1 3 2 3 2 0 1 3
0.02464324608299889 1 3 2 3 2 3 1 0
0.0064489229746959535 1 3 2 3 2 3 1 3
-0.0009133122810897269 1 3 2 3 3 0 1 2
0.0009133122810897273 1 3 2 3 3 0 2 1
0.04343963712903626 1 3 2 3 3 3 1 2
-0.04343963712903635 1 3 2 3 3 3 2 1
12.199997242255977 1 3 3 1 0 0 0 0
-0.2963901060868079 1 3 3 1 0 0 0 3
62.51828083443534 1 3 3 1 0 0 3 0
3.3358983572747833 1 3 3 1 0 0 3 3
62.51828083443536 1 3 3 1 0 3 0 0
3.3358983572747833 1 3 3 1 0 3 0 3
-663.9230024217162 1 3 3 1 0 3 3 0
12.121638610732106 1 3 3 1 0 3 3 3
0.001268961994744816 1 3 3 1 1 0 0 1
0.001268961994744816 1 3 3 1 2 0 0 2
80.91854096265442 1 3 3 1 3 0 0 0
8.65610596260175 1 3 3 1 3 0 0 3
-1271.4763440199033 1 3 3 1 3 0 3 0
34.4875838040724 1 3 3 1 3 0 3 3
-1271.4763440199029 1 3 3 1 3 3 0 0
34.4875838040724 1 3 3 1 3 3 0 3
-5984.773243244822 1 3 3 1 3 3 3 0
-37.47426005078993 1 3 3 1 3 3 3 3
7.849051590786587 1 3 3 2 1 0 0 2
-0.3617731377233978 1 3 3 2 1 0 3 2
-0.36177313772339775 1 3 3 2 1 3 0 2
-0.0851579402137407 1 3 3 2 1 3 3 2
-7.849051590786587 1 3 3 2 2 0 0 1
0.3617731377233978 1 3 3 2 2 0 3 1
0.36177313772339775 1 3 3 2 2 3 0 1
0.0851579402137407 1 3 3 2 2 3 3 1
1260.0587159378147 2 0 0 1 1 0 0 2
-37.928645124840166 2 0 0 1 1 0 3 2
-37.92864512484014 2 0 0 1 1 3 0 2
-7.849051590786584 2 0 0 1 1 3 3 2
-1260.058715937815 2 0 0 1 2 0 0 1
37.928645124840166 2 0 0 1 2 0 3 1
37.92864512484014 2 0 0 1 2 3 0 1
7.849051590786584 2 0 0 1 2 3 3 1
-0.1732744174196673 2 0 0 2 0 0 0 0
-0.7647093113858152 2 0 0 2 0 0 3 0
-0.07293147910266982 2 0 0 2 0 0 3 3
-0.7647093113858154 2 0 0 2 0 3 0 0
-0.07293147910266981 2 0 0 2 0 3 0 3
12.002910214433266 2 0 0 2 0 3 3 0
-0.29279607251179235 2 0 0 2 0 3 3 3
-0.5048214623696019 2 0 0 2 1 0 0 1
0.005493845320890946 2 0 0 2 1 0 3 1
0.005493845320890926 2 0 0 2 1 3 0 1
0.0012689619947448142 2 0 0 2 1 3 3 1
-0.5048214623696018 2 0 0 2 2 0 0 2
0.005493845320890946 2 0 0 2 2 0 3 2
0.005493845320890919 2 0 0 2 2 3 0 2
0.0012689619947448142 2 0 0 2 2 3 3 2
-0.9868256249417118 2 0 0 2 3 0 0 0
-0.13264480752653446 2 0 0 2 3 0 0 3
17.177142366133154 2 0 0 2 3 0 3 0
-0.5248488781886408 2 0 0 2 3 0 3 3
17.17714236613315 2 0 0 2 3 3 0 0
-0.5248488781886409 2 0 0 2 3 3 0 3
76.37593408787106 2 0 0 2 3 3 3 0
8.350297858286726 2 0 0 2 3 3 3 3
307.2702956295097 2 0 1 0 1 0 2 0
-2.4412799623595745 2 0 1 0 1 0 2 3
-6.10788944404214 2 0 1 0 1 3 2 0
-0.8454052412501377 2 0 1 0 1 3 2 3
-307.2702956295097 2 0 1 0 2 0 1 0
2.441279962359574 2 0 1 0 2 0 1 3
6.10788944404214 2 0 1 0 2 3 1 0
0.8454052412501377 2 0 1 0 2 3 1 3
0.00044934083101589716 2 0 1 0 3 3 1 2
-0.00044934083101589705 2 0 1 0 3 3 2 1
0.0004950906817958652 2 0 1 3 0 3 1 2
-0.0004950906817958652 2 0 1 3 0 3 2 1
-2.441279962359574 2 0 1 3 1 0 2 0
-1.311618234239325 2 0 1 3 1 0 2 3
-0.8854608393197055 2 0 1 3 1 3 2 0
0.021255498827235132 2 0 1 3 1 3 2 3
2.4412799623595745 2 0 1 3 2 0 1 0
1.3116182342393252 2 0 1 3 2 0 1 3
0.8854608393197055 2 0 1 3 2 3 1 0
-0.021255498827235132 2 0 1 3 2 3 1 3
0.00019597861488338105 2 0 1 3 3 0 1 2
-0.00019597861488338105 2 0 1 3 3 0 2 1
0.0008754004591169837 2 0 1 3 3 3 1 2
-0.0008754004591169837 2 0 1 3 3 3 2 1
0.000608031832619623 2 0 2 0 0 0 1 1
0.0006080318326196232 2 0 2 0 0 0 2 2
0.0017970167875077615 2 0 2 0 0 3 1 1
0.0017970167875077615 2 0 2 0 0 3 2 2
-0.6165421392448623 2 0 2 0 1 0 1 0
0.0037063272125996607 2 0 2 0 1 0 1 3
0.0064295860854377326 2 0 2 0 1 3 1 0
0.0010780039440679398 2 0 2 0 1 3 1 3
-0.6165421392448622 2 0 2 0 2 0 2 0
0.0037063272125996624 2 0 2 0 2 0 2 3
0.0064295860854377326 2 0 2 0 2 3 2 0
0.0010780039440679398 2 0 2 0 2 3 2 3
0.0033949159750155766 2 0 2 0 3 0 1 1
0.0033949159750155766 2 0 2 0 3 0 2 2
-0.15335339298853037 2 0 2 0 3 3 1 1
-0.15335339298853035 2 0 2 0 3 3 2 2
0.003999817567011508 2 0 2 3 0 0 1 1
0.003999817567011508 2 0 2 3 0 0 2 2
-0.0990386045931492 2 0 2 3 0 3 1 1
-0.09903860459314917 2 0 2 3 0 3 2 2
0.0037063272125996607 2 0 2 3 1 0 1 0
0.0015264585010026205 2 0 2 3 1 0 1 3
0.0011300422388598 2 0 2 3 1 3 1 0
0.0037063272125996607 2 0 2 3 2 0 2 0
0.0015264585010026205 2 0 2 3 2 0 2 3
0.0011300422388598 2 0 2 3 2 3 2 0
-0.6046673260496814 2 0 2 3 3 0 1 1
-0.6046673260496813 2 0 2 3 3 0 2 2
-2.2721788378507966 2 0 2 3 3 3 1 1
-2.272178837850797 2 0 2 3 3 3 2 2
-37.928645124840166 2 0 3 1 1 0 0 2
-9.00443488619926 2 0 3 1 1 0 3 2
-8.221010103572697 2 0 3 1 1 3 0 2
0.3617731377233977 2 0 3 1 1 3 3 2
37.928645124840166 2 0 3 1 2 0 0 1
9.004434886199258 2 0 3 1 2 0 3 1
8.221010103572697 2 0 3 1 2 3 0 1
-0.3617731377233977 2 0 3 1 2 3 3 1
-0.7687091289528267 2 0 3 2 0 0 0 0
-0.07353951093528945 2 0 3 2 0 0 0 3
12.81000746311758 2 0 3 2 0 0 3 0
-0.3006523503160041 2 0 3 2 0 0 3 3
12.337754186324103 2 0 3 2 0 3 0 0
-0.2966128429715348 2 0 3 2 0 3 0 3
61.82926596361848 2 0 3 2 0 3 3 0
2.9772633046311845 2 0 3 2 0 3 3 3
0.005493845320890929 2 0 3 2 1 0 0 1
0.0015883876184502148 2 0 3 2 1 0 3 1
0.0013363590325790832 2 0 3 2 1 3 0 1
0.005493845320890929 2 0 3 2 2 0 0 2
0.001588387618450213 2 0 3 2 2 0 3 2
0.0013363590325790832 2 0 3 2 2 3 0 2
17.781613713567946 2 0 3 2 3 0 0 0
-0.5282437941636564 2 0 3 2 3 0 0 3
83.83265122825581 2 0 3 2 3 0 3 0
8.630576653801665 2 0 3 2 3 0 3 3
80.37654625502448 2 0 3 2 3 3 0 0
8.545689389915585 2 0 3 2 3 3 0 3
-1157.2912243938974 2 0 3 2 3 3 3 0
34.37457070202536 2 0 3 2 3 3 3 3
307.2702956295097 2 1 0 0 1 2 0 0
-2.4412799623595745 2 1 0 0 1 2 0 3
-6.107889444042148 2 1 0 0 1 2 3 0
-0.8454052412501376 2 1 0 0 1 2 3 3
-307.2702956295098 2 1 0 0 2 1 0 0
2.441279962359574 2 1 0 0 2 1 0 3
6.107889444042148 2 1 0 0 2 1 3 0
0.8454052412501377 2 1 0 0 2 1 3 3
0.00044934083101589705 2 1 0 0 3 1 3 2
-0.00044934083101589705 2 1 0 0 3 2 3 1
0.0004950906817958648 2 1 0 3 0 1 3 2
-0.0004950906817958648 2 1 0 3 0 2 3 1
-2.4412799623595745 2 1 0 3 1 2 0 0
-1.311618234239325 2 1 0 3 1 2 0 3
-0.8854608393197053 2 1 0 3 1 2 3 0
0.02125549882723515 2 1 0 3 1 2 3 3
2.4412799623595745 2 1 0 3 2 1 0 0
1.3116182342393252 2 1 0 3 2 1 0 3
0.8854608393197053 2 1 0 3 2 1 3 0
-0.02125549882723515 2 1 0 3 2 1 3 3
0.00019597861488338084 2 1 0 3 3 1 0 2
0.0008754004591169815 2 1 0 3 3 1 3 2
-0.00019597861488338105 2 1 0 3 3 2 0 1
-0.0008754004591169811 2 1 0 3 3 2 3 1
0.00024088065153057592 2 1 1 1 1 1 1 2
6.585883798888953e-05 2 1 1 1 1 1 2 1
6.585883798888951e-05 2 1 1 1 1 2 1 1
0.0003725983275083549 2 1 1 1 1 2 2 2
-0.0003725983275083549 2 1 1 1 2 1 1 1
-6.585883798888945e-05 2 1 1 1 2 1 2 2
-6.585883798888953e-05 2 1 1 1 2 2 1 2
-0.00024088065153057592 2 1 1 1 2 2 2 1
-0.00020583581096806676 2 1 1 2 0 1 1 0
-0.00020583581096806687 2 1 1 2 0 2 2 0
-4.4174838543071447e-07 2 1 1 2 1 1 1 1
0.039989739231579155 2 1 1 2 1 1 2 2
0.03998973923157915 2 1 1 2 1 2 1 2
-0.07997992021154371 2 1 1 2 1 2 2 1
-0.07997992021154371 2 1 1 2 2 1 1 2
0.039989739231579155 2 1 1 2 2 1 2 1
0.039989739231579155 2 1 1 2 2 2 1 1
-4.4174838543070864e-07 2 1 1 2 2 2 2 2
-0.0012183313240092019 2 1 1 2 3 1 1 0
-1.6518111881475052e-05 2 1 1 2 3 1 1 3
-0.0012183313240092019 2 1 1 2 3 2 2 0
-1.6518111881475052e-05 2 1 1 2 3 2 2 3
3.2016228229646234e-05 2 1 2 1 0 1 1 0
3.2016228229646234e-05 2 1 2 1 0 2 2 0
2.208741927153899e-07 2 1 2 1 1 1 1 1
0.3717176321345847 2 1 2 1 1 1 2 2
-0.41170715049197126 2 1 2 1 1 2 1 2
0.03998973923157915 2 1 2 1 1 2 2 1
0.039989739231579155 2 1 2 1 2 1 1 2
-0.41170715049197126 2 1 2 1 2 1 2 1
0.3717176321345847 2 1 2 1 2 2 1 1
2.208741927153899e-07 2 1 2 1 2 2 2 2
-3.791182197274582e-05 2 1 2 1 3 1 1 0
-2.7329416425069332e-05 2 1 2 1 3 1 1 3
-3.791182197274582e-05 2 1 2 1 3 2 2 0
-2.732941642506936e-05 2 1 2 1 3 2 2 3
-0.23612663839674014 2 1 2 2 0 1 2 0
0.0020197536722346837 2 1 2 2 0 1 2 3
0.23612663839674014 2 1 2 2 0 2 1 0
-0.0020197536722346837 2 1 2 2 0 2 1 3
-5.22591689845762e-05 2 1 2 2 1 1 1 2
-6.69552894488339e-05 2 1 2 2 1 1 2 1
0.0001850732964222995 2 1 2 2 1 2 1 1
6.585883798888943e-05 2 1 2 2 1 2 2 2
-6.585883798888943e-05 2 1 2 2 2 1 1 1
-0.0001850732964222995 2 1 2 2 2 1 2 2
6.69552894488339e-05 2 1 2 2 2 2 1 2
5.22591689845762e-05 2 1 2 2 2 2 2 1
-1.7280524866156823 2 1 2 2 3 1 2 0
-0.0424436319430394 2 1 2 2 3 1 2 3
1.7280524866156823 2 1 2 2 3 2 1 0
0.0424436319430394 2 1 2 2 3 2 1 3
0.000418729296118746 2 1 3 0 0 1 3 2
-0.0004187292961187461 2 1 3 0 0 2 3 1
-6.107889444042147 2 1 3 0 1 2 0 0
-0.8854608393197054 2 1 3 0 1 2 0 3
-1.624905066032857 2 1 3 0 1 2 3 0
0.024643246082998893 2 1 3 0 1 2 3 3
6.107889444042149 2 1 3 0 2 1 0 0
0.8854608393197054 2 1 3 0 2 1 0 3
1.6249050660328572 2 1 3 0 2 1 3 0
-0.024643246082998893 2 1 3 0 2 1 3 3
0.0004766702474409666 2 1 3 0 3 1 0 2
0.0022727720069907215 2 1 3 0 3 1 3 2
-0.0004766702474409665 2 1 3 0 3 2 0 1
-0.0022727720069907215 2 1 3 0 3 2 3 1
0.0004630744535662184 2 1 3 3 0 1 0 2
0.0022249991200405583 2 1 3 3 0 1 3 2
-0.0004630744535662184 2 1 3 3 0 2 0 1
-0.002224999120040559 2 1 3 3 0 2 3 1
-0.8454052412501376 2 1 3 3 1 2 0 0
0.02125549882723515 2 1 3 3 1 2 0 3
0.024643246082998897 2 1 3 3 1 2 3 0
0.006448922974695952 2 1 3 3 1 2 3 3
0.8454052412501376 2 1 3 3 2 1 0 0
-0.02125549882723515 2 1 3 3 2 1 0 3
-0.024643246082998897 2 1 3 3 2 1 3 0
-0.006448922974695952 2 1 3 3 2 1 3 3
0.0009133122810897256 2 1 3 3 3 1 0 2
-0.043439637129036354 2 1 3 3 3 1 3 2
-0.0009133122810897256 2 1 3 3 3 2 0 1
0.04343963712903635 2 1 3 3 3 2 3 1
0.000608031832619623 2 2 0 0 0 1 0 1
0.001797016787507762 2 2 0 0 0 1 3 1
0.000608031832619623 2 2 0 0 0 2 0 2
0.001797016787507762 2 2 0 0 0 2 3 2
-0.616542139244862 2 2 0 0 1 1 0 0
0.003706327212599657 2 2 0 0 1 1 0 3
0.006429586085437741 2 2 0 0 1 1 3 0
0.0010780039440679394 2 2 0 0 1 1 3 3
-0.616542139244862 2 2 0 0 2 2 0 0
0.003706327212599657 2 2 0 0 2 2 0 3
0.006429586085437741 2 2 0 0 2 2 3 0
0.0010780039440679398 2 2 0 0 2 2 3 3
0.003394915975015577 2 2 0 0 3 1 0 1
-0.1533533929885304 2 2 0 0 3 1 3 1
0.003394915975015577 2 2 0 0 3 2 0 2
-0.1533533929885304 2 2 0 0 3 2 3 2
0.003999817567011509 2 2 0 3 0 1 0 1
-0.0990386045931491 2 2 0 3 0 1 3 1
0.003999817567011509 2 2 0 3 0 2 0 2
-0.0990386045931491 2 2 0 3 0 2 3 2
0.003706327212599658 2 2 0 3 1 1 0 0
0.001526458501002621 2 2 0 3 1 1 0 3
0.0011300422388597995 2 2 0 3 1 1 3 0
0.003706327212599658 2 2 0 3 2 2 0 0
0.0015264585010026205 2 2 0 3 2 2 0 3
0.0011300422388597995 2 2 0 3 2 2 3 0
-0.6046673260496814 2 2 0 3 3 1 0 1
-2.272178837850798 2 2 0 3 3 1 3 1
-0.6046673260496814 2 2 0 3 3 2 0 2
-2.272178837850798 2 2 0 3 3 2 3 2
3.201622822964627e-05 2 2 1 1 0 1 1 0
3.201622822964632e-05 2 2 1 1 0 2 2 0
2.2087419271538746e-07 2 2 1 1 1 1 1 1
-0.41170715049197126 2 2 1 1 1 1 2 2
0.3717176321345847 2 2 1 1 1 2 1 2
0.03998973923157914 2 2 1 1 1 2 2 1
0.03998973923157915 2 2 1 1 2 1 1 2
0.37171763213458475 2 2 1 1 2 1 2 1
-0.41170715049197126 2 2 1 1 2 2 1 1
2.2087419271535914e-07 2 2 1 1 2 2 2 2
-3.791182197274536e-05 2 2 1 1 3 1 1 0
-2.7329416425069332e-05 2 2 1 1 3 1 1 3
-3.791182197274536e-05 2 2 1 1 3 2 2 0
-2.7329416425069387e-05 2 2 1 1 3 2 2 3
0.23612663839674014 2 2 1 2 0 1 2 0
-0.0020197536722346837 2 2 1 2 0 1 2 3
-0.2361266383967401 2 2 1 2 0 2 1 0
0.0020197536722346837 2 2 1 2 0 2 1 3
-5.225916898457603e-05 2 2 1 2 1 1 1 2
0.0001850732964222995 2 2 1 2 1 1 2 1
-6.695528944883396e-05 2 2 1 2 1 2 1 1
6.585883798888952e-05 2 2 1 2 1 2 2 2
-6.585883798888952e-05 2 2 1 2 2 1 1 1
6.695528944883396e-05 2 2 1 2 2 1 2 2
-0.0001850732964222995 2 2 1 2 2 2 1 2
5.225916898457603e-05 2 2 1 2 2 2 2 1
1.7280524866156823 2 2 1 2 3 1 2 0
0.04244363194303939 2 2 1 2 3 1 2 3
-1.7280524866156823 2 2 1 2 3 2 1 0
-0.04244363194303939 2 2 1 2 3 2 1 3
0.0003453989894997283 2 2 2 1 1 1 1 2
-5.225916898457603e-05 2 2 2 1 1 1 2 1
-5.225916898457622e-05 2 2 2 1 1 2 1 1
0.00024088065153057608 2 2 2 1 1 2 2 2
-0.00024088065153057608 2 2 2 1 2 1 1 1
5.225916898457622e-05 2 2 2 1 2 1 2 2
5.225916898457603e-05 2 2 2 1 2 2 1 2
-0.0003453989894997283 2 2 2 1 2 2 2 1
-0.00014180335450877463 2 2 2 2 0 1 1 0
-0.00014180335450877466 2 2 2 2 0 2 2 0
2.208741927153628e-07 2 2 2 2 1 1 2 2
2.208741927153628e-07 2 2 2 2 1 2 1 2
-4.4174838543071203e-07 2 2 2 2 1 2 2 1
-4.4174838543071203e-07 2 2 2 2 2 1 1 2
2.208741927153628e-07 2 2 2 2 2 1 2 1
2.208741927153628e-07 2 2 2 2 2 2 1 1
-0.0012941549679546924 2 2 2 2 3 1 1 0
-7.117694473161374e-05 2 2 2 2 3 1 1 3
-0.0012941549679546924 2 2 2 2 3 2 2 0
-7.117694473161374e-05 2 2 2 2 3 2 2 3
0.0017970167875077606 2 2 3 0 0 1 0 1
-0.3590537819397168 2 2 3 0 0 1 3 1
0.0017970167875077606 2 2 3 0 0 2 0 2
-0.3590537819397168 2 2 3 0 0 2 3 2
0.006429586085437734 2 2 3 0 1 1 0 0
0.0011300422388597997 2 2 3 0 1 1 0 3
0.0017862771528712198 2 2 3 0 1 1 3 0
0.006429586085437734 2 2 3 0 2 2 0 0
0.0011300422388597997 2 2 3 0 2 2 0 3
0.0017862771528712198 2 2 3 0 2 2 3 0
-0.15338072240495548 2 2 3 0 3 1 0 1
-0.11528587405404787 2 2 3 0 3 1 3 1
-0.15338072240495548 2 2 3 0 3 2 0 2
-0.11528587405404787 2 2 3 0 3 2 3 2
-0.09900658836491971 2 2 3 3 0 1 0 1
-0.6912398699369042 2 2 3 3 0 1 3 1
-0.09900658836491967 2 2 3 3 0 2 0 2
-0.6912398699369041 2 2 3 3 0 2 3 2
0.0010780039440679394 2 2 3 3 1 1 0 0
0.0010780039440679394 2 2 3 3 2 2 0 0
-2.27221674967277 2 2 3 3 3 1 0 1
114.22855926313648 2 2 3 3 3 1 3 1
-2.27221674967277 2 2 3 3 3 2 0 2
114.22855926313648 2 2 3 3 3 2 3 2
-37.928645124840166 2 3 0 1 1 0 0 2
-8.221010103572697 2 3 0 1 1 0 3 2
-9.00443488619926 2 3 0 1 1 3 0 2
0.36177313772339775 2 3 0 1 1 3 3 2
37.928645124840166 2 3 0 1 2 0 0 1
8.221010103572695 2 3 0 1 2 0 3 1
9.00443488619926 2 3 0 1 2 3 0 1
-0.36177313772339775 2 3 0 1 2 3 3 1
-0.7687091289528267 2 3 0 2 0 0 0 0
-0.07353951093528945 2 3 0 2 0 0 0 3
12.3377541863241 2 3 0 2 0 0 3 0
-0.2966128429715347 2 3 0 2 0 0 3 3
12.810007463117577 2 3 0 2 0 3 0 0
-0.3006523503160043 2 3 0 2 0 3 0 3
61.82926596361848 2 3 0 2 0 3 3 0
2.977263304631183 2 3 0 2 0 3 3 3
0.0054938453208909395 2 3 0 2 1 0 0 1
0.0013363590325790832 2 3 0 2 1 0 3 1
0.001588387618450219 2 3 0 2 1 3 0 1
0.0054938453208909395 2 3 0 2 2 0 0 2
0.0013363590325790832 2 3 0 2 2 0 3 2
0.0015883876184502185 2 3 0 2 2 3 0 2
17.781613713567943 2 3 0 2 3 0 0 0
-0.5282437941636564 2 3 0 2 3 0 0 3
80.37654625502444 2 3 0 2 3 0 3 0
8.545689389915587 2 3 0 2 3 0 3 3
83.83265122825586 2 3 0 2 3 3 0 0
8.630576653801663 2 3 0 2 3 3 0 3
-1157.291224393897 2 3 0 2 3 3 3 0
34.37457070202536 2 3 0 2 3 3 3 3
0.0004187292961187461 2 3 1 0 0 3 1 2
-0.0004187292961187461 2 3 1 0 0 3 2 1
-6.107889444042146 2 3 1 0 1 0 2 0
-0.8854608393197054 2 3 1 0 1 0 2 3
-1.6249050660328572 2 3 1 0 1 3 2 0
0.024643246082998886 2 3 1 0 1 3 2 3
6.107889444042146 2 3 1 0 2 0 1 0
0.8854608393197054 2 3 1 0 2 0 1 3
1.6249050660328572 2 3 1 0 2 3 1 0
-0.024643246082998886 2 3 1 0 2 3 1 3
0.0004766702474409665 2 3 1 0 3 0 1 2
-0.0004766702474409665 2 3 1 0 3 0 2 1
0.002272772006990722 2 3 1 0 3 3 1 2
-0.002272772006990722 2 3 1 0 3 3 2 1
0.0004630744535662188 2 3 1 3 0 0 1 2
-0.0004630744535662188 2 3 1 3 0 0 2 1
0.00222499912004056 2 3 1 3 0 3 1 2
-0.00222499912004056 2 3 1 3 0 3 2 1
-0.8454052412501376 2 3 1 3 1 0 2 0
0.021255498827235143 2 3 1 3 1 0 2 3
0.02464324608299889 2 3 1 3 1 3 2 0
0.0064489229746959535 2 3 1 3 1 3 2 3
0.8454052412501376 2 3 1 3 2 0 1 0
-0.021255498827235143 2 3 1 3 2 0 1 3
-0.02464324608299889 2 3 1 3 2 3 1 0
-0.0064489229746959535 2 3 1 3 2 3 1 3
0.0009133122810897269 2 3 1 3 3 0 1 2
-0.0009133122810897273 2 3 1 3 3 0 2 1
-0.04343963712903637 2 3 1 3 3 3 1 2
0.0434396371290363 2 3 1 3 3 3 2 1
0.0017970167875077572 2 3 2 0 0 0 1 1
0.0017970167875077572 2 3 2 0 0 0 2 2
-0.3590537819397168 2 3 2 0 0 3 1 1
-0.3590537819397168 2 3 2 0 0 3 2 2
0.006429586085437734 2 3 2 0 1 0 1 0
0.0011300422388598002 2 3 2 0 1 0 1 3
0.0017862771528712185 2 3 2 0 1 3 1 0
0.006429586085437734 2 3 2 0 2 0 2 0
0.0011300422388598002 2 3 2 0 2 0 2 3
0.001786277152871221 2 3 2 0 2 3 2 0
-0.15338072240495546 2 3 2 0 3 0 1 1
-0.15338072240495543 2 3 2 0 3 0 2 2
-0.11528587405404776 2 3 2 0 3 3 1 1
-0.11528587405404776 2 3 2 0 3 3 2 2
-0.09900658836491971 2 3 2 3 0 0 1 1
-0.0990065883649197 2 3 2 3 0 0 2 2
-0.6912398699369041 2 3 2 3 0 3 1 1
-0.691239869936904 2 3 2 3 0 3 2 2
0.0010780039440679394 2 3 2 3 1 0 1 0
0.0010780039440679394 2 3 2 3 2 0 2 0
-2.2722167496727668 2 3 2 3 3 0 1 1
-2.2722167496727668 2 3 2 3 3 0 2 2
114.22855926313646 2 3 2 3 3 3 1 1
114.22855926313646 2 3 2 3 3 3 2 2
-7.849051590786586 2 3 3 1 1 0 0 2
0.3617731377233978 2 3 3 1 1 0 3 2
0.36177313772339775 2 3 3 1 1 3 0 2
0.0851579402137407 2 3 3 1 1 3 3 2
7.849051590786586 2 3 3 1 2 0 0 1
-0.3617731377233978 2 3 3 1 2 0 3 1
-0.36177313772339775 2 3 3 1 2 3 0 1
-0.0851579402137407 2 3 3 1 2 3 3 1
12.199997242255977 2 3 3 2 0 0 0 0
-0.2963901060868079 2 3 3 2 0 0 0 3
62.51828083443534 2 3 3 2 0 0 3 0
3.335898357274783 2 3 3 2 0 0 3 3
62.51828083443536 2 3 3 2 0 3 0 0
3.3358983572747833 2 3 3 2 0 3 0 3
-663.9230024217162 2 3 3 2 0 3 3 0
12.121638610732107 2 3 3 2 0 3 3 3
0.001268961994744816 2 3 3 2 1 0 0 1
0.001268961994744816 2 3 3 2 2 0 0 2
80.91854096265442 2 3 3 2 3 0 0 0
8.65610596260175 2 3 3 2 3 0 0 3
-1271.476344019903 2 3 3 2 3 0 3 0
34.4875838040724 2 3 3 2 3 0 3 3
-1271.476344019903 2 3 3 2 3 3 0 0
34.4875838040724 2 3 3 2 3 3 0 3
-5984.773243244822 2 3 3 2 3 3 3 0
-37.47426005078993 2 3 3 2 3 3 3 3
23794.254031180262 3 0 0 0 0 0 0 0
4221.443931786441 3 0 0 0 0 0 0 3
4427.535068503809 3 0 0 0 0 0 3 0
-211.67319632776326 3 0 0 0 0 0 3 3
4427.535068503809 3 0 0 0 0 3 0 0
-211.67319632776318 3 0 0 0 0 3 0 3
-296.9840989036758 3 0 0 0 0 3 3 0
-47.393957520451366 3 0 0 0 0 3 3 3
-0.07353951093528945 3 0 0 0 1 0 3 1
-0.07353951093528946 3 0 0 0 1 3 0 1
-0.2963901060868079 3 0 0 0 1 3 3 1
-0.07353951093528945 3 0 0 0 2 0 3 2
-0.07353951093528946 3 0 0 0 2 3 0 2
-0.2963901060868079 3 0 0 0 2 3 3 2
4523.62207641231 3 0 0 0 3 0 0 0
-182.53362122564022 3 0 0 0 3 0 0 3
-274.3167813655878 3 0 0 0 3 0 3 0
-39.69701631485544 3 0 0 0 3 0 3 3
-274.3167813655877 3 0 0 0 3 3 0 0
-39.697016314855446 3 0 0 0 3 3 0 3
-52.01506474405786 3 0 0 0 3 3 3 0
1.9908956307913628 3 0 0 0 3 3 3 3
2960.8803943862563 3 0 0 3 0 0 0 0
-160.969963811419 3 0 0 3 0 0 0 3
-177.1611027531247 3 0 0 3 0 0 3 0
-40.92908528206153 3 0 0 3 0 0 3 3
-177.16110275312462 3 0 0 3 0 3 0 0
-40.929085282061536 3 0 0 3 0 3 0 3
-40.86024473649693 3 0 0 3 0 3 3 0
1.785981307506748 3 0 0 3 0 3 3 3
-0.17327441741966737 3 0 0 3 1 0 0 1
-0.7687091289528266 3 0 0 3 1 0 3 1
-0.7687091289528266 3 0 0 3 1 3 0 1
12.199997242255979 3 0 0 3 1 3 3 1
-0.17327441741966737 3 0 0 3 2 0 0 2
-0.7687091289528266 3 0 0 3 2 0 3 2
-0.7687091289528266 3 0 0 3 2 3 0 2
12.199997242255979 3 0 0 3 2 3 3 2
-182.5336212256403 3 0 0 3 3 0 0 0
-42.04569643729724 3 0 0 3 3 0 0 3
-40.656828227891204 3 0 0 3 3 0 3 0
1.6718516158289807 3 0 0 3 3 0 3 3
-40.65682822789122 3 0 0 3 3 3 0 0
1.6718516158289802 3 0 0 3 3 3 0 3
2.0349923414905837 3 0 0 3 3 3 3 0
0.40183369050338197 3 0 0 3 3 3 3 3
0.0060490703641499 3 0 1 1 0 0 1 1
0.0060490703641499 3 0 1 1 0 0 2 2
0.0012855266250470297 3 0 1 1 0 3 1 1
0.0012855266250470297 3 0 1 1 0 3 2 2
0.0004630744535662186 3 0 1 1 1 3 1 0
0.0004630744535662186 3 0 1 1 2 3 2 0
0.0016411682095529882 3 0 1 1 3 0 1 1
0.0016411682095529877 3 0 1 1 3 0 2 2
3.415996325158492 3 0 1 2 0 0 1 2
-3.415996325158492 3 0 1 2 0 0 2 1
0.6570183577884195 3 0 1 2 0 3 1 2
-0.6570183577884195 3 0 1 2 0 3 2 1
-0.003999817567011508 3 0 1 2 1 0 2 0
-0.0006080318326196229 3 0 1 2 1 0 2 3
0.09900658836491968 3 0 1 2 1 3 2 0
-0.0017970167875077602 3 0 1 2 1 3 2 3
0.003999817567011508 3 0 1 2 2 0 1 0
0.0006080318326196231 3 0 1 2 2 0 1 3
-0.09900658836491966 3 0 1 2 2 3 1 0
0.0017970167875077602 3 0 1 2 2 3 1 3
0.958170744826226 3 0 1 2 3 0 1 2
-0.958170744826226 3 0 1 2 3 0 2 1
-0.02204835534961031 3 0 1 2 3 3 1 2
0.02204835534961031 3 0 1 2 3 3 2 1
-3.415996325158492 3 0 2 1 0 0 1 2
3.415996325158492 3 0 2 1 0 0 2 1
-0.6570183577884198 3 0 2 1 0 3 1 2
0.6570183577884198 3 0 2 1 0 3 2 1
0.003999817567011508 3 0 2 1 1 0 2 0
0.0006080318326196231 3 0 2 1 1 0 2 3
-0.09900658836491968 3 0 2 1 1 3 2 0
0.0017970167875077602 3 0 2 1 1 3 2 3
-0.003999817567011508 3 0 2 1 2 0 1 0
-0.0006080318326196231 3 0 2 1 2 0 1 3
0.09900658836491966 3 0 2 1 2 3 1 0
-0.0017970167875077602 3 0 2 1 2 3 1 3
-0.958170744826226 3 0 2 1 3 0 1 2
0.958170744826226 3 0 2 1 3 0 2 1
0.02204835534961031 3 0 2 1 3 3 1 2
-0.02204835534961031 3 0 2 1 3 3 2 1
0.0060490703641499 3 0 2 2 0 0 1 1
0.0060490703641499 3 0 2 2 0 0 2 2
0.0012855266250470301 3 0 2 2 0 3 1 1
0.0012855266250470301 3 0 2 2 0 3 2 2
0.0004630744535662186 3 0 2 2 1 3 1 0
0.0004630744535662184 3 0 2 2 2 3 2 0
0.0016411682095529873 3 0 2 2 3 0 1 1
0.0016411682095529869 3 0 2 2 3 0 2 2
4119.648230735057 3 0 3 0 0 0 0 0
-212.6502554337137 3 0 3 0 0 0 0 3
-311.50445324570705 3 0 3 0 0 0 3 0
-50.985471493138675 3 0 3 0 0 0 3 3
-297.75135450442787 3 0 3 0 0 3 0 0
-48.46629167065972 3 0 3 0 0 3 0 3
-62.799262911695074 3 0 3 0 0 3 3 0
2.5378916721583984 3 0 3 0 0 3 3 3
-0.07293147910266982 3 0 3 0 1 0 0 1
-0.3006523503160041 3 0 3 0 1 0 3 1
-0.2966128429715348 3 0 3 0 1 3 0 1
3.335898357274783 3 0 3 0 1 3 3 1
-0.07293147910266982 3 0 3 0 2 0 0 2
-0.3006523503160041 3 0 3 0 2 0 3 2
-0.2966128429715348 3 0 3 0 2 3 0 2
3.335898357274783 3 0 3 0 2 3 3 2
-274.31678136558776 3 0 3 0 3 0 0 0
-40.656828227891204 3 0 3 0 3 0 0 3
-56.33670874866657 3 0 3 0 3 0 3 0
2.093770805791906 3 0 3 0 3 0 3 3
-53.45639226419375 3 0 3 0 3 3 0 0
2.0398862593579508 3 0 3 0 3 3 0 3
3.1328827264057475 3 0 3 0 3 3 3 0
0.4803875833069291 3 0 3 0 3 3 3 3
-171.29407106802998 3 0 3 3 0 0 0 0
-39.61594058932123 3 0 3 3 0 0 0 3
-41.979448219320915 3 0 3 3 0 0 3 0
1.8357573314480065 3 0 3 3 0 0 3 3
-40.20383757169006 3 0 3 3 0 3 0 0
1.7884029829356776 3 0 3 3 0 3 0 3
2.1990597281181414 3 0 3 3 0 3 3 0
0.46127828337970894 3 0 3 3 0 3 3 3
-0.7647093113858151 3 0 3 3 1 0 0 1
12.810007463117582 3 0 3 3 1 0 3 1
12.337754186324105 3 0 3 3 1 3 0 1
62.51828083443535 3 0 3 3 1 3 3 1
-0.7647093113858151 3 0 3 3 2 0 0 2
12.810007463117582 3 0 3 3 2 0 3 2
12.337754186324105 3 0 3 3 2 3 0 2
62.51828083443535 3 0 3 3 2 3 3 2
-39.69701631485543 3 0 3 3 3 0 0 0
1.6718516158289807 3 0 3 3 3 0 0 3
2.093770805791906 3 0 3 3 3 0 3 0
0.4217556397885194 3 0 3 3 3 0 3 3
2.039886259357951 3 0 3 3 3 3 0 0
0.4084743402650946 3 0 3 3 3 3 0 3
0.4855464597712545 3 0 3 3 3 3 3 0
0.006049070364149902 3 1 0 1 0 1 0 1
0.0012855266250470308 3 1 0 1 0 1 3 1
0.006049070364149899 3 1 0 1 0 2 0 2
0.0012855266250470308 3 1 0 1 0 2 3 2
0.0004630744535662184 3 1 0 1 1 1 3 0
0.0004630744535662184 3 1 0 1 2 2 3 0
0.0016411682095529882 3 1 0 1 3 1 0 1
0.0016411682095529877 3 1 0 1 3 2 0 2
3.415996325158492 3 1 0 2 0 1 0 2
0.6570183577884194 3 1 0 2 0 1 3 2
-3.415996325158492 3 1 0 2 0 2 0 1
-0.6570183577884194 3 1 0 2 0 2 3 1
-0.003999817567011508 3 1 0 2 1 2 0 0
-0.0006080318326196229 3 1 0 2 1 2 0 3
0.09900658836491968 3 1 0 2 1 2 3 0
-0.0017970167875077613 3 1 0 2 1 2 3 3
0.003999817567011508 3 1 0 2 2 1 0 0
0.0006080318326196228 3 1 0 2 2 1 0 3
-0.0990065883649197 3 1 0 2 2 1 3 0
0.0017970167875077613 3 1 0 2 2 1 3 3
0.958170744826226 3 1 0 2 3 1 0 2
-0.02204835534961033 3 1 0 2 3 1 3 2
-0.9581707448262259 3 1 0 2 3 2 0 1
0.02204835534961033 3 1 0 2 3 2 3 1
0.005025260239845796 3 1 1 0 0 1 1 0
0.0009235997496121191 3 1 1 0 0 1 1 3
0.005025260239845796 3 1 1 0 0 2 2 0
0.0009235997496121191 3 1 1 0 0 2 2 3
0.001169277899502415 3 1 1 0 3 1 1 0
0.001169277899502415 3 1 1 0 3 2 2 0
0.0006822773496961112 3 1 1 3 0 1 1 0
0.000682277349696111 3 1 1 3 0 2 2 0
-0.0002058358109680668 3 1 1 3 1 1 1 1
-3.2016228229646255e-05 3 1 1 3 1 1 2 2
-3.201622822964628e-05 3 1 1 3 1 2 1 2
-0.00014180335450877447 3 1 1 3 1 2 2 1
-0.00014180335450877468 3 1 1 3 2 1 1 2
-3.201622822964628e-05 3 1 1 3 2 1 2 1
-3.201622822964631e-05 3 1 1 3 2 2 1 1
-0.0002058358109680668 3 1 1 3 2 2 2 2
6.8765493706395775 3 1 2 0 0 1 2 0
1.2595899112394744 3 1 2 0 0 1 2 3
-6.876549370639578 3 1 2 0 0 2 1 0
-1.2595899112394744 3 1 2 0 0 2 1 3
0.0020197536722346833 3 1 2 0 1 1 2 1
-0.0020197536722346833 3 1 2 0 1 2 1 1
0.0020197536722346833 3 1 2 0 2 1 2 2
-0.0020197536722346833 3 1 2 0 2 2 1 2
1.4401582422364017 3 1 2 0 3 1 2 0
-0.02694227321697728 3 1 2 0 3 1 2 3
-1.4401582422364017 3 1 2 0 3 2 1 0
0.02694227321697728 3 1 2 0 3 2 1 3
0.8878053238154402 3 1 2 3 0 1 2 0
-0.023677174256164137 3 1 2 3 0 1 2 3
-0.8878053238154402 3 1 2 3 0 2 1 0
0.023677174256164137 3 1 2 3 0 2 1 3
-0.23612663839674017 3 1 2 3 1 1 2 1
0.23612663839674014 3 1 2 3 1 2 1 1
-0.23612663839674014 3 1 2 3 2 1 2 2
0.23612663839674017 3 1 2 3 2 2 1 2
-0.026942273216977283 3 1 2 3 3 1 2 0
-0.006640649761712446 3 1 2 3 3 1 2 3
0.026942273216977283 3 1 2 3 3 2 1 0
0.006640649761712446 3 1 2 3 3 2 1 3
0.0012198886612508565 3 1 3 1 0 1 0 1
0.0012198886612508565 3 1 3 1 0 2 0 2
0.0004950906817958649 3 1 3 1 1 1 0 0
0.0022249991200405566 3 1 3 1 1 1 3 0
0.0004187292961187461 3 1 3 1 1 1 3 3
0.0004950906817958649 3 1 3 1 2 2 0 0
0.0022249991200405574 3 1 3 1 2 2 3 0
0.0004187292961187461 3 1 3 1 2 2 3 3
0.6169763593878561 3 1 3 2 0 1 0 2
-0.022941193683141077 3 1 3 2 0 1 3 2
-0.6169763593878561 3 1 3 2 0 2 0 1
0.022941193683141077 3 1 3 2 0 2 3 1
0.09903860459314924 3 1 3 2 1 2 0 0
-0.0017970167875077617 3 1 3 2 1 2 0 3
0.6912398699369041 3 1 3 2 1 2 3 0
0.3590537819397169 3 1 3 2 1 2 3 3
-0.09903860459314924 3 1 3 2 2 1 0 0
0.0017970167875077617 3 1 3 2 2 1 0 3
-0.691239869936904 3 1 3 2 2 1 3 0
-0.3590537819397169 3 1 3 2 2 1 3 3
-0.022048355349610322 3 1 3 2 3 1 0 2
-0.0051588764643253696 3 1 3 2 3 1 3 2
0.022048355349610322 3 1 3 2 3 2 0 1
0.0051588764643253696 3 1 3 2 3 2 3 1
-3.415996325158492 3 2 0 1 0 1 0 2
-0.6570183577884195 3 2 0 1 0 1 3 2
3.415996325158492 3 2 0 1 0 2 0 1
0.6570183577884195 3 2 0 1 0 2 3 1
0.003999817567011507 3 2 0 1 1 2 0 0
0.0006080318326196229 3 2 0 1 1 2 0 3
-0.09900658836491968 3 2 0 1 1 2 3 0
0.0017970167875077613 3 2 0 1 1 2 3 3
-0.003999817567011507 3 2 0 1 2 1 0 0
-0.0006080318326196229 3 2 0 1 2 1 0 3
0.0990065883649197 3 2 0 1 2 1 3 0
-0.0017970167875077613 3 2 0 1 2 1 3 3
-0.9581707448262261 3 2 0 1 3 1 0 2
0.02204835534961033 3 2 0 1 3 1 3 2
0.9581707448262261 3 2 0 1 3 2 0 1
-0.02204835534961033 3 2 0 1 3 2 3 1
0.006049070364149899 3 2 0 2 0 1 0 1
0.0012855266250470308 3 2 0 2 0 1 3 1
0.006049070364149899 3 2 0 2 0 2 0 2
0.0012855266250470308 3 2 0 2 0 2 3 2
0.0004630744535662184 3 2 0 2 1 1 3 0
0.0004630744535662184 3 2 0 2 2 2 3 0
0.0016411682095529886 3 2 0 2 3 1 0 1
0.0016411682095529886 3 2 0 2 3 2 0 2
-6.876549370639578 3 2 1 0 0 1 2 0
-1.2595899112394744 3 2 1 0 0 1 2 3
6.8765493706395775 3 2 1 0 0 2 1 0
1.2595899112394744 3 2 1 0 0 2 1 3
-0.0020197536722346833 3 2 1 0 1 1 2 1
0.0020197536722346833 3 2 1 0 1 2 1 1
-0.0020197536722346833 3 2 1 0 2 1 2 2
0.0020197536722346833 3 2 1 0 2 2 1 2
-1.4401582422364017 3 2 1 0 3 1 2 0
0.02694227321697728 3 2 1 0 3 1 2 3
1.4401582422364019 3 2 1 0 3 2 1 0
-0.02694227321697728 3 2 1 0 3 2 1 3
-0.8878053238154402 3 2 1 3 0 1 2 0
0.023677174256164137 3 2 1 3 0 1 2 3
0.8878053238154402 3 2 1 3 0 2 1 0
-0.023677174256164137 3 2 1 3 0 2 1 3
0.23612663839674017 3 2 1 3 1 1 2 1
-0.23612663839674014 3 2 1 3 1 2 1 1
0.23612663839674014 3 2 1 3 2 1 2 2
-0.23612663839674017 3 2 1 3 2 2 1 2
0.026942273216977283 3 2 1 3 3 1 2 0
0.006640649761712445 3 2 1 3 3 1 2 3
-0.026942273216977283 3 2 1 3 3 2 1 0
-0.006640649761712445 3 2 1 3 3 2 1 3
0.005025260239845796 3 2 2 0 0 1 1 0
0.0009235997496121191 3 2 2 0 0 1 1 3
0.005025260239845796 3 2 2 0 0 2 2 0
0.0009235997496121174 3 2 2 0 0 2 2 3
0.001169277899502415 3 2 2 0 3 1 1 0
0.0011692778995024133 3 2 2 0 3 2 2 0
0.000682277349696111 3 2 2 3 0 1 1 0
0.0006822773496961111 3 2 2 3 0 2 2 0
-0.0002058358109680668 3 2 2 3 1 1 1 1
-3.201622822964626e-05 3 2 2 3 1 1 2 2
-3.201622822964629e-05 3 2 2 3 1 2 1 2
-0.00014180335450877403 3 2 2 3 1 2 2 1
-0.00014180335450877403 3 2 2 3 2 1 1 2
-3.201622822964629e-05 3 2 2 3 2 1 2 1
-3.201622822964627e-05 3 2 2 3 2 2 1 1
-0.0002058358109680668 3 2 2 3 2 2 2 2
-0.616976359387856 3 2 3 1 0 1 0 2
0.022941193683141077 3 2 3 1 0 1 3 2
0.616976359387856 3 2 3 1 0 2 0 1
-0.022941193683141077 3 2 3 1 0 2 3 1
-0.09903860459314921 3 2 3 1 1 2 0 0
0.0017970167875077613 3 2 3 1 1 2 0 3
-0.691239869936904 3 2 3 1 1 2 3 0
-0.3590537819397169 3 2 3 1 1 2 3 3
0.09903860459314924 3 2 3 1 2 1 0 0
-0.0017970167875077613 3 2 3 1 2 1 0 3
0.6912398699369043 3 2 3 1 2 1 3 0
0.3590537819397169 3 2 3 1 2 1 3 3
0.022048355349610322 3 2 3 1 3 1 0 2
0.00515887646432537 3 2 3 1 3 1 3 2
-0.022048355349610322 3 2 3 1 3 2 0 1
-0.00515887646432537 3 2 3 1 3 2 3 1
0.0012198886612508565 3 2 3 2 0 1 0 1
0.0012198886612508565 3 2 3 2 0 2 0 2
0.0004950906817958649 3 2 3 2 1 1 0 0
0.0022249991200405566 3 2 3 2 1 1 3 0
0.0004187292961187461 3 2 3 2 1 1 3 3
0.0004950906817958649 3 2 3 2 2 2 0 0
0.0022249991200405574 3 2 3 2 2 2 3 0
0.00041872929611874634 3 2 3 2 2 2 3 3
4119.648230735059 3 3 0 0 0 0 0 0
-212.65025543371365 3 3 0 0 0 0 0 3
-297.751354504428 3 3 0 0 0 0 3 0
-48.466291670659714 3 3 0 0 0 0 3 3
-311.504453245707 3 3 0 0 0 3 0 0
-50.985471493138675 3 3 0 0 0 3 0 3
-62.79926291169506 3 3 0 0 0 3 3 0
2.5378916721583984 3 3 0 0 0 3 3 3
-0.07293147910266981 3 3 0 0 1 0 0 1
-0.29661284297153473 3 3 0 0 1 0 3 1
-0.3006523503160042 3 3 0 0 1 3 0 1
3.335898357274783 3 3 0 0 1 3 3 1
-0.07293147910266981 3 3 0 0 2 0 0 2
-0.29661284297153473 3 3 0 0 2 0 3 2
-0.3006523503160042 3 3 0 0 2 3 0 2
3.335898357274783 3 3 0 0 2 3 3 2
-274.31678136558776 3 3 0 0 3 0 0 0
-40.65682822789121 3 3 0 0 3 0 0 3
-53.45639226419375 3 3 0 0 3 0 3 0
2.039886259357951 3 3 0 0 3 0 3 3
-56.33670874866659 3 3 0 0 3 3 0 0
2.0937708057919053 3 3 0 0 3 3 0 3
3.1328827264057475 3 3 0 0 3 3 3 0
0.48038758330692904 3 3 0 0 3 3 3 3
-171.29407106803006 3 3 0 3 0 0 0 0
-39.615940589321234 3 3 0 3 0 0 0 3
-40.203837571690045 3 3 0 3 0 0 3 0
1.7884029829356778 3 3 0 3 0 0 3 3
-41.97944821932093 3 3 0 3 0 3 0 0
1.8357573314480058 3 3 0 3 0 3 0 3
2.1990597281181414 3 3 0 3 0 3 3 0
0.461278283379709 3 3 0 3 0 3 3 3
-0.764709311385815 3 3 0 3 1 0 0 1
12.337754186324105 3 3 0 3 1 0 3 1
12.81000746311758 3 3 0 3 1 3 0 1
62.51828083443535 3 3 0 3 1 3 3 1
-0.764709311385815 3 3 0 3 2 0 0 2
12.337754186324103 3 3 0 3 2 0 3 2
12.81000746311758 3 3 0 3 2 3 0 2
62.51828083443536 3 3 0 3 2 3 3 2
-39.69701631485543 3 3 0 3 3 0 0 0
1.6718516158289807 3 3 0 3 3 0 0 3
2.039886259357951 3 3 0 3 3 0 3 0
0.40847434026509455 3 3 0 3 3 0 3 3
2.093770805791906 3 3 0 3 3 3 0 0
0.42175563978851943 3 3 0 3 3 3 0 3
0.4855464597712545 3 3 0 3 3 3 3 0
0.001219888661250856 3 3 1 1 0 0 1 1
0.001219888661250856 3 3 1 1 0 0 2 2
0.0004950906817958649 3 3 1 1 1 0 1 0
0.002224999120040561 3 3 1 1 1 3 1 0
0.0004187292961187461 3 3 1 1 1 3 1 3
0.0004950906817958649 3 3 1 1 2 0 2 0
0.00222499912004056 3 3 1 1 2 3 2 0
0.00041872929611874623 3 3 1 1 2 3 2 3
0.6169763593878561 3 3 1 2 0 0 1 2
-0.6169763593878561 3 3 1 2 0 0 2 1
-0.02294119368314107 3 3 1 2 0 3 1 2
0.02294119368314107 3 3 1 2 0 3 2 1
0.09903860459314934 3 3 1 2 1 0 2 0
-0.001797016787507759 3 3 1 2 1 0 2 3
0.6912398699369041 3 3 1 2 1 3 2 0
0.3590537819397169 3 3 1 2 1 3 2 3
-0.09903860459314932 3 3 1 2 2 0 1 0
0.001797016787507759 3 3 1 2 2 0 1 3
-0.691239869936904 3 3 1 2 2 3 1 0
-0.3590537819397169 3 3 1 2 2 3 1 3
-0.022048355349610325 3 3 1 2 3 0 1 2
0.022048355349610325 3 3 1 2 3 0 2 1
-0.00515887646432537 3 3 1 2 3 3 1 2
0.00515887646432537 3 3 1 2 3 3 2 1
-0.616976359387856 3 3 2 1 0 0 1 2
0.616976359387856 3 3 2 1 0 0 2 1
0.02294119368314107 3 3 2 1 0 3 1 2
-0.02294119368314107 3 3 2 1 0 3 2 1
-0.0990386045931493 3 3 2 1 1 0 2 0
0.001797016787507759 3 3 2 1 1 0 2 3
-0.6912398699369043 3 3 2 1 1 3 2 0
-0.35905378193971677 3 3 2 1 1 3 2 3
0.09903860459314931 3 3 2 1 2 0 1 0
-0.001797016787507759 3 3 2 1 2 0 1 3
0.6912398699369042 3 3 2 1 2 3 1 0
0.3590537819397168 3 3 2 1 2 3 1 3
0.022048355349610325 3 3 2 1 3 0 1 2
-0.022048355349610325 3 3 2 1 3 0 2 1
0.00515887646432537 3 3 2 1 3 3 1 2
-0.00515887646432537 3 3 2 1 3 3 2 1
0.001219888661250856 3 3 2 2 0 0 1 1
0.001219888661250856 3 3 2 2 0 0 2 2
0.0004950906817958651 3 3 2 2 1 0 1 0
0.002224999120040559 3 3 2 2 1 3 1 0
0.0004187292961187461 3 3 2 2 1 3 1 3
0.0004950906817958651 3 3 2 2 2 0 2 0
0.0022249991200405583 3 3 2 2 2 3 2 0
0.00041872929611874634 3 3 2 2 2 3 2 3
-284.75546084342085 3 3 3 0 0 0 0 0
-46.93738352616117 3 3 3 0 0 0 0 3
-61.17257156850933 3 3 3 0 0 0 3 0
2.536189619758541 3 3 3 0 0 0 3 3
-61.17257156850935 3 3 3 0 0 3 0 0
2.5361896197585403 3 3 3 0 0 3 0 3
3.624370214378736 3 3 3 0 0 3 3 0
0.6169080822913292 3 3 3 0 0 3 3 3
-0.29279607251179224 3 3 3 0 1 0 0 1
2.9772633046311836 3 3 3 0 1 0 3 1
2.977263304631183 3 3 3 0 1 3 0 1
12.121638610732102 3 3 3 0 1 3 3 1
-0.29279607251179224 3 3 3 0 2 0 0 2
2.9772633046311836 3 3 3 0 2 0 3 2
2.977263304631183 3 3 3 0 2 3 0 2
12.1216386107321 3 3 3 0 2 3 3 2
-52.01506474405785 3 3 3 0 3 0 0 0
2.034992341490584 3 3 3 0 3 0 0 3
3.132882726405748 3 3 3 0 3 0 3 0
0.4855464597712545 3 3 3 0 3 0 3 3
3.132882726405748 3 3 3 0 3 3 0 0
0.4855464597712545 3 3 3 0 3 3 0 3
0.697299166966885 3 3 3 0 3 3 3 0
-37.850670477281646 3 3 3 3 0 0 0 0
1.7434703098522784 3 3 3 3 0 0 0 3
2.151475288352002 3 3 3 3 0 0 3 0
0.4548293604050131 3 3 3 3 0 0 3 3
2.1514752883520014 3 3 3 3 0 3 0 0
0.45482936040501315 3 3 3 3 0 3 0 3
0.5317501420775884 3 3 3 3 0 3 3 0
12.00291021443327 3 3 3 3 1 0 0 1
61.82926596361846 3 3 3 3 1 0 3 1
61.82926596361848 3 3 3 3 1 3 0 1
-663.9230024217161 3 3 3 3 1 3 3 1
12.00291021443327 3 3 3 3 2 0 0 2
61.82926596361846 3 3 3 3 2 0 3 2
61.82926596361848 3 3 3 3 2 3 0 2
-663.9230024217162 3 3 3 3 2 3 3 2
1.990895630791364 3 3 3 3 3 0 0 0
0.4018336905033819 3 3 3 3 3 0 0 3
0.4803875833069292 3 3 3 3 3 0 3 0
0.48038758330692916 3 3 3 3 3 3 0 0
