-854185.5199687664 0 0 0 0 0 0 0 0
9742.573149449616 0 0 0 0 0 0 0 3
25728.41879955213 0 0 0 0 0 0 3 0
3918.228934301298 0 0 0 0 0 0 3 3
25728.41879955212 0 0 0 0 0 3 0 0
3918.2289343012985 0 0 0 0 0 3 0 3
4971.692490397775 0 0 0 0 0 3 3 0
-212.41436221253963 0 0 0 0 0 3 3 3
-0.10809745579626631 0 0 0 0 1 0 0 1
-0.4268128587823488 0 0 0 0 1 0 3 1
-0.42681285878234876 0 0 0 0 1 3 0 1
6.853766688025577 0 0 0 0 1 3 3 1
-0.10809745579626631 0 0 0 0 2 0 0 2
-0.4268128587823488 0 0 0 0 2 0 3 2
-0.42681285878234876 0 0 0 0 2 3 0 2
6.853766688025578 0 0 0 0 2 3 3 2
26064.602804081143 0 0 0 0 3 0 0 0
3249.7491203652025 0 0 0 0 3 0 0 3
4328.0823880401185 0 0 0 0 3 0 3 0
-185.8018491150244 0 0 0 0 3 0 3 3
4328.082388040122 0 0 0 0 3 3 0 0
-185.80184911502442 0 0 0 0 3 3 0 3
-311.11330615779974 0 0 0 0 3 3 3 0
-42.2058995288269 0 0 0 0 3 3 3 3
9742.573149449609 0 0 0 3 0 0 0 0
4703.450009810638 0 0 0 3 0 0 0 3
4143.632492231591 0 0 0 3 0 0 3 0
-165.04936980864937 0 0 0 3 0 0 3 3
4143.632492231593 0 0 0 3 0 3 0 0
-165.04936980864932 0 0 0 3 0 3 0 3
-221.6061946420195 0 0 0 3 0 3 3 0
-47.310808702892146 0 0 0 3 0 3 3 3
-0.8249261462451978 0 0 0 3 1 0 0 1
14.101138919899487 0 0 0 3 1 0 3 1
14.101138919899482 0 0 0 3 1 3 0 1
66.8558012074386 0 0 0 3 1 3 3 1
-0.8249261462451978 0 0 0 3 2 0 0 2
14.101138919899487 0 0 0 3 2 0 3 2
14.101138919899482 0 0 0 3 2 3 0 2
66.85580120743862 0 0 0 3 2 3 3 2
4187.538473092272 0 0 0 3 3 0 0 0
-160.69044736362088 0 0 0 3 3 0 0 3
-218.366200211998 0 0 0 3 3 0 3 0
-42.655244448807316 0 0 0 3 3 0 3 3
-218.366200211998 0 0 0 3 3 3 0 0
-42.65524444880733 0 0 0 3 3 3 0 3
-49.351133480546245 0 0 0 3 3 3 3 0
1.8590154632732632 0 0 0 3 3 3 3 3
-0.7211245538344723 0 0 1 1 0 0 1 1
-0.7211245538344724 0 0 1 1 0 0 2 2
0.008597847087374474 0 0 1 1 0 3 1 1
0.008597847087374478 0 0 1 1 0 3 2 2
0.00040354369017094526 0 0 1 1 1 0 1 0
0.0017479554842283194 0 0 1 1 1 3 1 0
0.0006094816690342438 0 0 1 1 1 3 1 3
0.00040354369017094505 0 0 1 1 2 0 2 0
0.0017479554842283194 0 0 1 1 2 3 2 0
0.0006094816690342438 0 0 1 1 2 3 2 3
0.008527672823570098 0 0 1 1 3 0 1 1
0.008527672823570098 0 0 1 1 3 0 2 2
0.001632269862448989 0 0 1 1 3 3 1 1
0.0016322698624489885 0 0 1 1 3 3 2 2
-224.6824333764567 0 0 1 2 0 0 1 2
224.68243337645671 0 0 1 2 0 0 2 1
4.5873183676525535 0 0 1 2 0 3 1 2
-4.587318367652554 0 0 1 2 0 3 2 1
0.30575626306205367 0 0 1 2 1 0 2 0
0.0011986741940547467 0 0 1 2 1 0 2 3
1.1812137712260242 0 0 1 2 1 3 2 0
0.009256127059345339 0 0 1 2 1 3 2 3
-0.3057562630620536 0 0 1 2 2 0 1 0
-0.0011986741940547467 0 0 1 2 2 0 1 3
-1.181213771226024 0 0 1 2 2 3 1 0
-0.00925612705934534 0 0 1 2 2 3 1 3
4.402607698995812 0 0 1 2 3 0 1 2
-4.402607698995812 0 0 1 2 3 0 2 1
0.7756733847397879 0 0 1 2 3 3 1 2
-0.7756733847397879 0 0 1 2 3 3 2 1
224.68243337645671 0 0 2 1 0 0 1 2
-224.68243337645671 0 0 2 1 0 0 2 1
-4.587318367652554 0 0 2 1 0 3 1 2
4.587318367652554 0 0 2 1 0 3 2 1
-0.3057562630620537 0 0 2 1 1 0 2 0
-0.0011986741940547467 0 0 2 1 1 0 2 3
-1.1812137712260242 0 0 2 1 1 3 2 0
-0.009256127059345367 0 0 2 1 1 3 2 3
0.30575626306205367 0 0 2 1 2 0 1 0
0.0011986741940547467 0 0 2 1 2 0 1 3
1.181213771226024 0 0 2 1 2 3 1 0
0.009256127059345368 0 0 2 1 2 3 1 3
-4.402607698995811 0 0 2 1 3 0 1 2
4.402607698995811 0 0 2 1 3 0 2 1
-0.775673384739788 0 0 2 1 3 3 1 2
0.775673384739788 0 0 2 1 3 3 2 1
-0.7211245538344725 0 0 2 2 0 0 1 1
-0.7211245538344723 0 0 2 2 0 0 2 2
0.008597847087374478 0 0 2 2 0 3 1 1
0.008597847087374478 0 0 2 2 0 3 2 2
0.00040354369017094526 0 0 2 2 1 0 1 0
0.0017479554842283194 0 0 2 2 1 3 1 0
0.0006094816690342438 0 0 2 2 1 3 1 3
0.00040354369017094526 0 0 2 2 2 0 2 0
0.0017479554842283194 0 0 2 2 2 3 2 0
0.0006094816690342438 0 0 2 2 2 3 2 3
0.008527672823570098 0 0 2 2 3 0 1 1
0.008527672823570098 0 0 2 2 3 0 2 2
0.001632269862448989 0 0 2 2 3 3 1 1
0.0016322698624489894 0 0 2 2 3 3 2 2
25728.418799552135 0 0 3 0 0 0 0 0
4143.63249223159 0 0 3 0 0 0 0 3
6069.626813721782 0 0 3 0 0 0 3 0
-225.71877987128966 0 0 3 0 0 0 3 3
5338.053296803554 0 0 3 0 0 3 0 0
-219.91473777659922 0 0 3 0 0 3 0 3
-366.1390615481921 0 0 3 0 0 3 3 0
-56.361170661752 0 0 3 0 0 3 3 3
-0.42801153297640354 0 0 3 0 1 0 0 1
6.904715191444524 0 0 3 0 1 0 3 1
6.86500489769235 0 0 3 0 1 3 0 1
26.331729676035227 0 0 3 0 1 3 3 1
-0.42801153297640354 0 0 3 0 2 0 0 2
6.904715191444524 0 0 3 0 2 0 3 2
6.865004897692351 0 0 3 0 2 3 0 2
26.331729676035227 0 0 3 0 2 3 3 2
4717.8958313646435 0 0 3 0 3 0 0 0
-193.06998260628896 0 0 3 0 3 0 0 3
-341.783286482227 0 0 3 0 3 0 3 0
-47.10612538621275 0 0 3 0 3 0 3 3
-326.65502756702506 0 0 3 0 3 3 0 0
-45.15830823114818 0 0 3 0 3 3 0 3
-64.88340119624503 0 0 3 0 3 3 3 0
2.4112443385286113 0 0 3 0 3 3 3 3
3918.228934301299 0 0 3 3 0 0 0 0
-165.04936980864932 0 0 3 3 0 0 0 3
-225.71877987128963 0 0 3 3 0 0 3 0
-51.53716070899677 0 0 3 3 0 0 3 3
-219.91473777659925 0 0 3 3 0 3 0 0
-48.72038768699586 0 0 3 3 0 3 0 3
-57.55300773870189 0 0 3 3 0 3 3 0
2.1376860084302907 0 0 3 3 0 3 3 3
13.795786200527603 0 0 3 3 1 0 0 1
70.13428991170933 0 0 3 3 1 0 3 1
67.16306308828138 0 0 3 3 1 3 0 1
-991.3240514022405 0 0 3 3 1 3 3 1
13.795786200527603 0 0 3 3 2 0 0 2
70.13428991170932 0 0 3 3 2 0 3 2
67.16306308828136 0 0 3 3 2 3 0 2
-991.3240514022403 0 0 3 3 2 3 3 2
-216.81206295962372 0 0 3 3 3 0 0 0
-44.27576162963686 0 0 3 3 3 0 0 3
-53.58030900252028 0 0 3 3 3 0 3 0
1.9575167734533985 0 0 3 3 3 0 3 3
-51.08719424832229 0 0 3 3 3 3 0 0
1.9098294938619949 0 0 3 3 3 3 0 3
2.7044877556576 0 0 3 3 3 3 3 0
0.5025019305997982 0 0 3 3 3 3 3 3
-0.7211245538344726 0 1 0 1 0 1 0 1
0.008597847087374488 0 1 0 1 0 1 3 1
-0.7211245538344725 0 1 0 1 0 2 0 2
0.008597847087374488 0 1 0 1 0 2 3 2
0.00040354369017094575 0 1 0 1 1 1 0 0
0.0017479554842283241 0 1 0 1 1 1 3 0
0.0006094816690342443 0 1 0 1 1 1 3 3
0.00040354369017094575 0 1 0 1 2 2 0 0
0.0017479554842283241 0 1 0 1 2 2 3 0
0.0006094816690342443 0 1 0 1 2 2 3 3
0.008527672823570098 0 1 0 1 3 1 0 1
0.001632269862448989 0 1 0 1 3 1 3 1
0.008527672823570101 0 1 0 1 3 2 0 2
0.001632269862448989 0 1 0 1 3 2 3 2
-224.68243337645671 0 1 0 2 0 1 0 2
4.587318367652556 0 1 0 2 0 1 3 2
224.68243337645674 0 1 0 2 0 2 0 1
-4.587318367652557 0 1 0 2 0 2 3 1
0.3057562630620534 0 1 0 2 1 2 0 0
0.0011986741940547508 0 1 0 2 1 2 0 3
1.181213771226024 0 1 0 2 1 2 3 0
0.009256127059345157 0 1 0 2 1 2 3 3
-0.3057562630620534 0 1 0 2 2 1 0 0
-0.0011986741940547508 0 1 0 2 2 1 0 3
-1.1812137712260238 0 1 0 2 2 1 3 0
-0.009256127059345157 0 1 0 2 2 1 3 3
4.402607698995814 0 1 0 2 3 1 0 2
0.7756733847397879 0 1 0 2 3 1 3 2
-4.402607698995813 0 1 0 2 3 2 0 1
-0.7756733847397879 0 1 0 2 3 2 3 1
-0.5740479466685708 0 1 1 0 0 1 1 0
0.00243830197453594 0 1 1 0 0 1 1 3
-0.5740479466685707 0 1 1 0 0 2 2 0
0.00243830197453594 0 1 1 0 0 2 2 3
-3.5853697733677554e-06 0 1 1 0 1 1 1 1
2.612281122354084e-05 0 1 1 0 1 1 2 2
2.612281122354082e-05 0 1 1 0 1 2 1 2
-5.58309922204494e-05 0 1 1 0 1 2 2 1
-5.58309922204494e-05 0 1 1 0 2 1 1 2
2.612281122354082e-05 0 1 1 0 2 1 2 1
2.612281122354084e-05 0 1 1 0 2 2 1 1
-3.5853697733677554e-06 0 1 1 0 2 2 2 2
0.0059143895907094145 0 1 1 0 3 1 1 0
0.0008125480781212054 0 1 1 0 3 1 1 3
0.005914389590709418 0 1 1 0 3 2 2 0
0.0008125480781212054 0 1 1 0 3 2 2 3
0.0024383019745359384 0 1 1 3 0 1 1 0
0.0011924731032817025 0 1 1 3 0 1 1 3
0.0024383019745359384 0 1 1 3 0 2 2 0
0.0011924731032817025 0 1 1 3 0 2 2 3
-0.0011095440602208548 0 1 1 3 1 1 1 1
4.740810355529443e-06 0 1 1 3 1 1 2 2
4.740810355529924e-06 0 1 1 3 1 2 1 2
-0.0011190256809319138 0 1 1 3 1 2 2 1
-0.0011190256809319142 0 1 1 3 2 1 1 2
4.7408103555300325e-06 0 1 1 3 2 1 2 1
4.74081035552966e-06 0 1 1 3 2 2 1 1
-0.0011095440602208548 0 1 1 3 2 2 2 2
0.000986588112599507 0 1 1 3 3 1 1 0
0.000986588112599507 0 1 1 3 3 2 2 0
-365.78675845911243 0 1 2 0 0 1 2 0
2.9020210473451677 0 1 2 0 0 1 2 3
365.7867584591125 0 1 2 0 0 2 1 0
-2.9020210473451677 0 1 2 0 0 2 1 3
-0.019855146876085562 0 1 2 0 1 1 2 1
0.01985514687608555 0 1 2 0 1 2 1 1
-0.01985514687608555 0 1 2 0 2 1 2 2
0.019855146876085562 0 1 2 0 2 2 1 2
7.564129457601001 0 1 2 0 3 1 2 0
0.9739085775322958 0 1 2 0 3 1 2 3
-7.564129457601001 0 1 2 0 3 2 1 0
-0.9739085775322958 0 1 2 0 3 2 1 3
2.9020210473451664 0 1 2 3 0 1 2 0
1.4083865110004532 0 1 2 3 0 1 2 3
-2.902021047345167 0 1 2 3 0 2 1 0
-1.4083865110004532 0 1 2 3 0 2 1 3
-1.485613411713977 0 1 2 3 1 1 2 1
1.4856134117139772 0 1 2 3 1 2 1 1
-1.4856134117139772 0 1 2 3 2 1 2 2
1.485613411713977 0 1 2 3 2 2 1 2
1.2465573770989848 0 1 2 3 3 1 2 0
-0.023843639795701813 0 1 2 3 3 1 2 3
-1.2465573770989846 0 1 2 3 3 2 1 0
0.023843639795701813 0 1 2 3 3 2 1 3
0.008597847087374485 0 1 3 1 0 1 0 1
0.002162880621501536 0 1 3 1 0 1 3 1
0.008597847087374485 0 1 3 1 0 2 0 2
0.002162880621501536 0 1 3 1 0 2 3 2
0.001743214673872792 0 1 3 1 1 1 0 0
0.0005833588578107038 0 1 3 1 1 1 0 3
-0.11599181647595357 0 1 3 1 1 1 3 0
0.0029781391520784925 0 1 3 1 1 1 3 3
0.001743214673872792 0 1 3 1 2 2 0 0
0.0005833588578107038 0 1 3 1 2 2 0 3
-0.11599181647595358 0 1 3 1 2 2 3 0
0.0029781391520784925 0 1 3 1 2 2 3 3
0.0017290243603613744 0 1 3 1 3 1 0 1
0.0017290243603613744 0 1 3 1 3 2 0 2
4.587318367652557 0 1 3 2 0 1 0 2
1.1896741963284219 0 1 3 2 0 1 3 2
-4.587318367652558 0 1 3 2 0 2 0 1
-1.189674196328422 0 1 3 2 0 2 3 1
1.1812090304156684 0 1 3 2 1 2 0 0
0.009230004248121608 0 1 3 2 1 2 0 3
-57.56747658974026 0 1 3 2 1 2 3 0
-0.4508865639813927 0 1 3 2 1 2 3 3
-1.1812090304156684 0 1 3 2 2 1 0 0
-0.009230004248121601 0 1 3 2 2 1 0 3
57.56747658974027 0 1 3 2 2 1 3 0
0.45088656398139265 0 1 3 2 2 1 3 3
0.8410171652999465 0 1 3 2 3 1 0 2
-0.029919469217600806 0 1 3 2 3 1 3 2
-0.8410171652999465 0 1 3 2 3 2 0 1
0.029919469217600806 0 1 3 2 3 2 3 1
224.68243337645674 0 2 0 1 0 1 0 2
-4.587318367652556 0 2 0 1 0 1 3 2
-224.68243337645677 0 2 0 1 0 2 0 1
4.587318367652557 0 2 0 1 0 2 3 1
-0.3057562630620533 0 2 0 1 1 2 0 0
-0.0011986741940547508 0 2 0 1 1 2 0 3
-1.181213771226024 0 2 0 1 1 2 3 0
-0.009256127059345157 0 2 0 1 1 2 3 3
0.30575626306205334 0 2 0 1 2 1 0 0
0.0011986741940547508 0 2 0 1 2 1 0 3
1.1812137712260238 0 2 0 1 2 1 3 0
0.009256127059345157 0 2 0 1 2 1 3 3
-4.402607698995813 0 2 0 1 3 1 0 2
-0.7756733847397879 0 2 0 1 3 1 3 2
4.402607698995813 0 2 0 1 3 2 0 1
0.7756733847397879 0 2 0 1 3 2 3 1
-0.7211245538344725 0 2 0 2 0 1 0 1
0.008597847087374488 0 2 0 2 0 1 3 1
-0.7211245538344726 0 2 0 2 0 2 0 2
0.008597847087374485 0 2 0 2 0 2 3 2
0.00040354369017094575 0 2 0 2 1 1 0 0
0.0017479554842283241 0 2 0 2 1 1 3 0
0.0006094816690342443 0 2 0 2 1 1 3 3
0.00040354369017094597 0 2 0 2 2 2 0 0
0.0017479554842283241 0 2 0 2 2 2 3 0
0.0006094816690342443 0 2 0 2 2 2 3 3
0.008527672823570101 0 2 0 2 3 1 0 1
0.001632269862448989 0 2 0 2 3 1 3 1
0.008527672823570098 0 2 0 2 3 2 0 2
0.001632269862448989 0 2 0 2 3 2 3 2
365.7867584591125 0 2 1 0 0 1 2 0
-2.9020210473451677 0 2 1 0 0 1 2 3
-365.78675845911255 0 2 1 0 0 2 1 0
2.902021047345168 0 2 1 0 0 2 1 3
0.019855146876085562 0 2 1 0 1 1 2 1
-0.01985514687608555 0 2 1 0 1 2 1 1
0.01985514687608555 0 2 1 0 2 1 2 2
-0.019855146876085555 0 2 1 0 2 2 1 2
-7.564129457601001 0 2 1 0 3 1 2 0
-0.9739085775322958 0 2 1 0 3 1 2 3
7.564129457601001 0 2 1 0 3 2 1 0
0.9739085775322958 0 2 1 0 3 2 1 3
-2.9020210473451664 0 2 1 3 0 1 2 0
-1.408386511000453 0 2 1 3 0 1 2 3
2.902021047345167 0 2 1 3 0 2 1 0
1.408386511000453 0 2 1 3 0 2 1 3
1.485613411713977 0 2 1 3 1 1 2 1
-1.485613411713977 0 2 1 3 1 2 1 1
1.485613411713977 0 2 1 3 2 1 2 2
-1.485613411713977 0 2 1 3 2 2 1 2
-1.2465573770989846 0 2 1 3 3 1 2 0
0.023843639795701817 0 2 1 3 3 1 2 3
1.2465573770989846 0 2 1 3 3 2 1 0
-0.023843639795701817 0 2 1 3 3 2 1 3
-0.574047946668571 0 2 2 0 0 1 1 0
0.00243830197453594 0 2 2 0 0 1 1 3
-0.574047946668571 0 2 2 0 0 2 2 0
0.00243830197453594 0 2 2 0 0 2 2 3
-3.5853697733677554e-06 0 2 2 0 1 1 1 1
2.6122811223540814e-05 0 2 2 0 1 1 2 2
2.6122811223540794e-05 0 2 2 0 1 2 1 2
-5.583099222044929e-05 0 2 2 0 1 2 2 1
-5.583099222044929e-05 0 2 2 0 2 1 1 2
2.6122811223540794e-05 0 2 2 0 2 1 2 1
2.6122811223540814e-05 0 2 2 0 2 2 1 1
-3.5853697733677554e-06 0 2 2 0 2 2 2 2
0.005914389590709418 0 2 2 0 3 1 1 0
0.0008125480781212054 0 2 2 0 3 1 1 3
0.005914389590709418 0 2 2 0 3 2 2 0
0.0008125480781212054 0 2 2 0 3 2 2 3
0.0024383019745359384 0 2 2 3 0 1 1 0
0.0011924731032817025 0 2 2 3 0 1 1 3
0.0024383019745359384 0 2 2 3 0 2 2 0
0.001192473103281703 0 2 2 3 0 2 2 3
-0.0011095440602208548 0 2 2 3 1 1 1 1
4.740810355529443e-06 0 2 2 3 1 1 2 2
4.740810355529938e-06 0 2 2 3 1 2 1 2
-0.0011190256809319142 0 2 2 3 1 2 2 1
-0.0011190256809319138 0 2 2 3 2 1 1 2
4.740810355530046e-06 0 2 2 3 2 1 2 1
4.74081035552966e-06 0 2 2 3 2 2 1 1
-0.0011095440602208548 0 2 2 3 2 2 2 2
0.000986588112599507 0 2 2 3 3 1 1 0
0.0009865881125995079 0 2 2 3 3 2 2 0
-4.587318367652557 0 2 3 1 0 1 0 2
-1.1896741963284219 0 2 3 1 0 1 3 2
4.587318367652558 0 2 3 1 0 2 0 1
1.189674196328422 0 2 3 1 0 2 3 1
-1.1812090304156686 0 2 3 1 1 2 0 0
-0.009230004248121607 0 2 3 1 1 2 0 3
57.56747658974027 0 2 3 1 1 2 3 0
0.4508865639813927 0 2 3 1 1 2 3 3
1.1812090304156686 0 2 3 1 2 1 0 0
0.0092300042481216 0 2 3 1 2 1 0 3
-57.56747658974027 0 2 3 1 2 1 3 0
-0.45088656398139265 0 2 3 1 2 1 3 3
-0.8410171652999465 0 2 3 1 3 1 0 2
0.029919469217600813 0 2 3 1 3 1 3 2
0.8410171652999465 0 2 3 1 3 2 0 1
-0.029919469217600813 0 2 3 1 3 2 3 1
0.008597847087374485 0 2 3 2 0 1 0 1
0.002162880621501534 0 2 3 2 0 1 3 1
0.008597847087374485 0 2 3 2 0 2 0 2
0.002162880621501535 0 2 3 2 0 2 3 2
0.001743214673872792 0 2 3 2 1 1 0 0
0.0005833588578107038 0 2 3 2 1 1 0 3
-0.11599181647595358 0 2 3 2 1 1 3 0
0.0029781391520784925 0 2 3 2 1 1 3 3
0.001743214673872793 0 2 3 2 2 2 0 0
0.0005833588578107038 0 2 3 2 2 2 0 3
-0.11599181647595357 0 2 3 2 2 2 3 0
0.0029781391520784925 0 2 3 2 2 2 3 3
0.0017290243603613744 0 2 3 2 3 1 0 1
0.0017290243603613744 0 2 3 2 3 2 0 2
25728.418799552124 0 3 0 0 0 0 0 0
4143.632492231592 0 3 0 0 0 0 0 3
5338.053296803554 0 3 0 0 0 0 3 0
-219.91473777659925 0 3 0 0 0 0 3 3
6069.626813721785 0 3 0 0 0 3 0 0
-225.7187798712896 0 3 0 0 0 3 0 3
-366.1390615481921 0 3 0 0 0 3 3 0
-56.36117066175202 0 3 0 0 0 3 3 3
-0.4280115329764034 0 3 0 0 1 0 0 1
6.8650048976923514 0 3 0 0 1 0 3 1
6.90471519144452 0 3 0 0 1 3 0 1
26.33172967603522 0 3 0 0 1 3 3 1
-0.4280115329764034 0 3 0 0 2 0 0 2
6.865004897692351 0 3 0 0 2 0 3 2
6.90471519144452 0 3 0 0 2 3 0 2
26.33172967603522 0 3 0 0 2 3 3 2
4717.895831364644 0 3 0 0 3 0 0 0
-193.069982606289 0 3 0 0 3 0 0 3
-326.65502756702506 0 3 0 0 3 0 3 0
-45.15830823114818 0 3 0 0 3 0 3 3
-341.7832864822271 0 3 0 0 3 3 0 0
-47.10612538621275 0 3 0 0 3 3 0 3
-64.88340119624505 0 3 0 0 3 3 3 0
2.4112443385286118 0 3 0 0 3 3 3 3
3918.228934301299 0 3 0 3 0 0 0 0
-165.0493698086493 0 3 0 3 0 0 0 3
-219.91473777659925 0 3 0 3 0 0 3 0
-48.720387686995856 0 3 0 3 0 0 3 3
-225.71877987128963 0 3 0 3 0 3 0 0
-51.53716070899681 0 3 0 3 0 3 0 3
-57.55300773870192 0 3 0 3 0 3 3 0
2.137686008430291 0 3 0 3 0 3 3 3
13.7957862005276 0 3 0 3 1 0 0 1
67.16306308828138 0 3 0 3 1 0 3 1
70.1342899117093 0 3 0 3 1 3 0 1
-991.3240514022401 0 3 0 3 1 3 3 1
13.7957862005276 0 3 0 3 2 0 0 2
67.16306308828136 0 3 0 3 2 0 3 2
70.1342899117093 0 3 0 3 2 3 0 2
-991.3240514022399 0 3 0 3 2 3 3 2
-216.8120629596237 0 3 0 3 3 0 0 0
-44.27576162963688 0 3 0 3 3 0 0 3
-51.08719424832229 0 3 0 3 3 0 3 0
1.9098294938619949 0 3 0 3 3 0 3 3
-53.580309002520295 0 3 0 3 3 3 0 0
1.9575167734533991 0 3 0 3 3 3 0 3
2.7044877556576004 0 3 0 3 3 3 3 0
0.5025019305997982 0 3 0 3 3 3 3 3
0.008597847087374481 0 3 1 1 0 0 1 1
0.008597847087374481 0 3 1 1 0 0 2 2
0.002162880621501536 0 3 1 1 0 3 1 1
0.002162880621501536 0 3 1 1 0 3 2 2
0.0017432146738727903 0 3 1 1 1 0 1 0
0.000583358857810703 0 3 1 1 1 0 1 3
-0.1159918164759533 0 3 1 1 1 3 1 0
0.0029781391520784916 0 3 1 1 1 3 1 3
0.0017432146738727903 0 3 1 1 2 0 2 0
0.000583358857810703 0 3 1 1 2 0 2 3
-0.1159918164759533 0 3 1 1 2 3 2 0
0.0029781391520784916 0 3 1 1 2 3 2 3
0.001729024360361373 0 3 1 1 3 0 1 1
0.001729024360361373 0 3 1 1 3 0 2 2
4.587318367652555 0 3 1 2 0 0 1 2
-4.587318367652555 0 3 1 2 0 0 2 1
1.1896741963284223 0 3 1 2 0 3 1 2
-1.1896741963284223 0 3 1 2 0 3 2 1
1.1812090304156686 0 3 1 2 1 0 2 0
0.009230004248121718 0 3 1 2 1 0 2 3
-57.567476589740295 0 3 1 2 1 3 2 0
-0.45088656398139226 0 3 1 2 1 3 2 3
-1.1812090304156684 0 3 1 2 2 0 1 0
-0.009230004248121718 0 3 1 2 2 0 1 3
57.5674765897403 0 3 1 2 2 3 1 0
0.45088656398139226 0 3 1 2 2 3 1 3
0.8410171652999464 0 3 1 2 3 0 1 2
-0.8410171652999465 0 3 1 2 3 0 2 1
-0.029919469217600813 0 3 1 2 3 3 1 2
0.029919469217600813 0 3 1 2 3 3 2 1
-4.587318367652555 0 3 2 1 0 0 1 2
4.587318367652555 0 3 2 1 0 0 2 1
-1.1896741963284223 0 3 2 1 0 3 1 2
1.1896741963284223 0 3 2 1 0 3 2 1
-1.1812090304156686 0 3 2 1 1 0 2 0
-0.00923000424812174 0 3 2 1 1 0 2 3
57.5674765897403 0 3 2 1 1 3 2 0
0.45088656398139215 0 3 2 1 1 3 2 3
1.1812090304156686 0 3 2 1 2 0 1 0
0.009230004248121733 0 3 2 1 2 0 1 3
-57.56747658974031 0 3 2 1 2 3 1 0
-0.45088656398139215 0 3 2 1 2 3 1 3
-0.8410171652999465 0 3 2 1 3 0 1 2
0.8410171652999465 0 3 2 1 3 0 2 1
0.029919469217600813 0 3 2 1 3 3 1 2
-0.029919469217600813 0 3 2 1 3 3 2 1
0.008597847087374481 0 3 2 2 0 0 1 1
0.008597847087374481 0 3 2 2 0 0 2 2
0.002162880621501535 0 3 2 2 0 3 1 1
0.002162880621501536 0 3 2 2 0 3 2 2
0.0017432146738727903 0 3 2 2 1 0 1 0
0.000583358857810703 0 3 2 2 1 0 1 3
-0.1159918164759533 0 3 2 2 1 3 1 0
0.0029781391520784916 0 3 2 2 1 3 1 3
0.0017432146738727903 0 3 2 2 2 0 2 0
0.000583358857810703 0 3 2 2 2 0 2 3
-0.1159918164759533 0 3 2 2 2 3 2 0
0.0029781391520784916 0 3 2 2 2 3 2 3
0.001729024360361373 0 3 2 2 3 0 1 1
0.001729024360361373 0 3 2 2 3 0 2 2
4971.692490397773 0 3 3 0 0 0 0 0
-221.60619464201955 0 3 3 0 0 0 0 3
-366.1390615481921 0 3 3 0 0 0 3 0
-57.5530077387019 0 3 3 0 0 0 3 3
-366.13906154819216 0 3 3 0 0 3 0 0
-57.55300773870191 0 3 3 0 0 3 0 3
-79.4200007492533 0 3 3 0 0 3 3 0
2.932019177047038 0 3 3 0 0 3 3 3
6.836473397244955 0 3 3 0 1 0 0 1
26.785594379168703 0 3 3 0 1 0 3 1
26.785594379168696 0 3 3 0 1 3 0 1
0.836881377348191 0 3 3 0 1 3 3 1
6.836473397244956 0 3 3 0 2 0 0 2
26.785594379168703 0 3 3 0 2 0 3 2
26.785594379168696 0 3 3 0 2 3 0 2
0.8368813773481943 0 3 3 0 2 3 3 2
-327.0566612818668 0 3 3 0 3 0 0 0
-46.2921557523648 0 3 3 0 3 0 0 3
-66.94681250493312 0 3 3 0 3 0 3 0
2.475201645154366 0 3 3 0 3 0 3 3
-66.94681250493313 0 3 3 0 3 3 0 0
2.475201645154366 0 3 3 0 3 3 0 3
3.997100084845161 0 3 3 0 3 3 3 0
0.6016571558164279 0 3 3 0 3 3 3 3
-212.4143622125397 0 3 3 3 0 0 0 0
-47.310808702892125 0 3 3 3 0 0 0 3
-56.361170661752 0 3 3 3 0 0 3 0
2.137686008430291 0 3 3 3 0 0 3 3
-56.36117066175201 0 3 3 3 0 3 0 0
2.137686008430291 0 3 3 3 0 3 0 3
2.932019177047038 0 3 3 3 0 3 3 0
0.5929115064207674 0 3 3 3 0 3 3 3
64.49686957595505 0 3 3 3 1 0 0 1
-933.8725666289765 0 3 3 3 1 0 3 1
-933.8725666289762 0 3 3 3 1 3 0 1
-5124.886196040165 0 3 3 3 1 3 3 1
64.49686957595505 0 3 3 3 2 0 0 2
-933.8725666289765 0 3 3 3 2 0 3 2
-933.8725666289762 0 3 3 3 2 3 0 2
-5124.8861960401655 0 3 3 3 2 3 3 2
-50.19728601555904 0 3 3 3 3 0 0 0
1.9129562448593225 0 3 3 3 3 0 0 3
2.7086061238481522 0 3 3 3 3 0 3 0
0.5113260012162768 0 3 3 3 3 0 3 3
2.7086061238481527 0 3 3 3 3 3 0 0
0.5113260012162768 0 3 3 3 3 3 0 3
0.661684824178576 0 3 3 3 3 3 3 0
-0.15919896063891628 1 0 0 1 0 0 0 0
-0.7283053969476349 1 0 0 1 0 0 3 0
-0.07744355982818488 1 0 0 1 0 0 3 3
-0.7283053969476346 1 0 0 1 0 3 0 0
-0.07744355982818485 1 0 0 1 0 3 0 3
11.520280966120225 1 0 0 1 0 3 3 0
-0.30988773846954937 1 0 0 1 0 3 3 3
-0.630973496597521 1 0 0 1 1 0 0 1
0.0069528757121308845 1 0 0 1 1 0 3 1
0.0069528757121308776 1 0 0 1 1 3 0 1
0.001556030411054037 1 0 0 1 1 3 3 1
-0.630973496597521 1 0 0 1 2 0 0 2
0.0069528757121308845 1 0 0 1 2 0 3 2
0.0069528757121308776 1 0 0 1 2 3 0 2
0.001556030411054038 1 0 0 1 2 3 3 2
-0.8249261462451978 1 0 0 1 3 0 0 0
-0.10809745579626631 1 0 0 1 3 0 0 3
13.795786200527601 1 0 0 1 3 0 3 0
-0.4280115329764035 1 0 0 1 3 0 3 3
13.7957862005276 1 0 0 1 3 3 0 0
-0.42801153297640343 1 0 0 1 3 3 0 3
64.49686957595496 1 0 0 1 3 3 3 0
6.836473397244955 1 0 0 1 3 3 3 3
-937.1583792304748 1 0 0 2 1 0 0 2
28.14626284944202 1 0 0 2 1 0 3 2
28.146262849442017 1 0 0 2 1 3 0 2
5.589066612103839 1 0 0 2 1 3 3 2
937.1583792304748 1 0 0 2 2 0 0 1
-28.14626284944202 1 0 0 2 2 0 3 1
-28.146262849442017 1 0 0 2 2 3 0 1
-5.589066612103838 1 0 0 2 2 3 3 1
-0.000897261507410348 1 0 1 0 0 0 1 1
-0.000897261507410348 1 0 1 0 0 0 2 2
-0.0040664892689942795 1 0 1 0 0 3 1 1
-0.0040664892689942795 1 0 1 0 0 3 2 2
-0.7426430614167052 1 0 1 0 1 0 1 0
0.00389945688867932 1 0 1 0 1 0 1 3
0.007867686279745333 1 0 1 0 1 3 1 0
0.001326939508220649 1 0 1 0 1 3 1 3
-0.7426430614167053 1 0 1 0 2 0 2 0
0.00389945688867932 1 0 1 0 2 0 2 3
0.007867686279745333 1 0 1 0 2 3 2 0
0.0013269395082206492 1 0 1 0 2 3 2 3
-0.0011986741940547476 1 0 1 0 3 0 1 1
-0.0011986741940547476 1 0 1 0 3 0 2 2
-0.009230004248121735 1 0 1 0 3 3 1 1
-0.009230004248121763 1 0 1 0 3 3 2 2
-0.003120313640830375 1 0 1 3 0 0 1 1
-0.003120313640830375 1 0 1 3 0 0 2 2
0.0926629425316958 1 0 1 3 0 3 1 1
0.09266294253169578 1 0 1 3 0 3 2 2
0.0038994568886793236 1 0 1 3 1 0 1 0
0.0017803437843004247 1 0 1 3 1 0 1 3
0.0013977595125003275 1 0 1 3 1 3 1 0
0.0038994568886793236 1 0 1 3 2 0 2 0
0.0017803437843004245 1 0 1 3 2 0 2 3
0.001397759512500328 1 0 1 3 2 3 2 0
-0.30575626306205356 1 0 1 3 3 0 1 1
-0.3057562630620536 1 0 1 3 3 0 2 2
-1.1812090304156684 1 0 1 3 3 3 1 1
-1.1812090304156684 1 0 1 3 3 3 2 2
-389.0708002630991 1 0 2 0 1 0 2 0
2.8530986625564476 1 0 2 0 1 0 2 3
7.963809875753811 1 0 2 0 1 3 2 0
1.1990549826004264 1 0 2 0 1 3 2 3
389.0708002630991 1 0 2 0 2 0 1 0
-2.853098662556448 1 0 2 0 2 0 1 3
-7.96380987575381 1 0 2 0 2 3 1 0
-1.1990549826004264 1 0 2 0 2 3 1 3
-0.0005833588578107029 1 0 2 0 3 3 1 2
0.0005833588578107029 1 0 2 0 3 3 2 1
-0.000638250879312672 1 0 2 3 0 3 1 2
0.0006382508793126722 1 0 2 3 0 3 2 1
2.8530986625564463 1 0 2 3 1 0 2 0
1.6187368370452397 1 0 2 3 1 0 2 3
1.2644246976542182 1 0 2 3 1 3 2 0
-0.02697039079302952 1 0 2 3 1 3 2 3
-2.8530986625564463 1 0 2 3 2 0 1 0
-1.6187368370452397 1 0 2 3 2 0 1 3
-1.2644246976542182 1 0 2 3 2 3 1 0
0.02697039079302952 1 0 2 3 2 3 1 3
-0.0004035436901709455 1 0 2 3 3 0 1 2
0.00040354369017094516 1 0 2 3 3 0 2 1
-0.0017432146738727908 1 0 2 3 3 3 1 2
0.0017432146738727908 1 0 2 3 3 3 2 1
-0.7251850833068042 1 0 3 1 0 0 0 0
-0.07654629832077453 1 0 3 1 0 0 0 3
12.234316604468297 1 0 3 1 0 0 3 0
-0.3124435668406559 1 0 3 1 0 0 3 3
11.696218091698373 1 0 3 1 0 3 0 0
-0.308028688413922 1 0 3 1 0 3 0 3
61.30900511295534 1 0 3 1 0 3 3 0
4.158461075883484 1 0 3 1 0 3 3 3
0.006952875712130886 1 0 3 1 1 0 0 1
0.0019785565673097185 1 0 3 1 1 0 3 1
0.0016407307900018434 1 0 3 1 1 3 0 1
0.006952875712130886 1 0 3 1 2 0 0 2
0.0019785565673097185 1 0 3 1 2 0 3 2
0.0016407307900018434 1 0 3 1 2 3 0 2
14.101138919899485 1 0 3 1 3 0 0 0
-0.42681285878234876 1 0 3 1 3 0 0 3
70.1342899117093 1 0 3 1 3 0 3 0
6.904715191444525 1 0 3 1 3 0 3 3
67.16306308828135 1 0 3 1 3 3 0 0
6.865004897692349 1 0 3 1 3 3 0 3
-933.8725666289766 1 0 3 1 3 3 3 0
26.785594379168707 1 0 3 1 3 3 3 3
28.14626284944202 1 0 3 2 1 0 0 2
6.472205059740197 1 0 3 2 1 0 3 2
5.861804751326056 1 0 3 2 1 3 0 2
-0.26332394791138786 1 0 3 2 1 3 3 2
-28.14626284944202 1 0 3 2 2 0 0 1
-6.472205059740197 1 0 3 2 2 0 3 1
-5.861804751326056 1 0 3 2 2 3 0 1
0.26332394791138786 1 0 3 2 2 3 3 1
-0.0008972615074103487 1 1 0 0 0 1 0 1
-0.004066489268994283 1 1 0 0 0 1 3 1
-0.0008972615074103487 1 1 0 0 0 2 0 2
-0.004066489268994283 1 1 0 0 0 2 3 2
-0.7426430614167053 1 1 0 0 1 1 0 0
0.003899456888679322 1 1 0 0 1 1 0 3
0.007867686279745342 1 1 0 0 1 1 3 0
0.0013269395082206507 1 1 0 0 1 1 3 3
-0.7426430614167053 1 1 0 0 2 2 0 0
0.003899456888679322 1 1 0 0 2 2 0 3
0.007867686279745342 1 1 0 0 2 2 3 0
0.001326939508220651 1 1 0 0 2 2 3 3
-0.0011986741940547513 1 1 0 0 3 1 0 1
-0.009230004248121626 1 1 0 0 3 1 3 1
-0.0011986741940547513 1 1 0 0 3 2 0 2
-0.009230004248121633 1 1 0 0 3 2 3 2
-0.0031203136408303805 1 1 0 3 0 1 0 1
0.09266294253169599 1 1 0 3 0 1 3 1
-0.0031203136408303805 1 1 0 3 0 2 0 2
0.09266294253169599 1 1 0 3 0 2 3 2
0.0038994568886793254 1 1 0 3 1 1 0 0
0.0017803437843004256 1 1 0 3 1 1 0 3
0.0013977595125003286 1 1 0 3 1 1 3 0
0.0038994568886793254 1 1 0 3 2 2 0 0
0.0017803437843004256 1 1 0 3 2 2 0 3
0.0013977595125003286 1 1 0 3 2 2 3 0
-0.30575626306205334 1 1 0 3 3 1 0 1
-1.1812090304156684 1 1 0 3 3 1 3 1
-0.30575626306205334 1 1 0 3 3 2 0 2
-1.1812090304156684 1 1 0 3 3 2 3 2
-0.00015030193853829844 1 1 1 1 0 1 1 0
-0.00015030193853829844 1 1 1 1 0 2 2 0
-4.252586101016473e-07 1 1 1 1 1 1 2 2
-4.2525861010159056e-07 1 1 1 1 1 2 1 2
8.505172202032108e-07 1 1 1 1 1 2 2 1
8.505172202032108e-07 1 1 1 1 2 1 1 2
-4.2525861010159056e-07 1 1 1 1 2 1 2 1
-4.252586101016473e-07 1 1 1 1 2 2 1 1
-0.0011190256809319149 1 1 1 1 3 1 1 0
-5.583099222044934e-05 1 1 1 1 3 1 1 3
-0.0011190256809319149 1 1 1 1 3 2 2 0
-5.583099222044945e-05 1 1 1 1 3 2 2 3
-0.0003156800430376566 1 1 1 2 1 1 1 2
7.039474566957653e-05 1 1 1 2 1 1 2 1
7.039474566957642e-05 1 1 1 2 1 2 1 1
-0.00017489055169850361 1 1 1 2 1 2 2 2
0.0001748905516985034 1 1 1 2 2 1 1 1
-7.039474566957648e-05 1 1 1 2 2 1 2 2
-7.039474566957653e-05 1 1 1 2 2 2 1 2
0.0003156800430376566 1 1 1 2 2 2 2 1
-0.269049256384962 1 1 2 1 0 1 2 0
0.002207439213366903 1 1 2 1 0 1 2 3
0.269049256384962 1 1 2 1 0 2 1 0
-0.002207439213366903 1 1 2 1 0 2 1 3
7.039474566957648e-05 1 1 2 1 1 1 1 2
-0.00025227488113986786 1 1 2 1 1 1 2 1
8.555089616800824e-05 1 1 2 1 1 2 1 1
-9.632923930228306e-05 1 1 2 1 1 2 2 2
9.632923930228306e-05 1 1 2 1 2 1 1 1
-8.55508961680083e-05 1 1 2 1 2 1 2 2
0.00025227488113986786 1 1 2 1 2 2 1 2
-7.03947456695765e-05 1 1 2 1 2 2 2 1
-1.485613411713977 1 1 2 1 3 1 2 0
-0.019855146876085552 1 1 2 1 3 1 2 3
1.485613411713977 1 1 2 1 3 2 1 0
0.019855146876085552 1 1 2 1 3 2 1 3
3.876066566104541e-05 1 1 2 2 0 1 1 0
3.876066566104537e-05 1 1 2 2 0 2 2 0
-4.2525861010159173e-07 1 1 2 2 1 1 1 1
-0.3378370597436197 1 1 2 2 1 1 2 2
0.27256324867052106 1 1 2 2 1 2 1 2
0.06527338581448865 1 1 2 2 1 2 2 1
0.06527338581448865 1 1 2 2 2 1 1 2
0.2725632486705211 1 1 2 2 2 1 2 1
-0.3378370597436197 1 1 2 2 2 2 1 1
-4.2525861010170025e-07 1 1 2 2 2 2 2 2
-4.740810355529985e-06 1 1 2 2 3 1 1 0
-2.6122811223540794e-05 1 1 2 2 3 1 1 3
-4.740810355529768e-06 1 1 2 2 3 2 2 0
-2.6122811223540794e-05 1 1 2 2 3 2 2 3
-0.004066489268994283 1 1 3 0 0 1 0 1
-0.07378218266564303 1 1 3 0 0 1 3 1
-0.004066489268994283 1 1 3 0 0 2 0 2
-0.07378218266564303 1 1 3 0 0 2 3 2
0.00786768627974534 1 1 3 0 1 1 0 0
0.0013977595125003281 1 1 3 0 1 1 0 3
0.002145041092094027 1 1 3 0 1 1 3 0
0.00786768627974534 1 1 3 0 2 2 0 0
0.001397759512500328 1 1 3 0 2 2 0 3
0.002145041092094027 1 1 3 0 2 2 3 0
-0.009256127059345183 1 1 3 0 3 1 0 1
0.45088656398139293 1 1 3 0 3 1 3 1
-0.009256127059345183 1 1 3 0 3 2 0 2
0.45088656398139293 1 1 3 0 3 2 3 2
0.09270170319735711 1 1 3 3 0 1 0 1
0.3878820482638294 1 1 3 3 0 1 3 1
0.09270170319735711 1 1 3 3 0 2 0 2
0.3878820482638294 1 1 3 3 0 2 3 2
0.0013269395082206505 1 1 3 3 1 1 0 0
0.0013269395082206499 1 1 3 3 2 2 0 0
-1.1812137712260238 1 1 3 3 3 1 0 1
57.56747658974027 1 1 3 3 3 1 3 1
-1.181213771226024 1 1 3 3 3 2 0 2
57.56747658974027 1 1 3 3 3 2 3 2
-389.0708002630992 1 2 0 0 1 2 0 0
2.8530986625564485 1 2 0 0 1 2 0 3
7.963809875753816 1 2 0 0 1 2 3 0
1.1990549826004266 1 2 0 0 1 2 3 3
389.0708002630993 1 2 0 0 2 1 0 0
-2.8530986625564485 1 2 0 0 2 1 0 3
-7.9638098757538165 1 2 0 0 2 1 3 0
-1.1990549826004266 1 2 0 0 2 1 3 3
-0.0005833588578107037 1 2 0 0 3 1 3 2
0.0005833588578107037 1 2 0 0 3 2 3 1
-0.0006382508793126724 1 2 0 3 0 1 3 2
0.0006382508793126726 1 2 0 3 0 2 3 1
2.8530986625564467 1 2 0 3 1 2 0 0
1.6187368370452402 1 2 0 3 1 2 0 3
1.2644246976542177 1 2 0 3 1 2 3 0
-0.026970390793029535 1 2 0 3 1 2 3 3
-2.853098662556447 1 2 0 3 2 1 0 0
-1.6187368370452402 1 2 0 3 2 1 0 3
-1.2644246976542177 1 2 0 3 2 1 3 0
0.026970390793029535 1 2 0 3 2 1 3 3
-0.00040354369017094575 1 2 0 3 3 1 0 2
-0.0017432146738727932 1 2 0 3 3 1 3 2
0.00040354369017094564 1 2 0 3 3 2 0 1
0.0017432146738727932 1 2 0 3 3 2 3 1
0.269049256384962 1 2 1 1 0 1 2 0
-0.002207439213366903 1 2 1 1 0 1 2 3
-0.269049256384962 1 2 1 1 0 2 1 0
0.002207439213366903 1 2 1 1 0 2 1 3
7.039474566957649e-05 1 2 1 1 1 1 1 2
8.555089616800837e-05 1 2 1 1 1 1 2 1
-0.0002522748811398678 1 2 1 1 1 2 1 1
-9.632923930228309e-05 1 2 1 1 1 2 2 2
9.632923930228309e-05 1 2 1 1 2 1 1 1
0.0002522748811398678 1 2 1 1 2 1 2 2
-8.555089616800837e-05 1 2 1 1 2 2 1 2
-7.039474566957649e-05 1 2 1 1 2 2 2 1
1.485613411713977 1 2 1 1 3 1 2 0
0.019855146876085562 1 2 1 1 3 1 2 3
-1.485613411713977 1 2 1 1 3 2 1 0
-0.019855146876085562 1 2 1 1 3 2 1 3
3.876066566104546e-05 1 2 1 2 0 1 1 0
3.876066566104546e-05 1 2 1 2 0 2 2 0
-4.2525861010164604e-07 1 2 1 2 1 1 1 1
0.27256324867052106 1 2 1 2 1 1 2 2
-0.33783705974361977 1 2 1 2 1 2 1 2
0.06527338581448865 1 2 1 2 1 2 2 1
0.06527338581448865 1 2 1 2 2 1 1 2
-0.33783705974361977 1 2 1 2 2 1 2 1
0.2725632486705211 1 2 1 2 2 2 1 1
-4.2525861010159183e-07 1 2 1 2 2 2 2 2
-4.740810355529599e-06 1 2 1 2 3 1 1 0
-2.6122811223540818e-05 1 2 1 2 3 1 1 3
-4.740810355529653e-06 1 2 1 2 3 2 2 0
-2.612281122354079e-05 1 2 1 2 3 2 2 3
-0.00022782326986038923 1 2 2 1 0 1 1 0
-0.0002278232698603892 1 2 2 1 0 2 2 0
8.50517220203204e-07 1 2 2 1 1 1 1 1
0.06527338581448866 1 2 2 1 1 1 2 2
0.06527338581448866 1 2 2 1 1 2 1 2
-0.13054592111175717 1 2 2 1 1 2 2 1
-0.1305459211117572 1 2 2 1 2 1 1 2
0.06527338581448866 1 2 2 1 2 1 2 1
0.06527338581448866 1 2 2 1 2 2 1 1
8.505172202031904e-07 1 2 2 1 2 2 2 2
-0.001109544060220855 1 2 2 1 3 1 1 0
-3.5853697733678537e-06 1 2 2 1 3 1 1 3
-0.001109544060220855 1 2 2 1 3 2 2 0
-3.5853697733677452e-06 1 2 2 1 3 2 2 3
-0.0001748905516985036 1 2 2 2 1 1 1 2
-9.632923930228291e-05 1 2 2 2 1 1 2 1
-9.632923930228302e-05 1 2 2 2 1 2 1 1
-0.00036754903030306984 1 2 2 2 1 2 2 2
0.00036754903030306984 1 2 2 2 2 1 1 1
9.632923930228302e-05 1 2 2 2 2 1 2 2
9.632923930228302e-05 1 2 2 2 2 2 1 2
0.0001748905516985038 1 2 2 2 2 2 2 1
-0.0006546568937641046 1 2 3 0 0 1 3 2
0.0006546568937641048 1 2 3 0 0 2 3 1
7.963809875753816 1 2 3 0 1 2 0 0
1.2644246976542175 1 2 3 0 1 2 0 3
2.0612662675960154 1 2 3 0 1 2 3 0
-0.03403783740815369 1 2 3 0 1 2 3 3
-7.9638098757538165 1 2 3 0 2 1 0 0
-1.2644246976542173 1 2 3 0 2 1 0 3
-2.0612662675960154 1 2 3 0 2 1 3 0
0.03403783740815369 1 2 3 0 2 1 3 3
-0.0006094816690342445 1 2 3 0 3 1 0 2
-0.002978139152078492 1 2 3 0 3 1 3 2
0.0006094816690342445 1 2 3 0 3 2 0 1
0.002978139152078492 1 2 3 0 3 2 3 1
-0.0005994902136516271 1 2 3 3 0 1 0 2
-0.003179130501949271 1 2 3 3 0 1 3 2
0.0005994902136516274 1 2 3 3 0 2 0 1
0.003179130501949271 1 2 3 3 0 2 3 1
1.1990549826004269 1 2 3 3 1 2 0 0
-0.02697039079302953 1 2 3 3 1 2 0 3
-0.03403783740815369 1 2 3 3 1 2 3 0
-0.008824070616478712 1 2 3 3 1 2 3 3
-1.1990549826004269 1 2 3 3 2 1 0 0
0.02697039079302953 1 2 3 3 2 1 0 3
0.03403783740815369 1 2 3 3 2 1 3 0
0.008824070616478712 1 2 3 3 2 1 3 3
-0.0017479554842283226 1 2 3 3 3 1 0 2
0.11599181647595354 1 2 3 3 3 1 3 2
0.0017479554842283226 1 2 3 3 3 2 0 1
-0.11599181647595355 1 2 3 3 3 2 3 1
-0.7251850833068041 1 3 0 1 0 0 0 0
-0.0765462983207745 1 3 0 1 0 0 0 3
11.696218091698372 1 3 0 1 0 0 3 0
-0.30802868841392195 1 3 0 1 0 0 3 3
12.23431660446829 1 3 0 1 0 3 0 0
-0.3124435668406558 1 3 0 1 0 3 0 3
61.309005112955326 1 3 0 1 0 3 3 0
4.1584610758834835 1 3 0 1 0 3 3 3
0.006952875712130879 1 3 0 1 1 0 0 1
0.0016407307900018434 1 3 0 1 1 0 3 1
0.0019785565673097177 1 3 0 1 1 3 0 1
0.006952875712130879 1 3 0 1 2 0 0 2
0.0016407307900018434 1 3 0 1 2 0 3 2
0.0019785565673097185 1 3 0 1 2 3 0 2
14.101138919899483 1 3 0 1 3 0 0 0
-0.4268128587823487 1 3 0 1 3 0 0 3
67.16306308828133 1 3 0 1 3 0 3 0
6.865004897692349 1 3 0 1 3 0 3 3
70.1342899117093 1 3 0 1 3 3 0 0
6.904715191444518 1 3 0 1 3 3 0 3
-933.8725666289761 1 3 0 1 3 3 3 0
26.7855943791687 1 3 0 1 3 3 3 3
28.14626284944202 1 3 0 2 1 0 0 2
5.861804751326057 1 3 0 2 1 0 3 2
6.4722050597402 1 3 0 2 1 3 0 2
-0.2633239479113879 1 3 0 2 1 3 3 2
-28.14626284944202 1 3 0 2 2 0 0 1
-5.861804751326057 1 3 0 2 2 0 3 1
-6.4722050597402 1 3 0 2 2 3 0 1
0.2633239479113879 1 3 0 2 2 3 3 1
-0.004066489268994279 1 3 1 0 0 0 1 1
-0.004066489268994279 1 3 1 0 0 0 2 2
-0.07378218266564321 1 3 1 0 0 3 1 1
-0.07378218266564322 1 3 1 0 0 3 2 2
0.007867686279745338 1 3 1 0 1 0 1 0
0.0013977595125003277 1 3 1 0 1 0 1 3
0.002145041092094026 1 3 1 0 1 3 1 0
0.007867686279745338 1 3 1 0 2 0 2 0
0.0013977595125003277 1 3 1 0 2 0 2 3
0.002145041092094026 1 3 1 0 2 3 2 0
-0.009256127059345356 1 3 1 0 3 0 1 1
-0.009256127059345372 1 3 1 0 3 0 2 2
0.45088656398139254 1 3 1 0 3 3 1 1
0.45088656398139243 1 3 1 0 3 3 2 2
0.09270170319735693 1 3 1 3 0 0 1 1
0.09270170319735689 1 3 1 3 0 0 2 2
0.3878820482638282 1 3 1 3 0 3 1 1
0.3878820482638282 1 3 1 3 0 3 2 2
0.0013269395082206494 1 3 1 3 1 0 1 0
0.0013269395082206494 1 3 1 3 2 0 2 0
-1.181213771226024 1 3 1 3 3 0 1 1
-1.181213771226024 1 3 1 3 3 0 2 2
57.567476589740295 1 3 1 3 3 3 1 1
57.5674765897403 1 3 1 3 3 3 2 2
-0.0006546568937641037 1 3 2 0 0 3 1 2
0.0006546568937641037 1 3 2 0 0 3 2 1
7.963809875753811 1 3 2 0 1 0 2 0
1.2644246976542177 1 3 2 0 1 0 2 3
2.0612662675960167 1 3 2 0 1 3 2 0
-0.03403783740815369 1 3 2 0 1 3 2 3
-7.963809875753811 1 3 2 0 2 0 1 0
-1.2644246976542177 1 3 2 0 2 0 1 3
-2.0612662675960167 1 3 2 0 2 3 1 0
0.03403783740815369 1 3 2 0 2 3 1 3
-0.000609481669034244 1 3 2 0 3 0 1 2
0.000609481669034244 1 3 2 0 3 0 2 1
-0.00297813915207849 1 3 2 0 3 3 1 2
0.00297813915207849 1 3 2 0 3 3 2 1
-0.0005994902136516265 1 3 2 3 0 0 1 2
0.0005994902136516265 1 3 2 3 0 0 2 1
-0.0031791305019492682 1 3 2 3 0 3 1 2
0.0031791305019492682 1 3 2 3 0 3 2 1
1.1990549826004266 1 3 2 3 1 0 2 0
-0.026970390793029528 1 3 2 3 1 0 2 3
-0.03403783740815369 1 3 2 3 1 3 2 0
-0.008824070616478715 1 3 2 3 1 3 2 3
-1.1990549826004266 1 3 2 3 2 0 1 0
0.026970390793029528 1 3 2 3 2 0 1 3
0.03403783740815369 1 3 2 3 2 3 1 0
0.008824070616478715 1 3 2 3 2 3 1 3
-0.0017479554842283194 1 3 2 3 3 0 1 2
0.0017479554842283194 1 3 2 3 3 0 2 1
0.11599181647595323 1 3 2 3 3 3 1 2
-0.11599181647595325 1 3 2 3 3 3 2 1
11.333678579298192 1 3 3 1 0 0 0 0
-0.3017547599315607 1 3 3 1 0 0 0 3
60.91794393418954 1 3 3 1 0 0 3 0
4.231588601655364 1 3 3 1 0 0 3 3
60.91794393418953 1 3 3 1 0 3 0 0
4.231588601655363 1 3 3 1 0 3 0 3
-815.6216533758711 1 3 3 1 0 3 3 0
14.415582550325647 1 3 3 1 0 3 3 3
0.001556030411054037 1 3 3 1 1 0 0 1
0.001556030411054037 1 3 3 1 2 0 0 2
66.85580120743857 1 3 3 1 3 0 0 0
6.853766688025578 1 3 3 1 3 0 0 3
-991.3240514022402 1 3 3 1 3 0 3 0
26.33172967603523 1 3 3 1 3 0 3 3
-991.3240514022395 1 3 3 1 3 3 0 0
26.331729676035224 1 3 3 1 3 3 0 3
-5124.886196040165 1 3 3 1 3 3 3 0
0.8368813773482159 1 3 3 1 3 3 3 3
5.589066612103839 1 3 3 2 1 0 0 2
-0.26332394791138786 1 3 3 2 1 0 3 2
-0.26332394791138786 1 3 3 2 1 3 0 2
-0.060027668362148165 1 3 3 2 1 3 3 2
-5.589066612103838 1 3 3 2 2 0 0 1
0.26332394791138786 1 3 3 2 2 0 3 1
0.26332394791138786 1 3 3 2 2 3 0 1
0.060027668362148165 1 3 3 2 2 3 3 1
937.1583792304748 2 0 0 1 1 0 0 2
-28.14626284944202 2 0 0 1 1 0 3 2
-28.146262849442014 2 0 0 1 1 3 0 2
-5.589066612103839 2 0 0 1 1 3 3 2
-937.1583792304748 2 0 0 1 2 0 0 1
28.14626284944202 2 0 0 1 2 0 3 1
28.146262849442014 2 0 0 1 2 3 0 1
5.589066612103838 2 0 0 1 2 3 3 1
-0.15919896063891628 2 0 0 2 0 0 0 0
-0.7283053969476349 2 0 0 2 0 0 3 0
-0.07744355982818489 2 0 0 2 0 0 3 3
-0.7283053969476346 2 0 0 2 0 3 0 0
-0.07744355982818485 2 0 0 2 0 3 0 3
11.520280966120222 2 0 0 2 0 3 3 0
-0.30988773846954937 2 0 0 2 0 3 3 3
-0.6309734965975211 2 0 0 2 1 0 0 1
0.0069528757121308845 2 0 0 2 1 0 3 1
0.0069528757121308776 2 0 0 2 1 3 0 1
0.001556030411054037 2 0 0 2 1 3 3 1
-0.630973496597521 2 0 0 2 2 0 0 2
0.0069528757121308845 2 0 0 2 2 0 3 2
0.006952875712130871 2 0 0 2 2 3 0 2
0.001556030411054038 2 0 0 2 2 3 3 2
-0.8249261462451978 2 0 0 2 3 0 0 0
-0.10809745579626631 2 0 0 2 3 0 0 3
13.795786200527601 2 0 0 2 3 0 3 0
-0.4280115329764035 2 0 0 2 3 0 3 3
13.795786200527601 2 0 0 2 3 3 0 0
-0.42801153297640343 2 0 0 2 3 3 0 3
64.49686957595496 2 0 0 2 3 3 3 0
6.836473397244954 2 0 0 2 3 3 3 3
389.0708002630991 2 0 1 0 1 0 2 0
-2.8530986625564476 2 0 1 0 1 0 2 3
-7.96380987575381 2 0 1 0 1 3 2 0
-1.1990549826004266 2 0 1 0 1 3 2 3
-389.0708002630991 2 0 1 0 2 0 1 0
2.8530986625564476 2 0 1 0 2 0 1 3
7.963809875753811 2 0 1 0 2 3 1 0
1.1990549826004266 2 0 1 0 2 3 1 3
0.0005833588578107029 2 0 1 0 3 3 1 2
-0.0005833588578107029 2 0 1 0 3 3 2 1
0.000638250879312672 2 0 1 3 0 3 1 2
-0.000638250879312672 2 0 1 3 0 3 2 1
-2.8530986625564463 2 0 1 3 1 0 2 0
-1.61873683704524 2 0 1 3 1 0 2 3
-1.264424697654218 2 0 1 3 1 3 2 0
0.02697039079302952 2 0 1 3 1 3 2 3
2.8530986625564463 2 0 1 3 2 0 1 0
1.61873683704524 2 0 1 3 2 0 1 3
1.2644246976542182 2 0 1 3 2 3 1 0
-0.02697039079302952 2 0 1 3 2 3 1 3
0.00040354369017094526 2 0 1 3 3 0 1 2
-0.00040354369017094526 2 0 1 3 3 0 2 1
0.0017432146738727908 2 0 1 3 3 3 1 2
-0.0017432146738727908 2 0 1 3 3 3 2 1
-0.0008972615074103479 2 0 2 0 0 0 1 1
-0.0008972615074103479 2 0 2 0 0 0 2 2
-0.0040664892689942795 2 0 2 0 0 3 1 1
-0.0040664892689942795 2 0 2 0 0 3 2 2
-0.7426430614167051 2 0 2 0 1 0 1 0
0.00389945688867932 2 0 2 0 1 0 1 3
0.007867686279745333 2 0 2 0 1 3 1 0
0.001326939508220649 2 0 2 0 1 3 1 3
-0.7426430614167051 2 0 2 0 2 0 2 0
0.00389945688867932 2 0 2 0 2 0 2 3
0.007867686279745333 2 0 2 0 2 3 2 0
0.0013269395082206492 2 0 2 0 2 3 2 3
-0.0011986741940547476 2 0 2 0 3 0 1 1
-0.0011986741940547476 2 0 2 0 3 0 2 2
-0.009230004248121735 2 0 2 0 3 3 1 1
-0.00923000424812177 2 0 2 0 3 3 2 2
-0.003120313640830375 2 0 2 3 0 0 1 1
-0.003120313640830375 2 0 2 3 0 0 2 2
0.0926629425316958 2 0 2 3 0 3 1 1
0.09266294253169578 2 0 2 3 0 3 2 2
0.0038994568886793254 2 0 2 3 1 0 1 0
0.001780343784300424 2 0 2 3 1 0 1 3
0.001397759512500327 2 0 2 3 1 3 1 0
0.0038994568886793254 2 0 2 3 2 0 2 0
0.001780343784300424 2 0 2 3 2 0 2 3
0.001397759512500327 2 0 2 3 2 3 2 0
-0.3057562630620536 2 0 2 3 3 0 1 1
-0.30575626306205367 2 0 2 3 3 0 2 2
-1.1812090304156684 2 0 2 3 3 3 1 1
-1.1812090304156684 2 0 2 3 3 3 2 2
-28.14626284944202 2 0 3 1 1 0 0 2
-6.472205059740197 2 0 3 1 1 0 3 2
-5.861804751326056 2 0 3 1 1 3 0 2
0.26332394791138786 2 0 3 1 1 3 3 2
28.14626284944202 2 0 3 1 2 0 0 1
6.472205059740197 2 0 3 1 2 0 3 1
5.861804751326056 2 0 3 1 2 3 0 1
-0.26332394791138786 2 0 3 1 2 3 3 1
-0.7251850833068042 2 0 3 2 0 0 0 0
-0.07654629832077453 2 0 3 2 0 0 0 3
12.2343166044683 2 0 3 2 0 0 3 0
-0.3124435668406559 2 0 3 2 0 0 3 3
11.696218091698373 2 0 3 2 0 3 0 0
-0.308028688413922 2 0 3 2 0 3 0 3
61.30900511295533 2 0 3 2 0 3 3 0
4.158461075883485 2 0 3 2 0 3 3 3
0.006952875712130886 2 0 3 2 1 0 0 1
0.0019785565673097185 2 0 3 2 1 0 3 1
0.0016407307900018434 2 0 3 2 1 3 0 1
0.006952875712130886 2 0 3 2 2 0 0 2
0.001978556567309717 2 0 3 2 2 0 3 2
0.0016407307900018434 2 0 3 2 2 3 0 2
14.101138919899485 2 0 3 2 3 0 0 0
-0.42681285878234876 2 0 3 2 3 0 0 3
70.13428991170929 2 0 3 2 3 0 3 0
6.904715191444525 2 0 3 2 3 0 3 3
67.16306308828133 2 0 3 2 3 3 0 0
6.86500489769235 2 0 3 2 3 3 0 3
-933.8725666289766 2 0 3 2 3 3 3 0
26.785594379168707 2 0 3 2 3 3 3 3
389.0708002630993 2 1 0 0 1 2 0 0
-2.853098662556448 2 1 0 0 1 2 0 3
-7.9638098757538165 2 1 0 0 1 2 3 0
-1.1990549826004269 2 1 0 0 1 2 3 3
-389.07080026309933 2 1 0 0 2 1 0 0
2.8530986625564485 2 1 0 0 2 1 0 3
7.963809875753816 2 1 0 0 2 1 3 0
1.1990549826004269 2 1 0 0 2 1 3 3
0.0005833588578107037 2 1 0 0 3 1 3 2
-0.0005833588578107037 2 1 0 0 3 2 3 1
0.0006382508793126726 2 1 0 3 0 1 3 2
-0.0006382508793126726 2 1 0 3 0 2 3 1
-2.853098662556447 2 1 0 3 1 2 0 0
-1.6187368370452404 2 1 0 3 1 2 0 3
-1.2644246976542175 2 1 0 3 1 2 3 0
0.026970390793029528 2 1 0 3 1 2 3 3
2.853098662556447 2 1 0 3 2 1 0 0
1.6187368370452404 2 1 0 3 2 1 0 3
1.2644246976542175 2 1 0 3 2 1 3 0
-0.026970390793029528 2 1 0 3 2 1 3 3
0.00040354369017094597 2 1 0 3 3 1 0 2
0.0017432146738727932 2 1 0 3 3 1 3 2
-0.00040354369017094586 2 1 0 3 3 2 0 1
-0.0017432146738727936 2 1 0 3 3 2 3 1
0.0001748905516985038 2 1 1 1 1 1 1 2
9.632923930228302e-05 2 1 1 1 1 1 2 1
9.632923930228302e-05 2 1 1 1 1 2 1 1
0.00036754903030306984 2 1 1 1 1 2 2 2
-0.00036754903030306984 2 1 1 1 2 1 1 1
-9.632923930228302e-05 2 1 1 1 2 1 2 2
-9.632923930228302e-05 2 1 1 1 2 2 1 2
-0.0001748905516985038 2 1 1 1 2 2 2 1
-0.00022782326986038931 2 1 1 2 0 1 1 0
-0.00022782326986038931 2 1 1 2 0 2 2 0
8.505172202032028e-07 2 1 1 2 1 1 1 1
0.06527338581448866 2 1 1 2 1 1 2 2
0.06527338581448865 2 1 1 2 1 2 1 2
-0.13054592111175714 2 1 1 2 1 2 2 1
-0.1305459211117571 2 1 1 2 2 1 1 2
0.06527338581448865 2 1 1 2 2 1 2 1
0.06527338581448866 2 1 1 2 2 2 1 1
8.50517220203205e-07 2 1 1 2 2 2 2 2
-0.0011095440602208548 2 1 1 2 3 1 1 0
-3.585369773367765e-06 2 1 1 2 3 1 1 3
-0.0011095440602208548 2 1 1 2 3 2 2 0
-3.585369773367765e-06 2 1 1 2 3 2 2 3
3.876066566104543e-05 2 1 2 1 0 1 1 0
3.876066566104543e-05 2 1 2 1 0 2 2 0
-4.2525861010162995e-07 2 1 2 1 1 1 1 1
0.272563248670521 2 1 2 1 1 1 2 2
-0.3378370597436198 2 1 2 1 1 2 1 2
0.06527338581448866 2 1 2 1 1 2 2 1
0.06527338581448867 2 1 2 1 2 1 1 2
-0.3378370597436199 2 1 2 1 2 1 2 1
0.272563248670521 2 1 2 1 2 2 1 1
-4.2525861010155245e-07 2 1 2 1 2 2 2 2
-4.740810355529382e-06 2 1 2 1 3 1 1 0
-2.6122811223540818e-05 2 1 2 1 3 1 1 3
-4.740810355529436e-06 2 1 2 1 3 2 2 0
-2.612281122354079e-05 2 1 2 1 3 2 2 3
-0.269049256384962 2 1 2 2 0 1 2 0
0.0022074392133669025 2 1 2 2 0 1 2 3
0.26904925638496197 2 1 2 2 0 2 1 0
-0.0022074392133669025 2 1 2 2 0 2 1 3
-7.039474566957649e-05 2 1 2 2 1 1 1 2
-8.555089616800827e-05 2 1 2 2 1 1 2 1
0.00025227488113986786 2 1 2 2 1 2 1 1
9.6329239302283e-05 2 1 2 2 1 2 2 2
-9.6329239302283e-05 2 1 2 2 2 1 1 1
-0.00025227488113986786 2 1 2 2 2 1 2 2
8.555089616800827e-05 2 1 2 2 2 2 1 2
7.039474566957646e-05 2 1 2 2 2 2 2 1
-1.485613411713977 2 1 2 2 3 1 2 0
-0.019855146876085562 2 1 2 2 3 1 2 3
1.485613411713977 2 1 2 2 3 2 1 0
0.019855146876085555 2 1 2 2 3 2 1 3
0.0006546568937641047 2 1 3 0 0 1 3 2
-0.0006546568937641047 2 1 3 0 0 2 3 1
-7.9638098757538165 2 1 3 0 1 2 0 0
-1.2644246976542177 2 1 3 0 1 2 0 3
-2.061266267596016 2 1 3 0 1 2 3 0
0.03403783740815369 2 1 3 0 1 2 3 3
7.963809875753816 2 1 3 0 2 1 0 0
1.2644246976542175 2 1 3 0 2 1 0 3
2.061266267596016 2 1 3 0 2 1 3 0
-0.03403783740815369 2 1 3 0 2 1 3 3
0.0006094816690342445 2 1 3 0 3 1 0 2
0.002978139152078492 2 1 3 0 3 1 3 2
-0.0006094816690342445 2 1 3 0 3 2 0 1
-0.002978139152078492 2 1 3 0 3 2 3 1
0.0005994902136516271 2 1 3 3 0 1 0 2
0.003179130501949271 2 1 3 3 0 1 3 2
-0.0005994902136516271 2 1 3 3 0 2 0 1
-0.003179130501949271 2 1 3 3 0 2 3 1
-1.1990549826004266 2 1 3 3 1 2 0 0
0.026970390793029528 2 1 3 3 1 2 0 3
0.03403783740815369 2 1 3 3 1 2 3 0
0.008824070616478712 2 1 3 3 1 2 3 3
1.1990549826004269 2 1 3 3 2 1 0 0
-0.026970390793029528 2 1 3 3 2 1 0 3
-0.03403783740815369 2 1 3 3 2 1 3 0
-0.008824070616478712 2 1 3 3 2 1 3 3
0.001747955484228323 2 1 3 3 3 1 0 2
-0.11599181647595357 2 1 3 3 3 1 3 2
-0.001747955484228323 2 1 3 3 3 2 0 1
0.11599181647595357 2 1 3 3 3 2 3 1
-0.0008972615074103484 2 2 0 0 0 1 0 1
-0.004066489268994283 2 2 0 0 0 1 3 1
-0.0008972615074103484 2 2 0 0 0 2 0 2
-0.004066489268994283 2 2 0 0 0 2 3 2
-0.7426430614167052 2 2 0 0 1 1 0 0
0.003899456888679322 2 2 0 0 1 1 0 3
0.007867686279745342 2 2 0 0 1 1 3 0
0.0013269395082206507 2 2 0 0 1 1 3 3
-0.7426430614167052 2 2 0 0 2 2 0 0
0.003899456888679322 2 2 0 0 2 2 0 3
0.007867686279745342 2 2 0 0 2 2 3 0
0.001326939508220651 2 2 0 0 2 2 3 3
-0.0011986741940547513 2 2 0 0 3 1 0 1
-0.009230004248121622 2 2 0 0 3 1 3 1
-0.0011986741940547513 2 2 0 0 3 2 0 2
-0.009230004248121629 2 2 0 0 3 2 3 2
-0.0031203136408303805 2 2 0 3 0 1 0 1
0.09266294253169599 2 2 0 3 0 1 3 1
-0.0031203136408303805 2 2 0 3 0 2 0 2
0.09266294253169599 2 2 0 3 0 2 3 2
0.0038994568886793254 2 2 0 3 1 1 0 0
0.0017803437843004247 2 2 0 3 1 1 0 3
0.0013977595125003281 2 2 0 3 1 1 3 0
0.0038994568886793254 2 2 0 3 2 2 0 0
0.0017803437843004256 2 2 0 3 2 2 0 3
0.0013977595125003281 2 2 0 3 2 2 3 0
-0.30575626306205334 2 2 0 3 3 1 0 1
-1.1812090304156684 2 2 0 3 3 1 3 1
-0.3057562630620534 2 2 0 3 3 2 0 2
-1.1812090304156682 2 2 0 3 3 2 3 2
3.876066566104538e-05 2 2 1 1 0 1 1 0
3.876066566104535e-05 2 2 1 1 0 2 2 0
-4.2525861010159183e-07 2 2 1 1 1 1 1 1
-0.3378370597436197 2 2 1 1 1 1 2 2
0.27256324867052106 2 2 1 1 1 2 1 2
0.06527338581448867 2 2 1 1 1 2 2 1
0.06527338581448867 2 2 1 1 2 1 1 2
0.27256324867052106 2 2 1 1 2 1 2 1
-0.3378370597436197 2 2 1 1 2 2 1 1
-4.2525861010159183e-07 2 2 1 1 2 2 2 2
-4.7408103555299715e-06 2 2 1 1 3 1 1 0
-2.6122811223540774e-05 2 2 1 1 3 1 1 3
-4.7408103555299715e-06 2 2 1 1 3 2 2 0
-2.6122811223540774e-05 2 2 1 1 3 2 2 3
0.269049256384962 2 2 1 2 0 1 2 0
-0.002207439213366903 2 2 1 2 0 1 2 3
-0.2690492563849621 2 2 1 2 0 2 1 0
0.002207439213366903 2 2 1 2 0 2 1 3
-7.039474566957642e-05 2 2 1 2 1 1 1 2
0.00025227488113986786 2 2 1 2 1 1 2 1
-8.555089616800826e-05 2 2 1 2 1 2 1 1
9.632923930228303e-05 2 2 1 2 1 2 2 2
-9.632923930228303e-05 2 2 1 2 2 1 1 1
8.555089616800826e-05 2 2 1 2 2 1 2 2
-0.0002522748811398678 2 2 1 2 2 2 1 2
7.039474566957648e-05 2 2 1 2 2 2 2 1
1.485613411713977 2 2 1 2 3 1 2 0
0.019855146876085552 2 2 1 2 3 1 2 3
-1.485613411713977 2 2 1 2 3 2 1 0
-0.019855146876085552 2 2 1 2 3 2 1 3
0.0003156800430376565 2 2 2 1 1 1 1 2
-7.039474566957648e-05 2 2 2 1 1 1 2 1
-7.03947456695765e-05 2 2 2 1 1 2 1 1
0.0001748905516985037 2 2 2 1 1 2 2 2
-0.0001748905516985037 2 2 2 1 2 1 1 1
7.039474566957645e-05 2 2 2 1 2 1 2 2
7.039474566957648e-05 2 2 2 1 2 2 1 2
-0.0003156800430376566 2 2 2 1 2 2 2 1
-0.00015030193853829844 2 2 2 2 0 1 1 0
-0.00015030193853829833 2 2 2 2 0 2 2 0
-4.252586101016198e-07 2 2 2 2 1 1 2 2
-4.2525861010156346e-07 2 2 2 2 1 2 1 2
8.505172202032108e-07 2 2 2 2 1 2 2 1
8.505172202032108e-07 2 2 2 2 2 1 1 2
-4.2525861010156346e-07 2 2 2 2 2 1 2 1
-4.252586101016198e-07 2 2 2 2 2 2 1 1
-0.0011190256809319149 2 2 2 2 3 1 1 0
-5.583099222044945e-05 2 2 2 2 3 1 1 3
-0.0011190256809319149 2 2 2 2 3 2 2 0
-5.583099222044945e-05 2 2 2 2 3 2 2 3
-0.004066489268994283 2 2 3 0 0 1 0 1
-0.07378218266564301 2 2 3 0 0 1 3 1
-0.004066489268994283 2 2 3 0 0 2 0 2
-0.07378218266564304 2 2 3 0 0 2 3 2
0.007867686279745337 2 2 3 0 1 1 0 0
0.0013977595125003281 2 2 3 0 1 1 0 3
0.002145041092094027 2 2 3 0 1 1 3 0
0.007867686279745337 2 2 3 0 2 2 0 0
0.001397759512500328 2 2 3 0 2 2 0 3
0.002145041092094027 2 2 3 0 2 2 3 0
-0.009256127059345181 2 2 3 0 3 1 0 1
0.45088656398139293 2 2 3 0 3 1 3 1
-0.00925612705934518 2 2 3 0 3 2 0 2
0.45088656398139293 2 2 3 0 3 2 3 2
0.09270170319735711 2 2 3 3 0 1 0 1
0.3878820482638294 2 2 3 3 0 1 3 1
0.09270170319735711 2 2 3 3 0 2 0 2
0.3878820482638294 2 2 3 3 0 2 3 2
0.0013269395082206503 2 2 3 3 1 1 0 0
0.00132693950822065 2 2 3 3 2 2 0 0
-1.1812137712260238 2 2 3 3 3 1 0 1
57.56747658974027 2 2 3 3 3 1 3 1
-1.1812137712260238 2 2 3 3 3 2 0 2
57.56747658974027 2 2 3 3 3 2 3 2
-28.14626284944202 2 3 0 1 1 0 0 2
-5.861804751326057 2 3 0 1 1 0 3 2
-6.4722050597402 2 3 0 1 1 3 0 2
0.2633239479113879 2 3 0 1 1 3 3 2
28.14626284944202 2 3 0 1 2 0 0 1
5.861804751326057 2 3 0 1 2 0 3 1
6.4722050597402 2 3 0 1 2 3 0 1
-0.2633239479113879 2 3 0 1 2 3 3 1
-0.7251850833068041 2 3 0 2 0 0 0 0
-0.0765462983207745 2 3 0 2 0 0 0 3
11.696218091698372 2 3 0 2 0 0 3 0
-0.30802868841392195 2 3 0 2 0 0 3 3
12.23431660446829 2 3 0 2 0 3 0 0
-0.3124435668406558 2 3 0 2 0 3 0 3
61.30900511295533 2 3 0 2 0 3 3 0
4.1584610758834835 2 3 0 2 0 3 3 3
0.006952875712130879 2 3 0 2 1 0 0 1
0.0016407307900018434 2 3 0 2 1 0 3 1
0.001978556567309719 2 3 0 2 1 3 0 1
0.006952875712130872 2 3 0 2 2 0 0 2
0.0016407307900018434 2 3 0 2 2 0 3 2
0.0019785565673097172 2 3 0 2 2 3 0 2
14.101138919899483 2 3 0 2 3 0 0 0
-0.4268128587823487 2 3 0 2 3 0 0 3
67.16306308828132 2 3 0 2 3 0 3 0
6.865004897692348 2 3 0 2 3 0 3 3
70.13428991170929 2 3 0 2 3 3 0 0
6.904715191444518 2 3 0 2 3 3 0 3
-933.8725666289761 2 3 0 2 3 3 3 0
26.7855943791687 2 3 0 2 3 3 3 3
0.0006546568937641038 2 3 1 0 0 3 1 2
-0.0006546568937641038 2 3 1 0 0 3 2 1
-7.963809875753811 2 3 1 0 1 0 2 0
-1.2644246976542177 2 3 1 0 1 0 2 3
-2.061266267596017 2 3 1 0 1 3 2 0
0.03403783740815369 2 3 1 0 1 3 2 3
7.963809875753811 2 3 1 0 2 0 1 0
1.2644246976542175 2 3 1 0 2 0 1 3
2.0612662675960167 2 3 1 0 2 3 1 0
-0.03403783740815369 2 3 1 0 2 3 1 3
0.0006094816690342438 2 3 1 0 3 0 1 2
-0.0006094816690342437 2 3 1 0 3 0 2 1
0.00297813915207849 2 3 1 0 3 3 1 2
-0.00297813915207849 2 3 1 0 3 3 2 1
0.0005994902136516263 2 3 1 3 0 0 1 2
-0.0005994902136516263 2 3 1 3 0 0 2 1
0.0031791305019492682 2 3 1 3 0 3 1 2
-0.0031791305019492682 2 3 1 3 0 3 2 1
-1.1990549826004266 2 3 1 3 1 0 2 0
0.026970390793029528 2 3 1 3 1 0 2 3
0.03403783740815369 2 3 1 3 1 3 2 0
0.008824070616478717 2 3 1 3 1 3 2 3
1.1990549826004266 2 3 1 3 2 0 1 0
-0.026970390793029528 2 3 1 3 2 0 1 3
-0.03403783740815369 2 3 1 3 2 3 1 0
-0.008824070616478715 2 3 1 3 2 3 1 3
0.0017479554842283194 2 3 1 3 3 0 1 2
-0.0017479554842283194 2 3 1 3 3 0 2 1
-0.11599181647595327 2 3 1 3 3 3 1 2
0.11599181647595325 2 3 1 3 3 3 2 1
-0.004066489268994279 2 3 2 0 0 0 1 1
-0.004066489268994279 2 3 2 0 0 0 2 2
-0.07378218266564321 2 3 2 0 0 3 1 1
-0.07378218266564325 2 3 2 0 0 3 2 2
0.007867686279745338 2 3 2 0 1 0 1 0
0.0013977595125003277 2 3 2 0 1 0 1 3
0.002145041092094025 2 3 2 0 1 3 1 0
0.007867686279745338 2 3 2 0 2 0 2 0
0.0013977595125003277 2 3 2 0 2 0 2 3
0.002145041092094026 2 3 2 0 2 3 2 0
-0.009256127059345356 2 3 2 0 3 0 1 1
-0.00925612705934537 2 3 2 0 3 0 2 2
0.45088656398139254 2 3 2 0 3 3 1 1
0.45088656398139243 2 3 2 0 3 3 2 2
0.09270170319735693 2 3 2 3 0 0 1 1
0.09270170319735689 2 3 2 3 0 0 2 2
0.3878820482638282 2 3 2 3 0 3 1 1
0.3878820482638282 2 3 2 3 0 3 2 2
0.0013269395082206497 2 3 2 3 1 0 1 0
0.0013269395082206492 2 3 2 3 2 0 2 0
-1.181213771226024 2 3 2 3 3 0 1 1
-1.1812137712260238 2 3 2 3 3 0 2 2
57.5674765897403 2 3 2 3 3 3 1 1
57.56747658974031 2 3 2 3 3 3 2 2
-5.589066612103839 2 3 3 1 1 0 0 2
0.26332394791138786 2 3 3 1 1 0 3 2
0.26332394791138786 2 3 3 1 1 3 0 2
0.060027668362148165 2 3 3 1 1 3 3 2
5.589066612103838 2 3 3 1 2 0 0 1
-0.26332394791138786 2 3 3 1 2 0 3 1
-0.26332394791138786 2 3 3 1 2 3 0 1
-0.060027668362148165 2 3 3 1 2 3 3 1
11.333678579298194 2 3 3 2 0 0 0 0
-0.3017547599315607 2 3 3 2 0 0 0 3
60.91794393418953 2 3 3 2 0 0 3 0
4.231588601655365 2 3 3 2 0 0 3 3
60.91794393418953 2 3 3 2 0 3 0 0
4.231588601655363 2 3 3 2 0 3 0 3
-815.6216533758711 2 3 3 2 0 3 3 0
14.415582550325645 2 3 3 2 0 3 3 3
0.001556030411054037 2 3 3 2 1 0 0 1
0.001556030411054037 2 3 3 2 2 0 0 2
66.85580120743859 2 3 3 2 3 0 0 0
6.853766688025579 2 3 3 2 3 0 0 3
-991.3240514022402 2 3 3 2 3 0 3 0
26.33172967603523 2 3 3 2 3 0 3 3
-991.3240514022395 2 3 3 2 3 3 0 0
26.331729676035224 2 3 3 2 3 3 0 3
-5124.886196040165 2 3 3 2 3 3 3 0
0.8368813773482124 2 3 3 2 3 3 3 3
26064.60280408115 3 0 0 0 0 0 0 0
4187.5384730922715 3 0 0 0 0 0 0 3
4717.895831364642 3 0 0 0 0 0 3 0
-216.81206295962372 3 0 0 0 0 0 3 3
4717.895831364645 3 0 0 0 0 3 0 0
-216.81206295962372 3 0 0 0 0 3 0 3
-327.0566612818668 3 0 0 0 0 3 3 0
-50.197286015559044 3 0 0 0 0 3 3 3
-0.0765462983207745 3 0 0 0 1 0 3 1
-0.07654629832077448 3 0 0 0 1 3 0 1
-0.3017547599315607 3 0 0 0 1 3 3 1
-0.0765462983207745 3 0 0 0 2 0 3 2
-0.07654629832077448 3 0 0 0 2 3 0 2
-0.3017547599315607 3 0 0 0 2 3 3 2
4968.175421262533 3 0 0 0 3 0 0 0
-198.13788276876272 3 0 0 0 3 0 0 3
-320.0760721233478 3 0 0 0 3 0 3 0
-44.70696383652507 3 0 0 0 3 0 3 3
-320.07607212334784 3 0 0 0 3 3 0 0
-44.70696383652507 3 0 0 0 3 3 0 3
-58.67898059061747 3 0 0 0 3 3 3 0
2.301994195811046 3 0 0 0 3 3 3 3
3249.749120365203 3 0 0 3 0 0 0 0
-160.69044736362085 3 0 0 3 0 0 0 3
-193.06998260628896 3 0 0 3 0 0 3 0
-44.27576162963685 3 0 0 3 0 0 3 3
-193.06998260628902 3 0 0 3 0 3 0 0
-44.27576162963687 3 0 0 3 0 3 0 3
-46.292155752364785 3 0 0 3 0 3 3 0
1.9129562448593223 3 0 0 3 0 3 3 3
-0.15919896063891628 3 0 0 3 1 0 0 1
-0.7251850833068042 3 0 0 3 1 0 3 1
-0.7251850833068041 3 0 0 3 1 3 0 1
11.333678579298196 3 0 0 3 1 3 3 1
-0.15919896063891628 3 0 0 3 2 0 0 2
-0.7251850833068042 3 0 0 3 2 0 3 2
-0.7251850833068041 3 0 0 3 2 3 0 2
11.333678579298194 3 0 0 3 2 3 3 2
-198.1378827687627 3 0 0 3 3 0 0 0
-44.876553328369276 3 0 0 3 3 0 0 3
-45.84793513173947 3 0 0 3 3 0 3 0
1.8381826908469312 3 0 0 3 3 0 3 3
-45.84793513173947 3 0 0 3 3 3 0 0
1.8381826908469312 3 0 0 3 3 3 0 3
2.3629679961167516 3 0 0 3 3 3 3 0
0.4578900982268608 3 0 0 3 3 3 3 3
0.008527672823570101 3 0 1 1 0 0 1 1
0.008527672823570101 3 0 1 1 0 0 2 2
0.0017290243603613738 3 0 1 1 0 3 1 1
0.0017290243603613738 3 0 1 1 0 3 2 2
0.0005994902136516263 3 0 1 1 1 3 1 0
0.0005994902136516263 3 0 1 1 2 3 2 0
0.0021662856985936903 3 0 1 1 3 0 1 1
0.0021662856985936903 3 0 1 1 3 0 2 2
4.402607698995812 3 0 1 2 0 0 1 2
-4.402607698995811 3 0 1 2 0 0 2 1
0.8410171652999465 3 0 1 2 0 3 1 2
-0.8410171652999465 3 0 1 2 0 3 2 1
0.003120313640830375 3 0 1 2 1 0 2 0
0.0008972615074103481 3 0 1 2 1 0 2 3
-0.09270170319735696 3 0 1 2 1 3 2 0
0.004066489268994278 3 0 1 2 1 3 2 3
-0.003120313640830375 3 0 1 2 2 0 1 0
-0.0008972615074103481 3 0 1 2 2 0 1 3
0.09270170319735696 3 0 1 2 2 3 1 0
-0.004066489268994278 3 0 1 2 2 3 1 3
1.1388050095157813 3 0 1 2 3 0 1 2
-1.1388050095157811 3 0 1 2 3 0 2 1
-0.030486900152852728 3 0 1 2 3 3 1 2
0.030486900152852728 3 0 1 2 3 3 2 1
-4.402607698995812 3 0 2 1 0 0 1 2
4.402607698995812 3 0 2 1 0 0 2 1
-0.8410171652999465 3 0 2 1 0 3 1 2
0.8410171652999465 3 0 2 1 0 3 2 1
-0.003120313640830375 3 0 2 1 1 0 2 0
-0.0008972615074103482 3 0 2 1 1 0 2 3
0.09270170319735695 3 0 2 1 1 3 2 0
-0.004066489268994279 3 0 2 1 1 3 2 3
0.003120313640830375 3 0 2 1 2 0 1 0
0.0008972615074103482 3 0 2 1 2 0 1 3
-0.09270170319735693 3 0 2 1 2 3 1 0
0.004066489268994279 3 0 2 1 2 3 1 3
-1.1388050095157811 3 0 2 1 3 0 1 2
1.138805009515781 3 0 2 1 3 0 2 1
0.03048690015285272 3 0 2 1 3 3 1 2
-0.03048690015285272 3 0 2 1 3 3 2 1
0.008527672823570101 3 0 2 2 0 0 1 1
0.008527672823570101 3 0 2 2 0 0 2 2
0.0017290243603613733 3 0 2 2 0 3 1 1
0.0017290243603613738 3 0 2 2 0 3 2 2
0.0005994902136516265 3 0 2 2 1 3 1 0
0.0005994902136516265 3 0 2 2 2 3 2 0
0.0021662856985936903 3 0 2 2 3 0 1 1
0.0021662856985936903 3 0 2 2 3 0 2 2
4328.082388040117 3 0 3 0 0 0 0 0
-218.36620021199806 3 0 3 0 0 0 0 3
-341.78328648222697 3 0 3 0 0 0 3 0
-53.580309002520266 3 0 3 0 0 0 3 3
-326.655027567025 3 0 3 0 0 3 0 0
-51.0871942483223 3 0 3 0 0 3 0 3
-66.94681250493309 3 0 3 0 0 3 3 0
2.7086061238481522 3 0 3 0 0 3 3 3
-0.07744355982818486 3 0 3 0 1 0 0 1
-0.3124435668406558 3 0 3 0 1 0 3 1
-0.30802868841392195 3 0 3 0 1 3 0 1
4.231588601655366 3 0 3 0 1 3 3 1
-0.07744355982818486 3 0 3 0 2 0 0 2
-0.3124435668406558 3 0 3 0 2 0 3 2
-0.30802868841392195 3 0 3 0 2 3 0 2
4.231588601655365 3 0 3 0 2 3 3 2
-320.0760721233479 3 0 3 0 3 0 0 0
-45.847935131739455 3 0 3 0 3 0 0 3
-63.5839540139991 3 0 3 0 3 0 3 0
2.4209092579658438 3 0 3 0 3 0 3 3
-60.31492966758931 3 0 3 0 3 3 0 0
2.3619571499645473 3 0 3 0 3 3 0 3
3.6893817496329886 3 0 3 0 3 3 3 0
0.5592733844735348 3 0 3 0 3 3 3 3
-185.80184911502448 3 0 3 3 0 0 0 0
-42.655244448807295 3 0 3 3 0 0 0 3
-47.10612538621275 3 0 3 3 0 0 3 0
1.9575167734533985 3 0 3 3 0 0 3 3
-45.158308231148176 3 0 3 3 0 3 0 0
1.9098294938619949 3 0 3 3 0 3 0 3
2.4752016451543657 3 0 3 3 0 3 3 0
0.5113260012162767 3 0 3 3 0 3 3 3
-0.7283053969476347 3 0 3 3 1 0 0 1
12.2343166044683 3 0 3 3 1 0 3 1
11.69621809169837 3 0 3 3 1 3 0 1
60.91794393418953 3 0 3 3 1 3 3 1
-0.7283053969476347 3 0 3 3 2 0 0 2
12.234316604468297 3 0 3 3 2 0 3 2
11.696218091698372 3 0 3 3 2 3 0 2
60.91794393418954 3 0 3 3 2 3 3 2
-44.70696383652506 3 0 3 3 3 0 0 0
1.8381826908469308 3 0 3 3 3 0 0 3
2.4209092579658438 3 0 3 3 3 0 3 0
0.4794335179811704 3 0 3 3 3 0 3 3
2.361957149964547 3 0 3 3 3 3 0 0
0.465071238144964 3 0 3 3 3 3 0 3
0.566148134983354 3 0 3 3 3 3 3 0
0.008527672823570103 3 1 0 1 0 1 0 1
0.0017290243603613744 3 1 0 1 0 1 3 1
0.008527672823570103 3 1 0 1 0 2 0 2
0.0017290243603613744 3 1 0 1 0 2 3 2
0.000599490213651627 3 1 0 1 1 1 3 0
0.000599490213651627 3 1 0 1 2 2 3 0
0.0021662856985936903 3 1 0 1 3 1 0 1
0.00216628569859369 3 1 0 1 3 2 0 2
4.402607698995814 3 1 0 2 0 1 0 2
0.8410171652999465 3 1 0 2 0 1 3 2
-4.402607698995813 3 1 0 2 0 2 0 1
-0.8410171652999465 3 1 0 2 0 2 3 1
0.0031203136408303788 3 1 0 2 1 2 0 0
0.0008972615074103487 3 1 0 2 1 2 0 3
-0.09270170319735707 3 1 0 2 1 2 3 0
0.004066489268994284 3 1 0 2 1 2 3 3
-0.0031203136408303788 3 1 0 2 2 1 0 0
-0.0008972615074103487 3 1 0 2 2 1 0 3
0.09270170319735709 3 1 0 2 2 1 3 0
-0.004066489268994284 3 1 0 2 2 1 3 3
1.1388050095157816 3 1 0 2 3 1 0 2
-0.03048690015285273 3 1 0 2 3 1 3 2
-1.1388050095157816 3 1 0 2 3 2 0 1
0.03048690015285273 3 1 0 2 3 2 3 1
0.005914389590709418 3 1 1 0 0 1 1 0
0.0009865881125995053 3 1 1 0 0 1 1 3
0.005914389590709418 3 1 1 0 0 2 2 0
0.0009865881125995053 3 1 1 0 0 2 2 3
0.0014369037669505363 3 1 1 0 3 1 1 0
0.0014369037669505346 3 1 1 0 3 2 2 0
0.0008125480781212054 3 1 1 3 0 1 1 0
0.0008125480781212055 3 1 1 3 0 2 2 0
-0.00022782326986038994 3 1 1 3 1 1 1 1
-3.876066566104541e-05 3 1 1 3 1 1 2 2
-3.87606656610454e-05 3 1 1 3 1 2 1 2
-0.00015030193853829876 3 1 1 3 1 2 2 1
-0.00015030193853829855 3 1 1 3 2 1 1 2
-3.87606656610454e-05 3 1 1 3 2 1 2 1
-3.876066566104541e-05 3 1 1 3 2 2 1 1
-0.00022782326986038994 3 1 1 3 2 2 2 2
7.564129457601002 3 1 2 0 0 1 2 0
1.2465573770989846 3 1 2 0 0 1 2 3
-7.564129457601002 3 1 2 0 0 2 1 0
-1.2465573770989846 3 1 2 0 0 2 1 3
0.0022074392133669025 3 1 2 0 1 1 2 1
-0.0022074392133669025 3 1 2 0 1 2 1 1
0.0022074392133669025 3 1 2 0 2 1 2 2
-0.0022074392133669025 3 1 2 0 2 2 1 2
1.6345121732048993 3 1 2 0 3 1 2 0
-0.02947605400064827 3 1 2 0 3 1 2 3
-1.6345121732048993 3 1 2 0 3 2 1 0
0.02947605400064827 3 1 2 0 3 2 1 3
0.9739085775322956 3 1 2 3 0 1 2 0
-0.02384363979570182 3 1 2 3 0 1 2 3
-0.9739085775322956 3 1 2 3 0 2 1 0
0.02384363979570182 3 1 2 3 0 2 1 3
-0.26904925638496197 3 1 2 3 1 1 2 1
0.269049256384962 3 1 2 3 1 2 1 1
-0.2690492563849621 3 1 2 3 2 1 2 2
0.26904925638496197 3 1 2 3 2 2 1 2
-0.02947605400064827 3 1 2 3 3 1 2 0
-0.0071811399181032675 3 1 2 3 3 1 2 3
0.02947605400064827 3 1 2 3 3 2 1 0
0.0071811399181032675 3 1 2 3 3 2 1 3
0.0016322698624489883 3 1 3 1 0 1 0 1
0.0016322698624489887 3 1 3 1 0 2 0 2
0.0006382508793126727 3 1 3 1 1 1 0 0
0.00317913050194927 3 1 3 1 1 1 3 0
0.0006546568937641048 3 1 3 1 1 1 3 3
0.0006382508793126727 3 1 3 1 2 2 0 0
0.003179130501949271 3 1 3 1 2 2 3 0
0.0006546568937641048 3 1 3 1 2 2 3 3
0.7756733847397878 3 1 3 2 0 1 0 2
-0.029919469217600816 3 1 3 2 0 1 3 2
-0.7756733847397879 3 1 3 2 0 2 0 1
0.029919469217600816 3 1 3 2 0 2 3 1
-0.09266294253169605 3 1 3 2 1 2 0 0
0.004066489268994282 3 1 3 2 1 2 0 3
-0.38788204826382944 3 1 3 2 1 2 3 0
0.07378218266564304 3 1 3 2 1 2 3 3
0.09266294253169605 3 1 3 2 2 1 0 0
-0.004066489268994282 3 1 3 2 2 1 0 3
0.3878820482638294 3 1 3 2 2 1 3 0
-0.07378218266564303 3 1 3 2 2 1 3 3
-0.030486900152852728 3 1 3 2 3 1 0 2
-0.006874750509819122 3 1 3 2 3 1 3 2
0.030486900152852728 3 1 3 2 3 2 0 1
0.006874750509819122 3 1 3 2 3 2 3 1
-4.402607698995814 3 2 0 1 0 1 0 2
-0.8410171652999465 3 2 0 1 0 1 3 2
4.402607698995814 3 2 0 1 0 2 0 1
0.8410171652999465 3 2 0 1 0 2 3 1
-0.0031203136408303805 3 2 0 1 1 2 0 0
-0.0008972615074103487 3 2 0 1 1 2 0 3
0.09270170319735709 3 2 0 1 1 2 3 0
-0.004066489268994283 3 2 0 1 1 2 3 3
0.0031203136408303805 3 2 0 1 2 1 0 0
0.0008972615074103487 3 2 0 1 2 1 0 3
-0.09270170319735707 3 2 0 1 2 1 3 0
0.004066489268994283 3 2 0 1 2 1 3 3
-1.1388050095157816 3 2 0 1 3 1 0 2
0.03048690015285273 3 2 0 1 3 1 3 2
1.1388050095157813 3 2 0 1 3 2 0 1
-0.03048690015285273 3 2 0 1 3 2 3 1
0.008527672823570101 3 2 0 2 0 1 0 1
0.0017290243603613744 3 2 0 2 0 1 3 1
0.008527672823570101 3 2 0 2 0 2 0 2
0.0017290243603613744 3 2 0 2 0 2 3 2
0.000599490213651627 3 2 0 2 1 1 3 0
0.000599490213651627 3 2 0 2 2 2 3 0
0.0021662856985936903 3 2 0 2 3 1 0 1
0.0021662856985936903 3 2 0 2 3 2 0 2
-7.564129457601002 3 2 1 0 0 1 2 0
-1.2465573770989846 3 2 1 0 0 1 2 3
7.564129457601002 3 2 1 0 0 2 1 0
1.2465573770989848 3 2 1 0 0 2 1 3
-0.0022074392133669025 3 2 1 0 1 1 2 1
0.0022074392133669025 3 2 1 0 1 2 1 1
-0.0022074392133669025 3 2 1 0 2 1 2 2
0.0022074392133669025 3 2 1 0 2 2 1 2
-1.6345121732048993 3 2 1 0 3 1 2 0
0.02947605400064827 3 2 1 0 3 1 2 3
1.6345121732048993 3 2 1 0 3 2 1 0
-0.02947605400064827 3 2 1 0 3 2 1 3
-0.9739085775322956 3 2 1 3 0 1 2 0
0.02384363979570182 3 2 1 3 0 1 2 3
0.9739085775322956 3 2 1 3 0 2 1 0
-0.02384363979570182 3 2 1 3 0 2 1 3
0.26904925638496197 3 2 1 3 1 1 2 1
-0.2690492563849621 3 2 1 3 1 2 1 1
0.2690492563849621 3 2 1 3 2 1 2 2
-0.269049256384962 3 2 1 3 2 2 1 2
0.029476054000648275 3 2 1 3 3 1 2 0
0.0071811399181032675 3 2 1 3 3 1 2 3
-0.029476054000648275 3 2 1 3 3 2 1 0
-0.0071811399181032675 3 2 1 3 3 2 1 3
0.005914389590709418 3 2 2 0 0 1 1 0
0.000986588112599507 3 2 2 0 0 1 1 3
0.0059143895907094145 3 2 2 0 0 2 2 0
0.0009865881125995062 3 2 2 0 0 2 2 3
0.0014369037669505363 3 2 2 0 3 1 1 0
0.0014369037669505346 3 2 2 0 3 2 2 0
0.0008125480781212053 3 2 2 3 0 1 1 0
0.0008125480781212051 3 2 2 3 0 2 2 0
-0.00022782326986039037 3 2 2 3 1 1 1 1
-3.876066566104537e-05 3 2 2 3 1 1 2 2
-3.8760665661045357e-05 3 2 2 3 1 2 1 2
-0.00015030193853829898 3 2 2 3 1 2 2 1
-0.00015030193853829898 3 2 2 3 2 1 1 2
-3.876066566104534e-05 3 2 2 3 2 1 2 1
-3.876066566104537e-05 3 2 2 3 2 2 1 1
-0.00022782326986039037 3 2 2 3 2 2 2 2
-0.7756733847397878 3 2 3 1 0 1 0 2
0.029919469217600816 3 2 3 1 0 1 3 2
0.7756733847397879 3 2 3 1 0 2 0 1
-0.029919469217600816 3 2 3 1 0 2 3 1
0.09266294253169605 3 2 3 1 1 2 0 0
-0.004066489268994282 3 2 3 1 1 2 0 3
0.3878820482638294 3 2 3 1 1 2 3 0
-0.07378218266564307 3 2 3 1 1 2 3 3
-0.09266294253169605 3 2 3 1 2 1 0 0
0.004066489268994282 3 2 3 1 2 1 0 3
-0.38788204826382944 3 2 3 1 2 1 3 0
0.07378218266564307 3 2 3 1 2 1 3 3
0.030486900152852728 3 2 3 1 3 1 0 2
0.00687475050981912 3 2 3 1 3 1 3 2
-0.030486900152852728 3 2 3 1 3 2 0 1
-0.00687475050981912 3 2 3 1 3 2 3 1
0.0016322698624489883 3 2 3 2 0 1 0 1
0.0016322698624489883 3 2 3 2 0 2 0 2
0.0006382508793126725 3 2 3 2 1 1 0 0
0.003179130501949271 3 2 3 2 1 1 3 0
0.0006546568937641046 3 2 3 2 1 1 3 3
0.0006382508793126725 3 2 3 2 2 2 0 0
0.00317913050194927 3 2 3 2 2 2 3 0
0.0006546568937641048 3 2 3 2 2 2 3 3
4328.082388040119 3 3 0 0 0 0 0 0
-218.36620021199806 3 3 0 0 0 0 0 3
-326.65502756702506 3 3 0 0 0 0 3 0
-51.0871942483223 3 3 0 0 0 0 3 3
-341.78328648222697 3 3 0 0 0 3 0 0
-53.580309002520295 3 3 0 0 0 3 0 3
-66.9468125049331 3 3 0 0 0 3 3 0
2.7086061238481536 3 3 0 0 0 3 3 3
-0.07744355982818484 3 3 0 0 1 0 0 1
-0.30802868841392195 3 3 0 0 1 0 3 1
-0.3124435668406558 3 3 0 0 1 3 0 1
4.231588601655365 3 3 0 0 1 3 3 1
-0.07744355982818484 3 3 0 0 2 0 0 2
-0.30802868841392195 3 3 0 0 2 0 3 2
-0.3124435668406558 3 3 0 0 2 3 0 2
4.231588601655365 3 3 0 0 2 3 3 2
-320.0760721233479 3 3 0 0 3 0 0 0
-45.84793513173947 3 3 0 0 3 0 0 3
-60.314929667589304 3 3 0 0 3 0 3 0
2.3619571499645473 3 3 0 0 3 0 3 3
-63.58395401399913 3 3 0 0 3 3 0 0
2.420909257965844 3 3 0 0 3 3 0 3
3.689381749632989 3 3 0 0 3 3 3 0
0.559273384473535 3 3 0 0 3 3 3 3
-185.8018491150245 3 3 0 3 0 0 0 0
-42.65524444880732 3 3 0 3 0 0 0 3
-45.15830823114818 3 3 0 3 0 0 3 0
1.9098294938619949 3 3 0 3 0 0 3 3
-47.106125386212774 3 3 0 3 0 3 0 0
1.957516773453399 3 3 0 3 0 3 0 3
2.475201645154366 3 3 0 3 0 3 3 0
0.511326001216277 3 3 0 3 0 3 3 3
-0.7283053969476345 3 3 0 3 1 0 0 1
11.696218091698373 3 3 0 3 1 0 3 1
12.23431660446829 3 3 0 3 1 3 0 1
60.91794393418953 3 3 0 3 1 3 3 1
-0.7283053969476345 3 3 0 3 2 0 0 2
11.696218091698373 3 3 0 3 2 0 3 2
12.23431660446829 3 3 0 3 2 3 0 2
60.91794393418952 3 3 0 3 2 3 3 2
-44.70696383652508 3 3 0 3 3 0 0 0
1.8381826908469312 3 3 0 3 3 0 0 3
2.3619571499645473 3 3 0 3 3 0 3 0
0.4650712381449639 3 3 0 3 3 0 3 3
2.4209092579658447 3 3 0 3 3 3 0 0
0.4794335179811707 3 3 0 3 3 3 0 3
0.5661481349833541 3 3 0 3 3 3 3 0
0.0016322698624489892 3 3 1 1 0 0 1 1
0.0016322698624489892 3 3 1 1 0 0 2 2
0.0006382508793126721 3 3 1 1 1 0 1 0
0.0031791305019492687 3 3 1 1 1 3 1 0
0.0006546568937641037 3 3 1 1 1 3 1 3
0.0006382508793126721 3 3 1 1 2 0 2 0
0.0031791305019492687 3 3 1 1 2 3 2 0
0.000654656893764104 3 3 1 1 2 3 2 3
0.7756733847397879 3 3 1 2 0 0 1 2
-0.775673384739788 3 3 1 2 0 0 2 1
-0.029919469217600813 3 3 1 2 0 3 1 2
0.029919469217600813 3 3 1 2 0 3 2 1
-0.09266294253169581 3 3 1 2 1 0 2 0
0.004066489268994279 3 3 1 2 1 0 2 3
-0.3878820482638281 3 3 1 2 1 3 2 0
0.07378218266564321 3 3 1 2 1 3 2 3
0.09266294253169581 3 3 1 2 2 0 1 0
-0.004066489268994279 3 3 1 2 2 0 1 3
0.3878820482638282 3 3 1 2 2 3 1 0
-0.07378218266564322 3 3 1 2 2 3 1 3
-0.03048690015285272 3 3 1 2 3 0 1 2
0.03048690015285272 3 3 1 2 3 0 2 1
-0.006874750509819122 3 3 1 2 3 3 1 2
0.006874750509819122 3 3 1 2 3 3 2 1
-0.7756733847397879 3 3 2 1 0 0 1 2
0.775673384739788 3 3 2 1 0 0 2 1
0.029919469217600813 3 3 2 1 0 3 1 2
-0.029919469217600813 3 3 2 1 0 3 2 1
0.0926629425316958 3 3 2 1 1 0 2 0
-0.004066489268994279 3 3 2 1 1 0 2 3
0.3878820482638281 3 3 2 1 1 3 2 0
-0.07378218266564326 3 3 2 1 1 3 2 3
-0.0926629425316958 3 3 2 1 2 0 1 0
0.004066489268994279 3 3 2 1 2 0 1 3
-0.3878820482638281 3 3 2 1 2 3 1 0
0.07378218266564325 3 3 2 1 2 3 1 3
0.03048690015285272 3 3 2 1 3 0 1 2
-0.03048690015285272 3 3 2 1 3 0 2 1
0.006874750509819122 3 3 2 1 3 3 1 2
-0.006874750509819122 3 3 2 1 3 3 2 1
0.0016322698624489892 3 3 2 2 0 0 1 1
0.0016322698624489892 3 3 2 2 0 0 2 2
0.0006382508793126721 3 3 2 2 1 0 1 0
0.0031791305019492687 3 3 2 2 1 3 1 0
0.000654656893764104 3 3 2 2 1 3 1 3
0.0006382508793126721 3 3 2 2 2 0 2 0
0.0031791305019492687 3 3 2 2 2 3 2 0
0.0006546568937641041 3 3 2 2 2 3 2 3
-311.11330615779985 3 3 3 0 0 0 0 0
-49.35113348054623 3 3 3 0 0 0 0 3
-64.88340119624502 3 3 3 0 0 0 3 0
2.7044877556576 3 3 3 0 0 0 3 3
-64.88340119624503 3 3 3 0 0 3 0 0
2.7044877556576 3 3 3 0 0 3 0 3
3.997100084845162 3 3 3 0 0 3 3 0
0.661684824178576 3 3 3 0 0 3 3 3
-0.30988773846954926 3 3 3 0 1 0 0 1
4.158461075883485 3 3 3 0 1 0 3 1
4.1584610758834835 3 3 3 0 1 3 0 1
14.415582550325643 3 3 3 0 1 3 3 1
-0.30988773846954926 3 3 3 0 2 0 0 2
4.158461075883486 3 3 3 0 2 0 3 2
4.1584610758834835 3 3 3 0 2 3 0 2
14.415582550325645 3 3 3 0 2 3 3 2
-58.67898059061747 3 3 3 0 3 0 0 0
2.3629679961167516 3 3 3 0 3 0 0 3
3.6893817496329886 3 3 3 0 3 0 3 0
0.5661481349833539 3 3 3 0 3 0 3 3
3.689381749632989 3 3 3 0 3 3 0 0
0.566148134983354 3 3 3 0 3 3 0 3
0.7999743617725994 3 3 3 0 3 3 3 0
-42.205899528826855 3 3 3 3 0 0 0 0
1.8590154632732638 3 3 3 3 0 0 0 3
2.411244338528611 3 3 3 3 0 0 3 0
0.5025019305997981 3 3 3 3 0 0 3 3
2.4112443385286113 3 3 3 3 0 3 0 0
0.5025019305997982 3 3 3 3 0 3 0 3
0.6016571558164279 3 3 3 3 0 3 3 0
11.520280966120222 3 3 3 3 1 0 0 1
61.30900511295533 3 3 3 3 1 0 3 1
61.309005112955326 3 3 3 3 1 3 0 1
-815.621653375871 3 3 3 3 1 3 3 1
11.52028096612022 3 3 3 3 2 0 0 2
61.30900511295533 3 3 3 3 2 0 3 2
61.30900511295532 3 3 3 3 2 3 0 2
-815.6216533758712 3 3 3 3 2 3 3 2
2.301994195811046 3 3 3 3 3 0 0 0
0.4578900982268607 3 3 3 3 3 0 0 3
0.5592733844735349 3 3 3 3 3 0 3 0
0.5592733844735349 3 3 3 3 3 3 0 0
