-875755.6742533532 0 0 0 0 0 0 0 0
14971.182413507095 0 0 0 0 0 0 0 3
-118.50653842254911 0 0 0 0 0 0 1 1
-118.50653842254911 0 0 0 0 0 0 2 2
19234.039785024 0 0 0 0 0 0 3 0
2075.917130023817 0 0 0 0 0 0 3 3
24893.756614019592 0 0 0 0 0 3 0 0
3486.290216073258 0 0 0 0 0 3 0 3
47.56252291930938 0 0 0 0 0 3 1 1
47.56252291930937 0 0 0 0 0 3 2 2
3607.803047718174 0 0 0 0 0 3 3 0
-125.20420156666589 0 0 0 0 0 3 3 3
24893.756614019545 0 0 0 0 3 0 0 0
3486.2902160732574 0 0 0 0 3 0 0 3
47.562522919309366 0 0 0 0 3 0 1 1
47.562522919309366 0 0 0 0 3 0 2 2
3607.803047718174 0 0 0 0 3 0 3 0
-125.20420156666576 0 0 0 0 3 0 3 3
5127.178725079174 0 0 0 0 3 3 0 0
-210.4551359982798 0 0 0 0 3 3 0 3
10.707118260568521 0 0 0 0 3 3 1 1
10.707118260568521 0 0 0 0 3 3 2 2
-236.08168867912696 0 0 0 0 3 3 3 0
-26.2673424710088 0 0 0 0 3 3 3 3
14971.182413507107 0 0 0 3 0 0 0 0
4068.6546084285433 0 0 0 3 0 0 0 3
-7606.102166418474 0 0 0 3 0 0 1 1
-7606.102166418475 0 0 0 3 0 0 2 2
3904.0854032015422 0 0 0 3 0 0 3 0
-134.7299612295603 0 0 0 3 0 0 3 3
3675.3664345403286 0 0 0 3 0 3 0 0
-171.64584073392018 0 0 0 3 0 3 0 3
-1597.9245029899369 0 0 0 3 0 3 1 1
-1597.924502989937 0 0 0 3 0 3 2 2
-184.4692997108393 0 0 0 3 0 3 3 0
-29.629643378736894 0 0 0 3 0 3 3 3
3675.3664345403295 0 0 0 3 3 0 0 0
-171.64584073392 0 0 0 3 3 0 0 3
-1597.924502989937 0 0 0 3 3 0 1 1
-1597.9245029899369 0 0 0 3 3 0 2 2
-184.46929971083912 0 0 0 3 3 0 3 0
-29.62964337873689 0 0 0 3 3 0 3 3
-217.7427760522599 0 0 0 3 3 3 0 0
-39.03796231461949 0 0 0 3 3 3 0 3
99.93652443108891 0 0 0 3 3 3 1 1
99.93652443108891 0 0 0 3 3 3 2 2
-39.41992972848765 0 0 0 3 3 3 3 0
1.3063786287903807 0 0 0 3 3 3 3 3
-401.71782074607654 0 0 1 1 0 0 0 0
0.3744008703994814 0 0 1 1 0 0 0 3
-0.14827581532772585 0 0 1 1 0 0 1 1
-0.1482758153277254 0 0 1 1 0 0 2 2
-7606.102166418473 0 0 1 1 0 0 3 0
-118.5065384225493 0 0 1 1 0 0 3 3
61.72427581972738 0 0 1 1 0 3 0 0
0.19609436814649173 0 0 1 1 0 3 0 3
0.0016226820950165574 0 0 1 1 0 3 1 1
0.0016226820950165574 0 0 1 1 0 3 2 2
-1774.3088343823097 0 0 1 1 0 3 3 0
48.50442137273765 0 0 1 1 0 3 3 3
61.72427581972734 0 0 1 1 3 0 0 0
0.19609436814649156 0 0 1 1 3 0 0 3
0.0016226820950165505 0 0 1 1 3 0 1 1
0.0016226820950165505 0 0 1 1 3 0 2 2
-1774.3088343823097 0 0 1 1 3 0 3 0
48.50442137273765 0 0 1 1 3 0 3 3
12.89962961179255 0 0 1 1 3 3 0 0
-0.19921975845295667 0 0 1 1 3 3 0 3
0.0003913364634265358 0 0 1 1 3 3 1 1
0.0003913364634265358 0 0 1 1 3 3 2 2
106.73988024890045 0 0 1 1 3 3 3 0
11.2117313588898 0 0 1 1 3 3 3 3
-1828.019997362395 0 0 1 2 0 0 1 2
1828.019997362395 0 0 1 2 0 0 2 1
57.48860516235777 0 0 1 2 0 3 1 2
-57.48860516235777 0 0 1 2 0 3 2 1
57.4886051623577 0 0 1 2 3 0 1 2
-57.4886051623577 0 0 1 2 3 0 2 1
12.49663533590344 0 0 1 2 3 3 1 2
-12.496635335903441 0 0 1 2 3 3 2 1
1828.0199973623946 0 0 2 1 0 0 1 2
-1828.0199973623949 0 0 2 1 0 0 2 1
-57.48860516235777 0 0 2 1 0 3 1 2
57.48860516235777 0 0 2 1 0 3 2 1
-57.4886051623577 0 0 2 1 3 0 1 2
57.4886051623577 0 0 2 1 3 0 2 1
-12.49663533590344 0 0 2 1 3 3 1 2
12.496635335903441 0 0 2 1 3 3 2 1
-401.7178207460764 0 0 2 2 0 0 0 0
0.3744008703994837 0 0 2 2 0 0 0 3
-0.14827581532772624 0 0 2 2 0 0 1 1
-0.14827581532772602 0 0 2 2 0 0 2 2
-7606.102166418475 0 0 2 2 0 0 3 0
-118.50653842254927 0 0 2 2 0 0 3 3
61.72427581972738 0 0 2 2 0 3 0 0
0.19609436814649178 0 0 2 2 0 3 0 3
0.0016226820950165574 0 0 2 2 0 3 1 1
0.0016226820950165574 0 0 2 2 0 3 2 2
-1774.30883438231 0 0 2 2 0 3 3 0
48.50442137273765 0 0 2 2 0 3 3 3
61.724275819727346 0 0 2 2 3 0 0 0
0.19609436814649167 0 0 2 2 3 0 0 3
0.0016226820950165505 0 0 2 2 3 0 1 1
0.0016226820950165505 0 0 2 2 3 0 2 2
-1774.3088343823094 0 0 2 2 3 0 3 0
48.50442137273765 0 0 2 2 3 0 3 3
12.899629611792552 0 0 2 2 3 3 0 0
-0.19921975845295667 0 0 2 2 3 3 0 3
0.0003913364634265358 0 0 2 2 3 3 1 1
0.0003913364634265358 0 0 2 2 3 3 2 2
106.73988024890045 0 0 2 2 3 3 3 0
11.211731358889802 0 0 2 2 3 3 3 3
19234.039785024015 0 0 3 0 0 0 0 0
3904.085403201542 0 0 3 0 0 0 0 3
0.37440087039949477 0 0 3 0 0 0 1 1
0.37440087039949566 0 0 3 0 0 0 2 2
3873.402457313042 0 0 3 0 0 0 3 0
-137.00210720565175 0 0 3 0 0 0 3 3
3814.6833399836137 0 0 3 0 0 3 0 0
-184.06488936816922 0 0 3 0 0 3 0 3
-0.499221089308427 0 0 3 0 0 3 1 1
-0.4992210893084269 0 0 3 0 0 3 2 2
-200.99434927639038 0 0 3 0 0 3 3 0
-28.764276744122682 0 0 3 0 0 3 3 3
3814.6833399836137 0 0 3 0 3 0 0 0
-184.06488936816902 0 0 3 0 3 0 0 3
-0.4992210893084269 0 0 3 0 3 0 1 1
-0.4992210893084271 0 0 3 0 3 0 2 2
-200.9943492763902 0 0 3 0 3 0 3 0
-28.76427674412268 0 0 3 0 3 0 3 3
-244.05998029428048 0 0 3 0 3 3 0 0
-39.47252515268283 0 0 3 0 3 3 0 3
-0.1829138003376929 0 0 3 0 3 3 1 1
-0.1829138003376929 0 0 3 0 3 3 2 2
-40.48001280924776 0 0 3 0 3 3 3 0
1.344727333891581 0 0 3 0 3 3 3 3
2075.9171300238168 0 0 3 3 0 0 0 0
-134.72996122956042 0 0 3 3 0 0 0 3
-401.7178207460764 0 0 3 3 0 0 1 1
-401.71782074607637 0 0 3 3 0 0 2 2
-137.00210720565178 0 0 3 3 0 0 3 0
-34.071863590588 0 0 3 3 0 0 3 3
-128.34953182343705 0 0 3 3 0 3 0 0
-30.506674198827113 0 0 3 3 0 3 0 3
60.31559197635673 0 0 3 3 0 3 1 1
60.315591976356735 0 0 3 3 0 3 2 2
-29.511168756384397 0 0 3 3 0 3 3 0
1.217369127432112 0 0 3 3 0 3 3 3
-128.349531823437 0 0 3 3 3 0 0 0
-30.50667419882711 0 0 3 3 3 0 0 3
60.31559197635671 0 0 3 3 3 0 1 1
60.31559197635671 0 0 3 3 3 0 2 2
-29.5111687563844 0 0 3 3 3 0 3 0
1.2173691274321106 0 0 3 3 3 0 3 3
-27.6431396849572 0 0 3 3 3 3 0 0
1.3290828350953914 0 0 3 3 3 3 0 3
12.396729681279435 0 0 3 3 3 3 1 1
12.396729681279439 0 0 3 3 3 3 2 2
1.366684218633264 0 0 3 3 3 3 3 0
0.2793867096589112 0 0 3 3 3 3 3 3
-0.32125779725793685 0 1 0 1 0 1 0 1
-176.19104913872545 0 1 0 1 0 1 1 0
0.9418193350353843 0 1 0 1 0 1 1 3
0.0019067405276630024 0 1 0 1 0 1 3 1
-0.32125779725793685 0 1 0 1 0 2 0 2
-176.19104913872542 0 1 0 1 0 2 2 0
0.9418193350353841 0 1 0 1 0 2 2 3
0.0019067405276630024 0 1 0 1 0 2 3 2
0.00323779373615362 0 1 0 1 3 1 0 1
3.3999158975082744 0 1 0 1 3 1 1 0
0.25226348294011514 0 1 0 1 3 1 1 3
0.00039574720567467077 0 1 0 1 3 1 3 1
0.00323779373615362 0 1 0 1 3 2 0 2
3.3999158975082744 0 1 0 1 3 2 2 0
0.25226348294011514 0 1 0 1 3 2 2 3
0.000395747205674671 0 1 0 1 3 2 3 2
-188.75496066981333 0 1 0 2 0 1 0 2
-0.19328225364744983 0 1 0 2 0 1 2 0
7.911839293426367e-05 0 1 0 2 0 1 2 3
1.7729635591928488 0 1 0 2 0 1 3 2
188.75496066981333 0 1 0 2 0 2 0 1
0.1932822536474498 0 1 0 2 0 2 1 0
-7.911839293426324e-05 0 1 0 2 0 2 1 3
-1.772963559192849 0 1 0 2 0 2 3 1
3.6405822332538262 0 1 0 2 3 1 0 2
0.0017620113975741133 0 1 0 2 3 1 2 0
4.3066220526288986e-05 0 1 0 2 3 1 2 3
0.3273845453503148 0 1 0 2 3 1 3 2
-3.6405822332538267 0 1 0 2 3 2 0 1
-0.0017620113975741133 0 1 0 2 3 2 1 0
-4.3066220526288986e-05 0 1 0 2 3 2 1 3
-0.3273845453503148 0 1 0 2 3 2 3 1
0.0003171016001538091 0 1 1 0 0 1 0 1
-0.34199204659011184 0 1 1 0 0 1 1 0
0.001597140164950384 0 1 1 0 0 1 1 3
7.911839293426324e-05 0 1 1 0 0 1 3 1
0.0003171016001538091 0 1 1 0 0 2 0 2
-0.3419920465901118 0 1 1 0 0 2 2 0
0.0015971401649503831 0 1 1 0 0 2 2 3
7.91183929342641e-05 0 1 1 0 0 2 3 2
0.0034242808625684204 0 1 1 0 3 1 1 0
0.0003963347849190882 0 1 1 0 3 1 1 3
3.648683710663907e-05 0 1 1 0 3 1 3 1
0.0034242808625684204 0 1 1 0 3 2 2 0
0.000396334784919088 0 1 1 0 3 2 2 3
3.648683710663907e-05 0 1 1 0 3 2 3 2
0.00029646696911805014 0 1 1 3 0 1 0 1
0.0015971401649503831 0 1 1 3 0 1 1 0
0.0007808494624773034 0 1 1 3 0 1 1 3
-0.19328225364744978 0 1 1 3 0 1 3 1
0.00029646696911805014 0 1 1 3 0 2 0 2
0.0015971401649503831 0 1 1 3 0 2 2 0
0.000780849462477303 0 1 1 3 0 2 2 3
-0.1932822536474497 0 1 1 3 0 2 3 2
4.332773044327955e-05 0 1 1 3 3 1 0 1
0.00040656739247294394 0 1 1 3 3 1 1 0
0.0017388680508310505 0 1 1 3 3 1 3 1
4.332773044327955e-05 0 1 1 3 3 2 0 2
0.00040656739247294394 0 1 1 3 3 2 2 0
0.0017388680508310514 0 1 1 3 3 2 3 2
0.6949983558547662 0 1 2 0 0 1 0 2
-206.53830021885054 0 1 2 0 0 1 2 0
1.3688628168855266 0 1 2 0 0 1 2 3
0.9418193350353855 0 1 2 0 0 1 3 2
-0.6949983558547662 0 1 2 0 0 2 0 1
206.53830021885054 0 1 2 0 0 2 1 0
-1.3688628168855261 0 1 2 0 0 2 1 3
-0.9418193350353855 0 1 2 0 0 2 3 1
-0.008152979057631897 0 1 2 0 3 1 0 2
3.9857215267141997 0 1 2 0 3 1 2 0
0.35368166986867183 0 1 2 0 3 1 2 3
0.252270062323535 0 1 2 0 3 1 3 2
0.008152979057631897 0 1 2 0 3 2 0 1
-3.9857215267141997 0 1 2 0 3 2 1 0
-0.3536816698686719 0 1 2 0 3 2 1 3
-0.252270062323535 0 1 2 0 3 2 3 1
1.4083873764015276 0 1 2 3 0 1 0 2
1.3688628168855281 0 1 2 3 0 1 2 0
0.8762499706277371 0 1 2 3 0 1 2 3
-176.19104913872545 0 1 2 3 0 1 3 2
-1.4083873764015276 0 1 2 3 0 2 0 1
-1.3688628168855281 0 1 2 3 0 2 1 0
-0.8762499706277371 0 1 2 3 0 2 1 3
176.19104913872545 0 1 2 3 0 2 3 1
0.25140663752611164 0 1 2 3 3 1 0 2
0.35971174702575204 0 1 2 3 3 1 2 0
-0.011352103152505278 0 1 2 3 3 1 2 3
3.3999390408550174 0 1 2 3 3 1 3 2
-0.2514066375261116 0 1 2 3 3 2 0 1
-0.3597117470257521 0 1 2 3 3 2 1 0
0.011352103152505278 0 1 2 3 3 2 1 3
-3.3999390408550174 0 1 2 3 3 2 3 1
0.0019067405276630032 0 1 3 1 0 1 0 1
1.4083873764015282 0 1 3 1 0 1 1 0
0.6949983558547663 0 1 3 1 0 1 1 3
0.0007218238159830869 0 1 3 1 0 1 3 1
0.0019067405276630032 0 1 3 1 0 2 0 2
1.4083873764015282 0 1 3 1 0 2 2 0
0.6949983558547663 0 1 3 1 0 2 2 3
0.0007218238159830869 0 1 3 1 0 2 3 2
0.0004084193117984342 0 1 3 1 3 1 0 1
0.25141428969775675 0 1 3 1 3 1 1 0
-0.008152979057631897 0 1 3 1 3 1 1 3
0.0004084193117984342 0 1 3 1 3 2 0 2
0.2514142896977568 0 1 3 1 3 2 2 0
-0.008152979057631897 0 1 3 1 3 2 2 3
1.7729635591928494 0 1 3 2 0 1 0 2
0.00029646696911805073 0 1 3 2 0 1 2 0
0.0003171016001538091 0 1 3 2 0 1 2 3
0.7461701884457405 0 1 3 2 0 1 3 2
-1.7729635591928494 0 1 3 2 0 2 0 1
-0.00029646696911805073 0 1 3 2 0 2 1 0
-0.0003171016001538091 0 1 3 2 0 2 1 3
-0.7461701884457406 0 1 3 2 0 2 3 1
0.3334121830088251 0 1 3 2 3 1 0 2
3.567555879837995e-05 0 1 3 2 3 1 2 0
-0.010978442370841258 0 1 3 2 3 1 3 2
-0.3334121830088251 0 1 3 2 3 2 0 1
-3.567555879837995e-05 0 1 3 2 3 2 1 0
0.010978442370841258 0 1 3 2 3 2 3 1
188.75496066981333 0 2 0 1 0 1 0 2
0.19328225364744978 0 2 0 1 0 1 2 0
-7.911839293426324e-05 0 2 0 1 0 1 2 3
-1.7729635591928488 0 2 0 1 0 1 3 2
-188.75496066981333 0 2 0 1 0 2 0 1
-0.1932822536474498 0 2 0 1 0 2 1 0
7.911839293426367e-05 0 2 0 1 0 2 1 3
1.772963559192849 0 2 0 1 0 2 3 1
-3.6405822332538267 0 2 0 1 3 1 0 2
-0.0017620113975741133 0 2 0 1 3 1 2 0
-4.3066220526288986e-05 0 2 0 1 3 1 2 3
-0.32738454535031486 0 2 0 1 3 1 3 2
3.6405822332538262 0 2 0 1 3 2 0 1
0.0017620113975741133 0 2 0 1 3 2 1 0
4.3066220526288986e-05 0 2 0 1 3 2 1 3
0.32738454535031486 0 2 0 1 3 2 3 1
-0.3212577972579369 0 2 0 2 0 1 0 1
-176.19104913872545 0 2 0 2 0 1 1 0
0.9418193350353843 0 2 0 2 0 1 1 3
0.0019067405276630024 0 2 0 2 0 1 3 1
-0.32125779725793685 0 2 0 2 0 2 0 2
-176.19104913872545 0 2 0 2 0 2 2 0
0.9418193350353843 0 2 0 2 0 2 2 3
0.0019067405276630032 0 2 0 2 0 2 3 2
0.00323779373615362 0 2 0 2 3 1 0 1
3.399915897508275 0 2 0 2 3 1 1 0
0.25226348294011514 0 2 0 2 3 1 1 3
0.00039574720567467077 0 2 0 2 3 1 3 1
0.00323779373615362 0 2 0 2 3 2 0 2
3.3999158975082744 0 2 0 2 3 2 2 0
0.2522634829401152 0 2 0 2 3 2 2 3
0.00039574720567467077 0 2 0 2 3 2 3 2
-0.6949983558547662 0 2 1 0 0 1 0 2
206.5383002188505 0 2 1 0 0 1 2 0
-1.3688628168855266 0 2 1 0 0 1 2 3
-0.9418193350353855 0 2 1 0 0 1 3 2
0.6949983558547662 0 2 1 0 0 2 0 1
-206.53830021885048 0 2 1 0 0 2 1 0
1.3688628168855261 0 2 1 0 0 2 1 3
0.9418193350353857 0 2 1 0 0 2 3 1
0.008152979057631897 0 2 1 0 3 1 0 2
-3.9857215267141997 0 2 1 0 3 1 2 0
-0.3536816698686719 0 2 1 0 3 1 2 3
-0.25227006232353494 0 2 1 0 3 1 3 2
-0.008152979057631897 0 2 1 0 3 2 0 1
3.9857215267141997 0 2 1 0 3 2 1 0
0.35368166986867194 0 2 1 0 3 2 1 3
0.252270062323535 0 2 1 0 3 2 3 1
-1.4083873764015276 0 2 1 3 0 1 0 2
-1.3688628168855281 0 2 1 3 0 1 2 0
-0.8762499706277371 0 2 1 3 0 1 2 3
176.19104913872542 0 2 1 3 0 1 3 2
1.4083873764015276 0 2 1 3 0 2 0 1
1.3688628168855281 0 2 1 3 0 2 1 0
0.8762499706277371 0 2 1 3 0 2 1 3
-176.19104913872545 0 2 1 3 0 2 3 1
-0.2514066375261116 0 2 1 3 3 1 0 2
-0.3597117470257521 0 2 1 3 3 1 2 0
0.011352103152505278 0 2 1 3 3 1 2 3
-3.3999390408550174 0 2 1 3 3 1 3 2
0.2514066375261116 0 2 1 3 3 2 0 1
0.35971174702575215 0 2 1 3 3 2 1 0
-0.011352103152505278 0 2 1 3 3 2 1 3
3.3999390408550174 0 2 1 3 3 2 3 1
0.0003171016001538093 0 2 2 0 0 1 0 1
-0.34199204659011173 0 2 2 0 0 1 1 0
0.0015971401649503831 0 2 2 0 0 1 1 3
7.91183929342632e-05 0 2 2 0 0 1 3 1
0.0003171016001538092 0 2 2 0 0 2 0 2
-0.3419920465901117 0 2 2 0 0 2 2 0
0.0015971401649503831 0 2 2 0 0 2 2 3
7.91183929342632e-05 0 2 2 0 0 2 3 2
0.0034242808625684204 0 2 2 0 3 1 1 0
0.000396334784919088 0 2 2 0 3 1 1 3
3.648683710663896e-05 0 2 2 0 3 1 3 1
0.0034242808625684204 0 2 2 0 3 2 2 0
0.000396334784919088 0 2 2 0 3 2 2 3
3.648683710663896e-05 0 2 2 0 3 2 3 2
0.00029646696911805014 0 2 2 3 0 1 0 1
0.0015971401649503831 0 2 2 3 0 1 1 0
0.0007808494624773034 0 2 2 3 0 1 1 3
-0.19328225364744978 0 2 2 3 0 1 3 1
0.00029646696911805014 0 2 2 3 0 2 0 2
0.0015971401649503823 0 2 2 3 0 2 2 0
0.0007808494624773034 0 2 2 3 0 2 2 3
-0.19328225364744983 0 2 2 3 0 2 3 2
4.332773044327955e-05 0 2 2 3 3 1 0 1
0.00040656739247294394 0 2 2 3 3 1 1 0
0.0017388680508310514 0 2 2 3 3 1 3 1
4.332773044327955e-05 0 2 2 3 3 2 0 2
0.00040656739247294394 0 2 2 3 3 2 2 0
0.0017388680508310514 0 2 2 3 3 2 3 2
-1.7729635591928494 0 2 3 1 0 1 0 2
-0.00029646696911805073 0 2 3 1 0 1 2 0
-0.0003171016001538087 0 2 3 1 0 1 2 3
-0.7461701884457405 0 2 3 1 0 1 3 2
1.7729635591928494 0 2 3 1 0 2 0 1
0.00029646696911805073 0 2 3 1 0 2 1 0
0.0003171016001538091 0 2 3 1 0 2 1 3
0.7461701884457407 0 2 3 1 0 2 3 1
-0.3334121830088251 0 2 3 1 3 1 0 2
-3.567555879838017e-05 0 2 3 1 3 1 2 0
0.010978442370841258 0 2 3 1 3 1 3 2
0.333412183008825 0 2 3 1 3 2 0 1
3.567555879838017e-05 0 2 3 1 3 2 1 0
-0.010978442370841258 0 2 3 1 3 2 3 1
0.0019067405276630032 0 2 3 2 0 1 0 1
1.4083873764015282 0 2 3 2 0 1 1 0
0.6949983558547662 0 2 3 2 0 1 1 3
0.0007218238159830869 0 2 3 2 0 1 3 1
0.0019067405276630032 0 2 3 2 0 2 0 2
1.408387376401528 0 2 3 2 0 2 2 0
0.6949983558547662 0 2 3 2 0 2 2 3
0.0007218238159830869 0 2 3 2 0 2 3 2
0.0004084193117984342 0 2 3 2 3 1 0 1
0.25141428969775687 0 2 3 2 3 1 1 0
-0.008152979057631893 0 2 3 2 3 1 1 3
0.0004084193117984342 0 2 3 2 3 2 0 2
0.2514142896977568 0 2 3 2 3 2 2 0
-0.008152979057631893 0 2 3 2 3 2 2 3
24893.756614019592 0 3 0 0 0 0 0 0
3675.36643454033 0 3 0 0 0 0 0 3
48.50442137273768 0 3 0 0 0 0 1 1
48.50442137273768 0 3 0 0 0 0 2 2
3814.683339983615 0 3 0 0 0 0 3 0
-128.34953182343696 0 3 0 0 0 0 3 3
6243.567482501532 0 3 0 0 0 3 0 0
-227.09817162390172 0 3 0 0 0 3 0 3
11.191325406583074 0 3 0 0 0 3 1 1
11.191325406583076 0 3 0 0 0 3 2 2
-256.69260385850953 0 3 0 0 0 3 3 0
-28.824420988852914 0 3 0 0 0 3 3 3
5499.656371978527 0 3 0 0 3 0 0 0
-218.43408209717384 0 3 0 0 3 0 0 3
11.036771664352765 0 3 0 0 3 0 1 1
11.036771664352763 0 3 0 0 3 0 2 2
-245.61401218720056 0 3 0 0 3 0 3 0
-27.574578294432676 0 3 0 0 3 0 3 3
-352.1179631956074 0 3 0 0 3 3 0 0
-50.67517935806468 0 3 0 0 3 3 0 3
-0.6805505884135882 0 3 0 0 3 3 1 1
-0.6805505884135882 0 3 0 0 3 3 2 2
-52.95545475240496 0 3 0 0 3 3 3 0
1.5074004733649615 0 3 0 0 3 3 3 3
3486.2902160732574 0 3 0 3 0 0 0 0
-171.64584073392018 0 3 0 3 0 0 0 3
-1774.3088343823101 0 3 0 3 0 0 1 1
-1774.3088343823104 0 3 0 3 0 0 2 2
-184.0648893681693 0 3 0 3 0 0 3 0
-30.506674198827113 0 3 0 3 0 0 3 3
-227.09817162390175 0 3 0 3 0 3 0 0
-42.68358717793928 0 3 0 3 0 3 0 3
109.90881336192962 0 3 0 3 0 3 1 1
109.90881336192963 0 3 0 3 0 3 2 2
-42.97114619682021 0 3 0 3 0 3 3 0
1.3766957737442571 0 3 0 3 0 3 3 3
-218.4340820971739 0 3 0 3 3 0 0 0
-40.253760130569724 0 3 0 3 3 0 0 3
105.52943333656314 0 3 0 3 3 0 1 1
105.52943333656314 0 3 0 3 3 0 2 2
-40.62578925571574 0 3 0 3 3 0 3 0
1.337385745876676 0 3 0 3 3 0 3 3
-51.673055302759664 0 3 0 3 3 3 0 0
1.9586587950999301 0 3 0 3 3 3 0 3
23.65910456811312 0 3 0 3 3 3 1 1
23.659104568113122 0 3 0 3 3 3 2 2
2.0914729427215946 0 3 0 3 3 3 3 0
0.3219487993300052 0 3 0 3 3 3 3 3
60.31559197635672 0 3 1 1 0 0 0 0
-0.49922108930842796 0 3 1 1 0 0 0 3
0.0016226820950165555 0 3 1 1 0 0 1 1
0.0016226820950165485 0 3 1 1 0 0 2 2
-1597.9245029899364 0 3 1 1 0 0 3 0
47.56252291930936 0 3 1 1 0 0 3 3
13.13816733717915 0 3 1 1 0 3 0 0
-0.19218989962081506 0 3 1 1 0 3 0 3
0.000475155661628154 0 3 1 1 0 3 1 1
0.000475155661628154 0 3 1 1 0 3 2 2
109.90881336192962 0 3 1 1 0 3 3 0
11.191325406583076 0 3 1 1 0 3 3 3
12.811595953872535 0 3 1 1 3 0 0 0
-0.19144115280382154 0 3 1 1 3 0 0 3
0.0004116956232747011 0 3 1 1 3 0 1 1
0.0004116956232747011 0 3 1 1 3 0 2 2
105.52943333656314 0 3 1 1 3 0 3 0
11.036771664352765 0 3 1 1 3 0 3 3
-0.8019288993017311 0 3 1 1 3 3 0 0
-0.04603454165834452 0 3 1 1 3 3 0 3
24.59039205253228 0 3 1 1 3 3 3 0
-0.6882297942169829 0 3 1 1 3 3 3 3
57.48860516235777 0 3 1 2 0 0 1 2
-57.48860516235777 0 3 1 2 0 0 2 1
14.146250052305662 0 3 1 2 0 3 1 2
-14.146250052305662 0 3 1 2 0 3 2 1
13.044758955895166 0 3 1 2 3 0 1 2
-13.044758955895166 0 3 1 2 3 0 2 1
-0.5724212993333685 0 3 1 2 3 3 1 2
0.5724212993333685 0 3 1 2 3 3 2 1
-57.48860516235778 0 3 2 1 0 0 1 2
57.48860516235778 0 3 2 1 0 0 2 1
-14.146250052305662 0 3 2 1 0 3 1 2
14.146250052305662 0 3 2 1 0 3 2 1
-13.044758955895164 0 3 2 1 3 0 1 2
13.044758955895164 0 3 2 1 3 0 2 1
0.5724212993333685 0 3 2 1 3 3 1 2
-0.5724212993333685 0 3 2 1 3 3 2 1
60.31559197635673 0 3 2 2 0 0 0 0
-0.49922108930842785 0 3 2 2 0 0 0 3
0.001622682095016548 0 3 2 2 0 0 1 1
0.001622682095016548 0 3 2 2 0 0 2 2
-1597.9245029899364 0 3 2 2 0 0 3 0
47.56252291930935 0 3 2 2 0 0 3 3
13.13816733717915 0 3 2 2 0 3 0 0
-0.19218989962081504 0 3 2 2 0 3 0 3
0.0004751556616281565 0 3 2 2 0 3 1 1
0.00047515566162815477 0 3 2 2 0 3 2 2
109.90881336192963 0 3 2 2 0 3 3 0
11.191325406583074 0 3 2 2 0 3 3 3
12.811595953872533 0 3 2 2 3 0 0 0
-0.19144115280382154 0 3 2 2 3 0 0 3
0.0004116956232747011 0 3 2 2 3 0 1 1
0.0004116956232747011 0 3 2 2 3 0 2 2
105.52943333656314 0 3 2 2 3 0 3 0
11.036771664352765 0 3 2 2 3 0 3 3
-0.8019288993017311 0 3 2 2 3 3 0 0
-0.04603454165834452 0 3 2 2 3 3 0 3
24.590392052532284 0 3 2 2 3 3 3 0
-0.6882297942169829 0 3 2 2 3 3 3 3
3607.8030477181737 0 3 3 0 0 0 0 0
-184.46929971083932 0 3 3 0 0 0 0 3
0.19609436814649323 0 3 3 0 0 0 1 1
0.19609436814649317 0 3 3 0 0 0 2 2
-200.9943492763904 0 3 3 0 0 0 3 0
-29.511168756384397 0 3 3 0 0 0 3 3
-256.6926038585096 0 3 3 0 0 3 0 0
-42.971146196820214 0 3 3 0 0 3 0 3
-0.1921898996208151 0 3 3 0 0 3 1 1
-0.1921898996208151 0 3 3 0 0 3 2 2
-44.02821175117234 0 3 3 0 0 3 3 0
1.4158142950794794 0 3 3 0 0 3 3 3
-245.6140121872006 0 3 3 0 3 0 0 0
-40.625789255715745 0 3 3 0 3 0 0 3
-0.19144115280382157 0 3 3 0 3 0 1 1
-0.19144115280382157 0 3 3 0 3 0 2 2
-41.66332956704741 0 3 3 0 3 0 3 0
1.375741949201441 0 3 3 0 3 0 3 3
-54.047380841279725 0 3 3 0 3 3 0 0
2.0908023332525114 0 3 3 0 3 3 0 3
-0.043819174441657005 0 3 3 0 3 3 1 1
-0.043819174441657005 0 3 3 0 3 3 2 2
2.2563522131873777 0 3 3 0 3 3 3 0
0.32175310381499694 0 3 3 0 3 3 3 3
-125.20420156666596 0 3 3 3 0 0 0 0
-29.629643378736898 0 3 3 3 0 0 0 3
61.724275819727396 0 3 3 3 0 0 1 1
61.72427581972739 0 3 3 3 0 0 2 2
-28.764276744122686 0 3 3 3 0 0 3 0
1.217369127432111 0 3 3 3 0 0 3 3
-28.824420988852918 0 3 3 3 0 3 0 0
1.3766957737442573 0 3 3 3 0 3 0 3
13.138167337179155 0 3 3 3 0 3 1 1
13.138167337179155 0 3 3 3 0 3 2 2
1.4158142950794794 0 3 3 3 0 3 3 0
0.295372910834067 0 3 3 3 0 3 3 3
-27.574578294432676 0 3 3 3 3 0 0 0
1.3373857458766758 0 3 3 3 3 0 0 3
12.811595953872533 0 3 3 3 3 0 1 1
12.811595953872535 0 3 3 3 3 0 2 2
1.375741949201441 0 3 3 3 3 0 3 0
0.2847154433839631 0 3 3 3 3 0 3 3
1.530032203942408 0 3 3 3 3 3 0 0
0.32511311563540535 0 3 3 3 3 3 0 3
-0.7929010838617251 0 3 3 3 3 3 1 1
-0.7929010838617251 0 3 3 3 3 3 2 2
0.324556360003893 0 3 3 3 3 3 3 0
-0.3212577972579366 1 0 0 1 1 0 0 1
-176.19104913872536 1 0 0 1 1 0 1 0
0.9418193350353832 1 0 0 1 1 0 1 3
0.001906740527663005 1 0 0 1 1 0 3 1
0.003237793736153627 1 0 0 1 1 3 0 1
3.3999158975082793 1 0 0 1 1 3 1 0
0.2522634829401149 1 0 0 1 1 3 1 3
0.0003957472056746712 1 0 0 1 1 3 3 1
-0.32125779725793663 1 0 0 1 2 0 0 2
-176.19104913872536 1 0 0 1 2 0 2 0
0.9418193350353832 1 0 0 1 2 0 2 3
0.001906740527663005 1 0 0 1 2 0 3 2
0.003237793736153627 1 0 0 1 2 3 0 2
3.3999158975082793 1 0 0 1 2 3 2 0
0.2522634829401149 1 0 0 1 2 3 2 3
0.0003957472056746712 1 0 0 1 2 3 3 2
-188.75496066981333 1 0 0 2 1 0 0 2
-0.19328225364744933 1 0 0 2 1 0 2 0
7.911839293426237e-05 1 0 0 2 1 0 2 3
1.7729635591928494 1 0 0 2 1 0 3 2
3.640582233253834 1 0 0 2 1 3 0 2
0.0017620113975741146 1 0 0 2 1 3 2 0
4.3066220526288444e-05 1 0 0 2 1 3 2 3
0.327384545350315 1 0 0 2 1 3 3 2
188.75496066981333 1 0 0 2 2 0 0 1
0.19328225364744936 1 0 0 2 2 0 1 0
-7.911839293426237e-05 1 0 0 2 2 0 1 3
-1.7729635591928494 1 0 0 2 2 0 3 1
-3.6405822332538342 1 0 0 2 2 3 0 1
-0.0017620113975741146 1 0 0 2 2 3 1 0
-4.3066220526288444e-05 1 0 0 2 2 3 1 3
-0.3273845453503151 1 0 0 2 2 3 3 1
0.0003171016001538085 1 0 1 0 1 0 0 1
-0.3419920465901116 1 0 1 0 1 0 1 0
0.0015971401649503849 1 0 1 0 1 0 1 3
7.911839293426237e-05 1 0 1 0 1 0 3 1
0.003424280862568429 1 0 1 0 1 3 1 0
0.0003963347849190884 1 0 1 0 1 3 1 3
3.648683710663831e-05 1 0 1 0 1 3 3 1
0.0003171016001538085 1 0 1 0 2 0 0 2
-0.3419920465901117 1 0 1 0 2 0 2 0
0.0015971401649503849 1 0 1 0 2 0 2 3
7.911839293426237e-05 1 0 1 0 2 0 3 2
0.003424280862568429 1 0 1 0 2 3 2 0
0.0003963347849190884 1 0 1 0 2 3 2 3
3.648683710663831e-05 1 0 1 0 2 3 3 2
0.00029646696911804883 1 0 1 3 1 0 0 1
0.0015971401649503862 1 0 1 3 1 0 1 0
0.000780849462477303 1 0 1 3 1 0 1 3
-0.1932822536474493 1 0 1 3 1 0 3 1
4.33277304432789e-05 1 0 1 3 1 3 0 1
0.000406567392472944 1 0 1 3 1 3 1 0
0.0017388680508310514 1 0 1 3 1 3 3 1
0.00029646696911804883 1 0 1 3 2 0 0 2
0.0015971401649503862 1 0 1 3 2 0 2 0
0.000780849462477303 1 0 1 3 2 0 2 3
-0.19328225364744941 1 0 1 3 2 0 3 2
4.33277304432789e-05 1 0 1 3 2 3 0 2
0.000406567392472944 1 0 1 3 2 3 2 0
0.0017388680508310514 1 0 1 3 2 3 3 2
0.694998355854766 1 0 2 0 1 0 0 2
-206.5383002188505 1 0 2 0 1 0 2 0
1.3688628168855264 1 0 2 0 1 0 2 3
0.9418193350353851 1 0 2 0 1 0 3 2
-0.008152979057631906 1 0 2 0 1 3 0 2
3.985721526714207 1 0 2 0 1 3 2 0
0.35368166986867183 1 0 2 0 1 3 2 3
0.2522700623235348 1 0 2 0 1 3 3 2
-0.6949983558547659 1 0 2 0 2 0 0 1
206.5383002188505 1 0 2 0 2 0 1 0
-1.3688628168855261 1 0 2 0 2 0 1 3
-0.9418193350353851 1 0 2 0 2 0 3 1
0.008152979057631906 1 0 2 0 2 3 0 1
-3.9857215267142068 1 0 2 0 2 3 1 0
-0.3536816698686719 1 0 2 0 2 3 1 3
-0.2522700623235348 1 0 2 0 2 3 3 1
1.4083873764015273 1 0 2 3 1 0 0 2
1.3688628168855284 1 0 2 3 1 0 2 0
0.8762499706277371 1 0 2 3 1 0 2 3
-176.19104913872542 1 0 2 3 1 0 3 2
0.25140663752611164 1 0 2 3 1 3 0 2
0.35971174702575204 1 0 2 3 1 3 2 0
-0.011352103152505299 1 0 2 3 1 3 2 3
3.3999390408550236 1 0 2 3 1 3 3 2
-1.4083873764015271 1 0 2 3 2 0 0 1
-1.3688628168855284 1 0 2 3 2 0 1 0
-0.8762499706277371 1 0 2 3 2 0 1 3
176.19104913872542 1 0 2 3 2 0 3 1
-0.25140663752611164 1 0 2 3 2 3 0 1
-0.35971174702575204 1 0 2 3 2 3 1 0
0.011352103152505299 1 0 2 3 2 3 1 3
-3.3999390408550236 1 0 2 3 2 3 3 1
0.0019067405276630034 1 0 3 1 1 0 0 1
1.4083873764015271 1 0 3 1 1 0 1 0
0.6949983558547659 1 0 3 1 1 0 1 3
0.0007218238159830872 1 0 3 1 1 0 3 1
0.0004084193117984349 1 0 3 1 1 3 0 1
0.25141428969775653 1 0 3 1 1 3 1 0
-0.0081529790576319 1 0 3 1 1 3 1 3
0.0019067405276630034 1 0 3 1 2 0 0 2
1.4083873764015271 1 0 3 1 2 0 2 0
0.6949983558547659 1 0 3 1 2 0 2 3
0.000721823815983087 1 0 3 1 2 0 3 2
0.0004084193117984349 1 0 3 1 2 3 0 2
0.25141428969775653 1 0 3 1 2 3 2 0
-0.0081529790576319 1 0 3 1 2 3 2 3
1.7729635591928499 1 0 3 2 1 0 0 2
0.0002964669691180465 1 0 3 2 1 0 2 0
0.0003171016001538088 1 0 3 2 1 0 2 3
0.7461701884457403 1 0 3 2 1 0 3 2
0.33341218300882514 1 0 3 2 1 3 0 2
3.567555879837914e-05 1 0 3 2 1 3 2 0
-0.010978442370841276 1 0 3 2 1 3 3 2
-1.7729635591928496 1 0 3 2 2 0 0 1
-0.0002964669691180465 1 0 3 2 2 0 1 0
-0.0003171016001538088 1 0 3 2 2 0 1 3
-0.7461701884457405 1 0 3 2 2 0 3 1
-0.33341218300882514 1 0 3 2 2 3 0 1
-3.567555879837914e-05 1 0 3 2 2 3 1 0
0.010978442370841276 1 0 3 2 2 3 3 1
-0.5220916378541437 1 1 0 0 1 1 0 0
0.003081308540315894 1 1 0 0 1 1 0 3
-7.656289186801018e-05 1 1 0 0 1 1 1 1
-6.340412502870893e-05 1 1 0 0 1 1 2 2
0.003881864842589332 1 1 0 0 1 1 3 0
0.0004561790041580256 1 1 0 0 1 1 3 3
-6.57938341965041e-06 1 1 0 0 1 2 1 2
-6.579383419650474e-06 1 1 0 0 1 2 2 1
-6.579383419650474e-06 1 1 0 0 2 1 1 2
-6.57938341965041e-06 1 1 0 0 2 1 2 1
-0.5220916378541437 1 1 0 0 2 2 0 0
0.003081308540315894 1 1 0 0 2 2 0 3
-6.340412502870893e-05 1 1 0 0 2 2 1 1
-7.656289186801018e-05 1 1 0 0 2 2 2 2
0.0038818648425893287 1 1 0 0 2 2 3 0
0.0004561790041580256 1 1 0 0 2 2 3 3
0.003081308540315896 1 1 0 3 1 1 0 0
0.0008842922654733981 1 1 0 3 1 1 0 3
-0.0015641272320010891 1 1 0 3 1 1 1 1
-0.0015178405385149621 1 1 0 3 1 1 2 2
0.0008430348136350568 1 1 0 3 1 1 3 0
-2.3143346743063083e-05 1 1 0 3 1 2 1 2
-2.31433467430634e-05 1 1 0 3 1 2 2 1
-2.31433467430634e-05 1 1 0 3 2 1 1 2
-2.314334674306285e-05 1 1 0 3 2 1 2 1
0.003081308540315896 1 1 0 3 2 2 0 0
0.0008842922654733985 1 1 0 3 2 2 0 3
-0.0015178405385149621 1 1 0 3 2 2 1 1
-0.0015641272320010891 1 1 0 3 2 2 2 2
0.0008430348136350568 1 1 0 3 2 2 3 0
-0.00013826785487791322 1 1 1 1 1 1 0 0
-1.6299502050544293e-07 1 1 1 1 1 1 2 2
-0.0015178405385149613 1 1 1 1 1 1 3 0
-6.340412502870904e-05 1 1 1 1 1 1 3 3
8.149751025280417e-08 1 1 1 1 1 2 1 2
8.149751025267995e-08 1 1 1 1 1 2 2 1
8.149751025267995e-08 1 1 1 1 2 1 1 2
8.149751025280417e-08 1 1 1 1 2 1 2 1
-0.0001382678548779131 1 1 1 1 2 2 0 0
-1.6299502050544293e-07 1 1 1 1 2 2 1 1
-0.0015178405385149613 1 1 1 1 2 2 3 0
-6.340412502870893e-05 1 1 1 1 2 2 3 3
-0.0004073210245847423 1 1 1 2 1 1 1 2
0.00038669281445652653 1 1 1 2 1 1 2 1
1.0314105064108028e-05 1 1 1 2 1 2 1 1
-1.0314105064108038e-05 1 1 1 2 1 2 2 2
1.0314105064108038e-05 1 1 1 2 2 1 1 1
-1.0314105064108028e-05 1 1 1 2 2 1 2 2
-0.0003866928144565261 1 1 1 2 2 2 1 2
0.0004073210245847421 1 1 1 2 2 2 2 1
0.0003866928144565264 1 1 2 1 1 1 1 2
-0.0004122000217245598 1 1 2 1 1 1 2 1
1.275360363401668e-05 1 1 2 1 1 2 1 1
-1.2753603634016706e-05 1 1 2 1 1 2 2 2
1.2753603634016706e-05 1 1 2 1 2 1 1 1
-1.275360363401668e-05 1 1 2 1 2 1 2 2
0.0004122000217245598 1 1 2 1 2 2 1 2
-0.0003866928144565264 1 1 2 1 2 2 2 1
-0.00012296351158811402 1 1 2 2 1 1 0 0
-1.6299502050544031e-07 1 1 2 2 1 1 1 1
-0.012034810101912673 1 1 2 2 1 1 2 2
-0.0015641272320010883 1 1 2 2 1 1 3 0
-7.656289186801007e-05 1 1 2 2 1 1 3 3
0.006017323553446082 1 1 2 2 1 2 1 2
0.0060173235534460865 1 1 2 2 1 2 2 1
0.0060173235534460865 1 1 2 2 2 1 1 2
0.006017323553446081 1 1 2 2 2 1 2 1
-0.00012296351158811412 1 1 2 2 2 2 0 0
-0.012034810101912674 1 1 2 2 2 2 1 1
-1.6299502050543947e-07 1 1 2 2 2 2 2 2
-0.0015641272320010874 1 1 2 2 2 2 3 0
-7.656289186801007e-05 1 1 2 2 2 2 3 3
0.003881864842589327 1 1 3 0 1 1 0 0
0.0008430348136350568 1 1 3 0 1 1 0 3
0.0008756657371596834 1 1 3 0 1 1 3 0
0.003881864842589327 1 1 3 0 2 2 0 0
0.0008430348136350568 1 1 3 0 2 2 0 3
0.0008756657371596834 1 1 3 0 2 2 3 0
0.0004561790041580256 1 1 3 3 1 1 0 0
-0.00012296351158811402 1 1 3 3 1 1 1 1
-0.00013826785487791322 1 1 3 3 1 1 2 2
7.652171644899551e-06 1 1 3 3 1 2 1 2
7.652171644899556e-06 1 1 3 3 1 2 2 1
7.652171644899556e-06 1 1 3 3 2 1 1 2
7.652171644899551e-06 1 1 3 3 2 1 2 1
0.0004561790041580256 1 1 3 3 2 2 0 0
-0.00013826785487791322 1 1 3 3 2 2 1 1
-0.00012296351158811423 1 1 3 3 2 2 2 2
-371.95555526150065 1 2 0 0 1 2 0 0
4.332044763363806 1 2 0 0 1 2 0 3
-0.0772768711151556 1 2 0 0 1 2 1 1
-0.0772768711151556 1 2 0 0 1 2 2 2
5.539295835654329 1 2 0 0 1 2 3 0
0.6249213472101287 1 2 0 0 1 2 3 3
371.95555526150065 1 2 0 0 2 1 0 0
-4.332044763363806 1 2 0 0 2 1 0 3
0.07727687111515562 1 2 0 0 2 1 1 1
0.0772768711151556 1 2 0 0 2 1 2 2
-5.539295835654329 1 2 0 0 2 1 3 0
-0.6249213472101287 1 2 0 0 2 1 3 3
4.332044763363808 1 2 0 3 1 2 0 0
1.2149135236847706 1 2 0 3 1 2 0 3
-2.1896900126832057 1 2 0 3 1 2 1 1
-2.1896900126832057 1 2 0 3 1 2 2 2
1.1726784705522304 1 2 0 3 1 2 3 0
-0.01965501393379014 1 2 0 3 1 2 3 3
-4.332044763363808 1 2 0 3 2 1 0 0
-1.2149135236847706 1 2 0 3 2 1 0 3
2.1896900126832057 1 2 0 3 2 1 1 1
2.1896900126832057 1 2 0 3 2 1 2 2
-1.1726784705522306 1 2 0 3 2 1 3 0
0.01965501393379014 1 2 0 3 2 1 3 3
1.0314105064108028e-05 1 2 1 1 1 1 1 2
1.2753603634016696e-05 1 2 1 1 1 1 2 1
-0.16328569165330553 1 2 1 1 1 2 0 0
0.00037437340849676045 1 2 1 1 1 2 0 3
-4.326387352578796e-05 1 2 1 1 1 2 1 1
-2.0196164827663418e-05 1 2 1 1 1 2 2 2
-2.189690012683205 1 2 1 1 1 2 3 0
-0.07727687111515565 1 2 1 1 1 2 3 3
0.16328569165330553 1 2 1 1 2 1 0 0
-0.00037437340849676045 1 2 1 1 2 1 0 3
2.0196164827663414e-05 1 2 1 1 2 1 1 1
4.326387352578796e-05 1 2 1 1 2 1 2 2
2.189690012683205 1 2 1 1 2 1 3 0
0.07727687111515565 1 2 1 1 2 1 3 3
-1.2753603634016717e-05 1 2 1 1 2 2 1 2
-1.0314105064108e-05 1 2 1 1 2 2 2 1
-7.65217164489954e-06 1 2 1 2 1 1 0 0
8.149751025279916e-08 1 2 1 2 1 1 1 1
0.006017323553446092 1 2 1 2 1 1 2 2
2.3143346743063124e-05 1 2 1 2 1 1 3 0
6.579383419650527e-06 1 2 1 2 1 1 3 3
-0.5537541692332102 1 2 1 2 1 2 1 2
0.5477369271772745 1 2 1 2 1 2 2 1
0.5477369271772746 1 2 1 2 2 1 1 2
-0.5537541692332102 1 2 1 2 2 1 2 1
-7.65217164489954e-06 1 2 1 2 2 2 0 0
0.00601732355344609 1 2 1 2 2 2 1 1
8.149751025279912e-08 1 2 1 2 2 2 2 2
2.3143346743063124e-05 1 2 1 2 2 2 3 0
6.579383419650527e-06 1 2 1 2 2 2 3 3
-7.652171644899544e-06 1 2 2 1 1 1 0 0
8.149751025267877e-08 1 2 2 1 1 1 1 1
0.006017323553446079 1 2 2 1 1 1 2 2
2.314334674306307e-05 1 2 2 1 1 1 3 0
6.579383419650443e-06 1 2 2 1 1 1 3 3
0.5477369271772745 1 2 2 1 1 2 1 2
-0.5537541692332102 1 2 2 1 1 2 2 1
-0.5537541692332102 1 2 2 1 2 1 1 2
0.5477369271772745 1 2 2 1 2 1 2 1
-7.652171644899544e-06 1 2 2 1 2 2 0 0
0.00601732355344608 1 2 2 1 2 2 1 1
8.14975102526774e-08 1 2 2 1 2 2 2 2
2.314334674306307e-05 1 2 2 1 2 2 3 0
6.579383419650443e-06 1 2 2 1 2 2 3 3
-1.0314105064107992e-05 1 2 2 2 1 1 1 2
-1.2753603634016654e-05 1 2 2 2 1 1 2 1
-0.16328569165330553 1 2 2 2 1 2 0 0
0.00037437340849676056 1 2 2 2 1 2 0 3
-2.0196164827663492e-05 1 2 2 2 1 2 1 1
-4.326387352578791e-05 1 2 2 2 1 2 2 2
-2.189690012683205 1 2 2 2 1 2 3 0
-0.07727687111515563 1 2 2 2 1 2 3 3
0.16328569165330556 1 2 2 2 2 1 0 0
-0.00037437340849676056 1 2 2 2 2 1 0 3
4.326387352578791e-05 1 2 2 2 2 1 1 1
2.0196164827663485e-05 1 2 2 2 2 1 2 2
2.189690012683205 1 2 2 2 2 1 3 0
0.07727687111515563 1 2 2 2 2 1 3 3
1.2753603634016681e-05 1 2 2 2 2 2 1 2
1.031410506410802e-05 1 2 2 2 2 2 2 1
5.539295835654329 1 2 3 0 1 2 0 0
1.1726784705522302 1 2 3 0 1 2 0 3
0.00037437340849676127 1 2 3 0 1 2 1 1
0.00037437340849676127 1 2 3 0 1 2 2 2
1.1824410920624615 1 2 3 0 1 2 3 0
-0.020036172939018656 1 2 3 0 1 2 3 3
-5.53929583565433 1 2 3 0 2 1 0 0
-1.1726784705522304 1 2 3 0 2 1 0 3
-0.00037437340849676127 1 2 3 0 2 1 1 1
-0.00037437340849676127 1 2 3 0 2 1 2 2
-1.1824410920624615 1 2 3 0 2 1 3 0
0.020036172939018656 1 2 3 0 2 1 3 3
0.6249213472101287 1 2 3 3 1 2 0 0
-0.01965501393379014 1 2 3 3 1 2 0 3
-0.1632856916533056 1 2 3 3 1 2 1 1
-0.1632856916533056 1 2 3 3 1 2 2 2
-0.02003617293901866 1 2 3 3 1 2 3 0
-0.005328733725051904 1 2 3 3 1 2 3 3
-0.6249213472101287 1 2 3 3 2 1 0 0
0.01965501393379014 1 2 3 3 2 1 0 3
0.1632856916533056 1 2 3 3 2 1 1 1
0.1632856916533056 1 2 3 3 2 1 2 2
0.02003617293901866 1 2 3 3 2 1 3 0
0.005328733725051904 1 2 3 3 2 1 3 3
0.0032377937361536273 1 3 0 1 1 0 0 1
3.3999390408550227 1 3 0 1 1 0 1 0
0.2522700623235347 1 3 0 1 1 0 1 3
0.00040841931179843476 1 3 0 1 1 0 3 1
0.000920328758409045 1 3 0 1 1 3 0 1
0.9307733279303677 1 3 0 1 1 3 1 0
-0.007679205803394774 1 3 0 1 1 3 1 3
0.0032377937361536273 1 3 0 1 2 0 0 2
3.399939040855023 1 3 0 1 2 0 2 0
0.25227006232353477 1 3 0 1 2 0 2 3
0.00040841931179843476 1 3 0 1 2 0 3 2
0.0009203287584090467 1 3 0 1 2 3 0 2
0.9307733279303677 1 3 0 1 2 3 2 0
-0.007679205803394774 1 3 0 1 2 3 2 3
3.6405822332538342 1 3 0 2 1 0 0 2
0.0017388680508310527 1 3 0 2 1 0 2 0
3.648683710663831e-05 1 3 0 2 1 0 2 3
0.33341218300882525 1 3 0 2 1 0 3 2
0.9969556159365941 1 3 0 2 1 3 0 2
0.0005141564887975018 1 3 0 2 1 3 2 0
-0.011651170023264452 1 3 0 2 1 3 3 2
-3.6405822332538342 1 3 0 2 2 0 0 1
-0.0017388680508310527 1 3 0 2 2 0 1 0
-3.648683710663831e-05 1 3 0 2 2 0 1 3
-0.3334121830088252 1 3 0 2 2 0 3 1
-0.9969556159365941 1 3 0 2 2 3 0 1
-0.0005141564887975022 1 3 0 2 2 3 1 0
0.011651170023264452 1 3 0 2 2 3 3 1
0.003424280862568428 1 3 1 0 1 0 1 0
0.00040656739247294416 1 3 1 0 1 0 1 3
4.306622052628877e-05 1 3 1 0 1 0 3 1
0.0009752159119482717 1 3 1 0 1 3 1 0
0.003424280862568428 1 3 1 0 2 0 2 0
0.00040656739247294416 1 3 1 0 2 0 2 3
4.306622052628877e-05 1 3 1 0 2 0 3 2
0.0009752159119482717 1 3 1 0 2 3 2 0
3.5675558798379517e-05 1 3 1 3 1 0 0 1
0.0003963347849190883 1 3 1 3 1 0 1 0
0.001762011397574115 1 3 1 3 1 0 3 1
0.000514156488797502 1 3 1 3 1 3 3 1
3.5675558798379517e-05 1 3 1 3 2 0 0 2
0.0003963347849190883 1 3 1 3 2 0 2 0
0.001762011397574115 1 3 1 3 2 0 3 2
0.000514156488797502 1 3 1 3 2 3 3 2
-0.008152979057631906 1 3 2 0 1 0 0 2
3.985721526714208 1 3 2 0 1 0 2 0
0.3597117470257519 1 3 2 0 1 0 2 3
0.252263482940115 1 3 2 0 1 0 3 2
-0.002215367216687523 1 3 2 0 1 3 0 2
1.0909508729628175 1 3 2 0 1 3 2 0
-0.01098056055418169 1 3 2 0 1 3 2 3
-0.007679205803394781 1 3 2 0 1 3 3 2
0.008152979057631906 1 3 2 0 2 0 0 1
-3.985721526714208 1 3 2 0 2 0 1 0
-0.359711747025752 1 3 2 0 2 0 1 3
-0.2522634829401151 1 3 2 0 2 0 3 1
0.002215367216687523 1 3 2 0 2 3 0 1
-1.0909508729628172 1 3 2 0 2 3 1 0
0.01098056055418169 1 3 2 0 2 3 1 3
0.007679205803394781 1 3 2 0 2 3 3 1
0.2514142896977566 1 3 2 3 1 0 0 2
0.3536816698686719 1 3 2 3 1 0 2 0
-0.011352103152505299 1 3 2 3 1 0 2 3
3.3999158975082806 1 3 2 3 1 0 3 2
-0.009027815440005756 1 3 2 3 1 3 0 2
-0.010980560554181696 1 3 2 3 1 3 2 0
-0.003164316305400229 1 3 2 3 1 3 2 3
0.9307733279303679 1 3 2 3 1 3 3 2
-0.2514142896977566 1 3 2 3 2 0 0 1
-0.3536816698686719 1 3 2 3 2 0 1 0
0.011352103152505299 1 3 2 3 2 0 1 3
-3.3999158975082806 1 3 2 3 2 0 3 1
0.009027815440005756 1 3 2 3 2 3 0 1
0.010980560554181696 1 3 2 3 2 3 1 0
0.003164316305400228 1 3 2 3 2 3 1 3
-0.930773327930368 1 3 2 3 2 3 3 1
0.0003957472056746711 1 3 3 1 1 0 0 1
0.25140663752611175 1 3 3 1 1 0 1 0
-0.008152979057631904 1 3 3 1 1 0 1 3
-0.009027815440005749 1 3 3 1 1 3 1 0
-0.0022153672166875223 1 3 3 1 1 3 1 3
0.0003957472056746711 1 3 3 1 2 0 0 2
0.25140663752611175 1 3 3 1 2 0 2 0
-0.008152979057631904 1 3 3 1 2 0 2 3
-0.009027815440005749 1 3 3 1 2 3 2 0
-0.0022153672166875223 1 3 3 1 2 3 2 3
0.327384545350315 1 3 3 2 1 0 0 2
4.3327730443278576e-05 1 3 3 2 1 0 2 0
-0.010978442370841276 1 3 3 2 1 0 3 2
-0.011651170023264448 1 3 3 2 1 3 0 2
-0.00280325618889608 1 3 3 2 1 3 3 2
-0.327384545350315 1 3 3 2 2 0 0 1
-4.3327730443278576e-05 1 3 3 2 2 0 1 0
0.010978442370841276 1 3 3 2 2 0 3 1
0.011651170023264448 1 3 3 2 2 3 0 1
0.00280325618889608 1 3 3 2 2 3 3 1
188.75496066981333 2 0 0 1 1 0 0 2
0.19328225364744933 2 0 0 1 1 0 2 0
-7.911839293426237e-05 2 0 0 1 1 0 2 3
-1.7729635591928494 2 0 0 1 1 0 3 2
-3.6405822332538342 2 0 0 1 1 3 0 2
-0.001762011397574115 2 0 0 1 1 3 2 0
-4.3066220526288444e-05 2 0 0 1 1 3 2 3
-0.3273845453503151 2 0 0 1 1 3 3 2
-188.75496066981333 2 0 0 1 2 0 0 1
-0.19328225364744933 2 0 0 1 2 0 1 0
7.911839293426237e-05 2 0 0 1 2 0 1 3
1.7729635591928494 2 0 0 1 2 0 3 1
3.640582233253834 2 0 0 1 2 3 0 1
0.001762011397574115 2 0 0 1 2 3 1 0
4.3066220526288444e-05 2 0 0 1 2 3 1 3
0.3273845453503151 2 0 0 1 2 3 3 1
-0.32125779725793663 2 0 0 2 1 0 0 1
-176.19104913872533 2 0 0 2 1 0 1 0
0.9418193350353832 2 0 0 2 1 0 1 3
0.001906740527663005 2 0 0 2 1 0 3 1
0.003237793736153627 2 0 0 2 1 3 0 1
3.3999158975082793 2 0 0 2 1 3 1 0
0.25226348294011486 2 0 0 2 1 3 1 3
0.0003957472056746712 2 0 0 2 1 3 3 1
-0.3212577972579367 2 0 0 2 2 0 0 2
-176.19104913872533 2 0 0 2 2 0 2 0
0.9418193350353832 2 0 0 2 2 0 2 3
0.001906740527663005 2 0 0 2 2 0 3 2
0.003237793736153627 2 0 0 2 2 3 0 2
3.3999158975082793 2 0 0 2 2 3 2 0
0.25226348294011486 2 0 0 2 2 3 2 3
0.000395747205674671 2 0 0 2 2 3 3 2
-0.694998355854766 2 0 1 0 1 0 0 2
206.5383002188505 2 0 1 0 1 0 2 0
-1.3688628168855264 2 0 1 0 1 0 2 3
-0.9418193350353853 2 0 1 0 1 0 3 2
0.008152979057631906 2 0 1 0 1 3 0 2
-3.9857215267142068 2 0 1 0 1 3 2 0
-0.3536816698686719 2 0 1 0 1 3 2 3
-0.2522700623235349 2 0 1 0 1 3 3 2
0.6949983558547659 2 0 1 0 2 0 0 1
-206.53830021885048 2 0 1 0 2 0 1 0
1.3688628168855261 2 0 1 0 2 0 1 3
0.9418193350353851 2 0 1 0 2 0 3 1
-0.008152979057631906 2 0 1 0 2 3 0 1
3.985721526714207 2 0 1 0 2 3 1 0
0.35368166986867194 2 0 1 0 2 3 1 3
0.2522700623235348 2 0 1 0 2 3 3 1
-1.4083873764015271 2 0 1 3 1 0 0 2
-1.3688628168855286 2 0 1 3 1 0 2 0
-0.876249970627737 2 0 1 3 1 0 2 3
176.19104913872542 2 0 1 3 1 0 3 2
-0.2514066375261117 2 0 1 3 1 3 0 2
-0.35971174702575204 2 0 1 3 1 3 2 0
0.011352103152505299 2 0 1 3 1 3 2 3
-3.3999390408550236 2 0 1 3 1 3 3 2
1.408387376401527 2 0 1 3 2 0 0 1
1.3688628168855286 2 0 1 3 2 0 1 0
0.876249970627737 2 0 1 3 2 0 1 3
-176.1910491387254 2 0 1 3 2 0 3 1
0.25140663752611164 2 0 1 3 2 3 0 1
0.3597117470257521 2 0 1 3 2 3 1 0
-0.011352103152505299 2 0 1 3 2 3 1 3
3.3999390408550236 2 0 1 3 2 3 3 1
0.0003171016001538082 2 0 2 0 1 0 0 1
-0.3419920465901116 2 0 2 0 1 0 1 0
0.0015971401649503849 2 0 2 0 1 0 1 3
7.911839293426233e-05 2 0 2 0 1 0 3 1
0.003424280862568429 2 0 2 0 1 3 1 0
0.0003963347849190884 2 0 2 0 1 3 1 3
3.648683710663831e-05 2 0 2 0 1 3 3 1
0.0003171016001538084 2 0 2 0 2 0 0 2
-0.34199204659011173 2 0 2 0 2 0 2 0
0.001597140164950384 2 0 2 0 2 0 2 3
7.911839293426233e-05 2 0 2 0 2 0 3 2
0.003424280862568429 2 0 2 0 2 3 2 0
0.0003963347849190884 2 0 2 0 2 3 2 3
3.648683710663831e-05 2 0 2 0 2 3 3 2
0.00029646696911804883 2 0 2 3 1 0 0 1
0.0015971401649503862 2 0 2 3 1 0 1 0
0.0007808494624773034 2 0 2 3 1 0 1 3
-0.1932822536474494 2 0 2 3 1 0 3 1
4.33277304432789e-05 2 0 2 3 1 3 0 1
0.000406567392472944 2 0 2 3 1 3 1 0
0.001738868050831051 2 0 2 3 1 3 3 1
0.00029646696911804883 2 0 2 3 2 0 0 2
0.0015971401649503862 2 0 2 3 2 0 2 0
0.0007808494624773034 2 0 2 3 2 0 2 3
-0.19328225364744936 2 0 2 3 2 0 3 2
4.33277304432789e-05 2 0 2 3 2 3 0 2
0.000406567392472944 2 0 2 3 2 3 2 0
0.0017388680508310518 2 0 2 3 2 3 3 2
-1.7729635591928499 2 0 3 1 1 0 0 2
-0.0002964669691180465 2 0 3 1 1 0 2 0
-0.00031710160015380835 2 0 3 1 1 0 2 3
-0.7461701884457405 2 0 3 1 1 0 3 2
-0.3334121830088251 2 0 3 1 1 3 0 2
-3.5675558798379354e-05 2 0 3 1 1 3 2 0
0.010978442370841276 2 0 3 1 1 3 3 2
1.7729635591928496 2 0 3 1 2 0 0 1
0.0002964669691180465 2 0 3 1 2 0 1 0
0.00031710160015380813 2 0 3 1 2 0 1 3
0.7461701884457406 2 0 3 1 2 0 3 1
0.3334121830088251 2 0 3 1 2 3 0 1
3.5675558798379354e-05 2 0 3 1 2 3 1 0
-0.010978442370841276 2 0 3 1 2 3 3 1
0.0019067405276630034 2 0 3 2 1 0 0 1
1.408387376401527 2 0 3 2 1 0 1 0
0.6949983558547659 2 0 3 2 1 0 1 3
0.0007218238159830872 2 0 3 2 1 0 3 1
0.0004084193117984349 2 0 3 2 1 3 0 1
0.2514142896977565 2 0 3 2 1 3 1 0
-0.0081529790576319 2 0 3 2 1 3 1 3
0.0019067405276630034 2 0 3 2 2 0 0 2
1.408387376401527 2 0 3 2 2 0 2 0
0.6949983558547658 2 0 3 2 2 0 2 3
0.0007218238159830874 2 0 3 2 2 0 3 2
0.00040841931179843514 2 0 3 2 2 3 0 2
0.2514142896977564 2 0 3 2 2 3 2 0
-0.0081529790576319 2 0 3 2 2 3 2 3
371.95555526150065 2 1 0 0 1 2 0 0
-4.332044763363806 2 1 0 0 1 2 0 3
0.07727687111515562 2 1 0 0 1 2 1 1
0.0772768711151556 2 1 0 0 1 2 2 2
-5.539295835654329 2 1 0 0 1 2 3 0
-0.6249213472101287 2 1 0 0 1 2 3 3
-371.95555526150065 2 1 0 0 2 1 0 0
4.332044763363806 2 1 0 0 2 1 0 3
-0.0772768711151556 2 1 0 0 2 1 1 1
-0.0772768711151556 2 1 0 0 2 1 2 2
5.539295835654329 2 1 0 0 2 1 3 0
0.6249213472101287 2 1 0 0 2 1 3 3
-4.332044763363808 2 1 0 3 1 2 0 0
-1.2149135236847706 2 1 0 3 1 2 0 3
2.1896900126832057 2 1 0 3 1 2 1 1
2.1896900126832057 2 1 0 3 1 2 2 2
-1.1726784705522306 2 1 0 3 1 2 3 0
0.01965501393379014 2 1 0 3 1 2 3 3
4.332044763363808 2 1 0 3 2 1 0 0
1.2149135236847706 2 1 0 3 2 1 0 3
-2.1896900126832057 2 1 0 3 2 1 1 1
-2.1896900126832057 2 1 0 3 2 1 2 2
1.1726784705522304 2 1 0 3 2 1 3 0
-0.01965501393379014 2 1 0 3 2 1 3 3
1.0314105064108e-05 2 1 1 1 1 1 1 2
1.2753603634016647e-05 2 1 1 1 1 1 2 1
0.16328569165330556 2 1 1 1 1 2 0 0
-0.00037437340849676045 2 1 1 1 1 2 0 3
2.0196164827663465e-05 2 1 1 1 1 2 1 1
4.326387352578791e-05 2 1 1 1 1 2 2 2
2.189690012683205 2 1 1 1 1 2 3 0
0.07727687111515565 2 1 1 1 1 2 3 3
-0.1632856916533056 2 1 1 1 2 1 0 0
0.00037437340849676045 2 1 1 1 2 1 0 3
-4.326387352578791e-05 2 1 1 1 2 1 1 1
-2.0196164827663465e-05 2 1 1 1 2 1 2 2
-2.189690012683205 2 1 1 1 2 1 3 0
-0.07727687111515563 2 1 1 1 2 1 3 3
-1.2753603634016678e-05 2 1 1 1 2 2 1 2
-1.0314105064107974e-05 2 1 1 1 2 2 2 1
-7.652171644899539e-06 2 1 1 2 1 1 0 0
8.149751025267877e-08 2 1 1 2 1 1 1 1
0.0060173235534460795 2 1 1 2 1 1 2 2
2.3143346743063077e-05 2 1 1 2 1 1 3 0
6.579383419650472e-06 2 1 1 2 1 1 3 3
0.5477369271772746 2 1 1 2 1 2 1 2
-0.5537541692332102 2 1 1 2 1 2 2 1
-0.5537541692332102 2 1 1 2 2 1 1 2
0.5477369271772746 2 1 1 2 2 1 2 1
-7.652171644899539e-06 2 1 1 2 2 2 0 0
0.006017323553446082 2 1 1 2 2 2 1 1
8.14975102526774e-08 2 1 1 2 2 2 2 2
2.3143346743063077e-05 2 1 1 2 2 2 3 0
6.5793834196504656e-06 2 1 1 2 2 2 3 3
-7.652171644899554e-06 2 1 2 1 1 1 0 0
8.149751025279916e-08 2 1 2 1 1 1 1 1
0.006017323553446091 2 1 2 1 1 1 2 2
2.3143346743063124e-05 2 1 2 1 1 1 3 0
6.579383419650548e-06 2 1 2 1 1 1 3 3
-0.5537541692332102 2 1 2 1 1 2 1 2
0.5477369271772745 2 1 2 1 1 2 2 1
0.5477369271772745 2 1 2 1 2 1 1 2
-0.5537541692332103 2 1 2 1 2 1 2 1
-7.652171644899554e-06 2 1 2 1 2 2 0 0
0.006017323553446089 2 1 2 1 2 2 1 1
8.149751025279831e-08 2 1 2 1 2 2 2 2
2.3143346743063124e-05 2 1 2 1 2 2 3 0
6.579383419650548e-06 2 1 2 1 2 2 3 3
-1.0314105064108014e-05 2 1 2 2 1 1 1 2
-1.2753603634016727e-05 2 1 2 2 1 1 2 1
0.16328569165330553 2 1 2 2 1 2 0 0
-0.00037437340849676056 2 1 2 2 1 2 0 3
4.326387352578795e-05 2 1 2 2 1 2 1 1
2.0196164827663455e-05 2 1 2 2 1 2 2 2
2.189690012683205 2 1 2 2 1 2 3 0
0.07727687111515563 2 1 2 2 1 2 3 3
-0.16328569165330556 2 1 2 2 2 1 0 0
0.00037437340849676056 2 1 2 2 2 1 0 3
-2.0196164827663455e-05 2 1 2 2 2 1 1 1
-4.326387352578795e-05 2 1 2 2 2 1 2 2
-2.189690012683205 2 1 2 2 2 1 3 0
-0.07727687111515563 2 1 2 2 2 1 3 3
1.2753603634016696e-05 2 1 2 2 2 2 1 2
1.0314105064108041e-05 2 1 2 2 2 2 2 1
-5.53929583565433 2 1 3 0 1 2 0 0
-1.1726784705522304 2 1 3 0 1 2 0 3
-0.00037437340849676127 2 1 3 0 1 2 1 1
-0.00037437340849676127 2 1 3 0 1 2 2 2
-1.1824410920624615 2 1 3 0 1 2 3 0
0.020036172939018656 2 1 3 0 1 2 3 3
5.53929583565433 2 1 3 0 2 1 0 0
1.1726784705522302 2 1 3 0 2 1 0 3
0.00037437340849676127 2 1 3 0 2 1 1 1
0.00037437340849676127 2 1 3 0 2 1 2 2
1.1824410920624615 2 1 3 0 2 1 3 0
-0.020036172939018656 2 1 3 0 2 1 3 3
-0.6249213472101287 2 1 3 3 1 2 0 0
0.01965501393379014 2 1 3 3 1 2 0 3
0.16328569165330561 2 1 3 3 1 2 1 1
0.16328569165330556 2 1 3 3 1 2 2 2
0.02003617293901866 2 1 3 3 1 2 3 0
0.005328733725051904 2 1 3 3 1 2 3 3
0.6249213472101287 2 1 3 3 2 1 0 0
-0.01965501393379014 2 1 3 3 2 1 0 3
-0.16328569165330561 2 1 3 3 2 1 1 1
-0.16328569165330561 2 1 3 3 2 1 2 2
-0.02003617293901866 2 1 3 3 2 1 3 0
-0.005328733725051904 2 1 3 3 2 1 3 3
-0.5220916378541437 2 2 0 0 1 1 0 0
0.003081308540315894 2 2 0 0 1 1 0 3
-7.656289186801007e-05 2 2 0 0 1 1 1 1
-6.340412502870893e-05 2 2 0 0 1 1 2 2
0.003881864842589332 2 2 0 0 1 1 3 0
0.0004561790041580254 2 2 0 0 1 1 3 3
-6.579383419650453e-06 2 2 0 0 1 2 1 2
-6.5793834196504884e-06 2 2 0 0 1 2 2 1
-6.5793834196504884e-06 2 2 0 0 2 1 1 2
-6.579383419650453e-06 2 2 0 0 2 1 2 1
-0.5220916378541438 2 2 0 0 2 2 0 0
0.003081308540315894 2 2 0 0 2 2 0 3
-6.340412502870883e-05 2 2 0 0 2 2 1 1
-7.656289186801007e-05 2 2 0 0 2 2 2 2
0.003881864842589332 2 2 0 0 2 2 3 0
0.0004561790041580256 2 2 0 0 2 2 3 3
0.003081308540315896 2 2 0 3 1 1 0 0
0.0008842922654733985 2 2 0 3 1 1 0 3
-0.0015641272320010891 2 2 0 3 1 1 1 1
-0.0015178405385149621 2 2 0 3 1 1 2 2
0.0008430348136350568 2 2 0 3 1 1 3 0
-2.314334674306298e-05 2 2 0 3 1 2 1 2
-2.31433467430634e-05 2 2 0 3 1 2 2 1
-2.31433467430634e-05 2 2 0 3 2 1 1 2
-2.3143346743062965e-05 2 2 0 3 2 1 2 1
0.003081308540315896 2 2 0 3 2 2 0 0
0.0008842922654733985 2 2 0 3 2 2 0 3
-0.0015178405385149621 2 2 0 3 2 2 1 1
-0.0015641272320010891 2 2 0 3 2 2 2 2
0.0008430348136350563 2 2 0 3 2 2 3 0
-0.00012296351158811423 2 2 1 1 1 1 0 0
-1.6299502050544516e-07 2 2 1 1 1 1 1 1
-0.012034810101912676 2 2 1 1 1 1 2 2
-0.0015641272320010874 2 2 1 1 1 1 3 0
-7.656289186800996e-05 2 2 1 1 1 1 3 3
0.006017323553446081 2 2 1 1 1 2 1 2
0.0060173235534460865 2 2 1 1 1 2 2 1
0.006017323553446088 2 2 1 1 2 1 1 2
0.006017323553446084 2 2 1 1 2 1 2 1
-0.00012296351158811412 2 2 1 1 2 2 0 0
-0.012034810101912674 2 2 1 1 2 2 1 1
-1.62995020505443e-07 2 2 1 1 2 2 2 2
-0.0015641272320010874 2 2 1 1 2 2 3 0
-7.656289186800996e-05 2 2 1 1 2 2 3 3
-0.00038669281445652653 2 2 1 2 1 1 1 2
0.0004122000217245595 2 2 1 2 1 1 2 1
-1.2753603634016706e-05 2 2 1 2 1 2 1 1
1.2753603634016627e-05 2 2 1 2 1 2 2 2
-1.2753603634016627e-05 2 2 1 2 2 1 1 1
1.2753603634016706e-05 2 2 1 2 2 1 2 2
-0.00041220002172455926 2 2 1 2 2 2 1 2
0.00038669281445652653 2 2 1 2 2 2 2 1
0.00040732102458474156 2 2 2 1 1 1 1 2
-0.0003866928144565264 2 2 2 1 1 1 2 1
-1.0314105064107987e-05 2 2 2 1 1 2 1 1
1.0314105064108048e-05 2 2 2 1 1 2 2 2
-1.0314105064108048e-05 2 2 2 1 2 1 1 1
1.0314105064107982e-05 2 2 2 1 2 1 2 2
0.0003866928144565264 2 2 2 1 2 2 1 2
-0.00040732102458474156 2 2 2 1 2 2 2 1
-0.000138267854877913 2 2 2 2 1 1 0 0
-1.6299502050544193e-07 2 2 2 2 1 1 2 2
-0.0015178405385149613 2 2 2 2 1 1 3 0
-6.340412502870904e-05 2 2 2 2 1 1 3 3
8.149751025279343e-08 2 2 2 2 1 2 1 2
8.149751025269922e-08 2 2 2 2 1 2 2 1
8.149751025269922e-08 2 2 2 2 2 1 1 2
8.149751025279343e-08 2 2 2 2 2 1 2 1
-0.00013826785487791322 2 2 2 2 2 2 0 0
-1.6299502050544193e-07 2 2 2 2 2 2 1 1
-0.0015178405385149613 2 2 2 2 2 2 3 0
-6.340412502870904e-05 2 2 2 2 2 2 3 3
0.003881864842589327 2 2 3 0 1 1 0 0
0.0008430348136350568 2 2 3 0 1 1 0 3
0.000875665737159683 2 2 3 0 1 1 3 0
0.003881864842589327 2 2 3 0 2 2 0 0
0.0008430348136350563 2 2 3 0 2 2 0 3
0.000875665737159683 2 2 3 0 2 2 3 0
0.0004561790041580254 2 2 3 3 1 1 0 0
-0.00012296351158811423 2 2 3 3 1 1 1 1
-0.0001382678548779131 2 2 3 3 1 1 2 2
7.65217164489948e-06 2 2 3 3 1 2 1 2
7.652171644899542e-06 2 2 3 3 1 2 2 1
7.652171644899542e-06 2 2 3 3 2 1 1 2
7.65217164489948e-06 2 2 3 3 2 1 2 1
0.0004561790041580254 2 2 3 3 2 2 0 0
-0.00013826785487791333 2 2 3 3 2 2 1 1
-0.00012296351158811423 2 2 3 3 2 2 2 2
-3.6405822332538342 2 3 0 1 1 0 0 2
-0.0017388680508310527 2 3 0 1 1 0 2 0
-3.648683710663831e-05 2 3 0 1 1 0 2 3
-0.33341218300882525 2 3 0 1 1 0 3 2
-0.9969556159365941 2 3 0 1 1 3 0 2
-0.0005141564887975018 2 3 0 1 1 3 2 0
0.011651170023264452 2 3 0 1 1 3 3 2
3.6405822332538342 2 3 0 1 2 0 0 1
0.0017388680508310527 2 3 0 1 2 0 1 0
3.648683710663831e-05 2 3 0 1 2 0 1 3
0.33341218300882525 2 3 0 1 2 0 3 1
0.9969556159365939 2 3 0 1 2 3 0 1
0.0005141564887975022 2 3 0 1 2 3 1 0
-0.011651170023264452 2 3 0 1 2 3 3 1
0.003237793736153627 2 3 0 2 1 0 0 1
3.399939040855023 2 3 0 2 1 0 1 0
0.2522700623235347 2 3 0 2 1 0 1 3
0.00040841931179843476 2 3 0 2 1 0 3 1
0.0009203287584090458 2 3 0 2 1 3 0 1
0.9307733279303677 2 3 0 2 1 3 1 0
-0.007679205803394774 2 3 0 2 1 3 1 3
0.003237793736153627 2 3 0 2 2 0 0 2
3.3999390408550227 2 3 0 2 2 0 2 0
0.2522700623235347 2 3 0 2 2 0 2 3
0.00040841931179843476 2 3 0 2 2 0 3 2
0.0009203287584090458 2 3 0 2 2 3 0 2
0.9307733279303677 2 3 0 2 2 3 2 0
-0.007679205803394774 2 3 0 2 2 3 2 3
0.008152979057631906 2 3 1 0 1 0 0 2
-3.985721526714208 2 3 1 0 1 0 2 0
-0.3597117470257519 2 3 1 0 1 0 2 3
-0.25226348294011514 2 3 1 0 1 0 3 2
0.0022153672166875227 2 3 1 0 1 3 0 2
-1.0909508729628172 2 3 1 0 1 3 2 0
0.01098056055418169 2 3 1 0 1 3 2 3
0.007679205803394781 2 3 1 0 1 3 3 2
-0.008152979057631906 2 3 1 0 2 0 0 1
3.985721526714208 2 3 1 0 2 0 1 0
0.35971174702575204 2 3 1 0 2 0 1 3
0.2522634829401151 2 3 1 0 2 0 3 1
-0.0022153672166875227 2 3 1 0 2 3 0 1
1.090950872962817 2 3 1 0 2 3 1 0
-0.01098056055418169 2 3 1 0 2 3 1 3
-0.007679205803394781 2 3 1 0 2 3 3 1
-0.2514142896977566 2 3 1 3 1 0 0 2
-0.35368166986867194 2 3 1 3 1 0 2 0
0.0113521031525053 2 3 1 3 1 0 2 3
-3.399915897508281 2 3 1 3 1 0 3 2
0.009027815440005756 2 3 1 3 1 3 0 2
0.010980560554181696 2 3 1 3 1 3 2 0
0.0031643163054002285 2 3 1 3 1 3 2 3
-0.930773327930368 2 3 1 3 1 3 3 2
0.25141428969775653 2 3 1 3 2 0 0 1
0.35368166986867194 2 3 1 3 2 0 1 0
-0.0113521031525053 2 3 1 3 2 0 1 3
3.399915897508281 2 3 1 3 2 0 3 1
-0.009027815440005756 2 3 1 3 2 3 0 1
-0.010980560554181696 2 3 1 3 2 3 1 0
-0.0031643163054002285 2 3 1 3 2 3 1 3
0.9307733279303679 2 3 1 3 2 3 3 1
0.0034242808625684273 2 3 2 0 1 0 1 0
0.00040656739247294394 2 3 2 0 1 0 1 3
4.306622052628877e-05 2 3 2 0 1 0 3 1
0.0009752159119482717 2 3 2 0 1 3 1 0
0.0034242808625684273 2 3 2 0 2 0 2 0
0.00040656739247294394 2 3 2 0 2 0 2 3
4.306622052628877e-05 2 3 2 0 2 0 3 2
0.0009752159119482717 2 3 2 0 2 3 2 0
3.5675558798379517e-05 2 3 2 3 1 0 0 1
0.0003963347849190883 2 3 2 3 1 0 1 0
0.0017620113975741138 2 3 2 3 1 0 3 1
0.000514156488797502 2 3 2 3 1 3 3 1
3.5675558798379517e-05 2 3 2 3 2 0 0 2
0.0003963347849190883 2 3 2 3 2 0 2 0
0.0017620113975741138 2 3 2 3 2 0 3 2
0.000514156488797502 2 3 2 3 2 3 3 2
-0.327384545350315 2 3 3 1 1 0 0 2
-4.332773044327879e-05 2 3 3 1 1 0 2 0
0.010978442370841276 2 3 3 1 1 0 3 2
0.011651170023264448 2 3 3 1 1 3 0 2
0.0028032561888960794 2 3 3 1 1 3 3 2
0.3273845453503151 2 3 3 1 2 0 0 1
4.332773044327879e-05 2 3 3 1 2 0 1 0
-0.010978442370841276 2 3 3 1 2 0 3 1
-0.011651170023264448 2 3 3 1 2 3 0 1
-0.0028032561888960794 2 3 3 1 2 3 3 1
0.0003957472056746711 2 3 3 2 1 0 0 1
0.25140663752611175 2 3 3 2 1 0 1 0
-0.008152979057631904 2 3 3 2 1 0 1 3
-0.009027815440005749 2 3 3 2 1 3 1 0
-0.002215367216687522 2 3 3 2 1 3 1 3
0.0003957472056746711 2 3 3 2 2 0 0 2
0.25140663752611175 2 3 3 2 2 0 2 0
-0.008152979057631904 2 3 3 2 2 0 2 3
-0.009027815440005749 2 3 3 2 2 3 2 0
-0.0022153672166875223 2 3 3 2 2 3 2 3
24893.75661401955 3 0 0 0 0 0 0 0
3675.36643454033 3 0 0 0 0 0 0 3
48.50442137273766 3 0 0 0 0 0 1 1
48.50442137273766 3 0 0 0 0 0 2 2
3814.683339983614 3 0 0 0 0 0 3 0
-128.34953182343688 3 0 0 0 0 0 3 3
5499.656371978527 3 0 0 0 0 3 0 0
-218.43408209717387 3 0 0 0 0 3 0 3
11.036771664352763 3 0 0 0 0 3 1 1
11.036771664352761 3 0 0 0 0 3 2 2
-245.6140121872006 3 0 0 0 0 3 3 0
-27.574578294432673 3 0 0 0 0 3 3 3
6243.567482501529 3 0 0 0 3 0 0 0
-227.0981716239014 3 0 0 0 3 0 0 3
11.19132540658307 3 0 0 0 3 0 1 1
11.191325406583072 3 0 0 0 3 0 2 2
-256.6926038585091 3 0 0 0 3 0 3 0
-28.82442098885291 3 0 0 0 3 0 3 3
-352.11796319560716 3 0 0 0 3 3 0 0
-50.67517935806467 3 0 0 0 3 3 0 3
-0.6805505884135878 3 0 0 0 3 3 1 1
-0.6805505884135878 3 0 0 0 3 3 2 2
-52.95545475240495 3 0 0 0 3 3 3 0
1.5074004733649609 3 0 0 0 3 3 3 3
3486.2902160732583 3 0 0 3 0 0 0 0
-171.64584073392 3 0 0 3 0 0 0 3
-1774.3088343823094 3 0 0 3 0 0 1 1
-1774.3088343823097 3 0 0 3 0 0 2 2
-184.06488936816913 3 0 0 3 0 0 3 0
-30.50667419882711 3 0 0 3 0 0 3 3
-218.43408209717387 3 0 0 3 0 3 0 0
-40.253760130569724 3 0 0 3 0 3 0 3
105.52943333656314 3 0 0 3 0 3 1 1
105.52943333656316 3 0 0 3 0 3 2 2
-40.62578925571574 3 0 0 3 0 3 3 0
1.3373857458766765 3 0 0 3 0 3 3 3
-227.09817162390144 3 0 0 3 3 0 0 0
-42.68358717793928 3 0 0 3 3 0 0 3
109.90881336192948 3 0 0 3 3 0 1 1
109.90881336192948 3 0 0 3 3 0 2 2
-42.97114619682019 3 0 0 3 3 0 3 0
1.376695773744256 3 0 0 3 3 0 3 3
-51.67305530275965 3 0 0 3 3 3 0 0
1.9586587950999288 3 0 0 3 3 3 0 3
23.659104568113115 3 0 0 3 3 3 1 1
23.65910456811312 3 0 0 3 3 3 2 2
2.0914729427215937 3 0 0 3 3 3 3 0
0.3219487993300051 3 0 0 3 3 3 3 3
60.31559197635669 3 0 1 1 0 0 0 0
-0.49922108930842773 3 0 1 1 0 0 0 3
0.0016226820950165693 3 0 1 1 0 0 1 1
0.0016226820950165624 3 0 1 1 0 0 2 2
-1597.9245029899364 3 0 1 1 0 0 3 0
47.56252291930935 3 0 1 1 0 0 3 3
12.811595953872533 3 0 1 1 0 3 0 0
-0.1914411528038215 3 0 1 1 0 3 0 3
0.00041169562327470085 3 0 1 1 0 3 1 1
0.00041169562327470085 3 0 1 1 0 3 2 2
105.52943333656313 3 0 1 1 0 3 3 0
11.036771664352765 3 0 1 1 0 3 3 3
13.138167337179148 3 0 1 1 3 0 0 0
-0.192189899620815 3 0 1 1 3 0 0 3
0.00047515566162815455 3 0 1 1 3 0 1 1
0.0004751556616281563 3 0 1 1 3 0 2 2
109.90881336192946 3 0 1 1 3 0 3 0
11.19132540658307 3 0 1 1 3 0 3 3
-0.8019288993017306 3 0 1 1 3 3 0 0
-0.04603454165834451 3 0 1 1 3 3 0 3
24.590392052532273 3 0 1 1 3 3 3 0
-0.6882297942169826 3 0 1 1 3 3 3 3
57.48860516235771 3 0 1 2 0 0 1 2
-57.48860516235771 3 0 1 2 0 0 2 1
13.044758955895164 3 0 1 2 0 3 1 2
-13.044758955895164 3 0 1 2 0 3 2 1
14.146250052305657 3 0 1 2 3 0 1 2
-14.146250052305657 3 0 1 2 3 0 2 1
-0.5724212993333683 3 0 1 2 3 3 1 2
0.5724212993333683 3 0 1 2 3 3 2 1
-57.4886051623577 3 0 2 1 0 0 1 2
57.48860516235771 3 0 2 1 0 0 2 1
-13.044758955895164 3 0 2 1 0 3 1 2
13.044758955895164 3 0 2 1 0 3 2 1
-14.146250052305657 3 0 2 1 3 0 1 2
14.146250052305657 3 0 2 1 3 0 2 1
0.5724212993333682 3 0 2 1 3 3 1 2
-0.5724212993333682 3 0 2 1 3 3 2 1
60.31559197635669 3 0 2 2 0 0 0 0
-0.49922108930842773 3 0 2 2 0 0 0 3
0.001622682095016562 3 0 2 2 0 0 1 1
0.001622682095016562 3 0 2 2 0 0 2 2
-1597.9245029899366 3 0 2 2 0 0 3 0
47.56252291930935 3 0 2 2 0 0 3 3
12.811595953872532 3 0 2 2 0 3 0 0
-0.19144115280382154 3 0 2 2 0 3 0 3
0.0004116956232747026 3 0 2 2 0 3 1 1
0.0004116956232747026 3 0 2 2 0 3 2 2
105.52943333656313 3 0 2 2 0 3 3 0
11.036771664352765 3 0 2 2 0 3 3 3
13.138167337179148 3 0 2 2 3 0 0 0
-0.192189899620815 3 0 2 2 3 0 0 3
0.0004751556616281537 3 0 2 2 3 0 1 1
0.0004751556616281513 3 0 2 2 3 0 2 2
109.90881336192945 3 0 2 2 3 0 3 0
11.191325406583069 3 0 2 2 3 0 3 3
-0.8019288993017306 3 0 2 2 3 3 0 0
-0.04603454165834451 3 0 2 2 3 3 0 3
24.590392052532273 3 0 2 2 3 3 3 0
-0.6882297942169826 3 0 2 2 3 3 3 3
3607.803047718173 3 0 3 0 0 0 0 0
-184.46929971083915 3 0 3 0 0 0 0 3
0.19609436814649303 3 0 3 0 0 0 1 1
0.19609436814649292 3 0 3 0 0 0 2 2
-200.99434927639024 3 0 3 0 0 0 3 0
-29.511168756384393 3 0 3 0 0 0 3 3
-245.61401218720061 3 0 3 0 0 3 0 0
-40.62578925571574 3 0 3 0 0 3 0 3
-0.19144115280382154 3 0 3 0 0 3 1 1
-0.19144115280382154 3 0 3 0 0 3 2 2
-41.663329567047406 3 0 3 0 0 3 3 0
1.3757419492014413 3 0 3 0 0 3 3 3
-256.69260385850913 3 0 3 0 3 0 0 0
-42.971146196820186 3 0 3 0 3 0 0 3
-0.19218989962081504 3 0 3 0 3 0 1 1
-0.19218989962081504 3 0 3 0 3 0 2 2
-44.02821175117233 3 0 3 0 3 0 3 0
1.4158142950794776 3 0 3 0 3 0 3 3
-54.047380841279704 3 0 3 0 3 3 0 0
2.0908023332525105 3 0 3 0 3 3 0 3
-0.043819174441656984 3 0 3 0 3 3 1 1
-0.043819174441656984 3 0 3 0 3 3 2 2
2.256352213187376 3 0 3 0 3 3 3 0
0.32175310381499683 3 0 3 0 3 3 3 3
-125.20420156666583 3 0 3 3 0 0 0 0
-29.629643378736894 3 0 3 3 0 0 0 3
61.72427581972736 3 0 3 3 0 0 1 1
61.72427581972737 3 0 3 3 0 0 2 2
-28.76427674412268 3 0 3 3 0 0 3 0
1.2173691274321101 3 0 3 3 0 0 3 3
-27.57457829443267 3 0 3 3 0 3 0 0
1.337385745876676 3 0 3 3 0 3 0 3
12.811595953872533 3 0 3 3 0 3 1 1
12.811595953872535 3 0 3 3 0 3 2 2
1.375741949201441 3 0 3 3 0 3 3 0
0.28471544338396304 3 0 3 3 0 3 3 3
-28.824420988852914 3 0 3 3 3 0 0 0
1.3766957737442556 3 0 3 3 3 0 0 3
13.138167337179148 3 0 3 3 3 0 1 1
13.138167337179148 3 0 3 3 3 0 2 2
1.4158142950794779 3 0 3 3 3 0 3 0
0.2953729108340669 3 0 3 3 3 0 3 3
1.5300322039424072 3 0 3 3 3 3 0 0
0.3251131156354053 3 0 3 3 3 3 0 3
-0.7929010838617245 3 0 3 3 3 3 1 1
-0.7929010838617245 3 0 3 3 3 3 2 2
0.3245563600038929 3 0 3 3 3 3 3 0
0.0032377937361536243 3 1 0 1 0 1 0 1
3.399939040855019 3 1 0 1 0 1 1 0
0.252270062323535 3 1 0 1 0 1 1 3
0.0004084193117984341 3 1 0 1 0 1 3 1
0.0032377937361536243 3 1 0 1 0 2 0 2
3.3999390408550187 3 1 0 1 0 2 2 0
0.25227006232353494 3 1 0 1 0 2 2 3
0.00040841931179843417 3 1 0 1 0 2 3 2
0.0009203287584090445 3 1 0 1 3 1 0 1
0.9307733279303675 3 1 0 1 3 1 1 0
-0.00767920580339477 3 1 0 1 3 1 1 3
0.0009203287584090445 3 1 0 1 3 2 0 2
0.9307733279303675 3 1 0 1 3 2 2 0
-0.00767920580339477 3 1 0 1 3 2 2 3
3.6405822332538285 3 1 0 2 0 1 0 2
0.0017388680508310524 3 1 0 2 0 1 2 0
3.648683710663903e-05 3 1 0 2 0 1 2 3
0.3334121830088251 3 1 0 2 0 1 3 2
-3.640582233253828 3 1 0 2 0 2 0 1
-0.0017388680508310524 3 1 0 2 0 2 1 0
-3.648683710663903e-05 3 1 0 2 0 2 1 3
-0.33341218300882514 3 1 0 2 0 2 3 1
0.9969556159365935 3 1 0 2 3 1 0 2
0.0005141564887975031 3 1 0 2 3 1 2 0
-0.011651170023264431 3 1 0 2 3 1 3 2
-0.9969556159365933 3 1 0 2 3 2 0 1
-0.0005141564887975022 3 1 0 2 3 2 1 0
0.011651170023264431 3 1 0 2 3 2 3 1
0.003424280862568423 3 1 1 0 0 1 1 0
0.00040656739247294356 3 1 1 0 0 1 1 3
4.30662205262891e-05 3 1 1 0 0 1 3 1
0.003424280862568423 3 1 1 0 0 2 2 0
0.0004065673924729435 3 1 1 0 0 2 2 3
4.30662205262891e-05 3 1 1 0 0 2 3 2
0.0009752159119482701 3 1 1 0 3 1 1 0
0.0009752159119482684 3 1 1 0 3 2 2 0
3.567555879838011e-05 3 1 1 3 0 1 0 1
0.000396334784919088 3 1 1 3 0 1 1 0
0.001762011397574116 3 1 1 3 0 1 3 1
3.567555879838011e-05 3 1 1 3 0 2 0 2
0.000396334784919088 3 1 1 3 0 2 2 0
0.001762011397574116 3 1 1 3 0 2 3 2
0.0005141564887975027 3 1 1 3 3 1 3 1
0.0005141564887975035 3 1 1 3 3 2 3 2
-0.008152979057631899 3 1 2 0 0 1 0 2
3.9857215267142014 3 1 2 0 0 1 2 0
0.359711747025752 3 1 2 0 0 1 2 3
0.25226348294011525 3 1 2 0 0 1 3 2
0.008152979057631899 3 1 2 0 0 2 0 1
-3.9857215267142014 3 1 2 0 0 2 1 0
-0.35971174702575204 3 1 2 0 0 2 1 3
-0.25226348294011525 3 1 2 0 0 2 3 1
-0.0022153672166875236 3 1 2 0 3 1 0 2
1.0909508729628166 3 1 2 0 3 1 2 0
-0.010980560554181673 3 1 2 0 3 1 2 3
-0.007679205803394773 3 1 2 0 3 1 3 2
0.0022153672166875236 3 1 2 0 3 2 0 1
-1.0909508729628166 3 1 2 0 3 2 1 0
0.010980560554181673 3 1 2 0 3 2 1 3
0.007679205803394773 3 1 2 0 3 2 3 1
0.25141428969775664 3 1 2 3 0 1 0 2
0.35368166986867183 3 1 2 3 0 1 2 0
-0.01135210315250528 3 1 2 3 0 1 2 3
3.399915897508276 3 1 2 3 0 1 3 2
-0.2514142896977567 3 1 2 3 0 2 0 1
-0.3536816698686719 3 1 2 3 0 2 1 0
0.01135210315250528 3 1 2 3 0 2 1 3
-3.399915897508276 3 1 2 3 0 2 3 1
-0.009027815440005745 3 1 2 3 3 1 0 2
-0.010980560554181677 3 1 2 3 3 1 2 0
-0.003164316305400227 3 1 2 3 3 1 2 3
0.9307733279303678 3 1 2 3 3 1 3 2
0.009027815440005745 3 1 2 3 3 2 0 1
0.010980560554181677 3 1 2 3 3 2 1 0
0.0031643163054002276 3 1 2 3 3 2 1 3
-0.9307733279303678 3 1 2 3 3 2 3 1
0.0003957472056746706 3 1 3 1 0 1 0 1
0.2514066375261119 3 1 3 1 0 1 1 0
-0.008152979057631899 3 1 3 1 0 1 1 3
0.0003957472056746706 3 1 3 1 0 2 0 2
0.25140663752611186 3 1 3 1 0 2 2 0
-0.008152979057631899 3 1 3 1 0 2 2 3
-0.009027815440005743 3 1 3 1 3 1 1 0
-0.0022153672166875236 3 1 3 1 3 1 1 3
-0.009027815440005743 3 1 3 1 3 2 2 0
-0.002215367216687523 3 1 3 1 3 2 2 3
0.32738454535031486 3 1 3 2 0 1 0 2
4.3327730443279376e-05 3 1 3 2 0 1 2 0
-0.010978442370841262 3 1 3 2 0 1 3 2
-0.32738454535031486 3 1 3 2 0 2 0 1
-4.332773044327935e-05 3 1 3 2 0 2 1 0
0.010978442370841262 3 1 3 2 0 2 3 1
-0.01165117002326443 3 1 3 2 3 1 0 2
-0.0028032561888960777 3 1 3 2 3 1 3 2
0.01165117002326443 3 1 3 2 3 2 0 1
0.0028032561888960777 3 1 3 2 3 2 3 1
-3.640582233253828 3 2 0 1 0 1 0 2
-0.0017388680508310542 3 2 0 1 0 1 2 0
-3.6486837106639096e-05 3 2 0 1 0 1 2 3
-0.333412183008825 3 2 0 1 0 1 3 2
3.6405822332538285 3 2 0 1 0 2 0 1
0.0017388680508310533 3 2 0 1 0 2 1 0
3.6486837106639055e-05 3 2 0 1 0 2 1 3
0.33341218300882514 3 2 0 1 0 2 3 1
-0.9969556159365934 3 2 0 1 3 1 0 2
-0.0005141564887975031 3 2 0 1 3 1 2 0
0.011651170023264431 3 2 0 1 3 1 3 2
0.9969556159365934 3 2 0 1 3 2 0 1
0.000514156488797504 3 2 0 1 3 2 1 0
-0.011651170023264431 3 2 0 1 3 2 3 1
0.0032377937361536225 3 2 0 2 0 1 0 1
3.399939040855019 3 2 0 2 0 1 1 0
0.25227006232353505 3 2 0 2 0 1 1 3
0.0004084193117984341 3 2 0 2 0 1 3 1
0.0032377937361536243 3 2 0 2 0 2 0 2
3.3999390408550187 3 2 0 2 0 2 2 0
0.252270062323535 3 2 0 2 0 2 2 3
0.0004084193117984342 3 2 0 2 0 2 3 2
0.0009203287584090463 3 2 0 2 3 1 0 1
0.9307733279303678 3 2 0 2 3 1 1 0
-0.00767920580339477 3 2 0 2 3 1 1 3
0.0009203287584090454 3 2 0 2 3 2 0 2
0.9307733279303676 3 2 0 2 3 2 2 0
-0.00767920580339477 3 2 0 2 3 2 2 3
0.008152979057631899 3 2 1 0 0 1 0 2
-3.9857215267142014 3 2 1 0 0 1 2 0
-0.35971174702575204 3 2 1 0 0 1 2 3
-0.2522634829401152 3 2 1 0 0 1 3 2
-0.008152979057631899 3 2 1 0 0 2 0 1
3.9857215267142014 3 2 1 0 0 2 1 0
0.35971174702575204 3 2 1 0 0 2 1 3
0.25226348294011525 3 2 1 0 0 2 3 1
0.002215367216687523 3 2 1 0 3 1 0 2
-1.0909508729628166 3 2 1 0 3 1 2 0
0.010980560554181673 3 2 1 0 3 1 2 3
0.007679205803394773 3 2 1 0 3 1 3 2
-0.002215367216687523 3 2 1 0 3 2 0 1
1.0909508729628168 3 2 1 0 3 2 1 0
-0.010980560554181673 3 2 1 0 3 2 1 3
-0.007679205803394773 3 2 1 0 3 2 3 1
-0.2514142896977567 3 2 1 3 0 1 0 2
-0.35368166986867183 3 2 1 3 0 1 2 0
0.01135210315250528 3 2 1 3 0 1 2 3
-3.3999158975082757 3 2 1 3 0 1 3 2
0.25141428969775675 3 2 1 3 0 2 0 1
0.35368166986867183 3 2 1 3 0 2 1 0
-0.01135210315250528 3 2 1 3 0 2 1 3
3.3999158975082757 3 2 1 3 0 2 3 1
0.009027815440005745 3 2 1 3 3 1 0 2
0.010980560554181677 3 2 1 3 3 1 2 0
0.003164316305400227 3 2 1 3 3 1 2 3
-0.9307733279303678 3 2 1 3 3 1 3 2
-0.009027815440005745 3 2 1 3 3 2 0 1
-0.010980560554181677 3 2 1 3 3 2 1 0
-0.003164316305400227 3 2 1 3 3 2 1 3
0.9307733279303676 3 2 1 3 3 2 3 1
0.003424280862568423 3 2 2 0 0 1 1 0
0.0004065673924729434 3 2 2 0 0 1 1 3
4.30662205262891e-05 3 2 2 0 0 1 3 1
0.003424280862568423 3 2 2 0 0 2 2 0
0.00040656739247294345 3 2 2 0 0 2 2 3
4.30662205262891e-05 3 2 2 0 0 2 3 2
0.000975215911948271 3 2 2 0 3 1 1 0
0.000975215911948271 3 2 2 0 3 2 2 0
3.567555879838014e-05 3 2 2 3 0 1 0 1
0.000396334784919088 3 2 2 3 0 1 1 0
0.001762011397574116 3 2 2 3 0 1 3 1
3.5675558798380126e-05 3 2 2 3 0 2 0 2
0.000396334784919088 3 2 2 3 0 2 2 0
0.001762011397574115 3 2 2 3 0 2 3 2
0.0005141564887975044 3 2 2 3 3 1 3 1
0.0005141564887975027 3 2 2 3 3 2 3 2
-0.32738454535031486 3 2 3 1 0 1 0 2
-4.332773044327936e-05 3 2 3 1 0 1 2 0
0.01097844237084126 3 2 3 1 0 1 3 2
0.32738454535031486 3 2 3 1 0 2 0 1
4.332773044327936e-05 3 2 3 1 0 2 1 0
-0.01097844237084126 3 2 3 1 0 2 3 1
0.01165117002326443 3 2 3 1 3 1 0 2
0.0028032561888960777 3 2 3 1 3 1 3 2
-0.01165117002326443 3 2 3 1 3 2 0 1
-0.0028032561888960777 3 2 3 1 3 2 3 1
0.0003957472056746706 3 2 3 2 0 1 0 1
0.25140663752611186 3 2 3 2 0 1 1 0
-0.008152979057631899 3 2 3 2 0 1 1 3
0.0003957472056746706 3 2 3 2 0 2 0 2
0.25140663752611186 3 2 3 2 0 2 2 0
-0.008152979057631899 3 2 3 2 0 2 2 3
-0.009027815440005743 3 2 3 2 3 1 1 0
-0.0022153672166875227 3 2 3 2 3 1 1 3
-0.009027815440005743 3 2 3 2 3 2 2 0
-0.0022153672166875227 3 2 3 2 3 2 2 3
5127.178725079172 3 3 0 0 0 0 0 0
-217.74277605225993 3 3 0 0 0 0 0 3
11.211731358889805 3 3 0 0 0 0 1 1
11.211731358889805 3 3 0 0 0 0 2 2
-244.05998029428048 3 3 0 0 0 0 3 0
-27.643139684957195 3 3 0 0 0 0 3 3
-352.11796319560756 3 3 0 0 0 3 0 0
-51.673055302759664 3 3 0 0 0 3 0 3
-0.688229794216983 3 3 0 0 0 3 1 1
-0.688229794216983 3 3 0 0 0 3 2 2
-54.047380841279725 3 3 0 0 0 3 3 0
1.5300322039424077 3 3 0 0 0 3 3 3
-352.11796319560733 3 3 0 0 3 0 0 0
-51.67305530275965 3 3 0 0 3 0 0 3
-0.6882297942169825 3 3 0 0 3 0 1 1
-0.6882297942169825 3 3 0 0 3 0 2 2
-54.04738084127971 3 3 0 0 3 0 3 0
1.5300322039424066 3 3 0 0 3 0 3 3
-81.13819670050133 3 3 0 0 3 3 0 0
2.7200277104715904 3 3 0 0 3 3 0 3
-0.16865503160276613 3 3 0 0 3 3 1 1
-0.16865503160276613 3 3 0 0 3 3 2 2
2.9851907361277408 3 3 0 0 3 3 3 0
0.3629282037925529 3 3 0 0 3 3 3 3
-210.45513599827987 3 3 0 3 0 0 0 0
-39.03796231461948 3 3 0 3 0 0 0 3
106.73988024890049 3 3 0 3 0 0 1 1
106.73988024890049 3 3 0 3 0 0 2 2
-39.472525152682856 3 3 0 3 0 0 3 0
1.3290828350953914 3 3 0 3 0 0 3 3
-50.67517935806468 3 3 0 3 0 3 0 0
1.9586587950999301 3 3 0 3 0 3 0 3
24.59039205253228 3 3 0 3 0 3 1 1
24.59039205253228 3 3 0 3 0 3 2 2
2.090802333252512 3 3 0 3 0 3 3 0
0.32511311563540546 3 3 0 3 0 3 3 3
-50.67517935806467 3 3 0 3 3 0 0 0
1.958658795099929 3 3 0 3 3 0 0 3
24.59039205253227 3 3 0 3 3 0 1 1
24.590392052532273 3 3 0 3 3 0 2 2
2.090802333252511 3 3 0 3 3 0 3 0
0.3251131156354053 3 3 0 3 3 0 3 3
2.7200277104715913 3 3 0 3 3 3 0 0
0.48799994533594143 3 3 0 3 3 3 0 3
-1.2974288093147137 3 3 0 3 3 3 1 1
-1.2974288093147137 3 3 0 3 3 3 2 2
0.5027253287838468 3 3 0 3 3 3 3 0
12.396729681279437 3 3 1 1 0 0 0 0
-0.18291380033769283 3 3 1 1 0 0 0 3
0.0003913364634265353 3 3 1 1 0 0 1 1
0.0003913364634265336 3 3 1 1 0 0 2 2
99.93652443108893 3 3 1 1 0 0 3 0
10.707118260568523 3 3 1 1 0 0 3 3
-0.7929010838617251 3 3 1 1 0 3 0 0
-0.043819174441657005 3 3 1 1 0 3 0 3
23.659104568113115 3 3 1 1 0 3 3 0
-0.6805505884135882 3 3 1 1 0 3 3 3
-0.7929010838617249 3 3 1 1 3 0 0 0
-0.043819174441656984 3 3 1 1 3 0 0 3
23.659104568113108 3 3 1 1 3 0 3 0
-0.6805505884135878 3 3 1 1 3 0 3 3
-0.18793255803347828 3 3 1 1 3 3 0 0
-1.2974288093147135 3 3 1 1 3 3 3 0
-0.16865503160276615 3 3 1 1 3 3 3 3
12.49663533590344 3 3 1 2 0 0 1 2
-12.496635335903441 3 3 1 2 0 0 2 1
-0.5724212993333686 3 3 1 2 0 3 1 2
0.5724212993333686 3 3 1 2 0 3 2 1
-0.5724212993333683 3 3 1 2 3 0 1 2
0.5724212993333683 3 3 1 2 3 0 2 1
-0.13979712499129385 3 3 1 2 3 3 1 2
0.13979712499129385 3 3 1 2 3 3 2 1
-12.496635335903441 3 3 2 1 0 0 1 2
12.49663533590344 3 3 2 1 0 0 2 1
0.5724212993333686 3 3 2 1 0 3 1 2
-0.5724212993333686 3 3 2 1 0 3 2 1
0.5724212993333683 3 3 2 1 3 0 1 2
-0.5724212993333683 3 3 2 1 3 0 2 1
0.13979712499129385 3 3 2 1 3 3 1 2
-0.13979712499129385 3 3 2 1 3 3 2 1
12.396729681279437 3 3 2 2 0 0 0 0
-0.18291380033769283 3 3 2 2 0 0 0 3
0.00039133646342653347 3 3 2 2 0 0 1 1
0.00039133646342653347 3 3 2 2 0 0 2 2
99.93652443108891 3 3 2 2 0 0 3 0
10.707118260568523 3 3 2 2 0 0 3 3
-0.7929010838617251 3 3 2 2 0 3 0 0
-0.04381917444165701 3 3 2 2 0 3 0 3
23.65910456811312 3 3 2 2 0 3 3 0
-0.6805505884135882 3 3 2 2 0 3 3 3
-0.7929010838617249 3 3 2 2 3 0 0 0
-0.043819174441657 3 3 2 2 3 0 0 3
23.65910456811311 3 3 2 2 3 0 3 0
-0.6805505884135878 3 3 2 2 3 0 3 3
-0.18793255803347828 3 3 2 2 3 3 0 0
-1.2974288093147135 3 3 2 2 3 3 3 0
-0.16865503160276615 3 3 2 2 3 3 3 3
-236.081688679127 3 3 3 0 0 0 0 0
-39.41992972848762 3 3 3 0 0 0 0 3
-0.1992197584529567 3 3 3 0 0 0 1 1
-0.1992197584529567 3 3 3 0 0 0 2 2
-40.480012809247754 3 3 3 0 0 0 3 0
1.3666842186332635 3 3 3 0 0 0 3 3
-52.95545475240496 3 3 3 0 0 3 0 0
2.0914729427215946 3 3 3 0 0 3 0 3
-0.04603454165834454 3 3 3 0 0 3 1 1
-0.04603454165834454 3 3 3 0 0 3 2 2
2.256352213187377 3 3 3 0 0 3 3 0
0.324556360003893 3 3 3 0 0 3 3 3
-52.95545475240495 3 3 3 0 3 0 0 0
2.0914729427215937 3 3 3 0 3 0 0 3
-0.04603454165834451 3 3 3 0 3 0 1 1
-0.04603454165834451 3 3 3 0 3 0 2 2
2.2563522131873763 3 3 3 0 3 0 3 0
0.3245563600038929 3 3 3 0 3 0 3 3
2.985190736127741 3 3 3 0 3 3 0 0
0.5027253287838468 3 3 3 0 3 3 0 3
0.5236180386245193 3 3 3 0 3 3 3 0
-26.267342471008803 3 3 3 3 0 0 0 0
1.306378628790381 3 3 3 3 0 0 0 3
12.899629611792555 3 3 3 3 0 0 1 1
12.899629611792555 3 3 3 3 0 0 2 2
1.3447273338915813 3 3 3 3 0 0 3 0
0.27938670965891116 3 3 3 3 0 0 3 3
1.5074004733649617 3 3 3 3 0 3 0 0
0.3219487993300052 3 3 3 3 0 3 0 3
-0.801928899301731 3 3 3 3 0 3 1 1
-0.801928899301731 3 3 3 3 0 3 2 2
0.32175310381499683 3 3 3 3 0 3 3 0
1.5074004733649613 3 3 3 3 3 0 0 0
0.32194879933000514 3 3 3 3 3 0 0 3
-0.8019288993017304 3 3 3 3 3 0 1 1
-0.8019288993017304 3 3 3 3 3 0 2 2
0.3217531038149968 3 3 3 3 3 0 3 0
0.36292820379255286 3 3 3 3 3 3 0 0
-0.1879325580334783 3 3 3 3 3 3 1 1
-0.1879325580334783 3 3 3 3 3 3 2 2
