   3.0000000e+00   3.0000000e+00   3.0000000e+00   1.0000000e+00   2.0000000e+00   2.0000000e+00   2.0000000e+00   1.0000000e+00   1.0000000e+00   2.0000000e+00   2.0000000e+00   1.0000000e+00   1.0000000e+00   1.0000000e+00   2.0000000e+00   1.0000000e+00   2.0000000e+00   1.0000000e+00   2.0000000e+00   2.0000000e+00   1.0000000e+00   3.0000000e+00   3.0000000e+00   3.0000000e+00   3.0000000e+00   3.0000000e+00   3.0000000e+00   3.0000000e+00   3.0000000e+00   1.0000000e+00   2.0000000e+00   1.0000000e+00   2.0000000e+00   1.0000000e+00   2.0000000e+00   1.0000000e+00   2.0000000e+00   1.0000000e+00   2.0000000e+00   1.0000000e+00   1.0000000e+00   2.0000000e+00   2.0000000e+00   2.0000000e+00   1.0000000e+00   3.0000000e+00   3.0000000e+00   3.0000000e+00   3.0000000e+00   2.0000000e+00   1.0000000e+00   2.0000000e+00   1.0000000e+00   1.0000000e+00   2.0000000e+00   2.0000000e+00   2.0000000e+00   1.0000000e+00   1.0000000e+00   3.0000000e+00   2.0000000e+00   2.0000000e+00   1.0000000e+00   1.0000000e+00   2.0000000e+00   2.0000000e+00   1.0000000e+00   1.0000000e+00   3.0000000e+00   2.0000000e+00   3.0000000e+00   3.0000000e+00   3.0000000e+00   3.0000000e+00   3.0000000e+00   2.0000000e+00   1.0000000e+00   1.0000000e+00   1.0000000e+00   2.0000000e+00   3.0000000e+00
   3.0000000e+00   3.0000000e+00   3.0000000e+00   3.0000000e+00   3.0000000e+00   1.0000000e+00   1.0000000e+00   2.0000000e+00   2.0000000e+00   2.0000000e+00   2.0000000e+00   1.0000000e+00   1.0000000e+00   1.0000000e+00   2.0000000e+00   1.0000000e+00   2.0000000e+00   2.0000000e+00   1.0000000e+00   1.0000000e+00   2.0000000e+00   3.0000000e+00   3.0000000e+00   3.0000000e+00   3.0000000e+00   3.0000000e+00   3.0000000e+00   3.0000000e+00   3.0000000e+00   3.0000000e+00   3.0000000e+00   3.0000000e+00   3.0000000e+00   3.0000000e+00   3.0000000e+00   3.0000000e+00   3.0000000e+00   2.0000000e+00   1.0000000e+00   2.0000000e+00   2.0000000e+00   1.0000000e+00   1.0000000e+00   1.0000000e+00   2.0000000e+00   2.0000000e+00   1.0000000e+00   1.0000000e+00   2.0000000e+00   3.0000000e+00   2.0000000e+00   1.0000000e+00   2.0000000e+00   3.0000000e+00   1.0000000e+00   3.0000000e+00   3.0000000e+00   3.0000000e+00   3.0000000e+00   2.0000000e+00   2.0000000e+00   2.0000000e+00   2.0000000e+00   2.0000000e+00   1.0000000e+00   3.0000000e+00   1.0000000e+00   3.0000000e+00   1.0000000e+00   1.0000000e+00   2.0000000e+00   1.0000000e+00   2.0000000e+00   1.0000000e+00   1.0000000e+00   1.0000000e+00   3.0000000e+00   3.0000000e+00   3.0000000e+00   3.0000000e+00   3.0000000e+00
   3.0000000e+00   3.0000000e+00   3.0000000e+00   3.0000000e+00   3.0000000e+00   3.0000000e+00   3.0000000e+00   3.0000000e+00   3.0000000e+00   3.0000000e+00   3.0000000e+00   3.0000000e+00   3.0000000e+00   2.0000000e+00   1.0000000e+00   2.0000000e+00   1.0000000e+00   2.0000000e+00   1.0000000e+00   1.0000000e+00   2.0000000e+00   3.0000000e+00   3.0000000e+00   3.0000000e+00   3.0000000e+00   2.0000000e+00   1.0000000e+00   1.0000000e+00   2.0000000e+00   3.0000000e+00   3.0000000e+00   3.0000000e+00   3.0000000e+00   1.0000000e+00   2.0000000e+00   1.0000000e+00   2.0000000e+00   1.0000000e+00   2.0000000e+00   2.0000000e+00   1.0000000e+00   1.0000000e+00   1.0000000e+00   2.0000000e+00   2.0000000e+00   3.0000000e+00   3.0000000e+00   3.0000000e+00   3.0000000e+00   1.0000000e+00   3.0000000e+00   3.0000000e+00   3.0000000e+00   1.0000000e+00   3.0000000e+00   1.0000000e+00   1.0000000e+00   2.0000000e+00   2.0000000e+00   2.0000000e+00   3.0000000e+00   1.0000000e+00   2.0000000e+00   2.0000000e+00   2.0000000e+00   1.0000000e+00   2.0000000e+00   2.0000000e+00   1.0000000e+00   3.0000000e+00   2.0000000e+00   1.0000000e+00   1.0000000e+00   2.0000000e+00   2.0000000e+00   1.0000000e+00   3.0000000e+00   2.0000000e+00   3.0000000e+00   3.0000000e+00   2.0000000e+00
   3.0000000e+00   3.0000000e+00   3.0000000e+00   3.0000000e+00   3.0000000e+00   3.0000000e+00   3.0000000e+00   3.0000000e+00   3.0000000e+00   3.0000000e+00   3.0000000e+00   3.0000000e+00   3.0000000e+00   2.0000000e+00   1.0000000e+00   2.0000000e+00   1.0000000e+00   2.0000000e+00   1.0000000e+00   1.0000000e+00   2.0000000e+00   2.0000000e+00   1.0000000e+00   2.0000000e+00   1.0000000e+00   3.0000000e+00   3.0000000e+00   3.0000000e+00   3.0000000e+00   1.0000000e+00   2.0000000e+00   1.0000000e+00   2.0000000e+00   3.0000000e+00   3.0000000e+00   3.0000000e+00   3.0000000e+00   2.0000000e+00   1.0000000e+00   1.0000000e+00   2.0000000e+00   2.0000000e+00   2.0000000e+00   1.0000000e+00   1.0000000e+00   3.0000000e+00   3.0000000e+00   3.0000000e+00   3.0000000e+00   1.0000000e+00   3.0000000e+00   3.0000000e+00   3.0000000e+00   2.0000000e+00   3.0000000e+00   1.0000000e+00   2.0000000e+00   2.0000000e+00   3.0000000e+00   1.0000000e+00   1.0000000e+00   3.0000000e+00   2.0000000e+00   1.0000000e+00   1.0000000e+00   3.0000000e+00   3.0000000e+00   1.0000000e+00   2.0000000e+00   1.0000000e+00   1.0000000e+00   2.0000000e+00   2.0000000e+00   1.0000000e+00   1.0000000e+00   1.0000000e+00   2.0000000e+00   2.0000000e+00   3.0000000e+00   3.0000000e+00   2.0000000e+00
   3.0000000e+00   3.0000000e+00   3.0000000e+00   1.0000000e+00   2.0000000e+00   2.0000000e+00   2.0000000e+00   1.0000000e+00   1.0000000e+00   3.0000000e+00   3.0000000e+00   3.0000000e+00   3.0000000e+00   2.0000000e+00   1.0000000e+00   2.0000000e+00   1.0000000e+00   1.0000000e+00   2.0000000e+00   2.0000000e+00   1.0000000e+00   1.0000000e+00   2.0000000e+00   1.0000000e+00   2.0000000e+00   1.0000000e+00   2.0000000e+00   2.0000000e+00   1.0000000e+00   3.0000000e+00   3.0000000e+00   3.0000000e+00   3.0000000e+00   3.0000000e+00   3.0000000e+00   3.0000000e+00   3.0000000e+00   2.0000000e+00   1.0000000e+00   2.0000000e+00   2.0000000e+00   1.0000000e+00   1.0000000e+00   1.0000000e+00   2.0000000e+00   1.0000000e+00   2.0000000e+00   2.0000000e+00   1.0000000e+00   1.0000000e+00   1.0000000e+00   2.0000000e+00   1.0000000e+00   2.0000000e+00   2.0000000e+00   2.0000000e+00   1.0000000e+00   2.0000000e+00   2.0000000e+00   1.0000000e+00   1.0000000e+00   1.0000000e+00   3.0000000e+00   3.0000000e+00   3.0000000e+00   1.0000000e+00   2.0000000e+00   2.0000000e+00   2.0000000e+00   3.0000000e+00   1.0000000e+00   2.0000000e+00   1.0000000e+00   2.0000000e+00   2.0000000e+00   3.0000000e+00   3.0000000e+00   1.0000000e+00   2.0000000e+00   1.0000000e+00   1.0000000e+00
   3.0000000e+00   1.0000000e+00   2.0000000e+00   3.0000000e+00   3.0000000e+00   1.0000000e+00   2.0000000e+00   1.0000000e+00   2.0000000e+00   3.0000000e+00   3.0000000e+00   3.0000000e+00   3.0000000e+00   2.0000000e+00   1.0000000e+00   1.0000000e+00   2.0000000e+00   2.0000000e+00   1.0000000e+00   2.0000000e+00   1.0000000e+00   2.0000000e+00   2.0000000e+00   1.0000000e+00   1.0000000e+00   2.0000000e+00   2.0000000e+00   1.0000000e+00   1.0000000e+00   3.0000000e+00   3.0000000e+00   3.0000000e+00   3.0000000e+00   3.0000000e+00   3.0000000e+00   3.0000000e+00   3.0000000e+00   2.0000000e+00   2.0000000e+00   1.0000000e+00   1.0000000e+00   1.0000000e+00   2.0000000e+00   1.0000000e+00   2.0000000e+00   2.0000000e+00   1.0000000e+00   2.0000000e+00   1.0000000e+00   1.0000000e+00   2.0000000e+00   2.0000000e+00   1.0000000e+00   2.0000000e+00   1.0000000e+00   2.0000000e+00   2.0000000e+00   1.0000000e+00   2.0000000e+00   3.0000000e+00   2.0000000e+00   2.0000000e+00   1.0000000e+00   2.0000000e+00   2.0000000e+00   1.0000000e+00   1.0000000e+00   2.0000000e+00   3.0000000e+00   1.0000000e+00   3.0000000e+00   3.0000000e+00   3.0000000e+00   3.0000000e+00   3.0000000e+00   1.0000000e+00   1.0000000e+00   1.0000000e+00   1.0000000e+00   1.0000000e+00   3.0000000e+00
   3.0000000e+00   3.0000000e+00   3.0000000e+00   3.0000000e+00   3.0000000e+00   2.0000000e+00   1.0000000e+00   2.0000000e+00   1.0000000e+00   2.0000000e+00   1.0000000e+00   1.0000000e+00   2.0000000e+00   2.0000000e+00   1.0000000e+00   1.0000000e+00   2.0000000e+00   1.0000000e+00   2.0000000e+00   1.0000000e+00   2.0000000e+00   3.0000000e+00   3.0000000e+00   3.0000000e+00   3.0000000e+00   3.0000000e+00   3.0000000e+00   3.0000000e+00   3.0000000e+00   3.0000000e+00   3.0000000e+00   3.0000000e+00   3.0000000e+00   3.0000000e+00   3.0000000e+00   3.0000000e+00   3.0000000e+00   1.0000000e+00   1.0000000e+00   2.0000000e+00   2.0000000e+00   2.0000000e+00   1.0000000e+00   2.0000000e+00   1.0000000e+00   1.0000000e+00   2.0000000e+00   1.0000000e+00   2.0000000e+00   3.0000000e+00   1.0000000e+00   1.0000000e+00   2.0000000e+00   3.0000000e+00   2.0000000e+00   3.0000000e+00   3.0000000e+00   3.0000000e+00   3.0000000e+00   1.0000000e+00   2.0000000e+00   2.0000000e+00   2.0000000e+00   1.0000000e+00   1.0000000e+00   3.0000000e+00   1.0000000e+00   3.0000000e+00   2.0000000e+00   2.0000000e+00   2.0000000e+00   1.0000000e+00   2.0000000e+00   1.0000000e+00   2.0000000e+00   2.0000000e+00   3.0000000e+00   3.0000000e+00   3.0000000e+00   3.0000000e+00   3.0000000e+00
   3.0000000e+00   3.0000000e+00   3.0000000e+00   3.0000000e+00   3.0000000e+00   3.0000000e+00   3.0000000e+00   3.0000000e+00   3.0000000e+00   3.0000000e+00   3.0000000e+00   3.0000000e+00   3.0000000e+00   1.0000000e+00   2.0000000e+00   2.0000000e+00   1.0000000e+00   1.0000000e+00   2.0000000e+00   1.0000000e+00   2.0000000e+00   3.0000000e+00   3.0000000e+00   3.0000000e+00   3.0000000e+00   1.0000000e+00   1.0000000e+00   2.0000000e+00   2.0000000e+00   3.0000000e+00   3.0000000e+00   3.0000000e+00   3.0000000e+00   1.0000000e+00   2.0000000e+00   2.0000000e+00   1.0000000e+00   2.0000000e+00   2.0000000e+00   2.0000000e+00   1.0000000e+00   2.0000000e+00   1.0000000e+00   1.0000000e+00   1.0000000e+00   3.0000000e+00   3.0000000e+00   3.0000000e+00   3.0000000e+00   2.0000000e+00   3.0000000e+00   3.0000000e+00   3.0000000e+00   2.0000000e+00   3.0000000e+00   1.0000000e+00   1.0000000e+00   2.0000000e+00   1.0000000e+00   1.0000000e+00   3.0000000e+00   1.0000000e+00   2.0000000e+00   1.0000000e+00   2.0000000e+00   2.0000000e+00   2.0000000e+00   1.0000000e+00   2.0000000e+00   3.0000000e+00   2.0000000e+00   1.0000000e+00   1.0000000e+00   2.0000000e+00   1.0000000e+00   2.0000000e+00   3.0000000e+00   2.0000000e+00   3.0000000e+00   3.0000000e+00   1.0000000e+00
   3.0000000e+00   3.0000000e+00   3.0000000e+00   3.0000000e+00   3.0000000e+00   3.0000000e+00   3.0000000e+00   3.0000000e+00   3.0000000e+00   3.0000000e+00   3.0000000e+00   3.0000000e+00   3.0000000e+00   1.0000000e+00   2.0000000e+00   2.0000000e+00   1.0000000e+00   1.0000000e+00   2.0000000e+00   1.0000000e+00   2.0000000e+00   1.0000000e+00   1.0000000e+00   2.0000000e+00   2.0000000e+00   3.0000000e+00   3.0000000e+00   3.0000000e+00   3.0000000e+00   2.0000000e+00   1.0000000e+00   1.0000000e+00   2.0000000e+00   3.0000000e+00   3.0000000e+00   3.0000000e+00   3.0000000e+00   1.0000000e+00   1.0000000e+00   1.0000000e+00   2.0000000e+00   1.0000000e+00   2.0000000e+00   2.0000000e+00   2.0000000e+00   3.0000000e+00   3.0000000e+00   3.0000000e+00   3.0000000e+00   2.0000000e+00   3.0000000e+00   3.0000000e+00   3.0000000e+00   1.0000000e+00   3.0000000e+00   1.0000000e+00   2.0000000e+00   2.0000000e+00   3.0000000e+00   2.0000000e+00   1.0000000e+00   3.0000000e+00   2.0000000e+00   2.0000000e+00   1.0000000e+00   3.0000000e+00   3.0000000e+00   2.0000000e+00   1.0000000e+00   2.0000000e+00   1.0000000e+00   2.0000000e+00   2.0000000e+00   1.0000000e+00   2.0000000e+00   2.0000000e+00   2.0000000e+00   2.0000000e+00   3.0000000e+00   3.0000000e+00   1.0000000e+00
   3.0000000e+00   1.0000000e+00   2.0000000e+00   3.0000000e+00   3.0000000e+00   1.0000000e+00   2.0000000e+00   1.0000000e+00   2.0000000e+00   2.0000000e+00   1.0000000e+00   1.0000000e+00   2.0000000e+00   1.0000000e+00   2.0000000e+00   2.0000000e+00   1.0000000e+00   2.0000000e+00   1.0000000e+00   2.0000000e+00   1.0000000e+00   3.0000000e+00   3.0000000e+00   3.0000000e+00   3.0000000e+00   3.0000000e+00   3.0000000e+00   3.0000000e+00   3.0000000e+00   2.0000000e+00   1.0000000e+00   1.0000000e+00   2.0000000e+00   1.0000000e+00   2.0000000e+00   2.0000000e+00   1.0000000e+00   1.0000000e+00   1.0000000e+00   2.0000000e+00   2.0000000e+00   2.0000000e+00   1.0000000e+00   2.0000000e+00   1.0000000e+00   2.0000000e+00   1.0000000e+00   2.0000000e+00   1.0000000e+00   2.0000000e+00   3.0000000e+00   3.0000000e+00   3.0000000e+00   1.0000000e+00   3.0000000e+00   2.0000000e+00   1.0000000e+00   2.0000000e+00   1.0000000e+00   2.0000000e+00   1.0000000e+00   1.0000000e+00   3.0000000e+00   3.0000000e+00   3.0000000e+00   2.0000000e+00   2.0000000e+00   1.0000000e+00   1.0000000e+00   3.0000000e+00   1.0000000e+00   2.0000000e+00   1.0000000e+00   2.0000000e+00   1.0000000e+00   3.0000000e+00   3.0000000e+00   1.0000000e+00   2.0000000e+00   2.0000000e+00   2.0000000e+00
   6.6993085e-01   2.6116917e-02   2.6116915e-02   2.5398007e-02   2.5397984e-02   1.4993891e-02   1.4992353e-02   1.4989942e-02   1.4985306e-02   1.3322141e-02   1.3322140e-02   1.3322140e-02   1.3322140e-02   5.9733174e-03   5.9668630e-03   5.9484181e-03   5.9401487e-03   5.4104579e-03   5.3770581e-03   5.3711141e-03   5.3628262e-03   3.0530148e-03   3.0530148e-03   3.0530060e-03   3.0530008e-03   3.0529380e-03   3.0529367e-03   3.0529358e-03   3.0529357e-03   2.9408078e-03   2.9408063e-03   2.9408056e-03   2.9407959e-03   2.9407444e-03   2.9407441e-03   2.9407427e-03   2.9407391e-03   2.3396937e-03   2.3336681e-03   2.3334154e-03   2.3319090e-03   2.3304250e-03   2.3284159e-03   2.3176831e-03   2.2973044e-03   1.4176954e-04   1.3792901e-04   1.3780505e-04   1.3752667e-04   6.5080907e-05   6.3967790e-05   6.3953339e-05   6.3880384e-05   6.0348180e-05   5.9377029e-05   5.6935547e-05   5.3169194e-05   5.1934811e-05   4.7455675e-05   4.7003614e-05   4.1339047e-05   4.1313801e-05   4.1216693e-05   4.0067381e-05   4.0047167e-05   3.9789057e-05   3.6242627e-05   3.4114224e-05   3.2922524e-05   3.1634558e-05   3.1066795e-05   3.1051272e-05   3.0835097e-05   3.0820786e-05   3.0319187e-05   2.9492138e-05   2.9359719e-05   2.6056522e-05   2.4856743e-05   2.3318327e-05   2.2584976e-05
