   3.0000000e+00   3.0000000e+00   3.0000000e+00   1.0000000e+00   2.0000000e+00   1.0000000e+00   1.0000000e+00   2.0000000e+00   2.0000000e+00   1.0000000e+00   2.0000000e+00   1.0000000e+00   2.0000000e+00   1.0000000e+00   1.0000000e+00   2.0000000e+00   2.0000000e+00   2.0000000e+00   2.0000000e+00   1.0000000e+00   1.0000000e+00   2.0000000e+00   2.0000000e+00   2.0000000e+00   2.0000000e+00   3.0000000e+00   3.0000000e+00   3.0000000e+00   3.0000000e+00   3.0000000e+00   3.0000000e+00   3.0000000e+00   3.0000000e+00   2.0000000e+00   1.0000000e+00   2.0000000e+00   1.0000000e+00   2.0000000e+00   2.0000000e+00   1.0000000e+00   1.0000000e+00   1.0000000e+00   1.0000000e+00   1.0000000e+00   1.0000000e+00   3.0000000e+00   3.0000000e+00   3.0000000e+00   3.0000000e+00   3.0000000e+00   2.0000000e+00   2.0000000e+00   3.0000000e+00   3.0000000e+00   1.0000000e+00   1.0000000e+00   2.0000000e+00   1.0000000e+00   3.0000000e+00   2.0000000e+00   2.0000000e+00   1.0000000e+00   3.0000000e+00   2.0000000e+00   2.0000000e+00
   3.0000000e+00   3.0000000e+00   3.0000000e+00   3.0000000e+00   3.0000000e+00   2.0000000e+00   2.0000000e+00   1.0000000e+00   1.0000000e+00   1.0000000e+00   2.0000000e+00   1.0000000e+00   2.0000000e+00   1.0000000e+00   1.0000000e+00   1.0000000e+00   1.0000000e+00   2.0000000e+00   2.0000000e+00   2.0000000e+00   2.0000000e+00   2.0000000e+00   2.0000000e+00   2.0000000e+00   2.0000000e+00   3.0000000e+00   3.0000000e+00   3.0000000e+00   3.0000000e+00   3.0000000e+00   3.0000000e+00   3.0000000e+00   3.0000000e+00   3.0000000e+00   3.0000000e+00   3.0000000e+00   3.0000000e+00   3.0000000e+00   3.0000000e+00   3.0000000e+00   3.0000000e+00   1.0000000e+00   1.0000000e+00   3.0000000e+00   3.0000000e+00   2.0000000e+00   2.0000000e+00   1.0000000e+00   1.0000000e+00   1.0000000e+00   3.0000000e+00   3.0000000e+00   2.0000000e+00   2.0000000e+00   2.0000000e+00   1.0000000e+00   2.0000000e+00   2.0000000e+00   1.0000000e+00   1.0000000e+00   1.0000000e+00   3.0000000e+00   1.0000000e+00   3.0000000e+00   3.0000000e+00
   3.0000000e+00   3.0000000e+00   3.0000000e+00   3.0000000e+00   3.0000000e+00   3.0000000e+00   3.0000000e+00   3.0000000e+00   3.0000000e+00   3.0000000e+00   3.0000000e+00   3.0000000e+00   3.0000000e+00   2.0000000e+00   2.0000000e+00   1.0000000e+00   1.0000000e+00   1.0000000e+00   1.0000000e+00   2.0000000e+00   2.0000000e+00   2.0000000e+00   2.0000000e+00   1.0000000e+00   1.0000000e+00   1.0000000e+00   1.0000000e+00   3.0000000e+00   3.0000000e+00   2.0000000e+00   2.0000000e+00   3.0000000e+00   3.0000000e+00   3.0000000e+00   3.0000000e+00   2.0000000e+00   1.0000000e+00   2.0000000e+00   3.0000000e+00   3.0000000e+00   1.0000000e+00   1.0000000e+00   1.0000000e+00   2.0000000e+00   2.0000000e+00   3.0000000e+00   3.0000000e+00   3.0000000e+00   3.0000000e+00   3.0000000e+00   1.0000000e+00   1.0000000e+00   3.0000000e+00   3.0000000e+00   2.0000000e+00   2.0000000e+00   1.0000000e+00   3.0000000e+00   3.0000000e+00   1.0000000e+00   3.0000000e+00   3.0000000e+00   3.0000000e+00   3.0000000e+00   1.0000000e+00
   3.0000000e+00   3.0000000e+00   3.0000000e+00   3.0000000e+00   3.0000000e+00   3.0000000e+00   3.0000000e+00   3.0000000e+00   3.0000000e+00   3.0000000e+00   3.0000000e+00   3.0000000e+00   3.0000000e+00   2.0000000e+00   2.0000000e+00   1.0000000e+00   1.0000000e+00   1.0000000e+00   1.0000000e+00   2.0000000e+00   2.0000000e+00   1.0000000e+00   1.0000000e+00   2.0000000e+00   2.0000000e+00   3.0000000e+00   3.0000000e+00   2.0000000e+00   1.0000000e+00   3.0000000e+00   3.0000000e+00   1.0000000e+00   2.0000000e+00   2.0000000e+00   1.0000000e+00   3.0000000e+00   3.0000000e+00   3.0000000e+00   2.0000000e+00   1.0000000e+00   3.0000000e+00   2.0000000e+00   2.0000000e+00   2.0000000e+00   2.0000000e+00   3.0000000e+00   3.0000000e+00   3.0000000e+00   3.0000000e+00   3.0000000e+00   1.0000000e+00   1.0000000e+00   3.0000000e+00   3.0000000e+00   1.0000000e+00   3.0000000e+00   3.0000000e+00   2.0000000e+00   3.0000000e+00   2.0000000e+00   1.0000000e+00   3.0000000e+00   1.0000000e+00   1.0000000e+00   1.0000000e+00
   3.0000000e+00   3.0000000e+00   3.0000000e+00   1.0000000e+00   2.0000000e+00   1.0000000e+00   1.0000000e+00   2.0000000e+00   2.0000000e+00   3.0000000e+00   3.0000000e+00   3.0000000e+00   3.0000000e+00   2.0000000e+00   2.0000000e+00   2.0000000e+00   2.0000000e+00   1.0000000e+00   1.0000000e+00   1.0000000e+00   1.0000000e+00   1.0000000e+00   1.0000000e+00   1.0000000e+00   1.0000000e+00   2.0000000e+00   2.0000000e+00   1.0000000e+00   2.0000000e+00   1.0000000e+00   1.0000000e+00   2.0000000e+00   1.0000000e+00   3.0000000e+00   3.0000000e+00   3.0000000e+00   3.0000000e+00   3.0000000e+00   3.0000000e+00   3.0000000e+00   3.0000000e+00   2.0000000e+00   2.0000000e+00   2.0000000e+00   2.0000000e+00   1.0000000e+00   1.0000000e+00   2.0000000e+00   2.0000000e+00   2.0000000e+00   1.0000000e+00   1.0000000e+00   1.0000000e+00   1.0000000e+00   3.0000000e+00   2.0000000e+00   1.0000000e+00   3.0000000e+00   2.0000000e+00   3.0000000e+00   3.0000000e+00   2.0000000e+00   2.0000000e+00   3.0000000e+00   3.0000000e+00
   3.0000000e+00   2.0000000e+00   1.0000000e+00   3.0000000e+00   3.0000000e+00   1.0000000e+00   2.0000000e+00   1.0000000e+00   2.0000000e+00   3.0000000e+00   3.0000000e+00   3.0000000e+00   3.0000000e+00   1.0000000e+00   2.0000000e+00   2.0000000e+00   1.0000000e+00   1.0000000e+00   2.0000000e+00   2.0000000e+00   1.0000000e+00   2.0000000e+00   1.0000000e+00   2.0000000e+00   1.0000000e+00   2.0000000e+00   1.0000000e+00   2.0000000e+00   1.0000000e+00   1.0000000e+00   2.0000000e+00   2.0000000e+00   1.0000000e+00   3.0000000e+00   3.0000000e+00   3.0000000e+00   3.0000000e+00   3.0000000e+00   3.0000000e+00   3.0000000e+00   3.0000000e+00   2.0000000e+00   1.0000000e+00   2.0000000e+00   1.0000000e+00   3.0000000e+00   3.0000000e+00   3.0000000e+00   2.0000000e+00   1.0000000e+00   2.0000000e+00   1.0000000e+00   2.0000000e+00   1.0000000e+00   2.0000000e+00   2.0000000e+00   1.0000000e+00   1.0000000e+00   3.0000000e+00   2.0000000e+00   1.0000000e+00   1.0000000e+00   3.0000000e+00   2.0000000e+00   1.0000000e+00
   3.0000000e+00   3.0000000e+00   3.0000000e+00   3.0000000e+00   3.0000000e+00   2.0000000e+00   1.0000000e+00   2.0000000e+00   1.0000000e+00   1.0000000e+00   1.0000000e+00   2.0000000e+00   2.0000000e+00   1.0000000e+00   2.0000000e+00   1.0000000e+00   2.0000000e+00   1.0000000e+00   2.0000000e+00   1.0000000e+00   2.0000000e+00   2.0000000e+00   1.0000000e+00   2.0000000e+00   1.0000000e+00   3.0000000e+00   3.0000000e+00   3.0000000e+00   3.0000000e+00   3.0000000e+00   3.0000000e+00   3.0000000e+00   3.0000000e+00   3.0000000e+00   3.0000000e+00   3.0000000e+00   3.0000000e+00   3.0000000e+00   3.0000000e+00   3.0000000e+00   3.0000000e+00   2.0000000e+00   1.0000000e+00   3.0000000e+00   3.0000000e+00   1.0000000e+00   2.0000000e+00   1.0000000e+00   1.0000000e+00   2.0000000e+00   3.0000000e+00   3.0000000e+00   1.0000000e+00   2.0000000e+00   1.0000000e+00   2.0000000e+00   1.0000000e+00   2.0000000e+00   2.0000000e+00   1.0000000e+00   2.0000000e+00   3.0000000e+00   2.0000000e+00   3.0000000e+00   3.0000000e+00
   3.0000000e+00   3.0000000e+00   3.0000000e+00   3.0000000e+00   3.0000000e+00   3.0000000e+00   3.0000000e+00   3.0000000e+00   3.0000000e+00   3.0000000e+00   3.0000000e+00   3.0000000e+00   3.0000000e+00   2.0000000e+00   1.0000000e+00   1.0000000e+00   2.0000000e+00   2.0000000e+00   1.0000000e+00   1.0000000e+00   2.0000000e+00   2.0000000e+00   1.0000000e+00   1.0000000e+00   2.0000000e+00   1.0000000e+00   2.0000000e+00   3.0000000e+00   3.0000000e+00   2.0000000e+00   1.0000000e+00   3.0000000e+00   3.0000000e+00   3.0000000e+00   3.0000000e+00   1.0000000e+00   1.0000000e+00   2.0000000e+00   3.0000000e+00   3.0000000e+00   2.0000000e+00   2.0000000e+00   1.0000000e+00   1.0000000e+00   2.0000000e+00   3.0000000e+00   3.0000000e+00   3.0000000e+00   3.0000000e+00   3.0000000e+00   1.0000000e+00   2.0000000e+00   3.0000000e+00   3.0000000e+00   1.0000000e+00   1.0000000e+00   2.0000000e+00   3.0000000e+00   3.0000000e+00   1.0000000e+00   3.0000000e+00   3.0000000e+00   3.0000000e+00   3.0000000e+00   2.0000000e+00
   3.0000000e+00   3.0000000e+00   3.0000000e+00   3.0000000e+00   3.0000000e+00   3.0000000e+00   3.0000000e+00   3.0000000e+00   3.0000000e+00   3.0000000e+00   3.0000000e+00   3.0000000e+00   3.0000000e+00   2.0000000e+00   1.0000000e+00   1.0000000e+00   2.0000000e+00   2.0000000e+00   1.0000000e+00   1.0000000e+00   2.0000000e+00   1.0000000e+00   2.0000000e+00   2.0000000e+00   1.0000000e+00   3.0000000e+00   3.0000000e+00   1.0000000e+00   2.0000000e+00   3.0000000e+00   3.0000000e+00   1.0000000e+00   2.0000000e+00   1.0000000e+00   1.0000000e+00   3.0000000e+00   3.0000000e+00   3.0000000e+00   2.0000000e+00   2.0000000e+00   3.0000000e+00   1.0000000e+00   2.0000000e+00   1.0000000e+00   2.0000000e+00   3.0000000e+00   3.0000000e+00   3.0000000e+00   3.0000000e+00   3.0000000e+00   1.0000000e+00   2.0000000e+00   3.0000000e+00   3.0000000e+00   2.0000000e+00   3.0000000e+00   3.0000000e+00   2.0000000e+00   3.0000000e+00   2.0000000e+00   2.0000000e+00   3.0000000e+00   2.0000000e+00   1.0000000e+00   2.0000000e+00
   3.0000000e+00   2.0000000e+00   1.0000000e+00   3.0000000e+00   3.0000000e+00   1.0000000e+00   2.0000000e+00   1.0000000e+00   2.0000000e+00   1.0000000e+00   1.0000000e+00   2.0000000e+00   2.0000000e+00   2.0000000e+00   1.0000000e+00   2.0000000e+00   1.0000000e+00   2.0000000e+00   1.0000000e+00   2.0000000e+00   1.0000000e+00   1.0000000e+00   2.0000000e+00   1.0000000e+00   2.0000000e+00   3.0000000e+00   3.0000000e+00   3.0000000e+00   3.0000000e+00   3.0000000e+00   3.0000000e+00   3.0000000e+00   3.0000000e+00   1.0000000e+00   1.0000000e+00   1.0000000e+00   1.0000000e+00   2.0000000e+00   2.0000000e+00   2.0000000e+00   2.0000000e+00   1.0000000e+00   2.0000000e+00   1.0000000e+00   2.0000000e+00   2.0000000e+00   1.0000000e+00   2.0000000e+00   3.0000000e+00   3.0000000e+00   1.0000000e+00   2.0000000e+00   3.0000000e+00   3.0000000e+00   3.0000000e+00   1.0000000e+00   2.0000000e+00   3.0000000e+00   1.0000000e+00   3.0000000e+00   3.0000000e+00   2.0000000e+00   1.0000000e+00   3.0000000e+00   3.0000000e+00
   6.8870972e-01   2.9340968e-02   2.9340967e-02   2.8750485e-02   2.8750469e-02   1.4098204e-02   1.4092360e-02   1.3372990e-02   1.3369547e-02   1.1638496e-02   1.1638419e-02   1.1638318e-02   1.1638305e-02   9.2701200e-03   9.2241864e-03   6.0335444e-03   6.0183867e-03   4.2947990e-03   4.2818986e-03   3.8994553e-03   3.8905434e-03   3.5355790e-03   3.5121651e-03   3.0814041e-03   3.0668692e-03   1.9945642e-03   1.9944393e-03   1.9944045e-03   1.9944002e-03   1.9943954e-03   1.9943952e-03   1.9943835e-03   1.9943497e-03   1.9278069e-03   1.9277964e-03   1.9277964e-03   1.9277664e-03   1.9277304e-03   1.9277126e-03   1.9276944e-03   1.9276910e-03   7.6153431e-04   7.2505626e-04   5.4845310e-05   5.0932733e-05   3.8973134e-05   3.8955406e-05   3.8411656e-05   3.4564823e-05   3.4532967e-05   3.4531163e-05   3.0038716e-05   2.9211735e-05   2.9195479e-05   2.8279889e-05   2.6670921e-05   2.4274974e-05   2.2468887e-05   2.1791460e-05   2.1566512e-05   1.9749450e-05   1.9138364e-05   1.7429701e-05   1.6802340e-05   1.5517982e-05
