-0.9655380097421997 0 0 0 0 0 0 0 0
-0.02012022518951351 1 1 2 1 0 2 3 0
-0.039937783195134254 1 1 2 1 0 3 3 0
0.02012022518951351 1 1 2 2 0 1 3 0
-0.021285561666536088 1 1 3 1 0 2 1 0
0.008791591389418546 1 1 3 1 0 3 1 0
0.021285561666536088 1 1 3 2 0 1 1 0
-0.029181003134766733 1 2 1 1 2 0 3 2
0.029181003134766733 1 2 1 2 2 0 3 1
-0.039937783195134254 1 2 2 2 3 0 3 0
0.008791591389418546 1 2 3 2 3 0 1 0
-0.035435395320039025 1 3 1 1 2 2 0 3
-0.02012022518951351 1 3 1 1 2 3 0 3
-0.007895441468230641 1 3 1 1 3 2 0 2
0.008145697018978366 1 3 1 1 3 3 0 2
0.035435395320039025 1 3 1 2 2 1 0 3
0.019137651253962107 1 3 1 2 3 1 0 2
-0.011242209785731469 1 3 1 2 3 2 0 1
-0.008145697018978366 1 3 1 2 3 3 0 1
0.035435395320039025 1 3 2 1 1 2 0 0
0.02012022518951351 1 3 2 1 1 3 0 0
-0.035435395320039025 1 3 2 2 1 1 0 0
-0.0036999840824594628 1 0 1 1 3 0 0 2
-0.019137651253962107 1 0 1 1 0 1 0 1
-0.011242209785731469 1 0 1 1 0 2 0 2
0.017366419316074744 1 0 1 1 0 3 0 2
0.018008467666202142 1 0 1 1 0 0 3 2
-0.00959797615230931 1 0 1 1 0 0 0 2
0.02012022518951351 1 0 1 2 1 0 0 3
0.0036999840824594628 1 0 1 2 3 0 0 1
-0.007895441468230641 1 0 1 2 0 2 0 1
-0.017366419316074744 1 0 1 2 0 3 0 1
-0.018008467666202142 1 0 1 2 0 0 3 1
0.00959797615230931 1 0 1 2 0 0 0 1
-0.0030047600744509692 1 0 2 1 0 0 0 1
0.02012022518951351 1 0 2 2 2 0 0 0
-0.0030047600744509692 1 0 2 2 0 0 0 2
0.029181003134766733 2 1 2 1 1 0 0 2
-0.029181003134766733 2 1 2 2 1 0 0 1
0.039937783195134254 2 1 2 2 3 0 0 3
-0.008791591389418546 2 1 0 2 3 0 1 0
-0.02012022518951351 2 2 2 1 0 2 0 3
-0.039937783195134254 2 2 2 1 0 3 0 3
0.02012022518951351 2 2 2 2 0 1 0 3
-0.021285561666536088 2 2 0 1 0 2 1 0
0.008791591389418546 2 2 0 1 0 3 1 0
0.021285561666536088 2 2 0 2 0 1 1 0
-0.016937288408396915 2 3 2 1 0 0 3 2
0.016937288408396915 2 3 2 2 0 0 3 1
-0.030168455187625485 2 3 3 1 0 0 1 2
0.030168455187625485 2 3 3 2 0 0 1 1
0.030168455187625485 2 3 0 1 0 0 2 1
-0.040423212920498205 2 3 0 2 1 0 1 0
-0.040423212920498205 2 3 0 2 2 0 2 0
0.030168455187625485 2 3 0 2 0 0 2 2
-0.021066403398534203 2 0 0 1 1 2 2 0
-0.040423212920498205 2 0 0 1 1 3 2 0
0.021066403398534203 2 0 0 1 2 2 1 0
0.040423212920498205 2 0 0 1 2 3 1 0
0.021066403398534203 2 0 0 2 1 1 2 0
-0.021066403398534203 2 0 0 2 2 1 1 0
-0.007895441468230641 3 1 1 0 2 0 1 3
-0.028200109740585448 3 1 1 0 3 0 1 2
0.019137651253962107 3 1 2 0 1 0 1 0
0.011242209785731469 3 1 2 0 2 0 2 0
0.004169886942531689 3 1 3 3 1 0 0 0
-0.006360658066386464 3 1 3 0 1 0 0 0
-0.02934427797804296 3 1 3 0 1 2 0 0
0.0034779768172509525 3 1 3 0 1 3 0 0
-0.008286895937765796 3 1 3 0 1 0 3 0
-0.01693495258454089 3 1 3 0 1 0 0 3
-0.008791591389418546 3 1 3 0 3 0 0 1
-0.015950338246981822 3 1 0 0 1 0 0 3
0.008648056646775093 3 2 1 0 0 1 1 2
-0.008648056646775093 3 2 1 0 0 2 1 1
0.028200109740585448 3 2 1 0 0 3 1 1
-0.02934427797804296 3 2 3 0 2 2 0 0
0.016322187989642002 3 2 3 0 2 3 0 0
0.040423212920498205 3 2 3 0 0 1 0 1
0.040423212920498205 3 2 3 0 0 2 0 2
-0.008791591389418546 3 2 3 0 0 3 0 2
-0.0030047600744509692 3 3 1 3 0 0 2 3
-0.008648056646775093 3 3 1 0 1 0 1 2
-0.008648056646775093 3 3 1 0 2 0 2 2
0.017366419316074744 3 3 1 0 3 0 2 3
0.029181003134766733 3 3 1 0 0 2 2 3
-0.0036999840824594628 3 3 1 0 0 3 2 3
0.018008467666202142 3 3 1 0 0 0 2 0
-0.00959797615230931 3 3 1 0 0 0 2 3
0.0030047600744509692 3 3 2 3 0 0 1 0
-0.017366419316074744 3 3 2 0 3 0 1 0
-0.029181003134766733 3 3 2 0 0 2 1 0
0.0036999840824594628 3 3 2 0 0 3 1 0
0.00959797615230931 3 3 2 0 0 0 1 0
-0.018008467666202142 3 3 2 0 0 0 1 3
0.07355932067771417 3 3 3 0 0 0 0 0
0.08738873277745507 3 3 3 3 0 0 3 0
0.059108721256192785 3 3 3 0 3 0 3 0
0.016322187989642002 3 3 3 0 0 2 3 0
0.08845299923423575 3 3 3 0 0 3 3 0
0.11024167680167964 3 3 3 0 0 0 3 0
0.10175943041829963 3 3 3 0 0 0 3 3
0.04745094958232082 3 3 0 0 0 0 3 3
-0.0426180633108676 3 0 1 0 1 1 2 2
0.0426180633108676 3 0 1 0 1 2 2 1
-0.008648056646775093 3 0 1 0 1 3 2 1
0.0426180633108676 3 0 1 0 2 1 1 2
-0.0426180633108676 3 0 1 0 2 2 1 1
0.008648056646775093 3 0 1 0 2 3 1 1
-0.029181003134766733 3 0 1 0 3 2 2 3
0.016937288408396915 3 0 1 0 3 3 2 3
0.029181003134766733 3 0 2 0 3 2 1 0
-0.016937288408396915 3 0 2 0 3 3 1 0
-0.016322187989642002 3 0 3 0 3 2 3 0
0.09794902395138691 3 0 3 0 3 3 3 0
-0.008648056646775093 0 1 2 0 0 1 1 2
0.008648056646775093 0 1 2 0 0 2 1 1
-0.028200109740585448 0 1 2 0 0 3 1 1
-0.040423212920498205 0 1 3 0 0 1 3 2
0.040423212920498205 0 1 3 0 0 2 3 1
-0.008791591389418546 0 1 3 0 0 3 3 1
-0.02934427797804296 0 1 0 0 1 2 3 0
0.016322187989642002 0 1 0 0 1 3 3 0
-0.007895441468230641 0 2 1 0 1 0 1 0
0.011242209785731469 0 2 2 0 1 0 2 3
-0.019137651253962107 0 2 2 0 2 0 1 3
-0.028200109740585448 0 2 2 0 3 0 1 2
-0.015950338246981822 0 2 3 0 2 0 3 3
-0.008791591389418546 0 2 3 0 3 0 3 2
0.004169886942531689 0 2 0 3 2 0 3 0
-0.008286895937765796 0 2 0 0 2 0 0 0
-0.02934427797804296 0 2 0 0 2 2 3 0
0.0034779768172509525 0 2 0 0 2 3 3 0
-0.006360658066386464 0 2 0 0 2 0 3 0
-0.01693495258454089 0 2 0 0 2 0 3 3
0.021066403398534203 0 3 3 0 1 1 0 2
-0.021066403398534203 0 3 3 0 1 2 0 1
-0.021285561666536088 0 3 3 0 1 3 0 1
0.004169886942531689 0 3 3 0 3 2 0 3
0.08738873277745507 0 3 3 0 3 3 0 3
-0.015950338246981822 0 3 0 3 3 2 0 0
0.04745094958232082 0 3 0 3 3 3 0 0
-0.021066403398534203 0 3 0 0 2 1 0 1
-0.021066403398534203 0 3 0 0 2 2 0 2
-0.021285561666536088 0 3 0 0 2 3 0 2
0.059108721256192785 0 3 0 0 3 0 0 0
-0.006360658066386457 0 3 0 0 3 2 0 0
-0.01693495258454089 0 3 0 0 3 2 3 0
-0.008286895937765796 0 3 0 0 3 2 0 3
0.11024167680167957 0 3 0 0 3 3 0 0
0.10175943041829963 0 3 0 0 3 3 3 0
0.07355932067771417 0 3 0 0 3 3 0 3
0.0034779768172509525 0 3 0 0 0 2 0 0
0.08845299923423575 0 3 0 0 0 3 0 0
-0.008145697018978366 0 0 1 0 0 0 2 0
0.008145697018978366 0 0 2 0 0 0 1 3
0.09136033434638076 0 0 3 0 0 0 0 0
0.09137093781530217 0 0 3 3 0 0 0 3
-0.021285561666536088 0 0 3 0 2 0 0 2
0.05618837740385066 0 0 3 0 3 0 0 3
-0.004169886942531689 0 0 3 0 0 2 0 3
0.09162377272388969 0 0 3 0 0 3 0 3
0.06119187915875528 0 0 3 0 0 0 3 3
0.06786133332397819 0 0 3 0 0 0 0 3
0.06786133332397819 0 0 0 3 0 0 0 0
0.09162377272388969 0 0 0 3 3 0 0 0
0.015950338246981822 0 0 0 3 0 2 0 0
0.05618837740385066 0 0 0 3 0 3 0 0
0.09136033434638076 0 0 0 3 0 0 3 0
0.06119187915875528 0 0 0 3 0 0 0 3
-0.021285561666536088 0 0 0 0 1 0 0 1
0.0006268744556955155 0 0 0 0 3 0 0 0
-0.0034779768172509525 0 0 0 0 3 2 0 0
0.09413578159110082 0 0 0 0 3 3 0 0
0.05048659931892809 0 0 0 0 3 0 3 0
0.0931046626297957 0 0 0 0 3 0 0 3
0.006360658066386457 0 0 0 0 0 2 0 0
0.01693495258454089 0 0 0 0 0 2 3 0
0.008286895937765796 0 0 0 0 0 2 0 3
0.0006268744556955294 0 0 0 0 0 3 0 0
0.0931046626297957 0 0 0 0 0 3 3 0
0.05048659931892809 0 0 0 0 0 3 0 3
-0.07694306596476663 0 0 0 0 0 0 3 0
0.10834534967060006 0 0 0 0 0 0 3 3
-0.07694306596476674 0 0 0 0 0 0 0 3
