-1.0235013247099687 0 0 0 0 0 0 0 0
-0.018771368897623528 1 1 2 1 0 2 3 0
-0.04046672990738066 1 1 2 1 0 3 3 0
0.018771368897623528 1 1 2 2 0 1 3 0
0.02371260167458078 1 1 3 1 0 2 1 0
-0.008229452192292805 1 1 3 1 0 3 1 0
-0.02371260167458078 1 1 3 2 0 1 1 0
0.030739580329508354 1 2 1 1 2 0 3 2
-0.030739580329508354 1 2 1 2 2 0 3 1
-0.04046672990738066 1 2 2 2 3 0 3 0
-0.008229452192292805 1 2 3 2 3 0 1 0
-0.035947072910081174 1 3 1 1 2 2 0 3
-0.018771368897623528 1 3 1 1 2 3 0 3
0.007026978654927574 1 3 1 1 3 2 0 2
-0.007714286737367161 1 3 1 1 3 3 0 2
0.035947072910081174 1 3 1 2 2 1 0 3
-0.017539610933225584 1 3 1 2 3 1 0 2
0.01051263227829801 1 3 1 2 3 2 0 1
0.007714286737367161 1 3 1 2 3 3 0 1
0.035947072910081174 1 3 2 1 1 2 0 0
0.018771368897623528 1 3 2 1 1 3 0 0
-0.035947072910081174 1 3 2 2 1 1 0 0
0.0042204582015480975 1 0 1 1 3 0 0 2
0.017539610933225584 1 0 1 1 0 1 0 1
0.01051263227829801 1 0 1 1 0 2 0 2
-0.01543978128836111 1 0 1 1 0 3 0 2
-0.01683005006847817 1 0 1 1 0 0 3 2
0.007930343891202715 1 0 1 1 0 0 0 2
0.018771368897623528 1 0 1 2 1 0 0 3
-0.0042204582015480975 1 0 1 2 3 0 0 1
0.007026978654927574 1 0 1 2 0 2 0 1
0.01543978128836111 1 0 1 2 0 3 0 1
0.01683005006847817 1 0 1 2 0 0 3 1
-0.007930343891202715 1 0 1 2 0 0 0 1
0.003537042632900806 1 0 2 1 0 0 0 1
0.018771368897623528 1 0 2 2 2 0 0 0
0.003537042632900806 1 0 2 2 0 0 0 2
-0.030739580329508354 2 1 2 1 1 0 0 2
0.030739580329508354 2 1 2 2 1 0 0 1
0.04046672990738066 2 1 2 2 3 0 0 3
0.008229452192292805 2 1 0 2 3 0 1 0
-0.018771368897623528 2 2 2 1 0 2 0 3
-0.04046672990738066 2 2 2 1 0 3 0 3
0.018771368897623528 2 2 2 2 0 1 0 3
0.02371260167458078 2 2 0 1 0 2 1 0
-0.008229452192292805 2 2 0 1 0 3 1 0
-0.02371260167458078 2 2 0 2 0 1 1 0
0.015943738929659966 2 3 2 1 0 0 3 2
-0.015943738929659966 2 3 2 2 0 0 3 1
-0.031597887126717905 2 3 3 1 0 0 1 2
0.031597887126717905 2 3 3 2 0 0 1 1
0.031597887126717905 2 3 0 1 0 0 2 1
0.041252212607806364 2 3 0 2 1 0 1 0
0.041252212607806364 2 3 0 2 2 0 2 0
0.031597887126717905 2 3 0 2 0 0 2 2
0.019660239489909206 2 0 0 1 1 2 2 0
0.041252212607806364 2 0 0 1 1 3 2 0
-0.019660239489909206 2 0 0 1 2 2 1 0
-0.041252212607806364 2 0 0 1 2 3 1 0
-0.019660239489909206 2 0 0 2 1 1 2 0
0.019660239489909206 2 0 0 2 2 1 1 0
0.007026978654927574 3 1 1 0 2 0 1 3
-0.029572005835925477 3 1 1 0 3 0 1 2
-0.017539610933225584 3 1 2 0 1 0 1 0
-0.01051263227829801 3 1 2 0 2 0 2 0
0.004348966691663178 3 1 3 3 1 0 0 0
-0.005893884959111376 3 1 3 0 1 0 0 0
-0.030594920475684025 3 1 3 0 1 2 0 0
0.004167076727801838 3 1 3 0 1 3 0 0
-0.007777038969940219 3 1 3 0 1 0 3 0
-0.01592210305217594 3 1 3 0 1 0 0 3
0.008229452192292807 3 1 3 0 3 0 0 1
-0.014422402205960347 3 1 0 0 1 0 0 3
0.008145064082235724 3 2 1 0 0 1 1 2
-0.008145064082235724 3 2 1 0 0 2 1 1
0.029572005835925477 3 2 1 0 0 3 1 1
-0.030594920475684025 3 2 3 0 2 2 0 0
0.015350385419245282 3 2 3 0 2 3 0 0
-0.041252212607806364 3 2 3 0 0 1 0 1
-0.041252212607806364 3 2 3 0 0 2 0 2
0.008229452192292807 3 2 3 0 0 3 0 2
0.003537042632900806 3 3 1 3 0 0 2 3
-0.008145064082235724 3 3 1 0 1 0 1 2
-0.008145064082235724 3 3 1 0 2 0 2 2
-0.01543978128836111 3 3 1 0 3 0 2 3
-0.030739580329508354 3 3 1 0 0 2 2 3
0.0042204582015480975 3 3 1 0 0 3 2 3
-0.01683005006847817 3 3 1 0 0 0 2 0
0.007930343891202708 3 3 1 0 0 0 2 3
-0.003537042632900806 3 3 2 3 0 0 1 0
0.01543978128836111 3 3 2 0 3 0 1 0
0.030739580329508354 3 3 2 0 0 2 1 0
-0.0042204582015480975 3 3 2 0 0 3 1 0
-0.007930343891202708 3 3 2 0 0 0 1 0
0.01683005006847817 3 3 2 0 0 0 1 3
0.06603103674613624 3 3 3 0 0 0 0 0
0.08310572826072704 3 3 3 3 0 0 3 0
0.05340334130626153 3 3 3 0 3 0 3 0
0.015350385419245282 3 3 3 0 0 2 3 0
0.08399826178194555 3 3 3 0 0 3 3 0
0.09447900435888652 3 3 3 0 0 0 3 0
0.09560304258206172 3 3 3 0 0 0 3 3
0.04263899835334639 3 3 0 0 0 0 3 3
-0.043156988659876556 3 0 1 0 1 1 2 2
0.043156988659876556 3 0 1 0 1 2 2 1
-0.008145064082235724 3 0 1 0 1 3 2 1
0.043156988659876556 3 0 1 0 2 1 1 2
-0.043156988659876556 3 0 1 0 2 2 1 1
0.008145064082235724 3 0 1 0 2 3 1 1
0.030739580329508354 3 0 1 0 3 2 2 3
-0.015943738929659966 3 0 1 0 3 3 2 3
-0.030739580329508354 3 0 2 0 3 2 1 0
0.015943738929659966 3 0 2 0 3 3 1 0
-0.015350385419245282 3 0 3 0 3 2 3 0
0.09227775046834075 3 0 3 0 3 3 3 0
-0.008145064082235724 0 1 2 0 0 1 1 2
0.008145064082235724 0 1 2 0 0 2 1 1
-0.029572005835925477 0 1 2 0 0 3 1 1
0.041252212607806364 0 1 3 0 0 1 3 2
-0.041252212607806364 0 1 3 0 0 2 3 1
0.008229452192292807 0 1 3 0 0 3 3 1
-0.030594920475684025 0 1 0 0 1 2 3 0
0.015350385419245282 0 1 0 0 1 3 3 0
0.007026978654927574 0 2 1 0 1 0 1 0
-0.01051263227829801 0 2 2 0 1 0 2 3
0.017539610933225584 0 2 2 0 2 0 1 3
-0.029572005835925477 0 2 2 0 3 0 1 2
-0.014422402205960347 0 2 3 0 2 0 3 3
0.008229452192292807 0 2 3 0 3 0 3 2
0.004348966691663178 0 2 0 3 2 0 3 0
-0.007777038969940219 0 2 0 0 2 0 0 0
-0.030594920475684025 0 2 0 0 2 2 3 0
0.004167076727801838 0 2 0 0 2 3 3 0
-0.005893884959111376 0 2 0 0 2 0 3 0
-0.01592210305217594 0 2 0 0 2 0 3 3
-0.019660239489909206 0 3 3 0 1 1 0 2
0.019660239489909206 0 3 3 0 1 2 0 1
0.02371260167458078 0 3 3 0 1 3 0 1
0.004348966691663178 0 3 3 0 3 2 0 3
0.08310572826072704 0 3 3 0 3 3 0 3
-0.014422402205960347 0 3 0 3 3 2 0 0
0.04263899835334639 0 3 0 3 3 3 0 0
0.019660239489909206 0 3 0 0 2 1 0 1
0.019660239489909206 0 3 0 0 2 2 0 2
0.02371260167458078 0 3 0 0 2 3 0 2
0.05340334130626153 0 3 0 0 3 0 0 0
-0.005893884959111361 0 3 0 0 3 2 0 0
-0.01592210305217594 0 3 0 0 3 2 3 0
-0.007777038969940219 0 3 0 0 3 2 0 3
0.09447900435888654 0 3 0 0 3 3 0 0
0.09560304258206172 0 3 0 0 3 3 3 0
0.06603103674613624 0 3 0 0 3 3 0 3
0.004167076727801838 0 3 0 0 0 2 0 0
0.08399826178194555 0 3 0 0 0 3 0 0
0.007714286737367161 0 0 1 0 0 0 2 0
-0.007714286737367161 0 0 2 0 0 0 1 3
0.08647091901445206 0 0 3 0 0 0 0 0
0.08679837056564049 0 0 3 3 0 0 0 3
0.02371260167458078 0 0 3 0 2 0 0 2
0.05138602391379353 0 0 3 0 3 0 0 3
-0.004348966691663178 0 0 3 0 0 2 0 3
0.08733309682387472 0 0 3 0 0 3 0 3
0.05487303188773415 0 0 3 0 0 0 3 3
0.0616253162308224 0 0 3 0 0 0 0 3
0.0616253162308224 0 0 0 3 0 0 0 0
0.08733309682387472 0 0 0 3 3 0 0 0
0.014422402205960347 0 0 0 3 0 2 0 0
0.05138602391379353 0 0 0 3 0 3 0 0
0.08647091901445206 0 0 0 3 0 0 3 0
0.05487303188773415 0 0 0 3 0 0 0 3
0.02371260167458078 0 0 0 0 1 0 0 1
0.012068475187454152 0 0 0 0 3 0 0 0
-0.004167076727801838 0 0 0 0 3 2 0 0
0.08935053313656731 0 0 0 0 3 3 0 0
0.04467621393026467 0 0 0 0 3 0 3 0
0.08783320259014124 0 0 0 0 3 0 0 3
0.005893884959111361 0 0 0 0 0 2 0 0
0.01592210305217594 0 0 0 0 0 2 3 0
0.007777038969940219 0 0 0 0 0 2 0 3
0.012068475187454138 0 0 0 0 0 3 0 0
0.08783320259014124 0 0 0 0 0 3 3 0
0.04467621393026467 0 0 0 0 0 3 0 3
-0.04138557903534199 0 0 0 0 0 0 3 0
0.10073958007430212 0 0 0 0 0 0 3 3
-0.04138557903534202 0 0 0 0 0 0 0 3
