-0.33147781341681287 0 0 0 0 0 0 0 0
-0.02450023853287258 1 1 2 1 0 2 3 0
-0.039345513560407476 1 1 2 1 0 3 3 0
0.02450023853287258 1 1 2 2 0 1 3 0
-0.01324013991721502 1 1 3 1 0 2 1 0
0.010770994389681838 1 1 3 1 0 3 1 0
0.01324013991721502 1 1 3 2 0 1 1 0
-0.024628245729684008 1 2 1 1 2 0 3 2
0.024628245729684008 1 2 1 2 2 0 3 1
-0.039345513560407476 1 2 2 2 3 0 3 0
0.010770994389681838 1 2 3 2 3 0 1 0
-0.034320677680535476 1 3 1 1 2 2 0 3
-0.02450023853287258 1 3 1 1 2 3 0 3
-0.01138810581246899 1 3 1 1 3 2 0 2
0.010290902970907645 1 3 1 1 3 3 0 2
0.034320677680535476 1 3 1 2 2 1 0 3
0.024418228025864706 1 3 1 2 3 1 0 2
-0.013030122213395716 1 3 1 2 3 2 0 1
-0.010290902970907645 1 3 1 2 3 3 0 1
0.034320677680535476 1 3 2 1 1 2 0 0
0.02450023853287258 1 3 2 1 1 3 0 0
-0.034320677680535476 1 3 2 2 1 1 0 0
0.0007036277600325107 1 0 1 1 3 0 0 2
-0.024418228025864706 1 0 1 1 0 1 0 1
-0.013030122213395716 1 0 1 1 0 2 0 2
0.025545241514434658 1 0 1 1 0 3 0 2
0.023384504139548255 1 0 1 1 0 0 3 2
-0.01726656072492454 1 0 1 1 0 0 0 2
0.02450023853287258 1 0 1 2 1 0 0 3
-0.0007036277600325107 1 0 1 2 3 0 0 1
-0.01138810581246899 1 0 1 2 0 2 0 1
-0.025545241514434658 1 0 1 2 0 3 0 1
-0.023384504139548255 1 0 1 2 0 0 3 1
0.01726656072492454 1 0 1 2 0 0 0 1
0.0010141239253516324 1 0 2 1 0 0 0 1
0.02450023853287258 1 0 2 2 2 0 0 0
0.0010141239253516324 1 0 2 2 0 0 0 2
0.024628245729684008 2 1 2 1 1 0 0 2
-0.024628245729684008 2 1 2 2 1 0 0 1
0.039345513560407476 2 1 2 2 3 0 0 3
-0.010770994389681838 2 1 0 2 3 0 1 0
-0.02450023853287258 2 2 2 1 0 2 0 3
-0.039345513560407476 2 2 2 1 0 3 0 3
0.02450023853287258 2 2 2 2 0 1 0 3
-0.01324013991721502 2 2 0 1 0 2 1 0
0.010770994389681838 2 2 0 1 0 3 1 0
0.01324013991721502 2 2 0 2 0 1 1 0
-0.021061897360589485 2 3 2 1 0 0 3 2
0.021061897360589485 2 3 2 2 0 0 3 1
-0.026161331757792998 2 3 3 1 0 0 1 2
0.026161331757792998 2 3 3 2 0 0 1 1
0.026161331757792998 2 3 0 1 0 0 2 1
-0.037658367943079724 2 3 0 2 1 0 1 0
-0.037658367943079724 2 3 0 2 2 0 2 0
0.026161331757792998 2 3 0 2 0 0 2 2
-0.024841613754402147 2 0 0 1 1 2 2 0
-0.037658367943079724 2 0 0 1 1 3 2 0
0.024841613754402147 2 0 0 1 2 2 1 0
0.037658367943079724 2 0 0 1 2 3 1 0
0.024841613754402147 2 0 0 2 1 1 2 0
-0.024841613754402147 2 0 0 2 2 1 1 0
-0.01138810581246899 3 1 1 0 2 0 1 3
-0.024267374249830914 3 1 1 0 3 0 1 2
0.024418228025864706 3 1 2 0 1 0 1 0
0.013030122213395716 3 1 2 0 2 0 2 0
0.002451288301373423 3 1 3 3 1 0 0 0
-0.00556213199751102 3 1 3 0 1 0 0 0
-0.026958030271018948 3 1 3 0 1 2 0 0
-0.0017156570386367203 3 1 3 0 1 3 0 0
-0.011234473400252933 3 1 3 0 1 0 3 0
-0.021476825762834474 3 1 3 0 1 0 0 3
-0.010770994389681838 3 1 3 0 3 0 0 1
-0.022048950231499158 3 1 0 0 1 0 0 3
0.01024235236258154 3 2 1 0 0 1 1 2
-0.01024235236258154 3 2 1 0 0 2 1 1
0.024267374249830914 3 2 1 0 0 3 1 1
-0.026958030271018948 3 2 3 0 2 2 0 0
0.020391298291898556 3 2 3 0 2 3 0 0
0.037658367943079724 3 2 3 0 0 1 0 1
0.037658367943079724 3 2 3 0 0 2 0 2
-0.010770994389681838 3 2 3 0 0 3 0 2
0.0010141239253516321 3 3 1 3 0 0 2 3
-0.01024235236258154 3 3 1 0 1 0 1 2
-0.01024235236258154 3 3 1 0 2 0 2 2
0.025545241514434658 3 3 1 0 3 0 2 3
0.024628245729684008 3 3 1 0 0 2 2 3
0.0007036277600325107 3 3 1 0 0 3 2 3
0.023384504139548255 3 3 1 0 0 0 2 0
-0.017266560724924544 3 3 1 0 0 0 2 3
-0.0010141239253516321 3 3 2 3 0 0 1 0
-0.025545241514434658 3 3 2 0 3 0 1 0
-0.024628245729684008 3 3 2 0 0 2 1 0
-0.0007036277600325107 3 3 2 0 0 3 1 0
0.017266560724924544 3 3 2 0 0 0 1 0
-0.023384504139548255 3 3 2 0 0 0 1 3
0.10647068453545323 3 3 3 0 0 0 0 0
0.10898302201672634 3 3 3 3 0 0 3 0
0.08454049215503279 3 3 3 0 3 0 3 0
0.020391298291898556 3 3 3 0 0 2 3 0
0.11149852242605174 3 3 3 0 0 3 3 0
0.18136485128990854 3 3 3 0 0 0 3 0
0.13073805878528416 3 3 3 0 0 0 3 3
0.06963750845631887 3 3 0 0 0 0 3 3
-0.040616119483842646 3 0 1 0 1 1 2 2
0.040616119483842646 3 0 1 0 1 2 2 1
-0.01024235236258154 3 0 1 0 1 3 2 1
0.040616119483842646 3 0 1 0 2 1 1 2
-0.040616119483842646 3 0 1 0 2 2 1 1
0.01024235236258154 3 0 1 0 2 3 1 1
-0.024628245729684008 3 0 1 0 3 2 2 3
0.021061897360589485 3 0 1 0 3 3 2 3
0.024628245729684008 3 0 2 0 3 2 1 0
-0.021061897360589485 3 0 2 0 3 3 1 0
-0.020391298291898556 3 0 3 0 3 2 3 0
0.12432120849362704 3 0 3 0 3 3 3 0
-0.01024235236258154 0 1 2 0 0 1 1 2
0.01024235236258154 0 1 2 0 0 2 1 1
-0.024267374249830914 0 1 2 0 0 3 1 1
-0.037658367943079724 0 1 3 0 0 1 3 2
0.037658367943079724 0 1 3 0 0 2 3 1
-0.010770994389681838 0 1 3 0 0 3 3 1
-0.026958030271018948 0 1 0 0 1 2 3 0
0.020391298291898556 0 1 0 0 1 3 3 0
-0.01138810581246899 0 2 1 0 1 0 1 0
0.013030122213395716 0 2 2 0 1 0 2 3
-0.024418228025864706 0 2 2 0 2 0 1 3
-0.024267374249830914 0 2 2 0 3 0 1 2
-0.022048950231499158 0 2 3 0 2 0 3 3
-0.010770994389681838 0 2 3 0 3 0 3 2
0.002451288301373423 0 2 0 3 2 0 3 0
-0.011234473400252933 0 2 0 0 2 0 0 0
-0.026958030271018948 0 2 0 0 2 2 3 0
-0.0017156570386367203 0 2 0 0 2 3 3 0
-0.00556213199751102 0 2 0 0 2 0 3 0
-0.021476825762834474 0 2 0 0 2 0 3 3
0.024841613754402147 0 3 3 0 1 1 0 2
-0.024841613754402147 0 3 3 0 1 2 0 1
-0.01324013991721502 0 3 3 0 1 3 0 1
0.002451288301373423 0 3 3 0 3 2 0 3
0.10898302201672634 0 3 3 0 3 3 0 3
-0.022048950231499158 0 3 0 3 3 2 0 0
0.06963750845631887 0 3 0 3 3 3 0 0
-0.024841613754402147 0 3 0 0 2 1 0 1
-0.024841613754402147 0 3 0 0 2 2 0 2
-0.01324013991721502 0 3 0 0 2 3 0 2
0.08454049215503279 0 3 0 0 3 0 0 0
-0.005562131997511012 0 3 0 0 3 2 0 0
-0.021476825762834474 0 3 0 0 3 2 3 0
-0.011234473400252933 0 3 0 0 3 2 0 3
0.18136485128990854 0 3 0 0 3 3 0 0
0.13073805878528416 0 3 0 0 3 3 3 0
0.10647068453545323 0 3 0 0 3 3 0 3
-0.0017156570386367201 0 3 0 0 0 2 0 0
0.11149852242605174 0 3 0 0 0 3 0 0
-0.010290902970907645 0 0 1 0 0 0 2 0
0.010290902970907645 0 0 2 0 0 0 1 3
0.11598632411711243 0 0 3 0 0 0 0 0
0.11340654161438063 0 0 3 3 0 0 0 3
-0.01324013991721502 0 0 3 0 2 0 0 2
0.07762037309982339 0 0 3 0 3 0 0 3
-0.002451288301373423 0 0 3 0 0 2 0 3
0.11194105078035886 0 0 3 0 0 3 0 3
0.08982499235931943 0 0 3 0 0 0 3 3
0.08792644653108522 0 0 3 0 0 0 0 3
0.08792644653108533 0 0 0 3 0 0 0 0
0.11194105078035886 0 0 0 3 3 0 0 0
0.022048950231499158 0 0 0 3 0 2 0 0
0.07762037309982339 0 0 0 3 0 3 0 0
0.11598632411711243 0 0 0 3 0 0 3 0
0.08982499235931943 0 0 0 3 0 0 0 3
-0.01324013991721502 0 0 0 0 1 0 0 1
-0.0790440922612417 0 0 0 0 3 0 0 0
0.0017156570386367201 0 0 0 0 3 2 0 0
0.11685143854472052 0 0 0 0 3 3 0 0
0.07943848632286918 0 0 0 0 3 0 3 0
0.12005460580671182 0 0 0 0 3 0 0 3
0.005562131997511012 0 0 0 0 0 2 0 0
0.021476825762834474 0 0 0 0 0 2 3 0
0.011234473400252933 0 0 0 0 0 2 0 3
-0.07904409226124162 0 0 0 0 0 3 0 0
0.12005460580671182 0 0 0 0 0 3 3 0
0.07943848632286918 0 0 0 0 0 3 0 3
-0.3346121300328108 0 0 0 0 0 0 3 0
0.14526147930807773 0 0 0 0 0 0 3 3
-0.3346121300328108 0 0 0 0 0 0 0 3
