0.32824321642539017 0 0 0 0 0 0 0 0
-0.02602111598208706 1 1 2 1 0 2 3 0
-0.03896933268686004 1 1 2 1 0 3 3 0
0.02602111598208706 1 1 2 2 0 1 3 0
-0.01033252156407323 1 1 3 1 0 2 1 0
0.011788499045714551 1 1 3 1 0 3 1 0
0.01033252156407323 1 1 3 2 0 1 1 0
-0.023478898354840558 1 2 1 1 2 0 3 2
0.023478898354840558 1 2 1 2 2 0 3 1
-0.03896933268686004 1 2 2 2 3 0 3 0
0.011788499045714551 1 2 3 2 3 0 1 0
-0.03456875176017334 1 3 1 1 2 2 0 3
-0.02602111598208706 1 3 1 1 2 3 0 3
-0.013146376790767328 1 3 1 1 3 2 0 2
0.011736610428385284 1 3 1 1 3 3 0 2
0.03456875176017334 1 3 1 2 2 1 0 3
0.026051410004440053 1 3 1 2 3 1 0 2
-0.012905033213672722 1 3 1 2 3 2 0 1
-0.011736610428385284 1 3 1 2 3 3 0 1
0.03456875176017334 1 3 2 1 1 2 0 0
0.02602111598208706 1 3 2 1 1 3 0 0
-0.03456875176017334 1 3 2 2 1 1 0 0
0.003997570118543686 1 0 1 1 3 0 0 2
-0.026051410004440053 1 0 1 1 0 1 0 1
-0.012905033213672722 1 0 1 1 0 2 0 2
0.02970112172621606 1 0 1 1 0 3 0 2
0.02710797746887985 1 0 1 1 0 0 3 2
-0.022004793081017 1 0 1 1 0 0 0 2
0.02602111598208706 1 0 1 2 1 0 0 3
-0.003997570118543686 1 0 1 2 3 0 0 1
-0.013146376790767328 1 0 1 2 0 2 0 1
-0.02970112172621606 1 0 1 2 0 3 0 1
-0.02710797746887985 1 0 1 2 0 0 3 1
0.022004793081017 1 0 1 2 0 0 0 1
0.0035401772116990648 1 0 2 1 0 0 0 1
0.02602111598208706 1 0 2 2 2 0 0 0
0.0035401772116990648 1 0 2 2 0 0 0 2
0.023478898354840558 2 1 2 1 1 0 0 2
-0.023478898354840558 2 1 2 2 1 0 0 1
0.03896933268686004 2 1 2 2 3 0 0 3
-0.011788499045714551 2 1 0 2 3 0 1 0
-0.02602111598208706 2 2 2 1 0 2 0 3
-0.03896933268686004 2 2 2 1 0 3 0 3
0.02602111598208706 2 2 2 2 0 1 0 3
-0.01033252156407323 2 2 0 1 0 2 1 0
0.011788499045714551 2 2 0 1 0 3 1 0
0.01033252156407323 2 2 0 2 0 1 1 0
-0.023525109474099838 2 3 2 1 0 0 3 2
0.023525109474099838 2 3 2 2 0 0 3 1
-0.025365678402572985 2 3 3 1 0 0 1 2
0.025365678402572985 2 3 3 2 0 0 1 1
0.025365678402572985 2 3 0 1 0 0 2 1
-0.03638393156851327 2 3 0 2 1 0 1 0
-0.03638393156851327 2 3 0 2 2 0 2 0
0.025365678402572985 2 3 0 2 0 0 2 2
-0.025703551607672376 2 0 0 1 1 2 2 0
-0.03638393156851327 2 0 0 1 1 3 2 0
0.025703551607672376 2 0 0 1 2 2 1 0
0.03638393156851327 2 0 0 1 2 3 1 0
0.025703551607672376 2 0 0 2 1 1 2 0
-0.025703551607672376 2 0 0 2 2 1 1 0
-0.013146376790767328 3 1 1 0 2 0 1 3
-0.023430560552995007 3 1 1 0 3 0 1 2
0.026051410004440053 3 1 2 0 1 0 1 0
0.012905033213672722 3 1 2 0 2 0 2 0
0.0010775901131431175 3 1 3 3 1 0 0 0
-0.003451013956941685 3 1 3 0 1 0 0 0
-0.026767227562523945 3 1 3 0 1 2 0 0
-0.00518558622803756 3 1 3 0 1 3 0 0
-0.013328973544373566 3 1 3 0 1 0 3 0
-0.02456289531699518 3 1 3 0 1 0 0 3
-0.011788499045714551 3 1 3 0 3 0 0 1
-0.02494352586894394 3 1 0 0 1 0 0 3
0.011233921772621617 3 2 1 0 0 1 1 2
-0.011233921772621617 3 2 1 0 0 2 1 1
0.023430560552995007 3 2 1 0 0 3 1 1
-0.026767227562523945 3 2 3 0 2 2 0 0
0.022662513977118624 3 2 3 0 2 3 0 0
0.03638393156851327 3 2 3 0 0 1 0 1
0.03638393156851327 3 2 3 0 0 2 0 2
-0.011788499045714551 3 2 3 0 0 3 0 2
0.0035401772116990648 3 3 1 3 0 0 2 3
-0.011233921772621617 3 3 1 0 1 0 1 2
-0.011233921772621617 3 3 1 0 2 0 2 2
0.02970112172621606 3 3 1 0 3 0 2 3
0.023478898354840558 3 3 1 0 0 2 2 3
0.003997570118543686 3 3 1 0 0 3 2 3
0.027107977468879853 3 3 1 0 0 0 2 0
-0.022004793081016993 3 3 1 0 0 0 2 3
-0.0035401772116990648 3 3 2 3 0 0 1 0
-0.02970112172621606 3 3 2 0 3 0 1 0
-0.023478898354840558 3 3 2 0 0 2 1 0
-0.003997570118543686 3 3 2 0 0 3 1 0
0.022004793081016993 3 3 2 0 0 0 1 0
-0.027107977468879853 3 3 2 0 0 0 1 3
0.12292720972418737 3 3 3 0 0 0 0 0
0.12047409963935882 3 3 3 3 0 0 3 0
0.09779621180725896 3 3 3 0 3 0 3 0
0.022662513977118624 3 3 3 0 0 2 3 0
0.1245634393697829 3 3 3 0 0 3 3 0
0.21982060199893855 3 3 3 0 0 0 3 0
0.1463577702771824 3 3 3 0 0 0 3 3
0.08150476695249875 3 3 0 0 0 0 3 3
-0.03958308719322637 3 0 1 0 1 1 2 2
0.03958308719322637 3 0 1 0 1 2 2 1
-0.011233921772621617 3 0 1 0 1 3 2 1
0.03958308719322637 3 0 1 0 2 1 1 2
-0.03958308719322637 3 0 1 0 2 2 1 1
0.011233921772621617 3 0 1 0 2 3 1 1
-0.023478898354840558 3 0 1 0 3 2 2 3
0.023525109474099838 3 0 1 0 3 3 2 3
0.023478898354840558 3 0 2 0 3 2 1 0
-0.023525109474099838 3 0 2 0 3 3 1 0
-0.022662513977118624 3 0 3 0 3 2 3 0
0.13762571122516348 3 0 3 0 3 3 3 0
-0.011233921772621617 0 1 2 0 0 1 1 2
0.011233921772621617 0 1 2 0 0 2 1 1
-0.023430560552995007 0 1 2 0 0 3 1 1
-0.03638393156851327 0 1 3 0 0 1 3 2
0.03638393156851327 0 1 3 0 0 2 3 1
-0.011788499045714551 0 1 3 0 0 3 3 1
-0.026767227562523945 0 1 0 0 1 2 3 0
0.022662513977118624 0 1 0 0 1 3 3 0
-0.013146376790767328 0 2 1 0 1 0 1 0
0.012905033213672722 0 2 2 0 1 0 2 3
-0.026051410004440053 0 2 2 0 2 0 1 3
-0.023430560552995007 0 2 2 0 3 0 1 2
-0.02494352586894394 0 2 3 0 2 0 3 3
-0.011788499045714551 0 2 3 0 3 0 3 2
0.0010775901131431175 0 2 0 3 2 0 3 0
-0.013328973544373566 0 2 0 0 2 0 0 0
-0.026767227562523945 0 2 0 0 2 2 3 0
-0.00518558622803756 0 2 0 0 2 3 3 0
-0.003451013956941685 0 2 0 0 2 0 3 0
-0.02456289531699518 0 2 0 0 2 0 3 3
0.025703551607672376 0 3 3 0 1 1 0 2
-0.025703551607672376 0 3 3 0 1 2 0 1
-0.01033252156407323 0 3 3 0 1 3 0 1
0.0010775901131431175 0 3 3 0 3 2 0 3
0.12047409963935882 0 3 3 0 3 3 0 3
-0.02494352586894394 0 3 0 3 3 2 0 0
0.08150476695249875 0 3 0 3 3 3 0 0
-0.025703551607672376 0 3 0 0 2 1 0 1
-0.025703551607672376 0 3 0 0 2 2 0 2
-0.01033252156407323 0 3 0 0 2 3 0 2
0.09779621180725896 0 3 0 0 3 0 0 0
-0.003451013956941691 0 3 0 0 3 2 0 0
-0.02456289531699518 0 3 0 0 3 2 3 0
-0.013328973544373566 0 3 0 0 3 2 0 3
0.21982060199893858 0 3 0 0 3 3 0 0
0.1463577702771824 0 3 0 0 3 3 3 0
0.12292720972418737 0 3 0 0 3 3 0 3
-0.00518558622803756 0 3 0 0 0 2 0 0
0.1245634393697829 0 3 0 0 0 3 0 0
-0.011736610428385284 0 0 1 0 0 0 2 0
0.011736610428385284 0 0 2 0 0 0 1 3
0.1297546997058979 0 0 3 0 0 0 0 0
0.1249680398779707 0 0 3 3 0 0 0 3
-0.01033252156407323 0 0 3 0 2 0 0 2
0.08875238137928987 0 0 3 0 3 0 0 3
-0.0010775901131431175 0 0 3 0 0 2 0 3
0.12332113313946322 0 0 3 0 0 3 0 3
0.10438902130332492 0 0 3 0 0 0 3 3
0.08925836004972965 0 0 3 0 0 0 0 3
0.08925836004972956 0 0 0 3 0 0 0 0
0.12332113313946322 0 0 0 3 3 0 0 0
0.02494352586894394 0 0 0 3 0 2 0 0
0.08875238137928987 0 0 0 3 0 3 0 0
0.1297546997058979 0 0 0 3 0 0 3 0
0.10438902130332492 0 0 0 3 0 0 0 3
-0.01033252156407323 0 0 0 0 1 0 0 1
-0.144678752070327 0 0 0 0 3 0 0 0
0.00518558622803756 0 0 0 0 3 2 0 0
0.12973485728795314 0 0 0 0 3 3 0 0
0.09632020506990081 0 0 0 0 3 0 3 0
0.1359032922631272 0 0 0 0 3 0 0 3
0.003451013956941691 0 0 0 0 0 2 0 0
0.02456289531699518 0 0 0 0 0 2 3 0
0.013328973544373566 0 0 0 0 0 2 0 3
-0.144678752070327 0 0 0 0 0 3 0 0
0.1359032922631272 0 0 0 0 0 3 3 0
0.09632020506990081 0 0 0 0 0 3 0 3
-0.5468473638147249 0 0 0 0 0 0 3 0
0.16657058074374223 0 0 0 0 0 0 3 3
-0.5468473638147249 0 0 0 0 0 0 0 3
