1.7659303166535978 0 0 0 0 0 0 0 0
-0.027315272227897463 1 1 2 1 0 2 3 0
-0.037782530599833115 1 1 2 1 0 3 3 0
0.027315272227897463 1 1 2 2 0 1 3 0
-0.007289975621067755 1 1 3 1 0 2 1 0
0.012959902783533182 1 1 3 1 0 3 1 0
0.007289975621067755 1 1 3 2 0 1 1 0
-0.02273685570515834 1 2 1 1 2 0 3 2
0.02273685570515834 1 2 1 2 2 0 3 1
-0.037782530599833115 1 2 2 2 3 0 3 0
0.012959902783533182 1 2 3 2 3 0 1 0
-0.035465157572122645 1 3 1 1 2 2 0 3
-0.027315272227897466 1 3 1 1 2 3 0 3
-0.015446880084090588 1 3 1 1 3 2 0 2
0.014075154946334227 1 3 1 1 3 3 0 2
0.035465157572122645 1 3 1 2 2 1 0 3
0.027444215891328495 1 3 1 2 3 1 0 2
-0.011997335807237903 1 3 1 2 3 2 0 1
-0.014075154946334227 1 3 1 2 3 3 0 1
0.035465157572122645 1 3 2 1 1 2 0 0
0.027315272227897466 1 3 2 1 1 3 0 0
-0.035465157572122645 1 3 2 2 1 1 0 0
0.00899786882347162 1 0 1 1 3 0 0 2
-0.027444215891328495 1 0 1 1 0 1 0 1
-0.011997335807237903 1 0 1 1 0 2 0 2
0.03494027825811327 1 0 1 1 0 3 0 2
0.034371546357122175 1 0 1 1 0 0 3 2
-0.030276121983092933 1 0 1 1 0 0 0 2
0.027315272227897466 1 0 1 2 1 0 0 3
-0.00899786882347162 1 0 1 2 3 0 0 1
-0.015446880084090588 1 0 1 2 0 2 0 1
-0.03494027825811327 1 0 1 2 0 3 0 1
-0.034371546357122175 1 0 1 2 0 0 3 1
0.030276121983092933 1 0 1 2 0 0 0 1
0.0069233508744715195 1 0 2 1 0 0 0 1
0.027315272227897466 1 0 2 2 2 0 0 0
0.0069233508744715195 1 0 2 2 0 0 0 2
0.02273685570515834 2 1 2 1 1 0 0 2
-0.02273685570515834 2 1 2 2 1 0 0 1
0.037782530599833115 2 1 2 2 3 0 0 3
-0.012959902783533182 2 1 0 2 3 0 1 0
-0.027315272227897463 2 2 2 1 0 2 0 3
-0.037782530599833115 2 2 2 1 0 3 0 3
0.027315272227897463 2 2 2 2 0 1 0 3
-0.007289975621067755 2 2 0 1 0 2 1 0
0.012959902783533182 2 2 0 1 0 3 1 0
0.007289975621067755 2 2 0 2 0 1 1 0
-0.027035057729867407 2 3 2 1 0 0 3 2
0.027035057729867407 2 3 2 2 0 0 3 1
-0.024924961961131628 2 3 3 1 0 0 1 2
0.024924961961131628 2 3 3 2 0 0 1 1
0.024924961961131628 2 3 0 1 0 0 2 1
-0.03473419151239625 2 3 0 2 1 0 1 0
-0.03473419151239625 2 3 0 2 2 0 2 0
0.024924961961131628 2 3 0 2 0 0 2 2
-0.02594240943464165 2 0 0 1 1 2 2 0
-0.03473419151239625 2 0 0 1 1 3 2 0
0.02594240943464165 2 0 0 1 2 2 1 0
0.03473419151239625 2 0 0 1 2 3 1 0
0.02594240943464165 2 0 0 2 1 1 2 0
-0.02594240943464165 2 0 0 2 2 1 1 0
-0.015446880084090588 3 1 1 0 2 0 1 3
-0.023065473369768805 3 1 1 0 3 0 1 2
0.027444215891328495 3 1 2 0 1 0 1 0
0.011997335807237903 3 1 2 0 2 0 2 0
-0.0012719154595929255 3 1 3 3 1 0 0 0
0.0029599698336845812 3 1 3 0 1 0 0 0
-0.026863062173092752 3 1 3 0 1 2 0 0
-0.01011601858835931 3 1 3 0 1 3 0 0
-0.01770455397534937 3 1 3 0 1 0 3 0
-0.031065172005296664 3 1 3 0 1 0 0 3
-0.012959902783533182 3 1 3 0 3 0 0 1
-0.028587187687490388 3 1 0 0 1 0 0 3
0.013360618029947296 3 2 1 0 0 1 1 2
-0.013360618029947296 3 2 1 0 0 2 1 1
0.023065473369768805 3 2 1 0 0 3 1 1
-0.026863062173092752 3 2 3 0 2 2 0 0
0.026066671935810852 3 2 3 0 2 3 0 0
0.03473419151239625 3 2 3 0 0 1 0 1
0.03473419151239625 3 2 3 0 0 2 0 2
-0.012959902783533182 3 2 3 0 0 3 0 2
0.0069233508744715195 3 3 1 3 0 0 2 3
-0.013360618029947296 3 3 1 0 1 0 1 2
-0.013360618029947296 3 3 1 0 2 0 2 2
0.03494027825811327 3 3 1 0 3 0 2 3
0.02273685570515834 3 3 1 0 0 2 2 3
0.00899786882347162 3 3 1 0 0 3 2 3
0.034371546357122175 3 3 1 0 0 0 2 0
-0.03027612198309296 3 3 1 0 0 0 2 3
-0.0069233508744715195 3 3 2 3 0 0 1 0
-0.03494027825811327 3 3 2 0 3 0 1 0
-0.02273685570515834 3 3 2 0 0 2 1 0
-0.00899786882347162 3 3 2 0 0 3 1 0
0.03027612198309296 3 3 2 0 0 0 1 0
-0.034371546357122175 3 3 2 0 0 0 1 3
0.14559471875370594 3 3 3 0 0 0 0 0
0.135139410819761 3 3 3 3 0 0 3 0
0.11522602155185813 3 3 3 0 3 0 3 0
0.026066671935810852 3 3 3 0 0 2 3 0
0.14208908372495088 3 3 3 0 0 3 3 0
0.27330321764198007 3 3 3 0 0 0 3 0
0.16866019212347477 3 3 3 0 0 0 3 3
0.09735688021992789 3 3 0 0 0 0 3 3
-0.038687844053288116 3 0 1 0 1 1 2 2
0.038687844053288116 3 0 1 0 1 2 2 1
-0.013360618029947296 3 0 1 0 1 3 2 1
0.038687844053288116 3 0 1 0 2 1 1 2
-0.038687844053288116 3 0 1 0 2 2 1 1
0.013360618029947296 3 0 1 0 2 3 1 1
-0.02273685570515834 3 0 1 0 3 2 2 3
0.027035057729867407 3 0 1 0 3 3 2 3
0.02273685570515834 3 0 2 0 3 2 1 0
-0.027035057729867407 3 0 2 0 3 3 1 0
-0.026066671935810852 3 0 3 0 3 2 3 0
0.1546004207228448 3 0 3 0 3 3 3 0
-0.013360618029947296 0 1 2 0 0 1 1 2
0.013360618029947296 0 1 2 0 0 2 1 1
-0.023065473369768805 0 1 2 0 0 3 1 1
-0.03473419151239625 0 1 3 0 0 1 3 2
0.03473419151239625 0 1 3 0 0 2 3 1
-0.012959902783533182 0 1 3 0 0 3 3 1
-0.026863062173092752 0 1 0 0 1 2 3 0
0.026066671935810852 0 1 0 0 1 3 3 0
-0.015446880084090588 0 2 1 0 1 0 1 0
0.011997335807237903 0 2 2 0 1 0 2 3
-0.027444215891328495 0 2 2 0 2 0 1 3
-0.023065473369768805 0 2 2 0 3 0 1 2
-0.028587187687490388 0 2 3 0 2 0 3 3
-0.012959902783533182 0 2 3 0 3 0 3 2
-0.0012719154595929255 0 2 0 3 2 0 3 0
-0.01770455397534937 0 2 0 0 2 0 0 0
-0.026863062173092752 0 2 0 0 2 2 3 0
-0.01011601858835931 0 2 0 0 2 3 3 0
0.0029599698336845812 0 2 0 0 2 0 3 0
-0.031065172005296664 0 2 0 0 2 0 3 3
0.02594240943464164 0 3 3 0 1 1 0 2
-0.02594240943464164 0 3 3 0 1 2 0 1
-0.007289975621067755 0 3 3 0 1 3 0 1
-0.0012719154595929255 0 3 3 0 3 2 0 3
0.135139410819761 0 3 3 0 3 3 0 3
-0.028587187687490388 0 3 0 3 3 2 0 0
0.09735688021992789 0 3 0 3 3 3 0 0
-0.02594240943464164 0 3 0 0 2 1 0 1
-0.02594240943464164 0 3 0 0 2 2 0 2
-0.007289975621067755 0 3 0 0 2 3 0 2
0.11522602155185813 0 3 0 0 3 0 0 0
0.0029599698336845778 0 3 0 0 3 2 0 0
-0.031065172005296664 0 3 0 0 3 2 3 0
-0.01770455397534937 0 3 0 0 3 2 0 3
0.2733032176419802 0 3 0 0 3 3 0 0
0.16866019212347477 0 3 0 0 3 3 3 0
0.14559471875370594 0 3 0 0 3 3 0 3
-0.01011601858835931 0 3 0 0 0 2 0 0
0.14208908372495088 0 3 0 0 0 3 0 0
-0.014075154946334227 0 0 1 0 0 0 2 0
0.014075154946334227 0 0 2 0 0 0 1 3
0.1486086572942356 0 0 3 0 0 0 0 0
0.13975710090141208 0 0 3 3 0 0 0 3
-0.007289975621067755 0 0 3 0 2 0 0 2
0.10348698327614644 0 0 3 0 3 0 0 3
0.0012719154595929255 0 0 3 0 0 2 0 3
0.13895214084826907 0 0 3 0 0 3 0 3
0.12368369533310397 0 0 3 0 0 0 3 3
0.0782452046152785 0 0 3 0 0 0 0 3
0.07824520461527848 0 0 0 3 0 0 0 0
0.13895214084826907 0 0 0 3 3 0 0 0
0.028587187687490388 0 0 0 3 0 2 0 0
0.10348698327614644 0 0 0 3 0 3 0 0
0.1486086572942356 0 0 0 3 0 0 3 0
0.12368369533310397 0 0 0 3 0 0 0 3
-0.007289975621067755 0 0 0 0 1 0 0 1
-0.2721242270070108 0 0 0 0 3 0 0 0
0.01011601858835931 0 0 0 0 3 2 0 0
0.14788886360154585 0 0 0 0 3 3 0 0
0.12068165820823659 0 0 0 0 3 0 3 0
0.1593695022615247 0 0 0 0 3 0 0 3
-0.0029599698336845778 0 0 0 0 0 2 0 0
0.031065172005296664 0 0 0 0 0 2 3 0
0.01770455397534937 0 0 0 0 0 2 0 3
-0.2721242270070108 0 0 0 0 0 3 0 0
0.1593695022615247 0 0 0 0 0 3 3 0
0.12068165820823659 0 0 0 0 0 3 0 3
-0.9723288450210047 0 0 0 0 0 0 3 0
0.20177012103172393 0 0 0 0 0 0 3 3
-0.9723288450210047 0 0 0 0 0 0 0 3
