-0.8611702206892687 0 0 0 0 0 0 0 0
-0.021514845637151704 1 1 2 1 0 2 3 0
-0.039604029219755976 1 1 2 1 0 3 3 0
0.021514845637151704 1 1 2 2 0 1 3 0
-0.018718396887300176 1 1 3 1 0 2 1 0
0.00935016830852675 1 1 3 1 0 3 1 0
0.018718396887300176 1 1 3 2 0 1 1 0
-0.027602541582312415 1 2 1 1 2 0 3 2
0.027602541582312415 1 2 1 2 2 0 3 1
-0.039604029219755976 1 2 2 2 3 0 3 0
0.00935016830852675 1 2 3 2 3 0 1 0
-0.034933415764319416 1 3 1 1 2 2 0 3
-0.021514845637151704 1 3 1 1 2 3 0 3
-0.008884144695012244 1 3 1 1 3 2 0 2
0.008677320968167524 1 3 1 1 3 3 0 2
0.034933415764319416 1 3 1 2 2 1 0 3
0.020861889960805787 1 3 1 2 3 1 0 2
-0.011977745265793543 1 3 1 2 3 2 0 1
-0.008677320968167524 1 3 1 2 3 3 0 1
0.034933415764319416 1 3 2 1 1 2 0 0
0.021514845637151704 1 3 2 1 1 3 0 0
-0.034933415764319416 1 3 2 2 1 1 0 0
-0.002798591843391823 1 0 1 1 3 0 0 2
-0.020861889960805787 1 0 1 1 0 1 0 1
-0.011977745265793543 1 0 1 1 0 2 0 2
0.019616979531755875 1 0 1 1 0 3 0 2
0.01936355426808463 1 0 1 1 0 0 3 2
-0.011609318231110097 1 0 1 1 0 0 0 2
0.021514845637151704 1 0 1 2 1 0 0 3
0.002798591843391823 1 0 1 2 3 0 0 1
-0.008884144695012244 1 0 1 2 0 2 0 1
-0.019616979531755875 1 0 1 2 0 3 0 1
-0.01936355426808463 1 0 1 2 0 0 3 1
0.011609318231110097 1 0 1 2 0 0 0 1
-0.002131557908723467 1 0 2 1 0 0 0 1
0.021514845637151704 1 0 2 2 2 0 0 0
-0.002131557908723467 1 0 2 2 0 0 0 2
0.027602541582312415 2 1 2 1 1 0 0 2
-0.027602541582312415 2 1 2 2 1 0 0 1
0.039604029219755976 2 1 2 2 3 0 0 3
-0.00935016830852675 2 1 0 2 3 0 1 0
-0.021514845637151704 2 2 2 1 0 2 0 3
-0.039604029219755976 2 2 2 1 0 3 0 3
0.021514845637151704 2 2 2 2 0 1 0 3
-0.018718396887300176 2 2 0 1 0 2 1 0
0.00935016830852675 2 2 0 1 0 3 1 0
0.018718396887300176 2 2 0 2 0 1 1 0
-0.018027489276694272 2 3 2 1 0 0 3 2
0.018027489276694272 2 3 2 2 0 0 3 1
-0.028731795746785367 2 3 3 1 0 0 1 2
0.028731795746785367 2 3 3 2 0 0 1 1
0.028731795746785367 2 3 0 1 0 0 2 1
-0.03958028684810596 2 3 0 2 1 0 1 0
-0.03958028684810596 2 3 0 2 2 0 2 0
0.028731795746785367 2 3 0 2 0 0 2 2
-0.022415571375147693 2 0 0 1 1 2 2 0
-0.03958028684810596 2 0 0 1 1 3 2 0
0.022415571375147693 2 0 0 1 2 2 1 0
0.03958028684810596 2 0 0 1 2 3 1 0
0.022415571375147693 2 0 0 2 1 1 2 0
-0.022415571375147693 2 0 0 2 2 1 1 0
-0.008884144695012244 3 1 1 0 2 0 1 3
-0.026778999318281347 3 1 1 0 3 0 1 2
0.020861889960805787 3 1 2 0 1 0 1 0
0.011977745265793543 3 1 2 0 2 0 2 0
0.0038305666149210807 3 1 3 3 1 0 0 0
-0.006563203730234912 3 1 3 0 1 0 0 0
-0.028268064318021445 3 1 3 0 1 2 0 0
0.002355294432561739 3 1 3 0 1 3 0 0
-0.00896526583899071 3 1 3 0 1 0 3 0
-0.018089306782797545 3 1 3 0 1 0 0 3
-0.00935016830852675 3 1 3 0 3 0 0 1
-0.017684279022230624 3 1 0 0 1 0 0 3
0.009124040943806838 3 2 1 0 0 1 1 2
-0.009124040943806838 3 2 1 0 0 2 1 1
0.026778999318281347 3 2 1 0 0 3 1 1
-0.028268064318021445 3 2 3 0 2 2 0 0
0.01740762436016256 3 2 3 0 2 3 0 0
0.03958028684810596 3 2 3 0 0 1 0 1
0.03958028684810596 3 2 3 0 0 2 0 2
-0.00935016830852675 3 2 3 0 0 3 0 2
-0.002131557908723467 3 3 1 3 0 0 2 3
-0.009124040943806836 3 3 1 0 1 0 1 2
-0.009124040943806836 3 3 1 0 2 0 2 2
0.019616979531755875 3 3 1 0 3 0 2 3
0.027602541582312415 3 3 1 0 0 2 2 3
-0.002798591843391823 3 3 1 0 0 3 2 3
0.01936355426808463 3 3 1 0 0 0 2 0
-0.011609318231110098 3 3 1 0 0 0 2 3
0.002131557908723467 3 3 2 3 0 0 1 0
-0.019616979531755875 3 3 2 0 3 0 1 0
-0.027602541582312415 3 3 2 0 0 2 1 0
0.002798591843391823 3 3 2 0 0 3 1 0
0.011609318231110098 3 3 2 0 0 0 1 0
-0.01936355426808463 3 3 2 0 0 0 1 3
0.08253842628330897 3 3 3 0 0 0 0 0
0.09289230561790282 3 3 3 3 0 0 3 0
0.0659398164089797 3 3 3 0 3 0 3 0
0.01740762436016256 3 3 3 0 0 2 3 0
0.09420788072700115 3 3 3 0 0 3 3 0
0.12933530290220738 3 3 3 0 0 0 3 0
0.10931742560159033 3 3 3 0 0 0 3 3
0.053288276398146844 3 3 0 0 0 0 3 3
-0.04206764429757175 3 0 1 0 1 1 2 2
0.04206764429757175 3 0 1 0 1 2 2 1
-0.009124040943806836 3 0 1 0 1 3 2 1
0.04206764429757175 3 0 1 0 2 1 1 2
-0.04206764429757175 3 0 1 0 2 2 1 1
0.009124040943806836 3 0 1 0 2 3 1 1
-0.027602541582312415 3 0 1 0 3 2 2 3
0.018027489276694272 3 0 1 0 3 3 2 3
0.027602541582312415 3 0 2 0 3 2 1 0
-0.018027489276694272 3 0 2 0 3 3 1 0
-0.01740762436016256 3 0 3 0 3 2 3 0
0.10494156525134601 3 0 3 0 3 3 3 0
-0.009124040943806838 0 1 2 0 0 1 1 2
0.009124040943806838 0 1 2 0 0 2 1 1
-0.026778999318281347 0 1 2 0 0 3 1 1
-0.03958028684810596 0 1 3 0 0 1 3 2
0.03958028684810596 0 1 3 0 0 2 3 1
-0.00935016830852675 0 1 3 0 0 3 3 1
-0.028268064318021445 0 1 0 0 1 2 3 0
0.01740762436016256 0 1 0 0 1 3 3 0
-0.008884144695012244 0 2 1 0 1 0 1 0
0.011977745265793543 0 2 2 0 1 0 2 3
-0.020861889960805787 0 2 2 0 2 0 1 3
-0.026778999318281347 0 2 2 0 3 0 1 2
-0.017684279022230624 0 2 3 0 2 0 3 3
-0.00935016830852675 0 2 3 0 3 0 3 2
0.0038305666149210807 0 2 0 3 2 0 3 0
-0.00896526583899071 0 2 0 0 2 0 0 0
-0.028268064318021445 0 2 0 0 2 2 3 0
0.002355294432561739 0 2 0 0 2 3 3 0
-0.006563203730234912 0 2 0 0 2 0 3 0
-0.018089306782797545 0 2 0 0 2 0 3 3
0.022415571375147693 0 3 3 0 1 1 0 2
-0.022415571375147693 0 3 3 0 1 2 0 1
-0.018718396887300176 0 3 3 0 1 3 0 1
0.0038305666149210807 0 3 3 0 3 2 0 3
0.09289230561790282 0 3 3 0 3 3 0 3
-0.017684279022230624 0 3 0 3 3 2 0 0
0.053288276398146844 0 3 0 3 3 3 0 0
-0.022415571375147693 0 3 0 0 2 1 0 1
-0.022415571375147693 0 3 0 0 2 2 0 2
-0.018718396887300176 0 3 0 0 2 3 0 2
0.0659398164089797 0 3 0 0 3 0 0 0
-0.0065632037302349195 0 3 0 0 3 2 0 0
-0.018089306782797545 0 3 0 0 3 2 3 0
-0.00896526583899071 0 3 0 0 3 2 0 3
0.1293353029022072 0 3 0 0 3 3 0 0
0.10931742560159033 0 3 0 0 3 3 3 0
0.08253842628330897 0 3 0 0 3 3 0 3
0.002355294432561739 0 3 0 0 0 2 0 0
0.09420788072700115 0 3 0 0 0 3 0 0
-0.008677320968167524 0 0 1 0 0 0 2 0
0.008677320968167524 0 0 2 0 0 0 1 3
0.0975813055090153 0 0 3 0 0 0 0 0
0.09708539978938575 0 0 3 3 0 0 0 3
-0.018718396887300176 0 0 3 0 2 0 0 2
0.061941865141865025 0 0 3 0 3 0 0 3
-0.0038305666149210807 0 0 3 0 0 2 0 3
0.09687528090618444 0 0 3 0 0 3 0 3
0.06884950976222992 0 0 3 0 0 0 3 3
0.0748431284714888 0 0 3 0 0 0 0 3
0.07484312847148875 0 0 0 3 0 0 0 0
0.09687528090618444 0 0 0 3 3 0 0 0
0.017684279022230624 0 0 0 3 0 2 0 0
0.061941865141865025 0 0 0 3 0 3 0 0
0.0975813055090153 0 0 0 3 0 0 3 0
0.06884950976222992 0 0 0 3 0 0 0 3
-0.018718396887300176 0 0 0 0 1 0 0 1
-0.016004672897851367 0 0 0 0 3 0 0 0
-0.002355294432561739 0 0 0 0 3 2 0 0
0.09999054311582906 0 0 0 0 3 3 0 0
0.05777197321856277 0 0 0 0 3 0 3 0
0.09983961751613452 0 0 0 0 3 0 0 3
0.0065632037302349195 0 0 0 0 0 2 0 0
0.018089306782797545 0 0 0 0 0 2 3 0
0.00896526583899071 0 0 0 0 0 2 0 3
-0.016004672897851225 0 0 0 0 0 3 0 0
0.09983961751613452 0 0 0 0 0 3 3 0
0.05777197321856277 0 0 0 0 0 3 0 3
-0.12958353455435043 0 0 0 0 0 0 3 0
0.1178143608793026 0 0 0 0 0 0 3 3
-0.12958353455435048 0 0 0 0 0 0 0 3
