-0.6735309137788261 0 0 0 0 0 0 0 0
-0.02297800436394384 1 1 2 1 0 2 3 0
-0.03944702411144801 1 1 2 1 0 3 3 0
0.02297800436394384 1 1 2 2 0 1 3 0
-0.01602968681393704 1 1 3 1 0 2 1 0
0.009983276167482617 1 1 3 1 0 3 1 0
0.01602968681393704 1 1 3 2 0 1 1 0
-0.026050905678108003 1 2 1 1 2 0 3 2
0.026050905678108003 1 2 1 2 2 0 3 1
-0.03944702411144801 1 2 2 2 3 0 3 0
0.009983276167482617 1 2 3 2 3 0 1 0
-0.034524819149517966 1 3 1 1 2 2 0 3
-0.02297800436394384 1 3 1 1 2 3 0 3
-0.010021218864170966 1 3 1 1 3 2 0 2
0.009354978130668119 1 3 1 1 3 3 0 2
0.034524819149517966 1 3 1 2 2 1 0 3
0.022653583135961164 1 3 1 2 3 1 0 2
-0.012632364271790198 1 3 1 2 3 2 0 1
-0.009354978130668119 1 3 1 2 3 3 0 1
0.034524819149517966 1 3 2 1 1 2 0 0
0.02297800436394384 1 3 2 1 1 3 0 0
-0.034524819149517966 1 3 2 2 1 1 0 0
-0.0014133593042604284 1 0 1 1 3 0 0 2
-0.022653583135961164 1 0 1 1 0 1 0 1
-0.012632364271790198 1 0 1 1 0 2 0 2
0.022281119174069094 1 0 1 1 0 3 0 2
0.021059696924746477 1 0 1 1 0 0 3 2
-0.01406788361295273 1 0 1 1 0 0 0 2
0.02297800436394384 1 0 1 2 1 0 0 3
0.0014133593042604284 1 0 1 2 3 0 0 1
-0.010021218864170966 1 0 1 2 0 2 0 1
-0.022281119174069094 1 0 1 2 0 3 0 1
-0.021059696924746477 1 0 1 2 0 0 3 1
0.01406788361295273 1 0 1 2 0 0 0 1
-0.0008333264803020196 1 0 2 1 0 0 0 1
0.02297800436394384 1 0 2 2 2 0 0 0
-0.0008333264803020196 1 0 2 2 0 0 0 2
0.026050905678108003 2 1 2 1 1 0 0 2
-0.026050905678108003 2 1 2 2 1 0 0 1
0.03944702411144801 2 1 2 2 3 0 0 3
-0.009983276167482617 2 1 0 2 3 0 1 0
-0.02297800436394384 2 2 2 1 0 2 0 3
-0.03944702411144801 2 2 2 1 0 3 0 3
0.02297800436394384 2 2 2 2 0 1 0 3
-0.01602968681393704 2 2 0 1 0 2 1 0
0.009983276167482617 2 2 0 1 0 3 1 0
0.01602968681393704 2 2 0 2 0 1 1 0
-0.019338254298150732 2 3 2 1 0 0 3 2
0.019338254298150732 2 3 2 2 0 0 3 1
-0.02734819765835531 2 3 3 1 0 0 1 2
0.02734819765835531 2 3 3 2 0 0 1 1
0.02734819765835531 2 3 0 1 0 0 2 1
-0.03868326994989821 2 3 0 2 1 0 1 0
-0.03868326994989821 2 3 0 2 2 0 2 0
0.02734819765835531 2 3 0 2 0 0 2 2
-0.02369447847832952 2 0 0 1 1 2 2 0
-0.03868326994989821 2 0 0 1 1 3 2 0
0.02369447847832952 2 0 0 1 2 2 1 0
0.03868326994989821 2 0 0 1 2 3 1 0
0.02369447847832952 2 0 0 2 1 1 2 0
-0.02369447847832952 2 0 0 2 2 1 1 0
-0.010021218864170966 3 1 1 0 2 0 1 3
-0.025419921453082587 3 1 1 0 3 0 1 2
0.022653583135961164 3 1 2 0 1 0 1 0
0.012632364271790198 3 1 2 0 2 0 2 0
0.0032967976298119706 3 1 3 3 1 0 0 0
-0.006371117889631545 3 1 3 0 1 0 0 0
-0.027450300270791955 3 1 3 0 1 2 0 0
0.0006970091622997875 3 1 3 0 1 3 0 0
-0.009899504083559937 3 1 3 0 1 0 3 0
-0.01952961979229236 3 1 3 0 1 0 0 3
-0.009983276167482616 3 1 3 0 3 0 0 1
-0.019681206734131866 3 1 0 0 1 0 0 3
0.009630115708732422 3 2 1 0 0 1 1 2
-0.009630115708732422 3 2 1 0 0 2 1 1
0.025419921453082587 3 2 1 0 0 3 1 1
-0.027450300270791955 3 2 3 0 2 2 0 0
0.018718273136416948 3 2 3 0 2 3 0 0
0.03868326994989821 3 2 3 0 0 1 0 1
0.03868326994989821 3 2 3 0 0 2 0 2
-0.009983276167482616 3 2 3 0 0 3 0 2
-0.0008333264803020196 3 3 1 3 0 0 2 3
-0.009630115708732422 3 3 1 0 1 0 1 2
-0.009630115708732422 3 3 1 0 2 0 2 2
0.022281119174069094 3 3 1 0 3 0 2 3
0.026050905678108003 3 3 1 0 0 2 2 3
-0.0014133593042604284 3 3 1 0 0 3 2 3
0.02105969692474648 3 3 1 0 0 0 2 0
-0.014067883612952732 3 3 1 0 0 0 2 3
0.0008333264803020196 3 3 2 3 0 0 1 0
-0.022281119174069094 3 3 2 0 3 0 1 0
-0.026050905678108003 3 3 2 0 0 2 1 0
0.0014133593042604284 3 3 2 0 0 3 1 0
0.014067883612952732 3 3 2 0 0 0 1 0
-0.02105969692474648 3 3 2 0 0 0 1 3
0.09334359198979932 3 3 3 0 0 0 0 0
0.09995167625899384 3 3 3 3 0 0 3 0
0.07423248159295884 3 3 3 0 3 0 3 0
0.018718273136416948 3 3 3 0 0 2 3 0
0.10168278186375079 3 3 3 0 0 3 3 0
0.15246598125108096 3 3 3 0 0 0 3 0
0.1187635134428819 3 3 3 0 0 0 3 3
0.06050465214754583 3 3 0 0 0 0 3 3
-0.04143602369033317 3 0 1 0 1 1 2 2
0.04143602369033317 3 0 1 0 1 2 2 1
-0.009630115708732422 3 0 1 0 1 3 2 1
0.04143602369033317 3 0 1 0 2 1 1 2
-0.04143602369033317 3 0 1 0 2 2 1 1
0.009630115708732422 3 0 1 0 2 3 1 1
-0.026050905678108003 3 0 1 0 3 2 2 3
0.019338254298150732 3 0 1 0 3 3 2 3
0.026050905678108003 3 0 2 0 3 2 1 0
-0.019338254298150732 3 0 2 0 3 3 1 0
-0.018718273136416948 3 0 3 0 3 2 3 0
0.1136085418736065 3 0 3 0 3 3 3 0
-0.009630115708732422 0 1 2 0 0 1 1 2
0.009630115708732422 0 1 2 0 0 2 1 1
-0.025419921453082587 0 1 2 0 0 3 1 1
-0.03868326994989821 0 1 3 0 0 1 3 2
0.03868326994989821 0 1 3 0 0 2 3 1
-0.009983276167482616 0 1 3 0 0 3 3 1
-0.027450300270791955 0 1 0 0 1 2 3 0
0.018718273136416948 0 1 0 0 1 3 3 0
-0.010021218864170966 0 2 1 0 1 0 1 0
0.012632364271790198 0 2 2 0 1 0 2 3
-0.022653583135961164 0 2 2 0 2 0 1 3
-0.025419921453082587 0 2 2 0 3 0 1 2
-0.019681206734131866 0 2 3 0 2 0 3 3
-0.009983276167482616 0 2 3 0 3 0 3 2
0.0032967976298119706 0 2 0 3 2 0 3 0
-0.009899504083559937 0 2 0 0 2 0 0 0
-0.027450300270791955 0 2 0 0 2 2 3 0
0.0006970091622997875 0 2 0 0 2 3 3 0
-0.006371117889631545 0 2 0 0 2 0 3 0
-0.01952961979229236 0 2 0 0 2 0 3 3
0.02369447847832952 0 3 3 0 1 1 0 2
-0.02369447847832952 0 3 3 0 1 2 0 1
-0.01602968681393704 0 3 3 0 1 3 0 1
0.0032967976298119706 0 3 3 0 3 2 0 3
0.09995167625899384 0 3 3 0 3 3 0 3
-0.019681206734131866 0 3 0 3 3 2 0 0
0.06050465214754583 0 3 0 3 3 3 0 0
-0.02369447847832952 0 3 0 0 2 1 0 1
-0.02369447847832952 0 3 0 0 2 2 0 2
-0.01602968681393704 0 3 0 0 2 3 0 2
0.07423248159295884 0 3 0 0 3 0 0 0
-0.0063711178896315385 0 3 0 0 3 2 0 0
-0.01952961979229236 0 3 0 0 3 2 3 0
-0.009899504083559937 0 3 0 0 3 2 0 3
0.1524659812510809 0 3 0 0 3 3 0 0
0.1187635134428819 0 3 0 0 3 3 3 0
0.09334359198979932 0 3 0 0 3 3 0 3
0.0006970091622997875 0 3 0 0 0 2 0 0
0.10168278186375079 0 3 0 0 0 3 0 0
-0.009354978130668119 0 0 1 0 0 0 2 0
0.009354978130668119 0 0 2 0 0 0 1 3
0.10557412793691605 0 0 3 0 0 0 0 0
0.10428937697564156 0 0 3 3 0 0 0 3
-0.01602968681393704 0 0 3 0 2 0 0 2
0.06892900363044928 0 0 3 0 3 0 0 3
-0.0032967976298119706 0 0 3 0 0 2 0 3
0.10345382277996724 0 0 3 0 0 3 0 3
0.07822593027856074 0 0 3 0 0 0 3 3
0.08202506253878145 0 0 3 0 0 0 0 3
0.08202506253878157 0 0 0 3 0 0 0 0
0.10345382277996724 0 0 0 3 3 0 0 0
0.019681206734131866 0 0 0 3 0 2 0 0
0.06892900363044928 0 0 0 3 0 3 0 0
0.10557412793691605 0 0 0 3 0 0 3 0
0.07822593027856074 0 0 0 3 0 0 0 3
-0.01602968681393704 0 0 0 0 1 0 0 1
-0.0407051805630656 0 0 0 0 3 0 0 0
-0.0006970091622997875 0 0 0 0 3 2 0 0
0.10733509734180546 0 0 0 0 3 3 0 0
0.06710793660992373 0 0 0 0 3 0 3 0
0.1085439603002569 0 0 0 0 3 0 0 3
0.0063711178896315385 0 0 0 0 0 2 0 0
0.01952961979229236 0 0 0 0 0 2 3 0
0.009899504083559937 0 0 0 0 0 2 0 3
-0.04070518056306559 0 0 0 0 0 3 0 0
0.1085439603002569 0 0 0 0 0 3 3 0
0.06710793660992373 0 0 0 0 0 3 0 3
-0.20938963406202726 0 0 0 0 0 0 3 0
0.1297961876942212 0 0 0 0 0 0 3 3
-0.20938963406202724 0 0 0 0 0 0 0 3
