-905.6077845501296 0 0 0 0 0 0 0 0
0.008454718543875892 1 0 0 0 0 0 0 0
0.019791123319424734 1 1 0 0 3 1 3 3
-0.019791123319424734 1 1 0 0 0 1 0 0
-0.020292180769832566 1 2 0 0 1 2 0 0
0.020292180769832566 1 2 0 0 2 1 0 0
-0.008454718543875892 1 3 3 3 0 0 0 0
-0.0062654888833058075 1 3 3 3 3 3 3 0
-0.03389922401764895 1 3 3 3 3 3 3 3
-0.0062654888833058075 1 3 3 3 3 3 0 3
-0.0003973266816669117 1 3 3 3 3 0 3 3
-0.0023269353424215577 1 3 3 3 0 3 3 3
-0.0034551264273766924 1 3 3 0 3 3 3 3
-0.0034551264273766924 1 3 0 3 3 3 3 3
0.020188450001091648 1 3 0 0 3 3 3 3
-0.002810362455929115 1 0 1 0 3 3 1 3
0.002810362455929115 1 0 1 0 0 0 1 0
-0.01744071888266742 1 0 2 0 1 0 2 0
0.01744071888266742 1 0 2 0 2 0 1 0
-0.020188450001091648 1 0 3 3 3 3 3 3
0.0034551264273766924 1 0 3 0 3 3 3 3
-0.002810362455929115 1 0 0 1 3 3 3 1
0.002810362455929115 1 0 0 1 0 0 0 1
-0.01744071888266742 1 0 0 2 1 0 0 2
0.01744071888266742 1 0 0 2 2 0 0 1
0.0034551264273766924 1 0 0 3 3 3 3 3
0.0062654888833058075 1 0 0 0 3 3 3 0
0.03389922401764895 1 0 0 0 3 3 3 3
0.0062654888833058075 1 0 0 0 3 3 0 3
0.0003973266816669117 1 0 0 0 3 0 3 3
0.0023269353424215577 1 0 0 0 0 3 3 3
0.020292180769832566 2 1 0 0 1 2 0 0
-0.020292180769832566 2 1 0 0 2 1 0 0
0.019791123319424734 2 2 0 0 3 1 3 3
-0.019791123319424734 2 2 0 0 0 1 0 0
0.016121269451102507 2 3 3 3 2 0 0 0
-0.016121269451102507 2 3 3 3 2 3 3 3
0.01744071888266742 2 0 1 0 1 0 2 0
-0.01744071888266742 2 0 1 0 2 0 1 0
-0.002810362455929115 2 0 2 0 3 3 1 3
0.002810362455929115 2 0 2 0 0 0 1 0
0.01744071888266742 2 0 0 1 1 0 0 2
-0.01744071888266742 2 0 0 1 2 0 0 1
-0.002810362455929115 2 0 0 2 3 3 3 1
0.002810362455929115 2 0 0 2 0 0 0 1
-0.016121269451102507 2 0 0 0 2 0 0 0
0.016121269451102507 2 0 0 0 2 3 3 3
0.904307770753626 3 0 0 0 0 0 0 0
-0.037210092375095434 3 2 3 3 3 2 3 3
0.037210092375095434 3 2 3 3 0 2 0 0
0.019791123319424734 3 2 0 0 1 2 3 3
-0.019791123319424734 3 2 0 0 2 1 3 3
0.07461644204579101 3 3 0 0 0 0 0 0
-0.005279905803686085 3 3 2 3 3 3 2 3
0.005279905803686085 3 3 2 3 0 0 2 0
0.09098962850110576 3 3 3 0 0 0 0 0
-0.005279905803686085 3 3 3 2 3 3 3 2
0.005279905803686085 3 3 3 2 0 0 0 2
0.5866164884692098 3 3 3 3 0 0 0 0
0.09768803926925243 3 3 3 3 3 0 0 0
0.1103013998099728 3 3 3 3 3 3 3 3
0.10364738621298408 3 3 3 3 0 3 0 0
0.09626953430479185 3 3 3 3 0 0 3 0
0.09626953430479185 3 3 3 3 0 0 0 3
0.09098962850110576 3 3 0 3 0 0 0 0
0.0003973266816669117 3 3 0 0 1 0 0 0
-0.0003973266816669117 3 3 0 0 1 3 3 3
-0.002810362455929115 3 0 2 0 1 3 2 3
0.002810362455929115 3 0 2 0 2 3 1 3
0.07707037458229457 3 0 3 0 0 0 0 0
0.06643729383788866 3 0 3 3 0 0 0 0
0.0062654888833058075 3 0 3 0 1 0 0 0
-0.0062654888833058075 3 0 3 0 1 3 3 3
-0.002810362455929115 3 0 0 2 1 3 3 2
0.002810362455929115 3 0 0 2 2 3 3 1
0.07707037458229457 3 0 0 3 0 0 0 0
0.0062654888833058075 3 0 0 3 1 0 0 0
-0.0062654888833058075 3 0 0 3 1 3 3 3
0.03389922401764895 3 0 0 0 1 0 0 0
0.020188450001091648 3 0 0 0 1 3 0 0
-0.0034551264273766924 3 0 0 0 1 3 3 0
-0.03389922401764895 3 0 0 0 1 3 3 3
-0.0034551264273766924 3 0 0 0 1 3 0 3
0.0034551264273766924 3 0 0 0 1 0 3 0
-0.020188450001091648 3 0 0 0 1 0 3 3
0.0034551264273766924 3 0 0 0 1 0 0 3
0.09471176199361284 3 0 0 0 3 0 0 0
0.09768803926925243 3 0 0 0 3 3 3 3
0.09490862281562358 3 0 0 0 0 3 0 0
0.09451109346496198 3 0 0 0 0 0 3 0
0.09451109346496198 3 0 0 0 0 0 0 3
-0.004724579111832219 0 1 2 0 0 1 2 0
0.004724579111832219 0 1 2 0 0 2 1 0
-0.004724579111832219 0 1 0 2 0 1 0 2
0.004724579111832219 0 1 0 2 0 2 0 1
0.004724579111832219 0 2 1 0 0 1 2 0
-0.004724579111832219 0 2 1 0 0 2 1 0
-0.019791123319424734 0 2 3 3 1 2 3 3
0.019791123319424734 0 2 3 3 2 1 3 3
0.004724579111832219 0 2 0 1 0 1 0 2
-0.004724579111832219 0 2 0 1 0 2 0 1
0.037210092375095434 0 2 0 0 3 2 3 3
-0.037210092375095434 0 2 0 0 0 2 0 0
0.706714206147191 0 3 0 0 0 0 0 0
0.002810362455929115 0 3 2 3 1 3 2 3
-0.002810362455929115 0 3 2 3 2 3 1 3
0.08711630848937196 0 3 3 0 0 0 0 0
0.002810362455929115 0 3 3 2 1 3 3 2
-0.002810362455929115 0 3 3 2 2 3 3 1
0.08156676981814992 0 3 3 3 0 0 0 0
0.008454718543875892 0 3 3 3 1 0 0 0
-0.008454718543875892 0 3 3 3 1 3 3 3
0.08711630848937196 0 3 0 3 0 0 0 0
0.09490862281562358 0 3 0 0 3 0 0 0
0.10364738621298408 0 3 0 0 3 3 3 3
0.10230631437008615 0 3 0 0 0 3 0 0
0.09184088760120418 0 3 0 0 0 0 3 0
0.09184088760120418 0 3 0 0 0 0 0 3
-0.004507963190759784 0 0 1 2 0 0 1 2
0.004507963190759784 0 0 1 2 0 0 2 1
0.004507963190759784 0 0 2 1 0 0 1 2
-0.004507963190759784 0 0 2 1 0 0 2 1
0.005279905803686085 0 0 2 0 3 3 2 3
-0.005279905803686085 0 0 2 0 0 0 2 0
0.6525914043139411 0 0 3 0 0 0 0 0
0.0872956146827872 0 0 3 3 0 0 0 0
0.09451109346496198 0 0 3 0 3 0 0 0
0.09626953430479185 0 0 3 0 3 3 3 3
0.09184088760120418 0 0 3 0 0 3 0 0
0.10081950425506656 0 0 3 0 0 0 3 0
0.09180357787354697 0 0 3 0 0 0 0 3
0.005279905803686085 0 0 0 2 3 3 3 2
-0.005279905803686085 0 0 0 2 0 0 0 2
0.6525914043139411 0 0 0 3 0 0 0 0
0.09451109346496198 0 0 0 3 3 0 0 0
0.09626953430479185 0 0 0 3 3 3 3 3
0.09184088760120418 0 0 0 3 0 3 0 0
0.09180357787354697 0 0 0 3 0 0 3 0
0.10081950425506656 0 0 0 3 0 0 0 3
0.0023269353424215577 0 0 0 0 1 0 0 0
-0.0023269353424215577 0 0 0 0 1 3 3 3
0.9043077707536261 0 0 0 0 3 0 0 0
0.07461644204579101 0 0 0 0 3 3 0 0
0.09098962850110576 0 0 0 0 3 3 3 0
0.5866164884692099 0 0 0 0 3 3 3 3
0.09098962850110576 0 0 0 0 3 3 0 3
0.07707037458229457 0 0 0 0 3 0 3 0
0.06643729383788866 0 0 0 0 3 0 3 3
0.07707037458229457 0 0 0 0 3 0 0 3
0.7067142061471913 0 0 0 0 0 3 0 0
0.08711630848937196 0 0 0 0 0 3 3 0
0.08156676981814992 0 0 0 0 0 3 3 3
0.08711630848937196 0 0 0 0 0 3 0 3
0.6525914043139411 0 0 0 0 0 0 3 0
0.0872956146827872 0 0 0 0 0 0 3 3
0.652591404313941 0 0 0 0 0 0 0 3
