-189.9437880658583 0 0 0 0 0 0 0 0 0 0
2.380207824742792e-05 1 1 1 1 0 3 0 3 0 0
-0.07859109502888893 1 1 2 2 0 3 0 3 0 0
-0.0007287330813509478 1 1 3 0 0 3 0 0 0 0
0.0007287330813509128 1 1 0 3 0 3 0 0 0 0
0.006728661630682365 1 1 0 3 0 3 0 1 1 0
0.006728661630682365 1 1 0 3 0 3 0 2 2 0
0.00012482034544769631 1 1 0 0 0 3 0 3 0 0
-0.0001248203454477201 1 1 0 0 0 3 0 0 3 0
0.07861489710713637 1 2 2 1 0 3 0 3 0 0
-0.0067214478848227404 1 2 0 0 0 1 2 0 0 0
0.0067214478848227404 1 2 0 0 0 2 1 0 0 0
0.07781873405292235 1 3 1 0 1 3 3 0 0 3
-0.0853197566595713 1 3 2 3 0 3 1 3 2 0
0.0853197566595713 1 3 2 3 0 3 2 3 1 0
6.789052516065935e-05 1 3 2 0 2 3 3 0 0 3
0.0008535534267986441 1 3 2 0 0 3 1 2 0 0
-0.0008535534267986441 1 3 2 0 0 3 2 1 0 0
0.000721727907902905 1 3 3 1 1 3 3 3 0 3
6.296489821758507e-07 1 3 3 2 2 3 3 3 0 3
-6.191613904286303e-05 1 3 3 3 0 3 3 3 1 1
-6.191613904286303e-05 1 3 3 3 0 3 3 3 2 2
-0.006675972350522607 1 3 3 0 0 3 3 1 0 1
-0.006675972350522607 1 3 3 0 0 3 3 2 0 2
-0.006704859552434937 1 3 0 1 0 3 1 1 0 0
-0.006704859552434937 1 3 0 1 0 3 2 2 0 0
-0.0008535534267986332 1 3 0 2 0 3 1 0 2 0
0.0008535534267986332 1 3 0 2 0 3 2 0 1 0
-0.07781873405292235 1 0 1 3 1 3 3 0 0 3
0.08449470640344495 1 0 1 3 3 3 3 0 0 1
0.08449470640344495 1 0 1 3 3 0 0 3 3 1
-6.789052516065935e-05 1 0 2 3 2 3 3 0 0 3
-0.00085355342679862 1 0 2 3 0 1 0 3 2 0
0.00085355342679862 1 0 2 3 0 2 0 3 1 0
-0.09874530828437383 1 0 2 0 0 1 0 2 0 0
0.09874530828437383 1 0 2 0 0 2 0 1 0 0
-0.000721727907902905 1 0 0 1 1 3 3 3 0 3
0.0007836440469457682 1 0 0 1 3 3 3 3 0 1
0.0007836440469457682 1 0 0 1 3 0 0 0 3 1
-0.00085355342679862 1 0 0 1 0 1 0 1 0 0
-0.00085355342679862 1 0 0 1 0 2 0 2 0 0
-6.296489821758507e-07 1 0 0 2 2 3 3 3 0 3
-0.006720692072367423 1 0 0 2 0 1 0 0 2 0
0.006720692072367423 1 0 0 2 0 2 0 0 1 0
0.0067438628756832705 1 0 0 3 2 3 3 2 0 3
0.0067438628756832705 1 0 0 3 2 0 0 2 3 0
-0.006675972350522607 1 0 0 3 3 3 3 1 0 1
-0.006675972350522607 1 0 0 3 3 3 3 2 0 2
-0.00671966343241061 1 0 0 0 2 1 0 0 0 2
0.00671966343241061 1 0 0 0 2 2 0 0 0 1
6.254578802503888e-05 1 0 0 0 2 3 3 3 2 3
6.254578802503888e-05 1 0 0 0 2 0 0 0 2 0
-6.191613904286303e-05 1 0 0 0 3 3 3 3 1 1
-6.191613904286303e-05 1 0 0 0 3 3 3 3 2 2
0.07861489710713637 2 1 1 2 0 3 0 3 0 0
0.0067214478848227404 2 1 0 0 0 1 2 0 0 0
-0.0067214478848227404 2 1 0 0 0 2 1 0 0 0
-0.07859109502888893 2 2 1 1 0 3 0 3 0 0
2.380207824742792e-05 2 2 2 2 0 3 0 3 0 0
-0.0007287330813509478 2 2 3 0 0 3 0 0 0 0
0.0007287330813509128 2 2 0 3 0 3 0 0 0 0
0.006728661630682365 2 2 0 3 0 3 0 1 1 0
0.006728661630682365 2 2 0 3 0 3 0 2 2 0
0.00012482034544769631 2 2 0 0 0 3 0 3 0 0
-0.0001248203454477201 2 2 0 0 0 3 0 0 3 0
0.0853197566595713 2 3 1 3 0 3 1 3 2 0
-0.0853197566595713 2 3 1 3 0 3 2 3 1 0
-0.0008535534267986441 2 3 1 0 0 3 1 2 0 0
0.0008535534267986441 2 3 1 0 0 3 2 1 0 0
0.07775084352776168 2 3 2 0 1 3 3 0 0 3
0.000721098258920729 2 3 3 2 1 3 3 3 0 3
-0.006733153556503905 2 3 3 3 3 2 0 0 0 0
-0.006733153556503905 2 3 3 3 3 2 3 3 3 3
0.0008535534267986332 2 3 0 1 0 3 1 0 2 0
-0.0008535534267986332 2 3 0 1 0 3 2 0 1 0
-0.006704859552434937 2 3 0 2 0 3 1 1 0 0
-0.006704859552434937 2 3 0 2 0 3 2 2 0 0
0.00085355342679862 2 0 1 3 0 1 0 3 2 0
-0.00085355342679862 2 0 1 3 0 2 0 3 1 0
0.09874530828437383 2 0 1 0 0 1 0 2 0 0
-0.09874530828437383 2 0 1 0 0 2 0 1 0 0
-0.07775084352776168 2 0 2 3 1 3 3 0 0 3
0.08449470640344495 2 0 2 3 3 3 3 0 0 1
0.08449470640344495 2 0 2 3 3 0 0 3 3 1
0.006720692072367423 2 0 0 1 0 1 0 0 2 0
-0.006720692072367423 2 0 0 1 0 2 0 0 1 0
-0.000721098258920729 2 0 0 2 1 3 3 3 0 3
0.0007836440469457682 2 0 0 2 3 3 3 3 0 1
0.0007836440469457682 2 0 0 2 3 0 0 0 3 1
-0.00085355342679862 2 0 0 2 0 1 0 1 0 0
-0.00085355342679862 2 0 0 2 0 2 0 2 0 0
-0.0067438628756832705 2 0 0 3 1 3 3 2 0 3
-0.0067438628756832705 2 0 0 3 1 0 0 2 3 0
0.00671966343241061 2 0 0 0 1 1 0 0 0 2
-0.00671966343241061 2 0 0 0 1 2 0 0 0 1
-6.254578802503888e-05 2 0 0 0 1 3 3 3 2 3
-6.254578802503888e-05 2 0 0 0 1 0 0 0 2 0
-0.006733153556503905 2 0 0 0 0 2 0 0 0 0
-0.006733153556503905 2 0 0 0 0 2 3 3 3 3
1.1359178853531713 3 0 0 0 0 0 0 0 0 0
0.0007217279079029137 3 1 1 3 1 0 3 0 0 3
-0.0007836440469457775 3 1 1 3 3 3 0 3 3 1
-0.0007836440469457775 3 1 1 3 3 0 3 0 0 1
6.296489821758338e-07 3 1 2 3 2 0 3 0 0 3
-0.0778187340529223 3 1 0 1 1 0 3 3 0 3
0.08449470640344492 3 1 0 1 3 3 0 0 3 1
0.08449470640344492 3 1 0 1 3 0 3 3 0 1
-6.789052516066314e-05 3 1 0 2 2 0 3 3 0 3
-6.254578802503964e-05 3 1 0 3 2 3 0 2 3 0
-6.254578802503964e-05 3 1 0 3 2 0 3 2 0 3
6.191613904286379e-05 3 1 0 3 3 0 3 1 0 1
6.191613904286379e-05 3 1 0 3 3 0 3 2 0 2
0.006743862875683266 3 1 0 0 2 3 0 0 2 0
0.006743862875683266 3 1 0 0 2 0 3 3 2 3
-0.006675972350522605 3 1 0 0 3 0 3 3 1 1
-0.006675972350522605 3 1 0 0 3 0 3 3 2 2
0.0007210982589207375 3 2 2 3 1 0 3 0 0 3
-0.0007836440469457775 3 2 2 3 3 3 0 3 3 1
-0.0007836440469457775 3 2 2 3 3 0 3 0 0 1
-0.006733153556503897 3 2 3 3 3 3 2 3 3 3
-0.006733153556503897 3 2 3 3 3 0 2 0 0 0
-0.07775084352776164 3 2 0 2 1 0 3 3 0 3
0.08449470640344492 3 2 0 2 3 3 0 0 3 1
0.08449470640344492 3 2 0 2 3 0 3 3 0 1
6.254578802503964e-05 3 2 0 3 1 3 0 2 3 0
6.254578802503964e-05 3 2 0 3 1 0 3 2 0 3
-0.006743862875683266 3 2 0 0 1 3 0 0 2 0
-0.006743862875683266 3 2 0 0 1 0 3 3 2 3
0.13038158884865803 3 3 0 0 0 0 0 0 0 0
6.191613904286379e-05 3 3 1 3 1 3 1 3 3 0
6.191613904286379e-05 3 3 1 3 1 0 1 0 0 3
6.191613904286379e-05 3 3 2 3 2 3 1 3 3 0
6.191613904286379e-05 3 3 2 3 2 0 1 0 0 3
-0.006807312767073762 3 3 2 3 3 3 3 2 3 3
-6.254578802503964e-05 3 3 2 3 3 0 1 0 0 2
6.254578802503964e-05 3 3 2 3 3 0 2 0 0 1
-0.006807312767073762 3 3 2 3 3 0 0 2 0 0
-0.006807312767073763 3 3 3 2 3 3 3 3 2 3
-0.006807312767073763 3 3 3 2 3 0 0 0 2 0
-0.05531933621098507 3 3 3 3 0 0 0 0 0 0
-0.09696357911664379 3 3 3 3 2 3 3 3 3 2
-0.09696357911664379 3 3 3 3 2 0 0 0 0 2
-1.13750747872307 3 3 3 3 3 0 0 0 0 0
-0.13832918503867947 3 3 3 3 3 3 0 0 0 0
0.15323435558546045 3 3 3 3 3 3 3 3 3 3
-0.13832918503867933 3 3 3 3 3 0 3 0 0 0
-0.1383826011789756 3 3 3 3 3 0 0 3 0 0
-0.1383826011789756 3 3 3 3 3 0 0 0 3 0
-0.1522829153276289 3 3 3 3 3 0 0 0 0 3
-0.13157528841190183 3 3 3 0 3 0 0 0 0 0
-0.006675972350522605 3 3 0 1 1 3 1 0 3 0
-0.006675972350522605 3 3 0 1 1 0 1 3 0 3
-0.006675972350522605 3 3 0 2 2 3 1 0 3 0
-0.006675972350522605 3 3 0 2 2 0 1 3 0 3
0.006743862875683266 3 3 0 2 3 0 1 3 0 2
-0.006743862875683266 3 3 0 2 3 0 2 3 0 1
-0.0007836440469457775 3 3 0 3 1 0 1 1 0 3
-0.0007836440469457775 3 3 0 3 1 0 2 2 0 3
-0.13157528841190183 3 3 0 3 3 0 0 0 0 0
-0.0007217279079029137 3 3 0 3 3 3 1 1 3 1
-6.296489821758338e-07 3 3 0 3 3 3 1 2 3 2
-0.0007210982589207375 3 3 0 3 3 3 2 2 3 1
0.0007217279079029137 3 3 0 3 3 0 1 1 0 1
6.296489821758338e-07 3 3 0 3 3 0 1 2 0 2
0.0007210982589207375 3 3 0 3 3 0 2 2 0 1
0.08449470640344492 3 3 0 0 1 0 1 3 1 3
0.08449470640344492 3 3 0 0 1 0 2 3 2 3
0.0778187340529223 3 3 0 0 3 3 1 0 1 1
6.789052516066314e-05 3 3 0 0 3 3 1 0 2 2
0.07775084352776164 3 3 0 0 3 3 2 0 2 1
-0.0778187340529223 3 3 0 0 3 0 1 3 1 1
-6.789052516066314e-05 3 3 0 0 3 0 1 3 2 2
-0.07775084352776164 3 3 0 0 3 0 2 3 2 1
0.0007287330813509538 3 0 1 1 0 0 0 3 0 0
-0.006675972350522607 3 0 1 3 1 1 3 0 0 3
-0.006675972350522607 3 0 1 3 1 1 0 3 3 0
0.0007287330813509538 3 0 2 2 0 0 0 3 0 0
-0.006675972350522607 3 0 2 3 2 1 3 0 0 3
-0.006675972350522607 3 0 2 3 2 1 0 3 3 0
0.0067438628756832705 3 0 2 3 3 1 3 0 0 2
-0.0067438628756832705 3 0 2 3 3 2 3 0 0 1
0.05187876727378876 3 0 3 0 0 0 0 0 0 0
-0.13159603148217544 3 0 3 3 3 0 0 0 0 0
-6.191613904286303e-05 3 0 0 1 1 1 3 3 0 3
-6.191613904286303e-05 3 0 0 1 1 1 0 0 3 0
-6.191613904286303e-05 3 0 0 2 2 1 3 3 0 3
-6.191613904286303e-05 3 0 0 2 2 1 0 0 3 0
6.254578802503888e-05 3 0 0 2 3 1 3 3 0 2
-6.254578802503888e-05 3 0 0 2 3 2 3 3 0 1
0.13044606022443037 3 0 0 3 0 0 0 0 0 0
0.08449470640344495 3 0 0 3 1 1 3 1 0 3
0.08449470640344495 3 0 0 3 1 2 3 2 0 3
-0.07781873405292235 3 0 0 3 3 1 3 1 0 1
-6.789052516065935e-05 3 0 0 3 3 1 3 2 0 2
0.07781873405292235 3 0 0 3 3 1 0 1 3 1
6.789052516065935e-05 3 0 0 3 3 1 0 2 3 2
-0.07775084352776168 3 0 0 3 3 2 3 2 0 1
0.07775084352776168 3 0 0 3 3 2 0 2 3 1
-0.00012482034544766623 3 0 0 3 0 0 0 1 1 0
-0.00012482034544766623 3 0 0 3 0 0 0 2 2 0
0.0007836440469457682 3 0 0 0 1 1 3 3 1 3
0.0007836440469457682 3 0 0 0 1 2 3 3 2 3
0.1308045545096443 3 0 0 0 3 0 0 0 0 0
-0.000721727907902905 3 0 0 0 3 1 3 3 1 1
-6.296489821758507e-07 3 0 0 0 3 1 3 3 2 2
0.000721727907902905 3 0 0 0 3 1 0 0 1 1
6.296489821758507e-07 3 0 0 0 3 1 0 0 2 2
-0.000721098258920729 3 0 0 0 3 2 3 3 2 1
0.000721098258920729 3 0 0 0 3 2 0 0 2 1
0.15054593250312656 3 0 0 0 0 3 0 0 0 0
-0.13832918503867947 3 0 0 0 0 3 3 3 3 3
0.1371030367334808 3 0 0 0 0 0 3 0 0 0
0.1506240755581626 3 0 0 0 0 0 0 3 0 0
0.13716675229679776 3 0 0 0 0 0 0 0 3 0
0.1375242179420549 3 0 0 0 0 0 0 0 0 3
-0.006704859552434937 0 1 1 3 0 1 0 3 1 0
-0.006704859552434937 0 1 1 3 0 2 0 3 2 0
-0.0007217279079029137 0 1 1 0 1 0 3 0 0 3
0.0008535534267986443 0 1 1 0 0 1 0 1 0 0
0.0008535534267986443 0 1 1 0 0 2 0 2 0 0
0.0008535534267986328 0 1 2 3 0 0 1 3 2 0
-0.0008535534267986328 0 1 2 3 0 0 2 3 1 0
-6.296489821758338e-07 0 1 2 0 2 0 3 0 0 3
-0.006720692072367413 0 1 2 0 0 0 1 2 0 0
0.006720692072367413 0 1 2 0 0 0 2 1 0 0
0.0778187340529223 0 1 3 1 1 0 3 3 0 3
6.789052516066314e-05 0 1 3 2 2 0 3 3 0 3
-0.006675972350522605 0 1 3 3 0 0 3 3 1 1
-0.006675972350522605 0 1 3 3 0 0 3 3 2 2
6.191613904286379e-05 0 1 3 0 0 0 3 1 0 1
6.191613904286379e-05 0 1 3 0 0 0 3 2 0 2
-0.0008535534267986332 0 1 0 1 0 1 0 0 1 0
-0.0008535534267986332 0 1 0 1 0 2 0 0 2 0
0.0008535534267986328 0 1 0 1 0 0 1 1 0 0
0.0008535534267986328 0 1 0 1 0 0 2 2 0 0
-0.0853197566595713 0 1 0 2 0 1 0 2 0 0
0.0853197566595713 0 1 0 2 0 2 0 1 0 0
-0.09874530828437368 0 1 0 2 0 0 1 0 2 0
0.09874530828437368 0 1 0 2 0 0 2 0 1 0
-0.006719663432410603 0 1 0 0 2 0 1 0 0 2
0.006719663432410603 0 1 0 0 2 0 2 0 0 1
-0.0008535534267986328 0 2 1 3 0 0 1 3 2 0
0.0008535534267986328 0 2 1 3 0 0 2 3 1 0
0.006720692072367413 0 2 1 0 0 0 1 2 0 0
-0.006720692072367413 0 2 1 0 0 0 2 1 0 0
-0.006704859552434937 0 2 2 3 0 1 0 3 1 0
-0.006704859552434937 0 2 2 3 0 2 0 3 2 0
-0.0007210982589207375 0 2 2 0 1 0 3 0 0 3
0.0008535534267986443 0 2 2 0 0 1 0 1 0 0
0.0008535534267986443 0 2 2 0 0 2 0 2 0 0
0.07775084352776164 0 2 3 2 1 0 3 3 0 3
0.0853197566595713 0 2 0 1 0 1 0 2 0 0
-0.0853197566595713 0 2 0 1 0 2 0 1 0 0
0.09874530828437368 0 2 0 1 0 0 1 0 2 0
-0.09874530828437368 0 2 0 1 0 0 2 0 1 0
-0.0008535534267986332 0 2 0 2 0 1 0 0 1 0
-0.0008535534267986332 0 2 0 2 0 2 0 0 2 0
0.0008535534267986328 0 2 0 2 0 0 1 1 0 0
0.0008535534267986328 0 2 0 2 0 0 2 2 0 0
0.006719663432410603 0 2 0 0 1 0 1 0 0 2
-0.006719663432410603 0 2 0 0 1 0 2 0 0 1
-0.006733153556503897 0 2 0 0 0 3 2 3 3 3
-0.006733153556503897 0 2 0 0 0 0 2 0 0 0
1.1359178853531704 0 3 0 0 0 0 0 0 0 0
0.006728661630682365 0 3 1 1 0 1 1 3 0 0
0.006728661630682365 0 3 1 1 0 2 2 3 0 0
-0.0007287330813509066 0 3 1 1 0 0 0 3 0 0
0.006728661630682365 0 3 2 2 0 1 1 3 0 0
0.006728661630682365 0 3 2 2 0 2 2 3 0 0
-0.0007287330813509066 0 3 2 2 0 0 0 3 0 0
0.0067438628756832705 0 3 2 0 0 1 3 0 0 2
-0.0067438628756832705 0 3 2 0 0 2 3 0 0 1
0.13044606022443017 0 3 3 0 0 0 0 0 0 0
6.254578802503888e-05 0 3 3 2 0 1 3 3 0 2
-6.254578802503888e-05 0 3 3 2 0 2 3 3 0 1
0.0007836440469457682 0 3 3 3 1 1 3 3 1 3
0.0007836440469457682 0 3 3 3 1 2 3 3 2 3
-0.13159603148217555 0 3 3 3 3 0 0 0 0 0
0.08449470640344495 0 3 3 0 1 1 3 1 0 3
0.08449470640344495 0 3 3 0 1 2 3 2 0 3
0.00012482034544769631 0 3 3 0 0 1 1 0 0 0
0.00012482034544769631 0 3 3 0 0 2 2 0 0 0
0.05187876727378875 0 3 0 3 0 0 0 0 0 0
-0.0001248203454477201 0 3 0 3 0 1 1 0 0 0
2.380207824742792e-05 0 3 0 3 0 1 1 1 1 0
-0.07859109502888893 0 3 0 3 0 1 1 2 2 0
0.07861489710713637 0 3 0 3 0 1 2 2 1 0
0.07861489710713637 0 3 0 3 0 2 1 1 2 0
-0.0001248203454477201 0 3 0 3 0 2 2 0 0 0
-0.07859109502888893 0 3 0 3 0 2 2 1 1 0
2.380207824742792e-05 0 3 0 3 0 2 2 2 2 0
0.00012482034544772618 0 3 0 3 0 0 0 1 1 0
0.00012482034544772618 0 3 0 3 0 0 0 2 2 0
0.13080455450964415 0 3 0 0 3 0 0 0 0 0
-0.0007287330813509478 0 3 0 0 0 1 1 3 0 0
0.0007287330813509128 0 3 0 0 0 1 1 0 3 0
-0.0007287330813509478 0 3 0 0 0 2 2 3 0 0
0.0007287330813509128 0 3 0 0 0 2 2 0 3 0
0.1371030367334808 0 3 0 0 0 3 0 0 0 0
-0.13832918503867933 0 3 0 0 0 3 3 3 3 3
0.15054593250312617 0 3 0 0 0 0 3 0 0 0
0.1371667522967976 0 3 0 0 0 0 0 3 0 0
0.15062407555816243 0 3 0 0 0 0 0 0 3 0
0.13752421794205474 0 3 0 0 0 0 0 0 0 3
-0.00012482034544766623 0 0 1 1 0 3 0 3 0 0
0.00012482034544772618 0 0 1 1 0 0 3 3 0 0
-0.006738220437356278 0 0 1 2 0 0 0 1 2 0
0.006738220437356278 0 0 1 2 0 0 0 2 1 0
-0.006658248681001635 0 0 1 0 2 0 0 1 0 2
0.006658248681001635 0 0 1 0 2 0 0 2 0 1
0.006738220437356278 0 0 2 1 0 0 0 1 2 0
-0.006738220437356278 0 0 2 1 0 0 0 2 1 0
-0.00012482034544766623 0 0 2 2 0 3 0 3 0 0
0.00012482034544772618 0 0 2 2 0 0 3 3 0 0
0.006658248681001635 0 0 2 0 1 0 0 1 0 2
-0.006658248681001635 0 0 2 0 1 0 0 2 0 1
-0.006807312767073762 0 0 2 0 0 3 3 2 3 3
-6.254578802503964e-05 0 0 2 0 0 0 1 0 0 2
6.254578802503964e-05 0 0 2 0 0 0 2 0 0 1
-0.006807312767073762 0 0 2 0 0 0 0 2 0 0
1.1347492832720985 0 0 3 0 0 0 0 0 0 0
0.006743862875683266 0 0 3 2 0 0 1 3 0 2
-0.006743862875683266 0 0 3 2 0 0 2 3 0 1
0.13049012503539775 0 0 3 3 0 0 0 0 0 0
0.08449470640344492 0 0 3 3 1 0 1 3 1 3
0.08449470640344492 0 0 3 3 1 0 2 3 2 3
-0.0007836440469457775 0 0 3 0 1 0 1 1 0 3
-0.0007836440469457775 0 0 3 0 1 0 2 2 0 3
0.1309190484017281 0 0 3 0 3 0 0 0 0 0
0.1506240755581626 0 0 3 0 0 3 0 0 0 0
-0.1383826011789756 0 0 3 0 0 3 3 3 3 3
0.1371667522967976 0 0 3 0 0 0 3 0 0 0
0.15070478634746667 0 0 3 0 0 0 0 3 0 0
0.13722834547275403 0 0 3 0 0 0 0 0 3 0
0.13757729708272973 0 0 3 0 0 0 0 0 0 3
-0.006658248681001635 0 0 0 1 2 0 0 0 1 2
0.006658248681001635 0 0 0 1 2 0 0 0 2 1
0.006658248681001635 0 0 0 2 1 0 0 0 1 2
-0.006658248681001635 0 0 0 2 1 0 0 0 2 1
-0.006807312767073763 0 0 0 2 0 3 3 3 2 3
-0.006807312767073763 0 0 0 2 0 0 0 0 2 0
1.1347492832720998 0 0 0 3 0 0 0 0 0 0
0.13091904840172813 0 0 0 3 3 0 0 0 0 0
0.13716675229679776 0 0 0 3 0 3 0 0 0 0
-0.1383826011789756 0 0 0 3 0 3 3 3 3 3
0.0007287330813509538 0 0 0 3 0 3 0 1 1 0
0.0007287330813509538 0 0 0 3 0 3 0 2 2 0
0.15062407555816243 0 0 0 3 0 0 3 0 0 0
-0.0007287330813509066 0 0 0 3 0 0 3 1 1 0
-0.0007287330813509066 0 0 0 3 0 0 3 2 2 0
0.13722834547275403 0 0 0 3 0 0 0 3 0 0
0.15070478634746673 0 0 0 3 0 0 0 0 3 0
0.13757729708272975 0 0 0 3 0 0 0 0 0 3
-0.09696357911664379 0 0 0 0 2 3 3 3 3 2
-0.09696357911664379 0 0 0 0 2 0 0 0 0 2
1.1464410500230748 0 0 0 0 3 0 0 0 0 0
0.1375242179420549 0 0 0 0 3 3 0 0 0 0
-0.1522829153276289 0 0 0 0 3 3 3 3 3 3
0.13752421794205474 0 0 0 0 3 0 3 0 0 0
0.13757729708272973 0 0 0 0 3 0 0 3 0 0
0.13757729708272975 0 0 0 0 3 0 0 0 3 0
0.1514738143397552 0 0 0 0 3 0 0 0 0 3
1.135917885353171 0 0 0 0 0 3 0 0 0 0
0.13038158884865803 0 0 0 0 0 3 3 0 0 0
-0.05531933621098507 0 0 0 0 0 3 3 3 3 0
-1.13750747872307 0 0 0 0 0 3 3 3 3 3
-0.13157528841190183 0 0 0 0 0 3 3 3 0 3
-0.13157528841190183 0 0 0 0 0 3 3 0 3 3
0.05187876727378876 0 0 0 0 0 3 0 3 0 0
-0.13159603148217544 0 0 0 0 0 3 0 3 3 3
0.13044606022443037 0 0 0 0 0 3 0 0 3 0
0.1308045545096443 0 0 0 0 0 3 0 0 0 3
1.1359178853531697 0 0 0 0 0 0 3 0 0 0
0.13044606022443017 0 0 0 0 0 0 3 3 0 0
-0.13159603148217555 0 0 0 0 0 0 3 3 3 3
0.05187876727378875 0 0 0 0 0 0 3 0 3 0
0.13080455450964415 0 0 0 0 0 0 3 0 0 3
1.1347492832720987 0 0 0 0 0 0 0 3 0 0
0.13049012503539775 0 0 0 0 0 0 0 3 3 0
0.1309190484017281 0 0 0 0 0 0 0 3 0 3
1.1347492832721002 0 0 0 0 0 0 0 0 3 0
0.13091904840172813 0 0 0 0 0 0 0 0 3 3
1.1464410500230748 0 0 0 0 0 0 0 0 0 3
