-189.72557306884792 0 0 0 0 0 0 0 0 0 0
7.28549655694726e-05 1 1 1 1 0 3 0 3 0 0
-0.07245294007322323 1 1 2 2 0 3 0 3 0 0
-0.001241748148067483 1 1 3 0 0 3 0 0 0 0
0.0012417481480675 1 1 0 3 0 3 0 0 0 0
0.006743211511909019 1 1 0 3 0 3 0 1 1 0
0.006743211511909019 1 1 0 3 0 3 0 2 2 0
0.00023137221777195716 1 1 0 0 0 3 0 3 0 0
-0.00023137221777193748 1 1 0 0 0 3 0 0 3 0
0.07252579503879274 1 2 2 1 0 3 0 3 0 0
-0.006691640261685157 1 2 0 0 0 1 2 0 0 0
0.006691640261685157 1 2 0 0 0 2 1 0 0 0
0.07093715442972369 1 3 1 0 1 3 3 0 0 3
-0.07919615158513227 1 3 2 3 0 3 1 3 2 0
0.07919615158513227 1 3 2 3 0 3 2 3 1 0
0.00020217885945614548 1 3 2 0 2 3 3 0 0 3
0.00147312036583944 1 3 2 0 0 3 1 2 0 0
-0.00147312036583944 1 3 2 0 0 3 2 1 0 0
0.0012166353386276376 1 3 3 1 1 3 3 3 0 3
3.4675473962161804e-06 1 3 3 2 2 3 3 3 0 3
-0.00011197283502148312 1 3 3 3 0 3 3 3 1 1
-0.00011197283502148312 1 3 3 3 0 3 3 3 2 2
-0.00652868944182785 1 3 3 0 0 3 3 1 0 1
-0.00652868944182785 1 3 3 0 0 3 3 2 0 2
-0.006670356546339544 1 3 0 1 0 3 1 1 0 0
-0.006670356546339544 1 3 0 1 0 3 2 2 0 0
-0.0014731203658394376 1 3 0 2 0 3 1 0 2 0
0.0014731203658394376 1 3 0 2 0 3 2 0 1 0
-0.07093715442972369 1 0 1 3 1 3 3 0 0 3
0.07746584387155153 1 0 1 3 3 3 3 0 0 1
0.07746584387155153 1 0 1 3 3 0 0 3 3 1
-0.00020217885945614548 1 0 2 3 2 3 3 0 0 3
-0.001473120365839466 1 0 2 3 0 1 0 3 2 0
0.001473120365839466 1 0 2 3 0 2 0 3 1 0
-0.09258739532876692 1 0 2 0 0 1 0 2 0 0
0.09258739532876692 1 0 2 0 0 2 0 1 0 0
-0.0012166353386276376 1 0 0 1 1 3 3 3 0 3
0.0013286081736491205 1 0 0 1 3 3 3 3 0 1
0.0013286081736491205 1 0 0 1 3 0 0 0 3 1
-0.001473120365839466 1 0 0 1 0 1 0 1 0 0
-0.001473120365839466 1 0 0 1 0 2 0 2 0 0
-3.4675473962161804e-06 1 0 0 2 2 3 3 3 0 3
-0.006720887197295042 1 0 0 2 0 1 0 0 2 0
0.006720887197295042 1 0 0 2 0 2 0 0 1 0
0.006730868301283999 1 0 0 3 2 3 3 2 0 3
0.006730868301283999 1 0 0 3 2 0 0 2 3 0
-0.00652868944182785 1 0 0 3 3 3 3 1 0 1
-0.00652868944182785 1 0 0 3 3 3 3 2 0 2
-0.006740473905634009 1 0 0 0 2 1 0 0 0 2
0.006740473905634009 1 0 0 0 2 2 0 0 0 1
0.0001154403824176993 1 0 0 0 2 3 3 3 2 3
0.0001154403824176993 1 0 0 0 2 0 0 0 2 0
-0.00011197283502148312 1 0 0 0 3 3 3 3 1 1
-0.00011197283502148312 1 0 0 0 3 3 3 3 2 2
0.07252579503879274 2 1 1 2 0 3 0 3 0 0
0.006691640261685157 2 1 0 0 0 1 2 0 0 0
-0.006691640261685157 2 1 0 0 0 2 1 0 0 0
-0.07245294007322323 2 2 1 1 0 3 0 3 0 0
7.28549655694726e-05 2 2 2 2 0 3 0 3 0 0
-0.001241748148067483 2 2 3 0 0 3 0 0 0 0
0.0012417481480675 2 2 0 3 0 3 0 0 0 0
0.006743211511909019 2 2 0 3 0 3 0 1 1 0
0.006743211511909019 2 2 0 3 0 3 0 2 2 0
0.00023137221777195716 2 2 0 0 0 3 0 3 0 0
-0.00023137221777193748 2 2 0 0 0 3 0 0 3 0
0.07919615158513227 2 3 1 3 0 3 1 3 2 0
-0.07919615158513227 2 3 1 3 0 3 2 3 1 0
-0.00147312036583944 2 3 1 0 0 3 1 2 0 0
0.00147312036583944 2 3 1 0 0 3 2 1 0 0
0.07073497557026753 2 3 2 0 1 3 3 0 0 3
0.0012131677912314211 2 3 3 2 1 3 3 3 0 3
-0.00686067977280593 2 3 3 3 3 2 0 0 0 0
-0.00686067977280593 2 3 3 3 3 2 3 3 3 3
0.0014731203658394376 2 3 0 1 0 3 1 0 2 0
-0.0014731203658394376 2 3 0 1 0 3 2 0 1 0
-0.006670356546339544 2 3 0 2 0 3 1 1 0 0
-0.006670356546339544 2 3 0 2 0 3 2 2 0 0
0.001473120365839466 2 0 1 3 0 1 0 3 2 0
-0.001473120365839466 2 0 1 3 0 2 0 3 1 0
0.09258739532876692 2 0 1 0 0 1 0 2 0 0
-0.09258739532876692 2 0 1 0 0 2 0 1 0 0
-0.07073497557026753 2 0 2 3 1 3 3 0 0 3
0.07746584387155153 2 0 2 3 3 3 3 0 0 1
0.07746584387155153 2 0 2 3 3 0 0 3 3 1
0.006720887197295042 2 0 0 1 0 1 0 0 2 0
-0.006720887197295042 2 0 0 1 0 2 0 0 1 0
-0.0012131677912314211 2 0 0 2 1 3 3 3 0 3
0.0013286081736491205 2 0 0 2 3 3 3 3 0 1
0.0013286081736491205 2 0 0 2 3 0 0 0 3 1
-0.001473120365839466 2 0 0 2 0 1 0 1 0 0
-0.001473120365839466 2 0 0 2 0 2 0 2 0 0
-0.006730868301283999 2 0 0 3 1 3 3 2 0 3
-0.006730868301283999 2 0 0 3 1 0 0 2 3 0
0.006740473905634009 2 0 0 0 1 1 0 0 0 2
-0.006740473905634009 2 0 0 0 1 2 0 0 0 1
-0.0001154403824176993 2 0 0 0 1 3 3 3 2 3
-0.0001154403824176993 2 0 0 0 1 0 0 0 2 0
-0.00686067977280593 2 0 0 0 0 2 0 0 0 0
-0.00686067977280593 2 0 0 0 0 2 3 3 3 3
1.1897144149150498 3 0 0 0 0 0 0 0 0 0
0.0012166353386276398 3 1 1 3 1 0 3 0 0 3
-0.0013286081736491229 3 1 1 3 3 3 0 3 3 1
-0.0013286081736491229 3 1 1 3 3 0 3 0 0 1
3.4675473962163515e-06 3 1 2 3 2 0 3 0 0 3
-0.0709371544297237 3 1 0 1 1 0 3 3 0 3
0.07746584387155155 3 1 0 1 3 3 0 0 3 1
0.07746584387155155 3 1 0 1 3 0 3 3 0 1
-0.00020217885945614863 3 1 0 2 2 0 3 3 0 3
-0.00011544038241769955 3 1 0 3 2 3 0 2 3 0
-0.00011544038241769955 3 1 0 3 2 0 3 2 0 3
0.00011197283502148321 3 1 0 3 3 0 3 1 0 1
0.00011197283502148321 3 1 0 3 3 0 3 2 0 2
0.0067308683012840004 3 1 0 0 2 3 0 0 2 0
0.0067308683012840004 3 1 0 0 2 0 3 3 2 3
-0.0065286894418278545 3 1 0 0 3 0 3 3 1 1
-0.0065286894418278545 3 1 0 0 3 0 3 3 2 2
0.0012131677912314233 3 2 2 3 1 0 3 0 0 3
-0.0013286081736491229 3 2 2 3 3 3 0 3 3 1
-0.0013286081736491229 3 2 2 3 3 0 3 0 0 1
-0.006860679772805931 3 2 3 3 3 3 2 3 3 3
-0.006860679772805931 3 2 3 3 3 0 2 0 0 0
-0.07073497557026755 3 2 0 2 1 0 3 3 0 3
0.07746584387155155 3 2 0 2 3 3 0 0 3 1
0.07746584387155155 3 2 0 2 3 0 3 3 0 1
0.00011544038241769955 3 2 0 3 1 3 0 2 3 0
0.00011544038241769955 3 2 0 3 1 0 3 2 0 3
-0.0067308683012840004 3 2 0 0 1 3 0 0 2 0
-0.0067308683012840004 3 2 0 0 1 0 3 3 2 3
0.1362067128789956 3 3 0 0 0 0 0 0 0 0
0.00011197283502148321 3 3 1 3 1 3 1 3 3 0
0.00011197283502148321 3 3 1 3 1 0 1 0 0 3
0.00011197283502148321 3 3 2 3 2 3 1 3 3 0
0.00011197283502148321 3 3 2 3 2 0 1 0 0 3
-0.0070711135687337185 3 3 2 3 3 3 3 2 3 3
-0.00011544038241769955 3 3 2 3 3 0 1 0 0 2
0.00011544038241769955 3 3 2 3 3 0 2 0 0 1
-0.0070711135687337185 3 3 2 3 3 0 0 2 0 0
-0.007071113568733724 3 3 3 2 3 3 3 3 2 3
-0.007071113568733724 3 3 3 2 3 0 0 0 2 0
-0.07119190970651851 3 3 3 3 0 0 0 0 0 0
-0.0887834120932882 3 3 3 3 2 3 3 3 3 2
-0.0887834120932882 3 3 3 3 2 0 0 0 0 2
-1.1776343639703437 3 3 3 3 3 0 0 0 0 0
-0.146246201637565 3 3 3 3 3 3 0 0 0 0
0.16372237449826124 3 3 3 3 3 3 3 3 3 3
-0.14624620163756505 3 3 3 3 3 0 3 0 0 0
-0.14654511984843804 3 3 3 3 3 0 0 3 0 0
-0.14654511984843813 3 3 3 3 3 0 0 0 3 0
-0.15997532179980672 3 3 3 3 3 0 0 0 0 3
-0.13947400627970438 3 3 3 0 3 0 0 0 0 0
-0.0065286894418278545 3 3 0 1 1 3 1 0 3 0
-0.0065286894418278545 3 3 0 1 1 0 1 3 0 3
-0.0065286894418278545 3 3 0 2 2 3 1 0 3 0
-0.0065286894418278545 3 3 0 2 2 0 1 3 0 3
0.0067308683012840004 3 3 0 2 3 0 1 3 0 2
-0.0067308683012840004 3 3 0 2 3 0 2 3 0 1
-0.0013286081736491229 3 3 0 3 1 0 1 1 0 3
-0.0013286081736491229 3 3 0 3 1 0 2 2 0 3
-0.13947400627970433 3 3 0 3 3 0 0 0 0 0
-0.0012166353386276398 3 3 0 3 3 3 1 1 3 1
-3.4675473962163515e-06 3 3 0 3 3 3 1 2 3 2
-0.0012131677912314233 3 3 0 3 3 3 2 2 3 1
0.0012166353386276398 3 3 0 3 3 0 1 1 0 1
3.4675473962163515e-06 3 3 0 3 3 0 1 2 0 2
0.0012131677912314233 3 3 0 3 3 0 2 2 0 1
0.07746584387155155 3 3 0 0 1 0 1 3 1 3
0.07746584387155155 3 3 0 0 1 0 2 3 2 3
0.0709371544297237 3 3 0 0 3 3 1 0 1 1
0.00020217885945614863 3 3 0 0 3 3 1 0 2 2
0.07073497557026755 3 3 0 0 3 3 2 0 2 1
-0.0709371544297237 3 3 0 0 3 0 1 3 1 1
-0.00020217885945614863 3 3 0 0 3 0 1 3 2 2
-0.07073497557026755 3 3 0 0 3 0 2 3 2 1
0.00124174814806749 3 0 1 1 0 0 0 3 0 0
-0.00652868944182785 3 0 1 3 1 1 3 0 0 3
-0.00652868944182785 3 0 1 3 1 1 0 3 3 0
0.00124174814806749 3 0 2 2 0 0 0 3 0 0
-0.00652868944182785 3 0 2 3 2 1 3 0 0 3
-0.00652868944182785 3 0 2 3 2 1 0 3 3 0
0.006730868301283999 3 0 2 3 3 1 3 0 0 2
-0.006730868301283999 3 0 2 3 3 2 3 0 0 1
0.0641780821097778 3 0 3 0 0 0 0 0 0 0
-0.1393855218647591 3 0 3 3 3 0 0 0 0 0
-0.00011197283502148312 3 0 0 1 1 1 3 3 0 3
-0.00011197283502148312 3 0 0 1 1 1 0 0 3 0
-0.00011197283502148312 3 0 0 2 2 1 3 3 0 3
-0.00011197283502148312 3 0 0 2 2 1 0 0 3 0
0.0001154403824176993 3 0 0 2 3 1 3 3 0 2
-0.0001154403824176993 3 0 0 2 3 2 3 3 0 1
0.13655816721743164 3 0 0 3 0 0 0 0 0 0
0.07746584387155153 3 0 0 3 1 1 3 1 0 3
0.07746584387155153 3 0 0 3 1 2 3 2 0 3
-0.07093715442972369 3 0 0 3 3 1 3 1 0 1
-0.00020217885945614548 3 0 0 3 3 1 3 2 0 2
0.07093715442972369 3 0 0 3 3 1 0 1 3 1
0.00020217885945614548 3 0 0 3 3 1 0 2 3 2
-0.07073497557026753 3 0 0 3 3 2 3 2 0 1
0.07073497557026753 3 0 0 3 3 2 0 2 3 1
-0.00023137221777197616 3 0 0 3 0 0 0 1 1 0
-0.00023137221777197616 3 0 0 3 0 0 0 2 2 0
0.0013286081736491205 3 0 0 0 1 1 3 3 1 3
0.0013286081736491205 3 0 0 0 1 2 3 3 2 3
0.13650201709914117 3 0 0 0 3 0 0 0 0 0
-0.0012166353386276376 3 0 0 0 3 1 3 3 1 1
-3.4675473962161804e-06 3 0 0 0 3 1 3 3 2 2
0.0012166353386276376 3 0 0 0 3 1 0 0 1 1
3.4675473962161804e-06 3 0 0 0 3 1 0 0 2 2
-0.0012131677912314211 3 0 0 0 3 2 3 3 2 1
0.0012131677912314211 3 0 0 0 3 2 0 0 2 1
0.15628163366405112 3 0 0 0 0 3 0 0 0 0
-0.146246201637565 3 0 0 0 0 3 3 3 3 3
0.14289835314068078 3 0 0 0 0 0 3 0 0 0
0.15676547743854471 3 0 0 0 0 0 0 3 0 0
0.14327905441472666 3 0 0 0 0 0 0 0 3 0
0.1432424910047752 3 0 0 0 0 0 0 0 0 3
-0.006670356546339544 0 1 1 3 0 1 0 3 1 0
-0.006670356546339544 0 1 1 3 0 2 0 3 2 0
-0.0012166353386276398 0 1 1 0 1 0 3 0 0 3
0.00147312036583944 0 1 1 0 0 1 0 1 0 0
0.00147312036583944 0 1 1 0 0 2 0 2 0 0
0.001473120365839468 0 1 2 3 0 0 1 3 2 0
-0.001473120365839468 0 1 2 3 0 0 2 3 1 0
-3.4675473962163515e-06 0 1 2 0 2 0 3 0 0 3
-0.006720887197295042 0 1 2 0 0 0 1 2 0 0
0.006720887197295042 0 1 2 0 0 0 2 1 0 0
0.0709371544297237 0 1 3 1 1 0 3 3 0 3
0.00020217885945614863 0 1 3 2 2 0 3 3 0 3
-0.0065286894418278545 0 1 3 3 0 0 3 3 1 1
-0.0065286894418278545 0 1 3 3 0 0 3 3 2 2
0.00011197283502148321 0 1 3 0 0 0 3 1 0 1
0.00011197283502148321 0 1 3 0 0 0 3 2 0 2
-0.0014731203658394376 0 1 0 1 0 1 0 0 1 0
-0.0014731203658394376 0 1 0 1 0 2 0 0 2 0
0.001473120365839468 0 1 0 1 0 0 1 1 0 0
0.001473120365839468 0 1 0 1 0 0 2 2 0 0
-0.07919615158513227 0 1 0 2 0 1 0 2 0 0
0.07919615158513227 0 1 0 2 0 2 0 1 0 0
-0.09258739532876697 0 1 0 2 0 0 1 0 2 0
0.09258739532876697 0 1 0 2 0 0 2 0 1 0
-0.006740473905634011 0 1 0 0 2 0 1 0 0 2
0.006740473905634011 0 1 0 0 2 0 2 0 0 1
-0.001473120365839468 0 2 1 3 0 0 1 3 2 0
0.001473120365839468 0 2 1 3 0 0 2 3 1 0
0.006720887197295042 0 2 1 0 0 0 1 2 0 0
-0.006720887197295042 0 2 1 0 0 0 2 1 0 0
-0.006670356546339544 0 2 2 3 0 1 0 3 1 0
-0.006670356546339544 0 2 2 3 0 2 0 3 2 0
-0.0012131677912314233 0 2 2 0 1 0 3 0 0 3
0.00147312036583944 0 2 2 0 0 1 0 1 0 0
0.00147312036583944 0 2 2 0 0 2 0 2 0 0
0.07073497557026755 0 2 3 2 1 0 3 3 0 3
0.07919615158513227 0 2 0 1 0 1 0 2 0 0
-0.07919615158513227 0 2 0 1 0 2 0 1 0 0
0.09258739532876697 0 2 0 1 0 0 1 0 2 0
-0.09258739532876697 0 2 0 1 0 0 2 0 1 0
-0.0014731203658394376 0 2 0 2 0 1 0 0 1 0
-0.0014731203658394376 0 2 0 2 0 2 0 0 2 0
0.001473120365839468 0 2 0 2 0 0 1 1 0 0
0.001473120365839468 0 2 0 2 0 0 2 2 0 0
0.006740473905634011 0 2 0 0 1 0 1 0 0 2
-0.006740473905634011 0 2 0 0 1 0 2 0 0 1
-0.006860679772805931 0 2 0 0 0 3 2 3 3 3
-0.006860679772805931 0 2 0 0 0 0 2 0 0 0
1.1897144149150518 0 3 0 0 0 0 0 0 0 0
0.006743211511909019 0 3 1 1 0 1 1 3 0 0
0.006743211511909019 0 3 1 1 0 2 2 3 0 0
-0.0012417481480675036 0 3 1 1 0 0 0 3 0 0
0.006743211511909019 0 3 2 2 0 1 1 3 0 0
0.006743211511909019 0 3 2 2 0 2 2 3 0 0
-0.0012417481480675036 0 3 2 2 0 0 0 3 0 0
0.006730868301283999 0 3 2 0 0 1 3 0 0 2
-0.006730868301283999 0 3 2 0 0 2 3 0 0 1
0.1365581672174316 0 3 3 0 0 0 0 0 0 0
0.0001154403824176993 0 3 3 2 0 1 3 3 0 2
-0.0001154403824176993 0 3 3 2 0 2 3 3 0 1
0.0013286081736491205 0 3 3 3 1 1 3 3 1 3
0.0013286081736491205 0 3 3 3 1 2 3 3 2 3
-0.13938552186475905 0 3 3 3 3 0 0 0 0 0
0.07746584387155153 0 3 3 0 1 1 3 1 0 3
0.07746584387155153 0 3 3 0 1 2 3 2 0 3
0.00023137221777195716 0 3 3 0 0 1 1 0 0 0
0.00023137221777195716 0 3 3 0 0 2 2 0 0 0
0.06417808210977784 0 3 0 3 0 0 0 0 0 0
-0.00023137221777193748 0 3 0 3 0 1 1 0 0 0
7.28549655694726e-05 0 3 0 3 0 1 1 1 1 0
-0.07245294007322323 0 3 0 3 0 1 1 2 2 0
0.07252579503879274 0 3 0 3 0 1 2 2 1 0
0.07252579503879274 0 3 0 3 0 2 1 1 2 0
-0.00023137221777193748 0 3 0 3 0 2 2 0 0 0
-0.07245294007322323 0 3 0 3 0 2 2 1 1 0
7.28549655694726e-05 0 3 0 3 0 2 2 2 2 0
0.0002313722177719646 0 3 0 3 0 0 0 1 1 0
0.0002313722177719646 0 3 0 3 0 0 0 2 2 0
0.13650201709914123 0 3 0 0 3 0 0 0 0 0
-0.001241748148067483 0 3 0 0 0 1 1 3 0 0
0.0012417481480675 0 3 0 0 0 1 1 0 3 0
-0.001241748148067483 0 3 0 0 0 2 2 3 0 0
0.0012417481480675 0 3 0 0 0 2 2 0 3 0
0.14289835314068078 0 3 0 0 0 3 0 0 0 0
-0.14624620163756505 0 3 0 0 0 3 3 3 3 3
0.15628163366405118 0 3 0 0 0 0 3 0 0 0
0.14327905441472666 0 3 0 0 0 0 0 3 0 0
0.1567654774385448 0 3 0 0 0 0 0 0 3 0
0.14324249100477524 0 3 0 0 0 0 0 0 0 3
-0.00023137221777197616 0 0 1 1 0 3 0 3 0 0
0.0002313722177719646 0 0 1 1 0 0 3 3 0 0
-0.006804435357796542 0 0 1 2 0 0 0 1 2 0
0.006804435357796542 0 0 1 2 0 0 0 2 1 0
-0.006565954969135471 0 0 1 0 2 0 0 1 0 2
0.006565954969135471 0 0 1 0 2 0 0 2 0 1
0.006804435357796542 0 0 2 1 0 0 0 1 2 0
-0.006804435357796542 0 0 2 1 0 0 0 2 1 0
-0.00023137221777197616 0 0 2 2 0 3 0 3 0 0
0.0002313722177719646 0 0 2 2 0 0 3 3 0 0
0.006565954969135471 0 0 2 0 1 0 0 1 0 2
-0.006565954969135471 0 0 2 0 1 0 0 2 0 1
-0.0070711135687337185 0 0 2 0 0 3 3 2 3 3
-0.00011544038241769955 0 0 2 0 0 0 1 0 0 2
0.00011544038241769955 0 0 2 0 0 0 2 0 0 1
-0.0070711135687337185 0 0 2 0 0 0 0 2 0 0
1.1820292688811402 0 0 3 0 0 0 0 0 0 0
0.0067308683012840004 0 0 3 2 0 0 1 3 0 2
-0.0067308683012840004 0 0 3 2 0 0 2 3 0 1
0.13685712134066136 0 0 3 3 0 0 0 0 0 0
0.07746584387155155 0 0 3 3 1 0 1 3 1 3
0.07746584387155155 0 0 3 3 1 0 2 3 2 3
-0.0013286081736491229 0 0 3 0 1 0 1 1 0 3
-0.0013286081736491229 0 0 3 0 1 0 2 2 0 3
0.13696370477493225 0 0 3 0 3 0 0 0 0 0
0.15676547743854471 0 0 3 0 0 3 0 0 0 0
-0.14654511984843804 0 0 3 0 0 3 3 3 3 3
0.14327905441472666 0 0 3 0 0 0 3 0 0 0
0.157270427414051 0 0 3 0 0 0 0 3 0 0
0.14366155669845793 0 0 3 0 0 0 0 0 3 0
0.14352965974406773 0 0 3 0 0 0 0 0 0 3
-0.006565954969135474 0 0 0 1 2 0 0 0 1 2
0.006565954969135474 0 0 0 1 2 0 0 0 2 1
0.006565954969135474 0 0 0 2 1 0 0 0 1 2
-0.006565954969135474 0 0 0 2 1 0 0 0 2 1
-0.007071113568733724 0 0 0 2 0 3 3 3 2 3
-0.007071113568733724 0 0 0 2 0 0 0 0 2 0
1.1820292688811413 0 0 0 3 0 0 0 0 0 0
0.1369637047749323 0 0 0 3 3 0 0 0 0 0
0.14327905441472666 0 0 0 3 0 3 0 0 0 0
-0.14654511984843813 0 0 0 3 0 3 3 3 3 3
0.00124174814806749 0 0 0 3 0 3 0 1 1 0
0.00124174814806749 0 0 0 3 0 3 0 2 2 0
0.1567654774385448 0 0 0 3 0 0 3 0 0 0
-0.0012417481480675036 0 0 0 3 0 0 3 1 1 0
-0.0012417481480675036 0 0 0 3 0 0 3 2 2 0
0.14366155669845793 0 0 0 3 0 0 0 3 0 0
0.15727042741405112 0 0 0 3 0 0 0 0 3 0
0.14352965974406778 0 0 0 3 0 0 0 0 0 3
-0.0887834120932882 0 0 0 0 2 3 3 3 3 2
-0.0887834120932882 0 0 0 0 2 0 0 0 0 2
1.2182109283264257 0 0 0 0 3 0 0 0 0 0
0.1432424910047752 0 0 0 0 3 3 0 0 0 0
-0.15997532179980672 0 0 0 0 3 3 3 3 3 3
0.14324249100477524 0 0 0 0 3 0 3 0 0 0
0.14352965974406773 0 0 0 0 3 0 0 3 0 0
0.14352965974406778 0 0 0 0 3 0 0 0 3 0
0.1573920410784454 0 0 0 0 3 0 0 0 0 3
1.18971441491505 0 0 0 0 0 3 0 0 0 0
0.1362067128789956 0 0 0 0 0 3 3 0 0 0
-0.07119190970651851 0 0 0 0 0 3 3 3 3 0
-1.1776343639703437 0 0 0 0 0 3 3 3 3 3
-0.13947400627970438 0 0 0 0 0 3 3 3 0 3
-0.13947400627970433 0 0 0 0 0 3 3 0 3 3
0.0641780821097778 0 0 0 0 0 3 0 3 0 0
-0.1393855218647591 0 0 0 0 0 3 0 3 3 3
0.13655816721743164 0 0 0 0 0 3 0 0 3 0
0.13650201709914117 0 0 0 0 0 3 0 0 0 3
1.1897144149150523 0 0 0 0 0 0 3 0 0 0
0.1365581672174316 0 0 0 0 0 0 3 3 0 0
-0.13938552186475905 0 0 0 0 0 0 3 3 3 3
0.06417808210977784 0 0 0 0 0 0 3 0 3 0
0.13650201709914123 0 0 0 0 0 0 3 0 0 3
1.18202926888114 0 0 0 0 0 0 0 3 0 0
0.13685712134066136 0 0 0 0 0 0 0 3 3 0
0.13696370477493225 0 0 0 0 0 0 0 3 0 3
1.1820292688811413 0 0 0 0 0 0 0 0 3 0
0.1369637047749323 0 0 0 0 0 0 0 0 3 3
1.218210928326426 0 0 0 0 0 0 0 0 0 3
