1.7659303166536109 0 0 0 0 0 0
-0.054888431782656774 1 1 1 3 0 3
0.027315272227897397 1 1 3 3 1 1
0.027315272227897397 1 1 3 3 2 2
0.03473419151239613 1 1 3 3 0 1
-0.03473419151239613 1 1 3 0 3 1
-0.03089376016818101 1 2 2 3 0 3
-0.037782530599833025 1 2 0 1 2 0
0.012959902783533097 1 2 0 2 0 0
0.037782530599833025 1 2 0 2 1 0
-0.012959902783533097 1 2 0 2 3 3
0.0012719154595929472 1 3 1 3 0 0
-0.002959969833684772 1 3 1 3 3 0
0.010116018588359376 1 3 1 3 3 3
0.026066671935810883 1 3 1 0 3 0
0.03106517200529672 1 3 1 0 0 3
0.012959902783533097 1 3 0 1 1 3
0.012959902783533097 1 3 0 2 2 3
0.00728997562106774 1 3 0 3 1 1
0.00728997562106774 1 3 0 3 2 2
0.010882633712140904 1 0 1 3 3 0
-0.026863062173092728 1 0 2 1 0 2
0.026863062173092728 1 0 2 2 0 1
0.022736855705158245 1 0 2 3 2 3
-0.022736855705158245 1 0 2 0 2 0
-0.012959902783533097 1 0 3 1 1 3
-0.012959902783533097 1 0 3 2 2 3
-0.00728997562106774 1 0 3 3 1 1
-0.00728997562106774 1 0 3 3 2 2
0.037782530599833025 2 1 0 1 2 0
-0.012959902783533097 2 1 0 2 0 0
-0.037782530599833025 2 1 0 2 1 0
0.012959902783533097 2 1 0 2 3 3
-0.023994671614475764 2 2 1 3 0 3
0.027315272227897397 2 2 3 3 1 1
0.027315272227897397 2 2 3 3 2 2
0.03473419151239613 2 2 3 3 0 1
-0.03473419151239613 2 2 3 0 3 1
0.0012719154595929472 2 3 2 3 0 0
-0.002959969833684772 2 3 2 3 3 0
0.010116018588359376 2 3 2 3 3 3
0.026066671935810883 2 3 2 0 3 0
0.03106517200529672 2 3 2 0 0 3
0.023065473369768667 2 3 3 2 0 0
-0.023065473369768667 2 3 3 2 3 3
0.013360618029947273 2 3 3 3 3 2
-0.013360618029947273 2 3 3 0 0 2
0.026863062173092728 2 0 1 1 0 2
-0.026863062173092728 2 0 1 2 0 1
-0.022736855705158245 2 0 1 3 2 3
0.022736855705158245 2 0 1 0 2 0
0.010882633712140904 2 0 2 3 3 0
-0.023065473369768667 2 0 0 2 0 0
0.023065473369768667 2 0 0 2 3 3
-0.013360618029947273 2 0 0 3 3 2
0.013360618029947273 2 0 0 0 0 2
0.2733032176419828 3 0 0 0 0 0
0.00728997562106774 3 1 1 1 3 0
-0.00728997562106774 3 1 1 1 0 3
-0.025942409434641527 3 1 1 3 0 1
0.025942409434641527 3 1 1 0 3 1
0.020865123311778665 3 1 3 0 3 3
0.03437154635712282 3 1 0 3 0 0
0.02703505772986709 3 1 0 3 3 3
0.008997868823471132 3 1 0 0 3 0
-0.030276121983093332 3 1 0 0 3 3
0.006923350874471265 3 1 0 0 0 3
0.00728997562106774 3 2 2 1 3 0
-0.00728997562106774 3 2 2 1 0 3
-0.025942409434641527 3 2 2 3 0 1
0.025942409434641527 3 2 2 0 3 1
0.022736855705158245 3 2 3 1 0 2
-0.022736855705158245 3 2 3 2 0 1
-0.02492496196113172 3 2 3 3 2 3
0.02492496196113172 3 2 3 0 2 0
0.21803853842816373 3 3 0 0 0 0
-0.03868784405328949 3 3 2 3 3 2
0.025942409434641527 3 3 2 0 1 2
-0.025942409434641527 3 3 2 0 2 1
0.03868784405328949 3 3 2 0 0 2
-0.9723288450210156 3 3 3 0 0 0
0.026066671935810883 3 3 3 1 3 1
0.026066671935810883 3 3 3 2 3 2
0.16866019212347372 3 3 3 3 0 0
0.008997868823471132 3 3 3 3 1 0
0.2017701210317358 3 3 3 3 3 3
-0.008997868823471132 3 3 3 0 1 3
0.148608657294235 3 3 3 0 3 0
0.15936950226152552 3 3 3 0 0 3
-0.03027612198309331 3 3 0 3 1 0
0.020865123311778665 3 3 0 3 1 3
-0.020865123311778665 3 3 0 0 1 0
0.03027612198309331 3 3 0 0 1 3
0.03473419151239613 3 0 1 1 1 3
-0.013360618029947273 3 0 1 1 3 0
0.013360618029947273 3 0 1 1 0 3
0.03473419151239613 3 0 1 2 2 3
0.2389097168849612 3 0 3 0 0 0
-0.054888431782656774 3 0 3 1 1 1
-0.03089376016818101 3 0 3 1 2 2
-0.023994671614475764 3 0 3 2 2 1
0.03106517200529672 3 0 0 1 3 1
0.03106517200529672 3 0 0 2 3 2
0.15460042072284472 3 0 0 3 0 0
0.006923350874471265 3 0 0 3 1 0
0.16866019212347372 3 0 0 3 3 3
-0.006923350874471265 3 0 0 0 1 3
0.13513941081976072 3 0 0 0 3 0
0.14208908372495066 3 0 0 0 0 3
-0.027315272227897397 0 1 2 1 2 0
0.027315272227897397 0 1 2 2 1 0
-0.03546515757212255 0 1 2 0 1 2
0.03546515757212255 0 1 2 0 2 1
-0.03437154635712282 0 1 3 3 0 0
-0.02703505772986709 0 1 3 3 3 3
-0.008997868823471132 0 1 3 0 3 0
0.030276121983093332 0 1 3 0 3 3
-0.006923350874471265 0 1 3 0 0 3
-0.020865123311778665 0 1 0 0 3 3
0.027315272227897397 0 2 1 1 2 0
-0.027315272227897397 0 2 1 2 1 0
0.03546515757212255 0 2 1 0 1 2
-0.03546515757212255 0 2 1 0 2 1
-0.022736855705158245 0 2 0 1 0 2
0.022736855705158245 0 2 0 2 0 1
0.02492496196113172 0 2 0 3 2 3
-0.02492496196113172 0 2 0 0 2 0
0.07824520461527965 0 3 0 0 0 0
-0.03473419151239613 0 3 1 1 1 3
0.013360618029947273 0 3 1 1 3 0
-0.013360618029947273 0 3 1 1 0 3
-0.03473419151239613 0 3 1 2 2 3
0.24908170202985122 0 3 3 0 0 0
-0.0029599698336847716 0 3 3 1 3 1
0.010882633712140904 0 3 3 1 0 1
-0.0029599698336847716 0 3 3 2 3 2
0.010882633712140904 0 3 3 2 0 2
0.010116018588359376 0 3 0 1 3 1
0.010116018588359376 0 3 0 2 3 2
0.13513941081976072 0 3 0 3 0 0
0.02703505772986709 0 3 0 3 1 0
0.148608657294235 0 3 0 3 3 3
-0.02703505772986709 0 3 0 0 1 3
0.13975710090141166 0 3 0 0 3 0
0.13895214084826873 0 3 0 0 0 3
0.03868784405328949 0 0 2 3 3 2
-0.025942409434641527 0 0 2 0 1 2
0.025942409434641527 0 0 2 0 2 1
-0.03868784405328949 0 0 2 0 0 2
-0.27212422700701117 0 0 3 0 0 0
0.0012719154595929472 0 0 3 1 3 1
0.0012719154595929472 0 0 3 2 3 2
0.14208908372495066 0 0 3 3 0 0
0.03437154635712282 0 0 3 3 1 0
0.15936950226152552 0 0 3 3 3 3
-0.03437154635712282 0 0 3 0 1 3
0.13895214084826873 0 0 3 0 3 0
0.14788886360154627 0 0 3 0 0 3
0.2733032176419827 0 0 0 3 0 0
0.21803853842816373 0 0 0 3 3 0
-0.9723288450210157 0 0 0 3 3 3
0.2389097168849612 0 0 0 3 0 3
0.07824520461527966 0 0 0 0 3 0
0.24908170202985122 0 0 0 0 3 3
-0.27212422700701117 0 0 0 0 0 3
