-0.6735309137788233 0 0 0 0 0 0
-0.04530716627192239 1 1 1 3 0 3
0.022978004363943913 1 1 3 3 1 1
0.022978004363943913 1 1 3 3 2 2
0.03868326994989824 1 1 3 3 0 1
-0.03868326994989824 1 1 3 0 3 1
-0.02004243772834196 1 2 2 3 0 3
-0.03944702411144807 1 2 0 1 2 0
0.009983276167482626 1 2 0 2 0 0
0.03944702411144807 1 2 0 2 1 0
-0.009983276167482626 1 2 0 2 3 3
-0.0032967976298120564 1 3 1 3 0 0
0.006371117889631504 1 3 1 3 3 0
-0.0006970091622998701 1 3 1 3 3 3
0.018718273136416892 1 3 1 0 3 0
0.01952961979229235 1 3 1 0 0 3
0.009983276167482626 1 3 0 1 1 3
0.009983276167482626 1 3 0 2 2 3
0.016029686813937048 1 3 0 3 1 1
0.016029686813937048 1 3 0 3 2 2
0.009781702650571959 1 0 1 3 3 0
-0.027450300270791983 1 0 2 1 0 2
0.027450300270791983 1 0 2 2 0 1
0.026050905678108027 1 0 2 3 2 3
-0.026050905678108027 1 0 2 0 2 0
-0.009983276167482626 1 0 3 1 1 3
-0.009983276167482626 1 0 3 2 2 3
-0.016029686813937048 1 0 3 3 1 1
-0.016029686813937048 1 0 3 3 2 2
0.03944702411144807 2 1 0 1 2 0
-0.009983276167482626 2 1 0 2 0 0
-0.03944702411144807 2 1 0 2 1 0
0.009983276167482626 2 1 0 2 3 3
-0.02526472854358043 2 2 1 3 0 3
0.022978004363943913 2 2 3 3 1 1
0.022978004363943913 2 2 3 3 2 2
0.03868326994989824 2 2 3 3 0 1
-0.03868326994989824 2 2 3 0 3 1
-0.0032967976298120564 2 3 2 3 0 0
0.006371117889631504 2 3 2 3 3 0
-0.0006970091622998701 2 3 2 3 3 3
0.018718273136416892 2 3 2 0 3 0
0.01952961979229235 2 3 2 0 0 3
0.02541992145308264 2 3 3 2 0 0
-0.02541992145308264 2 3 3 2 3 3
0.009630115708732456 2 3 3 3 3 2
-0.009630115708732456 2 3 3 0 0 2
0.027450300270791983 2 0 1 1 0 2
-0.027450300270791983 2 0 1 2 0 1
-0.026050905678108027 2 0 1 3 2 3
0.026050905678108027 2 0 1 0 2 0
0.009781702650571959 2 0 2 3 3 0
-0.02541992145308264 2 0 0 2 0 0
0.02541992145308264 2 0 0 2 3 3
-0.009630115708732456 2 0 0 3 3 2
0.009630115708732456 2 0 0 0 0 2
0.15246598125108068 3 0 0 0 0 0
0.016029686813937048 3 1 1 1 3 0
-0.016029686813937048 3 1 1 1 0 3
-0.02369447847832954 3 1 1 3 0 1
0.02369447847832954 3 1 1 0 3 1
0.01292614104340099 3 1 3 0 3 3
0.021059696924746553 3 1 0 3 0 0
0.01933825429815076 3 1 0 3 3 3
-0.0014133593042604219 3 1 0 0 3 0
-0.014067883612952713 3 1 0 0 3 3
-0.0008333264803020211 3 1 0 0 0 3
0.016029686813937048 3 2 2 1 3 0
-0.016029686813937048 3 2 2 1 0 3
-0.02369447847832954 3 2 2 3 0 1
0.02369447847832954 3 2 2 0 3 1
0.026050905678108027 3 2 3 1 0 2
-0.026050905678108027 3 2 3 2 0 1
-0.027348197658355333 3 2 3 3 2 3
0.027348197658355333 3 2 3 0 2 0
0.12761258875746964 3 3 0 0 0 0
-0.04143602369033316 3 3 2 3 3 2
0.02369447847832954 3 3 2 0 1 2
-0.02369447847832954 3 3 2 0 2 1
0.04143602369033316 3 3 2 0 0 2
-0.20938963406202762 3 3 3 0 0 0
0.018718273136416892 3 3 3 1 3 1
0.018718273136416892 3 3 3 2 3 2
0.11876351344288197 3 3 3 3 0 0
-0.0014133593042604219 3 3 3 3 1 0
0.12979618769422124 3 3 3 3 3 3
0.0014133593042604219 3 3 3 0 1 3
0.10557412793691609 3 3 3 0 3 0
0.10854396030025691 3 3 3 0 0 3
-0.01406788361295272 3 3 0 3 1 0
0.01292614104340099 3 3 0 3 1 3
-0.01292614104340099 3 3 0 0 1 0
0.01406788361295272 3 3 0 0 1 3
0.03868326994989824 3 0 1 1 1 3
-0.009630115708732458 3 0 1 1 3 0
0.009630115708732458 3 0 1 1 0 3
0.03868326994989824 3 0 1 2 2 3
0.15245841187151962 3 0 3 0 0 0
-0.04530716627192239 3 0 3 1 1 1
-0.02004243772834196 3 0 3 1 2 2
-0.02526472854358043 3 0 3 2 2 1
0.01952961979229235 3 0 0 1 3 1
0.01952961979229235 3 0 0 2 3 2
0.11360854187360658 3 0 0 3 0 0
-0.0008333264803020211 3 0 0 3 1 0
0.11876351344288197 3 0 0 3 3 3
0.0008333264803020211 3 0 0 0 1 3
0.09995167625899395 3 0 0 0 3 0
0.10168278186375085 3 0 0 0 0 3
-0.022978004363943913 0 1 2 1 2 0
0.022978004363943913 0 1 2 2 1 0
-0.03452481914951804 0 1 2 0 1 2
0.03452481914951804 0 1 2 0 2 1
-0.021059696924746553 0 1 3 3 0 0
-0.01933825429815076 0 1 3 3 3 3
0.0014133593042604219 0 1 3 0 3 0
0.014067883612952713 0 1 3 0 3 3
0.0008333264803020211 0 1 3 0 0 3
-0.01292614104340099 0 1 0 0 3 3
0.022978004363943913 0 2 1 1 2 0
-0.022978004363943913 0 2 1 2 1 0
0.03452481914951804 0 2 1 0 1 2
-0.03452481914951804 0 2 1 0 2 1
-0.026050905678108027 0 2 0 1 0 2
0.026050905678108027 0 2 0 2 0 1
0.027348197658355333 0 2 0 3 2 3
-0.027348197658355333 0 2 0 0 2 0
0.08202506253878103 0 3 0 0 0 0
-0.03868326994989824 0 3 1 1 1 3
0.009630115708732458 0 3 1 1 3 0
-0.009630115708732458 0 3 1 1 0 3
-0.03868326994989824 0 3 1 2 2 3
0.16227259562024865 0 3 3 0 0 0
0.006371117889631506 0 3 3 1 3 1
0.009781702650571959 0 3 3 1 0 1
0.006371117889631506 0 3 3 2 3 2
0.009781702650571959 0 3 3 2 0 2
-0.0006970091622998702 0 3 0 1 3 1
-0.0006970091622998702 0 3 0 2 3 2
0.09995167625899395 0 3 0 3 0 0
0.01933825429815076 0 3 0 3 1 0
0.10557412793691609 0 3 0 3 3 3
-0.01933825429815076 0 3 0 0 1 3
0.10428937697564174 0 3 0 0 3 0
0.10345382277996737 0 3 0 0 0 3
0.04143602369033316 0 0 2 3 3 2
-0.02369447847832954 0 0 2 0 1 2
0.02369447847832954 0 0 2 0 2 1
-0.04143602369033316 0 0 2 0 0 2
-0.0407051805630662 0 0 3 0 0 0
-0.0032967976298120564 0 0 3 1 3 1
-0.0032967976298120564 0 0 3 2 3 2
0.10168278186375085 0 0 3 3 0 0
0.021059696924746553 0 0 3 3 1 0
0.10854396030025691 0 0 3 3 3 3
-0.021059696924746553 0 0 3 0 1 3
0.10345382277996737 0 0 3 0 3 0
0.10733509734180553 0 0 3 0 0 3
0.1524659812510807 0 0 0 3 0 0
0.12761258875746964 0 0 0 3 3 0
-0.20938963406202768 0 0 0 3 3 3
0.15245841187151962 0 0 0 3 0 3
0.08202506253878111 0 0 0 0 3 0
0.16227259562024865 0 0 0 0 3 3
-0.040705180563066136 0 0 0 0 0 3
