0.3282432164253861 0 0 0 0 0 0
-0.05210282000887985 1 1 1 3 0 3
0.026021115982087034 1 1 3 3 1 1
0.026021115982087034 1 1 3 3 2 2
0.03638393156851318 1 1 3 3 0 1
-0.03638393156851318 1 1 3 0 3 1
-0.026292753581534583 1 2 2 3 0 3
-0.038969332686859925 1 2 0 1 2 0
0.011788499045714582 1 2 0 2 0 0
0.038969332686859925 1 2 0 2 1 0
-0.011788499045714582 1 2 0 2 3 3
-0.001077590113143205 1 3 1 3 0 0
0.0034510139569413623 1 3 1 3 3 0
0.0051855862280373415 1 3 1 3 3 3
0.02266251397711852 1 3 1 0 3 0
0.024562895316994994 1 3 1 0 0 3
0.011788499045714582 1 3 0 1 1 3
0.011788499045714582 1 3 0 2 2 3
0.010332521564073247 1 3 0 3 1 1
0.010332521564073247 1 3 0 3 2 2
0.011614552324570485 1 0 1 3 3 0
-0.026767227562523838 1 0 2 1 0 2
0.026767227562523838 1 0 2 2 0 1
0.023478898354840537 1 0 2 3 2 3
-0.023478898354840537 1 0 2 0 2 0
-0.011788499045714582 1 0 3 1 1 3
-0.011788499045714582 1 0 3 2 2 3
-0.010332521564073247 1 0 3 3 1 1
-0.010332521564073247 1 0 3 3 2 2
0.038969332686859925 2 1 0 1 2 0
-0.011788499045714582 2 1 0 2 0 0
-0.038969332686859925 2 1 0 2 1 0
0.011788499045714582 2 1 0 2 3 3
-0.02581006642734528 2 2 1 3 0 3
0.026021115982087034 2 2 3 3 1 1
0.026021115982087034 2 2 3 3 2 2
0.03638393156851318 2 2 3 3 0 1
-0.03638393156851318 2 2 3 0 3 1
-0.001077590113143205 2 3 2 3 0 0
0.0034510139569413623 2 3 2 3 3 0
0.0051855862280373415 2 3 2 3 3 3
0.02266251397711852 2 3 2 0 3 0
0.024562895316994994 2 3 2 0 0 3
0.023430560552995135 2 3 3 2 0 0
-0.023430560552995135 2 3 3 2 3 3
0.011233921772621645 2 3 3 3 3 2
-0.011233921772621645 2 3 3 0 0 2
0.026767227562523838 2 0 1 1 0 2
-0.026767227562523838 2 0 1 2 0 1
-0.023478898354840537 2 0 1 3 2 3
0.023478898354840537 2 0 1 0 2 0
0.011614552324570485 2 0 2 3 3 0
-0.023430560552995135 2 0 0 2 0 0
0.023430560552995135 2 0 0 2 3 3
-0.011233921772621645 2 0 0 3 3 2
0.011233921772621645 2 0 0 0 0 2
0.2198206019989395 3 0 0 0 0 0
0.010332521564073247 3 1 1 1 3 0
-0.010332521564073247 3 1 1 1 0 3
-0.02570355160767239 3 1 1 3 0 1
0.02570355160767239 3 1 1 0 3 1
0.01796451129783067 3 1 3 0 3 3
0.027107977468879618 3 1 0 3 0 0
0.023525109474099824 3 1 0 3 3 3
0.003997570118543523 3 1 0 0 3 0
-0.022004793081016383 3 1 0 0 3 3
0.003540177211698984 3 1 0 0 0 3
0.010332521564073247 3 2 2 1 3 0
-0.010332521564073247 3 2 2 1 0 3
-0.02570355160767239 3 2 2 3 0 1
0.02570355160767239 3 2 2 0 3 1
0.023478898354840537 3 2 3 1 0 2
-0.023478898354840537 3 2 3 2 0 1
-0.025365678402573002 3 2 3 3 2 3
0.025365678402573002 3 2 3 0 2 0
0.17782497202239886 3 3 0 0 0 0
-0.03958308719322621 3 3 2 3 3 2
0.02570355160767239 3 3 2 0 1 2
-0.02570355160767239 3 3 2 0 2 1
0.03958308719322621 3 3 2 0 0 2
-0.5468473638147205 3 3 3 0 0 0
0.02266251397711852 3 3 3 1 3 1
0.02266251397711852 3 3 3 2 3 2
0.14635777027718208 3 3 3 3 0 0
0.003997570118543523 3 3 3 3 1 0
0.16657058074374037 3 3 3 3 3 3
-0.003997570118543523 3 3 3 0 1 3
0.12975469970589765 3 3 3 0 3 0
0.13590329226312647 3 3 3 0 0 3
-0.022004793081016376 3 3 0 3 1 0
0.01796451129783067 3 3 0 3 1 3
-0.01796451129783067 3 3 0 0 1 0
0.022004793081016376 3 3 0 0 1 3
0.03638393156851318 3 0 1 1 1 3
-0.011233921772621645 3 0 1 1 3 0
0.011233921772621645 3 0 1 1 0 3
0.03638393156851318 3 0 1 2 2 3
0.20218523311058334 3 0 3 0 0 0
-0.05210282000887985 3 0 3 1 1 1
-0.026292753581534583 3 0 3 1 2 2
-0.02581006642734528 3 0 3 2 2 1
0.024562895316994994 3 0 0 1 3 1
0.024562895316994994 3 0 0 2 3 2
0.13762571122516315 3 0 0 3 0 0
0.0035401772116989837 3 0 0 3 1 0
0.14635777027718208 3 0 0 3 3 3
-0.0035401772116989837 3 0 0 0 1 3
0.12047409963935851 3 0 0 0 3 0
0.12456343936978251 3 0 0 0 0 3
-0.026021115982087034 0 1 2 1 2 0
0.026021115982087034 0 1 2 2 1 0
-0.03456875176017344 0 1 2 0 1 2
0.03456875176017344 0 1 2 0 2 1
-0.027107977468879618 0 1 3 3 0 0
-0.023525109474099824 0 1 3 3 3 3
-0.003997570118543523 0 1 3 0 3 0
0.022004793081016383 0 1 3 0 3 3
-0.003540177211698984 0 1 3 0 0 3
-0.01796451129783067 0 1 0 0 3 3
0.026021115982087034 0 2 1 1 2 0
-0.026021115982087034 0 2 1 2 1 0
0.03456875176017344 0 2 1 0 1 2
-0.03456875176017344 0 2 1 0 2 1
-0.023478898354840537 0 2 0 1 0 2
0.023478898354840537 0 2 0 2 0 1
0.025365678402573002 0 2 0 3 2 3
-0.025365678402573002 0 2 0 0 2 0
0.08925836004973053 0 3 0 0 0 0
-0.03638393156851318 0 3 1 1 1 3
0.011233921772621645 0 3 1 1 3 0
-0.011233921772621645 0 3 1 1 0 3
-0.03638393156851318 0 3 1 2 2 3
0.21167959110347653 0 3 3 0 0 0
0.003451013956941363 0 3 3 1 3 1
0.011614552324570485 0 3 3 1 0 1
0.003451013956941363 0 3 3 2 3 2
0.011614552324570485 0 3 3 2 0 2
0.0051855862280373415 0 3 0 1 3 1
0.0051855862280373415 0 3 0 2 3 2
0.12047409963935851 0 3 0 3 0 0
0.023525109474099824 0 3 0 3 1 0
0.12975469970589765 0 3 0 3 3 3
-0.023525109474099824 0 3 0 0 1 3
0.12496803987797049 0 3 0 0 3 0
0.12332113313946302 0 3 0 0 0 3
0.03958308719322621 0 0 2 3 3 2
-0.02570355160767239 0 0 2 0 1 2
0.02570355160767239 0 0 2 0 2 1
-0.03958308719322621 0 0 2 0 0 2
-0.14467875207032505 0 0 3 0 0 0
-0.001077590113143205 0 0 3 1 3 1
-0.001077590113143205 0 0 3 2 3 2
0.12456343936978251 0 0 3 3 0 0
0.027107977468879614 0 0 3 3 1 0
0.13590329226312647 0 0 3 3 3 3
-0.027107977468879614 0 0 3 0 1 3
0.12332113313946302 0 0 3 0 3 0
0.1297348572879528 0 0 3 0 0 3
0.2198206019989394 0 0 0 3 0 0
0.17782497202239886 0 0 0 3 3 0
-0.5468473638147205 0 0 0 3 3 3
0.20218523311058334 0 0 0 3 0 3
0.08925836004973052 0 0 0 0 3 0
0.21167959110347653 0 0 0 0 3 3
-0.144678752070325 0 0 0 0 0 3
