-0.965538009742201 0 0 0 0 0 0
0.0382753025079242 1 1 1 3 0 3
0.020120225189513497 1 1 3 3 1 1
0.020120225189513497 1 1 3 3 2 2
-0.04042321292049822 1 1 3 3 0 1
0.04042321292049822 1 1 3 0 3 1
0.015790882936461272 1 2 2 3 0 3
-0.0399377831951343 1 2 0 1 2 0
-0.008791591389418582 1 2 0 2 0 0
0.0399377831951343 1 2 0 2 1 0
0.008791591389418582 1 2 0 2 3 3
-0.00416988694253168 1 3 1 3 0 0
0.006360658066386478 1 3 1 3 3 0
-0.0034779768172510024 1 3 1 3 3 3
0.016322187989642002 1 3 1 0 3 0
0.016934952584540846 1 3 1 0 0 3
-0.008791591389418582 1 3 0 1 1 3
-0.008791591389418582 1 3 0 2 2 3
-0.021285561666536126 1 3 0 3 1 1
-0.021285561666536126 1 3 0 3 2 2
0.007663442309216055 1 0 1 3 3 0
-0.02934427797804296 1 0 2 1 0 2
0.02934427797804296 1 0 2 2 0 1
-0.029181003134766764 1 0 2 3 2 3
0.029181003134766764 1 0 2 0 2 0
0.008791591389418582 1 0 3 1 1 3
0.008791591389418582 1 0 3 2 2 3
0.021285561666536126 1 0 3 3 1 1
0.021285561666536126 1 0 3 3 2 2
0.0399377831951343 2 1 0 1 2 0
0.008791591389418582 2 1 0 2 0 0
-0.0399377831951343 2 1 0 2 1 0
-0.008791591389418582 2 1 0 2 3 3
0.022484419571462928 2 2 1 3 0 3
0.020120225189513497 2 2 3 3 1 1
0.020120225189513497 2 2 3 3 2 2
-0.04042321292049822 2 2 3 3 0 1
0.04042321292049822 2 2 3 0 3 1
-0.00416988694253168 2 3 2 3 0 0
0.006360658066386478 2 3 2 3 3 0
-0.0034779768172510024 2 3 2 3 3 3
0.016322187989642002 2 3 2 0 3 0
0.016934952584540846 2 3 2 0 0 3
0.02820010974058548 2 3 3 2 0 0
-0.02820010974058548 2 3 3 2 3 3
0.008648056646775083 2 3 3 3 3 2
-0.008648056646775083 2 3 3 0 0 2
0.02934427797804296 2 0 1 1 0 2
-0.02934427797804296 2 0 1 2 0 1
0.029181003134766764 2 0 1 3 2 3
-0.029181003134766764 2 0 1 0 2 0
0.007663442309216055 2 0 2 3 3 0
-0.02820010974058548 2 0 0 2 0 0
0.02820010974058548 2 0 0 2 3 3
-0.008648056646775083 2 0 0 3 3 2
0.008648056646775083 2 0 0 0 0 2
0.11024167680167954 3 0 0 0 0 0
-0.021285561666536126 3 1 1 1 3 0
0.021285561666536126 3 1 1 1 0 3
0.02106640339853422 3 1 1 3 0 1
-0.02106640339853422 3 1 1 0 3 1
-0.009220722297096352 3 1 3 0 3 3
-0.018008467666202177 3 1 0 3 0 0
-0.016937288408396978 3 1 0 3 3 3
0.0036999840824594684 3 1 0 0 3 0
0.009597976152309205 3 1 0 0 3 3
0.0030047600744509077 3 1 0 0 0 3
-0.021285561666536126 3 2 2 1 3 0
0.021285561666536126 3 2 2 1 0 3
0.02106640339853422 3 2 2 3 0 1
-0.02106640339853422 3 2 2 0 3 1
-0.029181003134766764 3 2 3 1 0 2
0.029181003134766764 3 2 3 2 0 1
-0.03016845518762554 3 2 3 3 2 3
0.03016845518762554 3 2 3 0 2 0
0.09793754890124896 3 3 0 0 0 0
-0.04261806331086762 3 3 2 3 3 2
-0.02106640339853422 3 3 2 0 1 2
0.02106640339853422 3 3 2 0 2 1
0.04261806331086762 3 3 2 0 0 2
-0.07694306596476667 3 3 3 0 0 0
0.016322187989642002 3 3 3 1 3 1
0.016322187989642002 3 3 3 2 3 2
0.10175943041829964 3 3 3 3 0 0
0.0036999840824594684 3 3 3 3 1 0
0.10834534967060003 3 3 3 3 3 3
-0.0036999840824594684 3 3 3 0 1 3
0.09136033434638086 3 3 3 0 3 0
0.0931046626297957 3 3 3 0 0 3
0.009597976152309198 3 3 0 3 1 0
-0.009220722297096352 3 3 0 3 1 3
0.009220722297096352 3 3 0 0 1 0
-0.009597976152309198 3 3 0 0 1 3
-0.04042321292049822 3 0 1 1 1 3
-0.008648056646775083 3 0 1 1 3 0
0.008648056646775083 3 0 1 1 0 3
-0.04042321292049822 3 0 1 2 2 3
0.12030060041494811 3 0 3 0 0 0
0.0382753025079242 3 0 3 1 1 1
0.015790882936461272 3 0 3 1 2 2
0.022484419571462928 3 0 3 2 2 1
0.016934952584540846 3 0 0 1 3 1
0.016934952584540846 3 0 0 2 3 2
0.09794902395138697 3 0 0 3 0 0
0.0030047600744509077 3 0 0 3 1 0
0.10175943041829964 3 0 0 3 3 3
-0.0030047600744509077 3 0 0 0 1 3
0.08738873277745518 3 0 0 0 3 0
0.08845299923423575 3 0 0 0 0 3
-0.020120225189513497 0 1 2 1 2 0
0.020120225189513497 0 1 2 2 1 0
-0.03543539532003908 0 1 2 0 1 2
0.03543539532003908 0 1 2 0 2 1
0.018008467666202177 0 1 3 3 0 0
0.016937288408396978 0 1 3 3 3 3
-0.0036999840824594684 0 1 3 0 3 0
-0.009597976152309205 0 1 3 0 3 3
-0.0030047600744509077 0 1 3 0 0 3
0.009220722297096352 0 1 0 0 3 3
0.020120225189513497 0 2 1 1 2 0
-0.020120225189513497 0 2 1 2 1 0
0.03543539532003908 0 2 1 0 1 2
-0.03543539532003908 0 2 1 0 2 1
0.029181003134766764 0 2 0 1 0 2
-0.029181003134766764 0 2 0 2 0 1
0.03016845518762554 0 2 0 3 2 3
-0.03016845518762554 0 2 0 0 2 0
0.06786133332397806 0 3 0 0 0 0
0.04042321292049822 0 3 1 1 1 3
0.008648056646775083 0 3 1 1 3 0
-0.008648056646775083 0 3 1 1 0 3
0.04042321292049822 0 3 1 2 2 3
0.12974769808156486 0 3 3 0 0 0
0.00636065806638648 0 3 3 1 3 1
0.007663442309216055 0 3 3 1 0 1
0.00636065806638648 0 3 3 2 3 2
0.007663442309216055 0 3 3 2 0 2
-0.003477976817251003 0 3 0 1 3 1
-0.003477976817251003 0 3 0 2 3 2
0.08738873277745518 0 3 0 3 0 0
-0.016937288408396978 0 3 0 3 1 0
0.09136033434638086 0 3 0 3 3 3
0.016937288408396978 0 3 0 0 1 3
0.09137093781530231 0 3 0 0 3 0
0.09162377272388977 0 3 0 0 0 3
0.04261806331086762 0 0 2 3 3 2
0.02106640339853422 0 0 2 0 1 2
-0.02106640339853422 0 0 2 0 2 1
-0.04261806331086762 0 0 2 0 0 2
0.0006268744556953004 0 0 3 0 0 0
-0.00416988694253168 0 0 3 1 3 1
-0.00416988694253168 0 0 3 2 3 2
0.08845299923423575 0 0 3 3 0 0
-0.018008467666202177 0 0 3 3 1 0
0.0931046626297957 0 0 3 3 3 3
0.018008467666202177 0 0 3 0 1 3
0.09162377272388977 0 0 3 0 3 0
0.09413578159110085 0 0 3 0 0 3
0.11024167680167961 0 0 0 3 0 0
0.09793754890124896 0 0 0 3 3 0
-0.0769430659647667 0 0 0 3 3 3
0.12030060041494811 0 0 0 3 0 3
0.06786133332397813 0 0 0 0 3 0
0.12974769808156486 0 0 0 0 3 3
0.0006268744556953143 0 0 0 0 0 3
