-95.6391659363626 0 0 0 0 0 0
-0.013442592524559618 1 2 0 1 2 0
0.013442592524559618 1 2 0 2 1 0
-0.006538376394904865 1 3 2 2 3 0
-0.006538376394904865 1 3 2 2 0 3
0.006538376394904865 1 3 3 1 0 1
0.006538376394904865 1 3 3 2 0 2
-0.0072018884011240255 1 0 2 1 0 2
0.0072018884011240255 1 0 2 2 0 1
0.006538376394904865 1 0 0 1 0 1
0.006538376394904865 1 0 0 2 0 2
0.013442592524559618 2 1 0 1 2 0
-0.013442592524559618 2 1 0 2 1 0
0.006538376394904865 2 3 1 2 3 0
0.006538376394904865 2 3 1 2 0 3
-0.006669858503234443 2 3 3 2 0 0
-0.006669858503234443 2 3 3 2 3 3
0.0072018884011240255 2 0 1 1 0 2
-0.0072018884011240255 2 0 1 2 0 1
-0.006669858503234443 2 0 0 2 0 0
-0.006669858503234443 2 0 0 2 3 3
0.927904192605041 3 0 0 0 0 0
-0.006538376394904865 3 1 2 3 2 0
-0.006538376394904865 3 1 2 0 2 3
0.006538376394904865 3 1 3 0 1 1
0.006538376394904865 3 1 3 0 2 2
0.006538376394904865 3 2 1 3 2 0
0.006538376394904865 3 2 1 0 2 3
-0.006669858503234443 3 2 3 3 2 3
-0.006669858503234443 3 2 3 0 2 0
0.13357303264051987 3 3 0 0 0 0
0.01898921140883572 3 3 1 0 0 0
-0.00888521102630098 3 3 1 3 3 0
0.07524534870912762 3 3 1 3 0 3
0.07524534870912762 3 3 1 0 3 3
0.2980085924480774 3 3 1 0 0 3
-0.07287930963803606 3 3 2 3 3 2
-0.07287930963803606 3 3 2 0 0 2
-0.5680404712721819 3 3 3 0 0 0
-0.14379241567264023 3 3 3 3 0 0
-0.2980085924480774 3 3 3 3 3 1
0.1513782144625744 3 3 3 3 3 3
-0.1374139446284455 3 3 3 3 0 1
-0.14379241567264023 3 3 3 0 3 0
-0.1374139446284455 3 3 3 0 3 1
-0.2980085924480774 3 3 3 0 0 1
-0.14835690590625153 3 3 3 0 0 3
-0.01898921140883572 3 3 0 3 3 1
-0.01898921140883572 3 3 0 0 0 1
0.1374139446284455 3 0 1 0 0 3
0.006903210554976502 3 0 3 0 0 0
-0.07524534870912762 3 0 3 3 3 1
-0.07524534870912762 3 0 3 0 0 1
0.24937840648241438 3 0 0 3 0 0
-0.14379241567264023 3 0 0 3 3 3
0.22249322143329495 3 0 0 0 3 0
0.15122765612550632 3 0 0 0 0 3
-0.0072018884011240255 0 1 2 0 1 2
0.0072018884011240255 0 1 2 0 2 1
0.006538376394904865 0 1 0 0 1 1
0.006538376394904865 0 1 0 0 2 2
0.0072018884011240255 0 2 1 0 1 2
-0.0072018884011240255 0 2 1 0 2 1
-0.006669858503234443 0 2 0 3 2 3
-0.006669858503234443 0 2 0 0 2 0
0.9279041926050408 0 3 0 0 0 0
0.1374139446284455 0 3 1 0 0 3
0.006903210554976502 0 3 3 0 0 0
-0.07524534870912762 0 3 3 3 3 1
-0.07524534870912762 0 3 3 0 0 1
0.22249322143329495 0 3 0 3 0 0
-0.14379241567264023 0 3 0 3 3 3
0.24937840648241438 0 3 0 0 3 0
0.15122765612550632 0 3 0 0 0 3
0.01898921140883572 0 0 1 0 0 0
-0.00888521102630098 0 0 1 3 3 0
0.07524534870912762 0 0 1 3 0 3
0.07524534870912762 0 0 1 0 3 3
0.2980085924480774 0 0 1 0 0 3
-0.07287930963803606 0 0 2 3 3 2
-0.07287930963803606 0 0 2 0 0 2
0.684061728729862 0 0 3 0 0 0
0.15122765612550632 0 0 3 3 0 0
-0.14835690590625153 0 0 3 3 3 3
0.15122765612550632 0 0 3 0 3 0
0.14868859754725386 0 0 3 0 0 3
0.927904192605041 0 0 0 3 0 0
0.13357303264051987 0 0 0 3 3 0
0.00888521102630098 0 0 0 3 3 1
-0.5680404712721819 0 0 0 3 3 3
0.006903210554976502 0 0 0 3 0 3
0.9279041926050408 0 0 0 0 3 0
0.006903210554976502 0 0 0 0 3 3
0.00888521102630098 0 0 0 0 0 1
0.684061728729862 0 0 0 0 0 3
