-871026.6701178048 0 0 0 0 0 0
25230.047928925535 0 0 0 0 0 3
25230.047928925553 0 0 0 0 3 0
2449.116365574834 0 0 0 0 3 3
-525.5852525642243 0 0 0 1 0 0
122.89657436147631 0 0 0 1 0 3
122.89657436147633 0 0 0 1 3 0
-525.5852525642243 0 0 0 1 3 3
22108.215279986394 0 0 0 3 0 0
194.5506425752224 0 0 0 3 0 3
194.550642575222 0 0 0 3 3 0
-13951.050954710456 0 0 0 3 3 3
-0.46350994942058277 0 0 1 0 0 1
0.00904865550591232 0 0 1 0 3 1
-0.000509513348524859 0 0 1 1 0 1
-0.0008230810844980436 0 0 1 1 3 1
-0.0005095133485248596 0 0 1 2 0 2
-0.0008230810844980436 0 0 1 2 3 2
0.009048655505912322 0 0 1 3 0 1
-0.46350994942058266 0 0 1 3 3 1
-201.33918602237497 0 0 2 0 0 2
6.5975168360787215 0 0 2 0 3 2
1.7547171481939954 0 0 2 1 0 2
4.111166815567542 0 0 2 1 3 2
-1.7547171481939954 0 0 2 2 0 1
-4.111166815567542 0 0 2 2 3 1
6.5975168360787215 0 0 2 3 0 2
-201.33918602237495 0 0 2 3 3 2
25230.047928925538 0 0 3 0 0 0
6274.778058545147 0 0 3 0 0 3
5536.692790058197 0 0 3 0 3 0
-196.0727353869519 0 0 3 0 3 3
21.174158165930777 0 0 3 1 0 0
5.851235768296569 0 0 3 1 0 3
5.851235768296569 0 0 3 1 3 0
21.174158165930777 0 0 3 1 3 3
4255.346650192278 0 0 3 3 0 0
-64.11079241636732 0 0 3 3 0 3
-43.601653043581635 0 0 3 3 3 0
-4014.859284941827 0 0 3 3 3 3
-0.4635099494205833 0 1 0 0 1 0
0.009048655505912327 0 1 0 0 1 3
-0.0005095133485248576 0 1 0 1 1 0
-0.0008230810844980416 0 1 0 1 1 3
-0.0005095133485248577 0 1 0 2 2 0
-0.0008230810844980416 0 1 0 2 2 3
0.009048655505912327 0 1 0 3 1 0
-0.4635099494205832 0 1 0 3 1 3
-0.5270993990066433 0 1 1 0 1 1
-0.5270993990066436 0 1 1 0 2 2
0.007397973035350142 0 1 1 3 1 1
0.007397973035350142 0 1 1 3 2 2
-369.04263424347477 0 1 2 0 1 2
369.0426342434748 0 1 2 0 2 1
10.254569686392943 0 1 2 3 1 2
-10.25456968639294 0 1 2 3 2 1
0.009048655505912327 0 1 3 0 1 0
0.004324316218510047 0 1 3 0 1 3
-0.0009951974512068704 0 1 3 1 1 0
-0.05927152363028046 0 1 3 1 1 3
-0.0009951974512068704 0 1 3 2 2 0
-0.05927152363028051 0 1 3 2 2 3
0.004324316218510047 0 1 3 3 1 0
0.009048655505912327 0 1 3 3 1 3
-201.33918602237497 0 2 0 0 2 0
6.597516836078719 0 2 0 0 2 3
1.7547171481939954 0 2 0 1 2 0
4.111166815567541 0 2 0 1 2 3
-1.7547171481939954 0 2 0 2 1 0
-4.111166815567541 0 2 0 2 1 3
6.59751683607872 0 2 0 3 2 0
-201.33918602237495 0 2 0 3 2 3
369.0426342434748 0 2 1 0 1 2
-369.0426342434749 0 2 1 0 2 1
-10.25456968639294 0 2 1 3 1 2
10.25456968639294 0 2 1 3 2 1
-0.5270993990066437 0 2 2 0 1 1
-0.5270993990066435 0 2 2 0 2 2
0.007397973035350142 0 2 2 3 1 1
0.007397973035350142 0 2 2 3 2 2
6.597516836078719 0 2 3 0 2 0
2.942546452685764 0 2 3 0 2 3
3.440151076532013 0 2 3 1 2 0
-147.7789097956542 0 2 3 1 2 3
-3.440151076532013 0 2 3 2 1 0
147.77890979565422 0 2 3 2 1 3
2.942546452685764 0 2 3 3 2 0
6.597516836078718 0 2 3 3 2 3
25230.047928925545 0 3 0 0 0 0
5536.692790058198 0 3 0 0 0 3
6274.77805854515 0 3 0 0 3 0
-196.07273538695196 0 3 0 0 3 3
21.174158165930784 0 3 0 1 0 0
5.85123576829657 0 3 0 1 0 3
5.85123576829657 0 3 0 1 3 0
21.174158165930784 0 3 0 1 3 3
4255.346650192277 0 3 0 3 0 0
-43.60165304358156 0 3 0 3 0 3
-64.11079241636745 0 3 0 3 3 0
-4014.8592849418274 0 3 0 3 3 3
0.00904865550591232 0 3 1 0 0 1
0.004324316218510044 0 3 1 0 3 1
-0.0009951974512068704 0 3 1 1 0 1
-0.059271523630280196 0 3 1 1 3 1
-0.0009951974512068704 0 3 1 2 0 2
-0.05927152363028017 0 3 1 2 3 2
0.004324316218510043 0 3 1 3 0 1
0.009048655505912322 0 3 1 3 3 1
6.59751683607872 0 3 2 0 0 2
2.9425464526857654 0 3 2 0 3 2
3.4401510765320142 0 3 2 1 0 2
-147.7789097956542 0 3 2 1 3 2
-3.4401510765320142 0 3 2 2 0 1
147.77890979565422 0 3 2 2 3 1
2.942546452685765 0 3 2 3 0 2
6.59751683607872 0 3 2 3 3 2
2449.1163655748323 0 3 3 0 0 0
-196.0727353869519 0 3 3 0 0 3
-196.072735386952 0 3 3 0 3 0
-48.342751039002735 0 3 3 0 3 3
77.80797056428989 0 3 3 1 0 0
-81.89063374041926 0 3 3 1 0 3
-81.89063374041928 0 3 3 1 3 0
77.80797056428989 0 3 3 1 3 3
-109.1230105255718 0 3 3 3 0 0
-5.069000253973904 0 3 3 3 0 3
-5.0690002539739245 0 3 3 3 3 0
71.09763081007775 0 3 3 3 3 3
-77.80797056428983 1 0 0 0 0 0
-21.174158165930777 1 0 0 0 0 3
-21.174158165930773 1 0 0 0 3 0
525.5852525642244 1 0 0 0 3 3
-0.3550356755243715 1 0 0 1 0 0
0.007763465940650822 1 0 0 1 0 3
0.007763465940650823 1 0 0 1 3 0
-0.3550356755243728 1 0 0 1 3 3
-82.30776028433277 1 0 0 3 0 0
1466.0801857021925 1 0 0 3 0 3
1466.0801857021925 1 0 0 3 3 0
6534.801302283934 1 0 0 3 3 3
-147.7789097956542 1 0 1 0 0 1
4.111166815567544 1 0 1 0 3 1
-0.49207908122453436 1 0 1 1 0 1
0.008025165899928965 1 0 1 1 3 1
-0.4920790812245345 1 0 1 2 0 2
0.008025165899928965 1 0 1 2 3 2
4.111166815567545 1 0 1 3 0 1
-147.77890979565422 1 0 1 3 3 1
-0.05927152363028023 1 0 2 0 0 2
-0.0008230810844980449 1 0 2 0 3 2
-251.59654818726668 1 0 2 1 0 2
6.8651833872752075 1 0 2 1 3 2
251.59654818726668 1 0 2 2 0 1
-6.865183387275207 1 0 2 2 3 1
-0.0008230810844980431 1 0 2 3 0 2
-0.05927152363028023 1 0 2 3 3 2
81.89063374041929 1 0 3 0 0 0
-5.851235768296571 1 0 3 0 0 3
-5.851235768296572 1 0 3 0 3 0
-122.89657436147634 1 0 3 0 3 3
0.007763465940650819 1 0 3 1 0 0
0.004180114201427567 1 0 3 1 0 3
0.004180114201427565 1 0 3 1 3 0
0.007763465940650812 1 0 3 1 3 3
-37.86351733786221 1 0 3 3 0 0
-185.25278026441964 1 0 3 3 0 3
-185.25278026441958 1 0 3 3 3 0
2670.839110833984 1 0 3 3 3 3
-147.7789097956542 1 1 0 0 1 0
4.111166815567542 1 1 0 0 1 3
-0.4920790812245349 1 1 0 1 1 0
0.008025165899928967 1 1 0 1 1 3
-0.49207908122453486 1 1 0 2 2 0
0.008025165899928969 1 1 0 2 2 3
4.111166815567543 1 1 0 3 1 0
-147.77890979565422 1 1 0 3 1 3
3.440151076532011 1 1 3 0 1 0
1.7547171481939952 1 1 3 0 1 3
0.008025165899928969 1 1 3 1 1 0
0.004290479434271727 1 1 3 1 1 3
0.008025165899928969 1 1 3 2 2 0
0.004290479434271727 1 1 3 2 2 3
1.7547171481939952 1 1 3 3 1 0
3.440151076532011 1 1 3 3 1 3
-0.05927152363028051 1 2 0 0 2 0
-0.000823081084498044 1 2 0 0 2 3
-251.59654818726665 1 2 0 1 2 0
6.865183387275204 1 2 0 1 2 3
251.59654818726665 1 2 0 2 1 0
-6.865183387275204 1 2 0 2 1 3
-0.000823081084498044 1 2 0 3 2 0
-0.05927152363028051 1 2 0 3 2 3
-0.0009951974512068704 1 2 3 0 2 0
-0.0005095133485248573 1 2 3 0 2 3
6.865183387275201 1 2 3 1 2 0
3.662371921971547 1 2 3 1 2 3
-6.865183387275201 1 2 3 2 1 0
-3.6623719219715465 1 2 3 2 1 3
-0.0005095133485248573 1 2 3 3 2 0
-0.0009951974512068713 1 2 3 3 2 3
81.89063374041929 1 3 0 0 0 0
-5.851235768296571 1 3 0 0 0 3
-5.85123576829657 1 3 0 0 3 0
-122.89657436147635 1 3 0 0 3 3
0.007763465940650819 1 3 0 1 0 0
0.004180114201427568 1 3 0 1 0 3
0.004180114201427567 1 3 0 1 3 0
0.007763465940650826 1 3 0 1 3 3
-37.863517337862206 1 3 0 3 0 0
-185.2527802644196 1 3 0 3 0 3
-185.25278026441958 1 3 0 3 3 0
2670.839110833984 1 3 0 3 3 3
3.4401510765320125 1 3 1 0 0 1
1.7547171481939954 1 3 1 0 3 1
0.008025165899928965 1 3 1 1 0 1
0.004290479434271726 1 3 1 1 3 1
0.008025165899928965 1 3 1 2 0 2
0.004290479434271724 1 3 1 2 3 2
1.7547171481939954 1 3 1 3 0 1
3.440151076532012 1 3 1 3 3 1
-0.0009951974512068726 1 3 2 0 0 2
-0.0005095133485248591 1 3 2 0 3 2
6.865183387275205 1 3 2 1 0 2
3.662371921971547 1 3 2 1 3 2
-6.865183387275204 1 3 2 2 0 1
-3.6623719219715474 1 3 2 2 3 1
-0.0005095133485248592 1 3 2 3 0 2
-0.0009951974512068722 1 3 2 3 3 2
-77.80797056428986 1 3 3 0 0 0
-21.174158165930777 1 3 3 0 0 3
-21.17415816593078 1 3 3 0 3 0
525.5852525642244 1 3 3 0 3 3
-0.35503567552437293 1 3 3 1 0 0
0.007763465940650822 1 3 3 1 0 3
0.007763465940650822 1 3 3 1 3 0
-0.3550356755243716 1 3 3 1 3 3
-82.30776028433277 1 3 3 3 0 0
1466.0801857021925 1 3 3 3 0 3
1466.0801857021922 1 3 3 3 3 0
6534.801302283933 1 3 3 3 3 3
-1482.1443612233497 2 0 0 2 0 0
90.46971358340295 2 0 0 2 0 3
90.46971358340295 2 0 0 2 3 0
-1482.1443612233497 2 0 0 2 3 3
0.059271523630280196 2 0 1 0 0 2
0.000823081084498044 2 0 1 0 3 2
251.59654818726665 2 0 1 1 0 2
-6.8651833872752075 2 0 1 1 3 2
-251.59654818726668 2 0 1 2 0 1
6.8651833872752075 2 0 1 2 3 1
0.000823081084498044 2 0 1 3 0 2
0.059271523630280196 2 0 1 3 3 2
-147.77890979565422 2 0 2 0 0 1
4.111166815567544 2 0 2 0 3 1
-0.4920790812245344 2 0 2 1 0 1
0.008025165899928965 2 0 2 1 3 1
-0.49207908122453436 2 0 2 2 0 2
0.008025165899928965 2 0 2 2 3 2
4.111166815567544 2 0 2 3 0 1
-147.77890979565422 2 0 2 3 3 1
90.46971358340296 2 0 3 2 0 0
42.435674280958914 2 0 3 2 0 3
42.435674280958914 2 0 3 2 3 0
90.46971358340295 2 0 3 2 3 3
0.05927152363028053 2 1 0 0 2 0
0.0008230810844980423 2 1 0 0 2 3
251.59654818726665 2 1 0 1 2 0
-6.865183387275205 2 1 0 1 2 3
-251.59654818726668 2 1 0 2 1 0
6.865183387275205 2 1 0 2 1 3
0.0008230810844980414 2 1 0 3 2 0
0.059271523630280584 2 1 0 3 2 3
0.0009951974512068687 2 1 3 0 2 0
0.0005095133485248572 2 1 3 0 2 3
-6.865183387275202 2 1 3 1 2 0
-3.662371921971546 2 1 3 1 2 3
6.865183387275202 2 1 3 2 1 0
3.6623719219715465 2 1 3 2 1 3
0.0005095133485248573 2 1 3 3 2 0
0.0009951974512068685 2 1 3 3 2 3
-147.77890979565422 2 2 0 0 1 0
4.111166815567543 2 2 0 0 1 3
-0.49207908122453486 2 2 0 1 1 0
0.008025165899928969 2 2 0 1 1 3
-0.492079081224535 2 2 0 2 2 0
0.008025165899928967 2 2 0 2 2 3
4.111166815567542 2 2 0 3 1 0
-147.77890979565422 2 2 0 3 1 3
3.440151076532011 2 2 3 0 1 0
1.7547171481939954 2 2 3 0 1 3
0.008025165899928969 2 2 3 1 1 0
0.004290479434271727 2 2 3 1 1 3
0.008025165899928969 2 2 3 2 2 0
0.004290479434271727 2 2 3 2 2 3
1.7547171481939952 2 2 3 3 1 0
3.440151076532011 2 2 3 3 1 3
90.46971358340298 2 3 0 2 0 0
42.435674280958914 2 3 0 2 0 3
42.435674280958914 2 3 0 2 3 0
90.46971358340296 2 3 0 2 3 3
0.0009951974512068709 2 3 1 0 0 2
0.0005095133485248593 2 3 1 0 3 2
-6.865183387275204 2 3 1 1 0 2
-3.662371921971547 2 3 1 1 3 2
6.865183387275204 2 3 1 2 0 1
3.6623719219715465 2 3 1 2 3 1
0.0005095133485248589 2 3 1 3 0 2
0.0009951974512068717 2 3 1 3 3 2
3.440151076532012 2 3 2 0 0 1
1.7547171481939954 2 3 2 0 3 1
0.008025165899928964 2 3 2 1 0 1
0.004290479434271725 2 3 2 1 3 1
0.008025165899928964 2 3 2 2 0 2
0.004290479434271724 2 3 2 2 3 2
1.7547171481939954 2 3 2 3 0 1
3.440151076532012 2 3 2 3 3 1
-1482.14436122335 2 3 3 2 0 0
90.46971358340299 2 3 3 2 0 3
90.46971358340298 2 3 3 2 3 0
-1482.1443612233497 2 3 3 2 3 3
22108.215279986394 3 0 0 0 0 0
4255.346650192277 3 0 0 0 0 3
4255.346650192277 3 0 0 0 3 0
-109.1230105255718 3 0 0 0 3 3
-6534.80130228393 3 0 0 1 0 0
-2670.839110833988 3 0 0 1 0 3
-2670.839110833989 3 0 0 1 3 0
-6534.80130228393 3 0 0 1 3 3
4324.704289065234 3 0 0 3 0 0
-38.93175508334338 3 0 0 3 0 3
-38.93175508334347 3 0 0 3 3 0
-4234.782803411188 3 0 0 3 3 3
0.009048655505912322 3 0 1 0 0 1
0.004324316218510043 3 0 1 0 3 1
-0.0009951974512068704 3 0 1 1 0 1
-0.05927152363028015 3 0 1 1 3 1
-0.0009951974512068722 3 0 1 2 0 2
-0.059271523630280196 3 0 1 2 3 2
0.0043243162185100424 3 0 1 3 0 1
0.009048655505912322 3 0 1 3 3 1
6.59751683607872 3 0 2 0 0 2
2.942546452685764 3 0 2 0 3 2
3.440151076532014 3 0 2 1 0 2
-147.77890979565422 3 0 2 1 3 2
-3.4401510765320147 3 0 2 2 0 1
147.77890979565422 3 0 2 2 3 1
2.9425464526857645 3 0 2 3 0 2
6.59751683607872 3 0 2 3 3 2
194.55064257522224 3 0 3 0 0 0
-64.1107924163674 3 0 3 0 0 3
-43.60165304358161 3 0 3 0 3 0
-5.069000253973892 3 0 3 0 3 3
-1466.0801857021925 3 0 3 1 0 0
185.2527802644195 3 0 3 1 0 3
185.25278026441953 3 0 3 1 3 0
-1466.0801857021927 3 0 3 1 3 3
-38.93175508334345 3 0 3 3 0 0
-7.2076455026888375 3 0 3 3 0 3
3.037015333132129 3 0 3 3 3 0
26.292379693975935 3 0 3 3 3 3
0.009048655505912329 3 1 0 0 1 0
0.004324316218510046 3 1 0 0 1 3
-0.00099519745120687 3 1 0 1 1 0
-0.05927152363028048 3 1 0 1 1 3
-0.00099519745120687 3 1 0 2 2 0
-0.059271523630280556 3 1 0 2 2 3
0.004324316218510045 3 1 0 3 1 0
0.009048655505912329 3 1 0 3 1 3
0.007397973035350139 3 1 1 0 1 1
0.007397973035350139 3 1 1 0 2 2
0.003792972701572803 3 1 1 3 1 1
0.0037929727015728015 3 1 1 3 2 2
10.254569686392943 3 1 2 0 1 2
-10.254569686392943 3 1 2 0 2 1
5.1223304179105105 3 1 2 3 1 2
-5.1223304179105105 3 1 2 3 2 1
-0.4635099494205832 3 1 3 0 1 0
0.009048655505912327 3 1 3 0 1 3
-0.0005095133485248579 3 1 3 1 1 0
-0.0008230810844980429 3 1 3 1 1 3
-0.0005095133485248579 3 1 3 2 2 0
-0.0008230810844980421 3 1 3 2 2 3
0.009048655505912325 3 1 3 3 1 0
-0.4635099494205832 3 1 3 3 1 3
6.597516836078718 3 2 0 0 2 0
2.9425464526857636 3 2 0 0 2 3
3.440151076532012 3 2 0 1 2 0
-147.7789097956542 3 2 0 1 2 3
-3.4401510765320125 3 2 0 2 1 0
147.77890979565422 3 2 0 2 1 3
2.942546452685764 3 2 0 3 2 0
6.597516836078718 3 2 0 3 2 3
-10.254569686392943 3 2 1 0 1 2
10.25456968639294 3 2 1 0 2 1
-5.1223304179105105 3 2 1 3 1 2
5.1223304179105105 3 2 1 3 2 1
0.007397973035350139 3 2 2 0 1 1
0.007397973035350139 3 2 2 0 2 2
0.0037929727015728024 3 2 2 3 1 1
0.0037929727015728024 3 2 2 3 2 2
-201.33918602237495 3 2 3 0 2 0
6.597516836078719 3 2 3 0 2 3
1.7547171481939952 3 2 3 1 2 0
4.111166815567541 3 2 3 1 2 3
-1.7547171481939952 3 2 3 2 1 0
-4.111166815567541 3 2 3 2 1 3
6.597516836078718 3 2 3 3 2 0
-201.33918602237495 3 2 3 3 2 3
194.55064257522204 3 3 0 0 0 0
-43.60165304358166 3 3 0 0 0 3
-64.11079241636753 3 3 0 0 3 0
-5.069000253973918 3 3 0 0 3 3
-1466.0801857021925 3 3 0 1 0 0
185.25278026441956 3 3 0 1 0 3
185.25278026441956 3 3 0 1 3 0
-1466.0801857021925 3 3 0 1 3 3
-38.93175508334348 3 3 0 3 0 0
3.0370153331321332 3 3 0 3 0 3
-7.207645502688842 3 3 0 3 3 0
26.29237969397597 3 3 0 3 3 3
-0.46350994942058266 3 3 1 0 0 1
0.009048655505912322 3 3 1 0 3 1
-0.0005095133485248599 3 3 1 1 0 1
-0.0008230810844980444 3 3 1 1 3 1
-0.0005095133485248599 3 3 1 2 0 2
-0.0008230810844980444 3 3 1 2 3 2
0.00904865550591232 3 3 1 3 0 1
-0.46350994942058266 3 3 1 3 3 1
-201.33918602237497 3 3 2 0 0 2
6.597516836078721 3 3 2 0 3 2
1.7547171481939954 3 3 2 1 0 2
4.111166815567542 3 3 2 1 3 2
-1.7547171481939954 3 3 2 2 0 1
-4.111166815567542 3 3 2 2 3 1
6.597516836078721 3 3 2 3 0 2
-201.33918602237492 3 3 2 3 3 2
-13951.050954710447 3 3 3 0 0 0
-4014.8592849418264 3 3 3 0 0 3
-4014.8592849418255 3 3 3 0 3 0
71.0976308100777 3 3 3 0 3 3
82.30776028433277 3 3 3 1 0 0
37.86351733786219 3 3 3 1 0 3
37.86351733786219 3 3 3 1 3 0
82.30776028433277 3 3 3 1 3 3
-4234.782803411186 3 3 3 3 0 0
26.292379693975892 3 3 3 3 0 3
26.292379693975963 3 3 3 3 3 0
4521.232909945794 3 3 3 3 3 3
