-877118.3599815168 0 0 0 0 0 0
124.16336698083738 0 0 0 0 0 1
17326.636513375808 0 0 0 0 0 3
24937.151008989684 0 0 0 0 3 0
-106.54391658816616 0 0 0 0 3 1
163.6849262716061 0 0 0 0 3 3
24937.151008989687 0 0 0 3 0 0
-106.54391658816616 0 0 0 3 0 1
163.68492627160603 0 0 0 3 0 3
3635.608631495536 0 0 0 3 3 0
124.16336698083738 0 0 0 3 3 1
-15358.900639599995 0 0 0 3 3 3
374.3005441486292 0 0 1 0 0 0
-0.025204838840633775 0 0 1 0 0 1
8545.595351215392 0 0 1 0 0 3
-9.642963966787397 0 0 1 0 3 0
0.0005607804002320613 0 0 1 0 3 1
2004.2705878973027 0 0 1 0 3 3
-9.642963966787397 0 0 1 3 0 0
0.0005607804002320639 0 0 1 3 0 1
2004.270587897303 0 0 1 3 0 3
-124.1633669808374 0 0 1 3 3 0
-0.02520483884063377 0 0 1 3 3 1
-129.6808951014409 0 0 1 3 3 3
-2091.5489301674947 0 0 2 0 0 2
138.27361773997714 0 0 2 0 3 2
138.27361773997714 0 0 2 3 0 2
-2091.5489301674943 0 0 2 3 3 2
17326.636513375797 0 0 3 0 0 0
129.6808951014409 0 0 3 0 0 1
3679.657104526816 0 0 3 0 0 3
3639.203842785504 0 0 3 0 3 0
62.249788365670796 0 0 3 0 3 1
-8.736803750009102 0 0 3 0 3 3
3639.203842785504 0 0 3 3 0 0
62.249788365670796 0 0 3 3 0 1
-8.736803750009106 0 0 3 3 0 3
-114.36675365225663 0 0 3 3 3 0
129.6808951014409 0 0 3 3 3 1
-3697.059029262066 0 0 3 3 3 3
-0.25923848162518537 0 1 0 0 1 0
184.29894424771112 0 1 0 0 1 1
0.0034154359004533756 0 1 0 0 1 3
184.29894424771112 0 1 0 0 2 2
0.0034154359004533773 0 1 0 3 1 0
-4.498640273908342 0 1 0 3 1 1
-0.2592384816251854 0 1 0 3 1 3
-4.498640273908342 0 1 0 3 2 2
-0.0014490779302176542 0 1 1 0 1 0
-0.28212002906120665 0 1 1 0 1 1
-0.002986893691531753 0 1 1 0 1 3
-0.28212002906120665 0 1 1 0 2 2
-0.002986893691531753 0 1 1 3 1 0
0.0036083312524058772 0 1 1 3 1 1
-0.001449077930217656 0 1 1 3 1 3
0.0036083312524058764 0 1 1 3 2 2
-195.19207450483273 0 1 2 0 1 2
2.140127176987509 0 1 2 0 2 0
195.19207450483273 0 1 2 0 2 1
4.498640273908344 0 1 2 0 2 3
4.802751701460389 0 1 2 3 1 2
4.498640273908344 0 1 2 3 2 0
-4.80275170146039 0 1 2 3 2 1
2.1401271769875083 0 1 2 3 2 3
0.0034154359004533725 0 1 3 0 1 0
-4.672232569288529 0 1 3 0 1 1
0.0016262094188951093 0 1 3 0 1 3
-4.6722325692885285 0 1 3 0 2 2
0.0016262094188951076 0 1 3 3 1 0
-2.140127176987508 0 1 3 3 1 1
0.0034154359004533725 0 1 3 3 1 3
-2.1401271769875083 0 1 3 3 2 2
-0.24973280169635048 0 2 0 0 1 2
-179.28955755261825 0 2 0 0 2 0
0.24973280169635056 0 2 0 0 2 1
4.581822405182086 0 2 0 0 2 3
0.002986893691531752 0 2 0 3 1 2
4.581822405182086 0 2 0 3 2 0
-0.002986893691531752 0 2 0 3 2 1
-179.28955755261825 0 2 0 3 2 3
195.19207450483273 0 2 1 0 1 2
-2.140127176987508 0 2 1 0 2 0
-195.19207450483273 0 2 1 0 2 1
-4.498640273908344 0 2 1 0 2 3
-4.802751701460389 0 2 1 3 1 2
-4.498640273908343 0 2 1 3 2 0
4.80275170146039 0 2 1 3 2 1
-2.140127176987508 0 2 1 3 2 3
-0.0014490779302176533 0 2 2 0 1 0
-0.2821200290612067 0 2 2 0 1 1
-0.002986893691531751 0 2 2 0 1 3
-0.2821200290612067 0 2 2 0 2 2
-0.002986893691531753 0 2 2 3 1 0
0.003608331252405877 0 2 2 3 1 1
-0.0014490779302176542 0 2 2 3 1 3
0.003608331252405875 0 2 2 3 2 2
0.0030653396069467713 0 2 3 0 1 2
4.581822405182088 0 2 3 0 2 0
-0.003065339606946772 0 2 3 0 2 1
2.089472765651267 0 2 3 0 2 3
0.0014490779302176546 0 2 3 3 1 2
2.089472765651267 0 2 3 3 2 0
-0.001449077930217653 0 2 3 3 2 1
4.581822405182087 0 2 3 3 2 3
24937.151008989684 0 3 0 0 0 0
9.642963966787372 0 3 0 0 0 1
3639.2038427855036 0 3 0 0 0 3
6298.167934419709 0 3 0 0 3 0
3.6571923126160786 0 3 0 0 3 1
-26.80457191243785 0 3 0 0 3 3
5555.257187698608 0 3 0 3 0 0
3.6571923126160786 0 3 0 3 0 1
-8.26777438766635 0 3 0 3 0 3
-255.07791249058664 0 3 0 3 3 0
9.642963966787372 0 3 0 3 3 1
-3462.797702177654 0 3 0 3 3 3
-125.48250303914976 0 3 1 0 0 0
0.0005607804002320092 0 3 1 0 0 1
3697.410457551625 0 3 1 0 0 3
-3.657192312616081 0 3 1 0 3 0
0.0003107828060676701 0 3 1 0 3 1
-246.50288703603337 0 3 1 0 3 3
-3.657192312616081 0 3 1 3 0 0
0.0003107828060676678 0 3 1 3 0 1
-246.5028870360334 0 3 1 3 0 3
106.5439165881661 0 3 1 3 3 0
0.00056078040023201 0 3 1 3 3 1
-62.249788365670796 0 3 1 3 3 3
138.27361773997708 0 3 2 0 0 2
66.2931036864392 0 3 2 0 3 2
66.29310368643921 0 3 2 3 0 2
138.27361773997708 0 3 2 3 3 2
163.68492627160666 0 3 3 0 0 0
-2004.270587897303 0 3 3 0 0 1
-8.736803750009022 0 3 3 0 0 3
-26.804571912437755 0 3 3 0 3 0
246.50288703603343 0 3 3 0 3 1
-4.648025737763057 0 3 3 0 3 3
-8.267774387666243 0 3 3 3 0 0
246.50288703603343 0 3 3 3 0 1
4.10279979521136 0 3 3 3 0 3
-3.4202164397371355 0 3 3 3 3 0
-2004.270587897303 0 3 3 3 3 1
7.231827931476599 0 3 3 3 3 3
-0.25923848162518537 1 0 0 1 0 0
184.29894424771118 1 0 0 1 0 1
0.003415435900453376 1 0 0 1 0 3
0.003415435900453375 1 0 0 1 3 0
-4.498640273908342 1 0 0 1 3 1
-0.25923848162518537 1 0 0 1 3 3
184.29894424771112 1 0 0 2 0 2
-4.498640273908343 1 0 0 2 3 2
-0.0014490779302176523 1 0 1 1 0 0
-0.2821200290612066 1 0 1 1 0 1
-0.0029868936915317507 1 0 1 1 0 3
-0.0029868936915317524 1 0 1 1 3 0
0.0036083312524058764 1 0 1 1 3 1
-0.0014490779302176549 1 0 1 1 3 3
-0.2821200290612066 1 0 1 2 0 2
0.0036083312524058755 1 0 1 2 3 2
-195.19207450483273 1 0 2 1 0 2
4.802751701460386 1 0 2 1 3 2
2.1401271769875083 1 0 2 2 0 0
195.19207450483273 1 0 2 2 0 1
4.498640273908342 1 0 2 2 0 3
4.498640273908342 1 0 2 2 3 0
-4.802751701460387 1 0 2 2 3 1
2.1401271769875083 1 0 2 2 3 3
0.00341543590045337 1 0 3 1 0 0
-4.672232569288528 1 0 3 1 0 1
0.0016262094188951102 1 0 3 1 0 3
0.0016262094188951093 1 0 3 1 3 0
-2.1401271769875088 1 0 3 1 3 1
0.003415435900453371 1 0 3 1 3 3
-4.672232569288527 1 0 3 2 0 2
-2.1401271769875088 1 0 3 2 3 2
-0.5203221248288924 1 1 0 1 1 0
0.0065335452822381295 1 1 0 1 1 3
-0.5203221248288923 1 1 0 2 2 0
0.00653354528223813 1 1 0 2 2 3
0.0065335452822381295 1 1 3 1 1 0
0.0031683695096149196 1 1 3 1 1 3
0.006533545282238131 1 1 3 2 2 0
0.003168369509614919 1 1 3 2 2 3
-371.4553733605459 1 2 0 1 2 0
9.268398762385681 1 2 0 1 2 3
371.45537336054576 1 2 0 2 1 0
-9.268398762385681 1 2 0 2 1 3
9.268398762385683 1 2 3 1 2 0
4.375412766487178 1 2 3 1 2 3
-9.268398762385683 1 2 3 2 1 0
-4.3754127664871785 1 2 3 2 1 3
0.0034154359004533704 1 3 0 1 0 0
-4.672232569288528 1 3 0 1 0 1
0.0016262094188951102 1 3 0 1 0 3
0.0016262094188951076 1 3 0 1 3 0
-2.1401271769875088 1 3 0 1 3 1
0.0034154359004533704 1 3 0 1 3 3
-4.672232569288528 1 3 0 2 0 2
-2.1401271769875088 1 3 0 2 3 2
-0.0030653396069467748 1 3 1 1 0 0
0.0036083312524058716 1 3 1 1 0 1
0.2497328016963505 1 3 1 1 0 3
0.2497328016963505 1 3 1 1 3 0
0.0017710236328429443 1 3 1 1 3 1
-0.0030653396069467756 1 3 1 1 3 3
0.0036083312524058716 1 3 1 2 0 2
0.0017710236328429435 1 3 1 2 3 2
4.802751701460388 1 3 2 1 0 2
2.3053602277646883 1 3 2 1 3 2
4.672232569288528 1 3 2 2 0 0
-4.802751701460388 1 3 2 2 0 1
-184.29894424771118 1 3 2 2 0 3
-184.29894424771112 1 3 2 2 3 0
-2.3053602277646883 1 3 2 2 3 1
4.6722325692885285 1 3 2 2 3 3
-0.25923848162518526 1 3 3 1 0 0
184.29894424771112 1 3 3 1 0 1
0.0034154359004533747 1 3 3 1 0 3
0.0034154359004533747 1 3 3 1 3 0
-4.498640273908342 1 3 3 1 3 1
-0.25923848162518537 1 3 3 1 3 3
184.29894424771112 1 3 3 2 0 2
-4.498640273908343 1 3 3 2 3 2
-0.24973280169635037 2 0 0 1 0 2
0.0029868936915317533 2 0 0 1 3 2
-179.28955755261828 2 0 0 2 0 0
0.24973280169635045 2 0 0 2 0 1
4.581822405182087 2 0 0 2 0 3
4.581822405182086 2 0 0 2 3 0
-0.0029868936915317524 2 0 0 2 3 1
-179.28955755261825 2 0 0 2 3 3
195.19207450483273 2 0 1 1 0 2
-4.802751701460387 2 0 1 1 3 2
-2.1401271769875083 2 0 1 2 0 0
-195.19207450483273 2 0 1 2 0 1
-4.498640273908343 2 0 1 2 0 3
-4.498640273908342 2 0 1 2 3 0
4.802751701460388 2 0 1 2 3 1
-2.1401271769875083 2 0 1 2 3 3
-0.001449077930217654 2 0 2 1 0 0
-0.2821200290612066 2 0 2 1 0 1
-0.0029868936915317516 2 0 2 1 0 3
-0.0029868936915317516 2 0 2 1 3 0
0.003608331252405875 2 0 2 1 3 1
-0.0014490779302176549 2 0 2 1 3 3
-0.2821200290612066 2 0 2 2 0 2
0.003608331252405877 2 0 2 2 3 2
0.0030653396069467713 2 0 3 1 0 2
0.0014490779302176527 2 0 3 1 3 2
4.581822405182085 2 0 3 2 0 0
-0.003065339606946773 2 0 3 2 0 1
2.0894727656512675 2 0 3 2 0 3
2.089472765651267 2 0 3 2 3 0
-0.0014490779302176544 2 0 3 2 3 1
4.581822405182085 2 0 3 2 3 3
371.45537336054576 2 1 0 1 2 0
-9.268398762385681 2 1 0 1 2 3
-371.45537336054576 2 1 0 2 1 0
9.268398762385681 2 1 0 2 1 3
-9.268398762385681 2 1 3 1 2 0
-4.3754127664871785 2 1 3 1 2 3
9.268398762385683 2 1 3 2 1 0
4.3754127664871785 2 1 3 2 1 3
-0.5203221248288922 2 2 0 1 1 0
0.00653354528223813 2 2 0 1 1 3
-0.5203221248288925 2 2 0 2 2 0
0.0065335452822381295 2 2 0 2 2 3
0.006533545282238131 2 2 3 1 1 0
0.003168369509614919 2 2 3 1 1 3
0.0065335452822381295 2 2 3 2 2 0
0.003168369509614919 2 2 3 2 2 3
0.0030653396069467717 2 3 0 1 0 2
0.0014490779302176544 2 3 0 1 3 2
4.581822405182084 2 3 0 2 0 0
-0.0030653396069467717 2 3 0 2 0 1
2.089472765651267 2 3 0 2 0 3
2.0894727656512675 2 3 0 2 3 0
-0.0014490779302176536 2 3 0 2 3 1
4.581822405182084 2 3 0 2 3 3
-4.802751701460387 2 3 1 1 0 2
-2.3053602277646887 2 3 1 1 3 2
-4.672232569288528 2 3 1 2 0 0
4.802751701460387 2 3 1 2 0 1
184.29894424771112 2 3 1 2 0 3
184.29894424771112 2 3 1 2 3 0
2.3053602277646883 2 3 1 2 3 1
-4.672232569288528 2 3 1 2 3 3
-0.0030653396069467756 2 3 2 1 0 0
0.0036083312524058738 2 3 2 1 0 1
0.24973280169635062 2 3 2 1 0 3
0.24973280169635056 2 3 2 1 3 0
0.0017710236328429443 2 3 2 1 3 1
-0.0030653396069467756 2 3 2 1 3 3
0.0036083312524058738 2 3 2 2 0 2
0.0017710236328429443 2 3 2 2 3 2
-0.24973280169635043 2 3 3 1 0 2
0.0029868936915317524 2 3 3 1 3 2
-179.28955755261828 2 3 3 2 0 0
0.24973280169635048 2 3 3 2 0 1
4.581822405182086 2 3 3 2 0 3
4.581822405182085 2 3 3 2 3 0
-0.0029868936915317524 2 3 3 2 3 1
-179.28955755261828 2 3 3 2 3 3
24937.151008989702 3 0 0 0 0 0
9.642963966787363 3 0 0 0 0 1
3639.203842785504 3 0 0 0 0 3
5555.257187698607 3 0 0 0 3 0
3.657192312616082 3 0 0 0 3 1
-8.267774387666352 3 0 0 0 3 3
6298.167934419709 3 0 0 3 0 0
3.6571923126160812 3 0 0 3 0 1
-26.80457191243787 3 0 0 3 0 3
-255.0779124905867 3 0 0 3 3 0
9.642963966787363 3 0 0 3 3 1
-3462.797702177654 3 0 0 3 3 3
-125.48250303914976 3 0 1 0 0 0
0.0005607804002320114 3 0 1 0 0 1
3697.4104575516258 3 0 1 0 0 3
-3.657192312616081 3 0 1 0 3 0
0.00031078280606766965 3 0 1 0 3 1
-246.50288703603337 3 0 1 0 3 3
-3.657192312616081 3 0 1 3 0 0
0.0003107828060676689 3 0 1 3 0 1
-246.5028870360334 3 0 1 3 0 3
106.5439165881661 3 0 1 3 3 0
0.0005607804002320121 3 0 1 3 3 1
-62.249788365670796 3 0 1 3 3 3
138.27361773997708 3 0 2 0 0 2
66.29310368643921 3 0 2 0 3 2
66.29310368643921 3 0 2 3 0 2
138.27361773997708 3 0 2 3 3 2
163.68492627160626 3 0 3 0 0 0
-2004.2705878973034 3 0 3 0 0 1
-8.7368037500091 3 0 3 0 0 3
-8.267774387666302 3 0 3 0 3 0
246.50288703603334 3 0 3 0 3 1
4.102799795211362 3 0 3 0 3 3
-26.804571912437826 3 0 3 3 0 0
246.50288703603334 3 0 3 3 0 1
-4.648025737763059 3 0 3 3 0 3
-3.420216439737131 3 0 3 3 3 0
-2004.2705878973034 3 0 3 3 3 1
7.231827931476689 3 0 3 3 3 3
0.003415435900453372 3 1 0 0 1 0
-4.672232569288529 3 1 0 0 1 1
0.0016262094188951085 3 1 0 0 1 3
-4.672232569288529 3 1 0 0 2 2
0.0016262094188951085 3 1 0 3 1 0
-2.1401271769875083 3 1 0 3 1 1
0.0034154359004533712 3 1 0 3 1 3
-2.1401271769875083 3 1 0 3 2 2
-0.003065339606946774 3 1 1 0 1 0
0.0036083312524058738 3 1 1 0 1 1
0.24973280169635056 3 1 1 0 1 3
0.0036083312524058738 3 1 1 0 2 2
0.24973280169635056 3 1 1 3 1 0
0.0017710236328429452 3 1 1 3 1 1
-0.003065339606946773 3 1 1 3 1 3
0.0017710236328429452 3 1 1 3 2 2
4.802751701460391 3 1 2 0 1 2
4.672232569288529 3 1 2 0 2 0
-4.80275170146039 3 1 2 0 2 1
-184.29894424771118 3 1 2 0 2 3
2.3053602277646883 3 1 2 3 1 2
-184.29894424771112 3 1 2 3 2 0
-2.3053602277646883 3 1 2 3 2 1
4.6722325692885285 3 1 2 3 2 3
-0.2592384816251854 3 1 3 0 1 0
184.29894424771112 3 1 3 0 1 1
0.0034154359004533747 3 1 3 0 1 3
184.29894424771112 3 1 3 0 2 2
0.0034154359004533764 3 1 3 3 1 0
-4.498640273908342 3 1 3 3 1 1
-0.2592384816251854 3 1 3 3 1 3
-4.498640273908342 3 1 3 3 2 2
0.0030653396069467717 3 2 0 0 1 2
4.581822405182088 3 2 0 0 2 0
-0.0030653396069467717 3 2 0 0 2 1
2.089472765651267 3 2 0 0 2 3
0.0014490779302176538 3 2 0 3 1 2
2.0894727656512675 3 2 0 3 2 0
-0.0014490779302176538 3 2 0 3 2 1
4.581822405182087 3 2 0 3 2 3
-4.802751701460391 3 2 1 0 1 2
-4.6722325692885285 3 2 1 0 2 0
4.80275170146039 3 2 1 0 2 1
184.29894424771112 3 2 1 0 2 3
-2.3053602277646883 3 2 1 3 1 2
184.29894424771112 3 2 1 3 2 0
2.3053602277646883 3 2 1 3 2 1
-4.6722325692885285 3 2 1 3 2 3
-0.0030653396069467735 3 2 2 0 1 0
0.0036083312524058738 3 2 2 0 1 1
0.24973280169635056 3 2 2 0 1 3
0.003608331252405873 3 2 2 0 2 2
0.24973280169635056 3 2 2 3 1 0
0.0017710236328429435 3 2 2 3 1 1
-0.0030653396069467726 3 2 2 3 1 3
0.0017710236328429443 3 2 2 3 2 2
-0.24973280169635048 3 2 3 0 1 2
-179.28955755261825 3 2 3 0 2 0
0.24973280169635054 3 2 3 0 2 1
4.581822405182085 3 2 3 0 2 3
0.002986893691531751 3 2 3 3 1 2
4.581822405182086 3 2 3 3 2 0
-0.0029868936915317546 3 2 3 3 2 1
-179.28955755261828 3 2 3 3 2 3
3635.608631495541 3 3 0 0 0 0
-374.3005441486293 3 3 0 0 0 1
-114.36675365225665 3 3 0 0 0 3
-255.0779124905866 3 3 0 0 3 0
125.48250303914976 3 3 0 0 3 1
-3.4202164397371373 3 3 0 0 3 3
-255.07791249058658 3 3 0 3 0 0
125.48250303914976 3 3 0 3 0 1
-3.420216439737135 3 3 0 3 0 3
-71.18168085765443 3 3 0 3 3 0
-374.3005441486293 3 3 0 3 3 1
96.35139681000143 3 3 0 3 3 3
374.3005441486294 3 3 1 0 0 0
-0.02520483884063377 3 3 1 0 0 1
8545.59535121539 3 3 1 0 0 3
-9.642963966787399 3 3 1 0 3 0
0.0005607804002320501 3 3 1 0 3 1
2004.2705878973031 3 3 1 0 3 3
-9.642963966787399 3 3 1 3 0 0
0.0005607804002320518 3 3 1 3 0 1
2004.2705878973034 3 3 1 3 0 3
-124.16336698083748 3 3 1 3 3 0
-0.025204838840633768 3 3 1 3 3 1
-129.68089510144094 3 3 1 3 3 3
-2091.5489301674943 3 3 2 0 0 2
138.27361773997714 3 3 2 0 3 2
138.27361773997714 3 3 2 3 0 2
-2091.5489301674943 3 3 2 3 3 2
-15358.900639600008 3 3 3 0 0 0
-8545.595351215392 3 3 3 0 0 1
-3697.059029262066 3 3 3 0 0 3
-3462.7977021776546 3 3 3 0 3 0
-3697.4104575516258 3 3 3 0 3 1
7.231827931476692 3 3 3 0 3 3
-3462.7977021776546 3 3 3 3 0 0
-3697.410457551625 3 3 3 3 0 1
7.231827931476703 3 3 3 3 0 3
96.35139681000148 3 3 3 3 3 0
-8545.595351215394 3 3 3 3 3 1
3758.0657575109194 3 3 3 3 3 3
