-875703.1395684107 0 0 0 0 0 0
120.51111721573982 0 0 0 0 0 1
19443.150193688383 0 0 0 0 0 3
25017.453415112905 0 0 0 0 3 0
-96.72890363722223 0 0 0 0 3 1
121.51302734043368 0 0 0 0 3 3
25017.453415112857 0 0 0 3 0 0
-96.72890363722222 0 0 0 3 0 1
121.51302734043273 0 0 0 3 0 3
3051.1780535612193 0 0 0 3 3 0
120.51111721573983 0 0 0 3 3 1
-15205.957723557412 0 0 0 3 3 3
400.3641673920835 0 0 1 0 0 0
-0.14749314240087325 0 0 1 0 0 1
7505.966422228929 0 0 1 0 0 3
-13.107503951541585 0 0 1 0 3 0
0.003245364190033099 0 0 1 0 3 1
1750.8020050079033 0 0 1 0 3 3
-13.107503951541533 0 0 1 3 0 0
0.0032453641900330905 0 0 1 3 0 1
1750.8020050079028 0 0 1 3 0 3
-120.51111721573989 0 0 1 3 3 0
-0.14749314240087302 0 0 1 3 3 1
-105.25096436952396 0 0 1 3 3 3
-1803.1665238155804 0 0 2 0 0 2
113.8323677260488 0 0 2 0 3 2
113.8323677260488 0 0 2 3 0 2
-1803.1665238155804 0 0 2 3 3 2
19443.15019368839 0 0 3 0 0 0
105.250964369524 0 0 3 0 0 1
3952.835507563745 0 0 3 0 0 3
3894.4479092014376 0 0 3 0 3 0
50.17922628368143 0 0 3 0 3 1
-17.061603446373955 0 0 3 0 3 3
3894.447909201437 0 0 3 3 0 0
50.17922628368144 0 0 3 3 0 1
-17.0616034463736 0 0 3 3 0 3
-108.44881796400487 0 0 3 3 3 0
105.250964369524 0 0 3 3 3 1
-3984.10610365419 0 0 3 3 3 3
-0.3204663028465873 0 1 0 0 1 0
175.68959438547603 0 1 0 0 1 1
0.005144534263816623 0 1 0 0 1 3
175.68959438547603 0 1 0 0 2 2
0.005144534263816625 0 1 0 3 1 0
-4.324554438046023 0 1 0 3 1 1
-0.3204663028465874 0 1 0 3 1 3
-4.3245544380460235 0 1 0 3 2 2
-0.0009034204848563304 0 1 1 0 1 0
-0.34119937702027336 0 1 1 0 1 1
-0.0018411297905083796 0 1 1 0 1 3
-0.3411993770202735 0 1 1 0 2 2
-0.0018411297905083805 0 1 1 3 1 0
0.0050214210275188065 0 1 1 3 1 1
-0.0009034204848563295 0 1 1 3 1 3
0.005021421027518808 0 1 1 3 2 2
-205.83410119541855 0 1 2 0 1 2
2.129456035806426 0 1 2 0 2 0
205.83410119541853 0 1 2 0 2 1
4.324554438046026 0 1 2 0 2 3
5.33225167989304 0 1 2 3 1 2
4.324554438046025 0 1 2 3 2 0
-5.33225167989304 0 1 2 3 2 1
2.129456035806426 0 1 2 3 2 3
0.0051445342638166275 0 1 3 0 1 0
-4.792494232395525 0 1 3 0 1 1
0.0024589911979890043 0 1 3 0 1 3
-4.792494232395525 0 1 3 0 2 2
0.0024589911979890026 0 1 3 3 1 0
-2.129456035806426 0 1 3 3 1 1
0.005144534263816624 0 1 3 3 1 3
-2.1294560358064256 0 1 3 3 2 2
-0.19319585969648015 0 2 0 0 1 2
-188.10299483530167 0 2 0 0 2 0
0.1931958596964802 0 2 0 0 2 1
5.390916180052573 0 2 0 0 2 3
0.0018411297905083816 0 2 0 3 1 2
5.390916180052573 0 2 0 3 2 0
-0.0018411297905083816 0 2 0 3 2 1
-188.10299483530167 0 2 0 3 2 3
205.83410119541858 0 2 1 0 1 2
-2.129456035806426 0 2 1 0 2 0
-205.83410119541855 0 2 1 0 2 1
-4.324554438046025 0 2 1 0 2 3
-5.332251679893042 0 2 1 3 1 2
-4.324554438046025 0 2 1 3 2 0
5.332251679893042 0 2 1 3 2 1
-2.129456035806426 0 2 1 3 2 3
-0.0009034204848563323 0 2 2 0 1 0
-0.34119937702027336 0 2 2 0 1 1
-0.0018411297905083805 0 2 2 0 1 3
-0.34119937702027336 0 2 2 0 2 2
-0.0018411297905083822 0 2 2 3 1 0
0.005021421027518808 0 2 2 3 1 1
-0.0009034204848563306 0 2 2 3 1 3
0.0050214210275188065 0 2 2 3 2 2
0.002035335019949103 0 2 3 0 1 2
5.390916180052573 0 2 3 0 2 0
-0.0020353350199491032 0 2 3 0 2 1
2.409950170399985 0 2 3 0 2 3
0.0009034204848563307 0 2 3 3 1 2
2.409950170399985 0 2 3 3 2 0
-0.0009034204848563307 0 2 3 3 2 1
5.390916180052573 0 2 3 3 2 3
25017.453415112912 0 3 0 0 0 0
13.107503951541526 0 3 0 0 0 1
3894.4479092014376 0 3 0 0 0 3
6299.012012001241 0 3 0 0 3 0
3.7216662201158455 0 3 0 0 3 1
-38.25756793679283 0 3 0 0 3 3
5557.589929399619 0 3 0 3 0 0
3.721666220115843 0 3 0 3 0 1
-18.59426911250167 0 3 0 3 0 3
-224.08109444868094 0 3 0 3 3 0
13.107503951541524 0 3 0 3 3 1
-3758.2760890314757 0 3 0 3 3 3
-122.00764354114747 0 3 1 0 0 0
0.00324536419003311 0 3 1 0 0 1
3195.756936896556 0 3 1 0 0 3
-3.72166622011585 0 3 1 0 3 0
0.001773702569805707 0 3 1 0 3 1
-215.82187775091737 0 3 1 0 3 3
-3.7216662201158415 0 3 1 3 0 0
0.0017737025698057005 0 3 1 3 0 1
-215.82187775091725 0 3 1 3 0 3
96.72890363722216 0 3 1 3 3 0
0.0032453641900331096 0 3 1 3 3 1
-50.17922628368143 0 3 1 3 3 3
113.83236772604882 0 3 2 0 0 2
54.38201801640167 0 3 2 0 3 2
54.38201801640168 0 3 2 3 0 2
113.83236772604882 0 3 2 3 3 2
121.51302734043396 0 3 3 0 0 0
-1750.8020050079026 0 3 3 0 0 1
-17.061603446373912 0 3 3 0 0 3
-38.2575679367928 0 3 3 0 3 0
215.82187775091722 0 3 3 0 3 1
-5.460220417680147 0 3 3 0 3 3
-18.59426911250197 0 3 3 3 0 0
215.82187775091722 0 3 3 3 0 1
4.025202696023298 0 3 3 3 0 3
-3.3698309809627878 0 3 3 3 3 0
-1750.8020050079026 0 3 3 3 3 1
12.98833824738503 0 3 3 3 3 3
-0.3204663028465874 1 0 0 1 0 0
175.6895943854759 1 0 0 1 0 1
0.00514453426381663 1 0 0 1 0 3
0.00514453426381663 1 0 0 1 3 0
-4.324554438046026 1 0 0 1 3 1
-0.3204663028465874 1 0 0 1 3 3
175.6895943854759 1 0 0 2 0 2
-4.324554438046027 1 0 0 2 3 2
-0.000903420484856327 1 0 1 1 0 0
-0.3411993770202737 1 0 1 1 0 1
-0.0018411297905083796 1 0 1 1 0 3
-0.0018411297905083788 1 0 1 1 3 0
0.005021421027518812 1 0 1 1 3 1
-0.0009034204848563274 1 0 1 1 3 3
-0.34119937702027353 1 0 1 2 0 2
0.005021421027518812 1 0 1 2 3 2
-205.83410119541858 1 0 2 1 0 2
5.332251679893049 1 0 2 1 3 2
2.129456035806425 1 0 2 2 0 0
205.83410119541858 1 0 2 2 0 1
4.3245544380460315 1 0 2 2 0 3
4.32455443804603 1 0 2 2 3 0
-5.332251679893049 1 0 2 2 3 1
2.129456035806425 1 0 2 2 3 3
0.005144534263816629 1 0 3 1 0 0
-4.792494232395527 1 0 3 1 0 1
0.0024589911979890034 1 0 3 1 0 3
0.0024589911979890026 1 0 3 1 3 0
-2.1294560358064247 1 0 3 1 3 1
0.005144534263816629 1 0 3 1 3 3
-4.792494232395528 1 0 3 2 0 2
-2.1294560358064247 1 0 3 2 3 2
-0.5211792798458277 1 1 0 1 1 0
0.00696317338290522 1 1 0 1 1 3
-0.5211792798458276 1 1 0 2 2 0
0.00696317338290522 1 1 0 2 2 3
0.006963173382905222 1 1 3 1 1 0
0.0034460276299031947 1 1 3 1 1 3
0.006963173382905222 1 1 3 2 2 0
0.003446027629903195 1 1 3 2 2 3
-370.71104130080533 1 2 0 1 2 0
9.831649412145328 1 2 0 1 2 3
370.71104130080533 1 2 0 2 1 0
-9.831649412145328 1 2 0 2 1 3
9.83164941214533 1 2 3 1 2 0
4.742711556851692 1 2 3 1 2 3
-9.831649412145333 1 2 3 2 1 0
-4.742711556851693 1 2 3 2 1 3
0.005144534263816628 1 3 0 1 0 0
-4.792494232395526 1 3 0 1 0 1
0.002458991197989 1 3 0 1 0 3
0.0024589911979890034 1 3 0 1 3 0
-2.1294560358064247 1 3 0 1 3 1
0.005144534263816628 1 3 0 1 3 3
-4.7924942323955255 1 3 0 2 0 2
-2.129456035806425 1 3 0 2 3 2
-0.0020353350199490993 1 3 1 1 0 0
0.005021421027518812 1 3 1 1 0 1
0.19319585969647976 1 3 1 1 0 3
0.19319585969647982 1 3 1 1 3 0
0.002569200159371462 1 3 1 1 3 1
-0.002035335019949102 1 3 1 1 3 3
0.005021421027518812 1 3 1 2 0 2
0.002569200159371461 1 3 1 2 3 2
5.332251679893053 1 3 2 1 0 2
2.6866243376420584 1 3 2 1 3 2
4.792494232395528 1 3 2 2 0 0
-5.332251679893052 1 3 2 2 0 1
-175.68959438547597 1 3 2 2 0 3
-175.68959438547597 1 3 2 2 3 0
-2.686624337642059 1 3 2 2 3 1
4.792494232395527 1 3 2 2 3 3
-0.3204663028465875 1 3 3 1 0 0
175.6895943854759 1 3 3 1 0 1
0.005144534263816631 1 3 3 1 0 3
0.005144534263816631 1 3 3 1 3 0
-4.324554438046025 1 3 3 1 3 1
-0.32046630284658745 1 3 3 1 3 3
175.68959438547589 1 3 3 2 0 2
-4.324554438046025 1 3 3 2 3 2
-0.1931958596964799 2 0 0 1 0 2
0.0018411297905083757 2 0 0 1 3 2
-188.1029948353017 2 0 0 2 0 0
0.19319585969647995 2 0 0 2 0 1
5.390916180052579 2 0 0 2 0 3
5.39091618005258 2 0 0 2 3 0
-0.0018411297905083774 2 0 0 2 3 1
-188.1029948353017 2 0 0 2 3 3
205.83410119541853 2 0 1 1 0 2
-5.33225167989305 2 0 1 1 3 2
-2.1294560358064256 2 0 1 2 0 0
-205.83410119541853 2 0 1 2 0 1
-4.324554438046031 2 0 1 2 0 3
-4.32455443804603 2 0 1 2 3 0
5.33225167989305 2 0 1 2 3 1
-2.1294560358064256 2 0 1 2 3 3
-0.0009034204848563268 2 0 2 1 0 0
-0.34119937702027353 2 0 2 1 0 1
-0.0018411297905083779 2 0 2 1 0 3
-0.0018411297905083779 2 0 2 1 3 0
0.00502142102751881 2 0 2 1 3 1
-0.0009034204848563264 2 0 2 1 3 3
-0.3411993770202735 2 0 2 2 0 2
0.005021421027518812 2 0 2 2 3 2
0.002035335019949099 2 0 3 1 0 2
0.0009034204848563269 2 0 3 1 3 2
5.39091618005258 2 0 3 2 0 0
-0.002035335019949099 2 0 3 2 0 1
2.409950170399986 2 0 3 2 0 3
2.409950170399986 2 0 3 2 3 0
-0.0009034204848563269 2 0 3 2 3 1
5.39091618005258 2 0 3 2 3 3
370.71104130080533 2 1 0 1 2 0
-9.831649412145326 2 1 0 1 2 3
-370.7110413008054 2 1 0 2 1 0
9.831649412145326 2 1 0 2 1 3
-9.831649412145332 2 1 3 1 2 0
-4.742711556851692 2 1 3 1 2 3
9.831649412145332 2 1 3 2 1 0
4.742711556851693 2 1 3 2 1 3
-0.5211792798458276 2 2 0 1 1 0
0.00696317338290522 2 2 0 1 1 3
-0.5211792798458275 2 2 0 2 2 0
0.006963173382905222 2 2 0 2 2 3
0.006963173382905222 2 2 3 1 1 0
0.003446027629903195 2 2 3 1 1 3
0.006963173382905222 2 2 3 2 2 0
0.0034460276299031947 2 2 3 2 2 3
0.002035335019949098 2 3 0 1 0 2
0.0009034204848563281 2 3 0 1 3 2
5.39091618005258 2 3 0 2 0 0
-0.002035335019949098 2 3 0 2 0 1
2.4099501703999864 2 3 0 2 0 3
2.4099501703999864 2 3 0 2 3 0
-0.0009034204848563277 2 3 0 2 3 1
5.39091618005258 2 3 0 2 3 3
-5.332251679893052 2 3 1 1 0 2
-2.6866243376420584 2 3 1 1 3 2
-4.792494232395528 2 3 1 2 0 0
5.3322516798930515 2 3 1 2 0 1
175.68959438547594 2 3 1 2 0 3
175.68959438547594 2 3 1 2 3 0
2.6866243376420584 2 3 1 2 3 1
-4.792494232395528 2 3 1 2 3 3
-0.0020353350199490985 2 3 2 1 0 0
0.0050214210275188135 2 3 2 1 0 1
0.19319585969647982 2 3 2 1 0 3
0.19319585969647987 2 3 2 1 3 0
0.0025692001593714607 2 3 2 1 3 1
-0.002035335019949101 2 3 2 1 3 3
0.0050214210275188135 2 3 2 2 0 2
0.0025692001593714616 2 3 2 2 3 2
-0.19319585969647984 2 3 3 1 0 2
0.0018411297905083761 2 3 3 1 3 2
-188.1029948353017 2 3 3 2 0 0
0.19319585969647984 2 3 3 2 0 1
5.390916180052579 2 3 3 2 0 3
5.39091618005258 2 3 3 2 3 0
-0.0018411297905083779 2 3 3 2 3 1
-188.1029948353017 2 3 3 2 3 3
25017.453415112865 3 0 0 0 0 0
13.107503951541576 3 0 0 0 0 1
3894.4479092014376 3 0 0 0 0 3
5557.589929399618 3 0 0 0 3 0
3.7216662201158535 3 0 0 0 3 1
-18.59426911250203 3 0 0 0 3 3
6299.012012001239 3 0 0 3 0 0
3.7216662201158535 3 0 0 3 0 1
-38.25756793679246 3 0 0 3 0 3
-224.08109444868077 3 0 0 3 3 0
13.107503951541574 3 0 0 3 3 1
-3758.2760890314757 3 0 0 3 3 3
-122.00764354114749 3 0 1 0 0 0
0.003245364190033116 3 0 1 0 0 1
3195.756936896558 3 0 1 0 0 3
-3.7216662201158504 3 0 1 0 3 0
0.001773702569805707 3 0 1 0 3 1
-215.8218777509174 3 0 1 0 3 3
-3.7216662201158415 3 0 1 3 0 0
0.0017737025698057061 3 0 1 3 0 1
-215.82187775091725 3 0 1 3 0 3
96.72890363722213 3 0 1 3 3 0
0.0032453641900331226 3 0 1 3 3 1
-50.17922628368142 3 0 1 3 3 3
113.83236772604882 3 0 2 0 0 2
54.38201801640167 3 0 2 0 3 2
54.38201801640168 3 0 2 3 0 2
113.83236772604882 3 0 2 3 3 2
121.51302734043279 3 0 3 0 0 0
-1750.8020050079033 3 0 3 0 0 1
-17.061603446373578 3 0 3 0 0 3
-18.594269112501646 3 0 3 0 3 0
215.82187775091737 3 0 3 0 3 1
4.0252026960233005 3 0 3 0 3 3
-38.25756793679241 3 0 3 3 0 0
215.82187775091737 3 0 3 3 0 1
-5.460220417680146 3 0 3 3 0 3
-3.3698309809627776 3 0 3 3 3 0
-1750.8020050079033 3 0 3 3 3 1
12.988338247384696 3 0 3 3 3 3
0.005144534263816624 3 1 0 0 1 0
-4.792494232395524 3 1 0 0 1 1
0.002458991197989001 3 1 0 0 1 3
-4.792494232395524 3 1 0 0 2 2
0.002458991197989001 3 1 0 3 1 0
-2.129456035806426 3 1 0 3 1 1
0.005144534263816625 3 1 0 3 1 3
-2.129456035806426 3 1 0 3 2 2
-0.0020353350199491032 3 1 1 0 1 0
0.005021421027518808 3 1 1 0 1 1
0.19319585969648012 3 1 1 0 1 3
0.005021421027518808 3 1 1 0 2 2
0.19319585969648015 3 1 1 3 1 0
0.0025692001593714607 3 1 1 3 1 1
-0.0020353350199491024 3 1 1 3 1 3
0.0025692001593714607 3 1 1 3 2 2
5.332251679893046 3 1 2 0 1 2
4.792494232395521 3 1 2 0 2 0
-5.332251679893045 3 1 2 0 2 1
-175.689594385476 3 1 2 0 2 3
2.686624337642058 3 1 2 3 1 2
-175.68959438547597 3 1 2 3 2 0
-2.686624337642058 3 1 2 3 2 1
4.79249423239552 3 1 2 3 2 3
-0.32046630284658745 3 1 3 0 1 0
175.68959438547597 3 1 3 0 1 1
0.005144534263816625 3 1 3 0 1 3
175.689594385476 3 1 3 0 2 2
0.005144534263816625 3 1 3 3 1 0
-4.324554438046022 3 1 3 3 1 1
-0.3204663028465875 3 1 3 3 1 3
-4.324554438046021 3 1 3 3 2 2
0.0020353350199491032 3 2 0 0 1 2
5.390916180052574 3 2 0 0 2 0
-0.0020353350199491032 3 2 0 0 2 1
2.4099501703999855 3 2 0 0 2 3
0.0009034204848563306 3 2 0 3 1 2
2.4099501703999855 3 2 0 3 2 0
-0.0009034204848563297 3 2 0 3 2 1
5.390916180052574 3 2 0 3 2 3
-5.332251679893045 3 2 1 0 1 2
-4.792494232395521 3 2 1 0 2 0
5.332251679893045 3 2 1 0 2 1
175.68959438547597 3 2 1 0 2 3
-2.6866243376420584 3 2 1 3 1 2
175.689594385476 3 2 1 3 2 0
2.6866243376420584 3 2 1 3 2 1
-4.79249423239552 3 2 1 3 2 3
-0.002035335019949103 3 2 2 0 1 0
0.005021421027518807 3 2 2 0 1 1
0.19319585969648018 3 2 2 0 1 3
0.005021421027518807 3 2 2 0 2 2
0.19319585969648023 3 2 2 3 1 0
0.0025692001593714607 3 2 2 3 1 1
-0.0020353350199491037 3 2 2 3 1 3
0.0025692001593714633 3 2 2 3 2 2
-0.1931958596964801 3 2 3 0 1 2
-188.1029948353017 3 2 3 0 2 0
0.1931958596964801 3 2 3 0 2 1
5.390916180052574 3 2 3 0 2 3
0.0018411297905083807 3 2 3 3 1 2
5.390916180052574 3 2 3 3 2 0
-0.0018411297905083807 3 2 3 3 2 1
-188.1029948353017 3 2 3 3 2 3
3051.17805356122 3 3 0 0 0 0
-400.3641673920837 3 3 0 0 0 1
-108.44881796400493 3 3 0 0 0 3
-224.08109444868097 3 3 0 0 3 0
122.00764354114749 3 3 0 0 3 1
-3.369830980962788 3 3 0 0 3 3
-224.08109444868083 3 3 0 3 0 0
122.00764354114749 3 3 0 3 0 1
-3.3698309809627713 3 3 0 3 0 3
-59.92378092117492 3 3 0 3 3 0
-400.3641673920837 3 3 0 3 3 1
84.63132134019396 3 3 0 3 3 3
400.3641673920836 3 3 1 0 0 0
-0.14749314240087258 3 3 1 0 0 1
7505.966422228927 3 3 1 0 0 3
-13.107503951541583 3 3 1 0 3 0
0.0032453641900330983 3 3 1 0 3 1
1750.8020050079035 3 3 1 0 3 3
-13.107503951541537 3 3 1 3 0 0
0.0032453641900330897 3 3 1 3 0 1
1750.8020050079035 3 3 1 3 0 3
-120.51111721573997 3 3 1 3 3 0
-0.14749314240087258 3 3 1 3 3 1
-105.25096436952396 3 3 1 3 3 3
-1803.166523815581 3 3 2 0 0 2
113.83236772604882 3 3 2 0 3 2
113.83236772604882 3 3 2 3 0 2
-1803.166523815581 3 3 2 3 3 2
-15205.957723557429 3 3 3 0 0 0
-7505.9664222289275 3 3 3 0 0 1
-3984.10610365419 3 3 3 0 0 3
-3758.2760890314757 3 3 3 0 3 0
-3195.7569368965574 3 3 3 0 3 1
12.988338247385057 3 3 3 0 3 3
-3758.2760890314753 3 3 3 3 0 0
-3195.7569368965583 3 3 3 3 0 1
12.988338247384712 3 3 3 3 0 3
84.63132134019392 3 3 3 3 3 0
-7505.9664222289275 3 3 3 3 3 1
4148.018085924138 3 3 3 3 3 3
