-95.2180657744152 0 0 0 0 0 0
-0.004238041729190418 1 0 0 0 0 0
-0.004151340732788714 1 1 0 3 1 3
-0.004151340732788714 1 1 0 0 1 0
-0.01120400049172756 1 2 0 1 2 0
0.01120400049172756 1 2 0 2 1 0
-0.004238041729190418 1 3 3 0 0 0
0.051911416385255205 1 3 3 3 3 0
0.2243223514364255 1 3 3 3 3 3
0.051911416385255205 1 3 3 3 0 3
0.029217409742460752 1 3 3 0 3 3
0.09552015130493297 1 3 0 3 3 3
-0.004151340732788714 1 0 1 3 3 1
-0.004151340732788714 1 0 1 0 0 1
-0.01120400049172756 1 0 2 1 0 2
0.01120400049172756 1 0 2 2 0 1
0.09552015130493297 1 0 3 3 3 3
0.051911416385255205 1 0 0 3 3 0
0.2243223514364255 1 0 0 3 3 3
0.051911416385255205 1 0 0 3 0 3
0.029217409742460752 1 0 0 0 3 3
0.01120400049172756 2 1 0 1 2 0
-0.01120400049172756 2 1 0 2 1 0
-0.004151340732788714 2 2 0 3 1 3
-0.004151340732788714 2 2 0 0 1 0
-0.047312615315058544 2 3 3 2 0 0
-0.047312615315058544 2 3 3 2 3 3
0.01120400049172756 2 0 1 1 0 2
-0.01120400049172756 2 0 1 2 0 1
-0.004151340732788714 2 0 2 3 3 1
-0.004151340732788714 2 0 2 0 0 1
-0.047312615315058544 2 0 0 2 0 0
-0.047312615315058544 2 0 0 2 3 3
0.8948694544547758 3 0 0 0 0 0
-0.00774306334669104 3 2 3 3 2 3
-0.00774306334669104 3 2 3 0 2 0
-0.004151340732788714 3 2 0 1 2 3
0.004151340732788714 3 2 0 2 1 3
0.019354595314144102 3 3 0 0 0 0
-0.00774306334669104 3 3 2 3 3 2
-0.00774306334669104 3 3 2 0 0 2
-0.4668553228203675 3 3 3 0 0 0
-0.16685308111134628 3 3 3 3 0 0
0.17682942213455996 3 3 3 3 3 3
-0.16156702619402463 3 3 3 0 3 0
-0.16156702619402463 3 3 3 0 0 3
-0.051911416385255205 3 3 0 1 0 0
-0.051911416385255205 3 3 0 1 3 3
-0.004151340732788714 3 0 2 1 3 2
0.004151340732788714 3 0 2 2 3 1
0.019354595314144102 3 0 3 0 0 0
-0.051911416385255205 3 0 3 1 0 0
-0.051911416385255205 3 0 3 1 3 3
-0.22432235143642545 3 0 0 1 0 0
-0.09552015130493297 3 0 0 1 3 0
-0.22432235143642545 3 0 0 1 3 3
-0.09552015130493297 3 0 0 1 0 3
0.18616051461214028 3 0 0 3 0 0
-0.16685308111134628 3 0 0 3 3 3
0.18438255865320527 3 0 0 0 3 0
0.18438255865320524 3 0 0 0 0 3
-0.013442592524559623 0 1 2 0 1 2
0.013442592524559623 0 1 2 0 2 1
0.013442592524559623 0 2 1 0 1 2
-0.013442592524559623 0 2 1 0 2 1
-0.004151340732788714 0 2 3 1 2 3
0.004151340732788714 0 2 3 2 1 3
-0.00774306334669104 0 2 0 3 2 3
-0.00774306334669104 0 2 0 0 2 0
0.9542808922476246 0 3 0 0 0 0
-0.004151340732788714 0 3 2 1 3 2
0.004151340732788714 0 3 2 2 3 1
0.08951016311244764 0 3 3 0 0 0
0.004238041729190418 0 3 3 1 0 0
0.004238041729190418 0 3 3 1 3 3
0.18438255865320527 0 3 0 3 0 0
-0.16156702619402463 0 3 0 3 3 3
0.2493784064824144 0 3 0 0 3 0
0.22249322143329497 0 3 0 0 0 3
-0.00774306334669104 0 0 2 3 3 2
-0.00774306334669104 0 0 2 0 0 2
0.9542808922476248 0 0 3 0 0 0
0.18438255865320524 0 0 3 3 0 0
-0.16156702619402463 0 0 3 3 3 3
0.22249322143329497 0 0 3 0 3 0
0.24937840648241438 0 0 3 0 0 3
-0.029217409742460752 0 0 0 1 0 0
-0.029217409742460752 0 0 0 1 3 3
0.8948694544547758 0 0 0 3 0 0
0.019354595314144102 0 0 0 3 3 0
-0.4668553228203674 0 0 0 3 3 3
0.019354595314144102 0 0 0 3 0 3
0.9542808922476237 0 0 0 0 3 0
0.08951016311244764 0 0 0 0 3 3
0.9542808922476248 0 0 0 0 0 3
