9147.165710665764 0 0 0 0 0 0
-1.2188802226223647 0 0 0 0 0 1
-136.39644874382614 0 0 0 0 0 3
-176.06024191981217 0 0 0 0 3 0
0.34442487834039004 0 0 0 0 3 1
-1.141612562736557 0 0 0 0 3 3
-176.06024191981186 0 0 0 3 0 0
0.34442487834039004 0 0 0 3 0 1
-1.1416125627365454 0 0 0 3 0 3
-22.52200509583689 0 0 0 3 3 0
-1.218880222622365 0 0 0 3 3 1
106.74116223556061 0 0 0 3 3 3
-3.2657574827259954 0 0 1 0 0 0
0.0005241333238439772 0 0 1 0 0 1
-53.20818551176817 0 0 1 0 0 3
0.04734662824492112 0 0 1 0 3 0
-12.886509431057265 0 0 1 0 3 3
0.047346628244920946 0 0 1 3 0 0
-12.886509431057261 0 0 1 3 0 3
1.2188802226223654 0 0 1 3 3 0
0.0005241333238439772 0 0 1 3 3 1
0.3784952379178096 0 0 1 3 3 3
12.814060885064917 0 0 2 0 0 2
-0.40840997691205644 0 0 2 0 3 2
-0.40840997691205644 0 0 2 3 0 2
12.814060885064917 0 0 2 3 3 2
-136.3964487438262 0 0 3 0 0 0
-0.3784952379178097 0 0 3 0 0 1
-28.514859991723267 0 0 3 0 0 3
-28.483651582131312 0 0 3 0 3 0
-0.18866664409997114 0 0 3 0 3 1
0.06185139298183429 0 0 3 0 3 3
-28.48365158213131 0 0 3 3 0 0
-0.18866664409997116 0 0 3 3 0 1
0.06185139298183301 0 0 3 3 0 3
0.3886548464142957 0 0 3 3 3 0
-0.3784952379178097 0 0 3 3 3 1
28.50352341876543 0 0 3 3 3 3
0.0011173934469988962 0 1 0 0 1 0
-1.2208871748253407 0 1 0 0 1 1
-1.2208871748253407 0 1 0 0 2 2
0.015129262567849218 0 1 0 3 1 1
0.0011173934469988962 0 1 0 3 1 3
0.015129262567849218 0 1 0 3 2 2
0.001188712639016107 0 1 1 0 1 1
0.001188712639016107 0 1 1 0 2 2
1.431165791041537 0 1 2 0 1 2
-0.007604567864409156 0 1 2 0 2 0
-1.431165791041537 0 1 2 0 2 1
-0.015129262567849225 0 1 2 0 2 3
-0.018672727551584868 0 1 2 3 1 2
-0.015129262567849225 0 1 2 3 2 0
0.018672727551584868 0 1 2 3 2 1
-0.007604567864409156 0 1 2 3 2 3
0.016748853011002884 0 1 3 0 1 1
0.016748853011002884 0 1 3 0 2 2
0.007604567864409155 0 1 3 3 1 1
0.007604567864409156 0 1 3 3 2 2
0.0006690492427295332 0 2 0 0 1 2
1.307883448566687 0 2 0 0 2 0
-0.0006690492427295332 0 2 0 0 2 1
-0.018881883920452026 0 2 0 0 2 3
-0.018881883920452026 0 2 0 3 2 0
1.307883448566687 0 2 0 3 2 3
-1.4311657910415372 0 2 1 0 1 2
0.007604567864409156 0 2 1 0 2 0
1.4311657910415372 0 2 1 0 2 1
0.015129262567849222 0 2 1 0 2 3
0.018672727551584868 0 2 1 3 1 2
0.015129262567849222 0 2 1 3 2 0
-0.018672727551584868 0 2 1 3 2 1
0.007604567864409156 0 2 1 3 2 3
0.0011887126390161067 0 2 2 0 1 1
0.0011887126390161067 0 2 2 0 2 2
-0.01888188392045203 0 2 3 0 2 0
-0.008659132528240186 0 2 3 0 2 3
-0.008659132528240186 0 2 3 3 2 0
-0.01888188392045203 0 2 3 3 2 3
-176.06024191981223 0 3 0 0 0 0
-0.047346628244920884 0 3 0 0 0 1
-28.483651582131312 0 3 0 0 0 3
-45.77173059860782 0 3 0 0 3 0
-0.014911131200114754 0 3 0 0 3 1
0.13719559018484984 0 3 0 0 3 3
-40.61740701315533 0 3 0 3 0 0
-0.014911131200114752 0 3 0 3 0 1
0.06836639311325594 0 3 0 3 0 3
0.8020084149451989 0 3 0 3 3 0
-0.047346628244920884 0 3 0 3 3 1
27.231457092894235 0 3 0 3 3 3
0.4358789539439246 0 3 1 0 0 0
-23.503363922349546 0 3 1 0 0 3
0.014911131200114797 0 3 1 0 3 0
0.7728094489434141 0 3 1 0 3 3
0.014911131200114749 0 3 1 3 0 0
0.7728094489434135 0 3 1 3 0 3
-0.34442487834038993 0 3 1 3 3 0
0.18866664409997114 0 3 1 3 3 3
-0.4084099769120564 0 3 2 0 0 2
-0.20358827134806018 0 3 2 0 3 2
-0.20358827134806018 0 3 2 3 0 2
-0.4084099769120564 0 3 2 3 3 2
-1.141612562736558 0 3 3 0 0 0
12.886509431057261 0 3 3 0 0 1
0.06185139298183414 0 3 3 0 0 3
0.13719559018484973 0 3 3 0 3 0
-0.7728094489434134 0 3 3 0 3 1
0.01977732610762059 0 3 3 0 3 3
0.068366393113257 0 3 3 3 0 0
-0.7728094489434136 0 3 3 3 0 1
-0.014126016652601832 0 3 3 3 0 3
0.013704009366784935 0 3 3 3 3 0
12.886509431057261 0 3 3 3 3 1
-0.04695755186768535 0 3 3 3 3 3
0.001117393446998896 1 0 0 1 0 0
-1.2208871748253398 1 0 0 1 0 1
0.015129262567849229 1 0 0 1 3 1
0.001117393446998896 1 0 0 1 3 3
-1.2208871748253396 1 0 0 2 0 2
0.015129262567849229 1 0 0 2 3 2
0.001188712639016107 1 0 1 1 0 1
0.001188712639016107 1 0 1 2 0 2
1.4311657910415372 1 0 2 1 0 2
-0.018672727551584896 1 0 2 1 3 2
-0.007604567864409156 1 0 2 2 0 0
-1.4311657910415372 1 0 2 2 0 1
-0.01512926256784924 1 0 2 2 0 3
-0.01512926256784924 1 0 2 2 3 0
0.018672727551584896 1 0 2 2 3 1
-0.007604567864409154 1 0 2 2 3 3
0.016748853011002894 1 0 3 1 0 1
0.007604567864409153 1 0 3 1 3 1
0.016748853011002894 1 0 3 2 0 2
0.007604567864409153 1 0 3 2 3 2
0.0018123075308780147 1 1 0 1 1 0
0.0018123075308780147 1 1 0 2 2 0
2.577161792726226 1 2 0 1 2 0
-0.03441459853579602 1 2 0 1 2 3
-2.5771617927262263 1 2 0 2 1 0
0.03441459853579602 1 2 0 2 1 3
-0.03441459853579603 1 2 3 1 2 0
-0.016951671380111107 1 2 3 1 2 3
0.03441459853579603 1 2 3 2 1 0
0.016951671380111107 1 2 3 2 1 3
0.016748853011002894 1 3 0 1 0 1
0.007604567864409153 1 3 0 1 3 1
0.016748853011002894 1 3 0 2 0 2
0.007604567864409153 1 3 0 2 3 2
-0.0006690492427295318 1 3 1 1 0 3
-0.0006690492427295318 1 3 1 1 3 0
-0.0186727275515849 1 3 2 1 0 2
-0.009591406728685787 1 3 2 1 3 2
-0.016748853011002898 1 3 2 2 0 0
0.0186727275515849 1 3 2 2 0 1
1.2208871748253403 1 3 2 2 0 3
1.22088717482534 1 3 2 2 3 0
0.009591406728685787 1 3 2 2 3 1
-0.016748853011002898 1 3 2 2 3 3
0.001117393446998896 1 3 3 1 0 0
-1.2208871748253396 1 3 3 1 0 1
0.015129262567849229 1 3 3 1 3 1
0.001117393446998896 1 3 3 1 3 3
-1.2208871748253394 1 3 3 2 0 2
0.015129262567849229 1 3 3 2 3 2
0.0006690492427295316 2 0 0 1 0 2
1.3078834485666873 2 0 0 2 0 0
-0.000669049242729532 2 0 0 2 0 1
-0.01888188392045205 2 0 0 2 0 3
-0.01888188392045205 2 0 0 2 3 0
1.3078834485666873 2 0 0 2 3 3
-1.431165791041537 2 0 1 1 0 2
0.018672727551584896 2 0 1 1 3 2
0.007604567864409156 2 0 1 2 0 0
1.431165791041537 2 0 1 2 0 1
0.015129262567849239 2 0 1 2 0 3
0.015129262567849239 2 0 1 2 3 0
-0.018672727551584896 2 0 1 2 3 1
0.007604567864409156 2 0 1 2 3 3
0.0011887126390161067 2 0 2 1 0 1
0.0011887126390161067 2 0 2 2 0 2
-0.01888188392045205 2 0 3 2 0 0
-0.00865913252824019 2 0 3 2 0 3
-0.00865913252824019 2 0 3 2 3 0
-0.01888188392045205 2 0 3 2 3 3
-2.5771617927262263 2 1 0 1 2 0
0.03441459853579602 2 1 0 1 2 3
2.5771617927262263 2 1 0 2 1 0
-0.03441459853579602 2 1 0 2 1 3
0.03441459853579603 2 1 3 1 2 0
0.016951671380111107 2 1 3 1 2 3
-0.03441459853579603 2 1 3 2 1 0
-0.016951671380111107 2 1 3 2 1 3
0.001812307530878015 2 2 0 1 1 0
0.001812307530878015 2 2 0 2 2 0
-0.01888188392045205 2 3 0 2 0 0
-0.00865913252824019 2 3 0 2 0 3
-0.00865913252824019 2 3 0 2 3 0
-0.01888188392045205 2 3 0 2 3 3
0.018672727551584903 2 3 1 1 0 2
0.009591406728685787 2 3 1 1 3 2
0.0167488530110029 2 3 1 2 0 0
-0.018672727551584903 2 3 1 2 0 1
-1.22088717482534 2 3 1 2 0 3
-1.22088717482534 2 3 1 2 3 0
-0.009591406728685787 2 3 1 2 3 1
0.0167488530110029 2 3 1 2 3 3
-0.0006690492427295317 2 3 2 1 0 3
-0.0006690492427295321 2 3 2 1 3 0
0.0006690492427295318 2 3 3 1 0 2
1.3078834485666873 2 3 3 2 0 0
-0.0006690492427295318 2 3 3 2 0 1
-0.01888188392045205 2 3 3 2 0 3
-0.01888188392045205 2 3 3 2 3 0
1.3078834485666873 2 3 3 2 3 3
-176.06024191981194 3 0 0 0 0 0
-0.047346628244921064 3 0 0 0 0 1
-28.483651582131305 3 0 0 0 0 3
-40.617407013155336 3 0 0 0 3 0
-0.0149111312001148 3 0 0 0 3 1
0.06836639311325726 3 0 0 0 3 3
-45.77173059860781 3 0 0 3 0 0
-0.014911131200114799 3 0 0 3 0 1
0.13719559018484845 3 0 0 3 0 3
0.8020084149451985 3 0 0 3 3 0
-0.047346628244921064 3 0 0 3 3 1
27.23145709289423 3 0 0 3 3 3
0.4358789539439247 3 0 1 0 0 0
-23.503363922349557 3 0 1 0 0 3
0.014911131200114796 3 0 1 0 3 0
0.772809448943414 3 0 1 0 3 3
0.01491113120011475 3 0 1 3 0 0
0.7728094489434135 3 0 1 3 0 3
-0.34442487834038993 3 0 1 3 3 0
0.1886666440999711 3 0 1 3 3 3
-0.4084099769120564 3 0 2 0 0 2
-0.20358827134806018 3 0 2 0 3 2
-0.20358827134806018 3 0 2 3 0 2
-0.4084099769120564 3 0 2 3 3 2
-1.1416125627365459 3 0 3 0 0 0
12.886509431057267 3 0 3 0 0 1
0.06185139298183293 3 0 3 0 0 3
0.06836639311325583 3 0 3 0 3 0
-0.7728094489434141 3 0 3 0 3 1
-0.014126016652601846 3 0 3 0 3 3
0.13719559018484828 3 0 3 3 0 0
-0.7728094489434141 3 0 3 3 0 1
0.019777326107620598 3 0 3 3 0 3
0.013704009366784859 3 0 3 3 3 0
12.886509431057267 3 0 3 3 3 1
-0.04695755186768413 3 0 3 3 3 3
0.016748853011002884 3 1 0 0 1 1
0.016748853011002884 3 1 0 0 2 2
0.007604567864409155 3 1 0 3 1 1
0.007604567864409156 3 1 0 3 2 2
-0.0006690492427295332 3 1 1 0 1 3
-0.0006690492427295336 3 1 1 3 1 0
-0.01867272755158488 3 1 2 0 1 2
-0.01674885301100288 3 1 2 0 2 0
0.01867272755158488 3 1 2 0 2 1
1.2208871748253403 3 1 2 0 2 3
-0.009591406728685787 3 1 2 3 1 2
1.2208871748253403 3 1 2 3 2 0
0.009591406728685787 3 1 2 3 2 1
-0.01674885301100288 3 1 2 3 2 3
0.0011173934469988964 3 1 3 0 1 0
-1.2208871748253403 3 1 3 0 1 1
-1.2208871748253403 3 1 3 0 2 2
0.015129262567849218 3 1 3 3 1 1
0.0011173934469988966 3 1 3 3 1 3
0.015129262567849218 3 1 3 3 2 2
-0.01888188392045203 3 2 0 0 2 0
-0.008659132528240186 3 2 0 0 2 3
-0.008659132528240186 3 2 0 3 2 0
-0.01888188392045203 3 2 0 3 2 3
0.01867272755158488 3 2 1 0 1 2
0.01674885301100288 3 2 1 0 2 0
-0.01867272755158488 3 2 1 0 2 1
-1.2208871748253403 3 2 1 0 2 3
0.009591406728685787 3 2 1 3 1 2
-1.2208871748253403 3 2 1 3 2 0
-0.009591406728685787 3 2 1 3 2 1
0.01674885301100288 3 2 1 3 2 3
-0.0006690492427295332 3 2 2 0 1 3
-0.0006690492427295336 3 2 2 3 1 0
0.0006690492427295331 3 2 3 0 1 2
1.3078834485666873 3 2 3 0 2 0
-0.0006690492427295329 3 2 3 0 2 1
-0.018881883920452022 3 2 3 0 2 3
-0.018881883920452022 3 2 3 3 2 0
1.3078834485666873 3 2 3 3 2 3
-22.52200509583691 3 3 0 0 0 0
3.2657574827259963 3 3 0 0 0 1
0.38865484641429593 3 3 0 0 0 3
0.8020084149451991 3 3 0 0 3 0
-0.4358789539439246 3 3 0 0 3 1
0.01370400936678495 3 3 0 0 3 3
0.8020084149451986 3 3 0 3 0 0
-0.4358789539439246 3 3 0 3 0 1
0.013704009366784859 3 3 0 3 0 3
0.2236291004689265 3 3 0 3 3 0
3.2657574827259968 3 3 0 3 3 1
-0.3022246101784364 3 3 0 3 3 3
-3.2657574827259954 3 3 1 0 0 0
0.0005241333238439772 3 3 1 0 0 1
-53.20818551176814 3 3 1 0 0 3
0.04734662824492112 3 3 1 0 3 0
-12.886509431057268 3 3 1 0 3 3
0.047346628244920946 3 3 1 3 0 0
-12.886509431057265 3 3 1 3 0 3
1.2188802226223658 3 3 1 3 3 0
0.0005241333238439772 3 3 1 3 3 1
0.3784952379178096 3 3 1 3 3 3
12.814060885064924 3 3 2 0 0 2
-0.40840997691205644 3 3 2 0 3 2
-0.40840997691205644 3 3 2 3 0 2
12.814060885064924 3 3 2 3 3 2
106.7411622355607 3 3 3 0 0 0
53.20818551176815 3 3 3 0 0 1
28.50352341876543 3 3 3 0 0 3
27.23145709289423 3 3 3 0 3 0
23.50336392234956 3 3 3 0 3 1
-0.0469575518676855 3 3 3 0 3 3
27.23145709289423 3 3 3 3 0 0
23.503363922349564 3 3 3 3 0 1
-0.04695755186768423 3 3 3 3 0 3
-0.3022246101784363 3 3 3 3 3 0
53.20818551176814 3 3 3 3 3 1
-29.467249186779256 3 3 3 3 3 3
