9157.149557472356 0 0 0 0 0 0
-1.2935711387325928 0 0 0 0 0 1
-121.4622893163659 0 0 0 0 0 3
-175.45762295126246 0 0 0 0 3 0
0.37952015358779606 0 0 0 0 3 1
-1.2838273261047393 0 0 0 0 3 3
-175.4576229512625 0 0 0 3 0 0
0.3795201535877961 0 0 0 3 0 1
-1.2838273261047395 0 0 0 3 0 3
-26.738096797391492 0 0 0 3 3 0
-1.2935711387325928 0 0 0 3 3 1
107.64389475371318 0 0 0 3 3 3
-3.0941897425623632 0 0 1 0 0 0
8.928545888421307e-05 0 0 1 0 0 1
-60.57070560604946 0 0 1 0 0 3
0.03473334248887102 0 0 1 0 3 0
-14.752415958738109 0 0 1 0 3 3
0.03473334248887102 0 0 1 3 0 0
-14.752415958738109 0 0 1 3 0 3
1.293571138732592 0 0 1 3 3 0
8.928545888421307e-05 0 0 1 3 3 1
0.466752854340959 0 0 1 3 3 3
14.89361822281417 0 0 2 0 0 2
-0.49673211772092873 0 0 2 0 3 2
-0.49673211772092873 0 0 2 3 0 2
14.89361822281417 0 0 2 3 3 2
-121.46228931636587 0 0 3 0 0 0
-0.46675285434095903 0 0 3 0 0 1
-26.377946663398504 0 0 3 0 0 3
-26.542995323760106 0 0 3 0 3 0
-0.23424369842898016 0 0 3 0 3 1
0.03147408140156114 0 0 3 0 3 3
-26.542995323760106 0 0 3 3 0 0
-0.23424369842898016 0 0 3 3 0 1
0.031474081401561146 0 0 3 3 0 3
0.4089914334927741 0 0 3 3 3 0
-0.46675285434095903 0 0 3 3 3 1
26.399366530685366 0 0 3 3 3 3
0.0009010021964333488 0 1 0 0 1 0
-1.2798645780842328 0 1 0 0 1 1
-1.2798645780842326 0 1 0 0 2 2
0.01572165843396835 0 1 0 3 1 1
0.0009010021964333484 0 1 0 3 1 3
0.01572165843396835 0 1 0 3 2 2
0.0009803997484724796 0 1 1 0 1 1
0.0009803997484724796 0 1 1 0 2 2
1.3556148073907623 0 1 2 0 1 2
-0.007633391276845942 0 1 2 0 2 0
-1.3556148073907623 0 1 2 0 2 1
-0.015721658433968357 0 1 2 0 2 3
-0.016785211687040023 0 1 2 3 1 2
-0.015721658433968357 0 1 2 3 2 0
0.016785211687040023 0 1 2 3 2 1
-0.007633391276845942 0 1 2 3 2 3
0.01632253011007657 0 1 3 0 1 1
0.01632253011007657 0 1 3 0 2 2
0.007633391276845941 0 1 3 3 1 1
0.007633391276845943 0 1 3 3 2 2
0.0008670231578070773 0 2 0 0 1 2
1.2451949087984149 0 2 0 0 2 0
-0.0008670231578070768 0 2 0 0 2 1
-0.016014183066155582 0 2 0 0 2 3
-0.016014183066155582 0 2 0 3 2 0
1.2451949087984149 0 2 0 3 2 3
-1.3556148073907623 0 2 1 0 1 2
0.00763339127684594 0 2 1 0 2 0
1.3556148073907623 0 2 1 0 2 1
0.015721658433968357 0 2 1 0 2 3
0.016785211687040023 0 2 1 3 1 2
0.015721658433968357 0 2 1 3 2 0
-0.016785211687040023 0 2 1 3 2 1
0.00763339127684594 0 2 1 3 2 3
0.0009803997484724796 0 2 2 0 1 1
0.0009803997484724794 0 2 2 0 2 2
-0.016014183066155586 0 2 3 0 2 0
-0.00746522546951276 0 2 3 0 2 3
-0.00746522546951276 0 2 3 3 2 0
-0.016014183066155586 0 2 3 3 2 3
-175.45762295126246 0 3 0 0 0 0
-0.03473334248887096 0 3 0 0 0 1
-26.542995323760103 0 3 0 0 0 3
-45.766524768857025 0 3 0 0 3 0
-0.01406924818183643 0 3 0 0 3 1
0.09555731569847704 0 3 0 0 3 3
-40.60690545231069 0 3 0 3 0 0
-0.01406924818183643 0 3 0 3 0 1
0.030772387481489957 0 3 0 3 0 3
0.9132671504528964 0 3 0 3 3 0
-0.03473334248887096 0 3 0 3 3 1
25.161158851242984 0 3 0 3 3 3
0.44778509521332155 0 3 1 0 0 0
-27.16234563086744 0 3 1 0 0 3
0.014069248181836436 0 3 1 0 3 0
0.8832130023195219 0 3 1 0 3 3
0.01406924818183644 0 3 1 3 0 0
0.883213002319522 0 3 1 3 0 3
-0.37952015358779595 0 3 1 3 3 0
0.23424369842898016 0 3 1 3 3 3
-0.4967321177209287 0 3 2 0 0 2
-0.24862190073040302 0 3 2 0 3 2
-0.24862190073040302 0 3 2 3 0 2
-0.4967321177209287 0 3 2 3 3 2
-1.283827326104741 0 3 3 0 0 0
14.75241595873811 0 3 3 0 0 1
0.03147408140156082 0 3 3 0 0 3
0.09555731569847666 0 3 3 0 3 0
-0.883213002319522 0 3 3 0 3 1
0.01666359639863831 0 3 3 0 3 3
0.030772387481489544 0 3 3 3 0 0
-0.883213002319522 0 3 3 3 0 1
-0.014548397666178535 0 3 3 3 0 3
0.013241701163802683 0 3 3 3 3 0
14.75241595873811 0 3 3 3 3 1
-0.026030943010231275 0 3 3 3 3 3
0.0009010021964333484 1 0 0 1 0 0
-1.279864578084233 1 0 0 1 0 1
0.01572165843396835 1 0 0 1 3 1
0.0009010021964333484 1 0 0 1 3 3
-1.2798645780842328 1 0 0 2 0 2
0.01572165843396835 1 0 0 2 3 2
0.0009803997484724796 1 0 1 1 0 1
0.0009803997484724792 1 0 1 2 0 2
1.3556148073907623 1 0 2 1 0 2
-0.016785211687040023 1 0 2 1 3 2
-0.007633391276845941 1 0 2 2 0 0
-1.3556148073907623 1 0 2 2 0 1
-0.01572165843396835 1 0 2 2 0 3
-0.01572165843396835 1 0 2 2 3 0
0.016785211687040023 1 0 2 2 3 1
-0.007633391276845941 1 0 2 2 3 3
0.016322530110076564 1 0 3 1 0 1
0.007633391276845941 1 0 3 1 3 1
0.016322530110076564 1 0 3 2 0 2
0.007633391276845941 1 0 3 2 3 2
0.0018074802655221054 1 1 0 1 1 0
0.0018074802655221054 1 1 0 2 2 0
2.579809658273146 1 2 0 1 2 0
-0.03239246410849334 1 2 0 1 2 3
-2.5798096582731453 1 2 0 2 1 0
0.03239246410849334 1 2 0 2 1 3
-0.03239246410849335 1 2 3 1 2 0
-0.015605997032408312 1 2 3 1 2 3
0.03239246410849335 1 2 3 2 1 0
0.015605997032408312 1 2 3 2 1 3
0.016322530110076564 1 3 0 1 0 1
0.007633391276845941 1 3 0 1 3 1
0.016322530110076564 1 3 0 2 0 2
0.007633391276845942 1 3 0 2 3 2
-0.0008670231578070773 1 3 1 1 0 3
-0.0008670231578070773 1 3 1 1 3 0
-0.016785211687040023 1 3 2 1 0 2
-0.008216776901309153 1 3 2 1 3 2
-0.016322530110076568 1 3 2 2 0 0
0.016785211687040023 1 3 2 2 0 1
1.279864578084233 1 3 2 2 0 3
1.2798645780842328 1 3 2 2 3 0
0.008216776901309153 1 3 2 2 3 1
-0.016322530110076568 1 3 2 2 3 3
0.0009010021964333485 1 3 3 1 0 0
-1.2798645780842328 1 3 3 1 0 1
0.01572165843396835 1 3 3 1 3 1
0.0009010021964333485 1 3 3 1 3 3
-1.2798645780842326 1 3 3 2 0 2
0.01572165843396835 1 3 3 2 3 2
0.0008670231578070773 2 0 0 1 0 2
1.2451949087984149 2 0 0 2 0 0
-0.0008670231578070768 2 0 0 2 0 1
-0.016014183066155582 2 0 0 2 0 3
-0.016014183066155582 2 0 0 2 3 0
1.2451949087984149 2 0 0 2 3 3
-1.3556148073907623 2 0 1 1 0 2
0.016785211687040023 2 0 1 1 3 2
0.00763339127684594 2 0 1 2 0 0
1.3556148073907623 2 0 1 2 0 1
0.01572165843396835 2 0 1 2 0 3
0.01572165843396835 2 0 1 2 3 0
-0.016785211687040023 2 0 1 2 3 1
0.00763339127684594 2 0 1 2 3 3
0.0009803997484724796 2 0 2 1 0 1
0.0009803997484724796 2 0 2 2 0 2
-0.01601418306615558 2 0 3 2 0 0
-0.00746522546951276 2 0 3 2 0 3
-0.00746522546951276 2 0 3 2 3 0
-0.01601418306615558 2 0 3 2 3 3
-2.5798096582731453 2 1 0 1 2 0
0.03239246410849334 2 1 0 1 2 3
2.5798096582731453 2 1 0 2 1 0
-0.03239246410849334 2 1 0 2 1 3
0.03239246410849335 2 1 3 1 2 0
0.015605997032408312 2 1 3 1 2 3
-0.03239246410849335 2 1 3 2 1 0
-0.015605997032408312 2 1 3 2 1 3
0.0018074802655221052 2 2 0 1 1 0
0.001807480265522106 2 2 0 2 2 0
-0.01601418306615558 2 3 0 2 0 0
-0.007465225469512761 2 3 0 2 0 3
-0.00746522546951276 2 3 0 2 3 0
-0.01601418306615558 2 3 0 2 3 3
0.016785211687040023 2 3 1 1 0 2
0.008216776901309154 2 3 1 1 3 2
0.016322530110076568 2 3 1 2 0 0
-0.016785211687040023 2 3 1 2 0 1
-1.2798645780842328 2 3 1 2 0 3
-1.2798645780842328 2 3 1 2 3 0
-0.008216776901309154 2 3 1 2 3 1
0.016322530110076568 2 3 1 2 3 3
-0.0008670231578070777 2 3 2 1 0 3
-0.0008670231578070768 2 3 2 1 3 0
0.0008670231578070773 2 3 3 1 0 2
1.2451949087984149 2 3 3 2 0 0
-0.0008670231578070773 2 3 3 2 0 1
-0.016014183066155582 2 3 3 2 0 3
-0.016014183066155582 2 3 3 2 3 0
1.2451949087984149 2 3 3 2 3 3
-175.45762295126255 3 0 0 0 0 0
-0.03473334248887092 3 0 0 0 0 1
-26.542995323760106 3 0 0 0 0 3
-40.60690545231069 3 0 0 0 3 0
-0.01406924818183643 3 0 0 0 3 1
0.030772387481489957 3 0 0 0 3 3
-45.76652476885702 3 0 0 3 0 0
-0.014069248181836434 3 0 0 3 0 1
0.09555731569847707 3 0 0 3 0 3
0.9132671504528966 3 0 0 3 3 0
-0.03473334248887092 3 0 0 3 3 1
25.16115885124298 3 0 0 3 3 3
0.44778509521332155 3 0 1 0 0 0
-27.162345630867435 3 0 1 0 0 3
0.014069248181836434 3 0 1 0 3 0
0.8832130023195219 3 0 1 0 3 3
0.014069248181836436 3 0 1 3 0 0
0.8832130023195219 3 0 1 3 0 3
-0.37952015358779595 3 0 1 3 3 0
0.23424369842898016 3 0 1 3 3 3
-0.4967321177209287 3 0 2 0 0 2
-0.24862190073040302 3 0 2 0 3 2
-0.24862190073040302 3 0 2 3 0 2
-0.4967321177209287 3 0 2 3 3 2
-1.28382732610474 3 0 3 0 0 0
14.75241595873811 3 0 3 0 0 1
0.031474081401561126 3 0 3 0 0 3
0.03077238748148985 3 0 3 0 3 0
-0.8832130023195218 3 0 3 0 3 1
-0.014548397666178535 3 0 3 0 3 3
0.09555731569847702 3 0 3 3 0 0
-0.8832130023195218 3 0 3 3 0 1
0.01666359639863831 3 0 3 3 0 3
0.01324170116380267 3 0 3 3 3 0
14.75241595873811 3 0 3 3 3 1
-0.026030943010231608 3 0 3 3 3 3
0.01632253011007657 3 1 0 0 1 1
0.01632253011007657 3 1 0 0 2 2
0.007633391276845941 3 1 0 3 1 1
0.007633391276845942 3 1 0 3 2 2
-0.000867023157807077 3 1 1 0 1 3
-0.0008670231578070773 3 1 1 3 1 0
-0.01678521168704003 3 1 2 0 1 2
-0.016322530110076568 3 1 2 0 2 0
0.01678521168704003 3 1 2 0 2 1
1.279864578084233 3 1 2 0 2 3
-0.008216776901309153 3 1 2 3 1 2
1.2798645780842328 3 1 2 3 2 0
0.008216776901309153 3 1 2 3 2 1
-0.016322530110076568 3 1 2 3 2 3
0.0009010021964333485 3 1 3 0 1 0
-1.2798645780842328 3 1 3 0 1 1
-1.2798645780842326 3 1 3 0 2 2
0.01572165843396835 3 1 3 3 1 1
0.0009010021964333485 3 1 3 3 1 3
0.01572165843396835 3 1 3 3 2 2
-0.016014183066155582 3 2 0 0 2 0
-0.00746522546951276 3 2 0 0 2 3
-0.00746522546951276 3 2 0 3 2 0
-0.016014183066155582 3 2 0 3 2 3
0.01678521168704003 3 2 1 0 1 2
0.016322530110076568 3 2 1 0 2 0
-0.01678521168704003 3 2 1 0 2 1
-1.2798645780842328 3 2 1 0 2 3
0.008216776901309154 3 2 1 3 1 2
-1.2798645780842326 3 2 1 3 2 0
-0.008216776901309154 3 2 1 3 2 1
0.016322530110076568 3 2 1 3 2 3
-0.0008670231578070773 3 2 2 0 1 3
-0.0008670231578070773 3 2 2 3 1 0
0.0008670231578070772 3 2 3 0 1 2
1.2451949087984149 3 2 3 0 2 0
-0.0008670231578070772 3 2 3 0 2 1
-0.016014183066155582 3 2 3 0 2 3
-0.016014183066155582 3 2 3 3 2 0
1.2451949087984149 3 2 3 3 2 3
-26.738096797391517 3 3 0 0 0 0
3.0941897425623623 3 3 0 0 0 1
0.4089914334927741 3 3 0 0 0 3
0.9132671504528962 3 3 0 0 3 0
-0.44778509521332155 3 3 0 0 3 1
0.013241701163802673 3 3 0 0 3 3
0.9132671504528962 3 3 0 3 0 0
-0.44778509521332155 3 3 0 3 0 1
0.013241701163802666 3 3 0 3 0 3
0.26615749292137986 3 3 0 3 3 0
3.0941897425623623 3 3 0 3 3 1
-0.34393404893555535 3 3 0 3 3 3
-3.094189742562364 3 3 1 0 0 0
8.928545888421307e-05 3 3 1 0 0 1
-60.570705606049444 3 3 1 0 0 3
0.03473334248887102 3 3 1 0 3 0
-14.752415958738112 3 3 1 0 3 3
0.03473334248887102 3 3 1 3 0 0
-14.752415958738112 3 3 1 3 0 3
1.2935711387325923 3 3 1 3 3 0
8.928545888421307e-05 3 3 1 3 3 1
0.466752854340959 3 3 1 3 3 3
14.89361822281417 3 3 2 0 0 2
-0.49673211772092873 3 3 2 0 3 2
-0.49673211772092873 3 3 2 3 0 2
14.89361822281417 3 3 2 3 3 2
107.6438947537133 3 3 3 0 0 0
60.57070560604945 3 3 3 0 0 1
26.399366530685363 3 3 3 0 0 3
25.161158851242988 3 3 3 0 3 0
27.162345630867442 3 3 3 0 3 1
-0.02603094301023154 3 3 3 0 3 3
25.161158851242988 3 3 3 3 0 0
27.16234563086744 3 3 3 3 0 1
-0.026030943010231553 3 3 3 3 0 3
-0.34393404893555557 3 3 3 3 3 0
60.57070560604946 3 3 3 3 3 1
-26.736486310224898 3 3 3 3 3 3
