9135.945539803912 0 0 0 0 0 0
-1.080542797024736 0 0 0 0 0 1
-144.687533909024 0 0 0 0 0 3
-176.6639049744928 0 0 0 0 3 0
0.3220919733195573 0 0 0 0 3 1
-1.389585418028049 0 0 0 0 3 3
-176.6639049744928 0 0 0 3 0 0
0.3220919733195573 0 0 0 3 0 1
-1.389585418028065 0 0 0 3 0 3
-20.54715208775431 0 0 0 3 3 0
-1.080542797024736 0 0 0 3 3 1
103.8755006051233 0 0 0 3 3 3
-3.5612681986415886 0 0 1 0 0 0
0.000840975963738247 0 0 1 0 0 1
-50.020811507892766 0 0 1 0 0 3
0.058919810737702305 0 0 1 0 3 0
-11.972882548158312 0 0 1 0 3 3
0.058919810737702374 0 0 1 3 0 0
-11.972882548158315 0 0 1 3 0 3
1.080542797024737 0 0 1 3 3 0
0.000840975963738247 0 0 1 3 3 1
0.34016127847106636 0 0 1 3 3 3
11.802273103310059 0 0 2 0 0 2
-0.36969609514097335 0 0 2 0 3 2
-0.36969609514097335 0 0 2 3 0 2
11.802273103310059 0 0 2 3 3 2
-144.68753390902404 0 0 3 0 0 0
-0.3401612784710664 0 0 3 0 0 1
-29.784883329228897 0 0 3 0 0 3
-29.654202340489437 0 0 3 0 3 0
-0.16784581614382757 0 0 3 0 3 1
0.09100730905558338 0 0 3 0 3 3
-29.654202340489437 0 0 3 3 0 0
-0.16784581614382757 0 0 3 3 0 1
0.09100730905558332 0 0 3 3 0 3
0.386176489811415 0 0 3 3 3 0
-0.3401612784710664 0 0 3 3 3 1
29.429837553318038 0 0 3 3 3 3
0.001312138880948495 0 1 0 0 1 0
-1.1550383776426603 0 1 0 0 1 1
-1.1550383776426605 0 1 0 0 2 2
0.014097147878909064 0 1 0 3 1 1
0.001312138880948495 0 1 0 3 1 3
0.014097147878909064 0 1 0 3 2 2
0.0013950545621079702 0 1 1 0 1 1
0.0013950545621079702 0 1 1 0 2 2
1.5396723394421634 0 1 2 0 1 2
-0.007210301215069561 0 1 2 0 2 0
-1.5396723394421634 0 1 2 0 2 1
-0.014097147878909066 0 1 2 0 2 3
-0.020607866999376036 0 1 2 3 1 2
-0.014097147878909066 0 1 2 3 2 0
0.020607866999376036 0 1 2 3 2 1
-0.007210301215069561 0 1 2 3 2 3
0.01615045162281966 0 1 3 0 1 1
0.01615045162281966 0 1 3 0 2 2
0.007210301215069562 0 1 3 3 1 1
0.007210301215069563 0 1 3 3 2 2
0.00048468694359309116 0 2 0 0 1 2
1.3485185372366737 0 2 0 0 2 0
-0.00048468694359309094 0 2 0 0 2 1
-0.020674587470067646 0 2 0 0 2 3
-0.020674587470067646 0 2 0 3 2 0
1.3485185372366737 0 2 0 3 2 3
-1.5396723394421636 0 2 1 0 1 2
0.007210301215069563 0 2 1 0 2 0
1.5396723394421639 0 2 1 0 2 1
0.014097147878909063 0 2 1 0 2 3
0.020607866999376036 0 2 1 3 1 2
0.014097147878909063 0 2 1 3 2 0
-0.020607866999376036 0 2 1 3 2 1
0.007210301215069563 0 2 1 3 2 3
0.0013950545621079704 0 2 2 0 1 1
0.0013950545621079704 0 2 2 0 2 2
-0.020674587470067646 0 2 3 0 2 0
-0.009470407539309356 0 2 3 0 2 3
-0.009470407539309356 0 2 3 3 2 0
-0.020674587470067646 0 2 3 3 2 3
-176.6639049744928 0 3 0 0 0 0
-0.05891981073770237 0 3 0 0 0 1
-29.654202340489437 0 3 0 0 0 3
-45.7479811609125 0 3 0 0 3 0
-0.017955622989093444 0 3 0 0 3 1
0.17354593916195268 0 3 0 0 3 3
-40.59797126678897 0 3 0 3 0 0
-0.017955622989093444 0 3 0 3 0 1
0.10311522314636457 0 3 0 3 0 3
0.7539031212172425 0 3 0 3 3 0
-0.05891981073770237 0 3 0 3 3 1
28.088246388045174 0 3 0 3 3 3
0.43582498730714075 0 3 1 0 0 0
-21.78814418085781 0 3 1 0 0 3
0.01795562298909341 0 3 1 0 3 0
0.7228820276143627 0 3 1 0 3 3
0.01795562298909345 0 3 1 3 0 0
0.7228820276143627 0 3 1 3 0 3
-0.3220919733195573 0 3 1 3 3 0
0.16784581614382754 0 3 1 3 3 3
-0.3696960951409734 0 3 2 0 0 2
-0.183214219999186 0 3 2 0 3 2
-0.18321421999918602 0 3 2 3 0 2
-0.3696960951409734 0 3 2 3 3 2
-1.3895854180280478 0 3 3 0 0 0
11.972882548158317 0 3 3 0 0 1
0.09100730905558338 0 3 3 0 0 3
0.17354593916195268 0 3 3 0 3 0
-0.7228820276143626 0 3 3 0 3 1
0.022329266697874103 0 3 3 0 3 3
0.10311522314636432 0 3 3 3 0 0
-0.7228820276143626 0 3 3 3 0 1
-0.012880676570390973 0 3 3 3 0 3
0.016257192095302225 0 3 3 3 3 0
11.972882548158317 0 3 3 3 3 1
-0.06568423064029369 0 3 3 3 3 3
0.0013121388809484962 1 0 0 1 0 0
-1.1550383776426605 1 0 0 1 0 1
0.014097147878909064 1 0 0 1 3 1
0.0013121388809484962 1 0 0 1 3 3
-1.1550383776426605 1 0 0 2 0 2
0.014097147878909064 1 0 0 2 3 2
0.0013950545621079712 1 0 1 1 0 1
0.0013950545621079712 1 0 1 2 0 2
1.5396723394421639 1 0 2 1 0 2
-0.020607866999376036 1 0 2 1 3 2
-0.0072103012150695625 1 0 2 2 0 0
-1.5396723394421639 1 0 2 2 0 1
-0.014097147878909068 1 0 2 2 0 3
-0.014097147878909068 1 0 2 2 3 0
0.020607866999376036 1 0 2 2 3 1
-0.0072103012150695625 1 0 2 2 3 3
0.016150451622819667 1 0 3 1 0 1
0.007210301215069563 1 0 3 1 3 1
0.016150451622819667 1 0 3 2 0 2
0.007210301215069562 1 0 3 2 3 2
0.0018193297233059856 1 1 0 1 1 0
0.0018193297233059856 1 1 0 2 2 0
2.5750049470617555 1 2 0 1 2 0
-0.0352153580077938 1 2 0 1 2 3
-2.5750049470617555 1 2 0 2 1 0
0.0352153580077938 1 2 0 2 1 3
-0.0352153580077938 1 2 3 1 2 0
-0.01760497163413239 1 2 3 1 2 3
0.0352153580077938 1 2 3 2 1 0
0.01760497163413239 1 2 3 2 1 3
0.016150451622819667 1 3 0 1 0 1
0.007210301215069563 1 3 0 1 3 1
0.016150451622819667 1 3 0 2 0 2
0.007210301215069562 1 3 0 2 3 2
-0.0004846869435930906 1 3 1 1 0 3
-0.0004846869435930906 1 3 1 1 3 0
-0.02060786699937604 1 3 2 1 0 2
-0.01086141616416151 1 3 2 1 3 2
-0.016150451622819667 1 3 2 2 0 0
0.02060786699937604 1 3 2 2 0 1
1.1550383776426605 1 3 2 2 0 3
1.1550383776426605 1 3 2 2 3 0
0.010861416164161508 1 3 2 2 3 1
-0.016150451622819667 1 3 2 2 3 3
0.0013121388809484965 1 3 3 1 0 0
-1.1550383776426605 1 3 3 1 0 1
0.014097147878909064 1 3 3 1 3 1
0.0013121388809484956 1 3 3 1 3 3
-1.1550383776426605 1 3 3 2 0 2
0.014097147878909064 1 3 3 2 3 2
0.0004846869435930904 2 0 0 1 0 2
1.348518537236675 2 0 0 2 0 0
-0.0004846869435930904 2 0 0 2 0 1
-0.020674587470067667 2 0 0 2 0 3
-0.020674587470067667 2 0 0 2 3 0
1.3485185372366748 2 0 0 2 3 3
-1.5396723394421639 2 0 1 1 0 2
0.020607866999376036 2 0 1 1 3 2
0.007210301215069562 2 0 1 2 0 0
1.5396723394421639 2 0 1 2 0 1
0.014097147878909068 2 0 1 2 0 3
0.014097147878909068 2 0 1 2 3 0
-0.020607866999376036 2 0 1 2 3 1
0.007210301215069562 2 0 1 2 3 3
0.0013950545621079715 2 0 2 1 0 1
0.0013950545621079715 2 0 2 2 0 2
-0.020674587470067667 2 0 3 2 0 0
-0.009470407539309361 2 0 3 2 0 3
-0.009470407539309361 2 0 3 2 3 0
-0.020674587470067667 2 0 3 2 3 3
-2.5750049470617555 2 1 0 1 2 0
0.0352153580077938 2 1 0 1 2 3
2.575004947061755 2 1 0 2 1 0
-0.0352153580077938 2 1 0 2 1 3
0.0352153580077938 2 1 3 1 2 0
0.01760497163413239 2 1 3 1 2 3
-0.0352153580077938 2 1 3 2 1 0
-0.01760497163413239 2 1 3 2 1 3
0.001819329723305985 2 2 0 1 1 0
0.001819329723305985 2 2 0 2 2 0
-0.020674587470067667 2 3 0 2 0 0
-0.009470407539309361 2 3 0 2 0 3
-0.009470407539309361 2 3 0 2 3 0
-0.020674587470067667 2 3 0 2 3 3
0.020607866999376036 2 3 1 1 0 2
0.010861416164161513 2 3 1 1 3 2
0.016150451622819667 2 3 1 2 0 0
-0.020607866999376036 2 3 1 2 0 1
-1.1550383776426605 2 3 1 2 0 3
-1.1550383776426607 2 3 1 2 3 0
-0.010861416164161513 2 3 1 2 3 1
0.016150451622819667 2 3 1 2 3 3
-0.0004846869435930906 2 3 2 1 0 3
-0.0004846869435930906 2 3 2 1 3 0
0.00048468694359309067 2 3 3 1 0 2
1.348518537236675 2 3 3 2 0 0
-0.00048468694359309023 2 3 3 2 0 1
-0.020674587470067667 2 3 3 2 0 3
-0.020674587470067667 2 3 3 2 3 0
1.348518537236675 2 3 3 2 3 3
-176.66390497449274 3 0 0 0 0 0
-0.058919810737702284 3 0 0 0 0 1
-29.654202340489434 3 0 0 0 0 3
-40.597971266788974 3 0 0 0 3 0
-0.017955622989093405 3 0 0 0 3 1
0.10311522314636443 3 0 0 0 3 3
-45.74798116091252 3 0 0 3 0 0
-0.01795562298909341 3 0 0 3 0 1
0.1735459391619527 3 0 0 3 0 3
0.7539031212172425 3 0 0 3 3 0
-0.058919810737702284 3 0 0 3 3 1
28.088246388045174 3 0 0 3 3 3
0.43582498730714075 3 0 1 0 0 0
-21.78814418085782 3 0 1 0 0 3
0.01795562298909341 3 0 1 0 3 0
0.7228820276143626 3 0 1 0 3 3
0.017955622989093447 3 0 1 3 0 0
0.7228820276143626 3 0 1 3 0 3
-0.3220919733195573 3 0 1 3 3 0
0.16784581614382757 3 0 1 3 3 3
-0.36969609514097335 3 0 2 0 0 2
-0.18321421999918608 3 0 2 0 3 2
-0.18321421999918602 3 0 2 3 0 2
-0.36969609514097335 3 0 2 3 3 2
-1.3895854180280651 3 0 3 0 0 0
11.972882548158314 3 0 3 0 0 1
0.09100730905558331 3 0 3 0 0 3
0.10311522314636451 3 0 3 0 3 0
-0.7228820276143627 3 0 3 0 3 1
-0.01288067657039098 3 0 3 0 3 3
0.17354593916195266 3 0 3 3 0 0
-0.7228820276143627 3 0 3 3 0 1
0.02232926669787407 3 0 3 3 0 3
0.016257192095302273 3 0 3 3 3 0
11.972882548158315 3 0 3 3 3 1
-0.06568423064029369 3 0 3 3 3 3
0.01615045162281966 3 1 0 0 1 1
0.01615045162281966 3 1 0 0 2 2
0.007210301215069562 3 1 0 3 1 1
0.007210301215069562 3 1 0 3 2 2
-0.00048468694359309105 3 1 1 0 1 3
-0.00048468694359309105 3 1 1 3 1 0
-0.020607866999376036 3 1 2 0 1 2
-0.016150451622819664 3 1 2 0 2 0
0.020607866999376036 3 1 2 0 2 1
1.15503837764266 3 1 2 0 2 3
-0.01086141616416151 3 1 2 3 1 2
1.1550383776426603 3 1 2 3 2 0
0.01086141616416151 3 1 2 3 2 1
-0.016150451622819664 3 1 2 3 2 3
0.0013121388809484954 3 1 3 0 1 0
-1.1550383776426603 3 1 3 0 1 1
-1.1550383776426605 3 1 3 0 2 2
0.014097147878909064 3 1 3 3 1 1
0.001312138880948495 3 1 3 3 1 3
0.014097147878909064 3 1 3 3 2 2
-0.020674587470067646 3 2 0 0 2 0
-0.009470407539309356 3 2 0 0 2 3
-0.009470407539309354 3 2 0 3 2 0
-0.020674587470067646 3 2 0 3 2 3
0.020607866999376036 3 2 1 0 1 2
0.016150451622819664 3 2 1 0 2 0
-0.020607866999376036 3 2 1 0 2 1
-1.1550383776426603 3 2 1 0 2 3
0.010861416164161511 3 2 1 3 1 2
-1.1550383776426605 3 2 1 3 2 0
-0.010861416164161511 3 2 1 3 2 1
0.016150451622819664 3 2 1 3 2 3
-0.00048468694359309105 3 2 2 0 1 3
-0.00048468694359309105 3 2 2 3 1 0
0.00048468694359309105 3 2 3 0 1 2
1.3485185372366741 3 2 3 0 2 0
-0.00048468694359309105 3 2 3 0 2 1
-0.02067458747006765 3 2 3 0 2 3
-0.02067458747006765 3 2 3 3 2 0
1.3485185372366744 3 2 3 3 2 3
-20.547152087754313 3 3 0 0 0 0
3.5612681986415895 3 3 0 0 0 1
0.3861764898114151 3 3 0 0 0 3
0.7539031212172423 3 3 0 0 3 0
-0.4358249873071407 3 3 0 0 3 1
0.016257192095302245 3 3 0 0 3 3
0.7539031212172423 3 3 0 3 0 0
-0.4358249873071407 3 3 0 3 0 1
0.016257192095302273 3 3 0 3 0 3
0.204187120230975 3 3 0 3 3 0
3.561268198641589 3 3 0 3 3 1
-0.27954934965008293 3 3 0 3 3 3
-3.5612681986415886 3 3 1 0 0 0
0.000840975963738247 3 3 1 0 0 1
-50.02081150789278 3 3 1 0 0 3
0.058919810737702305 3 3 1 0 3 0
-11.972882548158315 3 3 1 0 3 3
0.058919810737702374 3 3 1 3 0 0
-11.972882548158319 3 3 1 3 0 3
1.0805427970247365 3 3 1 3 3 0
0.000840975963738247 3 3 1 3 3 1
0.34016127847106636 3 3 1 3 3 3
11.802273103310064 3 3 2 0 0 2
-0.3696960951409733 3 3 2 0 3 2
-0.3696960951409733 3 3 2 3 0 2
11.802273103310064 3 3 2 3 3 2
103.87550060512332 3 3 3 0 0 0
50.02081150789277 3 3 3 0 0 1
29.429837553318038 3 3 3 0 0 3
28.08824638804517 3 3 3 0 3 0
21.788144180857824 3 3 3 0 3 1
-0.06568423064029369 3 3 3 0 3 3
28.088246388045174 3 3 3 3 0 0
21.788144180857824 3 3 3 3 0 1
-0.06568423064029373 3 3 3 3 0 3
-0.27954934965008293 3 3 3 3 3 0
50.02081150789278 3 3 3 3 3 1
-30.696043149940877 3 3 3 3 3 3
