9152.899036977667 0 0 0 0 0 0
-1.2867271105598221 0 0 0 0 0 1
-130.01640936523842 0 0 0 0 0 3
-175.73901986941684 0 0 0 0 3 0
0.3604973635834139 0 0 0 0 3 1
-1.0940172187196227 0 0 0 0 3 3
-175.73901986941692 0 0 0 3 0 0
0.3604973635834139 0 0 0 3 0 1
-1.094017218719622 0 0 0 3 0 3
-24.190246781898754 0 0 0 3 3 0
-1.286727110559822 0 0 0 3 3 1
107.94295796643493 0 0 0 3 3 3
-3.1366119990598915 0 0 1 0 0 0
0.00030568787457452794 0 0 1 0 0 1
-56.01071627835734 0 0 1 0 0 3
0.040325640705945597 0 0 1 0 3 0
-13.62967342259586 0 0 1 0 3 3
0.04032564070594561 0 0 1 3 0 0
-13.62967342259586 0 0 1 3 0 3
1.2867271105598224 0 0 1 3 3 0
0.0003056878745745279 0 0 1 3 3 1
0.4120390161675446 0 0 1 3 3 3
13.640957610184682 0 0 2 0 0 2
-0.4420961821403882 0 0 2 0 3 2
-0.4420961821403882 0 0 2 3 0 2
13.640957610184682 0 0 2 3 3 2
-130.01640936523842 0 0 3 0 0 0
-0.41203901616754457 0 0 3 0 0 1
-27.575940286432417 0 0 3 0 0 3
-27.638143041639776 0 0 3 0 3 0
-0.2063080310437052 0 0 3 0 3 1
0.045151246072840795 0 0 3 0 3 3
-27.638143041639776 0 0 3 3 0 0
-0.2063080310437052 0 0 3 3 0 1
0.04515124607284099 0 0 3 3 0 3
0.3947864514273044 0 0 3 3 3 0
-0.41203901616754457 0 0 3 3 3 1
27.680678966284045 0 0 3 3 3 3
0.0010031871048627216 0 1 0 0 1 0
-1.2544620728954363 0 1 0 0 1 1
-1.2544620728954363 0 1 0 0 2 2
0.015586748268003981 0 1 0 3 1 1
0.0010031871048627218 0 1 0 3 1 3
0.015586748268003981 0 1 0 3 2 2
0.0010716877358596141 0 1 1 0 1 1
0.0010716877358596141 0 1 1 0 2 2
1.3813579206761946 0 1 2 0 1 2
-0.007718940908866998 0 1 2 0 2 0
-1.3813579206761948 0 1 2 0 2 1
-0.015586748268003978 0 1 2 0 2 3
-0.01765026835431883 0 1 2 3 1 2
-0.015586748268003978 0 1 2 3 2 0
0.01765026835431883 0 1 2 3 2 1
-0.007718940908866998 0 1 2 3 2 3
0.016786830608120196 0 1 3 0 1 1
0.016786830608120196 0 1 3 0 2 2
0.007718940908866995 0 1 3 3 1 1
0.007718940908866995 0 1 3 3 2 2
0.0007764656812452122 0 2 0 0 1 2
1.2792090909428748 0 2 0 0 2 0
-0.0007764656812452126 0 2 0 0 2 1
-0.017606184521996825 0 2 0 0 2 3
-0.017606184521996825 0 2 0 3 2 0
1.2792090909428748 0 2 0 3 2 3
-1.3813579206761946 0 2 1 0 1 2
0.007718940908866999 0 2 1 0 2 0
1.3813579206761948 0 2 1 0 2 1
0.015586748268003978 0 2 1 0 2 3
0.01765026835431883 0 2 1 3 1 2
0.015586748268003978 0 2 1 3 2 0
-0.01765026835431883 0 2 1 3 2 1
0.007718940908866999 0 2 1 3 2 3
0.0010716877358596141 0 2 2 0 1 1
0.0010716877358596145 0 2 2 0 2 2
-0.017606184521996825 0 2 3 0 2 0
-0.00810926305170133 0 2 3 0 2 3
-0.00810926305170133 0 2 3 3 2 0
-0.017606184521996825 0 2 3 3 2 3
-175.73901986941686 0 3 0 0 0 0
-0.0403256407059456 0 3 0 0 0 1
-27.63814304163978 0 3 0 0 0 3
-45.77687344884137 0 3 0 0 3 0
-0.013684560493206793 0 3 0 0 3 1
0.11501955658812577 0 3 0 0 3 3
-40.61995555775582 0 3 0 3 0 0
-0.013684560493206785 0 3 0 3 0 1
0.047693557893196944 0 3 0 3 0 3
0.8447516846728307 0 3 0 3 3 0
-0.0403256407059456 0 3 0 3 3 1
26.45385819559709 0 3 0 3 3 3
0.4387484803150726 0 3 1 0 0 0
-24.939739917264337 0 3 1 0 0 3
0.013684560493206786 0 3 1 0 3 0
0.8155394481538611 0 3 1 0 3 3
0.013684560493206786 0 3 1 3 0 0
0.8155394481538614 0 3 1 3 0 3
-0.3604973635834138 0 3 1 3 3 0
0.20630803104370524 0 3 1 3 3 3
-0.44209618214038826 0 3 2 0 0 2
-0.2209819420665493 0 3 2 0 3 2
-0.2209819420665493 0 3 2 3 0 2
-0.44209618214038826 0 3 2 3 3 2
-1.0940172187196222 0 3 3 0 0 0
13.629673422595861 0 3 3 0 0 1
0.045151246072840795 0 3 3 0 0 3
0.11501955658812578 0 3 3 0 3 0
-0.8155394481538614 0 3 3 0 3 1
0.018218034235804037 0 3 3 0 3 3
0.04769355789319681 0 3 3 3 0 0
-0.8155394481538614 0 3 3 3 0 1
-0.0145985005376138 0 3 3 3 0 3
0.012720661037182794 0 3 3 3 3 0
13.629673422595861 0 3 3 3 3 1
-0.03560158995918313 0 3 3 3 3 3
0.0010031871048627216 1 0 0 1 0 0
-1.254462072895436 1 0 0 1 0 1
0.01558674826800398 1 0 0 1 3 1
0.0010031871048627216 1 0 0 1 3 3
-1.254462072895436 1 0 0 2 0 2
0.01558674826800398 1 0 0 2 3 2
0.0010716877358596145 1 0 1 1 0 1
0.0010716877358596145 1 0 1 2 0 2
1.3813579206761946 1 0 2 1 0 2
-0.017650268354318828 1 0 2 1 3 2
-0.007718940908866995 1 0 2 2 0 0
-1.3813579206761946 1 0 2 2 0 1
-0.01558674826800398 1 0 2 2 0 3
-0.01558674826800398 1 0 2 2 3 0
0.017650268354318828 1 0 2 2 3 1
-0.007718940908866995 1 0 2 2 3 3
0.01678683060812019 1 0 3 1 0 1
0.007718940908866997 1 0 3 1 3 1
0.01678683060812019 1 0 3 2 0 2
0.007718940908866997 1 0 3 2 3 2
0.0018093362317674034 1 1 0 1 1 0
0.0018093362317674034 1 1 0 2 2 0
2.5784589455427547 1 2 0 1 2 0
-0.03366299934746426 1 2 0 1 2 3
-2.5784589455427547 1 2 0 2 1 0
0.03366299934746426 1 2 0 2 1 3
-0.03366299934746426 1 2 3 1 2 0
-0.01640826738670882 1 2 3 1 2 3
0.03366299934746426 1 2 3 2 1 0
0.016408267386708815 1 2 3 2 1 3
0.01678683060812019 1 3 0 1 0 1
0.007718940908866997 1 3 0 1 3 1
0.01678683060812019 1 3 0 2 0 2
0.007718940908866997 1 3 0 2 3 2
-0.0007764656812452124 1 3 1 1 0 3
-0.0007764656812452124 1 3 1 1 3 0
-0.017650268354318828 1 3 2 1 0 2
-0.008880221047632818 1 3 2 1 3 2
-0.01678683060812019 1 3 2 2 0 0
0.017650268354318828 1 3 2 2 0 1
1.254462072895436 1 3 2 2 0 3
1.254462072895436 1 3 2 2 3 0
0.008880221047632818 1 3 2 2 3 1
-0.01678683060812019 1 3 2 2 3 3
0.0010031871048627218 1 3 3 1 0 0
-1.254462072895436 1 3 3 1 0 1
0.01558674826800398 1 3 3 1 3 1
0.0010031871048627218 1 3 3 1 3 3
-1.254462072895436 1 3 3 2 0 2
0.01558674826800398 1 3 3 2 3 2
0.0007764656812452122 2 0 0 1 0 2
1.2792090909428748 2 0 0 2 0 0
-0.0007764656812452122 2 0 0 2 0 1
-0.01760618452199682 2 0 0 2 0 3
-0.01760618452199682 2 0 0 2 3 0
1.2792090909428748 2 0 0 2 3 3
-1.3813579206761948 2 0 1 1 0 2
0.017650268354318828 2 0 1 1 3 2
0.007718940908866995 2 0 1 2 0 0
1.3813579206761948 2 0 1 2 0 1
0.015586748268003978 2 0 1 2 0 3
0.015586748268003978 2 0 1 2 3 0
-0.017650268354318828 2 0 1 2 3 1
0.007718940908866997 2 0 1 2 3 3
0.0010716877358596143 2 0 2 1 0 1
0.0010716877358596143 2 0 2 2 0 2
-0.01760618452199682 2 0 3 2 0 0
-0.00810926305170133 2 0 3 2 0 3
-0.00810926305170133 2 0 3 2 3 0
-0.01760618452199682 2 0 3 2 3 3
-2.5784589455427547 2 1 0 1 2 0
0.03366299934746426 2 1 0 1 2 3
2.5784589455427547 2 1 0 2 1 0
-0.03366299934746426 2 1 0 2 1 3
0.03366299934746426 2 1 3 1 2 0
0.016408267386708815 2 1 3 1 2 3
-0.03366299934746426 2 1 3 2 1 0
-0.016408267386708815 2 1 3 2 1 3
0.0018093362317674038 2 2 0 1 1 0
0.0018093362317674038 2 2 0 2 2 0
-0.01760618452199682 2 3 0 2 0 0
-0.00810926305170133 2 3 0 2 0 3
-0.00810926305170133 2 3 0 2 3 0
-0.01760618452199682 2 3 0 2 3 3
0.017650268354318828 2 3 1 1 0 2
0.00888022104763282 2 3 1 1 3 2
0.01678683060812019 2 3 1 2 0 0
-0.017650268354318828 2 3 1 2 0 1
-1.2544620728954359 2 3 1 2 0 3
-1.254462072895436 2 3 1 2 3 0
-0.00888022104763282 2 3 1 2 3 1
0.01678683060812019 2 3 1 2 3 3
-0.0007764656812452129 2 3 2 1 0 3
-0.0007764656812452124 2 3 2 1 3 0
0.0007764656812452126 2 3 3 1 0 2
1.2792090909428748 2 3 3 2 0 0
-0.0007764656812452124 2 3 3 2 0 1
-0.01760618452199682 2 3 3 2 0 3
-0.01760618452199682 2 3 3 2 3 0
1.2792090909428748 2 3 3 2 3 3
-175.739019869417 3 0 0 0 0 0
-0.0403256407059456 3 0 0 0 0 1
-27.638143041639772 3 0 0 0 0 3
-40.61995555775584 3 0 0 0 3 0
-0.013684560493206781 3 0 0 0 3 1
0.04769355789319675 3 0 0 0 3 3
-45.77687344884138 3 0 0 3 0 0
-0.013684560493206786 3 0 0 3 0 1
0.11501955658812595 3 0 0 3 0 3
0.8447516846728307 3 0 0 3 3 0
-0.0403256407059456 3 0 0 3 3 1
26.453858195597086 3 0 0 3 3 3
0.4387484803150726 3 0 1 0 0 0
-24.939739917264333 3 0 1 0 0 3
0.013684560493206785 3 0 1 0 3 0
0.8155394481538613 3 0 1 0 3 3
0.013684560493206786 3 0 1 3 0 0
0.8155394481538611 3 0 1 3 0 3
-0.3604973635834138 3 0 1 3 3 0
0.20630803104370524 3 0 1 3 3 3
-0.44209618214038826 3 0 2 0 0 2
-0.22098194206654936 3 0 2 0 3 2
-0.22098194206654936 3 0 2 3 0 2
-0.44209618214038826 3 0 2 3 3 2
-1.0940172187196213 3 0 3 0 0 0
13.629673422595861 3 0 3 0 0 1
0.04515124607284099 3 0 3 0 0 3
0.04769355789319698 3 0 3 0 3 0
-0.8155394481538614 3 0 3 0 3 1
-0.0145985005376138 3 0 3 0 3 3
0.11501955658812595 3 0 3 3 0 0
-0.8155394481538611 3 0 3 3 0 1
0.01821803423580404 3 0 3 3 0 3
0.012720661037182774 3 0 3 3 3 0
13.629673422595861 3 0 3 3 3 1
-0.035601589959183354 3 0 3 3 3 3
0.016786830608120196 3 1 0 0 1 1
0.016786830608120196 3 1 0 0 2 2
0.007718940908866997 3 1 0 3 1 1
0.007718940908866997 3 1 0 3 2 2
-0.0007764656812452129 3 1 1 0 1 3
-0.0007764656812452129 3 1 1 3 1 0
-0.017650268354318835 3 1 2 0 1 2
-0.016786830608120196 3 1 2 0 2 0
0.017650268354318835 3 1 2 0 2 1
1.254462072895436 3 1 2 0 2 3
-0.008880221047632824 3 1 2 3 1 2
1.254462072895436 3 1 2 3 2 0
0.008880221047632822 3 1 2 3 2 1
-0.016786830608120196 3 1 2 3 2 3
0.001003187104862722 3 1 3 0 1 0
-1.254462072895436 3 1 3 0 1 1
-1.254462072895436 3 1 3 0 2 2
0.015586748268003981 3 1 3 3 1 1
0.0010031871048627218 3 1 3 3 1 3
0.015586748268003981 3 1 3 3 2 2
-0.017606184521996825 3 2 0 0 2 0
-0.00810926305170133 3 2 0 0 2 3
-0.00810926305170133 3 2 0 3 2 0
-0.017606184521996825 3 2 0 3 2 3
0.017650268354318835 3 2 1 0 1 2
0.016786830608120196 3 2 1 0 2 0
-0.017650268354318835 3 2 1 0 2 1
-1.254462072895436 3 2 1 0 2 3
0.008880221047632822 3 2 1 3 1 2
-1.254462072895436 3 2 1 3 2 0
-0.00888022104763282 3 2 1 3 2 1
0.016786830608120196 3 2 1 3 2 3
-0.0007764656812452126 3 2 2 0 1 3
-0.0007764656812452126 3 2 2 3 1 0
0.0007764656812452126 3 2 3 0 1 2
1.2792090909428748 3 2 3 0 2 0
-0.0007764656812452126 3 2 3 0 2 1
-0.017606184521996825 3 2 3 0 2 3
-0.017606184521996825 3 2 3 3 2 0
1.2792090909428748 3 2 3 3 2 3
-24.19024678189877 3 3 0 0 0 0
3.1366119990598906 3 3 0 0 0 1
0.3947864514273043 3 3 0 0 0 3
0.8447516846728308 3 3 0 0 3 0
-0.43874848031507263 3 3 0 0 3 1
0.01272066103718277 3 3 0 0 3 3
0.8447516846728308 3 3 0 3 0 0
-0.43874848031507263 3 3 0 3 0 1
0.012720661037182777 3 3 0 3 0 3
0.24005551153611626 3 3 0 3 3 0
3.136611999059891 3 3 0 3 3 1
-0.3203940555672011 3 3 0 3 3 3
-3.1366119990598906 3 3 1 0 0 0
0.00030568787457452794 3 3 1 0 0 1
-56.010716278357336 3 3 1 0 0 3
0.040325640705945597 3 3 1 0 3 0
-13.62967342259586 3 3 1 0 3 3
0.04032564070594561 3 3 1 3 0 0
-13.62967342259586 3 3 1 3 0 3
1.2867271105598224 3 3 1 3 3 0
0.0003056878745745279 3 3 1 3 3 1
0.4120390161675446 3 3 1 3 3 3
13.640957610184675 3 3 2 0 0 2
-0.44209618214038826 3 3 2 0 3 2
-0.44209618214038826 3 3 2 3 0 2
13.640957610184675 3 3 2 3 3 2
107.94295796643496 3 3 3 0 0 0
56.01071627835734 3 3 3 0 0 1
27.68067896628404 3 3 3 0 0 3
26.453858195597082 3 3 3 0 3 0
24.93973991726433 3 3 3 0 3 1
-0.035601589959183125 3 3 3 0 3 3
26.453858195597082 3 3 3 3 0 0
24.939739917264326 3 3 3 3 0 1
-0.03560158995918333 3 3 3 3 0 3
-0.32039405556720113 3 3 3 3 3 0
56.01071627835734 3 3 3 3 3 1
-28.39723935217966 3 3 3 3 3 3
