-95.5497305100216 0 0 0 0 0 0
-0.013442592524559609 1 2 0 1 2 0
0.013442592524559609 1 2 0 2 1 0
-0.006025186927654275 1 3 2 2 3 0
-0.006025186927654275 1 3 2 2 0 3
0.006025186927654275 1 3 3 1 0 1
0.006025186927654275 1 3 3 2 0 2
-0.008040157119157338 1 0 2 1 0 2
0.008040157119157338 1 0 2 2 0 1
0.006025186927654275 1 0 0 1 0 1
0.006025186927654275 1 0 0 2 0 2
0.013442592524559609 2 1 0 1 2 0
-0.013442592524559609 2 1 0 2 1 0
0.006025186927654275 2 3 1 2 3 0
0.006025186927654275 2 3 1 2 0 3
-0.007042854889923142 2 3 3 2 0 0
-0.007042854889923142 2 3 3 2 3 3
0.008040157119157338 2 0 1 1 0 2
-0.008040157119157338 2 0 1 2 0 1
-0.007042854889923142 2 0 0 2 0 0
-0.007042854889923142 2 0 0 2 3 3
0.9334157334490814 3 0 0 0 0 0
-0.006025186927654274 3 1 2 3 2 0
-0.006025186927654274 3 1 2 0 2 3
0.006025186927654274 3 1 3 0 1 1
0.006025186927654274 3 1 3 0 2 2
0.006025186927654274 3 2 1 3 2 0
0.006025186927654274 3 2 1 0 2 3
-0.007042854889923138 3 2 3 3 2 3
-0.007042854889923138 3 2 3 0 2 0
0.11405465305793555 3 3 0 0 0 0
0.02119874775748113 3 3 1 0 0 0
-0.007534662956618877 3 3 1 3 3 0
0.06616574805586768 3 3 1 3 0 3
0.06616574805586767 3 3 1 0 3 3
0.26627670307191065 3 3 1 0 0 3
-0.06298543520504303 3 3 2 3 3 2
-0.06298543520504303 3 3 2 0 0 2
-0.5476872143778688 3 3 3 0 0 0
-0.15229197115889156 3 3 3 3 0 0
-0.26627670307191065 3 3 3 3 3 1
0.1633305680279642 3 3 3 3 3 3
-0.12028112225642681 3 3 3 3 0 1
-0.15229197115889154 3 3 3 0 3 0
-0.12028112225642681 3 3 3 0 3 1
-0.26627670307191065 3 3 3 0 0 1
-0.15798141105584268 3 3 3 0 0 3
-0.02119874775748113 3 3 0 3 3 1
-0.02119874775748113 3 3 0 0 0 1
0.12028112225642681 3 0 1 0 0 3
0.00944578782414121 3 0 3 0 0 0
-0.06616574805586767 3 0 3 3 3 1
-0.06616574805586767 3 0 3 0 0 1
0.2493784064824143 3 0 0 3 0 0
-0.15229197115889156 3 0 0 3 3 3
0.2224932214332948 3 0 0 0 3 0
0.16273506121226694 3 0 0 0 0 3
-0.008040157119157338 0 1 2 0 1 2
0.008040157119157338 0 1 2 0 2 1
0.006025186927654274 0 1 0 0 1 1
0.006025186927654274 0 1 0 0 2 2
0.008040157119157338 0 2 1 0 1 2
-0.008040157119157338 0 2 1 0 2 1
-0.007042854889923138 0 2 0 3 2 3
-0.007042854889923138 0 2 0 0 2 0
0.9334157334490816 0 3 0 0 0 0
0.12028112225642681 0 3 1 0 0 3
0.009445787824141127 0 3 3 0 0 0
-0.06616574805586768 0 3 3 3 3 1
-0.06616574805586768 0 3 3 0 0 1
0.2224932214332948 0 3 0 3 0 0
-0.15229197115889154 0 3 0 3 3 3
0.24937840648241422 0 3 0 0 3 0
0.16273506121226694 0 3 0 0 0 3
0.02119874775748113 0 0 1 0 0 0
-0.007534662956618877 0 0 1 3 3 0
0.06616574805586768 0 0 1 3 0 3
0.06616574805586767 0 0 1 0 3 3
0.26627670307191065 0 0 1 0 0 3
-0.06298543520504303 0 0 2 3 3 2
-0.06298543520504303 0 0 2 0 0 2
0.7621552859975373 0 0 3 0 0 0
0.16273506121226694 0 0 3 3 0 0
-0.15798141105584268 0 0 3 3 3 3
0.16273506121226694 0 0 3 0 3 0
0.1616271848757601 0 0 3 0 0 3
0.9334157334490814 0 0 0 3 0 0
0.11405465305793555 0 0 0 3 3 0
0.007534662956618876 0 0 0 3 3 1
-0.5476872143778687 0 0 0 3 3 3
0.00944578782414121 0 0 0 3 0 3
0.9334157334490816 0 0 0 0 3 0
0.009445787824141127 0 0 0 0 3 3
0.007534662956618876 0 0 0 0 0 1
0.7621552859975373 0 0 0 0 0 3
