9073.037323831843 0 0 0 0 0 0
-180.0284193416743 0 0 0 0 0 3
-180.02841934167407 0 0 0 0 3 0
-15.807689298525885 0 0 0 0 3 3
5.08363233268939 0 0 0 1 0 0
-0.44792711121197204 0 0 0 1 0 3
-0.44792711121197204 0 0 0 1 3 0
5.083632332689391 0 0 0 1 3 3
-169.2061761608622 0 0 0 3 0 0
-2.8351052020189584 0 0 0 3 0 3
-2.8351052020189615 0 0 0 3 3 0
88.05594535565066 0 0 0 3 3 3
0.002072934690562079 0 0 1 0 0 1
0.002072934690562079 0 0 1 3 3 1
1.4755457214307712 0 0 2 0 0 2
-0.026773699514558803 0 0 2 0 3 2
-0.0043180094090888976 0 0 2 1 0 2
-0.010326290839033709 0 0 2 1 3 2
0.0043180094090888976 0 0 2 2 0 1
0.010326290839033709 0 0 2 2 3 1
-0.026773699514558803 0 0 2 3 0 2
1.4755457214307712 0 0 2 3 3 2
-180.02841934167432 0 0 3 0 0 0
-45.5482583291662 0 0 3 0 0 3
-40.41872170324123 0 0 3 0 3 0
0.6566886457663519 0 0 3 0 3 3
-0.10079564346700366 0 0 3 1 0 0
-0.032066634382695094 0 0 3 1 0 3
-0.03206663438269509 0 0 3 1 3 0
-0.10079564346700366 0 0 3 1 3 3
-33.37092655852502 0 0 3 3 0 0
0.31906224200371985 0 0 3 3 0 3
0.24584179675769274 0 0 3 3 3 0
29.898294341613973 0 0 3 3 3 3
0.0020729346905620795 0 1 0 0 1 0
0.0020729346905620795 0 1 0 3 1 3
0.0018855301837886252 0 1 1 0 1 1
0.001885530183788626 0 1 1 0 2 2
2.56476831296247 0 1 2 0 1 2
-2.56476831296247 0 1 2 0 2 1
-0.03661022262301292 0 1 2 3 1 2
0.03661022262301292 0 1 2 3 2 1
-0.00015884385362872617 0 1 3 1 1 3
-0.00015884385362872617 0 1 3 2 2 3
1.4755457214307712 0 2 0 0 2 0
-0.026773699514558817 0 2 0 0 2 3
-0.004318009409088897 0 2 0 1 2 0
-0.010326290839033709 0 2 0 1 2 3
0.004318009409088897 0 2 0 2 1 0
0.010326290839033709 0 2 0 2 1 3
-0.026773699514558817 0 2 0 3 2 0
1.4755457214307712 0 2 0 3 2 3
-2.56476831296247 0 2 1 0 1 2
2.56476831296247 0 2 1 0 2 1
0.03661022262301292 0 2 1 3 1 2
-0.03661022262301292 0 2 1 3 2 1
0.001885530183788625 0 2 2 0 1 1
0.001885530183788625 0 2 2 0 2 2
-0.026773699514558817 0 2 3 0 2 0
-0.012376735458079418 0 2 3 0 2 3
-0.008325356958404011 0 2 3 1 2 0
0.7941849227026294 0 2 3 1 2 3
0.008325356958404011 0 2 3 2 1 0
-0.7941849227026294 0 2 3 2 1 3
-0.012376735458079418 0 2 3 3 2 0
-0.026773699514558817 0 2 3 3 2 3
-180.02841934167427 0 3 0 0 0 0
-40.41872170324123 0 3 0 0 0 3
-45.54825832916622 0 3 0 0 3 0
0.6566886457663519 0 3 0 0 3 3
-0.10079564346700362 0 3 0 1 0 0
-0.032066634382695094 0 3 0 1 0 3
-0.032066634382695094 0 3 0 1 3 0
-0.10079564346700362 0 3 0 1 3 3
-33.370926558525035 0 3 0 3 0 0
0.2458417967576936 0 3 0 3 0 3
0.31906224200371913 0 3 0 3 3 0
29.898294341613973 0 3 0 3 3 3
-0.00015884385362872617 0 3 1 1 3 1
-0.0001588438536287266 0 3 1 2 3 2
-0.026773699514558817 0 3 2 0 0 2
-0.012376735458079418 0 3 2 0 3 2
-0.008325356958404004 0 3 2 1 0 2
0.7941849227026294 0 3 2 1 3 2
0.008325356958404004 0 3 2 2 0 1
-0.7941849227026294 0 3 2 2 3 1
-0.012376735458079418 0 3 2 3 0 2
-0.026773699514558817 0 3 2 3 3 2
-15.807689298525887 0 3 3 0 0 0
0.6566886457663523 0 3 3 0 0 3
0.6566886457663522 0 3 3 0 3 0
0.15285037717986036 0 3 3 0 3 3
-0.5443831899423311 0 3 3 1 0 0
0.25033769203922424 0 3 3 1 0 3
0.25033769203922424 0 3 3 1 3 0
-0.5443831899423311 0 3 3 1 3 3
0.41778379860862125 0 3 3 3 0 0
0.027623765688942856 0 3 3 3 0 3
0.027623765688942842 0 3 3 3 3 0
-0.23182965066692351 0 3 3 3 3 3
0.5443831899423308 1 0 0 0 0 0
0.10079564346700358 1 0 0 0 0 3
0.10079564346700368 1 0 0 0 3 0
-5.083632332689391 1 0 0 0 3 3
0.0018011248880261605 1 0 0 1 0 0
0.0018011248880261605 1 0 0 1 3 3
0.2458980653029482 1 0 0 3 0 0
-9.329899192474395 1 0 0 3 0 3
-9.329899192474395 1 0 0 3 3 0
-42.017456306919804 1 0 0 3 3 3
0.7941849227026295 1 0 1 0 0 1
-0.010326290839033702 1 0 1 0 3 1
0.0021533360257628966 1 0 1 1 0 1
0.0021533360257628966 1 0 1 2 0 2
-0.010326290839033702 1 0 1 3 0 1
0.7941849227026295 1 0 1 3 3 1
-0.00015884385362872634 1 0 2 0 0 2
2.1361000538771147 1 0 2 1 0 2
-0.029982344675281276 1 0 2 1 3 2
-2.1361000538771147 1 0 2 2 0 1
0.029982344675281276 1 0 2 2 3 1
-0.00015884385362872634 1 0 2 3 3 2
-0.25033769203922424 1 0 3 0 0 0
0.032066634382695094 1 0 3 0 0 3
0.032066634382695094 1 0 3 0 3 0
0.44792711121197215 1 0 3 0 3 3
0.11272270193575057 1 0 3 3 0 0
0.592161107714008 1 0 3 3 0 3
0.5921611077140082 1 0 3 3 3 0
-17.17583291036833 1 0 3 3 3 3
0.7941849227026295 1 1 0 0 1 0
-0.01032629083903371 1 1 0 0 1 3
0.0021533360257628966 1 1 0 1 1 0
0.0021533360257628966 1 1 0 2 2 0
-0.01032629083903371 1 1 0 3 1 0
0.7941849227026295 1 1 0 3 1 3
-0.008325356958404013 1 1 3 0 1 0
-0.004318009409088897 1 1 3 0 1 3
-0.004318009409088897 1 1 3 3 1 0
-0.008325356958404013 1 1 3 3 1 3
-0.00015884385362872612 1 2 0 0 2 0
2.1361000538771147 1 2 0 1 2 0
-0.029982344675281304 1 2 0 1 2 3
-2.136100053877114 1 2 0 2 1 0
0.029982344675281304 1 2 0 2 1 3
-0.00015884385362872612 1 2 0 3 2 3
-0.029982344675281304 1 2 3 1 2 0
-0.016892782257601394 1 2 3 1 2 3
0.029982344675281304 1 2 3 2 1 0
0.016892782257601394 1 2 3 2 1 3
-0.25033769203922424 1 3 0 0 0 0
0.032066634382695094 1 3 0 0 0 3
0.03206663438269509 1 3 0 0 3 0
0.44792711121197215 1 3 0 0 3 3
0.11272270193575057 1 3 0 3 0 0
0.5921611077140081 1 3 0 3 0 3
0.5921611077140082 1 3 0 3 3 0
-17.175832910368328 1 3 0 3 3 3
-0.008325356958404011 1 3 1 0 0 1
-0.004318009409088897 1 3 1 0 3 1
-0.004318009409088897 1 3 1 3 0 1
-0.008325356958404011 1 3 1 3 3 1
-0.0299823446752813 1 3 2 1 0 2
-0.016892782257601394 1 3 2 1 3 2
0.0299823446752813 1 3 2 2 0 1
0.016892782257601394 1 3 2 2 3 1
0.5443831899423308 1 3 3 0 0 0
0.10079564346700358 1 3 3 0 0 3
0.10079564346700368 1 3 3 0 3 0
-5.083632332689392 1 3 3 0 3 3
0.0018011248880261614 1 3 3 1 0 0
0.0018011248880261614 1 3 3 1 3 3
0.2458980653029482 1 3 3 3 0 0
-9.329899192474395 1 3 3 3 0 3
-9.329899192474395 1 3 3 3 3 0
-42.01745630691981 1 3 3 3 3 3
8.85278186891267 2 0 0 2 0 0
-0.2700322728900055 2 0 0 2 0 3
-0.2700322728900055 2 0 0 2 3 0
8.85278186891267 2 0 0 2 3 3
0.00015884385362872612 2 0 1 0 0 2
-2.136100053877115 2 0 1 1 0 2
0.029982344675281276 2 0 1 1 3 2
2.1361000538771147 2 0 1 2 0 1
-0.029982344675281276 2 0 1 2 3 1
0.00015884385362872612 2 0 1 3 3 2
0.7941849227026294 2 0 2 0 0 1
-0.010326290839033702 2 0 2 0 3 1
0.0021533360257628966 2 0 2 1 0 1
0.0021533360257628966 2 0 2 2 0 2
-0.010326290839033702 2 0 2 3 0 1
0.7941849227026294 2 0 2 3 3 1
-0.2700322728900056 2 0 3 2 0 0
-0.12952443071998093 2 0 3 2 0 3
-0.12952443071998093 2 0 3 2 3 0
-0.2700322728900056 2 0 3 2 3 3
0.00015884385362872612 2 1 0 0 2 0
-2.136100053877115 2 1 0 1 2 0
0.029982344675281304 2 1 0 1 2 3
2.1361000538771147 2 1 0 2 1 0
-0.029982344675281304 2 1 0 2 1 3
0.00015884385362872612 2 1 0 3 2 3
0.029982344675281304 2 1 3 1 2 0
0.016892782257601394 2 1 3 1 2 3
-0.029982344675281304 2 1 3 2 1 0
-0.016892782257601394 2 1 3 2 1 3
0.7941849227026294 2 2 0 0 1 0
-0.01032629083903371 2 2 0 0 1 3
0.0021533360257628966 2 2 0 1 1 0
0.0021533360257628966 2 2 0 2 2 0
-0.01032629083903371 2 2 0 3 1 0
0.7941849227026294 2 2 0 3 1 3
-0.008325356958404013 2 2 3 0 1 0
-0.004318009409088896 2 2 3 0 1 3
-0.004318009409088896 2 2 3 3 1 0
-0.008325356958404013 2 2 3 3 1 3
-0.2700322728900056 2 3 0 2 0 0
-0.12952443071998093 2 3 0 2 0 3
-0.12952443071998093 2 3 0 2 3 0
-0.2700322728900056 2 3 0 2 3 3
0.0299823446752813 2 3 1 1 0 2
0.016892782257601394 2 3 1 1 3 2
-0.0299823446752813 2 3 1 2 0 1
-0.016892782257601394 2 3 1 2 3 1
-0.008325356958404011 2 3 2 0 0 1
-0.004318009409088897 2 3 2 0 3 1
-0.004318009409088897 2 3 2 3 0 1
-0.008325356958404011 2 3 2 3 3 1
8.85278186891267 2 3 3 2 0 0
-0.2700322728900055 2 3 3 2 0 3
-0.2700322728900055 2 3 3 2 3 0
8.85278186891267 2 3 3 2 3 3
-169.20617616086227 3 0 0 0 0 0
-33.370926558525035 3 0 0 0 0 3
-33.37092655852505 3 0 0 0 3 0
0.417783798608621 3 0 0 0 3 3
42.01745630691979 3 0 0 1 0 0
17.17583291036835 3 0 0 1 0 3
17.175832910368346 3 0 0 1 3 0
42.01745630691979 3 0 0 1 3 3
-33.881296556421724 3 0 0 3 0 0
0.22932578349718538 3 0 0 3 0 3
0.22932578349718466 3 0 0 3 3 0
31.006055086248107 3 0 0 3 3 3
-0.00015884385362872617 3 0 1 1 3 1
-0.00015884385362872617 3 0 1 2 3 2
-0.026773699514558814 3 0 2 0 0 2
-0.01237673545807942 3 0 2 0 3 2
-0.008325356958404004 3 0 2 1 0 2
0.7941849227026295 3 0 2 1 3 2
0.008325356958404004 3 0 2 2 0 1
-0.7941849227026295 3 0 2 2 3 1
-0.01237673545807942 3 0 2 3 0 2
-0.026773699514558814 3 0 2 3 3 2
-2.8351052020189598 3 0 3 0 0 0
0.31906224200371947 3 0 3 0 0 3
0.24584179675769316 3 0 3 0 3 0
0.027623765688942842 3 0 3 0 3 3
9.329899192474391 3 0 3 1 0 0
-0.5921611077140082 3 0 3 1 0 3
-0.5921611077140082 3 0 3 1 3 0
9.329899192474391 3 0 3 1 3 3
0.22932578349718502 3 0 3 3 0 0
0.03508122229033025 3 0 3 3 0 3
-0.0032601924643289046 3 0 3 3 3 0
-0.13733706929526512 3 0 3 3 3 3
-0.00015884385362872596 3 1 0 1 1 3
-0.00015884385362872596 3 1 0 2 2 3
-0.03661022262301292 3 1 2 0 1 2
0.03661022262301292 3 1 2 0 2 1
-0.019170707377329465 3 1 2 3 1 2
0.019170707377329465 3 1 2 3 2 1
0.00207293469056208 3 1 3 0 1 0
0.00207293469056208 3 1 3 3 1 3
-0.026773699514558817 3 2 0 0 2 0
-0.012376735458079418 3 2 0 0 2 3
-0.008325356958404013 3 2 0 1 2 0
0.7941849227026295 3 2 0 1 2 3
0.008325356958404013 3 2 0 2 1 0
-0.7941849227026295 3 2 0 2 1 3
-0.01237673545807942 3 2 0 3 2 0
-0.026773699514558817 3 2 0 3 2 3
0.03661022262301292 3 2 1 0 1 2
-0.03661022262301292 3 2 1 0 2 1
0.01917070737732947 3 2 1 3 1 2
-0.01917070737732947 3 2 1 3 2 1
1.4755457214307712 3 2 3 0 2 0
-0.026773699514558817 3 2 3 0 2 3
-0.004318009409088897 3 2 3 1 2 0
-0.010326290839033709 3 2 3 1 2 3
0.004318009409088897 3 2 3 2 1 0
0.010326290839033709 3 2 3 2 1 3
-0.026773699514558817 3 2 3 3 2 0
1.4755457214307712 3 2 3 3 2 3
-2.8351052020189598 3 3 0 0 0 0
0.245841796757693 3 3 0 0 0 3
0.3190622420037194 3 3 0 0 3 0
0.02762376568894285 3 3 0 0 3 3
9.329899192474391 3 3 0 1 0 0
-0.5921611077140081 3 3 0 1 0 3
-0.5921611077140081 3 3 0 1 3 0
9.329899192474391 3 3 0 1 3 3
0.22932578349718494 3 3 0 3 0 0
-0.0032601924643289046 3 3 0 3 0 3
0.03508122229033029 3 3 0 3 3 0
-0.13733706929526496 3 3 0 3 3 3
0.002072934690562079 3 3 1 0 0 1
0.002072934690562079 3 3 1 3 3 1
1.4755457214307712 3 3 2 0 0 2
-0.0267736995145588 3 3 2 0 3 2
-0.004318009409088897 3 3 2 1 0 2
-0.010326290839033709 3 3 2 1 3 2
0.004318009409088897 3 3 2 2 0 1
0.010326290839033709 3 3 2 2 3 1
-0.0267736995145588 3 3 2 3 0 2
1.4755457214307712 3 3 2 3 3 2
88.05594535565066 3 3 3 0 0 0
29.89829434161397 3 3 3 0 0 3
29.89829434161397 3 3 3 0 3 0
-0.23182965066692324 3 3 3 0 3 3
-0.24589806530294825 3 3 3 1 0 0
-0.11272270193575055 3 3 3 1 0 3
-0.11272270193575055 3 3 3 1 3 0
-0.24589806530294825 3 3 3 1 3 3
31.00605508624811 3 3 3 3 0 0
-0.13733706929526554 3 3 3 3 0 3
-0.13733706929526476 3 3 3 3 3 0
-33.32356001171844 3 3 3 3 3 3
