-95.65431905804927 0 0 0 0 0 0
-0.013442592524559625 1 2 0 1 2 0
0.013442592524559625 1 2 0 2 1 0
-0.0066251879194742114 1 3 2 2 3 0
-0.0066251879194742114 1 3 2 2 0 3
0.0066251879194742114 1 3 3 1 0 1
0.0066251879194742114 1 3 3 2 0 2
-0.007095487908561287 1 0 2 1 0 2
0.007095487908561287 1 0 2 2 0 1
0.0066251879194742114 1 0 0 1 0 1
0.0066251879194742114 1 0 0 2 0 2
0.013442592524559625 2 1 0 1 2 0
-0.013442592524559625 2 1 0 2 1 0
0.0066251879194742114 2 3 1 2 3 0
0.0066251879194742114 2 3 1 2 0 3
-0.00656334263775487 2 3 3 2 0 0
-0.00656334263775487 2 3 3 2 3 3
0.007095487908561287 2 0 1 1 0 2
-0.007095487908561287 2 0 1 2 0 1
-0.00656334263775487 2 0 0 2 0 0
-0.00656334263775487 2 0 0 2 3 3
0.9269250573532852 3 0 0 0 0 0
-0.0066251879194742114 3 1 2 3 2 0
-0.0066251879194742114 3 1 2 0 2 3
0.0066251879194742114 3 1 3 0 1 1
0.0066251879194742114 3 1 3 0 2 2
0.0066251879194742114 3 2 1 3 2 0
0.0066251879194742114 3 2 1 0 2 3
-0.0065633426377548695 3 2 3 3 2 3
-0.0065633426377548695 3 2 3 0 2 0
0.1411112323797644 3 3 0 0 0 0
0.018787846594599547 3 3 1 0 0 0
-0.009068185616620952 3 3 1 3 3 0
0.0786335402664824 3 3 1 3 0 3
0.07863354026648238 3 3 1 0 3 3
0.31100324302654186 3 3 1 0 0 3
-0.07658673827107722 3 3 2 3 3 2
-0.07658673827107722 3 3 2 0 0 2
-0.5686098736200913 3 3 3 0 0 0
-0.14016442736053641 3 3 3 3 0 0
-0.31100324302654186 3 3 3 3 3 1
0.1466138149072213 3 3 3 3 3 3
-0.14401670469401634 3 3 3 3 0 1
-0.14016442736053641 3 3 3 0 3 0
-0.14401670469401634 3 3 3 0 3 1
-0.31100324302654186 3 3 3 0 0 1
-0.14452613480004795 3 3 3 0 0 3
-0.018787846594599547 3 3 0 3 3 1
-0.018787846594599547 3 3 0 0 0 1
0.14401670469401634 3 0 1 0 0 3
0.007005498209341904 3 0 3 0 0 0
-0.07863354026648238 3 0 3 3 3 1
-0.07863354026648238 3 0 3 0 0 1
0.24937840648241413 3 0 0 3 0 0
-0.14016442736053641 3 0 0 3 3 3
0.22249322143329475 3 0 0 0 3 0
0.1477020708406847 3 0 0 0 0 3
-0.007095487908561285 0 1 2 0 1 2
0.007095487908561285 0 1 2 0 2 1
0.0066251879194742114 0 1 0 0 1 1
0.0066251879194742114 0 1 0 0 2 2
0.007095487908561285 0 2 1 0 1 2
-0.007095487908561285 0 2 1 0 2 1
-0.0065633426377548695 0 2 0 3 2 3
-0.0065633426377548695 0 2 0 0 2 0
0.9269250573532843 0 3 0 0 0 0
0.14401670469401634 0 3 1 0 0 3
0.007005498209341793 0 3 3 0 0 0
-0.0786335402664824 0 3 3 3 3 1
-0.0786335402664824 0 3 3 0 0 1
0.22249322143329475 0 3 0 3 0 0
-0.14016442736053641 0 3 0 3 3 3
0.24937840648241402 0 3 0 0 3 0
0.14770207084068465 0 3 0 0 0 3
0.018787846594599547 0 0 1 0 0 0
-0.009068185616620952 0 0 1 3 3 0
0.0786335402664824 0 0 1 3 0 3
0.07863354026648238 0 0 1 0 3 3
0.31100324302654186 0 0 1 0 0 3
-0.07658673827107722 0 0 2 3 3 2
-0.07658673827107722 0 0 2 0 0 2
0.6583405173153773 0 0 3 0 0 0
0.1477020708406847 0 0 3 3 0 0
-0.14452613480004795 0 0 3 3 3 3
0.14770207084068465 0 0 3 0 3 0
0.14470221049803736 0 0 3 0 0 3
0.9269250573532852 0 0 0 3 0 0
0.1411112323797644 0 0 0 3 3 0
0.009068185616620952 0 0 0 3 3 1
-0.5686098736200913 0 0 0 3 3 3
0.007005498209341904 0 0 0 3 0 3
0.9269250573532843 0 0 0 0 3 0
0.007005498209341793 0 0 0 0 3 3
0.009068185616620952 0 0 0 0 0 1
0.6583405173153773 0 0 0 0 0 3
