-95.66172507772225 0 0 0 0 0 0
-0.013442592524559618 1 2 0 1 2 0
0.013442592524559618 1 2 0 2 1 0
-0.006668340372960726 1 3 2 2 3 0
-0.006668340372960726 1 3 2 2 0 3
0.006668340372960726 1 3 3 1 0 1
0.006668340372960726 1 3 3 2 0 2
-0.0070634996961760335 1 0 2 1 0 2
0.0070634996961760335 1 0 2 2 0 1
0.006668340372960726 1 0 0 1 0 1
0.006668340372960726 1 0 0 2 0 2
0.013442592524559618 2 1 0 1 2 0
-0.013442592524559618 2 1 0 2 1 0
0.006668340372960726 2 3 1 2 3 0
0.006668340372960726 2 3 1 2 0 3
-0.006488482335528684 2 3 3 2 0 0
-0.006488482335528684 2 3 3 2 3 3
0.0070634996961760335 2 0 1 1 0 2
-0.0070634996961760335 2 0 1 2 0 1
-0.006488482335528684 2 0 0 2 0 0
-0.006488482335528684 2 0 0 2 3 3
0.9264120996034159 3 0 0 0 0 0
-0.006668340372960726 3 1 2 3 2 0
-0.006668340372960726 3 1 2 0 2 3
0.006668340372960726 3 1 3 0 1 1
0.006668340372960726 3 1 3 0 2 2
0.006668340372960726 3 2 1 3 2 0
0.006668340372960726 3 2 1 0 2 3
-0.006488482335528684 3 2 3 3 2 3
-0.006488482335528684 3 2 3 0 2 0
0.14741348118174658 3 3 0 0 0 0
0.018806116733116503 3 3 1 0 0 0
-0.00906862745877526 3 3 1 3 3 0
0.08146719837501191 3 3 1 3 0 3
0.08146719837501191 3 3 1 0 3 3
0.32227614756461764 3 3 1 0 0 3
-0.07968614271933538 3 3 2 3 3 2
-0.07968614271933538 3 3 2 0 0 2
-0.5660000675938642 3 3 3 0 0 0
-0.13697133294169173 3 3 3 3 0 0
-0.32227614756461764 3 3 3 3 3 1
0.14261538697613324 3 3 3 3 3 3
-0.14959771600410238 3 3 3 3 0 1
-0.13697133294169173 3 3 3 0 3 0
-0.14959771600410238 3 3 3 0 3 1
-0.32227614756461764 3 3 3 0 0 1
-0.14132329044632413 3 3 3 0 0 3
-0.0188061167331165 3 3 0 3 3 1
-0.0188061167331165 3 3 0 0 0 1
0.14959771600410238 3 0 1 0 0 3
0.007482175911064037 3 0 3 0 0 0
-0.08146719837501191 3 0 3 3 3 1
-0.08146719837501191 3 0 3 0 0 1
0.24937840648241438 3 0 0 3 0 0
-0.13697133294169173 3 0 0 3 3 3
0.22249322143329495 3 0 0 0 3 0
0.14502852621340312 3 0 0 0 0 3
-0.0070634996961760335 0 1 2 0 1 2
0.0070634996961760335 0 1 2 0 2 1
0.006668340372960726 0 1 0 0 1 1
0.006668340372960726 0 1 0 0 2 2
0.0070634996961760335 0 2 1 0 1 2
-0.0070634996961760335 0 2 1 0 2 1
-0.006488482335528684 0 2 0 3 2 3
-0.006488482335528684 0 2 0 0 2 0
0.9264120996034154 0 3 0 0 0 0
0.14959771600410238 0 3 1 0 0 3
0.007482175911064037 0 3 3 0 0 0
-0.08146719837501191 0 3 3 3 3 1
-0.08146719837501191 0 3 3 0 0 1
0.22249322143329495 0 3 0 3 0 0
-0.13697133294169173 0 3 0 3 3 3
0.24937840648241438 0 3 0 0 3 0
0.14502852621340312 0 3 0 0 0 3
0.018806116733116503 0 0 1 0 0 0
-0.00906862745877526 0 0 1 3 3 0
0.08146719837501191 0 0 1 3 0 3
0.08146719837501191 0 0 1 0 3 3
0.32227614756461764 0 0 1 0 0 3
-0.07968614271933538 0 0 2 3 3 2
-0.07968614271933538 0 0 2 0 0 2
0.6388443122871861 0 0 3 0 0 0
0.14502852621340312 0 0 3 3 0 0
-0.14132329044632413 0 0 3 3 3 3
0.14502852621340312 0 0 3 0 3 0
0.14174707779283238 0 0 3 0 0 3
0.9264120996034156 0 0 0 3 0 0
0.14741348118174658 0 0 0 3 3 0
0.00906862745877526 0 0 0 3 3 1
-0.5660000675938639 0 0 0 3 3 3
0.007482175911064037 0 0 0 3 0 3
0.9264120996034156 0 0 0 0 3 0
0.007482175911064037 0 0 0 0 3 3
0.00906862745877526 0 0 0 0 0 1
0.6388443122871862 0 0 0 0 0 3
