-865150.4342257561 0 0 0 0 0 0
25486.54472772029 0 0 0 0 0 3
25486.544727720266 0 0 0 0 3 0
2087.388175886718 0 0 0 0 3 3
-660.4435533623573 0 0 0 1 0 0
124.7150195155642 0 0 0 1 0 3
124.71501951556418 0 0 0 1 3 0
-660.4435533623574 0 0 0 1 3 3
24007.978787693934 0 0 0 3 0 0
286.3773815445428 0 0 0 3 0 3
286.3773815445436 0 0 0 3 3 0
-12458.33161058099 0 0 0 3 3 3
-0.58834010993353 0 0 1 0 0 1
0.012665197964154409 0 0 1 0 3 1
-0.0015864688402389595 0 0 1 1 0 1
-0.003138311401130286 0 0 1 1 3 1
-0.00158646884023896 0 0 1 2 0 2
-0.003138311401130286 0 0 1 2 3 2
0.012665197964154409 0 0 1 3 0 1
-0.5883401099335299 0 0 1 3 3 1
-211.0525171942533 0 0 2 0 0 2
7.5836181717579 0 0 2 0 3 2
1.2161404349875031 0 0 2 1 0 2
2.9582646868471496 0 0 2 1 3 2
-1.2161404349875031 0 0 2 2 0 1
-2.95826468684715 0 0 2 2 3 1
7.5836181717579 0 0 2 3 0 2
-211.0525171942533 0 0 2 3 3 2
25486.544727720302 0 0 3 0 0 0
6236.6082808674055 0 0 3 0 0 3
5502.253285071196 0 0 3 0 3 0
-182.51448854171394 0 0 3 0 3 3
27.79083659716577 0 0 3 1 0 0
7.971495605724431 0 0 3 1 0 3
7.971495605724431 0 0 3 1 3 0
27.790836597165768 0 0 3 1 3 3
4523.020072276743 0 0 3 3 0 0
-88.19774497233367 0 0 3 3 0 3
-67.39941151355328 0 0 3 3 3 0
-4147.391440509032 0 0 3 3 3 3
-0.5883401099335301 0 1 0 0 1 0
0.012665197964154416 0 1 0 0 1 3
-0.0015864688402389604 0 1 0 1 1 0
-0.0031383114011302848 0 1 0 1 1 3
-0.00158646884023896 0 1 0 2 2 0
-0.0031383114011302856 0 1 0 2 2 3
0.012665197964154419 0 1 0 3 1 0
-0.58834010993353 0 1 0 3 1 3
-0.5395951170646148 0 1 1 0 1 1
-0.5395951170646148 0 1 1 0 2 2
0.007745987611375026 0 1 1 3 1 1
0.007745987611375026 0 1 1 3 2 2
-367.17749789810244 0 1 2 0 1 2
367.1774978981024 0 1 2 0 2 1
10.399166729390014 0 1 2 3 1 2
-10.399166729390013 0 1 2 3 2 1
0.012665197964154423 0 1 3 0 1 0
0.005967637816201529 0 1 3 0 1 3
-0.003148172466107704 0 1 3 1 1 0
0.04252722184445423 0 1 3 1 1 3
-0.003148172466107704 0 1 3 2 2 0
0.04252722184445434 0 1 3 2 2 3
0.00596763781620153 0 1 3 3 1 0
0.01266519796415442 0 1 3 3 1 3
-211.0525171942533 0 2 0 0 2 0
7.583618171757905 0 2 0 0 2 3
1.216140434987503 0 2 0 1 2 0
2.9582646868471505 0 2 0 1 2 3
-1.216140434987503 0 2 0 2 1 0
-2.9582646868471505 0 2 0 2 1 3
7.583618171757905 0 2 0 3 2 0
-211.0525171942533 0 2 0 3 2 3
367.1774978981024 0 2 1 0 1 2
-367.1774978981024 0 2 1 0 2 1
-10.399166729390013 0 2 1 3 1 2
10.39916672939001 0 2 1 3 2 1
-0.5395951170646148 0 2 2 0 1 1
-0.5395951170646148 0 2 2 0 2 2
0.007745987611375026 0 2 2 3 1 1
0.007745987611375026 0 2 2 3 2 2
7.583618171757905 0 2 3 0 2 0
3.3944639636444993 0 2 3 0 2 3
2.3816678775503255 0 2 3 1 2 0
-113.97680731361567 0 2 3 1 2 3
-2.3816678775503255 0 2 3 2 1 0
113.97680731361567 0 2 3 2 1 3
3.3944639636444998 0 2 3 3 2 0
7.583618171757906 0 2 3 3 2 3
25486.544727720295 0 3 0 0 0 0
5502.253285071196 0 3 0 0 0 3
6236.608280867407 0 3 0 0 3 0
-182.51448854171397 0 3 0 0 3 3
27.790836597165764 0 3 0 1 0 0
7.971495605724432 0 3 0 1 0 3
7.971495605724432 0 3 0 1 3 0
27.790836597165764 0 3 0 1 3 3
4523.020072276745 0 3 0 3 0 0
-67.39941151355353 0 3 0 3 0 3
-88.1977449723335 0 3 0 3 3 0
-4147.391440509033 0 3 0 3 3 3
0.012665197964154414 0 3 1 0 0 1
0.005967637816201529 0 3 1 0 3 1
-0.003148172466107705 0 3 1 1 0 1
0.04252722184445426 0 3 1 1 3 1
-0.0031481724661077057 0 3 1 2 0 2
0.042527221844454295 0 3 1 2 3 2
0.005967637816201528 0 3 1 3 0 1
0.012665197964154417 0 3 1 3 3 1
7.583618171757904 0 3 2 0 0 2
3.3944639636445006 0 3 2 0 3 2
2.3816678775503233 0 3 2 1 0 2
-113.97680731361567 0 3 2 1 3 2
-2.381667877550323 0 3 2 2 0 1
113.97680731361567 0 3 2 2 3 1
3.3944639636445006 0 3 2 3 0 2
7.583618171757904 0 3 2 3 3 2
2087.388175886717 0 3 3 0 0 0
-182.5144885417139 0 3 3 0 0 3
-182.51448854171392 0 3 3 0 3 0
-40.582113579827954 0 3 3 0 3 3
41.150685017339526 0 3 3 1 0 0
-70.28655966195639 0 3 3 1 0 3
-70.28655966195639 0 3 3 1 3 0
41.15068501733952 0 3 3 1 3 3
-115.56004967143627 0 3 3 3 0 0
-6.620798871565707 0 3 3 3 0 3
-6.620798871565708 0 3 3 3 3 0
64.77352125238961 0 3 3 3 3 3
-41.1506850173395 1 0 0 0 0 0
-27.790836597165754 1 0 0 0 0 3
-27.79083659716578 1 0 0 0 3 0
660.4435533623574 1 0 0 0 3 3
-0.5022835383801106 1 0 0 1 0 0
0.010987690641781856 1 0 0 1 0 3
0.010987690641781856 1 0 0 1 3 0
-0.5022835383801106 1 0 0 1 3 3
-68.10287279949246 1 0 0 3 0 0
1257.5621685319434 1 0 0 3 0 3
1257.5621685319434 1 0 0 3 3 0
5908.100919050864 1 0 0 3 3 3
-113.97680731361571 1 0 1 0 0 1
2.9582646868471483 1 0 1 0 3 1
-0.614386131356726 1 0 1 1 0 1
0.010135913298037393 1 0 1 1 3 1
-0.6143861313567262 1 0 1 2 0 2
0.010135913298037393 1 0 1 2 3 2
2.9582646868471487 1 0 1 3 0 1
-113.9768073136157 1 0 1 3 3 1
0.04252722184445441 1 0 2 0 0 2
-0.0031383114011302895 1 0 2 0 3 2
-305.58593406998403 1 0 2 1 0 2
8.503270661491483 1 0 2 1 3 2
305.5859340699841 1 0 2 2 0 1
-8.503270661491483 1 0 2 2 3 1
-0.0031383114011302895 1 0 2 3 0 2
0.042527221844454406 1 0 2 3 3 2
70.28655966195632 1 0 3 0 0 0
-7.971495605724435 1 0 3 0 0 3
-7.971495605724433 1 0 3 0 3 0
-124.71501951556421 1 0 3 0 3 3
0.010987690641781876 1 0 3 1 0 0
0.005849493302058584 1 0 3 1 0 3
0.005849493302058586 1 0 3 1 3 0
0.010987690641781876 1 0 3 1 3 3
-29.608700817873526 1 0 3 3 0 0
-164.80646267656772 1 0 3 3 0 3
-164.80646267656775 1 0 3 3 3 0
2314.4353697659194 1 0 3 3 3 3
-113.97680731361571 1 1 0 0 1 0
2.958264686847151 1 1 0 0 1 3
-0.6143861313567257 1 1 0 1 1 0
0.010135913298037393 1 1 0 1 1 3
-0.6143861313567257 1 1 0 2 2 0
0.010135913298037393 1 1 0 2 2 3
2.958264686847151 1 1 0 3 1 0
-113.9768073136157 1 1 0 3 1 3
2.381667877550326 1 1 3 0 1 0
1.2161404349875031 1 1 3 0 1 3
0.0101359132980374 1 1 3 1 1 0
0.0055728201315934376 1 1 3 1 1 3
0.010135913298037397 1 1 3 2 2 0
0.005572820131593438 1 1 3 2 2 3
1.2161404349875027 1 1 3 3 1 0
2.3816678775503264 1 1 3 3 1 3
0.04252722184445439 1 2 0 0 2 0
-0.0031383114011302865 1 2 0 0 2 3
-305.58593406998403 1 2 0 1 2 0
8.503270661491491 1 2 0 1 2 3
305.585934069984 1 2 0 2 1 0
-8.50327066149149 1 2 0 2 1 3
-0.0031383114011302874 1 2 0 3 2 0
0.04252722184445439 1 2 0 3 2 3
-0.003148172466107704 1 2 3 0 2 0
-0.0015864688402389595 1 2 3 0 2 3
8.503270661491491 1 2 3 1 2 0
4.707444978911591 1 2 3 1 2 3
-8.503270661491491 1 2 3 2 1 0
-4.7074449789115915 1 2 3 2 1 3
-0.0015864688402389595 1 2 3 3 2 0
-0.003148172466107704 1 2 3 3 2 3
70.28655966195632 1 3 0 0 0 0
-7.971495605724433 1 3 0 0 0 3
-7.971495605724433 1 3 0 0 3 0
-124.71501951556421 1 3 0 0 3 3
0.010987690641781876 1 3 0 1 0 0
0.005849493302058585 1 3 0 1 0 3
0.005849493302058588 1 3 0 1 3 0
0.010987690641781882 1 3 0 1 3 3
-29.608700817873526 1 3 0 3 0 0
-164.80646267656772 1 3 0 3 0 3
-164.80646267656772 1 3 0 3 3 0
2314.43536976592 1 3 0 3 3 3
2.3816678775503255 1 3 1 0 0 1
1.2161404349875031 1 3 1 0 3 1
0.010135913298037397 1 3 1 1 0 1
0.005572820131593442 1 3 1 1 3 1
0.0101359132980374 1 3 1 2 0 2
0.00557282013159344 1 3 1 2 3 2
1.216140434987503 1 3 1 3 0 1
2.3816678775503255 1 3 1 3 3 1
-0.003148172466107706 1 3 2 0 0 2
-0.00158646884023896 1 3 2 0 3 2
8.50327066149149 1 3 2 1 0 2
4.7074449789115915 1 3 2 1 3 2
-8.50327066149149 1 3 2 2 0 1
-4.7074449789115915 1 3 2 2 3 1
-0.0015864688402389597 1 3 2 3 0 2
-0.0031481724661077052 1 3 2 3 3 2
-41.1506850173395 1 3 3 0 0 0
-27.790836597165754 1 3 3 0 0 3
-27.790836597165782 1 3 3 0 3 0
660.4435533623575 1 3 3 0 3 3
-0.5022835383801109 1 3 3 1 0 0
0.010987690641781853 1 3 3 1 0 3
0.010987690641781853 1 3 3 1 3 0
-0.5022835383801109 1 3 3 1 3 3
-68.10287279949246 1 3 3 3 0 0
1257.5621685319434 1 3 3 3 0 3
1257.5621685319434 1 3 3 3 3 0
5908.100919050864 1 3 3 3 3 3
-1244.4457706964547 2 0 0 2 0 0
75.13374397423351 2 0 0 2 0 3
75.13374397423351 2 0 0 2 3 0
-1244.4457706964547 2 0 0 2 3 3
-0.0425272218444544 2 0 1 0 0 2
0.003138311401130288 2 0 1 0 3 2
305.58593406998403 2 0 1 1 0 2
-8.503270661491483 2 0 1 1 3 2
-305.58593406998403 2 0 1 2 0 1
8.503270661491484 2 0 1 2 3 1
0.003138311401130288 2 0 1 3 0 2
-0.04252722184445434 2 0 1 3 3 2
-113.97680731361568 2 0 2 0 0 1
2.9582646868471474 2 0 2 0 3 1
-0.6143861313567263 2 0 2 1 0 1
0.010135913298037393 2 0 2 1 3 1
-0.614386131356726 2 0 2 2 0 2
0.010135913298037392 2 0 2 2 3 2
2.958264686847148 2 0 2 3 0 1
-113.97680731361567 2 0 2 3 3 1
75.13374397423357 2 0 3 2 0 0
34.450889979543895 2 0 3 2 0 3
34.4508899795439 2 0 3 2 3 0
75.13374397423355 2 0 3 2 3 3
-0.04252722184445435 2 1 0 0 2 0
0.0031383114011302865 2 1 0 0 2 3
305.58593406998403 2 1 0 1 2 0
-8.50327066149149 2 1 0 1 2 3
-305.58593406998403 2 1 0 2 1 0
8.503270661491491 2 1 0 2 1 3
0.0031383114011302865 2 1 0 3 2 0
-0.04252722184445434 2 1 0 3 2 3
0.003148172466107704 2 1 3 0 2 0
0.00158646884023896 2 1 3 0 2 3
-8.503270661491495 2 1 3 1 2 0
-4.707444978911592 2 1 3 1 2 3
8.503270661491493 2 1 3 2 1 0
4.7074449789115915 2 1 3 2 1 3
0.0015864688402389602 2 1 3 3 2 0
0.003148172466107704 2 1 3 3 2 3
-113.97680731361568 2 2 0 0 1 0
2.9582646868471505 2 2 0 0 1 3
-0.6143861313567257 2 2 0 1 1 0
0.010135913298037393 2 2 0 1 1 3
-0.6143861313567257 2 2 0 2 2 0
0.010135913298037397 2 2 0 2 2 3
2.9582646868471505 2 2 0 3 1 0
-113.97680731361567 2 2 0 3 1 3
2.3816678775503255 2 2 3 0 1 0
1.216140434987503 2 2 3 0 1 3
0.0101359132980374 2 2 3 1 1 0
0.0055728201315934376 2 2 3 1 1 3
0.0101359132980374 2 2 3 2 2 0
0.005572820131593439 2 2 3 2 2 3
1.2161404349875027 2 2 3 3 1 0
2.381667877550326 2 2 3 3 1 3
75.13374397423355 2 3 0 2 0 0
34.450889979543895 2 3 0 2 0 3
34.45088997954389 2 3 0 2 3 0
75.13374397423357 2 3 0 2 3 3
0.0031481724661077044 2 3 1 0 0 2
0.0015864688402389597 2 3 1 0 3 2
-8.503270661491488 2 3 1 1 0 2
-4.7074449789115915 2 3 1 1 3 2
8.503270661491488 2 3 1 2 0 1
4.707444978911592 2 3 1 2 3 1
0.0015864688402389597 2 3 1 3 0 2
0.0031481724661077044 2 3 1 3 3 2
2.3816678775503255 2 3 2 0 0 1
1.2161404349875031 2 3 2 0 3 1
0.0101359132980374 2 3 2 1 0 1
0.005572820131593438 2 3 2 1 3 1
0.010135913298037397 2 3 2 2 0 2
0.005572820131593439 2 3 2 2 3 2
1.216140434987503 2 3 2 3 0 1
2.3816678775503255 2 3 2 3 3 1
-1244.4457706964547 2 3 3 2 0 0
75.13374397423352 2 3 3 2 0 3
75.13374397423352 2 3 3 2 3 0
-1244.4457706964547 2 3 3 2 3 3
24007.978787693937 3 0 0 0 0 0
4523.020072276745 3 0 0 0 0 3
4523.020072276747 3 0 0 0 3 0
-115.56004967143622 3 0 0 0 3 3
-5908.10091905086 3 0 0 1 0 0
-2314.4353697659208 3 0 0 1 0 3
-2314.4353697659203 3 0 0 1 3 0
-5908.10091905086 3 0 0 1 3 3
4618.982112108059 3 0 0 3 0 0
-63.03532985987934 3 0 0 3 0 3
-63.03532985987916 3 0 0 3 3 0
-4319.778214314119 3 0 0 3 3 3
0.012665197964154417 3 0 1 0 0 1
0.00596763781620153 3 0 1 0 3 1
-0.003148172466107705 3 0 1 1 0 1
0.042527221844454226 3 0 1 1 3 1
-0.003148172466107705 3 0 1 2 0 2
0.04252722184445428 3 0 1 2 3 2
0.0059676378162015304 3 0 1 3 0 1
0.012665197964154416 3 0 1 3 3 1
7.583618171757904 3 0 2 0 0 2
3.394463963644501 3 0 2 0 3 2
2.3816678775503233 3 0 2 1 0 2
-113.97680731361568 3 0 2 1 3 2
-2.3816678775503233 3 0 2 2 0 1
113.97680731361568 3 0 2 2 3 1
3.3944639636445006 3 0 2 3 0 2
7.583618171757904 3 0 2 3 3 2
286.37738154454286 3 0 3 0 0 0
-88.19774497233358 3 0 3 0 0 3
-67.39941151355345 3 0 3 0 3 0
-6.620798871565721 3 0 3 0 3 3
-1257.5621685319434 3 0 3 1 0 0
164.80646267656772 3 0 3 1 0 3
164.80646267656775 3 0 3 1 3 0
-1257.5621685319434 3 0 3 1 3 3
-63.03532985987926 3 0 3 3 0 0
-9.240207088966924 3 0 3 3 0 3
1.433598083660686 3 0 3 3 3 0
38.17959249956322 3 0 3 3 3 3
0.012665197964154417 3 1 0 0 1 0
0.00596763781620153 3 1 0 0 1 3
-0.003148172466107704 3 1 0 1 1 0
0.04252722184445423 3 1 0 1 1 3
-0.003148172466107703 3 1 0 2 2 0
0.04252722184445427 3 1 0 2 2 3
0.005967637816201531 3 1 0 3 1 0
0.012665197964154419 3 1 0 3 1 3
0.007745987611375027 3 1 1 0 1 1
0.007745987611375027 3 1 1 0 2 2
0.00409489289834591 3 1 1 3 1 1
0.00409489289834591 3 1 1 3 2 2
10.399166729390014 3 1 2 0 1 2
-10.399166729390013 3 1 2 0 2 1
5.336902586313775 3 1 2 3 1 2
-5.336902586313776 3 1 2 3 2 1
-0.5883401099335301 3 1 3 0 1 0
0.012665197964154419 3 1 3 0 1 3
-0.00158646884023896 3 1 3 1 1 0
-0.003138311401130284 3 1 3 1 1 3
-0.0015864688402389602 3 1 3 2 2 0
-0.003138311401130284 3 1 3 2 2 3
0.012665197964154416 3 1 3 3 1 0
-0.5883401099335301 3 1 3 3 1 3
7.583618171757905 3 2 0 0 2 0
3.3944639636444993 3 2 0 0 2 3
2.381667877550326 3 2 0 1 2 0
-113.97680731361568 3 2 0 1 2 3
-2.381667877550326 3 2 0 2 1 0
113.97680731361568 3 2 0 2 1 3
3.3944639636444998 3 2 0 3 2 0
7.583618171757905 3 2 0 3 2 3
-10.399166729390013 3 2 1 0 1 2
10.399166729390013 3 2 1 0 2 1
-5.336902586313776 3 2 1 3 1 2
5.336902586313776 3 2 1 3 2 1
0.007745987611375027 3 2 2 0 1 1
0.007745987611375027 3 2 2 0 2 2
0.00409489289834591 3 2 2 3 1 1
0.00409489289834591 3 2 2 3 2 2
-211.05251719425334 3 2 3 0 2 0
7.583618171757905 3 2 3 0 2 3
1.216140434987503 3 2 3 1 2 0
2.9582646868471505 3 2 3 1 2 3
-1.216140434987503 3 2 3 2 1 0
-2.9582646868471505 3 2 3 2 1 3
7.583618171757905 3 2 3 3 2 0
-211.05251719425334 3 2 3 3 2 3
286.37738154454297 3 3 0 0 0 0
-67.3994115135534 3 3 0 0 0 3
-88.19774497233358 3 3 0 0 3 0
-6.62079887156572 3 3 0 0 3 3
-1257.5621685319434 3 3 0 1 0 0
164.80646267656772 3 3 0 1 0 3
164.80646267656772 3 3 0 1 3 0
-1257.5621685319434 3 3 0 1 3 3
-63.03532985987924 3 3 0 3 0 0
1.433598083660686 3 3 0 3 0 3
-9.240207088966947 3 3 0 3 3 0
38.17959249956317 3 3 0 3 3 3
-0.58834010993353 3 3 1 0 0 1
0.012665197964154409 3 3 1 0 3 1
-0.00158646884023896 3 3 1 1 0 1
-0.003138311401130288 3 3 1 1 3 1
-0.00158646884023896 3 3 1 2 0 2
-0.0031383114011302843 3 3 1 2 3 2
0.012665197964154409 3 3 1 3 0 1
-0.5883401099335298 3 3 1 3 3 1
-211.0525171942533 3 3 2 0 0 2
7.5836181717579 3 3 2 0 3 2
1.2161404349875033 3 3 2 1 0 2
2.95826468684715 3 3 2 1 3 2
-1.216140434987503 3 3 2 2 0 1
-2.95826468684715 3 3 2 2 3 1
7.5836181717579 3 3 2 3 0 2
-211.0525171942533 3 3 2 3 3 2
-12458.331610580988 3 3 3 0 0 0
-4147.391440509032 3 3 3 0 0 3
-4147.391440509033 3 3 3 0 3 0
64.77352125238956 3 3 3 0 3 3
68.1028727994925 3 3 3 1 0 0
29.608700817873522 3 3 3 1 0 3
29.608700817873522 3 3 3 1 3 0
68.1028727994925 3 3 3 1 3 3
-4319.778214314121 3 3 3 3 0 0
38.17959249956332 3 3 3 3 0 3
38.1795924995631 3 3 3 3 3 0
4709.267596898229 3 3 3 3 3 3
