-95.43579168617272 0 0 0 0 0 0
-0.00613701544422067 1 0 0 0 0 0
-0.0053687279782688585 1 1 0 3 1 3
-0.0053687279782688585 1 1 0 0 1 0
-0.009174196143733755 1 2 0 1 2 0
0.009174196143733755 1 2 0 2 1 0
-0.00613701544422067 1 3 3 0 0 0
0.059943591083431 1 3 3 3 3 0
0.247137428454417 1 3 3 3 3 3
0.059943591083431 1 3 3 3 0 3
0.024237535524368595 1 3 3 0 3 3
0.1091497262103243 1 3 0 3 3 3
-0.0053687279782688585 1 0 1 3 3 1
-0.0053687279782688585 1 0 1 0 0 1
-0.009174196143733755 1 0 2 1 0 2
0.009174196143733755 1 0 2 2 0 1
0.1091497262103243 1 0 3 3 3 3
0.059943591083431 1 0 0 3 3 0
0.247137428454417 1 0 0 3 3 3
0.059943591083431 1 0 0 3 0 3
0.024237535524368595 1 0 0 0 3 3
0.009174196143733755 2 1 0 1 2 0
-0.009174196143733755 2 1 0 2 1 0
-0.0053687279782688585 2 2 0 3 1 3
-0.0053687279782688585 2 2 0 0 1 0
-0.056201769125505785 2 3 3 2 0 0
-0.056201769125505785 2 3 3 2 3 3
0.009174196143733755 2 0 1 1 0 2
-0.009174196143733755 2 0 1 2 0 1
-0.0053687279782688585 2 0 2 3 3 1
-0.0053687279782688585 2 0 2 0 0 1
-0.056201769125505785 2 0 0 2 0 0
-0.056201769125505785 2 0 0 2 3 3
0.8198666977969057 3 0 0 0 0 0
-0.007343356142163472 3 2 3 3 2 3
-0.007343356142163472 3 2 3 0 2 0
-0.0053687279782688585 3 2 0 1 2 3
0.0053687279782688585 3 2 0 2 1 3
0.013204910245056212 3 3 0 0 0 0
-0.007343356142163472 3 3 2 3 3 2
-0.007343356142163472 3 3 2 0 0 2
-0.5190566928270234 3 3 3 0 0 0
-0.16312130993848648 3 3 3 3 0 0
0.17023292670166693 3 3 3 3 3 3
-0.15696643180218203 3 3 3 0 3 0
-0.15696643180218206 3 3 3 0 0 3
-0.059943591083431 3 3 0 1 0 0
-0.059943591083431 3 3 0 1 3 3
-0.0053687279782688585 3 0 2 1 3 2
0.0053687279782688585 3 0 2 2 3 1
0.013204910245056212 3 0 3 0 0 0
-0.059943591083431 3 0 3 1 0 0
-0.059943591083431 3 0 3 1 3 3
-0.24713742845441697 3 0 0 1 0 0
-0.1091497262103243 3 0 0 1 3 0
-0.24713742845441697 3 0 0 1 3 3
-0.1091497262103243 3 0 0 1 0 3
0.17174698181108422 3 0 0 3 0 0
-0.16312130993848648 3 0 0 3 3 3
0.17200218204880852 3 0 0 0 3 0
0.17200218204880852 3 0 0 0 0 3
-0.013442592524559718 0 1 2 0 1 2
0.013442592524559718 0 1 2 0 2 1
0.013442592524559718 0 2 1 0 1 2
-0.013442592524559718 0 2 1 0 2 1
-0.0053687279782688585 0 2 3 1 2 3
0.0053687279782688585 0 2 3 2 1 3
-0.007343356142163472 0 2 0 3 2 3
-0.007343356142163472 0 2 0 0 2 0
0.940591199344356 0 3 0 0 0 0
-0.0053687279782688585 0 3 2 1 3 2
0.0053687279782688585 0 3 2 2 3 1
0.10213108809575452 0 3 3 0 0 0
0.00613701544422067 0 3 3 1 0 0
0.00613701544422067 0 3 3 1 3 3
0.17200218204880852 0 3 0 3 0 0
-0.15696643180218203 0 3 0 3 3 3
0.24937840648241422 0 3 0 0 3 0
0.22249322143329492 0 3 0 0 0 3
-0.007343356142163472 0 0 2 3 3 2
-0.007343356142163472 0 0 2 0 0 2
0.9405911993443558 0 0 3 0 0 0
0.17200218204880852 0 0 3 3 0 0
-0.15696643180218206 0 0 3 3 3 3
0.22249322143329492 0 0 3 0 3 0
0.24937840648241416 0 0 3 0 0 3
-0.024237535524368595 0 0 0 1 0 0
-0.024237535524368595 0 0 0 1 3 3
0.8198666977969058 0 0 0 3 0 0
0.013204910245056212 0 0 0 3 3 0
-0.5190566928270237 0 0 0 3 3 3
0.013204910245056212 0 0 0 3 0 3
0.9405911993443562 0 0 0 0 3 0
0.10213108809575452 0 0 0 0 3 3
0.9405911993443558 0 0 0 0 0 3
