9155.75913474058 0 0 0 0 0 0
-1.3053457104790298 0 0 0 0 0 1
-125.15483601941315 0 0 0 0 0 3
-175.56028073326382 0 0 0 0 3 0
0.3717671202659396 0 0 0 0 3 1
-1.1622795804757835 0 0 0 0 3 3
-175.560280733264 0 0 0 3 0 0
0.3717671202659396 0 0 0 3 0 1
-1.1622795804758028 0 0 0 3 0 3
-25.58082738395983 0 0 0 3 3 0
-1.3053457104790298 0 0 0 3 3 1
108.10375774614113 0 0 0 3 3 3
-3.0947524360895264 0 0 1 0 0 0
0.000168511741095939 0 0 1 0 0 1
-58.45398939003561 0 0 1 0 0 3
0.036487936311479716 0 0 1 0 3 0
-14.242167743182273 0 0 1 0 3 3
0.03648793631147988 0 0 1 3 0 0
-14.242167743182273 0 0 1 3 0 3
1.3053457104790294 0 0 1 3 3 0
0.000168511741095939 0 0 1 3 3 1
0.44129077480586737 0 0 1 3 3 3
14.32443321918147 0 0 2 0 0 2
-0.4713611356114836 0 0 2 0 3 2
-0.4713611356114836 0 0 2 3 0 2
14.324433219181472 0 0 2 3 3 2
-125.15483601941311 0 0 3 0 0 0
-0.4412907748058673 0 0 3 0 0 1
-26.88925758051894 0 0 3 0 0 3
-27.016653169892173 0 0 3 0 3 0
-0.22135167670986175 0 0 3 0 3 1
0.03605722836661724 0 0 3 0 3 3
-27.01665316989218 0 0 3 3 0 0
-0.22135167670986172 0 0 3 3 0 1
0.036057228366617955 0 0 3 3 0 3
0.40195277832284904 0 0 3 3 3 0
-0.4412907748058673 0 0 3 3 3 1
26.982847330586917 0 0 3 3 3 3
0.0009380396552772653 0 1 0 0 1 0
-1.2713898776683488 0 1 0 0 1 1
-1.2713898776683488 0 1 0 0 2 2
0.015733958224800743 0 1 0 3 1 1
0.0009380396552772651 0 1 0 3 1 3
0.015733958224800743 0 1 0 3 2 2
0.0010104531226958428 0 1 1 0 1 1
0.0010104531226958428 0 1 1 0 2 2
1.3614435091960202 0 1 2 0 1 2
-0.007703252023284412 0 1 2 0 2 0
-1.3614435091960202 0 1 2 0 2 1
-0.015733958224800743 0 1 2 0 2 3
-0.017102190181871767 0 1 2 3 1 2
-0.015733958224800743 0 1 2 3 2 0
0.017102190181871767 0 1 2 3 2 1
-0.007703252023284412 0 1 2 3 2 3
0.016591925168069982 0 1 3 0 1 1
0.016591925168069982 0 1 3 0 2 2
0.007703252023284412 0 1 3 3 1 1
0.007703252023284412 0 1 3 3 2 2
0.0008355350853996849 0 2 0 0 1 2
1.2592567745063865 0 2 0 0 2 0
-0.0008355350853996849 0 2 0 0 2 1
-0.016688372419542123 0 2 0 0 2 3
-0.016688372419542123 0 2 0 3 2 0
1.2592567745063867 0 2 0 3 2 3
-1.3614435091960204 0 2 1 0 1 2
0.007703252023284412 0 2 1 0 2 0
1.3614435091960204 0 2 1 0 2 1
0.015733958224800743 0 2 1 0 2 3
0.017102190181871767 0 2 1 3 1 2
0.015733958224800743 0 2 1 3 2 0
-0.017102190181871767 0 2 1 3 2 1
0.007703252023284412 0 2 1 3 2 3
0.001010453122695843 0 2 2 0 1 1
0.0010104531226958426 0 2 2 0 2 2
-0.016688372419542123 0 2 3 0 2 0
-0.007732206679966621 0 2 3 0 2 3
-0.007732206679966621 0 2 3 3 2 0
-0.016688372419542123 0 2 3 3 2 3
-175.5602807332638 0 3 0 0 0 0
-0.036487936311479875 0 3 0 0 0 1
-27.01665316989217 0 3 0 0 0 3
-45.77347045855186 0 3 0 0 3 0
-0.013575630648754333 0 3 0 0 3 1
0.10228893811006305 0 3 0 0 3 3
-40.6149271149254 0 3 0 3 0 0
-0.013575630648754326 0 3 0 3 0 1
0.0363153614972852 0 3 0 3 0 3
0.8816779351022672 0 3 0 3 3 0
-0.036487936311479875 0 3 0 3 3 1
25.764092284881666 0 3 0 3 3 3
0.4430270590023607 0 3 1 0 0 0
-26.145829833520345 0 3 1 0 0 3
0.013575630648754283 0 3 1 0 3 0
0.8520421929502664 0 3 1 0 3 3
0.013575630648754337 0 3 1 3 0 0
0.8520421929502667 0 3 1 3 0 3
-0.37176712026593967 0 3 1 3 3 0
0.22135167670986172 0 3 1 3 3 3
-0.4713611356114836 0 3 2 0 0 2
-0.23586578009265827 0 3 2 0 3 2
-0.23586578009265824 0 3 2 3 0 2
-0.4713611356114836 0 3 2 3 3 2
-1.1622795804757857 0 3 3 0 0 0
14.242167743182275 0 3 3 0 0 1
0.03605722836661727 0 3 3 0 0 3
0.10228893811006294 0 3 3 0 3 0
-0.8520421929502667 0 3 3 0 3 1
0.01725699095460086 0 3 3 0 3 3
0.0363153614972845 0 3 3 3 0 0
-0.8520421929502667 0 3 3 3 0 1
-0.014674465641831998 0 3 3 3 0 3
0.012715224833717422 0 3 3 3 3 0
14.242167743182275 0 3 3 3 3 1
-0.029250633477249176 0 3 3 3 3 3
0.0009380396552772666 1 0 0 1 0 0
-1.2713898776683488 1 0 0 1 0 1
0.01573395822480073 1 0 0 1 3 1
0.0009380396552772668 1 0 0 1 3 3
-1.2713898776683488 1 0 0 2 0 2
0.01573395822480073 1 0 0 2 3 2
0.001010453122695843 1 0 1 1 0 1
0.001010453122695843 1 0 1 2 0 2
1.3614435091960209 1 0 2 1 0 2
-0.017102190181871757 1 0 2 1 3 2
-0.007703252023284411 1 0 2 2 0 0
-1.3614435091960209 1 0 2 2 0 1
-0.01573395822480073 1 0 2 2 0 3
-0.01573395822480073 1 0 2 2 3 0
0.017102190181871757 1 0 2 2 3 1
-0.007703252023284411 1 0 2 2 3 3
0.01659192516806997 1 0 3 1 0 1
0.007703252023284412 1 0 3 1 3 1
0.01659192516806997 1 0 3 2 0 2
0.007703252023284412 1 0 3 2 3 2
0.0018080456406063831 1 1 0 1 1 0
0.0018080456406063831 1 1 0 2 2 0
2.579271671813227 1 2 0 1 2 0
-0.03298678830638928 1 2 0 1 2 3
-2.579271671813227 1 2 0 2 1 0
0.03298678830638928 1 2 0 2 1 3
-0.03298678830638928 1 2 3 1 2 0
-0.015965728298216398 1 2 3 1 2 3
0.03298678830638928 1 2 3 2 1 0
0.015965728298216398 1 2 3 2 1 3
0.01659192516806997 1 3 0 1 0 1
0.0077032520232844124 1 3 0 1 3 1
0.01659192516806997 1 3 0 2 0 2
0.0077032520232844124 1 3 0 2 3 2
-0.0008355350853996846 1 3 1 1 0 3
-0.0008355350853996846 1 3 1 1 3 0
-0.017102190181871757 1 3 2 1 0 2
-0.008469587891344001 1 3 2 1 3 2
-0.01659192516806997 1 3 2 2 0 0
0.017102190181871757 1 3 2 2 0 1
1.2713898776683488 1 3 2 2 0 3
1.2713898776683488 1 3 2 2 3 0
0.008469587891344003 1 3 2 2 3 1
-0.01659192516806997 1 3 2 2 3 3
0.0009380396552772665 1 3 3 1 0 0
-1.2713898776683488 1 3 3 1 0 1
0.01573395822480073 1 3 3 1 3 1
0.0009380396552772665 1 3 3 1 3 3
-1.2713898776683488 1 3 3 2 0 2
0.01573395822480073 1 3 3 2 3 2
0.0008355350853996845 2 0 0 1 0 2
1.2592567745063874 2 0 0 2 0 0
-0.0008355350853996849 2 0 0 2 0 1
-0.016688372419542116 2 0 0 2 0 3
-0.016688372419542116 2 0 0 2 3 0
1.2592567745063872 2 0 0 2 3 3
-1.3614435091960206 2 0 1 1 0 2
0.017102190181871757 2 0 1 1 3 2
0.00770325202328441 2 0 1 2 0 0
1.3614435091960206 2 0 1 2 0 1
0.01573395822480073 2 0 1 2 0 3
0.01573395822480073 2 0 1 2 3 0
-0.017102190181871757 2 0 1 2 3 1
0.00770325202328441 2 0 1 2 3 3
0.001010453122695843 2 0 2 1 0 1
0.001010453122695843 2 0 2 2 0 2
-0.016688372419542116 2 0 3 2 0 0
-0.007732206679966622 2 0 3 2 0 3
-0.007732206679966622 2 0 3 2 3 0
-0.016688372419542116 2 0 3 2 3 3
-2.579271671813227 2 1 0 1 2 0
0.03298678830638928 2 1 0 1 2 3
2.579271671813227 2 1 0 2 1 0
-0.03298678830638928 2 1 0 2 1 3
0.03298678830638928 2 1 3 1 2 0
0.0159657282982164 2 1 3 1 2 3
-0.03298678830638928 2 1 3 2 1 0
-0.0159657282982164 2 1 3 2 1 3
0.0018080456406063834 2 2 0 1 1 0
0.0018080456406063834 2 2 0 2 2 0
-0.016688372419542116 2 3 0 2 0 0
-0.0077322066799666205 2 3 0 2 0 3
-0.0077322066799666205 2 3 0 2 3 0
-0.016688372419542116 2 3 0 2 3 3
0.017102190181871757 2 3 1 1 0 2
0.008469587891344001 2 3 1 1 3 2
0.01659192516806997 2 3 1 2 0 0
-0.017102190181871757 2 3 1 2 0 1
-1.2713898776683485 2 3 1 2 0 3
-1.2713898776683485 2 3 1 2 3 0
-0.008469587891344001 2 3 1 2 3 1
0.01659192516806997 2 3 1 2 3 3
-0.0008355350853996849 2 3 2 1 0 3
-0.0008355350853996845 2 3 2 1 3 0
0.0008355350853996849 2 3 3 1 0 2
1.2592567745063874 2 3 3 2 0 0
-0.0008355350853996849 2 3 3 2 0 1
-0.016688372419542116 2 3 3 2 0 3
-0.016688372419542116 2 3 3 2 3 0
1.2592567745063874 2 3 3 2 3 3
-175.5602807332639 3 0 0 0 0 0
-0.036487936311479716 3 0 0 0 0 1
-27.01665316989218 3 0 0 0 0 3
-40.61492711492539 3 0 0 0 3 0
-0.013575630648754286 3 0 0 0 3 1
0.03631536149728444 3 0 0 0 3 3
-45.77347045855187 3 0 0 3 0 0
-0.013575630648754283 3 0 0 3 0 1
0.10228893811006408 3 0 0 3 0 3
0.8816779351022677 3 0 0 3 3 0
-0.036487936311479716 3 0 0 3 3 1
25.764092284881666 3 0 0 3 3 3
0.4430270590023607 3 0 1 0 0 0
-26.145829833520352 3 0 1 0 0 3
0.013575630648754283 3 0 1 0 3 0
0.8520421929502664 3 0 1 0 3 3
0.013575630648754333 3 0 1 3 0 0
0.852042192950267 3 0 1 3 0 3
-0.37176712026593967 3 0 1 3 3 0
0.22135167670986172 3 0 1 3 3 3
-0.47136113561148363 3 0 2 0 0 2
-0.23586578009265824 3 0 2 0 3 2
-0.23586578009265827 3 0 2 3 0 2
-0.47136113561148363 3 0 2 3 3 2
-1.1622795804758037 3 0 3 0 0 0
14.242167743182272 3 0 3 0 0 1
0.036057228366617955 3 0 3 0 0 3
0.03631536149728524 3 0 3 0 3 0
-0.8520421929502664 3 0 3 0 3 1
-0.014674465641831991 3 0 3 0 3 3
0.1022889381100641 3 0 3 3 0 0
-0.8520421929502664 3 0 3 3 0 1
0.017256990954600933 3 0 3 3 0 3
0.012715224833717523 3 0 3 3 3 0
14.242167743182272 3 0 3 3 3 1
-0.02925063347724982 3 0 3 3 3 3
0.016591925168069982 3 1 0 0 1 1
0.016591925168069982 3 1 0 0 2 2
0.0077032520232844124 3 1 0 3 1 1
0.0077032520232844124 3 1 0 3 2 2
-0.0008355350853996846 3 1 1 0 1 3
-0.000835535085399685 3 1 1 3 1 0
-0.017102190181871764 3 1 2 0 1 2
-0.016591925168069982 3 1 2 0 2 0
0.017102190181871764 3 1 2 0 2 1
1.2713898776683488 3 1 2 0 2 3
-0.008469587891344001 3 1 2 3 1 2
1.2713898776683488 3 1 2 3 2 0
0.008469587891344 3 1 2 3 2 1
-0.016591925168069982 3 1 2 3 2 3
0.0009380396552772653 3 1 3 0 1 0
-1.2713898776683488 3 1 3 0 1 1
-1.2713898776683488 3 1 3 0 2 2
0.01573395822480074 3 1 3 3 1 1
0.0009380396552772653 3 1 3 3 1 3
0.01573395822480074 3 1 3 3 2 2
-0.016688372419542123 3 2 0 0 2 0
-0.0077322066799666205 3 2 0 0 2 3
-0.0077322066799666205 3 2 0 3 2 0
-0.016688372419542123 3 2 0 3 2 3
0.017102190181871764 3 2 1 0 1 2
0.016591925168069982 3 2 1 0 2 0
-0.017102190181871764 3 2 1 0 2 1
-1.2713898776683488 3 2 1 0 2 3
0.008469587891344 3 2 1 3 1 2
-1.2713898776683488 3 2 1 3 2 0
-0.008469587891344001 3 2 1 3 2 1
0.016591925168069982 3 2 1 3 2 3
-0.0008355350853996844 3 2 2 0 1 3
-0.0008355350853996848 3 2 2 3 1 0
0.0008355350853996847 3 2 3 0 1 2
1.2592567745063872 3 2 3 0 2 0
-0.0008355350853996847 3 2 3 0 2 1
-0.016688372419542123 3 2 3 0 2 3
-0.016688372419542123 3 2 3 3 2 0
1.2592567745063872 3 2 3 3 2 3
-25.58082738395982 3 3 0 0 0 0
3.0947524360895264 3 3 0 0 0 1
0.40195277832284904 3 3 0 0 0 3
0.8816779351022674 3 3 0 0 3 0
-0.4430270590023608 3 3 0 0 3 1
0.012715224833717433 3 3 0 0 3 3
0.8816779351022679 3 3 0 3 0 0
-0.4430270590023608 3 3 0 3 0 1
0.012715224833717531 3 3 0 3 0 3
0.25408391316115986 3 3 0 3 3 0
3.0947524360895264 3 3 0 3 3 1
-0.33404149605031835 3 3 0 3 3 3
-3.0947524360895264 3 3 1 0 0 0
0.00016851174109594073 3 3 1 0 0 1
-58.453989390035616 3 3 1 0 0 3
0.036487936311479716 3 3 1 0 3 0
-14.242167743182273 3 3 1 0 3 3
0.03648793631147988 3 3 1 3 0 0
-14.242167743182272 3 3 1 3 0 3
1.3053457104790291 3 3 1 3 3 0
0.00016851174109594073 3 3 1 3 3 1
0.44129077480586737 3 3 1 3 3 3
14.324433219181472 3 3 2 0 0 2
-0.4713611356114836 3 3 2 0 3 2
-0.4713611356114836 3 3 2 3 0 2
14.324433219181474 3 3 2 3 3 2
108.10375774614113 3 3 3 0 0 0
58.45398939003562 3 3 3 0 0 1
26.982847330586925 3 3 3 0 0 3
25.76409228488167 3 3 3 0 3 0
26.14582983352035 3 3 3 0 3 1
-0.029250633477249197 3 3 3 0 3 3
25.76409228488167 3 3 3 3 0 0
26.145829833520352 3 3 3 3 0 1
-0.02925063347724982 3 3 3 3 0 3
-0.33404149605031835 3 3 3 3 3 0
58.45398939003563 3 3 3 3 3 1
-27.491287299279715 3 3 3 3 3 3
