-876922.6631716639 0 0 0 0 0 0
127.51263060988553 0 0 0 0 0 1
17851.470689967453 0 0 0 0 0 3
24952.352107632843 0 0 0 0 3 0
-104.37776846355534 0 0 0 0 3 1
141.95276820526558 0 0 0 0 3 3
24952.35210763287 0 0 0 3 0 0
-104.37776846355534 0 0 0 3 0 1
141.95276820526814 0 0 0 3 0 3
3476.1572868701924 0 0 0 3 3 0
127.51263060988555 0 0 0 3 3 1
-15419.260446117654 0 0 0 3 3 3
374.96161431193724 0 0 1 0 0 0
-0.047534044037002995 0 0 1 0 0 1
8247.218969445477 0 0 1 0 0 3
-10.122091994138875 0 0 1 0 3 0
0.0010530978861410878 0 0 1 0 3 1
1935.3080499528442 0 0 1 0 3 3
-10.122091994138916 0 0 1 3 0 0
0.0010530978861410878 0 0 1 3 0 1
1935.3080499528444 0 0 1 3 0 3
-127.51263060988555 0 0 1 3 3 0
-0.04753404403700344 0 0 1 3 3 1
-122.65019670306009 0 0 1 3 3 3
-2012.9899999561092 0 0 2 0 0 2
131.2693773728839 0 0 2 0 3 2
131.2693773728839 0 0 2 3 0 2
-2012.9899999561092 0 0 2 3 3 2
17851.470689967453 0 0 3 0 0 0
122.65019670306005 0 0 3 0 0 1
3745.4189821144714 0 0 3 0 0 3
3701.8495185528536 0 0 3 0 3 0
58.852568541254364 0 0 3 0 3 1
-9.98135171589468 0 0 3 0 3 3
3701.849518552855 0 0 3 3 0 0
58.852568541254364 0 0 3 3 0 1
-9.981351715894897 0 0 3 3 0 3
-112.35418010793623 0 0 3 3 3 0
122.65019670306005 0 0 3 3 3 1
-3776.6701391303727 0 0 3 3 3 3
-0.26972606955098744 0 1 0 0 1 0
183.05269934057935 0 1 0 0 1 1
0.0037302510885117456 0 1 0 0 1 3
183.05269934057935 0 1 0 0 2 2
0.0037302510885117456 0 1 0 3 1 0
-4.500854750630769 0 1 0 3 1 1
-0.2697260695509875 0 1 0 3 1 3
-4.5008547506307695 0 1 0 3 2 2
-0.0013741442296342353 0 1 1 0 1 0
-0.2906155009321286 0 1 1 0 1 1
-0.0028223437443105634 0 1 1 0 1 3
-0.2906155009321287 0 1 1 0 2 2
-0.002822343744310567 0 1 1 3 1 0
0.0038504560021656547 0 1 1 3 1 1
-0.0013741442296342362 0 1 1 3 1 3
0.0038504560021656547 0 1 1 3 2 2
-195.9887232616709 0 1 2 0 1 2
2.1587065311165814 0 1 2 0 2 0
195.98872326167088 0 1 2 0 2 1
4.500854750630768 0 1 2 0 2 3
4.89143280049347 0 1 2 3 1 2
4.500854750630769 0 1 2 3 2 0
-4.89143280049347 0 1 2 3 2 1
2.158706531116581 0 1 2 3 2 3
0.0037302510885117487 0 1 3 0 1 0
-4.74874748851305 0 1 3 0 1 1
0.0017755070133885786 0 1 3 0 1 3
-4.74874748851305 0 1 3 0 2 2
0.001775507013388579 0 1 3 3 1 0
-2.158706531116581 0 1 3 3 1 1
0.003730251088511747 0 1 3 3 1 3
-2.158706531116581 0 1 3 3 2 2
-0.24073105010831983 0 2 0 0 1 2
-181.274992462928 0 2 0 0 2 0
0.24073105010831983 0 2 0 0 2 1
4.772613884665491 0 2 0 0 2 3
0.0028223437443105634 0 2 0 3 1 2
4.772613884665491 0 2 0 3 2 0
-0.0028223437443105634 0 2 0 3 2 1
-181.27499246292803 0 2 0 3 2 3
195.98872326167094 0 2 1 0 1 2
-2.1587065311165814 0 2 1 0 2 0
-195.98872326167094 0 2 1 0 2 1
-4.500854750630769 0 2 1 0 2 3
-4.89143280049347 0 2 1 3 1 2
-4.5008547506307695 0 2 1 3 2 0
4.89143280049347 0 2 1 3 2 1
-2.1587065311165814 0 2 1 3 2 3
-0.001374144229634237 0 2 2 0 1 0
-0.2906155009321287 0 2 2 0 1 1
-0.002822343744310564 0 2 2 0 1 3
-0.29061550093212857 0 2 2 0 2 2
-0.002822343744310564 0 2 2 3 1 0
0.003850456002165655 0 2 2 3 1 1
-0.001374144229634237 0 2 2 3 1 3
0.0038504560021656543 0 2 2 3 2 2
0.002933771420085897 0 2 3 0 1 2
4.772613884665491 0 2 3 0 2 0
-0.002933771420085897 0 2 3 0 2 1
2.161248382374001 0 2 3 0 2 3
0.0013741442296342377 0 2 3 3 1 2
2.161248382374001 0 2 3 3 2 0
-0.0013741442296342377 0 2 3 3 2 1
4.772613884665491 0 2 3 3 2 3
24952.352107632832 0 3 0 0 0 0
10.122091994138914 0 3 0 0 0 1
3701.8495185528527 0 3 0 0 0 3
6299.911600754869 0 3 0 0 3 0
3.4870849459303965 0 3 0 0 3 1
-28.647324024306723 0 3 0 0 3 3
5557.300624511671 0 3 0 3 0 0
3.4870849459303956 0 3 0 3 0 1
-9.777030145217415 0 3 0 3 0 3
-246.31284650774194 0 3 0 3 3 0
10.122091994138916 0 3 0 3 3 1
-3548.1869112225063 0 3 0 3 3 3
-124.12594412071701 0 3 1 0 0 0
0.0010530978861410815 0 3 1 0 0 1
3558.561646314875 0 3 1 0 0 3
-3.4870849459303837 0 3 1 0 3 0
0.0005819431127185523 0 3 1 0 3 1
-237.86890871553038 0 3 1 0 3 3
-3.4870849459303943 0 3 1 3 0 0
0.0005819431127185392 0 3 1 3 0 1
-237.8689087155305 0 3 1 3 0 3
104.37776846355534 0 3 1 3 3 0
0.001053097886141082 0 3 1 3 3 1
-58.85256854125437 0 3 1 3 3 3
131.26937737288395 0 3 2 0 0 2
62.934241570208876 0 3 2 0 3 2
62.93424157020886 0 3 2 3 0 2
131.26937737288395 0 3 2 3 3 2
141.95276820526578 0 3 3 0 0 0
-1935.3080499528444 0 3 3 0 0 1
-9.981351715894698 0 3 3 0 0 3
-28.647324024306716 0 3 3 0 3 0
237.86890871553047 0 3 3 0 3 1
-4.8045758271557855 0 3 3 0 3 3
-9.777030145217203 0 3 3 3 0 0
237.86890871553047 0 3 3 3 0 1
4.142774511164228 0 3 3 3 0 3
-3.2390734191936428 0 3 3 3 3 0
-1935.3080499528442 0 3 3 3 3 1
8.105004515010059 0 3 3 3 3 3
-0.269726069550988 1 0 0 1 0 0
183.05269934057932 1 0 0 1 0 1
0.003730251088511753 1 0 0 1 0 3
0.003730251088511753 1 0 0 1 3 0
-4.500854750630766 1 0 0 1 3 1
-0.26972606955098793 1 0 0 1 3 3
183.05269934057935 1 0 0 2 0 2
-4.500854750630766 1 0 0 2 3 2
-0.0013741442296342395 1 0 1 1 0 0
-0.2906155009321285 1 0 1 1 0 1
-0.002822343744310559 1 0 1 1 0 3
-0.002822343744310559 1 0 1 1 3 0
0.003850456002165655 1 0 1 1 3 1
-0.0013741442296342382 1 0 1 1 3 3
-0.2906155009321285 1 0 1 2 0 2
0.003850456002165654 1 0 1 2 3 2
-195.988723261671 1 0 2 1 0 2
4.891432800493468 1 0 2 1 3 2
2.158706531116581 1 0 2 2 0 0
195.988723261671 1 0 2 2 0 1
4.500854750630765 1 0 2 2 0 3
4.500854750630765 1 0 2 2 3 0
-4.891432800493468 1 0 2 2 3 1
2.158706531116581 1 0 2 2 3 3
0.0037302510885117547 1 0 3 1 0 0
-4.748747488513048 1 0 3 1 0 1
0.0017755070133885823 1 0 3 1 0 3
0.0017755070133885827 1 0 3 1 3 0
-2.1587065311165814 1 0 3 1 3 1
0.0037302510885117547 1 0 3 1 3 3
-4.748747488513048 1 0 3 2 0 2
-2.158706531116582 1 0 3 2 3 2
-0.5203772971390264 1 1 0 1 1 0
0.006655895820828934 1 1 0 1 1 3
-0.5203772971390264 1 1 0 2 2 0
0.006655895820828934 1 1 0 2 2 3
0.006655895820828932 1 1 3 1 1 0
0.003240925509173749 1 1 3 1 1 3
0.006655895820828929 1 1 3 2 2 0
0.0032409255091737487 1 1 3 2 2 3
-371.3054881216005 1 2 0 1 2 0
9.43514693954474 1 2 0 1 2 3
371.3054881216005 1 2 0 2 1 0
-9.43514693954474 1 2 0 2 1 3
9.43514693954474 1 2 3 1 2 0
4.473675169159995 1 2 3 1 2 3
-9.43514693954474 1 2 3 2 1 0
-4.473675169159995 1 2 3 2 1 3
0.003730251088511753 1 3 0 1 0 0
-4.748747488513047 1 3 0 1 0 1
0.001775507013388584 1 3 0 1 0 3
0.0017755070133885845 1 3 0 1 3 0
-2.1587065311165814 1 3 0 1 3 1
0.003730251088511753 1 3 0 1 3 3
-4.748747488513047 1 3 0 2 0 2
-2.158706531116581 1 3 0 2 3 2
-0.002933771420085894 1 3 1 1 0 0
0.003850456002165655 1 3 1 1 0 1
0.24073105010831963 1 3 1 1 0 3
0.24073105010831963 1 3 1 1 3 0
0.0019090648642929211 1 3 1 1 3 1
-0.002933771420085894 1 3 1 1 3 3
0.003850456002165655 1 3 1 2 0 2
0.0019090648642929202 1 3 1 2 3 2
4.891432800493468 1 3 2 1 0 2
2.375407138669668 1 3 2 1 3 2
4.7487474885130485 1 3 2 2 0 0
-4.891432800493467 1 3 2 2 0 1
-183.05269934057932 1 3 2 2 0 3
-183.05269934057935 1 3 2 2 3 0
-2.375407138669668 1 3 2 2 3 1
4.748747488513048 1 3 2 2 3 3
-0.2697260695509878 1 3 3 1 0 0
183.05269934057935 1 3 3 1 0 1
0.0037302510885117526 1 3 3 1 0 3
0.0037302510885117526 1 3 3 1 3 0
-4.500854750630765 1 3 3 1 3 1
-0.269726069550988 1 3 3 1 3 3
183.05269934057935 1 3 3 2 0 2
-4.500854750630766 1 3 3 2 3 2
-0.24073105010831955 2 0 0 1 0 2
0.0028223437443105587 2 0 0 1 3 2
-181.2749924629281 2 0 0 2 0 0
0.2407310501083196 2 0 0 2 0 1
4.772613884665488 2 0 0 2 0 3
4.772613884665489 2 0 0 2 3 0
-0.0028223437443105604 2 0 0 2 3 1
-181.2749924629281 2 0 0 2 3 3
195.988723261671 2 0 1 1 0 2
-4.891432800493468 2 0 1 1 3 2
-2.158706531116581 2 0 1 2 0 0
-195.988723261671 2 0 1 2 0 1
-4.500854750630765 2 0 1 2 0 3
-4.500854750630764 2 0 1 2 3 0
4.891432800493468 2 0 1 2 3 1
-2.1587065311165814 2 0 1 2 3 3
-0.0013741442296342386 2 0 2 1 0 0
-0.29061550093212857 2 0 2 1 0 1
-0.002822343744310561 2 0 2 1 0 3
-0.002822343744310561 2 0 2 1 3 0
0.0038504560021656534 2 0 2 1 3 1
-0.001374144229634239 2 0 2 1 3 3
-0.29061550093212857 2 0 2 2 0 2
0.003850456002165655 2 0 2 2 3 2
0.002933771420085897 2 0 3 1 0 2
0.0013741442296342375 2 0 3 1 3 2
4.772613884665489 2 0 3 2 0 0
-0.002933771420085897 2 0 3 2 0 1
2.1612483823740005 2 0 3 2 0 3
2.161248382374001 2 0 3 2 3 0
-0.0013741442296342375 2 0 3 2 3 1
4.772613884665489 2 0 3 2 3 3
371.3054881216005 2 1 0 1 2 0
-9.435146939544742 2 1 0 1 2 3
-371.30548812160055 2 1 0 2 1 0
9.435146939544742 2 1 0 2 1 3
-9.43514693954474 2 1 3 1 2 0
-4.473675169159996 2 1 3 1 2 3
9.43514693954474 2 1 3 2 1 0
4.473675169159996 2 1 3 2 1 3
-0.5203772971390265 2 2 0 1 1 0
0.006655895820828934 2 2 0 1 1 3
-0.5203772971390264 2 2 0 2 2 0
0.006655895820828934 2 2 0 2 2 3
0.006655895820828929 2 2 3 1 1 0
0.0032409255091737487 2 2 3 1 1 3
0.006655895820828932 2 2 3 2 2 0
0.003240925509173749 2 2 3 2 2 3
0.002933771420085896 2 3 0 1 0 2
0.0013741442296342366 2 3 0 1 3 2
4.772613884665488 2 3 0 2 0 0
-0.002933771420085898 2 3 0 2 0 1
2.161248382374001 2 3 0 2 0 3
2.161248382374001 2 3 0 2 3 0
-0.0013741442296342375 2 3 0 2 3 1
4.772613884665488 2 3 0 2 3 3
-4.891432800493469 2 3 1 1 0 2
-2.375407138669668 2 3 1 1 3 2
-4.748747488513047 2 3 1 2 0 0
4.891432800493468 2 3 1 2 0 1
183.05269934057932 2 3 1 2 0 3
183.05269934057932 2 3 1 2 3 0
2.375407138669668 2 3 1 2 3 1
-4.748747488513047 2 3 1 2 3 3
-0.002933771420085894 2 3 2 1 0 0
0.0038504560021656517 2 3 2 1 0 1
0.24073105010831966 2 3 2 1 0 3
0.2407310501083196 2 3 2 1 3 0
0.0019090648642929211 2 3 2 1 3 1
-0.002933771420085894 2 3 2 1 3 3
0.0038504560021656517 2 3 2 2 0 2
0.0019090648642929194 2 3 2 2 3 2
-0.24073105010831972 2 3 3 1 0 2
0.0028223437443105604 2 3 3 1 3 2
-181.2749924629281 2 3 3 2 0 0
0.24073105010831966 2 3 3 2 0 1
4.772613884665489 2 3 3 2 0 3
4.772613884665489 2 3 3 2 3 0
-0.0028223437443105595 2 3 3 2 3 1
-181.2749924629281 2 3 3 2 3 3
24952.352107632854 3 0 0 0 0 0
10.12209199413887 3 0 0 0 0 1
3701.849518552854 3 0 0 0 0 3
5557.300624511671 3 0 0 0 3 0
3.4870849459303814 3 0 0 0 3 1
-9.777030145217214 3 0 0 0 3 3
6299.911600754869 3 0 0 3 0 0
3.4870849459303814 3 0 0 3 0 1
-28.647324024306997 3 0 0 3 0 3
-246.31284650774202 3 0 0 3 3 0
10.12209199413887 3 0 0 3 3 1
-3548.1869112225054 3 0 0 3 3 3
-124.12594412071702 3 0 1 0 0 0
0.0010530978861410783 3 0 1 0 0 1
3558.5616463148754 3 0 1 0 0 3
-3.4870849459303845 3 0 1 0 3 0
0.0005819431127185485 3 0 1 0 3 1
-237.86890871553038 3 0 1 0 3 3
-3.4870849459303943 3 0 1 3 0 0
0.0005819431127185601 3 0 1 3 0 1
-237.8689087155305 3 0 1 3 0 3
104.37776846355536 3 0 1 3 3 0
0.0010530978861410787 3 0 1 3 3 1
-58.852568541254364 3 0 1 3 3 3
131.26937737288395 3 0 2 0 0 2
62.93424157020886 3 0 2 0 3 2
62.934241570208876 3 0 2 3 0 2
131.26937737288395 3 0 2 3 3 2
141.9527682052683 3 0 3 0 0 0
-1935.3080499528437 3 0 3 0 0 1
-9.981351715894885 3 0 3 0 0 3
-9.777030145217394 3 0 3 0 3 0
237.86890871553038 3 0 3 0 3 1
4.142774511164225 3 0 3 0 3 3
-28.64732402430696 3 0 3 3 0 0
237.86890871553038 3 0 3 3 0 1
-4.804575827155801 3 0 3 3 0 3
-3.2390734191936557 3 0 3 3 3 0
-1935.3080499528437 3 0 3 3 3 1
8.105004515010231 3 0 3 3 3 3
0.003730251088511748 3 1 0 0 1 0
-4.748747488513049 3 1 0 0 1 1
0.0017755070133885777 3 1 0 0 1 3
-4.748747488513049 3 1 0 0 2 2
0.001775507013388579 3 1 0 3 1 0
-2.158706531116582 3 1 0 3 1 1
0.003730251088511748 3 1 0 3 1 3
-2.1587065311165814 3 1 0 3 2 2
-0.0029337714200858935 3 1 1 0 1 0
0.0038504560021656565 3 1 1 0 1 1
0.24073105010831966 3 1 1 0 1 3
0.0038504560021656547 3 1 1 0 2 2
0.24073105010831974 3 1 1 3 1 0
0.0019090648642929187 3 1 1 3 1 1
-0.0029337714200858935 3 1 1 3 1 3
0.0019090648642929187 3 1 1 3 2 2
4.891432800493471 3 1 2 0 1 2
4.74874748851305 3 1 2 0 2 0
-4.891432800493471 3 1 2 0 2 1
-183.05269934057932 3 1 2 0 2 3
2.375407138669668 3 1 2 3 1 2
-183.05269934057935 3 1 2 3 2 0
-2.3754071386696674 3 1 2 3 2 1
4.74874748851305 3 1 2 3 2 3
-0.26972606955098755 3 1 3 0 1 0
183.05269934057935 3 1 3 0 1 1
0.003730251088511745 3 1 3 0 1 3
183.05269934057935 3 1 3 0 2 2
0.003730251088511745 3 1 3 3 1 0
-4.500854750630769 3 1 3 3 1 1
-0.2697260695509875 3 1 3 3 1 3
-4.5008547506307695 3 1 3 3 2 2
0.002933771420085897 3 2 0 0 1 2
4.77261388466549 3 2 0 0 2 0
-0.002933771420085897 3 2 0 0 2 1
2.161248382374001 3 2 0 0 2 3
0.0013741442296342351 3 2 0 3 1 2
2.1612483823740005 3 2 0 3 2 0
-0.0013741442296342343 3 2 0 3 2 1
4.772613884665491 3 2 0 3 2 3
-4.891432800493471 3 2 1 0 1 2
-4.748747488513049 3 2 1 0 2 0
4.891432800493471 3 2 1 0 2 1
183.05269934057935 3 2 1 0 2 3
-2.3754071386696674 3 2 1 3 1 2
183.05269934057935 3 2 1 3 2 0
2.375407138669667 3 2 1 3 2 1
-4.748747488513049 3 2 1 3 2 3
-0.002933771420085894 3 2 2 0 1 0
0.0038504560021656547 3 2 2 0 1 1
0.24073105010831974 3 2 2 0 1 3
0.0038504560021656547 3 2 2 0 2 2
0.24073105010831977 3 2 2 3 1 0
0.0019090648642929179 3 2 2 3 1 1
-0.002933771420085895 3 2 2 3 1 3
0.0019090648642929187 3 2 2 3 2 2
-0.24073105010831983 3 2 3 0 1 2
-181.2749924629281 3 2 3 0 2 0
0.2407310501083198 3 2 3 0 2 1
4.772613884665492 3 2 3 0 2 3
0.002822343744310562 3 2 3 3 1 2
4.77261388466549 3 2 3 3 2 0
-0.002822343744310562 3 2 3 3 2 1
-181.2749924629281 3 2 3 3 2 3
3476.1572868701933 3 3 0 0 0 0
-374.9616143119372 3 3 0 0 0 1
-112.35418010793619 3 3 0 0 0 3
-246.31284650774194 3 3 0 0 3 0
124.12594412071701 3 3 0 0 3 1
-3.239073419193638 3 3 0 0 3 3
-246.31284650774202 3 3 0 3 0 0
124.12594412071701 3 3 0 3 0 1
-3.2390734191936583 3 3 0 3 0 3
-68.00470983714466 3 3 0 3 3 0
-374.9616143119372 3 3 0 3 3 1
93.57225475957912 3 3 0 3 3 3
374.9616143119372 3 3 1 0 0 0
-0.047534044037003606 3 3 1 0 0 1
8247.218969445477 3 3 1 0 0 3
-10.122091994138877 3 3 1 0 3 0
0.0010530978861410922 3 3 1 0 3 1
1935.308049952844 3 3 1 0 3 3
-10.122091994138914 3 3 1 3 0 0
0.0010530978861410922 3 3 1 3 0 1
1935.308049952844 3 3 1 3 0 3
-127.51263060988552 3 3 1 3 3 0
-0.04753404403700316 3 3 1 3 3 1
-122.65019670306009 3 3 1 3 3 3
-2012.9899999561092 3 3 2 0 0 2
131.2693773728839 3 3 2 0 3 2
131.26937737288387 3 3 2 3 0 2
-2012.989999956109 3 3 2 3 3 2
-15419.26044611766 3 3 3 0 0 0
-8247.218969445477 3 3 3 0 0 1
-3776.6701391303723 3 3 3 0 0 3
-3548.1869112225063 3 3 3 0 3 0
-3558.561646314875 3 3 3 0 3 1
8.105004515010073 3 3 3 0 3 3
-3548.1869112225054 3 3 3 3 0 0
-3558.5616463148754 3 3 3 3 0 1
8.105004515010252 3 3 3 3 0 3
93.57225475957917 3 3 3 3 3 0
-8247.21896944548 3 3 3 3 3 1
3864.9658951191705 3 3 3 3 3 3
