-876517.7195792408 0 0 0 0 0 0
127.13005442960423 0 0 0 0 0 1
18541.07203485988 0 0 0 0 0 3
24976.631613432743 0 0 0 0 3 0
-101.22734732112893 0 0 0 0 3 1
125.30253088316645 0 0 0 0 3 3
24976.631613432757 0 0 0 3 0 0
-101.22734732112893 0 0 0 3 0 1
125.30253088316623 0 0 0 3 0 3
3283.6564884892314 0 0 0 3 3 0
127.13005442960421 0 0 0 3 3 1
-15388.729561686361 0 0 0 3 3 3
381.4709328902778 0 0 1 0 0 0
-0.08614265707579571 0 0 1 0 0 1
7902.360867972929 0 0 1 0 0 3
-11.175447893239838 0 0 1 0 3 0
0.0019017453541502328 0 0 1 0 3 1
1852.197014337551 0 0 1 0 3 3
-11.175447893239841 0 0 1 3 0 0
0.0019017453541502346 0 0 1 3 0 1
1852.197014337551 0 0 1 3 0 3
-127.1300544296043 0 0 1 3 3 0
-0.08614265707579592 0 0 1 3 3 1
-114.55726490548025 0 0 1 3 3 3
-1918.2904317200528 0 0 2 0 0 2
123.17453551225168 0 0 2 0 3 2
123.17453551225167 0 0 2 3 0 2
-1918.290431720053 0 0 2 3 3 2
18541.07203485988 0 0 3 0 0 0
114.55726490548024 0 0 3 0 0 1
3833.2927186442703 0 0 3 0 0 3
3783.6183298051283 0 0 3 0 3 0
54.87246620347497 0 0 3 0 3 1
-12.471106857314794 0 0 3 0 3 3
3783.6183298051287 0 0 3 3 0 0
54.87246620347497 0 0 3 3 0 1
-12.471106857314847 0 0 3 3 0 3
-110.27816811566056 0 0 3 3 3 0
114.55726490548024 0 0 3 3 3 1
-3871.892477252098 0 0 3 3 3 3
-0.2881664585397944 0 1 0 0 1 0
180.5784191227071 0 1 0 0 1 1
0.0042555161581122975 0 1 0 0 1 3
180.5784191227071 0 1 0 0 2 2
0.004255516158112299 0 1 0 3 1 0
-4.457174985988489 0 1 0 3 1 1
-0.2881664585397944 0 1 0 3 1 3
-4.45717498598849 0 1 0 3 2 2
-0.0012141275251817316 0 1 1 0 1 0
-0.30797500068004235 0 1 1 0 1 1
-0.002483215840878845 0 1 1 0 1 3
-0.3079750006800424 0 1 1 0 2 2
-0.002483215840878843 0 1 1 3 1 0
0.0042779865260896294 0 1 1 3 1 1
-0.001214127525181729 0 1 1 3 1 3
0.0042779865260896294 0 1 1 3 2 2
-198.7861449116019 0 1 2 0 1 2
2.1621603359447934 0 1 2 0 2 0
198.78614491160192 0 1 2 0 2 1
4.457174985988489 0 1 2 0 2 3
5.045074775270215 0 1 2 3 1 2
4.457174985988488 0 1 2 3 2 0
-5.045074775270216 0 1 2 3 2 1
2.1621603359447934 0 1 2 3 2 3
0.0042555161581123 0 1 3 0 1 0
-4.803932621876065 0 1 3 0 1 1
0.0020282251380094054 0 1 3 0 1 3
-4.803932621876064 0 1 3 0 2 2
0.0020282251380094036 0 1 3 3 1 0
-2.1621603359447934 0 1 3 3 1 1
0.0042555161581123 0 1 3 3 1 3
-2.162160335944793 0 1 3 3 2 2
-0.223859570844961 0 2 0 0 1 2
-184.08388191421741 0 2 0 0 2 0
0.223859570844961 0 2 0 0 2 1
5.031784121533205 0 2 0 0 2 3
0.0024832158408788422 0 2 0 3 1 2
5.031784121533205 0 2 0 3 2 0
-0.0024832158408788422 0 2 0 3 2 1
-184.08388191421741 0 2 0 3 2 3
198.7861449116019 0 2 1 0 1 2
-2.162160335944793 0 2 1 0 2 0
-198.78614491160192 0 2 1 0 2 1
-4.457174985988489 0 2 1 0 2 3
-5.045074775270216 0 2 1 3 1 2
-4.457174985988488 0 2 1 3 2 0
5.045074775270216 0 2 1 3 2 1
-2.1621603359447934 0 2 1 3 2 3
-0.0012141275251817307 0 2 2 0 1 0
-0.30797500068004247 0 2 2 0 1 1
-0.0024832158408788414 0 2 2 0 1 3
-0.30797500068004247 0 2 2 0 2 2
-0.0024832158408788414 0 2 2 3 1 0
0.004277986526089629 0 2 2 3 1 1
-0.0012141275251817307 0 2 2 3 1 3
0.00427798652608963 0 2 2 3 2 2
0.002635597855820597 0 2 3 0 1 2
5.031784121533205 0 2 3 0 2 0
-0.0026355978558205966 0 2 3 0 2 1
2.2625000621477804 0 2 3 0 2 3
0.0012141275251817314 0 2 3 3 1 2
2.26250006214778 0 2 3 3 2 0
-0.0012141275251817297 0 2 3 3 2 1
5.031784121533204 0 2 3 3 2 3
24976.631613432746 0 3 0 0 0 0
11.175447893239843 0 3 0 0 0 1
3783.6183298051287 0 3 0 0 0 3
6300.654003761489 0 3 0 0 3 0
3.463329504276066 0 3 0 0 3 1
-32.14716112247053 0 3 0 0 3 3
5558.499119641946 0 3 0 3 0 0
3.4633295042760652 0 3 0 3 0 1
-12.89946863754943 0 3 0 3 0 3
-236.0339924042441 0 3 0 3 3 0
11.175447893239845 0 3 0 3 3 1
-3646.5504949342844 0 3 0 3 3 3
-122.88442307180357 0 3 1 0 0 0
0.0019017453541502016 0 3 1 0 0 1
3393.335188564532 0 3 1 0 0 3
-3.463329504276065 0 3 1 0 3 0
0.0010457710631794064 0 3 1 0 3 1
-227.73179120831685 0 3 1 0 3 3
-3.4633295042760635 0 3 1 3 0 0
0.0010457710631794066 0 3 1 3 0 1
-227.73179120831693 0 3 1 3 0 3
101.22734732112893 0 3 1 3 3 0
0.0019017453541502018 0 3 1 3 3 1
-54.872466203474964 0 3 1 3 3 3
123.17453551225168 0 3 2 0 0 2
59.00074982952165 0 3 2 0 3 2
59.00074982952166 0 3 2 3 0 2
123.17453551225168 0 3 2 3 3 2
125.3025308831665 0 3 3 0 0 0
-1852.1970143375513 0 3 3 0 0 1
-12.471106857314789 0 3 3 0 0 3
-32.147161122470536 0 3 3 0 3 0
227.7317912083169 0 3 3 0 3 1
-5.056413930922977 0 3 3 0 3 3
-12.899468637549354 0 3 3 3 0 0
227.7317912083169 0 3 3 3 0 1
4.132638429227823 0 3 3 3 0 3
-3.1837028396793494 0 3 3 3 3 0
-1852.1970143375513 0 3 3 3 3 1
9.848443583811516 0 3 3 3 3 3
-0.2881664585397944 1 0 0 1 0 0
180.57841912270703 1 0 0 1 0 1
0.004255516158112298 1 0 0 1 0 3
0.004255516158112297 1 0 0 1 3 0
-4.457174985988489 1 0 0 1 3 1
-0.2881664585397944 1 0 0 1 3 3
180.57841912270706 1 0 0 2 0 2
-4.457174985988489 1 0 0 2 3 2
-0.0012141275251817305 1 0 1 1 0 0
-0.30797500068004263 1 0 1 1 0 1
-0.0024832158408788427 1 0 1 1 0 3
-0.0024832158408788427 1 0 1 1 3 0
0.004277986526089629 1 0 1 1 3 1
-0.0012141275251817314 1 0 1 1 3 3
-0.3079750006800426 1 0 1 2 0 2
0.0042779865260896294 1 0 1 2 3 2
-198.78614491160192 1 0 2 1 0 2
5.045074775270214 1 0 2 1 3 2
2.1621603359447934 1 0 2 2 0 0
198.78614491160192 1 0 2 2 0 1
4.457174985988488 1 0 2 2 0 3
4.4571749859884875 1 0 2 2 3 0
-5.045074775270213 1 0 2 2 3 1
2.162160335944793 1 0 2 2 3 3
0.004255516158112299 1 0 3 1 0 0
-4.803932621876062 1 0 3 1 0 1
0.0020282251380094062 1 0 3 1 0 3
0.0020282251380094062 1 0 3 1 3 0
-2.1621603359447934 1 0 3 1 3 1
0.004255516158112299 1 0 3 1 3 3
-4.803932621876062 1 0 3 2 0 2
-2.162160335944793 1 0 3 2 3 2
-0.5205857879912693 1 1 0 1 1 0
0.006798051076246212 1 1 0 1 1 3
-0.5205857879912693 1 1 0 2 2 0
0.00679805107624621 1 1 0 2 2 3
0.00679805107624621 1 1 3 1 1 0
0.0033314212680604005 1 1 3 1 1 3
0.006798051076246208 1 1 3 2 2 0
0.003331421268060398 1 1 3 2 2 3
-371.07744205976934 1 2 0 1 2 0
9.623846242460512 1 2 0 1 2 3
371.07744205976934 1 2 0 2 1 0
-9.623846242460512 1 2 0 2 1 3
9.623846242460516 1 2 3 1 2 0
4.594526180075368 1 2 3 1 2 3
-9.623846242460514 1 2 3 2 1 0
-4.594526180075368 1 2 3 2 1 3
0.0042555161581123 1 3 0 1 0 0
-4.803932621876063 1 3 0 1 0 1
0.0020282251380094054 1 3 0 1 0 3
0.0020282251380094054 1 3 0 1 3 0
-2.1621603359447934 1 3 0 1 3 1
0.0042555161581123 1 3 0 1 3 3
-4.803932621876063 1 3 0 2 0 2
-2.162160335944794 1 3 0 2 3 2
-0.0026355978558205927 1 3 1 1 0 0
0.00427798652608963 1 3 1 1 0 1
0.22385957084496105 1 3 1 1 0 3
0.2238595708449611 1 3 1 1 3 0
0.00215060451122506 1 3 1 1 3 1
-0.0026355978558205927 1 3 1 1 3 3
0.00427798652608963 1 3 1 2 0 2
0.0021506045112250592 1 3 1 2 3 2
5.045074775270214 1 3 2 1 0 2
2.4893129706068877 1 3 2 1 3 2
4.803932621876062 1 3 2 2 0 0
-5.045074775270214 1 3 2 2 0 1
-180.57841912270703 1 3 2 2 0 3
-180.57841912270706 1 3 2 2 3 0
-2.4893129706068877 1 3 2 2 3 1
4.803932621876062 1 3 2 2 3 3
-0.2881664585397945 1 3 3 1 0 0
180.57841912270706 1 3 3 1 0 1
0.0042555161581122975 1 3 3 1 0 3
0.004255516158112299 1 3 3 1 3 0
-4.457174985988488 1 3 3 1 3 1
-0.2881664585397944 1 3 3 1 3 3
180.57841912270703 1 3 3 2 0 2
-4.457174985988488 1 3 3 2 3 2
-0.22385957084496105 2 0 0 1 0 2
0.002483215840878842 2 0 0 1 3 2
-184.0838819142174 2 0 0 2 0 0
0.22385957084496105 2 0 0 2 0 1
5.031784121533202 2 0 0 2 0 3
5.031784121533201 2 0 0 2 3 0
-0.00248321584087884 2 0 0 2 3 1
-184.0838819142174 2 0 0 2 3 3
198.78614491160192 2 0 1 1 0 2
-5.045074775270212 2 0 1 1 3 2
-2.162160335944793 2 0 1 2 0 0
-198.78614491160192 2 0 1 2 0 1
-4.4571749859884875 2 0 1 2 0 3
-4.4571749859884875 2 0 1 2 3 0
5.045074775270212 2 0 1 2 3 1
-2.162160335944793 2 0 1 2 3 3
-0.0012141275251817305 2 0 2 1 0 0
-0.3079750006800426 2 0 2 1 0 1
-0.0024832158408788414 2 0 2 1 0 3
-0.0024832158408788414 2 0 2 1 3 0
0.004277986526089629 2 0 2 1 3 1
-0.0012141275251817305 2 0 2 1 3 3
-0.3079750006800426 2 0 2 2 0 2
0.004277986526089629 2 0 2 2 3 2
0.0026355978558205953 2 0 3 1 0 2
0.0012141275251817294 2 0 3 1 3 2
5.031784121533204 2 0 3 2 0 0
-0.0026355978558205953 2 0 3 2 0 1
2.26250006214778 2 0 3 2 0 3
2.26250006214778 2 0 3 2 3 0
-0.0012141275251817303 2 0 3 2 3 1
5.031784121533203 2 0 3 2 3 3
371.07744205976934 2 1 0 1 2 0
-9.623846242460512 2 1 0 1 2 3
-371.0774420597694 2 1 0 2 1 0
9.623846242460512 2 1 0 2 1 3
-9.623846242460516 2 1 3 1 2 0
-4.594526180075368 2 1 3 1 2 3
9.623846242460514 2 1 3 2 1 0
4.594526180075368 2 1 3 2 1 3
-0.5205857879912694 2 2 0 1 1 0
0.006798051076246212 2 2 0 1 1 3
-0.5205857879912694 2 2 0 2 2 0
0.006798051076246212 2 2 0 2 2 3
0.006798051076246208 2 2 3 1 1 0
0.003331421268060398 2 2 3 1 1 3
0.00679805107624621 2 2 3 2 2 0
0.0033314212680604005 2 2 3 2 2 3
0.002635597855820594 2 3 0 1 0 2
0.0012141275251817294 2 3 0 1 3 2
5.031784121533203 2 3 0 2 0 0
-0.002635597855820593 2 3 0 2 0 1
2.26250006214778 2 3 0 2 0 3
2.2625000621477795 2 3 0 2 3 0
-0.0012141275251817294 2 3 0 2 3 1
5.031784121533204 2 3 0 2 3 3
-5.045074775270214 2 3 1 1 0 2
-2.489312970606888 2 3 1 1 3 2
-4.803932621876063 2 3 1 2 0 0
5.045074775270215 2 3 1 2 0 1
180.57841912270703 2 3 1 2 0 3
180.57841912270706 2 3 1 2 3 0
2.489312970606888 2 3 1 2 3 1
-4.803932621876063 2 3 1 2 3 3
-0.002635597855820593 2 3 2 1 0 0
0.004277986526089632 2 3 2 1 0 1
0.22385957084496116 2 3 2 1 0 3
0.22385957084496103 2 3 2 1 3 0
0.00215060451122506 2 3 2 1 3 1
-0.002635597855820593 2 3 2 1 3 3
0.004277986526089632 2 3 2 2 0 2
0.0021506045112250584 2 3 2 2 3 2
-0.22385957084496116 2 3 3 1 0 2
0.00248321584087884 2 3 3 1 3 2
-184.0838819142174 2 3 3 2 0 0
0.22385957084496114 2 3 3 2 0 1
5.031784121533204 2 3 3 2 0 3
5.031784121533203 2 3 3 2 3 0
-0.00248321584087884 2 3 3 2 3 1
-184.0838819142174 2 3 3 2 3 3
24976.63161343276 3 0 0 0 0 0
11.175447893239834 3 0 0 0 0 1
3783.618329805128 3 0 0 0 0 3
5558.499119641947 3 0 0 0 3 0
3.463329504276065 3 0 0 0 3 1
-12.899468637549385 3 0 0 0 3 3
6300.654003761489 3 0 0 3 0 0
3.463329504276066 3 0 0 3 0 1
-32.14716112247056 3 0 0 3 0 3
-236.03399240424415 3 0 0 3 3 0
11.175447893239834 3 0 0 3 3 1
-3646.550494934284 3 0 0 3 3 3
-122.88442307180357 3 0 1 0 0 0
0.0019017453541502166 3 0 1 0 0 1
3393.3351885645316 3 0 1 0 0 3
-3.4633295042760626 3 0 1 0 3 0
0.0010457710631793903 3 0 1 0 3 1
-227.73179120831685 3 0 1 0 3 3
-3.4633295042760626 3 0 1 3 0 0
0.0010457710631793936 3 0 1 3 0 1
-227.73179120831688 3 0 1 3 0 3
101.22734732112892 3 0 1 3 3 0
0.0019017453541502168 3 0 1 3 3 1
-54.87246620347498 3 0 1 3 3 3
123.17453551225168 3 0 2 0 0 2
59.000749829521666 3 0 2 0 3 2
59.00074982952166 3 0 2 3 0 2
123.17453551225168 3 0 2 3 3 2
125.30253088316616 3 0 3 0 0 0
-1852.1970143375515 3 0 3 0 0 1
-12.471106857314851 3 0 3 0 0 3
-12.899468637549452 3 0 3 0 3 0
227.73179120831688 3 0 3 0 3 1
4.1326384292278275 3 0 3 0 3 3
-32.147161122470585 3 0 3 3 0 0
227.73179120831682 3 0 3 3 0 1
-5.056413930922973 3 0 3 3 0 3
-3.1837028396793547 3 0 3 3 3 0
-1852.1970143375515 3 0 3 3 3 1
9.84844358381158 3 0 3 3 3 3
0.004255516158112301 3 1 0 0 1 0
-4.803932621876066 3 1 0 0 1 1
0.0020282251380094054 3 1 0 0 1 3
-4.803932621876066 3 1 0 0 2 2
0.0020282251380094062 3 1 0 3 1 0
-2.1621603359447934 3 1 0 3 1 1
0.004255516158112301 3 1 0 3 1 3
-2.1621603359447934 3 1 0 3 2 2
-0.0026355978558205958 3 1 1 0 1 0
0.004277986526089633 3 1 1 0 1 1
0.223859570844961 3 1 1 0 1 3
0.004277986526089633 3 1 1 0 2 2
0.223859570844961 3 1 1 3 1 0
0.002150604511225061 3 1 1 3 1 1
-0.002635597855820595 3 1 1 3 1 3
0.002150604511225061 3 1 1 3 2 2
5.045074775270215 3 1 2 0 1 2
4.803932621876066 3 1 2 0 2 0
-5.045074775270216 3 1 2 0 2 1
-180.57841912270703 3 1 2 0 2 3
2.489312970606888 3 1 2 3 1 2
-180.57841912270706 3 1 2 3 2 0
-2.489312970606888 3 1 2 3 2 1
4.803932621876067 3 1 2 3 2 3
-0.2881664585397943 3 1 3 0 1 0
180.57841912270706 3 1 3 0 1 1
0.004255516158112298 3 1 3 0 1 3
180.57841912270703 3 1 3 0 2 2
0.0042555161581123 3 1 3 3 1 0
-4.457174985988489 3 1 3 3 1 1
-0.2881664585397943 3 1 3 3 1 3
-4.457174985988488 3 1 3 3 2 2
0.0026355978558205953 3 2 0 0 1 2
5.031784121533205 3 2 0 0 2 0
-0.0026355978558205953 3 2 0 0 2 1
2.26250006214778 3 2 0 0 2 3
0.0012141275251817305 3 2 0 3 1 2
2.26250006214778 3 2 0 3 2 0
-0.0012141275251817305 3 2 0 3 2 1
5.031784121533205 3 2 0 3 2 3
-5.045074775270216 3 2 1 0 1 2
-4.803932621876066 3 2 1 0 2 0
5.045074775270216 3 2 1 0 2 1
180.57841912270706 3 2 1 0 2 3
-2.489312970606888 3 2 1 3 1 2
180.57841912270703 3 2 1 3 2 0
2.4893129706068877 3 2 1 3 2 1
-4.803932621876067 3 2 1 3 2 3
-0.0026355978558205953 3 2 2 0 1 0
0.004277986526089631 3 2 2 0 1 1
0.22385957084496094 3 2 2 0 1 3
0.004277986526089633 3 2 2 0 2 2
0.223859570844961 3 2 2 3 1 0
0.002150604511225061 3 2 2 3 1 1
-0.002635597855820596 3 2 2 3 1 3
0.002150604511225061 3 2 2 3 2 2
-0.22385957084496105 3 2 3 0 1 2
-184.0838819142174 3 2 3 0 2 0
0.22385957084496105 3 2 3 0 2 1
5.031784121533206 3 2 3 0 2 3
0.0024832158408788422 3 2 3 3 1 2
5.031784121533205 3 2 3 3 2 0
-0.002483215840878844 3 2 3 3 2 1
-184.0838819142174 3 2 3 3 2 3
3283.6564884892327 3 3 0 0 0 0
-381.4709328902776 3 3 0 0 0 1
-110.27816811566058 3 3 0 0 0 3
-236.03399240424415 3 3 0 0 3 0
122.88442307180357 3 3 0 0 3 1
-3.1837028396793468 3 3 0 0 3 3
-236.03399240424415 3 3 0 3 0 0
122.88442307180355 3 3 0 3 0 1
-3.183702839679348 3 3 0 3 0 3
-64.29613675711894 3 3 0 3 3 0
-381.4709328902776 3 3 0 3 3 1
89.73836959349892 3 3 0 3 3 3
381.47093289027754 3 3 1 0 0 0
-0.0861426570757964 3 3 1 0 0 1
7902.360867972927 3 3 1 0 0 3
-11.175447893239836 3 3 1 0 3 0
0.001901745354150212 3 3 1 0 3 1
1852.1970143375518 3 3 1 0 3 3
-11.175447893239841 3 3 1 3 0 0
0.0019017453541502138 3 3 1 3 0 1
1852.1970143375518 3 3 1 3 0 3
-127.13005442960433 3 3 1 3 3 0
-0.08614265707579638 3 3 1 3 3 1
-114.55726490548025 3 3 1 3 3 3
-1918.2904317200525 3 3 2 0 0 2
123.17453551225168 3 3 2 0 3 2
123.17453551225168 3 3 2 3 0 2
-1918.2904317200528 3 3 2 3 3 2
-15388.729561686363 3 3 3 0 0 0
-7902.360867972929 3 3 3 0 0 1
-3871.892477252098 3 3 3 0 0 3
-3646.5504949342844 3 3 3 0 3 0
-3393.335188564531 3 3 3 0 3 1
9.84844358381152 3 3 3 0 3 3
-3646.550494934284 3 3 3 3 0 0
-3393.3351885645307 3 3 3 3 0 1
9.848443583811575 3 3 3 3 0 3
89.73836959349886 3 3 3 3 3 0
-7902.360867972928 3 3 3 3 3 1
3994.21497610124 3 3 3 3 3 3
