-874106.0619043378 0 0 0 0 0 0
104.83493743219043 0 0 0 0 0 1
20609.55362831057 0 0 0 0 0 3
25090.953669120423 0 0 0 0 3 0
-90.46686602358527 0 0 0 0 3 1
141.02859226709856 0 0 0 0 3 3
25090.95366912042 0 0 0 3 0 0
-90.46686602358527 0 0 0 3 0 1
141.02859226710095 0 0 0 3 0 3
2773.316025511177 0 0 0 3 3 0
104.83493743219043 0 0 0 3 3 1
-14779.924737714475 0 0 0 3 3 3
442.90559905819174 0 0 1 0 0 0
-0.23618005180393167 0 0 1 0 0 1
7053.642619221868 0 0 1 0 0 3
-16.295968861496917 0 0 1 0 3 0
0.005179328697582762 0 0 1 0 3 1
1625.2569580317117 0 0 1 0 3 3
-16.29596886149694 0 0 1 3 0 0
0.005179328697582761 0 0 1 3 0 1
1625.256958031712 0 0 1 3 0 3
-104.83493743219056 0 0 1 3 3 0
-0.23618005180393165 0 0 1 3 3 1
-94.57432777520776 0 0 1 3 3 3
-1661.481457598347 0 0 2 0 0 2
103.05842854984142 0 0 2 0 3 2
103.05842854984142 0 0 2 3 0 2
-1661.481457598347 0 0 2 3 3 2
20609.55362831057 0 0 3 0 0 0
94.57432777520779 0 0 3 0 0 1
4113.133802656295 0 0 3 0 0 3
4047.2741541567193 0 0 3 0 3 0
44.598840108064245 0 0 3 0 3 1
-25.08651098665596 0 0 3 0 3 3
4047.2741541567193 0 0 3 3 0 0
44.598840108064245 0 0 3 3 0 1
-25.086510986655966 0 0 3 3 0 3
-107.57387594998356 0 0 3 3 3 0
94.5743277752078 0 0 3 3 3 1
-4110.078340575536 0 0 3 3 3 3
-0.3754491801942592 0 1 0 0 1 0
166.12806738396534 0 1 0 0 1 1
0.006635187531480906 0 1 0 0 1 3
166.12806738396537 0 1 0 0 2 2
0.006635187531480906 0 1 0 3 1 0
-4.027764248680268 0 1 0 3 1 1
-0.37544918019425905 0 1 0 3 1 3
-4.027764248680268 0 1 0 3 2 2
-0.00035290412168412135 0 1 1 0 1 0
-0.3998028774541345 0 1 1 0 1 1
-0.0007262829808074309 0 1 1 0 1 3
-0.3998028774541344 0 1 1 0 2 2
-0.0007262829808074309 0 1 1 3 1 0
0.0062409179659231985 0 1 1 3 1 1
-0.0003529041216841205 0 1 1 3 1 3
0.006240917965923197 0 1 1 3 2 2
-221.22350016363544 0 1 2 0 1 2
2.01907083080912 0 1 2 0 2 0
221.22350016363544 0 1 2 0 2 1
4.027764248680269 0 1 2 0 2 3
5.876265961509861 0 1 2 3 1 2
4.027764248680269 0 1 2 3 2 0
-5.876265961509861 0 1 2 3 2 1
2.0190708308091203 0 1 2 3 2 3
0.006635187531480907 0 1 3 0 1 0
-4.620828912424934 0 1 3 0 1 1
0.0031790611890484028 0 1 3 0 1 3
-4.620828912424933 0 1 3 0 2 2
0.0031790611890484028 0 1 3 3 1 0
-2.0190708308091203 0 1 3 3 1 1
0.006635187531480909 0 1 3 3 1 3
-2.0190708308091203 0 1 3 3 2 2
-0.1405962767897865 0 2 0 0 1 2
-193.7599638548173 0 2 0 0 2 0
0.14059627678978648 0 2 0 0 2 1
5.893450147378935 0 2 0 0 2 3
0.0007262829808074322 0 2 0 3 1 2
5.8934501473789345 0 2 0 3 2 0
-0.0007262829808074322 0 2 0 3 2 1
-193.7599638548173 0 2 0 3 2 3
221.22350016363544 0 2 1 0 1 2
-2.0190708308091203 0 2 1 0 2 0
-221.22350016363544 0 2 1 0 2 1
-4.027764248680268 0 2 1 0 2 3
-5.876265961509861 0 2 1 3 1 2
-4.027764248680268 0 2 1 3 2 0
5.876265961509861 0 2 1 3 2 1
-2.0190708308091203 0 2 1 3 2 3
-0.0003529041216841207 0 2 2 0 1 0
-0.3998028774541344 0 2 2 0 1 1
-0.000726282980807432 0 2 2 0 1 3
-0.39980287745413445 0 2 2 0 2 2
-0.000726282980807432 0 2 2 3 1 0
0.006240917965923197 0 2 2 3 1 1
-0.0003529041216841207 0 2 2 3 1 3
0.006240917965923197 0 2 2 3 2 2
0.0009416839165645441 0 2 3 0 1 2
5.893450147378938 0 2 3 0 2 0
-0.0009416839165645437 0 2 3 0 2 1
2.6268806818847086 0 2 3 0 2 3
0.00035290412168412043 0 2 3 3 1 2
2.626880681884708 0 2 3 3 2 0
-0.00035290412168412043 0 2 3 3 2 1
5.893450147378937 0 2 3 3 2 3
25090.953669120427 0 3 0 0 0 0
16.295968861496938 0 3 0 0 0 1
4047.2741541567198 0 3 0 0 0 3
6292.207786755975 0 3 0 0 3 0
4.448430970984104 0 3 0 0 3 1
-48.27933748049532 0 3 0 0 3 3
5552.0107224831845 0 3 0 3 0 0
4.448430970984102 0 3 0 3 0 1
-28.1806066248048 0 3 0 3 0 3
-210.53648962618283 0 3 0 3 3 0
16.295968861496934 0 3 0 3 3 1
-3882.2968250589984 0 3 0 3 3 3
-121.87224361721825 0 3 1 0 0 0
0.0051793286975827585 0 3 1 0 0 1
2958.536581380117 0 3 1 0 0 3
-4.448430970984091 0 3 1 0 3 0
0.002811095980964679 0 3 1 0 3 1
-201.83479855674466 0 3 1 0 3 3
-4.448430970984101 0 3 1 3 0 0
0.0028110959809647127 0 3 1 3 0 1
-201.8347985567447 0 3 1 3 0 3
90.46686602358521 0 3 1 3 3 0
0.0051793286975827585 0 3 1 3 3 1
-44.59884010806424 0 3 1 3 3 3
103.05842854984144 0 3 2 0 0 2
48.93919433830159 0 3 2 0 3 2
48.93919433830159 0 3 2 3 0 2
103.05842854984144 0 3 2 3 3 2
141.02859226709842 0 3 3 0 0 0
-1625.2569580317127 0 3 3 0 0 1
-25.086510986655977 0 3 3 0 0 3
-48.27933748049531 0 3 3 0 3 0
201.8347985567447 0 3 3 0 3 1
-6.109259176041551 0 3 3 0 3 3
-28.180606624804728 0 3 3 3 0 0
201.8347985567447 0 3 3 3 0 1
3.730989388740144 0 3 3 3 0 3
-3.9511539553484765 0 3 3 3 3 0
-1625.2569580317127 0 3 3 3 3 1
18.19016537976433 0 3 3 3 3 3
-0.37544918019425966 1 0 0 1 0 0
166.12806738396534 1 0 0 1 0 1
0.006635187531480914 1 0 0 1 0 3
0.006635187531480914 1 0 0 1 3 0
-4.027764248680268 1 0 0 1 3 1
-0.37544918019425955 1 0 0 1 3 3
166.12806738396534 1 0 0 2 0 2
-4.027764248680268 1 0 0 2 3 2
-0.0003529041216841193 1 0 1 1 0 0
-0.39980287745413506 1 0 1 1 0 1
-0.0007262829808074286 1 0 1 1 0 3
-0.0007262829808074286 1 0 1 1 3 0
0.006240917965923205 1 0 1 1 3 1
-0.0003529041216841197 1 0 1 1 3 3
-0.39980287745413506 1 0 1 2 0 2
0.006240917965923206 1 0 1 2 3 2
-221.2235001636355 1 0 2 1 0 2
5.876265961509861 1 0 2 1 3 2
2.01907083080912 1 0 2 2 0 0
221.22350016363546 1 0 2 2 0 1
4.027764248680269 1 0 2 2 0 3
4.027764248680269 1 0 2 2 3 0
-5.876265961509862 1 0 2 2 3 1
2.0190708308091203 1 0 2 2 3 3
0.006635187531480913 1 0 3 1 0 0
-4.620828912424935 1 0 3 1 0 1
0.0031790611890484023 1 0 3 1 0 3
0.0031790611890484023 1 0 3 1 3 0
-2.0190708308091203 1 0 3 1 3 1
0.006635187531480911 1 0 3 1 3 3
-4.620828912424935 1 0 3 2 0 2
-2.0190708308091203 1 0 3 2 3 2
-0.5227599531543272 1 1 0 1 1 0
0.007157213158498772 1 1 0 1 1 3
-0.5227599531543274 1 1 0 2 2 0
0.0071572131584987705 1 1 0 2 2 3
0.007157213158498772 1 1 3 1 1 0
0.003593720221619195 1 1 3 1 1 3
0.007157213158498772 1 1 3 2 2 0
0.0035937202216191947 1 1 3 2 2 3
-370.0985321363951 1 2 0 1 2 0
10.04936542784521 1 2 0 1 2 3
370.0985321363951 1 2 0 2 1 0
-10.049365427845212 1 2 0 2 1 3
10.049365427845212 1 2 3 1 2 0
4.92012428239081 1 2 3 1 2 3
-10.04936542784521 1 2 3 2 1 0
-4.92012428239081 1 2 3 2 1 3
0.006635187531480913 1 3 0 1 0 0
-4.620828912424934 1 3 0 1 0 1
0.0031790611890484036 1 3 0 1 0 3
0.003179061189048402 1 3 0 1 3 0
-2.0190708308091203 1 3 0 1 3 1
0.006635187531480913 1 3 0 1 3 3
-4.620828912424933 1 3 0 2 0 2
-2.01907083080912 1 3 0 2 3 2
-0.0009416839165645437 1 3 1 1 0 0
0.006240917965923202 1 3 1 1 0 1
0.14059627678978642 1 3 1 1 0 3
0.14059627678978653 1 3 1 1 3 0
0.00325972890428005 1 3 1 1 3 1
-0.0009416839165645437 1 3 1 1 3 3
0.006240917965923202 1 3 1 2 0 2
0.00325972890428005 1 3 1 2 3 2
5.876265961509863 1 3 2 1 0 2
3.03880079405878 1 3 2 1 3 2
4.620828912424936 1 3 2 2 0 0
-5.876265961509862 1 3 2 2 0 1
-166.12806738396534 1 3 2 2 0 3
-166.12806738396534 1 3 2 2 3 0
-3.0388007940587793 1 3 2 2 3 1
4.620828912424934 1 3 2 2 3 3
-0.37544918019425966 1 3 3 1 0 0
166.12806738396534 1 3 3 1 0 1
0.006635187531480914 1 3 3 1 0 3
0.006635187531480914 1 3 3 1 3 0
-4.027764248680267 1 3 3 1 3 1
-0.3754491801942596 1 3 3 1 3 3
166.12806738396534 1 3 3 2 0 2
-4.027764248680268 1 3 3 2 3 2
-0.14059627678978648 2 0 0 1 0 2
0.0007262829808074294 2 0 0 1 3 2
-193.75996385481744 2 0 0 2 0 0
0.14059627678978653 2 0 0 2 0 1
5.893450147378943 2 0 0 2 0 3
5.8934501473789425 2 0 0 2 3 0
-0.0007262829808074293 2 0 0 2 3 1
-193.75996385481747 2 0 0 2 3 3
221.22350016363544 2 0 1 1 0 2
-5.876265961509862 2 0 1 1 3 2
-2.0190708308091203 2 0 1 2 0 0
-221.22350016363544 2 0 1 2 0 1
-4.02776424868027 2 0 1 2 0 3
-4.02776424868027 2 0 1 2 3 0
5.876265961509862 2 0 1 2 3 1
-2.01907083080912 2 0 1 2 3 3
-0.000352904121684119 2 0 2 1 0 0
-0.39980287745413495 2 0 2 1 0 1
-0.0007262829808074279 2 0 2 1 0 3
-0.0007262829808074287 2 0 2 1 3 0
0.0062409179659232055 2 0 2 1 3 1
-0.000352904121684119 2 0 2 1 3 3
-0.3998028774541349 2 0 2 2 0 2
0.0062409179659232055 2 0 2 2 3 2
0.0009416839165645436 2 0 3 1 0 2
0.00035290412168411967 2 0 3 1 3 2
5.8934501473789425 2 0 3 2 0 0
-0.0009416839165645427 2 0 3 2 0 1
2.626880681884709 2 0 3 2 0 3
2.6268806818847095 2 0 3 2 3 0
-0.00035290412168411924 2 0 3 2 3 1
5.8934501473789425 2 0 3 2 3 3
370.0985321363951 2 1 0 1 2 0
-10.049365427845208 2 1 0 1 2 3
-370.09853213639497 2 1 0 2 1 0
10.049365427845208 2 1 0 2 1 3
-10.049365427845212 2 1 3 1 2 0
-4.92012428239081 2 1 3 1 2 3
10.049365427845212 2 1 3 2 1 0
4.92012428239081 2 1 3 2 1 3
-0.5227599531543273 2 2 0 1 1 0
0.007157213158498769 2 2 0 1 1 3
-0.5227599531543271 2 2 0 2 2 0
0.007157213158498769 2 2 0 2 2 3
0.007157213158498772 2 2 3 1 1 0
0.0035937202216191947 2 2 3 1 1 3
0.007157213158498772 2 2 3 2 2 0
0.003593720221619195 2 2 3 2 2 3
0.0009416839165645422 2 3 0 1 0 2
0.0003529041216841194 2 3 0 1 3 2
5.8934501473789425 2 3 0 2 0 0
-0.0009416839165645422 2 3 0 2 0 1
2.62688068188471 2 3 0 2 0 3
2.6268806818847095 2 3 0 2 3 0
-0.0003529041216841194 2 3 0 2 3 1
5.893450147378942 2 3 0 2 3 3
-5.876265961509862 2 3 1 1 0 2
-3.03880079405878 2 3 1 1 3 2
-4.620828912424935 2 3 1 2 0 0
5.876265961509861 2 3 1 2 0 1
166.12806738396534 2 3 1 2 0 3
166.12806738396537 2 3 1 2 3 0
3.0388007940587802 2 3 1 2 3 1
-4.620828912424935 2 3 1 2 3 3
-0.0009416839165645445 2 3 2 1 0 0
0.006240917965923204 2 3 2 1 0 1
0.14059627678978648 2 3 2 1 0 3
0.14059627678978645 2 3 2 1 3 0
0.003259728904280048 2 3 2 1 3 1
-0.0009416839165645437 2 3 2 1 3 3
0.006240917965923204 2 3 2 2 0 2
0.0032597289042800496 2 3 2 2 3 2
-0.1405962767897865 2 3 3 1 0 2
0.00072628298080743 2 3 3 1 3 2
-193.75996385481747 2 3 3 2 0 0
0.14059627678978648 2 3 3 2 0 1
5.8934501473789425 2 3 3 2 0 3
5.893450147378942 2 3 3 2 3 0
-0.0007262829808074283 2 3 3 2 3 1
-193.75996385481744 2 3 3 2 3 3
25090.95366912043 3 0 0 0 0 0
16.295968861496924 3 0 0 0 0 1
4047.2741541567198 3 0 0 0 0 3
5552.0107224831845 3 0 0 0 3 0
4.4484309709840915 3 0 0 0 3 1
-28.180606624804753 3 0 0 0 3 3
6292.207786755977 3 0 0 3 0 0
4.4484309709840915 3 0 0 3 0 1
-48.279337480495364 3 0 0 3 0 3
-210.53648962618283 3 0 0 3 3 0
16.295968861496924 3 0 0 3 3 1
-3882.296825058999 3 0 0 3 3 3
-121.87224361721823 3 0 1 0 0 0
0.0051793286975827515 3 0 1 0 0 1
2958.5365813801186 3 0 1 0 0 3
-4.44843097098409 3 0 1 0 3 0
0.0028110959809647057 3 0 1 0 3 1
-201.8347985567447 3 0 1 0 3 3
-4.448430970984102 3 0 1 3 0 0
0.002811095980964678 3 0 1 3 0 1
-201.8347985567447 3 0 1 3 0 3
90.4668660235852 3 0 1 3 3 0
0.005179328697582745 3 0 1 3 3 1
-44.59884010806424 3 0 1 3 3 3
103.05842854984142 3 0 2 0 0 2
48.9391943383016 3 0 2 0 3 2
48.93919433830159 3 0 2 3 0 2
103.05842854984142 3 0 2 3 3 2
141.02859226710106 3 0 3 0 0 0
-1625.2569580317117 3 0 3 0 0 1
-25.08651098665595 3 0 3 0 0 3
-28.180606624804785 3 0 3 0 3 0
201.8347985567447 3 0 3 0 3 1
3.730989388740145 3 0 3 0 3 3
-48.27933748049536 3 0 3 3 0 0
201.83479855674472 3 0 3 3 0 1
-6.109259176041546 3 0 3 3 0 3
-3.9511539553484973 3 0 3 3 3 0
-1625.2569580317117 3 0 3 3 3 1
18.19016537976431 3 0 3 3 3 3
0.006635187531480906 3 1 0 0 1 0
-4.620828912424935 3 1 0 0 1 1
0.0031790611890484028 3 1 0 0 1 3
-4.620828912424934 3 1 0 0 2 2
0.003179061189048401 3 1 0 3 1 0
-2.0190708308091203 3 1 0 3 1 1
0.006635187531480906 3 1 0 3 1 3
-2.0190708308091203 3 1 0 3 2 2
-0.0009416839165645453 3 1 1 0 1 0
0.006240917965923197 3 1 1 0 1 1
0.14059627678978642 3 1 1 0 1 3
0.006240917965923197 3 1 1 0 2 2
0.14059627678978642 3 1 1 3 1 0
0.003259728904280048 3 1 1 3 1 1
-0.0009416839165645453 3 1 1 3 1 3
0.003259728904280048 3 1 1 3 2 2
5.876265961509862 3 1 2 0 1 2
4.620828912424934 3 1 2 0 2 0
-5.876265961509861 3 1 2 0 2 1
-166.1280673839653 3 1 2 0 2 3
3.0388007940587793 3 1 2 3 1 2
-166.12806738396532 3 1 2 3 2 0
-3.0388007940587793 3 1 2 3 2 1
4.620828912424935 3 1 2 3 2 3
-0.37544918019425927 3 1 3 0 1 0
166.12806738396532 3 1 3 0 1 1
0.006635187531480905 3 1 3 0 1 3
166.12806738396534 3 1 3 0 2 2
0.006635187531480905 3 1 3 3 1 0
-4.027764248680268 3 1 3 3 1 1
-0.3754491801942592 3 1 3 3 1 3
-4.027764248680268 3 1 3 3 2 2
0.0009416839165645463 3 2 0 0 1 2
5.893450147378939 3 2 0 0 2 0
-0.0009416839165645463 3 2 0 0 2 1
2.6268806818847077 3 2 0 0 2 3
0.0003529041216841197 3 2 0 3 1 2
2.6268806818847072 3 2 0 3 2 0
-0.0003529041216841197 3 2 0 3 2 1
5.893450147378938 3 2 0 3 2 3
-5.876265961509861 3 2 1 0 1 2
-4.620828912424934 3 2 1 0 2 0
5.87626596150986 3 2 1 0 2 1
166.12806738396532 3 2 1 0 2 3
-3.03880079405878 3 2 1 3 1 2
166.12806738396534 3 2 1 3 2 0
3.03880079405878 3 2 1 3 2 1
-4.620828912424935 3 2 1 3 2 3
-0.0009416839165645453 3 2 2 0 1 0
0.006240917965923197 3 2 2 0 1 1
0.14059627678978645 3 2 2 0 1 3
0.006240917965923197 3 2 2 0 2 2
0.14059627678978645 3 2 2 3 1 0
0.003259728904280047 3 2 2 3 1 1
-0.0009416839165645453 3 2 2 3 1 3
0.003259728904280046 3 2 2 3 2 2
-0.14059627678978648 3 2 3 0 1 2
-193.75996385481736 3 2 3 0 2 0
0.14059627678978653 3 2 3 0 2 1
5.893450147378937 3 2 3 0 2 3
0.0007262829808074329 3 2 3 3 1 2
5.893450147378937 3 2 3 3 2 0
-0.0007262829808074329 3 2 3 3 2 1
-193.75996385481739 3 2 3 3 2 3
2773.3160255111775 3 3 0 0 0 0
-442.90559905819185 3 3 0 0 0 1
-107.57387594998353 3 3 0 0 0 3
-210.53648962618277 3 3 0 0 3 0
121.87224361721826 3 3 0 0 3 1
-3.951153955348483 3 3 0 0 3 3
-210.53648962618277 3 3 0 3 0 0
121.87224361721826 3 3 0 3 0 1
-3.9511539553484885 3 3 0 3 0 3
-54.69753508101035 3 3 0 3 3 0
-442.90559905819174 3 3 0 3 3 1
78.25017733564671 3 3 0 3 3 3
442.90559905819174 3 3 1 0 0 0
-0.2361800518039321 3 3 1 0 0 1
7053.642619221869 3 3 1 0 0 3
-16.29596886149692 3 3 1 0 3 0
0.005179328697582761 3 3 1 0 3 1
1625.2569580317117 3 3 1 0 3 3
-16.29596886149694 3 3 1 3 0 0
0.00517932869758276 3 3 1 3 0 1
1625.2569580317124 3 3 1 3 0 3
-104.83493743219053 3 3 1 3 3 0
-0.23618005180393212 3 3 1 3 3 1
-94.57432777520778 3 3 1 3 3 3
-1661.481457598347 3 3 2 0 0 2
103.05842854984144 3 3 2 0 3 2
103.05842854984144 3 3 2 3 0 2
-1661.481457598347 3 3 2 3 3 2
-14779.924737714478 3 3 3 0 0 0
-7053.642619221869 3 3 3 0 0 1
-4110.078340575536 3 3 3 0 0 3
-3882.296825058998 3 3 3 0 3 0
-2958.536581380118 3 3 3 0 3 1
18.190165379764313 3 3 3 0 3 3
-3882.2968250589984 3 3 3 3 0 0
-2958.536581380118 3 3 3 3 0 1
18.190165379764327 3 3 3 3 0 3
78.25017733564673 3 3 3 3 3 0
-7053.64261922187 3 3 3 3 3 1
4325.887925351956 3 3 3 3 3 3
