9114.324047284865 0 0 0 0 0 0
-177.83223955416557 0 0 0 0 0 3
-177.83223955416568 0 0 0 0 3 0
-18.27714698026958 0 0 0 0 3 3
4.139057872947135 0 0 0 1 0 0
-0.44019960945942305 0 0 0 1 0 3
-0.44019960945942305 0 0 0 1 3 0
4.139057872947135 0 0 0 1 3 3
-155.4235440823172 0 0 0 3 0 0
-1.9327227132034506 0 0 0 3 0 3
-1.9327227132034495 0 0 0 3 3 0
98.24949400367385 0 0 0 3 3 3
0.0016252174010971403 0 0 1 0 0 1
0.0016252174010971405 0 0 1 3 3 1
1.4035941214424643 0 0 2 0 0 2
-0.023201711370743654 0 0 2 0 3 2
-0.006260469927878367 0 0 2 1 0 2
-0.014368264647695726 0 0 2 1 3 2
0.006260469927878366 0 0 2 2 0 1
0.014368264647695726 0 0 2 2 3 1
-0.023201711370743654 0 0 2 3 0 2
1.403594121442464 0 0 2 3 3 2
-177.83223955416554 0 0 3 0 0 0
-45.68579700103855 0 0 3 0 0 3
-40.54319590864375 0 0 3 0 3 0
0.7031201582112008 0 0 3 0 3 3
-0.07664049876719395 0 0 3 1 0 0
-0.023609373013866505 0 0 3 1 0 3
-0.023609373013866498 0 0 3 1 3 0
-0.07664049876719395 0 0 3 1 3 3
-31.26166686602249 0 0 3 3 0 0
0.23106674330628635 0 0 3 3 0 3
0.15907233705924947 0 0 3 3 3 0
28.997032742275838 0 0 3 3 3 3
0.001625217401097142 0 1 0 0 1 0
0.001625217401097142 0 1 0 3 1 3
0.0018371008192980668 0 1 1 0 1 1
0.0018371008192980677 0 1 1 0 2 2
2.571300546197412 0 1 2 0 1 2
-2.5713005461974126 0 1 2 0 2 1
-0.03599720312351877 0 1 2 3 1 2
0.03599720312351877 0 1 2 3 2 1
0.00019932439083046247 0 1 3 1 1 3
0.00019932439083046268 0 1 3 2 2 3
1.4035941214424643 0 2 0 0 2 0
-0.02320171137074365 0 2 0 0 2 3
-0.0062604699278783656 0 2 0 1 2 0
-0.014368264647695722 0 2 0 1 2 3
0.0062604699278783656 0 2 0 2 1 0
0.014368264647695722 0 2 0 2 1 3
-0.02320171137074365 0 2 0 3 2 0
1.403594121442464 0 2 0 3 2 3
-2.5713005461974126 0 2 1 0 1 2
2.5713005461974126 0 2 1 0 2 1
0.03599720312351877 0 2 1 3 1 2
-0.03599720312351877 0 2 1 3 2 1
0.0018371008192980675 0 2 2 0 1 1
0.0018371008192980675 0 2 2 0 2 2
-0.023201711370743647 0 2 3 0 2 0
-0.010658097850828793 0 2 3 0 2 3
-0.012043268647844843 0 2 3 1 2 0
1.0283433825269288 0 2 3 1 2 3
0.012043268647844843 0 2 3 2 1 0
-1.0283433825269288 0 2 3 2 1 3
-0.010658097850828795 0 2 3 3 2 0
-0.023201711370743647 0 2 3 3 2 3
-177.83223955416562 0 3 0 0 0 0
-40.54319590864376 0 3 0 0 0 3
-45.68579700103857 0 3 0 0 3 0
0.7031201582112009 0 3 0 0 3 3
-0.07664049876719398 0 3 0 1 0 0
-0.0236093730138665 0 3 0 1 0 3
-0.0236093730138665 0 3 0 1 3 0
-0.07664049876719398 0 3 0 1 3 3
-31.261666866022484 0 3 0 3 0 0
0.1590723370592493 0 3 0 3 0 3
0.23106674330628668 0 3 0 3 3 0
28.997032742275834 0 3 0 3 3 3
0.00019932439083046203 0 3 1 1 3 1
0.00019932439083046203 0 3 1 2 3 2
-0.023201711370743654 0 3 2 0 0 2
-0.010658097850828795 0 3 2 0 3 2
-0.01204326864784485 0 3 2 1 0 2
1.0283433825269288 0 3 2 1 3 2
0.01204326864784485 0 3 2 2 0 1
-1.0283433825269288 0 3 2 2 3 1
-0.010658097850828795 0 3 2 3 0 2
-0.023201711370743654 0 3 2 3 3 2
-18.277146980269578 0 3 3 0 0 0
0.7031201582112008 0 3 3 0 0 3
0.703120158211201 0 3 3 0 3 0
0.18086299317846868 0 3 3 0 3 3
-0.85315726080447 0 3 3 1 0 0
0.29156860392473694 0 3 3 1 0 3
0.29156860392473694 0 3 3 1 3 0
-0.85315726080447 0 3 3 1 3 3
0.39279441929482894 0 3 3 3 0 0
0.02096573762186292 0 3 3 3 0 3
0.02096573762186299 0 3 3 3 3 0
-0.2541803416122062 0 3 3 3 3 3
0.8531572608044702 1 0 0 0 0 0
0.07664049876719395 1 0 0 0 0 3
0.07664049876719393 1 0 0 0 3 0
-4.139057872947137 1 0 0 0 3 3
0.001267853868782639 1 0 0 1 0 0
0.001267853868782639 1 0 0 1 3 3
0.2963443494239499 1 0 0 3 0 0
-10.8241041656031 1 0 0 3 0 3
-10.8241041656031 1 0 0 3 3 0
-46.38316844916019 1 0 0 3 3 3
1.0283433825269288 1 0 1 0 0 1
-0.014368264647695729 1 0 1 0 3 1
0.0017203315816807345 1 0 1 1 0 1
0.0017203315816807345 1 0 1 2 0 2
-0.014368264647695729 1 0 1 3 0 1
1.0283433825269288 1 0 1 3 3 1
0.0001993243908304621 1 0 2 0 0 2
1.7539219026252244 1 0 2 1 0 2
-0.02412856487389426 1 0 2 1 3 2
-1.7539219026252246 1 0 2 2 0 1
0.02412856487389426 1 0 2 2 3 1
0.0001993243908304621 1 0 2 3 3 2
-0.29156860392473705 1 0 3 0 0 0
0.0236093730138665 1 0 3 0 0 3
0.0236093730138665 1 0 3 0 3 0
0.44019960945942316 1 0 3 0 3 3
0.14294912911158683 1 0 3 3 0 0
0.6640944820566179 1 0 3 3 0 3
0.6640944820566176 1 0 3 3 3 0
-19.72155110662649 1 0 3 3 3 3
1.0283433825269288 1 1 0 0 1 0
-0.014368264647695726 1 1 0 0 1 3
0.001720331581680735 1 1 0 1 1 0
0.0017203315816807353 1 1 0 2 2 0
-0.014368264647695726 1 1 0 3 1 0
1.0283433825269288 1 1 0 3 1 3
-0.01204326864784484 1 1 3 0 1 0
-0.0062604699278783656 1 1 3 0 1 3
-0.0062604699278783656 1 1 3 3 1 0
-0.01204326864784484 1 1 3 3 1 3
0.00019932439083046274 1 2 0 0 2 0
1.7539219026252244 1 2 0 1 2 0
-0.02412856487389425 1 2 0 1 2 3
-1.7539219026252244 1 2 0 2 1 0
0.02412856487389425 1 2 0 2 1 3
0.00019932439083046274 1 2 0 3 2 3
-0.02412856487389424 1 2 3 1 2 0
-0.013112350652543413 1 2 3 1 2 3
0.02412856487389424 1 2 3 2 1 0
0.013112350652543412 1 2 3 2 1 3
-0.29156860392473705 1 3 0 0 0 0
0.0236093730138665 1 3 0 0 0 3
0.023609373013866494 1 3 0 0 3 0
0.44019960945942316 1 3 0 0 3 3
0.14294912911158683 1 3 0 3 0 0
0.6640944820566177 1 3 0 3 0 3
0.6640944820566176 1 3 0 3 3 0
-19.72155110662649 1 3 0 3 3 3
-0.012043268647844845 1 3 1 0 0 1
-0.0062604699278783656 1 3 1 0 3 1
-0.0062604699278783656 1 3 1 3 0 1
-0.012043268647844845 1 3 1 3 3 1
-0.024128564873894254 1 3 2 1 0 2
-0.013112350652543413 1 3 2 1 3 2
0.024128564873894254 1 3 2 2 0 1
0.013112350652543413 1 3 2 2 3 1
0.8531572608044702 1 3 3 0 0 0
0.07664049876719395 1 3 3 0 0 3
0.07664049876719393 1 3 3 0 3 0
-4.139057872947137 1 3 3 0 3 3
0.0012678538687826394 1 3 3 1 0 0
0.0012678538687826394 1 3 3 1 3 3
0.2963443494239499 1 3 3 3 0 0
-10.8241041656031 1 3 3 3 0 3
-10.8241041656031 1 3 3 3 3 0
-46.38316844916018 1 3 3 3 3 3
10.529864440452823 2 0 0 2 0 0
-0.3246587428231118 2 0 0 2 0 3
-0.3246587428231118 2 0 0 2 3 0
10.529864440452824 2 0 0 2 3 3
-0.0001993243908304621 2 0 1 0 0 2
-1.7539219026252244 2 0 1 1 0 2
0.02412856487389426 2 0 1 1 3 2
1.7539219026252246 2 0 1 2 0 1
-0.02412856487389426 2 0 1 2 3 1
-0.0001993243908304621 2 0 1 3 3 2
1.0283433825269288 2 0 2 0 0 1
-0.014368264647695729 2 0 2 0 3 1
0.0017203315816807345 2 0 2 1 0 1
0.0017203315816807345 2 0 2 2 0 2
-0.014368264647695729 2 0 2 3 0 1
1.0283433825269288 2 0 2 3 3 1
-0.3246587428231118 2 0 3 2 0 0
-0.15903805003420385 2 0 3 2 0 3
-0.15903805003420385 2 0 3 2 3 0
-0.3246587428231118 2 0 3 2 3 3
-0.00019932439083046317 2 1 0 0 2 0
-1.7539219026252244 2 1 0 1 2 0
0.024128564873894254 2 1 0 1 2 3
1.7539219026252246 2 1 0 2 1 0
-0.024128564873894254 2 1 0 2 1 3
-0.00019932439083046317 2 1 0 3 2 3
0.024128564873894243 2 1 3 1 2 0
0.013112350652543412 2 1 3 1 2 3
-0.024128564873894243 2 1 3 2 1 0
-0.013112350652543412 2 1 3 2 1 3
1.0283433825269288 2 2 0 0 1 0
-0.014368264647695726 2 2 0 0 1 3
0.0017203315816807351 2 2 0 1 1 0
0.0017203315816807351 2 2 0 2 2 0
-0.014368264647695726 2 2 0 3 1 0
1.0283433825269288 2 2 0 3 1 3
-0.01204326864784484 2 2 3 0 1 0
-0.006260469927878367 2 2 3 0 1 3
-0.006260469927878367 2 2 3 3 1 0
-0.01204326864784484 2 2 3 3 1 3
-0.3246587428231118 2 3 0 2 0 0
-0.15903805003420385 2 3 0 2 0 3
-0.15903805003420385 2 3 0 2 3 0
-0.3246587428231118 2 3 0 2 3 3
0.024128564873894254 2 3 1 1 0 2
0.013112350652543413 2 3 1 1 3 2
-0.024128564873894254 2 3 1 2 0 1
-0.013112350652543413 2 3 1 2 3 1
-0.012043268647844843 2 3 2 0 0 1
-0.006260469927878366 2 3 2 0 3 1
-0.006260469927878366 2 3 2 3 0 1
-0.012043268647844843 2 3 2 3 3 1
10.529864440452824 2 3 3 2 0 0
-0.3246587428231118 2 3 3 2 0 3
-0.3246587428231118 2 3 3 2 3 0
10.529864440452823 2 3 3 2 3 3
-155.42354408231722 3 0 0 0 0 0
-31.26166686602248 3 0 0 0 0 3
-31.261666866022473 3 0 0 0 3 0
0.39279441929482894 3 0 0 0 3 3
46.38316844916016 3 0 0 1 0 0
19.721551106626503 3 0 0 1 0 3
19.721551106626507 3 0 0 1 3 0
46.38316844916016 3 0 0 1 3 3
-31.485724393885473 3 0 0 3 0 0
0.14135894889209794 3 0 0 3 0 3
0.14135894889209816 3 0 0 3 3 0
30.354755859551553 3 0 0 3 3 3
0.00019932439083046182 3 0 1 1 3 1
0.00019932439083046203 3 0 1 2 3 2
-0.02320171137074365 3 0 2 0 0 2
-0.010658097850828791 3 0 2 0 3 2
-0.01204326864784485 3 0 2 1 0 2
1.0283433825269288 3 0 2 1 3 2
0.01204326864784485 3 0 2 2 0 1
-1.0283433825269288 3 0 2 2 3 1
-0.010658097850828791 3 0 2 3 0 2
-0.02320171137074365 3 0 2 3 3 2
-1.9327227132034517 3 0 3 0 0 0
0.23106674330628652 3 0 3 0 0 3
0.1590723370592495 3 0 3 0 3 0
0.02096573762186292 3 0 3 0 3 3
10.8241041656031 3 0 3 1 0 0
-0.6640944820566176 3 0 3 1 0 3
-0.6640944820566176 3 0 3 1 3 0
10.8241041656031 3 0 3 1 3 3
0.14135894889209805 3 0 3 3 0 0
0.026744516234667375 3 0 3 3 0 3
-0.009969005362923373 3 0 3 3 3 0
-0.09476409206167657 3 0 3 3 3 3
0.00019932439083046268 3 1 0 1 1 3
0.0001993243908304629 3 1 0 2 2 3
-0.03599720312351876 3 1 2 0 1 2
0.03599720312351876 3 1 2 0 2 1
-0.018356760798795484 3 1 2 3 1 2
0.018356760798795484 3 1 2 3 2 1
0.0016252174010971425 3 1 3 0 1 0
0.0016252174010971425 3 1 3 3 1 3
-0.023201711370743647 3 2 0 0 2 0
-0.010658097850828791 3 2 0 0 2 3
-0.012043268647844843 3 2 0 1 2 0
1.0283433825269288 3 2 0 1 2 3
0.012043268647844843 3 2 0 2 1 0
-1.0283433825269288 3 2 0 2 1 3
-0.010658097850828791 3 2 0 3 2 0
-0.023201711370743647 3 2 0 3 2 3
0.03599720312351876 3 2 1 0 1 2
-0.03599720312351876 3 2 1 0 2 1
0.018356760798795484 3 2 1 3 1 2
-0.018356760798795484 3 2 1 3 2 1
1.4035941214424639 3 2 3 0 2 0
-0.02320171137074365 3 2 3 0 2 3
-0.0062604699278783656 3 2 3 1 2 0
-0.014368264647695722 3 2 3 1 2 3
0.0062604699278783656 3 2 3 2 1 0
0.014368264647695722 3 2 3 2 1 3
-0.02320171137074365 3 2 3 3 2 0
1.4035941214424639 3 2 3 3 2 3
-1.9327227132034506 3 3 0 0 0 0
0.15907233705924967 3 3 0 0 0 3
0.23106674330628682 3 3 0 0 3 0
0.020965737621863004 3 3 0 0 3 3
10.8241041656031 3 3 0 1 0 0
-0.6640944820566177 3 3 0 1 0 3
-0.6640944820566177 3 3 0 1 3 0
10.8241041656031 3 3 0 1 3 3
0.14135894889209816 3 3 0 3 0 0
-0.00996900536292338 3 3 0 3 0 3
0.0267445162346674 3 3 0 3 3 0
-0.09476409206167667 3 3 0 3 3 3
0.0016252174010971405 3 3 1 0 0 1
0.0016252174010971403 3 3 1 3 3 1
1.403594121442464 3 3 2 0 0 2
-0.023201711370743654 3 3 2 0 3 2
-0.0062604699278783656 3 3 2 1 0 2
-0.014368264647695726 3 3 2 1 3 2
0.0062604699278783656 3 3 2 2 0 1
0.014368264647695726 3 3 2 2 3 1
-0.023201711370743654 3 3 2 3 0 2
1.4035941214424639 3 3 2 3 3 2
98.24949400367377 3 3 3 0 0 0
28.997032742275838 3 3 3 0 0 3
28.99703274227583 3 3 3 0 3 0
-0.2541803416122061 3 3 3 0 3 3
-0.2963443494239499 3 3 3 1 0 0
-0.14294912911158678 3 3 3 1 0 3
-0.14294912911158678 3 3 3 1 3 0
-0.2963443494239499 3 3 3 1 3 3
30.354755859551553 3 3 3 3 0 0
-0.09476409206167646 3 3 3 3 0 3
-0.09476409206167666 3 3 3 3 3 0
-32.037009409568526 3 3 3 3 3 3
