-7.203211824025342 0 0 0 0
0.018581656743130115 1 0 0 0
0.01744151920331597 1 1 0 0
0.009043562846861686 1 1 3 0
0.006834884429491685 1 1 3 1
-0.004510907202815018 1 1 3 3
0.006834884429491685 1 1 0 1
-0.01290886807849002 1 1 0 3
-0.008082591831654646 1 2 1 2
-0.013812403702449051 1 2 2 0
0.008082591831654646 1 2 2 1
-0.013812403702449051 1 2 2 3
0.018581656743130115 1 3 0 0
0.01381240370244905 1 3 1 1
0.01381240370244905 1 3 2 2
0.003630695387323586 1 3 3 0
-0.010473922827465149 1 3 3 3
-0.02542488936268905 1 3 0 3
0.01381240370244905 1 0 1 1
0.01381240370244905 1 0 2 2
0.003630695387323586 1 0 3 0
-0.010473922827465149 1 0 3 3
-0.02542488936268905 1 0 0 3
0.008082591831654646 2 1 1 2
0.013812403702449051 2 1 2 0
-0.008082591831654646 2 1 2 1
0.013812403702449051 2 1 2 3
0.01744151920331597 2 2 0 0
0.009043562846861686 2 2 3 0
0.006834884429491685 2 2 3 1
-0.004510907202815018 2 2 3 3
0.006834884429491685 2 2 0 1
-0.01290886807849002 2 2 0 3
-0.03302838372248438 2 3 2 0
-0.03302838372248438 2 3 2 3
0.011521432232486452 2 3 3 2
0.011521432232486452 2 3 0 2
-0.03302838372248438 2 0 2 0
-0.03302838372248438 2 0 2 3
0.011521432232486452 2 0 3 2
0.011521432232486452 2 0 0 2
-0.10158140598288888 3 0 0 0
-0.009298321839870654 3 1 0 0
0.011521432232486452 3 1 1 0
0.011521432232486452 3 1 1 3
-0.01186146185360656 3 1 3 0
0.01665204970517662 3 1 3 3
0.01976819530625718 3 1 0 3
0.006834884429491685 3 2 1 2
-0.006834884429491685 3 2 2 1
-0.009880460313145545 3 2 3 2
-0.009880460313145545 3 2 0 2
0.24508809166780585 3 3 0 0
-0.003630695387323586 3 3 1 0
0.01744151920331597 3 3 1 1
-0.003630695387323586 3 3 1 3
0.01744151920331597 3 3 2 2
-0.09883282546912406 3 3 3 0
-0.019768195306257175 3 3 3 1
0.09655615435556206 3 3 3 3
-0.019768195306257175 3 3 0 1
-0.060239696542307666 3 3 0 3
0.010473922827465149 3 0 1 0
-0.01290886807849002 3 0 1 1
0.010473922827465149 3 0 1 3
-0.01290886807849002 3 0 2 2
0.10721948560028766 3 0 3 0
0.009298321839870654 3 0 3 1
-0.09883282546912406 3 0 3 3
0.009298321839870654 3 0 0 1
0.05325329498123551 3 0 0 3
-0.009298321839870654 0 1 0 0
0.011521432232486452 0 1 1 0
0.011521432232486452 0 1 1 3
-0.01186146185360656 0 1 3 0
0.01665204970517662 0 1 3 3
0.01976819530625718 0 1 0 3
0.006834884429491685 0 2 1 2
-0.006834884429491685 0 2 2 1
-0.009880460313145545 0 2 3 2
-0.009880460313145545 0 2 0 2
-0.19008457029914738 0 3 0 0
-0.018581656743130115 0 3 1 0
0.009043562846861697 0 3 1 1
-0.018581656743130115 0 3 1 3
0.009043562846861697 0 3 2 2
0.05325329498123551 0 3 3 0
-0.01665204970517662 0 3 3 1
-0.060239696542307666 0 3 3 3
-0.01665204970517662 0 3 0 1
0.0794378746318207 0 3 0 3
0.02542488936268905 0 0 1 0
-0.004510907202815018 0 0 1 1
0.02542488936268905 0 0 1 3
-0.004510907202815018 0 0 2 2
-0.10158140598288887 0 0 3 0
0.011861461853606562 0 0 3 1
0.24508809166780585 0 0 3 3
0.011861461853606562 0 0 0 1
-0.19008457029914738 0 0 0 3
