-5078.446724416287 0 0 0 0 0 0 0 0 0 0 0 0 0 0 0 0
-0.005246026904387085 1 1 1 3 3 1 0 0 3 0 3 3 3 0 0 0
0.0064313334033543135 1 1 1 3 3 3 1 0 3 0 3 3 3 3 0 0
-0.0008061158874407567 1 1 2 3 3 2 0 0 3 0 3 3 3 0 0 0
0.0009882526583187647 1 1 2 3 3 3 2 0 3 0 3 3 3 3 0 0
-0.01498729245336513 1 1 3 3 3 0 0 0 3 1 3 3 1 0 0 0
-0.01498729245336513 1 1 3 3 3 0 0 0 3 2 3 3 2 0 0 0
0.006431333403354301 1 1 0 1 3 1 0 0 3 0 0 3 3 0 0 0
0.005246026904387085 1 1 0 1 3 3 1 0 3 0 0 3 3 3 0 0
0.0009882526583187608 1 1 0 2 3 2 0 0 3 0 0 3 3 0 0 0
0.0008061158874407534 1 1 0 2 3 3 2 0 3 0 0 3 3 3 0 0
0.012895397005974274 1 1 0 3 3 3 3 0 3 0 1 3 3 3 1 0
0.012895397005974274 1 1 0 3 3 3 3 0 3 0 2 3 3 3 2 0
-0.01051875177250343 1 1 0 3 3 3 0 0 3 0 1 3 3 1 0 0
-0.01051875177250343 1 1 0 3 3 3 0 0 3 0 2 3 3 2 0 0
0.014814607871055787 1 1 0 0 1 3 3 1 3 0 0 0 3 3 3 0
0.0037731232926211415 1 1 0 0 2 3 3 2 3 0 0 0 3 3 3 0
0.010518751772503426 1 1 0 0 3 3 3 0 3 0 0 1 3 3 1 0
0.010518751772503426 1 1 0 0 3 3 3 0 3 0 0 2 3 3 2 0
0.012895397005974255 1 1 0 0 3 3 0 0 3 0 0 1 3 1 0 0
0.012895397005974255 1 1 0 0 3 3 0 0 3 0 0 2 3 2 0 0
0.01025634824583944 1 1 0 0 0 3 3 3 3 0 0 0 1 3 3 1
0.01025634824583944 1 1 0 0 0 3 3 3 3 0 0 0 2 3 3 2
-0.004439911016946328 1 2 2 3 3 1 0 0 3 0 3 3 3 0 0 0
0.0054430807450355475 1 2 2 3 3 3 1 0 3 0 3 3 3 3 0 0
-0.00792710704132468 1 2 3 3 3 3 3 3 1 3 3 3 3 3 3 2
0.00792710704132468 1 2 3 3 3 3 3 3 2 3 3 3 3 3 3 1
0.0054430807450355405 1 2 0 2 3 1 0 0 3 0 0 3 3 0 0 0
0.004439911016946332 1 2 0 2 3 3 1 0 3 0 0 3 3 3 0 0
0.011041484578434645 1 2 0 0 2 3 3 1 3 0 0 0 3 3 3 0
-0.01074727192763114 1 2 0 0 0 0 0 0 1 2 0 0 0 0 0 0
0.01074727192763114 1 2 0 0 0 0 0 0 2 1 0 0 0 0 0 0
-0.0023494025721214735 1 3 1 3 3 0 0 0 3 3 1 3 1 0 0 0
-0.0023494025721214735 1 3 1 3 3 0 0 0 3 3 2 3 2 0 0 0
0.0006792012291356065 1 3 1 0 0 1 3 1 3 3 0 0 0 3 3 0
-0.0033017516716288683 1 3 1 0 0 2 3 2 3 3 0 0 0 3 3 0
-0.0008326624380988442 1 3 1 0 0 0 1 1 3 3 0 0 0 0 3 0
0.004047761515971229 1 3 1 0 0 0 2 2 3 3 0 0 0 0 3 0
-0.0064743540945630795 1 3 1 0 0 0 3 3 3 3 0 0 0 1 3 1
-0.0064743540945630795 1 3 1 0 0 0 3 3 3 3 0 0 0 2 3 2
0.007937193329810452 1 3 1 0 0 0 0 3 3 3 0 0 0 0 1 1
0.007937193329810452 1 3 1 0 0 0 0 3 3 3 0 0 0 0 2 2
-0.01190714434765551 1 3 2 3 3 3 3 0 3 1 3 3 3 3 2 0
0.01190714434765551 1 3 2 3 3 3 3 0 3 2 3 3 3 3 1 0
0.009712635885062675 1 3 2 3 3 3 0 0 3 1 3 3 3 2 0 0
-0.009712635885062675 1 3 2 3 3 3 0 0 3 2 3 3 3 1 0 0
0.003980952900764475 1 3 2 0 0 2 3 1 3 3 0 0 0 3 3 0
-0.004880423954070073 1 3 2 0 0 0 2 1 3 3 0 0 0 0 3 0
-0.0023494025721214713 1 3 3 1 3 0 0 0 3 3 3 1 1 0 0 0
-0.0023494025721214713 1 3 3 1 3 0 0 0 3 3 3 2 2 0 0 0
-0.0008326624380988398 1 3 3 1 0 1 3 1 3 3 3 0 0 3 3 0
0.0040477615159712245 1 3 3 1 0 2 3 2 3 3 3 0 0 3 3 0
-0.0006792012291356006 1 3 3 1 0 0 1 1 3 3 3 0 0 0 3 0
0.003301751671628871 1 3 3 1 0 0 2 2 3 3 3 0 0 0 3 0
0.007937193329810441 1 3 3 1 0 0 3 3 3 3 3 0 0 1 3 1
0.007937193329810441 1 3 3 1 0 0 3 3 3 3 3 0 0 2 3 2
0.0064743540945630795 1 3 3 1 0 0 0 3 3 3 3 0 0 0 1 1
0.0064743540945630795 1 3 3 1 0 0 0 3 3 3 3 0 0 0 2 2
-0.004880423954070064 1 3 3 2 0 2 3 1 3 3 3 0 0 3 3 0
-0.003980952900764471 1 3 3 2 0 0 2 1 3 3 3 0 0 0 3 0
-0.008468513412775311 1 3 3 3 1 3 0 0 3 3 3 3 0 0 0 0
-0.008468513412775318 1 3 3 3 1 0 3 0 3 3 3 3 0 0 0 0
-0.0036311464625598186 1 3 3 3 1 0 0 3 3 3 3 3 0 0 0 0
-0.008102095072633519 1 3 3 3 1 0 0 0 3 3 3 0 0 0 0 0
-0.0869566986491948 1 3 3 3 1 0 0 0 3 3 3 3 0 0 0 0
-0.0015172382590411982 1 3 3 3 1 0 0 0 3 3 3 3 3 0 0 0
-0.0035163357150137754 1 3 3 3 1 0 0 0 3 3 3 3 0 3 0 0
-0.0035163357150137823 1 3 3 3 1 0 0 0 3 3 3 3 0 0 3 0
-0.007370768865831742 1 3 3 3 1 0 0 0 3 3 3 3 0 0 0 3
-0.008102095072633538 1 3 3 3 1 0 0 0 3 3 0 3 0 0 0 0
-0.0004937746836185872 1 3 3 3 1 0 0 0 3 0 3 3 0 0 0 0
-0.01938967400585537 1 3 3 3 1 0 0 0 0 3 3 3 0 0 0 0
0.004952177697761536 1 3 3 3 3 2 0 0 3 3 3 3 1 2 0 0
-0.004952177697761536 1 3 3 3 3 2 0 0 3 3 3 3 2 1 0 0
0.004952177697761534 1 3 3 3 3 0 2 0 3 3 3 3 1 0 2 0
-0.004952177697761534 1 3 3 3 3 0 2 0 3 3 3 3 2 0 1 0
-0.0037396224032719234 1 3 3 3 3 0 0 2 3 3 3 3 1 0 0 2
0.0037396224032719234 1 3 3 3 3 0 0 2 3 3 3 3 2 0 0 1
-0.0038894318138392166 1 3 3 3 0 2 3 3 3 3 3 1 0 3 3 2
0.0038894318138392166 1 3 3 3 0 2 3 3 3 3 3 2 0 3 3 1
-0.0031726024229342085 1 3 3 3 0 0 2 3 3 3 3 1 0 0 3 2
0.0031726024229342085 1 3 3 3 0 0 2 3 3 3 3 2 0 0 3 1
-0.008769855767909281 1 3 3 3 0 0 3 1 3 3 3 1 0 1 3 0
-0.008769855767909281 1 3 3 3 0 0 3 1 3 3 3 2 0 2 3 0
-0.0071535553236986805 1 3 3 3 0 0 0 1 3 3 3 1 0 0 1 0
-0.0071535553236986805 1 3 3 3 0 0 0 1 3 3 3 2 0 0 2 0
-0.01045149764475499 1 3 3 0 1 0 0 0 3 3 3 3 0 0 0 0
0.0031726024229342116 1 3 3 0 0 2 3 3 3 3 1 0 0 3 3 2
-0.0031726024229342116 1 3 3 0 0 2 3 3 3 3 2 0 0 3 3 1
-0.003889431813839224 1 3 3 0 0 0 2 3 3 3 1 0 0 0 3 2
0.003889431813839224 1 3 3 0 0 0 2 3 3 3 2 0 0 0 3 1
0.007153555323698687 1 3 3 0 0 0 3 1 3 3 1 0 0 1 3 0
0.007153555323698687 1 3 3 0 0 0 3 1 3 3 2 0 0 2 3 0
-0.008769855767909297 1 3 3 0 0 0 0 1 3 3 1 0 0 0 1 0
-0.008769855767909297 1 3 3 0 0 0 0 1 3 3 2 0 0 0 2 0
-0.009712635885062673 1 3 0 2 3 3 3 0 3 1 0 3 3 3 2 0
0.009712635885062673 1 3 0 2 3 3 3 0 3 2 0 3 3 3 1 0
-0.011907144347655496 1 3 0 2 3 3 0 0 3 1 0 3 3 2 0 0
0.011907144347655496 1 3 0 2 3 3 0 0 3 2 0 3 3 1 0 0
-0.01045149764475501 1 3 0 3 1 0 0 0 3 3 3 3 0 0 0 0
0.0052727248681163465 1 3 0 3 3 1 0 0 3 1 1 3 3 0 0 0
0.0052727248681163465 1 3 0 3 3 1 0 0 3 2 2 3 3 0 0 0
-0.006464063602619963 1 3 0 3 3 3 1 0 3 1 1 3 3 3 0 0
-0.006464063602619963 1 3 0 3 3 3 1 0 3 2 2 3 3 3 0 0
-0.006483224953218296 1 3 0 0 2 3 3 3 3 1 0 0 3 3 3 2
0.006483224953218296 1 3 0 0 2 3 3 3 3 2 0 0 3 3 3 1
-0.006464063602619953 1 3 0 0 3 1 0 0 3 1 0 1 3 0 0 0
-0.006464063602619953 1 3 0 0 3 1 0 0 3 2 0 2 3 0 0 0
-0.005272724868116341 1 3 0 0 3 3 1 0 3 1 0 1 3 3 0 0
-0.005272724868116341 1 3 0 0 3 3 1 0 3 2 0 2 3 3 0 0
0.004558259625216349 1 3 0 0 0 3 3 1 3 1 0 0 1 3 3 0
0.004558259625216349 1 3 0 0 0 3 3 1 3 2 0 0 2 3 3 0
-0.02032841381306781 1 0 2 0 0 0 0 0 1 0 2 0 0 0 0 0
0.02032841381306781 1 0 2 0 0 0 0 0 2 0 1 0 0 0 0 0
-0.015481067136983717 1 0 3 3 1 0 0 0 3 3 3 3 0 0 0 0
-0.00792710704132468 1 0 3 3 3 3 3 1 1 1 3 3 3 3 3 0
-0.00792710704132468 1 0 3 3 3 3 3 1 2 2 3 3 3 3 3 0
-0.020328413813067756 1 0 0 2 0 0 0 0 1 0 0 2 0 0 0 0
0.020328413813067756 1 0 0 2 0 0 0 0 2 0 0 1 0 0 0 0
-0.00899338716666276 1 0 0 0 2 0 0 0 1 0 0 0 2 0 0 0
0.00899338716666276 1 0 0 0 2 0 0 0 2 0 0 0 1 0 0 0
-0.007410141603338723 1 0 0 0 0 2 0 0 1 0 0 0 0 2 0 0
0.007410141603338723 1 0 0 0 0 2 0 0 2 0 0 0 0 1 0 0
-0.007410141603338723 1 0 0 0 0 0 2 0 1 0 0 0 0 0 2 0
0.007410141603338723 1 0 0 0 0 0 2 0 2 0 0 0 0 0 1 0
-0.009923812697161652 1 0 0 0 0 0 0 2 1 0 0 0 0 0 0 2
0.009923812697161652 1 0 0 0 0 0 0 2 2 0 0 0 0 0 0 1
-0.004439911016946328 2 1 1 3 3 2 0 0 3 0 3 3 3 0 0 0
0.0054430807450355475 2 1 1 3 3 3 2 0 3 0 3 3 3 3 0 0
0.00792710704132468 2 1 3 3 3 3 3 3 1 3 3 3 3 3 3 2
-0.00792710704132468 2 1 3 3 3 3 3 3 2 3 3 3 3 3 3 1
0.0054430807450355405 2 1 0 1 3 2 0 0 3 0 0 3 3 0 0 0
0.004439911016946332 2 1 0 1 3 3 2 0 3 0 0 3 3 3 0 0
0.011041484578434645 2 1 0 0 1 3 3 2 3 0 0 0 3 3 3 0
0.01074727192763114 2 1 0 0 0 0 0 0 1 2 0 0 0 0 0 0
-0.01074727192763114 2 1 0 0 0 0 0 0 2 1 0 0 0 0 0 0
-0.0008061158874407567 2 2 1 3 3 1 0 0 3 0 3 3 3 0 0 0
0.0009882526583187647 2 2 1 3 3 3 1 0 3 0 3 3 3 3 0 0
-0.005246026904387085 2 2 2 3 3 2 0 0 3 0 3 3 3 0 0 0
0.0064313334033543135 2 2 2 3 3 3 2 0 3 0 3 3 3 3 0 0
-0.01498729245336513 2 2 3 3 3 0 0 0 3 1 3 3 1 0 0 0
-0.01498729245336513 2 2 3 3 3 0 0 0 3 2 3 3 2 0 0 0
0.0009882526583187608 2 2 0 1 3 1 0 0 3 0 0 3 3 0 0 0
0.0008061158874407534 2 2 0 1 3 3 1 0 3 0 0 3 3 3 0 0
0.006431333403354301 2 2 0 2 3 2 0 0 3 0 0 3 3 0 0 0
0.005246026904387085 2 2 0 2 3 3 2 0 3 0 0 3 3 3 0 0
0.012895397005974274 2 2 0 3 3 3 3 0 3 0 1 3 3 3 1 0
0.012895397005974274 2 2 0 3 3 3 3 0 3 0 2 3 3 3 2 0
-0.01051875177250343 2 2 0 3 3 3 0 0 3 0 1 3 3 1 0 0
-0.01051875177250343 2 2 0 3 3 3 0 0 3 0 2 3 3 2 0 0
0.0037731232926211415 2 2 0 0 1 3 3 1 3 0 0 0 3 3 3 0
0.014814607871055787 2 2 0 0 2 3 3 2 3 0 0 0 3 3 3 0
0.010518751772503426 2 2 0 0 3 3 3 0 3 0 0 1 3 3 1 0
0.010518751772503426 2 2 0 0 3 3 3 0 3 0 0 2 3 3 2 0
0.012895397005974255 2 2 0 0 3 3 0 0 3 0 0 1 3 1 0 0
0.012895397005974255 2 2 0 0 3 3 0 0 3 0 0 2 3 2 0 0
0.01025634824583944 2 2 0 0 0 3 3 3 3 0 0 0 1 3 3 1
0.01025634824583944 2 2 0 0 0 3 3 3 3 0 0 0 2 3 3 2
0.01190714434765551 2 3 1 3 3 3 3 0 3 1 3 3 3 3 2 0
-0.01190714434765551 2 3 1 3 3 3 3 0 3 2 3 3 3 3 1 0
-0.009712635885062675 2 3 1 3 3 3 0 0 3 1 3 3 3 2 0 0
0.009712635885062675 2 3 1 3 3 3 0 0 3 2 3 3 3 1 0 0
0.003980952900764475 2 3 1 0 0 1 3 2 3 3 0 0 0 3 3 0
-0.004880423954070073 2 3 1 0 0 0 1 2 3 3 0 0 0 0 3 0
-0.0023494025721214735 2 3 2 3 3 0 0 0 3 3 1 3 1 0 0 0
-0.0023494025721214735 2 3 2 3 3 0 0 0 3 3 2 3 2 0 0 0
-0.0033017516716288683 2 3 2 0 0 1 3 1 3 3 0 0 0 3 3 0
0.0006792012291356065 2 3 2 0 0 2 3 2 3 3 0 0 0 3 3 0
0.004047761515971229 2 3 2 0 0 0 1 1 3 3 0 0 0 0 3 0
-0.0008326624380988442 2 3 2 0 0 0 2 2 3 3 0 0 0 0 3 0
-0.0064743540945630795 2 3 2 0 0 0 3 3 3 3 0 0 0 1 3 1
-0.0064743540945630795 2 3 2 0 0 0 3 3 3 3 0 0 0 2 3 2
0.007937193329810452 2 3 2 0 0 0 0 3 3 3 0 0 0 0 1 1
0.007937193329810452 2 3 2 0 0 0 0 3 3 3 0 0 0 0 2 2
-0.004880423954070064 2 3 3 1 0 1 3 2 3 3 3 0 0 3 3 0
-0.003980952900764471 2 3 3 1 0 0 1 2 3 3 3 0 0 0 3 0
-0.0023494025721214713 2 3 3 2 3 0 0 0 3 3 3 1 1 0 0 0
-0.0023494025721214713 2 3 3 2 3 0 0 0 3 3 3 2 2 0 0 0
0.0040477615159712245 2 3 3 2 0 1 3 1 3 3 3 0 0 3 3 0
-0.0008326624380988398 2 3 3 2 0 2 3 2 3 3 3 0 0 3 3 0
0.003301751671628871 2 3 3 2 0 0 1 1 3 3 3 0 0 0 3 0
-0.0006792012291356006 2 3 3 2 0 0 2 2 3 3 3 0 0 0 3 0
0.007937193329810441 2 3 3 2 0 0 3 3 3 3 3 0 0 1 3 1
0.007937193329810441 2 3 3 2 0 0 3 3 3 3 3 0 0 2 3 2
0.0064743540945630795 2 3 3 2 0 0 0 3 3 3 3 0 0 0 1 1
0.0064743540945630795 2 3 3 2 0 0 0 3 3 3 3 0 0 0 2 2
-0.008468513412775311 2 3 3 3 2 3 0 0 3 3 3 3 0 0 0 0
-0.008468513412775318 2 3 3 3 2 0 3 0 3 3 3 3 0 0 0 0
-0.0036311464625598186 2 3 3 3 2 0 0 3 3 3 3 3 0 0 0 0
-0.008102095072633519 2 3 3 3 2 0 0 0 3 3 3 0 0 0 0 0
-0.0869566986491948 2 3 3 3 2 0 0 0 3 3 3 3 0 0 0 0
-0.0015172382590411982 2 3 3 3 2 0 0 0 3 3 3 3 3 0 0 0
-0.0035163357150137754 2 3 3 3 2 0 0 0 3 3 3 3 0 3 0 0
-0.0035163357150137823 2 3 3 3 2 0 0 0 3 3 3 3 0 0 3 0
-0.007370768865831742 2 3 3 3 2 0 0 0 3 3 3 3 0 0 0 3
-0.008102095072633538 2 3 3 3 2 0 0 0 3 3 0 3 0 0 0 0
-0.0004937746836185872 2 3 3 3 2 0 0 0 3 0 3 3 0 0 0 0
-0.01938967400585537 2 3 3 3 2 0 0 0 0 3 3 3 0 0 0 0
-0.004952177697761536 2 3 3 3 3 1 0 0 3 3 3 3 1 2 0 0
0.004952177697761536 2 3 3 3 3 1 0 0 3 3 3 3 2 1 0 0
-0.004952177697761534 2 3 3 3 3 0 1 0 3 3 3 3 1 0 2 0
0.004952177697761534 2 3 3 3 3 0 1 0 3 3 3 3 2 0 1 0
0.0037396224032719234 2 3 3 3 3 0 0 1 3 3 3 3 1 0 0 2
-0.0037396224032719234 2 3 3 3 3 0 0 1 3 3 3 3 2 0 0 1
0.0038894318138392166 2 3 3 3 0 1 3 3 3 3 3 1 0 3 3 2
-0.0038894318138392166 2 3 3 3 0 1 3 3 3 3 3 2 0 3 3 1
0.0031726024229342085 2 3 3 3 0 0 1 3 3 3 3 1 0 0 3 2
-0.0031726024229342085 2 3 3 3 0 0 1 3 3 3 3 2 0 0 3 1
-0.008769855767909281 2 3 3 3 0 0 3 2 3 3 3 1 0 1 3 0
-0.008769855767909281 2 3 3 3 0 0 3 2 3 3 3 2 0 2 3 0
-0.0071535553236986805 2 3 3 3 0 0 0 2 3 3 3 1 0 0 1 0
-0.0071535553236986805 2 3 3 3 0 0 0 2 3 3 3 2 0 0 2 0
-0.01045149764475499 2 3 3 0 2 0 0 0 3 3 3 3 0 0 0 0
-0.0031726024229342116 2 3 3 0 0 1 3 3 3 3 1 0 0 3 3 2
0.0031726024229342116 2 3 3 0 0 1 3 3 3 3 2 0 0 3 3 1
0.003889431813839224 2 3 3 0 0 0 1 3 3 3 1 0 0 0 3 2
-0.003889431813839224 2 3 3 0 0 0 1 3 3 3 2 0 0 0 3 1
0.007153555323698687 2 3 3 0 0 0 3 2 3 3 1 0 0 1 3 0
0.007153555323698687 2 3 3 0 0 0 3 2 3 3 2 0 0 2 3 0
-0.008769855767909297 2 3 3 0 0 0 0 2 3 3 1 0 0 0 1 0
-0.008769855767909297 2 3 3 0 0 0 0 2 3 3 2 0 0 0 2 0
0.009712635885062673 2 3 0 1 3 3 3 0 3 1 0 3 3 3 2 0
-0.009712635885062673 2 3 0 1 3 3 3 0 3 2 0 3 3 3 1 0
0.011907144347655496 2 3 0 1 3 3 0 0 3 1 0 3 3 2 0 0
-0.011907144347655496 2 3 0 1 3 3 0 0 3 2 0 3 3 1 0 0
-0.01045149764475501 2 3 0 3 2 0 0 0 3 3 3 3 0 0 0 0
0.0052727248681163465 2 3 0 3 3 2 0 0 3 1 1 3 3 0 0 0
0.0052727248681163465 2 3 0 3 3 2 0 0 3 2 2 3 3 0 0 0
-0.006464063602619963 2 3 0 3 3 3 2 0 3 1 1 3 3 3 0 0
-0.006464063602619963 2 3 0 3 3 3 2 0 3 2 2 3 3 3 0 0
0.006483224953218296 2 3 0 0 1 3 3 3 3 1 0 0 3 3 3 2
-0.006483224953218296 2 3 0 0 1 3 3 3 3 2 0 0 3 3 3 1
-0.006464063602619953 2 3 0 0 3 2 0 0 3 1 0 1 3 0 0 0
-0.006464063602619953 2 3 0 0 3 2 0 0 3 2 0 2 3 0 0 0
-0.005272724868116341 2 3 0 0 3 3 2 0 3 1 0 1 3 3 0 0
-0.005272724868116341 2 3 0 0 3 3 2 0 3 2 0 2 3 3 0 0
0.004558259625216349 2 3 0 0 0 3 3 2 3 1 0 0 1 3 3 0
0.004558259625216349 2 3 0 0 0 3 3 2 3 2 0 0 2 3 3 0
0.02032841381306781 2 0 1 0 0 0 0 0 1 0 2 0 0 0 0 0
-0.02032841381306781 2 0 1 0 0 0 0 0 2 0 1 0 0 0 0 0
-0.015481067136983717 2 0 3 3 2 0 0 0 3 3 3 3 0 0 0 0
-0.00792710704132468 2 0 3 3 3 3 3 2 1 1 3 3 3 3 3 0
-0.00792710704132468 2 0 3 3 3 3 3 2 2 2 3 3 3 3 3 0
0.020328413813067756 2 0 0 1 0 0 0 0 1 0 0 2 0 0 0 0
-0.020328413813067756 2 0 0 1 0 0 0 0 2 0 0 1 0 0 0 0
0.00899338716666276 2 0 0 0 1 0 0 0 1 0 0 0 2 0 0 0
-0.00899338716666276 2 0 0 0 1 0 0 0 2 0 0 0 1 0 0 0
0.007410141603338723 2 0 0 0 0 1 0 0 1 0 0 0 0 2 0 0
-0.007410141603338723 2 0 0 0 0 1 0 0 2 0 0 0 0 1 0 0
0.007410141603338723 2 0 0 0 0 0 1 0 1 0 0 0 0 0 2 0
-0.007410141603338723 2 0 0 0 0 0 1 0 2 0 0 0 0 0 1 0
0.009923812697161652 2 0 0 0 0 0 0 1 1 0 0 0 0 0 0 2
-0.009923812697161652 2 0 0 0 0 0 0 1 2 0 0 0 0 0 0 1
1.6828888491748506 3 0 0 0 0 0 0 0 0 0 0 0 0 0 0 0
-0.008165460826544966 3 1 3 3 3 3 3 1 0 3 3 3 3 3 3 0
-0.008165460826544966 3 2 3 3 3 3 3 2 0 3 3 3 3 3 3 0
0.07970918381075859 3 3 0 0 0 0 0 0 0 0 0 0 0 0 0 0
-0.01938967400585537 3 3 3 3 3 0 0 0 1 3 3 3 1 0 0 0
-0.01938967400585537 3 3 3 3 3 0 0 0 2 3 3 3 2 0 0 0
0.08743678304742467 3 0 3 0 0 0 0 0 0 0 0 0 0 0 0 0
-0.016092567867869646 3 0 3 3 3 3 3 3 0 1 3 3 3 3 3 1
-0.016092567867869646 3 0 3 3 3 3 3 3 0 2 3 3 3 3 3 2
0.08743678304742447 3 0 0 3 0 0 0 0 0 0 0 0 0 0 0 0
0.08191670205352866 3 0 0 0 3 0 0 0 0 0 0 0 0 0 0 0
0.09131789632057409 3 0 0 0 0 3 0 0 0 0 0 0 0 0 0 0
0.09131789632057415 3 0 0 0 0 0 3 0 0 0 0 0 0 0 0 0
0.0965458627376771 3 0 0 0 0 0 0 3 0 0 0 0 0 0 0 0
0.132288994152069 3 0 0 0 0 0 0 0 3 0 0 0 0 0 0 0
0.09045645573838973 3 0 0 0 0 0 0 0 0 3 0 0 0 0 0 0
0.10776519686049249 3 0 0 0 0 0 0 0 0 0 3 0 0 0 0 0
0.10776519686049223 3 0 0 0 0 0 0 0 0 0 0 3 0 0 0 0
0.09091008922019142 3 0 0 0 0 0 0 0 0 0 0 0 3 0 0 0
0.09872803792391283 3 0 0 0 0 0 0 0 0 0 0 0 0 3 0 0
0.09872803792391285 3 0 0 0 0 0 0 0 0 0 0 0 0 0 3 0
0.10646967543483876 3 0 0 0 0 0 0 0 0 0 0 0 0 0 0 3
0.004101504361230378 0 1 1 3 3 3 3 3 0 3 1 3 3 3 3 1
0.004101504361230378 0 1 1 3 3 3 3 3 0 3 2 3 3 3 3 2
-0.006464063602619963 0 1 1 3 3 3 3 0 1 0 3 3 3 3 1 0
-0.006464063602619963 0 1 1 3 3 3 3 0 2 0 3 3 3 3 2 0
0.0052727248681163465 0 1 1 3 3 3 0 0 1 0 3 3 3 1 0 0
0.0052727248681163465 0 1 1 3 3 3 0 0 2 0 3 3 3 2 0 0
0.0003272402302099243 0 1 1 0 1 1 0 0 0 3 0 0 3 0 0 0
-0.00040117808425847864 0 1 1 0 1 3 1 0 0 3 0 0 3 3 0 0
-0.010386049386013825 0 1 1 0 2 2 0 0 0 3 0 0 3 0 0 0
0.012732711357103181 0 1 1 0 2 3 2 0 0 3 0 0 3 3 0 0
-0.006048468946510011 0 1 1 0 0 3 3 0 0 3 0 0 1 3 1 0
-0.006048468946510011 0 1 1 0 0 3 3 0 0 3 0 0 2 3 2 0
0.0049337250665922655 0 1 1 0 0 3 0 0 0 3 0 0 1 1 0 0
0.0049337250665922655 0 1 1 0 0 3 0 0 0 3 0 0 2 2 0 0
0.010713289616223748 0 1 2 0 2 1 0 0 0 3 0 0 3 0 0 0
-0.013133889441361658 0 1 2 0 2 3 1 0 0 3 0 0 3 3 0 0
-0.010578148496974723 0 1 2 0 0 0 0 0 0 1 2 0 0 0 0 0
0.010578148496974723 0 1 2 0 0 0 0 0 0 2 1 0 0 0 0 0
-0.0004011780842584771 0 1 3 1 1 1 0 0 0 3 3 0 3 0 0 0
-0.00032724023020992384 0 1 3 1 1 3 1 0 0 3 3 0 3 3 0 0
0.012732711357103157 0 1 3 1 2 2 0 0 0 3 3 0 3 0 0 0
0.01038604938601381 0 1 3 1 2 3 2 0 0 3 3 0 3 3 0 0
0.004101504361230364 0 1 3 1 3 3 3 3 0 3 3 1 3 3 3 1
0.004101504361230364 0 1 3 1 3 3 3 3 0 3 3 2 3 3 3 2
-0.004933725066592261 0 1 3 1 0 3 3 0 0 3 3 0 1 3 1 0
-0.004933725066592261 0 1 3 1 0 3 3 0 0 3 3 0 2 3 2 0
-0.006048468946510005 0 1 3 1 0 3 0 0 0 3 3 0 1 1 0 0
-0.006048468946510005 0 1 3 1 0 3 0 0 0 3 3 0 2 2 0 0
-0.013133889441361632 0 1 3 2 2 1 0 0 0 3 3 0 3 0 0 0
-0.010713289616223734 0 1 3 2 2 3 1 0 0 3 3 0 3 3 0 0
-0.0243885085134237 0 1 3 3 1 3 3 3 0 3 3 3 1 3 3 1
-0.0243885085134237 0 1 3 3 1 3 3 3 0 3 3 3 2 3 3 2
0.015319774452606072 0 1 3 3 2 3 3 0 0 3 3 1 3 3 2 0
-0.015319774452606072 0 1 3 3 2 3 3 0 0 3 3 2 3 3 1 0
0.01878118030361316 0 1 3 3 2 3 0 0 0 3 3 1 3 2 0 0
-0.01878118030361316 0 1 3 3 2 3 0 0 0 3 3 2 3 1 0 0
0.01498729245336513 0 1 3 3 2 0 0 0 1 2 3 3 0 0 0 0
-0.01498729245336513 0 1 3 3 2 0 0 0 2 1 3 3 0 0 0 0
0.006180894953171001 0 1 3 3 3 1 3 3 0 3 3 3 3 1 3 1
0.006180894953171001 0 1 3 3 3 1 3 3 0 3 3 3 3 2 3 2
0.006180894953171003 0 1 3 3 3 3 1 3 0 3 3 3 3 3 1 1
0.006180894953171003 0 1 3 3 3 3 1 3 0 3 3 3 3 3 2 2
-0.016092567867869646 0 1 3 3 3 3 3 1 3 3 3 3 3 3 3 0
-0.005227490933663136 0 1 3 3 3 3 3 1 0 3 3 3 3 3 0 0
-0.06714072365628522 0 1 3 3 3 3 3 1 0 3 3 3 3 3 3 0
-0.0026111515258957873 0 1 3 3 3 3 3 1 0 3 3 3 3 3 3 3
-0.005227490933663146 0 1 3 3 3 3 3 1 0 3 3 3 3 0 3 0
0.006993099197522715 0 1 3 3 3 3 3 1 0 3 3 3 0 3 3 0
-0.009153049717346592 0 1 3 3 3 3 3 1 0 3 3 0 3 3 3 0
-0.009153049717346644 0 1 3 3 3 3 3 1 0 3 0 3 3 3 3 0
0.0018658779531032254 0 1 3 3 3 3 3 1 0 0 3 3 3 3 3 0
0.0009534040195078673 0 1 3 3 3 3 0 1 0 3 3 3 3 3 3 0
0.0009534040195078536 0 1 3 3 3 0 3 1 0 3 3 3 3 3 3 0
0.005647290862251528 0 1 3 3 0 1 0 0 0 3 3 1 1 0 0 0
0.005647290862251528 0 1 3 3 0 1 0 0 0 3 3 2 2 0 0 0
0.0046064848363823385 0 1 3 3 0 3 1 0 0 3 3 1 1 3 0 0
0.0046064848363823385 0 1 3 3 0 3 1 0 0 3 3 2 2 3 0 0
-0.017395409315900986 0 1 3 3 0 3 3 1 0 3 3 3 3 3 3 0
0.018781180303613188 0 1 3 0 2 3 3 0 0 3 1 0 3 3 2 0
-0.018781180303613188 0 1 3 0 2 3 3 0 0 3 2 0 3 3 1 0
-0.015319774452606091 0 1 3 0 2 3 0 0 0 3 1 0 3 2 0 0
0.015319774452606091 0 1 3 0 2 3 0 0 0 3 2 0 3 1 0 0
-0.005051545356116227 0 1 3 0 3 3 3 1 0 3 3 3 3 3 3 0
-0.00460648483638234 0 1 3 0 0 1 0 0 0 3 1 0 1 0 0 0
-0.00460648483638234 0 1 3 0 0 1 0 0 0 3 2 0 2 0 0 0
0.005647290862251533 0 1 3 0 0 3 1 0 0 3 1 0 1 3 0 0
0.005647290862251533 0 1 3 0 0 3 1 0 0 3 2 0 2 3 0 0
-0.005272724868116341 0 1 0 1 3 3 3 0 1 0 0 3 3 3 1 0
-0.005272724868116341 0 1 0 1 3 3 3 0 2 0 0 3 3 3 2 0
-0.006464063602619953 0 1 0 1 3 3 0 0 1 0 0 3 3 1 0 0
-0.006464063602619953 0 1 0 1 3 3 0 0 2 0 0 3 3 2 0 0
-0.0105781484969747 0 1 0 2 0 0 0 0 0 1 0 2 0 0 0 0
0.0105781484969747 0 1 0 2 0 0 0 0 0 2 0 1 0 0 0 0
0.009712635885062675 0 1 0 3 3 2 0 0 1 0 2 3 3 0 0 0
-0.009712635885062675 0 1 0 3 3 2 0 0 2 0 1 3 3 0 0 0
-0.01190714434765551 0 1 0 3 3 3 2 0 1 0 2 3 3 3 0 0
0.01190714434765551 0 1 0 3 3 3 2 0 2 0 1 3 3 3 0 0
-0.005051545356116266 0 1 0 3 3 3 3 1 0 3 3 3 3 3 3 0
0.004558259625216349 0 1 0 0 1 3 3 3 1 0 0 0 3 3 3 1
0.004558259625216349 0 1 0 0 1 3 3 3 2 0 0 0 3 3 3 2
-0.03352253267013878 0 1 0 0 2 0 0 0 0 1 0 0 2 0 0 0
0.03352253267013878 0 1 0 0 2 0 0 0 0 2 0 0 1 0 0 0
-0.011907144347655496 0 1 0 0 3 2 0 0 1 0 0 2 3 0 0 0
0.011907144347655496 0 1 0 0 3 2 0 0 2 0 0 1 3 0 0 0
-0.009712635885062673 0 1 0 0 3 3 2 0 1 0 0 2 3 3 0 0
0.009712635885062673 0 1 0 0 3 3 2 0 2 0 0 1 3 3 0 0
-0.017566129129761732 0 1 0 0 0 2 0 0 0 1 0 0 0 2 0 0
0.017566129129761732 0 1 0 0 0 2 0 0 0 2 0 0 0 1 0 0
-0.006483224953218296 0 1 0 0 0 3 3 2 1 0 0 0 2 3 3 0
0.006483224953218296 0 1 0 0 0 3 3 2 2 0 0 0 1 3 3 0
-0.017566129129761725 0 1 0 0 0 0 2 0 0 1 0 0 0 0 2 0
0.017566129129761725 0 1 0 0 0 0 2 0 0 2 0 0 0 0 1 0
-0.012513789456937973 0 1 0 0 0 0 0 2 0 1 0 0 0 0 0 2
0.012513789456937973 0 1 0 0 0 0 0 2 0 2 0 0 0 0 0 1
0.010713289616223748 0 2 1 0 1 2 0 0 0 3 0 0 3 0 0 0
-0.013133889441361658 0 2 1 0 1 3 2 0 0 3 0 0 3 3 0 0
0.010578148496974723 0 2 1 0 0 0 0 0 0 1 2 0 0 0 0 0
-0.010578148496974723 0 2 1 0 0 0 0 0 0 2 1 0 0 0 0 0
0.004101504361230378 0 2 2 3 3 3 3 3 0 3 1 3 3 3 3 1
0.004101504361230378 0 2 2 3 3 3 3 3 0 3 2 3 3 3 3 2
-0.006464063602619963 0 2 2 3 3 3 3 0 1 0 3 3 3 3 1 0
-0.006464063602619963 0 2 2 3 3 3 3 0 2 0 3 3 3 3 2 0
0.0052727248681163465 0 2 2 3 3 3 0 0 1 0 3 3 3 1 0 0
0.0052727248681163465 0 2 2 3 3 3 0 0 2 0 3 3 3 2 0 0
-0.010386049386013825 0 2 2 0 1 1 0 0 0 3 0 0 3 0 0 0
0.012732711357103181 0 2 2 0 1 3 1 0 0 3 0 0 3 3 0 0
0.0003272402302099243 0 2 2 0 2 2 0 0 0 3 0 0 3 0 0 0
-0.00040117808425847864 0 2 2 0 2 3 2 0 0 3 0 0 3 3 0 0
-0.006048468946510011 0 2 2 0 0 3 3 0 0 3 0 0 1 3 1 0
-0.006048468946510011 0 2 2 0 0 3 3 0 0 3 0 0 2 3 2 0
0.0049337250665922655 0 2 2 0 0 3 0 0 0 3 0 0 1 1 0 0
0.0049337250665922655 0 2 2 0 0 3 0 0 0 3 0 0 2 2 0 0
-0.013133889441361632 0 2 3 1 1 2 0 0 0 3 3 0 3 0 0 0
-0.010713289616223734 0 2 3 1 1 3 2 0 0 3 3 0 3 3 0 0
0.012732711357103157 0 2 3 2 1 1 0 0 0 3 3 0 3 0 0 0
0.01038604938601381 0 2 3 2 1 3 1 0 0 3 3 0 3 3 0 0
-0.0004011780842584771 0 2 3 2 2 2 0 0 0 3 3 0 3 0 0 0
-0.00032724023020992384 0 2 3 2 2 3 2 0 0 3 3 0 3 3 0 0
0.004101504361230364 0 2 3 2 3 3 3 3 0 3 3 1 3 3 3 1
0.004101504361230364 0 2 3 2 3 3 3 3 0 3 3 2 3 3 3 2
-0.004933725066592261 0 2 3 2 0 3 3 0 0 3 3 0 1 3 1 0
-0.004933725066592261 0 2 3 2 0 3 3 0 0 3 3 0 2 3 2 0
-0.006048468946510005 0 2 3 2 0 3 0 0 0 3 3 0 1 1 0 0
-0.006048468946510005 0 2 3 2 0 3 0 0 0 3 3 0 2 2 0 0
-0.015319774452606072 0 2 3 3 1 3 3 0 0 3 3 1 3 3 2 0
0.015319774452606072 0 2 3 3 1 3 3 0 0 3 3 2 3 3 1 0
-0.01878118030361316 0 2 3 3 1 3 0 0 0 3 3 1 3 2 0 0
0.01878118030361316 0 2 3 3 1 3 0 0 0 3 3 2 3 1 0 0
-0.01498729245336513 0 2 3 3 1 0 0 0 1 2 3 3 0 0 0 0
0.01498729245336513 0 2 3 3 1 0 0 0 2 1 3 3 0 0 0 0
-0.0243885085134237 0 2 3 3 2 3 3 3 0 3 3 3 1 3 3 1
-0.0243885085134237 0 2 3 3 2 3 3 3 0 3 3 3 2 3 3 2
0.006180894953171001 0 2 3 3 3 2 3 3 0 3 3 3 3 1 3 1
0.006180894953171001 0 2 3 3 3 2 3 3 0 3 3 3 3 2 3 2
0.006180894953171003 0 2 3 3 3 3 2 3 0 3 3 3 3 3 1 1
0.006180894953171003 0 2 3 3 3 3 2 3 0 3 3 3 3 3 2 2
-0.016092567867869646 0 2 3 3 3 3 3 2 3 3 3 3 3 3 3 0
-0.005227490933663136 0 2 3 3 3 3 3 2 0 3 3 3 3 3 0 0
-0.06714072365628522 0 2 3 3 3 3 3 2 0 3 3 3 3 3 3 0
-0.0026111515258957873 0 2 3 3 3 3 3 2 0 3 3 3 3 3 3 3
-0.005227490933663146 0 2 3 3 3 3 3 2 0 3 3 3 3 0 3 0
0.006993099197522715 0 2 3 3 3 3 3 2 0 3 3 3 0 3 3 0
-0.009153049717346592 0 2 3 3 3 3 3 2 0 3 3 0 3 3 3 0
-0.009153049717346644 0 2 3 3 3 3 3 2 0 3 0 3 3 3 3 0
0.0018658779531032254 0 2 3 3 3 3 3 2 0 0 3 3 3 3 3 0
0.0009534040195078673 0 2 3 3 3 3 0 2 0 3 3 3 3 3 3 0
0.0009534040195078536 0 2 3 3 3 0 3 2 0 3 3 3 3 3 3 0
0.005647290862251528 0 2 3 3 0 2 0 0 0 3 3 1 1 0 0 0
0.005647290862251528 0 2 3 3 0 2 0 0 0 3 3 2 2 0 0 0
0.0046064848363823385 0 2 3 3 0 3 2 0 0 3 3 1 1 3 0 0
0.0046064848363823385 0 2 3 3 0 3 2 0 0 3 3 2 2 3 0 0
-0.017395409315900986 0 2 3 3 0 3 3 2 0 3 3 3 3 3 3 0
-0.018781180303613188 0 2 3 0 1 3 3 0 0 3 1 0 3 3 2 0
0.018781180303613188 0 2 3 0 1 3 3 0 0 3 2 0 3 3 1 0
0.015319774452606091 0 2 3 0 1 3 0 0 0 3 1 0 3 2 0 0
-0.015319774452606091 0 2 3 0 1 3 0 0 0 3 2 0 3 1 0 0
-0.005051545356116227 0 2 3 0 3 3 3 2 0 3 3 3 3 3 3 0
-0.00460648483638234 0 2 3 0 0 2 0 0 0 3 1 0 1 0 0 0
-0.00460648483638234 0 2 3 0 0 2 0 0 0 3 2 0 2 0 0 0
0.005647290862251533 0 2 3 0 0 3 2 0 0 3 1 0 1 3 0 0
0.005647290862251533 0 2 3 0 0 3 2 0 0 3 2 0 2 3 0 0
0.0105781484969747 0 2 0 1 0 0 0 0 0 1 0 2 0 0 0 0
-0.0105781484969747 0 2 0 1 0 0 0 0 0 2 0 1 0 0 0 0
-0.005272724868116341 0 2 0 2 3 3 3 0 1 0 0 3 3 3 1 0
-0.005272724868116341 0 2 0 2 3 3 3 0 2 0 0 3 3 3 2 0
-0.006464063602619953 0 2 0 2 3 3 0 0 1 0 0 3 3 1 0 0
-0.006464063602619953 0 2 0 2 3 3 0 0 2 0 0 3 3 2 0 0
-0.009712635885062675 0 2 0 3 3 1 0 0 1 0 2 3 3 0 0 0
0.009712635885062675 0 2 0 3 3 1 0 0 2 0 1 3 3 0 0 0
0.01190714434765551 0 2 0 3 3 3 1 0 1 0 2 3 3 3 0 0
-0.01190714434765551 0 2 0 3 3 3 1 0 2 0 1 3 3 3 0 0
-0.005051545356116266 0 2 0 3 3 3 3 2 0 3 3 3 3 3 3 0
0.03352253267013878 0 2 0 0 1 0 0 0 0 1 0 0 2 0 0 0
-0.03352253267013878 0 2 0 0 1 0 0 0 0 2 0 0 1 0 0 0
0.004558259625216349 0 2 0 0 2 3 3 3 1 0 0 0 3 3 3 1
0.004558259625216349 0 2 0 0 2 3 3 3 2 0 0 0 3 3 3 2
0.011907144347655496 0 2 0 0 3 1 0 0 1 0 0 2 3 0 0 0
-0.011907144347655496 0 2 0 0 3 1 0 0 2 0 0 1 3 0 0 0
0.009712635885062673 0 2 0 0 3 3 1 0 1 0 0 2 3 3 0 0
-0.009712635885062673 0 2 0 0 3 3 1 0 2 0 0 1 3 3 0 0
0.017566129129761732 0 2 0 0 0 1 0 0 0 1 0 0 0 2 0 0
-0.017566129129761732 0 2 0 0 0 1 0 0 0 2 0 0 0 1 0 0
0.006483224953218296 0 2 0 0 0 3 3 1 1 0 0 0 2 3 3 0
-0.006483224953218296 0 2 0 0 0 3 3 1 2 0 0 0 1 3 3 0
0.017566129129761725 0 2 0 0 0 0 1 0 0 1 0 0 0 0 2 0
-0.017566129129761725 0 2 0 0 0 0 1 0 0 2 0 0 0 0 1 0
0.012513789456937973 0 2 0 0 0 0 0 1 0 1 0 0 0 0 0 2
-0.012513789456937973 0 2 0 0 0 0 0 1 0 2 0 0 0 0 0 1
1.269203592198118 0 3 0 0 0 0 0 0 0 0 0 0 0 0 0 0
0.0023494025721214735 0 3 1 3 2 0 0 0 1 3 2 3 0 0 0 0
-0.0023494025721214735 0 3 1 3 2 0 0 0 2 3 1 3 0 0 0 0
-0.01051875177250343 0 3 1 3 3 1 0 0 1 1 3 3 3 0 0 0
-0.01051875177250343 0 3 1 3 3 1 0 0 2 2 3 3 3 0 0 0
0.012895397005974274 0 3 1 3 3 3 1 0 1 1 3 3 3 3 0 0
0.012895397005974274 0 3 1 3 3 3 1 0 2 2 3 3 3 3 0 0
0.007153555323698687 0 3 1 0 0 1 3 3 1 3 0 0 0 3 3 1
0.007153555323698687 0 3 1 0 0 1 3 3 2 3 0 0 0 3 3 2
-0.008769855767909297 0 3 1 0 0 0 1 3 1 3 0 0 0 0 3 1
-0.008769855767909297 0 3 1 0 0 0 1 3 2 3 0 0 0 0 3 2
0.0031726024229342116 0 3 1 0 0 0 3 2 1 3 0 0 0 2 3 0
-0.0031726024229342116 0 3 1 0 0 0 3 2 2 3 0 0 0 1 3 0
-0.003889431813839224 0 3 1 0 0 0 0 2 1 3 0 0 0 0 2 0
0.003889431813839224 0 3 1 0 0 0 0 2 2 3 0 0 0 0 1 0
-0.0023494025721214735 0 3 2 3 1 0 0 0 1 3 2 3 0 0 0 0
0.0023494025721214735 0 3 2 3 1 0 0 0 2 3 1 3 0 0 0 0
-0.01051875177250343 0 3 2 3 3 2 0 0 1 1 3 3 3 0 0 0
-0.01051875177250343 0 3 2 3 3 2 0 0 2 2 3 3 3 0 0 0
0.012895397005974274 0 3 2 3 3 3 2 0 1 1 3 3 3 3 0 0
0.012895397005974274 0 3 2 3 3 3 2 0 2 2 3 3 3 3 0 0
0.007153555323698687 0 3 2 0 0 2 3 3 1 3 0 0 0 3 3 1
0.007153555323698687 0 3 2 0 0 2 3 3 2 3 0 0 0 3 3 2
-0.008769855767909297 0 3 2 0 0 0 2 3 1 3 0 0 0 0 3 1
-0.008769855767909297 0 3 2 0 0 0 2 3 2 3 0 0 0 0 3 2
-0.0031726024229342116 0 3 2 0 0 0 3 1 1 3 0 0 0 2 3 0
0.0031726024229342116 0 3 2 0 0 0 3 1 2 3 0 0 0 1 3 0
0.003889431813839224 0 3 2 0 0 0 0 1 1 3 0 0 0 0 2 0
-0.003889431813839224 0 3 2 0 0 0 0 1 2 3 0 0 0 0 1 0
0.07832284663435543 0 3 3 0 0 0 0 0 0 0 0 0 0 0 0 0
0.002349402572121471 0 3 3 1 2 0 0 0 1 3 3 2 0 0 0 0
-0.002349402572121471 0 3 3 1 2 0 0 0 2 3 3 1 0 0 0 0
-0.008769855767909281 0 3 3 1 0 1 3 3 1 3 3 0 0 3 3 1
-0.008769855767909281 0 3 3 1 0 1 3 3 2 3 3 0 0 3 3 2
-0.0071535553236986805 0 3 3 1 0 0 1 3 1 3 3 0 0 0 3 1
-0.0071535553236986805 0 3 3 1 0 0 1 3 2 3 3 0 0 0 3 2
-0.0038894318138392166 0 3 3 1 0 0 3 2 1 3 3 0 0 2 3 0
0.0038894318138392166 0 3 3 1 0 0 3 2 2 3 3 0 0 1 3 0
-0.0031726024229342085 0 3 3 1 0 0 0 2 1 3 3 0 0 0 2 0
0.0031726024229342085 0 3 3 1 0 0 0 2 2 3 3 0 0 0 1 0
-0.002349402572121471 0 3 3 2 1 0 0 0 1 3 3 2 0 0 0 0
0.002349402572121471 0 3 3 2 1 0 0 0 2 3 3 1 0 0 0 0
-0.008769855767909281 0 3 3 2 0 2 3 3 1 3 3 0 0 3 3 1
-0.008769855767909281 0 3 3 2 0 2 3 3 2 3 3 0 0 3 3 2
-0.0071535553236986805 0 3 3 2 0 0 2 3 1 3 3 0 0 0 3 1
-0.0071535553236986805 0 3 3 2 0 0 2 3 2 3 3 0 0 0 3 2
0.0038894318138392166 0 3 3 2 0 0 3 1 1 3 3 0 0 2 3 0
-0.0038894318138392166 0 3 3 2 0 0 3 1 2 3 3 0 0 1 3 0
0.0031726024229342085 0 3 3 2 0 0 0 1 1 3 3 0 0 0 2 0
-0.0031726024229342085 0 3 3 2 0 0 0 1 2 3 3 0 0 0 1 0
0.004952177697761536 0 3 3 3 1 1 0 0 1 3 3 3 0 1 0 0
0.004952177697761536 0 3 3 3 1 1 0 0 2 3 3 3 0 2 0 0
0.0049521776977615355 0 3 3 3 1 0 1 0 1 3 3 3 0 0 1 0
0.0049521776977615355 0 3 3 3 1 0 1 0 2 3 3 3 0 0 2 0
-0.0037396224032719234 0 3 3 3 1 0 0 1 1 3 3 3 0 0 0 1
-0.0037396224032719234 0 3 3 3 1 0 0 1 2 3 3 3 0 0 0 2
0.004952177697761536 0 3 3 3 2 2 0 0 1 3 3 3 0 1 0 0
0.004952177697761536 0 3 3 3 2 2 0 0 2 3 3 3 0 2 0 0
0.0049521776977615355 0 3 3 3 2 0 2 0 1 3 3 3 0 0 1 0
0.0049521776977615355 0 3 3 3 2 0 2 0 2 3 3 3 0 0 2 0
-0.0037396224032719234 0 3 3 3 2 0 0 2 1 3 3 3 0 0 0 1
-0.0037396224032719234 0 3 3 3 2 0 0 2 2 3 3 3 0 0 0 2
0.0018658779531032256 0 3 3 3 3 3 3 3 0 1 3 3 3 3 3 1
0.0018658779531032256 0 3 3 3 3 3 3 3 0 2 3 3 3 3 3 2
-0.0035163357150137754 0 3 3 3 3 3 0 0 1 3 3 3 1 0 0 0
-0.0035163357150137754 0 3 3 3 3 3 0 0 2 3 3 3 2 0 0 0
-0.0035163357150137823 0 3 3 3 3 0 3 0 1 3 3 3 1 0 0 0
-0.0035163357150137823 0 3 3 3 3 0 3 0 2 3 3 3 2 0 0 0
-0.007370768865831742 0 3 3 3 3 0 0 3 1 3 3 3 1 0 0 0
-0.007370768865831742 0 3 3 3 3 0 0 3 2 3 3 3 2 0 0 0
-0.0869566986491948 0 3 3 3 3 0 0 0 1 3 3 3 1 0 0 0
-0.008468513412775311 0 3 3 3 3 0 0 0 1 3 3 3 1 3 0 0
-0.008468513412775318 0 3 3 3 3 0 0 0 1 3 3 3 1 0 3 0
-0.0036311464625598186 0 3 3 3 3 0 0 0 1 3 3 3 1 0 0 3
-0.01045149764475499 0 3 3 3 3 0 0 0 1 3 3 0 1 0 0 0
-0.01045149764475501 0 3 3 3 3 0 0 0 1 3 0 3 1 0 0 0
-0.015481067136983717 0 3 3 3 3 0 0 0 1 0 3 3 1 0 0 0
-0.0869566986491948 0 3 3 3 3 0 0 0 2 3 3 3 2 0 0 0
-0.008468513412775311 0 3 3 3 3 0 0 0 2 3 3 3 2 3 0 0
-0.008468513412775318 0 3 3 3 3 0 0 0 2 3 3 3 2 0 3 0
-0.0036311464625598186 0 3 3 3 3 0 0 0 2 3 3 3 2 0 0 3
-0.01045149764475499 0 3 3 3 3 0 0 0 2 3 3 0 2 0 0 0
-0.01045149764475501 0 3 3 3 3 0 0 0 2 3 0 3 2 0 0 0
-0.015481067136983717 0 3 3 3 3 0 0 0 2 0 3 3 2 0 0 0
0.007937193329810441 0 3 3 3 0 1 3 1 1 3 3 1 0 3 3 0
0.007937193329810441 0 3 3 3 0 1 3 1 2 3 3 2 0 3 3 0
0.007937193329810441 0 3 3 3 0 2 3 2 1 3 3 1 0 3 3 0
0.007937193329810441 0 3 3 3 0 2 3 2 2 3 3 2 0 3 3 0
0.0064743540945630795 0 3 3 3 0 0 1 1 1 3 3 1 0 0 3 0
0.0064743540945630795 0 3 3 3 0 0 1 1 2 3 3 2 0 0 3 0
0.0064743540945630795 0 3 3 3 0 0 2 2 1 3 3 1 0 0 3 0
0.0064743540945630795 0 3 3 3 0 0 2 2 2 3 3 2 0 0 3 0
-0.0008326624380988398 0 3 3 3 0 0 3 3 1 3 3 1 0 1 3 1
0.0040477615159712245 0 3 3 3 0 0 3 3 1 3 3 1 0 2 3 2
-0.004880423954070064 0 3 3 3 0 0 3 3 1 3 3 2 0 2 3 1
-0.004880423954070064 0 3 3 3 0 0 3 3 2 3 3 1 0 1 3 2
0.0040477615159712245 0 3 3 3 0 0 3 3 2 3 3 2 0 1 3 1
-0.0008326624380988398 0 3 3 3 0 0 3 3 2 3 3 2 0 2 3 2
-0.0006792012291356006 0 3 3 3 0 0 0 3 1 3 3 1 0 0 1 1
0.003301751671628871 0 3 3 3 0 0 0 3 1 3 3 1 0 0 2 2
-0.003980952900764471 0 3 3 3 0 0 0 3 1 3 3 2 0 0 2 1
-0.003980952900764471 0 3 3 3 0 0 0 3 2 3 3 1 0 0 1 2
0.003301751671628871 0 3 3 3 0 0 0 3 2 3 3 2 0 0 1 1
-0.0006792012291356006 0 3 3 3 0 0 0 3 2 3 3 2 0 0 2 2
-0.0015172382590411982 0 3 3 3 0 0 0 0 1 3 3 3 1 0 0 0
-0.0015172382590411982 0 3 3 3 0 0 0 0 2 3 3 3 2 0 0 0
-0.008102095072633519 0 3 3 0 3 0 0 0 1 3 3 3 1 0 0 0
-0.008102095072633519 0 3 3 0 3 0 0 0 2 3 3 3 2 0 0 0
-0.0064743540945630795 0 3 3 0 0 1 3 1 1 3 1 0 0 3 3 0
-0.0064743540945630795 0 3 3 0 0 1 3 1 2 3 2 0 0 3 3 0
-0.0064743540945630795 0 3 3 0 0 2 3 2 1 3 1 0 0 3 3 0
-0.0064743540945630795 0 3 3 0 0 2 3 2 2 3 2 0 0 3 3 0
0.007937193329810452 0 3 3 0 0 0 1 1 1 3 1 0 0 0 3 0
0.007937193329810452 0 3 3 0 0 0 1 1 2 3 2 0 0 0 3 0
0.007937193329810452 0 3 3 0 0 0 2 2 1 3 1 0 0 0 3 0
0.007937193329810452 0 3 3 0 0 0 2 2 2 3 2 0 0 0 3 0
0.0006792012291356065 0 3 3 0 0 0 3 3 1 3 1 0 0 1 3 1
-0.0033017516716288683 0 3 3 0 0 0 3 3 1 3 1 0 0 2 3 2
0.003980952900764475 0 3 3 0 0 0 3 3 1 3 2 0 0 2 3 1
0.003980952900764475 0 3 3 0 0 0 3 3 2 3 1 0 0 1 3 2
-0.0033017516716288683 0 3 3 0 0 0 3 3 2 3 2 0 0 1 3 1
0.0006792012291356065 0 3 3 0 0 0 3 3 2 3 2 0 0 2 3 2
-0.0008326624380988442 0 3 3 0 0 0 0 3 1 3 1 0 0 0 1 1
0.004047761515971229 0 3 3 0 0 0 0 3 1 3 1 0 0 0 2 2
-0.004880423954070073 0 3 3 0 0 0 0 3 1 3 2 0 0 0 2 1
-0.004880423954070073 0 3 3 0 0 0 0 3 2 3 1 0 0 0 1 2
0.004047761515971229 0 3 3 0 0 0 0 3 2 3 2 0 0 0 1 1
-0.0008326624380988442 0 3 3 0 0 0 0 3 2 3 2 0 0 0 2 2
0.012895397005974255 0 3 0 1 3 1 0 0 1 1 0 3 3 0 0 0
0.012895397005974255 0 3 0 1 3 1 0 0 2 2 0 3 3 0 0 0
0.010518751772503426 0 3 0 1 3 3 1 0 1 1 0 3 3 3 0 0
0.010518751772503426 0 3 0 1 3 3 1 0 2 2 0 3 3 3 0 0
0.012895397005974255 0 3 0 2 3 2 0 0 1 1 0 3 3 0 0 0
0.012895397005974255 0 3 0 2 3 2 0 0 2 2 0 3 3 0 0 0
0.010518751772503426 0 3 0 2 3 3 2 0 1 1 0 3 3 3 0 0
0.010518751772503426 0 3 0 2 3 3 2 0 2 2 0 3 3 3 0 0
0.07832284663435524 0 3 0 3 0 0 0 0 0 0 0 0 0 0 0 0
0.0064313334033543135 0 3 0 3 3 3 3 0 1 1 1 3 3 3 1 0
0.0009882526583187647 0 3 0 3 3 3 3 0 1 1 2 3 3 3 2 0
0.0054430807450355475 0 3 0 3 3 3 3 0 1 2 2 3 3 3 1 0
0.0054430807450355475 0 3 0 3 3 3 3 0 2 1 1 3 3 3 2 0
0.0009882526583187647 0 3 0 3 3 3 3 0 2 2 1 3 3 3 1 0
0.0064313334033543135 0 3 0 3 3 3 3 0 2 2 2 3 3 3 2 0
-0.005246026904387085 0 3 0 3 3 3 0 0 1 1 1 3 3 1 0 0
-0.0008061158874407567 0 3 0 3 3 3 0 0 1 1 2 3 3 2 0 0
-0.004439911016946328 0 3 0 3 3 3 0 0 1 2 2 3 3 1 0 0
-0.004439911016946328 0 3 0 3 3 3 0 0 2 1 1 3 3 2 0 0
-0.0008061158874407567 0 3 0 3 3 3 0 0 2 2 1 3 3 1 0 0
-0.005246026904387085 0 3 0 3 3 3 0 0 2 2 2 3 3 2 0 0
-0.008102095072633538 0 3 0 3 3 0 0 0 1 3 3 3 1 0 0 0
-0.008102095072633538 0 3 0 3 3 0 0 0 2 3 3 3 2 0 0 0
0.01025634824583944 0 3 0 0 1 3 3 1 1 1 0 0 3 3 3 0
0.01025634824583944 0 3 0 0 1 3 3 1 2 2 0 0 3 3 3 0
0.01025634824583944 0 3 0 0 2 3 3 2 1 1 0 0 3 3 3 0
0.01025634824583944 0 3 0 0 2 3 3 2 2 2 0 0 3 3 3 0
0.05923432828002244 0 3 0 0 3 0 0 0 0 0 0 0 0 0 0 0
0.005246026904387085 0 3 0 0 3 3 3 0 1 1 0 1 3 3 1 0
0.0008061158874407534 0 3 0 0 3 3 3 0 1 1 0 2 3 3 2 0
0.004439911016946332 0 3 0 0 3 3 3 0 1 2 0 2 3 3 1 0
0.004439911016946332 0 3 0 0 3 3 3 0 2 1 0 1 3 3 2 0
0.0008061158874407534 0 3 0 0 3 3 3 0 2 2 0 1 3 3 1 0
0.005246026904387085 0 3 0 0 3 3 3 0 2 2 0 2 3 3 2 0
0.006431333403354301 0 3 0 0 3 3 0 0 1 1 0 1 3 1 0 0
0.0009882526583187608 0 3 0 0 3 3 0 0 1 1 0 2 3 2 0 0
0.0054430807450355405 0 3 0 0 3 3 0 0 1 2 0 2 3 1 0 0
0.0054430807450355405 0 3 0 0 3 3 0 0 2 1 0 1 3 2 0 0
0.0009882526583187608 0 3 0 0 3 3 0 0 2 2 0 1 3 1 0 0
0.006431333403354301 0 3 0 0 3 3 0 0 2 2 0 2 3 2 0 0
0.07282609843073376 0 3 0 0 0 3 0 0 0 0 0 0 0 0 0 0
0.014814607871055787 0 3 0 0 0 3 3 3 1 1 0 0 1 3 3 1
0.0037731232926211415 0 3 0 0 0 3 3 3 1 1 0 0 2 3 3 2
0.011041484578434645 0 3 0 0 0 3 3 3 1 2 0 0 2 3 3 1
0.011041484578434645 0 3 0 0 0 3 3 3 2 1 0 0 1 3 3 2
0.0037731232926211415 0 3 0 0 0 3 3 3 2 2 0 0 1 3 3 1
0.014814607871055787 0 3 0 0 0 3 3 3 2 2 0 0 2 3 3 2
0.0728260984307338 0 3 0 0 0 0 3 0 0 0 0 0 0 0 0 0
0.08015376567174355 0 3 0 0 0 0 0 3 0 0 0 0 0 0 0 0
0.09045645573838973 0 3 0 0 0 0 0 0 3 0 0 0 0 0 0 0
0.09115829490232435 0 3 0 0 0 0 0 0 0 3 0 0 0 0 0 0
0.08890099513133015 0 3 0 0 0 0 0 0 0 0 3 0 0 0 0 0
0.08890099513132993 0 3 0 0 0 0 0 0 0 0 0 3 0 0 0 0
0.09275686095016121 0 3 0 0 0 0 0 0 0 0 0 0 3 0 0 0
0.09039222756049549 0 3 0 0 0 0 0 0 0 0 0 0 0 3 0 0
0.09039222756049553 0 3 0 0 0 0 0 0 0 0 0 0 0 0 3 0
0.09266755512868152 0 3 0 0 0 0 0 0 0 0 0 0 0 0 0 3
-0.01126558937070575 0 0 1 1 0 1 1 0 0 0 3 0 0 3 0 0
0.0077854857016856635 0 0 1 1 0 2 2 0 0 0 3 0 0 3 0 0
-0.008482978627516303 0 0 1 1 0 3 0 0 0 0 3 0 0 0 0 0
0.00848297862751627 0 0 1 1 0 0 3 0 0 0 3 0 0 0 0 0
0.000886464273474794 0 0 1 1 0 0 3 0 0 0 3 0 0 1 1 0
0.000886464273474794 0 0 1 1 0 0 3 0 0 0 3 0 0 2 2 0
0.004321628434741887 0 0 1 1 0 0 0 0 0 0 3 0 0 3 0 0
-0.004321628434741929 0 0 1 1 0 0 0 0 0 0 3 0 0 0 3 0
-0.01905107507239141 0 0 1 2 0 2 1 0 0 0 3 0 0 3 0 0
-0.0047392996922198454 0 0 1 2 0 0 0 0 0 0 1 2 0 0 0 0
0.0047392996922198454 0 0 1 2 0 0 0 0 0 0 2 1 0 0 0 0
-0.0006159144617425531 0 0 1 3 1 1 3 1 0 0 3 3 0 3 3 0
0.009632628392414555 0 0 1 3 1 2 3 2 0 0 3 3 0 3 3 0
0.0007550764270959612 0 0 1 3 1 0 1 1 0 0 3 3 0 0 3 0
-0.011809059669600159 0 0 1 3 1 0 2 2 0 0 3 3 0 0 3 0
-0.0003696238347130504 0 0 1 3 1 0 3 3 0 0 3 3 0 1 3 1
-0.0003696238347130504 0 0 1 3 1 0 3 3 0 0 3 3 0 2 3 2
0.00045313799532328006 0 0 1 3 1 0 0 3 0 0 3 3 0 0 1 1
0.00045313799532328006 0 0 1 3 1 0 0 3 0 0 3 3 0 0 2 2
-0.010248542854157107 0 0 1 3 2 2 3 1 0 0 3 3 0 3 3 0
0.012564136096696116 0 0 1 3 2 0 2 1 0 0 3 3 0 0 3 0
0.010002252227127605 0 0 1 3 3 2 3 3 0 0 3 3 1 3 3 2
-0.010002252227127605 0 0 1 3 3 2 3 3 0 0 3 3 2 3 3 1
-0.004101504361230379 0 0 1 3 3 3 3 2 0 1 2 3 3 3 3 0
0.004101504361230379 0 0 1 3 3 3 3 2 0 2 1 3 3 3 3 0
-0.012262197664923436 0 0 1 3 3 0 2 3 0 0 3 3 1 0 3 2
0.012262197664923436 0 0 1 3 3 0 2 3 0 0 3 3 2 0 3 1
-0.00024629062702950273 0 0 1 3 3 0 3 1 0 0 3 3 1 1 3 0
-0.00024629062702950273 0 0 1 3 3 0 3 1 0 0 3 3 2 2 3 0
0.0003019384317726811 0 0 1 3 3 0 0 1 0 0 3 3 1 0 1 0
0.0003019384317726811 0 0 1 3 3 0 0 1 0 0 3 3 2 0 2 0
0.006899021428210869 0 0 1 3 0 2 3 0 0 0 3 1 0 3 2 0
-0.006899021428210869 0 0 1 3 0 2 3 0 0 0 3 2 0 3 1 0
0.01280460706225819 0 0 1 3 0 2 0 0 0 0 3 1 0 2 0 0
-0.01280460706225819 0 0 1 3 0 2 0 0 0 0 3 2 0 1 0 0
-0.012152053644180542 0 0 1 3 0 0 1 0 0 0 3 1 0 1 0 0
-0.012152053644180542 0 0 1 3 0 0 1 0 0 0 3 2 0 2 0 0
-0.012804607062258201 0 0 1 3 0 0 2 0 0 0 3 1 0 0 2 0
0.012804607062258201 0 0 1 3 0 0 2 0 0 0 3 2 0 0 1 0
0.005647290862251533 0 0 1 0 1 3 3 0 0 1 0 0 3 3 1 0
0.005647290862251533 0 0 1 0 1 3 3 0 0 2 0 0 3 3 2 0
-0.00460648483638234 0 0 1 0 1 3 0 0 0 1 0 0 3 1 0 0
-0.00460648483638234 0 0 1 0 1 3 0 0 0 2 0 0 3 2 0 0
-0.005482993134130408 0 0 1 0 2 0 0 0 0 0 1 0 2 0 0 0
0.005482993134130408 0 0 1 0 2 0 0 0 0 0 2 0 1 0 0 0
0.012804607062258208 0 0 1 0 0 2 3 0 0 0 1 0 0 3 2 0
-0.012804607062258208 0 0 1 0 0 2 3 0 0 0 2 0 0 3 1 0
-0.015319774452606091 0 0 1 0 0 2 0 0 0 1 0 0 2 0 0 0
0.015319774452606091 0 0 1 0 0 2 0 0 0 2 0 0 1 0 0 0
-0.013990367734439792 0 0 1 0 0 2 0 0 0 0 1 0 0 2 0 0
0.013990367734439792 0 0 1 0 0 2 0 0 0 0 2 0 0 1 0 0
0.018781180303613188 0 0 1 0 0 3 2 0 0 1 0 0 2 3 0 0
-0.018781180303613188 0 0 1 0 0 3 2 0 0 2 0 0 1 3 0 0
0.012804607062258208 0 0 1 0 0 0 1 0 0 0 1 0 0 1 0 0
0.012804607062258208 0 0 1 0 0 0 1 0 0 0 2 0 0 2 0 0
-0.019243399950409485 0 0 1 0 0 0 2 0 0 0 1 0 0 0 2 0
0.019243399950409485 0 0 1 0 0 0 2 0 0 0 2 0 0 0 1 0
-0.005558136810212873 0 0 1 0 0 0 0 2 0 0 1 0 0 0 0 2
0.005558136810212873 0 0 1 0 0 0 0 2 0 0 2 0 0 0 0 1
-0.01905107507239141 0 0 2 1 0 1 2 0 0 0 3 0 0 3 0 0
0.0047392996922198454 0 0 2 1 0 0 0 0 0 0 1 2 0 0 0 0
-0.0047392996922198454 0 0 2 1 0 0 0 0 0 0 2 1 0 0 0 0
0.0077854857016856635 0 0 2 2 0 1 1 0 0 0 3 0 0 3 0 0
-0.01126558937070575 0 0 2 2 0 2 2 0 0 0 3 0 0 3 0 0
-0.008482978627516303 0 0 2 2 0 3 0 0 0 0 3 0 0 0 0 0
0.00848297862751627 0 0 2 2 0 0 3 0 0 0 3 0 0 0 0 0
0.000886464273474794 0 0 2 2 0 0 3 0 0 0 3 0 0 1 1 0
0.000886464273474794 0 0 2 2 0 0 3 0 0 0 3 0 0 2 2 0
0.004321628434741887 0 0 2 2 0 0 0 0 0 0 3 0 0 3 0 0
-0.004321628434741929 0 0 2 2 0 0 0 0 0 0 3 0 0 0 3 0
-0.010248542854157107 0 0 2 3 1 1 3 2 0 0 3 3 0 3 3 0
0.012564136096696116 0 0 2 3 1 0 1 2 0 0 3 3 0 0 3 0
0.009632628392414555 0 0 2 3 2 1 3 1 0 0 3 3 0 3 3 0
-0.0006159144617425531 0 0 2 3 2 2 3 2 0 0 3 3 0 3 3 0
-0.011809059669600159 0 0 2 3 2 0 1 1 0 0 3 3 0 0 3 0
0.0007550764270959612 0 0 2 3 2 0 2 2 0 0 3 3 0 0 3 0
-0.0003696238347130504 0 0 2 3 2 0 3 3 0 0 3 3 0 1 3 1
-0.0003696238347130504 0 0 2 3 2 0 3 3 0 0 3 3 0 2 3 2
0.00045313799532328006 0 0 2 3 2 0 0 3 0 0 3 3 0 0 1 1
0.00045313799532328006 0 0 2 3 2 0 0 3 0 0 3 3 0 0 2 2
-0.010002252227127605 0 0 2 3 3 1 3 3 0 0 3 3 1 3 3 2
0.010002252227127605 0 0 2 3 3 1 3 3 0 0 3 3 2 3 3 1
0.004101504361230379 0 0 2 3 3 3 3 1 0 1 2 3 3 3 3 0
-0.004101504361230379 0 0 2 3 3 3 3 1 0 2 1 3 3 3 3 0
0.012262197664923436 0 0 2 3 3 0 1 3 0 0 3 3 1 0 3 2
-0.012262197664923436 0 0 2 3 3 0 1 3 0 0 3 3 2 0 3 1
-0.00024629062702950273 0 0 2 3 3 0 3 2 0 0 3 3 1 1 3 0
-0.00024629062702950273 0 0 2 3 3 0 3 2 0 0 3 3 2 2 3 0
0.0003019384317726811 0 0 2 3 3 0 0 2 0 0 3 3 1 0 1 0
0.0003019384317726811 0 0 2 3 3 0 0 2 0 0 3 3 2 0 2 0
-0.006899021428210869 0 0 2 3 0 1 3 0 0 0 3 1 0 3 2 0
0.006899021428210869 0 0 2 3 0 1 3 0 0 0 3 2 0 3 1 0
-0.01280460706225819 0 0 2 3 0 1 0 0 0 0 3 1 0 2 0 0
0.01280460706225819 0 0 2 3 0 1 0 0 0 0 3 2 0 1 0 0
0.012804607062258201 0 0 2 3 0 0 1 0 0 0 3 1 0 0 2 0
-0.012804607062258201 0 0 2 3 0 0 1 0 0 0 3 2 0 0 1 0
-0.012152053644180542 0 0 2 3 0 0 2 0 0 0 3 1 0 1 0 0
-0.012152053644180542 0 0 2 3 0 0 2 0 0 0 3 2 0 2 0 0
0.005482993134130408 0 0 2 0 1 0 0 0 0 0 1 0 2 0 0 0
-0.005482993134130408 0 0 2 0 1 0 0 0 0 0 2 0 1 0 0 0
0.005647290862251533 0 0 2 0 2 3 3 0 0 1 0 0 3 3 1 0
0.005647290862251533 0 0 2 0 2 3 3 0 0 2 0 0 3 3 2 0
-0.00460648483638234 0 0 2 0 2 3 0 0 0 1 0 0 3 1 0 0
-0.00460648483638234 0 0 2 0 2 3 0 0 0 2 0 0 3 2 0 0
-0.012804607062258208 0 0 2 0 0 1 3 0 0 0 1 0 0 3 2 0
0.012804607062258208 0 0 2 0 0 1 3 0 0 0 2 0 0 3 1 0
0.015319774452606091 0 0 2 0 0 1 0 0 0 1 0 0 2 0 0 0
-0.015319774452606091 0 0 2 0 0 1 0 0 0 2 0 0 1 0 0 0
0.013990367734439792 0 0 2 0 0 1 0 0 0 0 1 0 0 2 0 0
-0.013990367734439792 0 0 2 0 0 1 0 0 0 0 2 0 0 1 0 0
-0.018781180303613188 0 0 2 0 0 3 1 0 0 1 0 0 2 3 0 0
0.018781180303613188 0 0 2 0 0 3 1 0 0 2 0 0 1 3 0 0
0.019243399950409485 0 0 2 0 0 0 1 0 0 0 1 0 0 0 2 0
-0.019243399950409485 0 0 2 0 0 0 1 0 0 0 2 0 0 0 1 0
0.012804607062258208 0 0 2 0 0 0 2 0 0 0 1 0 0 1 0 0
0.012804607062258208 0 0 2 0 0 0 2 0 0 0 2 0 0 2 0 0
0.005558136810212873 0 0 2 0 0 0 0 1 0 0 1 0 0 0 0 2
-0.005558136810212873 0 0 2 0 0 0 0 1 0 0 2 0 0 0 0 1
1.2664953021850502 0 0 3 0 0 0 0 0 0 0 0 0 0 0 0 0
0.0046064848363823385 0 0 3 1 1 3 3 0 0 1 3 0 3 3 1 0
0.0046064848363823385 0 0 3 1 1 3 3 0 0 2 3 0 3 3 2 0
0.005647290862251528 0 0 3 1 1 3 0 0 0 1 3 0 3 1 0 0
0.005647290862251528 0 0 3 1 1 3 0 0 0 2 3 0 3 2 0 0
-0.004101504361230364 0 0 3 1 3 3 3 2 0 1 3 2 3 3 3 0
0.004101504361230364 0 0 3 1 3 3 3 2 0 2 3 1 3 3 3 0
0.01878118030361316 0 0 3 1 0 2 0 0 0 1 3 0 2 0 0 0
-0.01878118030361316 0 0 3 1 0 2 0 0 0 2 3 0 1 0 0 0
0.015319774452606072 0 0 3 1 0 3 2 0 0 1 3 0 2 3 0 0
-0.015319774452606072 0 0 3 1 0 3 2 0 0 2 3 0 1 3 0 0
0.0046064848363823385 0 0 3 2 2 3 3 0 0 1 3 0 3 3 1 0
0.0046064848363823385 0 0 3 2 2 3 3 0 0 2 3 0 3 3 2 0
0.005647290862251528 0 0 3 2 2 3 0 0 0 1 3 0 3 1 0 0
0.005647290862251528 0 0 3 2 2 3 0 0 0 2 3 0 3 2 0 0
0.004101504361230364 0 0 3 2 3 3 3 1 0 1 3 2 3 3 3 0
-0.004101504361230364 0 0 3 2 3 3 3 1 0 2 3 1 3 3 3 0
-0.01878118030361316 0 0 3 2 0 1 0 0 0 1 3 0 2 0 0 0
0.01878118030361316 0 0 3 2 0 1 0 0 0 2 3 0 1 0 0 0
-0.015319774452606072 0 0 3 2 0 3 1 0 0 1 3 0 2 3 0 0
0.015319774452606072 0 0 3 2 0 3 1 0 0 2 3 0 1 3 0 0
0.08817510231157517 0 0 3 3 0 0 0 0 0 0 0 0 0 0 0 0
-0.006048468946510005 0 0 3 3 1 1 0 0 0 1 3 1 3 0 0 0
-0.006048468946510005 0 0 3 3 1 1 0 0 0 2 3 2 3 0 0 0
-0.004933725066592261 0 0 3 3 1 3 1 0 0 1 3 1 3 3 0 0
-0.004933725066592261 0 0 3 3 1 3 1 0 0 2 3 2 3 3 0 0
0.0243885085134237 0 0 3 3 1 3 3 2 0 1 3 3 2 3 3 0
-0.0243885085134237 0 0 3 3 1 3 3 2 0 2 3 3 1 3 3 0
-0.006048468946510005 0 0 3 3 2 2 0 0 0 1 3 1 3 0 0 0
-0.006048468946510005 0 0 3 3 2 2 0 0 0 2 3 2 3 0 0 0
-0.004933725066592261 0 0 3 3 2 3 2 0 0 1 3 1 3 3 0 0
-0.004933725066592261 0 0 3 3 2 3 2 0 0 2 3 2 3 3 0 0
-0.0243885085134237 0 0 3 3 2 3 3 1 0 1 3 3 2 3 3 0
0.0243885085134237 0 0 3 3 2 3 3 1 0 2 3 3 1 3 3 0
-0.006180894953171001 0 0 3 3 3 1 3 2 0 1 3 3 3 2 3 0
0.006180894953171001 0 0 3 3 3 1 3 2 0 2 3 3 3 1 3 0
0.006180894953171001 0 0 3 3 3 2 3 1 0 1 3 3 3 2 3 0
-0.006180894953171001 0 0 3 3 3 2 3 1 0 2 3 3 3 1 3 0
-0.006180894953171003 0 0 3 3 3 3 1 2 0 1 3 3 3 3 2 0
0.006180894953171003 0 0 3 3 3 3 1 2 0 2 3 3 3 3 1 0
0.006180894953171003 0 0 3 3 3 3 2 1 0 1 3 3 3 3 2 0
-0.006180894953171003 0 0 3 3 3 3 2 1 0 2 3 3 3 3 1 0
-0.008165460826544966 0 0 3 3 3 3 3 3 3 1 3 3 3 3 3 1
-0.008165460826544966 0 0 3 3 3 3 3 3 3 2 3 3 3 3 3 2
-0.06714072365628522 0 0 3 3 3 3 3 3 0 1 3 3 3 3 3 1
0.0009534040195078673 0 0 3 3 3 3 3 3 0 1 3 3 3 3 0 1
0.0009534040195078536 0 0 3 3 3 3 3 3 0 1 3 3 3 0 3 1
-0.017395409315900986 0 0 3 3 3 3 3 3 0 1 3 3 0 3 3 1
-0.005051545356116227 0 0 3 3 3 3 3 3 0 1 3 0 3 3 3 1
-0.005051545356116266 0 0 3 3 3 3 3 3 0 1 0 3 3 3 3 1
-0.06714072365628522 0 0 3 3 3 3 3 3 0 2 3 3 3 3 3 2
0.0009534040195078673 0 0 3 3 3 3 3 3 0 2 3 3 3 3 0 2
0.0009534040195078536 0 0 3 3 3 3 3 3 0 2 3 3 3 0 3 2
-0.017395409315900986 0 0 3 3 3 3 3 3 0 2 3 3 0 3 3 2
-0.005051545356116227 0 0 3 3 3 3 3 3 0 2 3 0 3 3 3 2
-0.005051545356116266 0 0 3 3 3 3 3 3 0 2 0 3 3 3 3 2
-0.0026111515258957873 0 0 3 3 3 3 3 0 0 1 3 3 3 3 3 1
-0.0026111515258957873 0 0 3 3 3 3 3 0 0 2 3 3 3 3 3 2
-0.005227490933663136 0 0 3 3 3 3 0 3 0 1 3 3 3 3 3 1
-0.005227490933663136 0 0 3 3 3 3 0 3 0 2 3 3 3 3 3 2
-0.005227490933663146 0 0 3 3 3 0 3 3 0 1 3 3 3 3 3 1
-0.005227490933663146 0 0 3 3 3 0 3 3 0 2 3 3 3 3 3 2
-0.0004937746836185872 0 0 3 3 3 0 0 0 1 3 3 3 1 0 0 0
-0.0004937746836185872 0 0 3 3 3 0 0 0 2 3 3 3 2 0 0 0
0.006993099197522715 0 0 3 3 0 3 3 3 0 1 3 3 3 3 3 1
0.006993099197522715 0 0 3 3 0 3 3 3 0 2 3 3 3 3 3 2
-0.00032724023020992384 0 0 3 3 0 3 3 0 0 1 3 1 1 3 1 0
0.01038604938601381 0 0 3 3 0 3 3 0 0 1 3 1 2 3 2 0
-0.010713289616223734 0 0 3 3 0 3 3 0 0 1 3 2 2 3 1 0
-0.010713289616223734 0 0 3 3 0 3 3 0 0 2 3 1 1 3 2 0
0.01038604938601381 0 0 3 3 0 3 3 0 0 2 3 2 1 3 1 0
-0.00032724023020992384 0 0 3 3 0 3 3 0 0 2 3 2 2 3 2 0
-0.0004011780842584771 0 0 3 3 0 3 0 0 0 1 3 1 1 1 0 0
0.012732711357103157 0 0 3 3 0 3 0 0 0 1 3 1 2 2 0 0
-0.013133889441361632 0 0 3 3 0 3 0 0 0 1 3 2 2 1 0 0
-0.013133889441361632 0 0 3 3 0 3 0 0 0 2 3 1 1 2 0 0
0.012732711357103157 0 0 3 3 0 3 0 0 0 2 3 2 1 1 0 0
-0.0004011780842584771 0 0 3 3 0 3 0 0 0 2 3 2 2 2 0 0
0.0049337250665922655 0 0 3 0 1 1 0 0 0 1 1 0 3 0 0 0
0.0049337250665922655 0 0 3 0 1 1 0 0 0 2 2 0 3 0 0 0
-0.006048468946510011 0 0 3 0 1 3 1 0 0 1 1 0 3 3 0 0
-0.006048468946510011 0 0 3 0 1 3 1 0 0 2 2 0 3 3 0 0
0.0049337250665922655 0 0 3 0 2 2 0 0 0 1 1 0 3 0 0 0
0.0049337250665922655 0 0 3 0 2 2 0 0 0 2 2 0 3 0 0 0
-0.006048468946510011 0 0 3 0 2 3 2 0 0 1 1 0 3 3 0 0
-0.006048468946510011 0 0 3 0 2 3 2 0 0 2 2 0 3 3 0 0
0.08167975178865991 0 0 3 0 3 0 0 0 0 0 0 0 0 0 0 0
-0.009153049717346592 0 0 3 0 3 3 3 3 0 1 3 3 3 3 3 1
-0.009153049717346592 0 0 3 0 3 3 3 3 0 2 3 3 3 3 3 2
-0.008482978627516307 0 0 3 0 0 1 1 0 0 0 0 0 0 3 0 0
-0.008482978627516307 0 0 3 0 0 2 2 0 0 0 0 0 0 3 0 0
0.07924038164807917 0 0 3 0 0 3 0 0 0 0 0 0 0 0 0 0
-0.00040117808425847864 0 0 3 0 0 3 3 0 0 1 1 0 1 3 1 0
0.012732711357103181 0 0 3 0 0 3 3 0 0 1 1 0 2 3 2 0
-0.013133889441361658 0 0 3 0 0 3 3 0 0 1 2 0 2 3 1 0
-0.013133889441361658 0 0 3 0 0 3 3 0 0 2 1 0 1 3 2 0
0.012732711357103181 0 0 3 0 0 3 3 0 0 2 2 0 1 3 1 0
-0.00040117808425847864 0 0 3 0 0 3 3 0 0 2 2 0 2 3 2 0
0.0003272402302099243 0 0 3 0 0 3 0 0 0 1 1 0 1 1 0 0
-0.010386049386013825 0 0 3 0 0 3 0 0 0 1 1 0 2 2 0 0
0.010713289616223748 0 0 3 0 0 3 0 0 0 1 2 0 2 1 0 0
0.010713289616223748 0 0 3 0 0 3 0 0 0 2 1 0 1 2 0 0
-0.010386049386013825 0 0 3 0 0 3 0 0 0 2 2 0 1 1 0 0
0.0003272402302099243 0 0 3 0 0 3 0 0 0 2 2 0 2 2 0 0
0.07576027797905911 0 0 3 0 0 0 3 0 0 0 0 0 0 0 0 0
0.0043216284347419014 0 0 3 0 0 0 3 0 0 0 0 0 0 1 1 0
0.0043216284347419014 0 0 3 0 0 0 3 0 0 0 0 0 0 2 2 0
0.09060297595446706 0 0 3 0 0 0 0 3 0 0 0 0 0 0 0 0
0.10776519686049249 0 0 3 0 0 0 0 0 3 0 0 0 0 0 0 0
0.08890099513133015 0 0 3 0 0 0 0 0 0 3 0 0 0 0 0 0
0.10239300138823498 0 0 3 0 0 0 0 0 0 0 3 0 0 0 0 0
0.09291440200379501 0 0 3 0 0 0 0 0 0 0 0 3 0 0 0 0
0.08716274492279032 0 0 3 0 0 0 0 0 0 0 0 0 3 0 0 0
0.09323074938251896 0 0 3 0 0 0 0 0 0 0 0 0 0 3 0 0
0.09500367792946861 0 0 3 0 0 0 0 0 0 0 0 0 0 0 3 0
0.09616111276467992 0 0 3 0 0 0 0 0 0 0 0 0 0 0 0 3
0.0007550764270959593 0 0 0 1 1 1 3 1 0 0 0 3 0 3 3 0
-0.011809059669600134 0 0 0 1 1 2 3 2 0 0 0 3 0 3 3 0
0.0006159144617425528 0 0 0 1 1 0 1 1 0 0 0 3 0 0 3 0
-0.009632628392414544 0 0 0 1 1 0 2 2 0 0 0 3 0 0 3 0
0.00045313799532328 0 0 0 1 1 0 3 3 0 0 0 3 0 1 3 1
0.00045313799532328 0 0 0 1 1 0 3 3 0 0 0 3 0 2 3 2
0.00036962383471305017 0 0 0 1 1 0 0 3 0 0 0 3 0 0 1 1
0.00036962383471305017 0 0 0 1 1 0 0 3 0 0 0 3 0 0 2 2
0.012564136096696094 0 0 0 1 2 2 3 1 0 0 0 3 0 3 3 0
0.010248542854157097 0 0 0 1 2 0 2 1 0 0 0 3 0 0 3 0
-0.005482993134130399 0 0 0 1 2 0 0 0 0 0 0 1 2 0 0 0
0.005482993134130399 0 0 0 1 2 0 0 0 0 0 0 2 1 0 0 0
-0.012262197664923414 0 0 0 1 3 2 3 3 0 0 0 3 1 3 3 2
0.012262197664923414 0 0 0 1 3 2 3 3 0 0 0 3 2 3 3 1
-0.010002252227127594 0 0 0 1 3 0 2 3 0 0 0 3 1 0 3 2
0.010002252227127594 0 0 0 1 3 0 2 3 0 0 0 3 2 0 3 1
0.00030193843177267926 0 0 0 1 3 0 3 1 0 0 0 3 1 1 3 0
0.00030193843177267926 0 0 0 1 3 0 3 1 0 0 0 3 2 2 3 0
0.00024629062702950257 0 0 0 1 3 0 0 1 0 0 0 3 1 0 1 0
0.00024629062702950257 0 0 0 1 3 0 0 1 0 0 0 3 2 0 2 0
-0.012152053644180542 0 0 0 1 0 1 3 0 0 0 1 0 0 3 1 0
-0.012152053644180542 0 0 0 1 0 1 3 0 0 0 2 0 0 3 2 0
0.01280460706225819 0 0 0 1 0 1 0 0 0 0 1 0 0 1 0 0
0.01280460706225819 0 0 0 1 0 1 0 0 0 0 2 0 0 2 0 0
-0.012804607062258179 0 0 0 1 0 2 3 0 0 0 0 1 0 3 2 0
0.012804607062258179 0 0 0 1 0 2 3 0 0 0 0 2 0 3 1 0
-0.01924339995040943 0 0 0 1 0 2 0 0 0 0 0 1 0 2 0 0
0.01924339995040943 0 0 0 1 0 2 0 0 0 0 0 2 0 1 0 0
-0.012804607062258201 0 0 0 1 0 0 1 0 0 0 1 0 0 0 1 0
-0.012804607062258201 0 0 0 1 0 0 1 0 0 0 2 0 0 0 2 0
-0.012804607062258179 0 0 0 1 0 0 1 0 0 0 0 1 0 1 0 0
-0.012804607062258179 0 0 0 1 0 0 1 0 0 0 0 2 0 2 0 0
0.006899021428210869 0 0 0 1 0 0 2 0 0 0 1 0 0 2 0 0
-0.006899021428210869 0 0 0 1 0 0 2 0 0 0 2 0 0 1 0 0
-0.013990367734439766 0 0 0 1 0 0 2 0 0 0 0 1 0 0 2 0
0.013990367734439766 0 0 0 1 0 0 2 0 0 0 0 2 0 0 1 0
-0.005558136810212854 0 0 0 1 0 0 0 2 0 0 0 1 0 0 0 2
0.005558136810212854 0 0 0 1 0 0 0 2 0 0 0 2 0 0 0 1
0.012564136096696094 0 0 0 2 1 1 3 2 0 0 0 3 0 3 3 0
0.010248542854157097 0 0 0 2 1 0 1 2 0 0 0 3 0 0 3 0
0.005482993134130399 0 0 0 2 1 0 0 0 0 0 0 1 2 0 0 0
-0.005482993134130399 0 0 0 2 1 0 0 0 0 0 0 2 1 0 0 0
-0.011809059669600134 0 0 0 2 2 1 3 1 0 0 0 3 0 3 3 0
0.0007550764270959593 0 0 0 2 2 2 3 2 0 0 0 3 0 3 3 0
-0.009632628392414544 0 0 0 2 2 0 1 1 0 0 0 3 0 0 3 0
0.0006159144617425528 0 0 0 2 2 0 2 2 0 0 0 3 0 0 3 0
0.00045313799532328 0 0 0 2 2 0 3 3 0 0 0 3 0 1 3 1
0.00045313799532328 0 0 0 2 2 0 3 3 0 0 0 3 0 2 3 2
0.00036962383471305017 0 0 0 2 2 0 0 3 0 0 0 3 0 0 1 1
0.00036962383471305017 0 0 0 2 2 0 0 3 0 0 0 3 0 0 2 2
0.012262197664923414 0 0 0 2 3 1 3 3 0 0 0 3 1 3 3 2
-0.012262197664923414 0 0 0 2 3 1 3 3 0 0 0 3 2 3 3 1
0.010002252227127594 0 0 0 2 3 0 1 3 0 0 0 3 1 0 3 2
-0.010002252227127594 0 0 0 2 3 0 1 3 0 0 0 3 2 0 3 1
0.00030193843177267926 0 0 0 2 3 0 3 2 0 0 0 3 1 1 3 0
0.00030193843177267926 0 0 0 2 3 0 3 2 0 0 0 3 2 2 3 0
0.00024629062702950257 0 0 0 2 3 0 0 2 0 0 0 3 1 0 1 0
0.00024629062702950257 0 0 0 2 3 0 0 2 0 0 0 3 2 0 2 0
0.012804607062258179 0 0 0 2 0 1 3 0 0 0 0 1 0 3 2 0
-0.012804607062258179 0 0 0 2 0 1 3 0 0 0 0 2 0 3 1 0
0.01924339995040943 0 0 0 2 0 1 0 0 0 0 0 1 0 2 0 0
-0.01924339995040943 0 0 0 2 0 1 0 0 0 0 0 2 0 1 0 0
-0.012152053644180542 0 0 0 2 0 2 3 0 0 0 1 0 0 3 1 0
-0.012152053644180542 0 0 0 2 0 2 3 0 0 0 2 0 0 3 2 0
0.01280460706225819 0 0 0 2 0 2 0 0 0 0 1 0 0 1 0 0
0.01280460706225819 0 0 0 2 0 2 0 0 0 0 2 0 0 2 0 0
-0.006899021428210869 0 0 0 2 0 0 1 0 0 0 1 0 0 2 0 0
0.006899021428210869 0 0 0 2 0 0 1 0 0 0 2 0 0 1 0 0
0.013990367734439766 0 0 0 2 0 0 1 0 0 0 0 1 0 0 2 0
-0.013990367734439766 0 0 0 2 0 0 1 0 0 0 0 2 0 0 1 0
-0.012804607062258201 0 0 0 2 0 0 2 0 0 0 1 0 0 0 1 0
-0.012804607062258201 0 0 0 2 0 0 2 0 0 0 2 0 0 0 2 0
-0.012804607062258179 0 0 0 2 0 0 2 0 0 0 0 1 0 1 0 0
-0.012804607062258179 0 0 0 2 0 0 2 0 0 0 0 2 0 2 0 0
0.005558136810212854 0 0 0 2 0 0 0 1 0 0 0 1 0 0 0 2
-0.005558136810212854 0 0 0 2 0 0 0 1 0 0 0 2 0 0 0 1
1.2664953021850436 0 0 0 3 0 0 0 0 0 0 0 0 0 0 0 0
-0.00024629062702950273 0 0 0 3 1 1 3 3 0 0 1 3 0 3 3 1
-0.00024629062702950273 0 0 0 3 1 1 3 3 0 0 2 3 0 3 3 2
0.0003019384317726811 0 0 0 3 1 0 1 3 0 0 1 3 0 0 3 1
0.0003019384317726811 0 0 0 3 1 0 1 3 0 0 2 3 0 0 3 2
0.010002252227127605 0 0 0 3 1 0 3 2 0 0 1 3 0 2 3 0
-0.010002252227127605 0 0 0 3 1 0 3 2 0 0 2 3 0 1 3 0
-0.012262197664923436 0 0 0 3 1 0 0 2 0 0 1 3 0 0 2 0
0.012262197664923436 0 0 0 3 1 0 0 2 0 0 2 3 0 0 1 0
-0.00024629062702950273 0 0 0 3 2 2 3 3 0 0 1 3 0 3 3 1
-0.00024629062702950273 0 0 0 3 2 2 3 3 0 0 2 3 0 3 3 2
0.0003019384317726811 0 0 0 3 2 0 2 3 0 0 1 3 0 0 3 1
0.0003019384317726811 0 0 0 3 2 0 2 3 0 0 2 3 0 0 3 2
-0.010002252227127605 0 0 0 3 2 0 3 1 0 0 1 3 0 2 3 0
0.010002252227127605 0 0 0 3 2 0 3 1 0 0 2 3 0 1 3 0
0.012262197664923436 0 0 0 3 2 0 0 1 0 0 1 3 0 0 2 0
-0.012262197664923436 0 0 0 3 2 0 0 1 0 0 2 3 0 0 1 0
0.08167975178865972 0 0 0 3 3 0 0 0 0 0 0 0 0 0 0 0
-0.0003696238347130504 0 0 0 3 3 1 3 1 0 0 1 3 1 3 3 0
-0.0003696238347130504 0 0 0 3 3 1 3 1 0 0 2 3 2 3 3 0
-0.0003696238347130504 0 0 0 3 3 2 3 2 0 0 1 3 1 3 3 0
-0.0003696238347130504 0 0 0 3 3 2 3 2 0 0 2 3 2 3 3 0
-0.009153049717346644 0 0 0 3 3 3 3 3 0 1 3 3 3 3 3 1
-0.009153049717346644 0 0 0 3 3 3 3 3 0 2 3 3 3 3 3 2
0.00045313799532328006 0 0 0 3 3 0 1 1 0 0 1 3 1 0 3 0
0.00045313799532328006 0 0 0 3 3 0 1 1 0 0 2 3 2 0 3 0
0.00045313799532328006 0 0 0 3 3 0 2 2 0 0 1 3 1 0 3 0
0.00045313799532328006 0 0 0 3 3 0 2 2 0 0 2 3 2 0 3 0
-0.0006159144617425531 0 0 0 3 3 0 3 3 0 0 1 3 1 1 3 1
0.009632628392414555 0 0 0 3 3 0 3 3 0 0 1 3 1 2 3 2
-0.010248542854157107 0 0 0 3 3 0 3 3 0 0 1 3 2 2 3 1
-0.010248542854157107 0 0 0 3 3 0 3 3 0 0 2 3 1 1 3 2
0.009632628392414555 0 0 0 3 3 0 3 3 0 0 2 3 2 1 3 1
-0.0006159144617425531 0 0 0 3 3 0 3 3 0 0 2 3 2 2 3 2
0.0007550764270959612 0 0 0 3 3 0 0 3 0 0 1 3 1 0 1 1
-0.011809059669600159 0 0 0 3 3 0 0 3 0 0 1 3 1 0 2 2
0.012564136096696116 0 0 0 3 3 0 0 3 0 0 1 3 2 0 2 1
0.012564136096696116 0 0 0 3 3 0 0 3 0 0 2 3 1 0 1 2
-0.011809059669600159 0 0 0 3 3 0 0 3 0 0 2 3 2 0 1 1
0.0007550764270959612 0 0 0 3 3 0 0 3 0 0 2 3 2 0 2 2
0.000886464273474794 0 0 0 3 0 1 1 0 0 0 1 1 0 3 0 0
0.000886464273474794 0 0 0 3 0 1 1 0 0 0 2 2 0 3 0 0
0.00848297862751627 0 0 0 3 0 1 1 0 0 0 0 0 0 3 0 0
0.000886464273474794 0 0 0 3 0 2 2 0 0 0 1 1 0 3 0 0
0.000886464273474794 0 0 0 3 0 2 2 0 0 0 2 2 0 3 0 0
0.00848297862751627 0 0 0 3 0 2 2 0 0 0 0 0 0 3 0 0
0.07576027797905888 0 0 0 3 0 3 0 0 0 0 0 0 0 0 0 0
0.004321628434741887 0 0 0 3 0 3 0 0 0 0 1 1 0 0 0 0
0.004321628434741887 0 0 0 3 0 3 0 0 0 0 2 2 0 0 0 0
0.07924038164807902 0 0 0 3 0 0 3 0 0 0 0 0 0 0 0 0
-0.004321628434741929 0 0 0 3 0 0 3 0 0 0 1 1 0 0 0 0
-0.01126558937070575 0 0 0 3 0 0 3 0 0 0 1 1 0 1 1 0
0.0077854857016856635 0 0 0 3 0 0 3 0 0 0 1 1 0 2 2 0
-0.01905107507239141 0 0 0 3 0 0 3 0 0 0 1 2 0 2 1 0
-0.01905107507239141 0 0 0 3 0 0 3 0 0 0 2 1 0 1 2 0
-0.004321628434741929 0 0 0 3 0 0 3 0 0 0 2 2 0 0 0 0
0.0077854857016856635 0 0 0 3 0 0 3 0 0 0 2 2 0 1 1 0
-0.01126558937070575 0 0 0 3 0 0 3 0 0 0 2 2 0 2 2 0
-0.004321628434741906 0 0 0 3 0 0 3 0 0 0 0 0 0 1 1 0
-0.004321628434741906 0 0 0 3 0 0 3 0 0 0 0 0 0 2 2 0
0.0906029759544668 0 0 0 3 0 0 0 3 0 0 0 0 0 0 0 0
0.10776519686049223 0 0 0 3 0 0 0 0 3 0 0 0 0 0 0 0
0.08890099513132993 0 0 0 3 0 0 0 0 0 3 0 0 0 0 0 0
-0.008482978627516303 0 0 0 3 0 0 0 0 0 0 1 1 0 3 0 0
0.00848297862751627 0 0 0 3 0 0 0 0 0 0 1 1 0 0 3 0
-0.008482978627516303 0 0 0 3 0 0 0 0 0 0 2 2 0 3 0 0
0.00848297862751627 0 0 0 3 0 0 0 0 0 0 2 2 0 0 3 0
0.09291440200379501 0 0 0 3 0 0 0 0 0 0 3 0 0 0 0 0
0.10239300138823447 0 0 0 3 0 0 0 0 0 0 0 3 0 0 0 0
0.08716274492279011 0 0 0 3 0 0 0 0 0 0 0 0 3 0 0 0
0.09500367792946832 0 0 0 3 0 0 0 0 0 0 0 0 0 3 0 0
0.09323074938251877 0 0 0 3 0 0 0 0 0 0 0 0 0 0 3 0
0.09616111276467966 0 0 0 3 0 0 0 0 0 0 0 0 0 0 0 3
0.00030193843177267926 0 0 0 0 1 1 3 3 0 0 0 1 0 3 3 1
0.00030193843177267926 0 0 0 0 1 1 3 3 0 0 0 2 0 3 3 2
-0.007525299521515974 0 0 0 0 1 2 0 0 0 0 0 0 1 2 0 0
0.007525299521515974 0 0 0 0 1 2 0 0 0 0 0 0 2 1 0 0
0.00024629062702950257 0 0 0 0 1 0 1 3 0 0 0 1 0 0 3 1
0.00024629062702950257 0 0 0 0 1 0 1 3 0 0 0 2 0 0 3 2
-0.007525299521515969 0 0 0 0 1 0 2 0 0 0 0 0 1 0 2 0
0.007525299521515969 0 0 0 0 1 0 2 0 0 0 0 0 2 0 1 0
-0.012262197664923414 0 0 0 0 1 0 3 2 0 0 0 1 0 2 3 0
0.012262197664923414 0 0 0 0 1 0 3 2 0 0 0 2 0 1 3 0
-0.010002252227127594 0 0 0 0 1 0 0 2 0 0 0 1 0 0 2 0
0.010002252227127594 0 0 0 0 1 0 0 2 0 0 0 2 0 0 1 0
-0.0206396468081088 0 0 0 0 1 0 0 2 0 0 0 0 1 0 0 2
0.0206396468081088 0 0 0 0 1 0 0 2 0 0 0 0 2 0 0 1
0.007525299521515974 0 0 0 0 2 1 0 0 0 0 0 0 1 2 0 0
-0.007525299521515974 0 0 0 0 2 1 0 0 0 0 0 0 2 1 0 0
0.00030193843177267926 0 0 0 0 2 2 3 3 0 0 0 1 0 3 3 1
0.00030193843177267926 0 0 0 0 2 2 3 3 0 0 0 2 0 3 3 2
0.007525299521515969 0 0 0 0 2 0 1 0 0 0 0 0 1 0 2 0
-0.007525299521515969 0 0 0 0 2 0 1 0 0 0 0 0 2 0 1 0
0.00024629062702950257 0 0 0 0 2 0 2 3 0 0 0 1 0 0 3 1
0.00024629062702950257 0 0 0 0 2 0 2 3 0 0 0 2 0 0 3 2
0.012262197664923414 0 0 0 0 2 0 3 1 0 0 0 1 0 2 3 0
-0.012262197664923414 0 0 0 0 2 0 3 1 0 0 0 2 0 1 3 0
0.010002252227127594 0 0 0 0 2 0 0 1 0 0 0 1 0 0 2 0
-0.010002252227127594 0 0 0 0 2 0 0 1 0 0 0 2 0 0 1 0
0.0206396468081088 0 0 0 0 2 0 0 1 0 0 0 0 1 0 0 2
-0.0206396468081088 0 0 0 0 2 0 0 1 0 0 0 0 2 0 0 1
1.1775679004892494 0 0 0 0 3 0 0 0 0 0 0 0 0 0 0 0
0.00045313799532328 0 0 0 0 3 1 3 1 0 0 0 1 1 3 3 0
0.00045313799532328 0 0 0 0 3 1 3 1 0 0 0 2 2 3 3 0
0.00045313799532328 0 0 0 0 3 2 3 2 0 0 0 1 1 3 3 0
0.00045313799532328 0 0 0 0 3 2 3 2 0 0 0 2 2 3 3 0
0.08111316311614321 0 0 0 0 3 3 0 0 0 0 0 0 0 0 0 0
0.00036962383471305017 0 0 0 0 3 0 1 1 0 0 0 1 1 0 3 0
0.00036962383471305017 0 0 0 0 3 0 1 1 0 0 0 2 2 0 3 0
0.00036962383471305017 0 0 0 0 3 0 2 2 0 0 0 1 1 0 3 0
0.00036962383471305017 0 0 0 0 3 0 2 2 0 0 0 2 2 0 3 0
0.08111316311614325 0 0 0 0 3 0 3 0 0 0 0 0 0 0 0 0
0.0007550764270959593 0 0 0 0 3 0 3 3 0 0 0 1 1 1 3 1
-0.011809059669600134 0 0 0 0 3 0 3 3 0 0 0 1 1 2 3 2
0.012564136096696094 0 0 0 0 3 0 3 3 0 0 0 1 2 2 3 1
0.012564136096696094 0 0 0 0 3 0 3 3 0 0 0 2 1 1 3 2
-0.011809059669600134 0 0 0 0 3 0 3 3 0 0 0 2 2 1 3 1
0.0007550764270959593 0 0 0 0 3 0 3 3 0 0 0 2 2 2 3 2
0.074890920988883 0 0 0 0 3 0 0 3 0 0 0 0 0 0 0 0
0.0006159144617425528 0 0 0 0 3 0 0 3 0 0 0 1 1 0 1 1
-0.009632628392414544 0 0 0 0 3 0 0 3 0 0 0 1 1 0 2 2
0.010248542854157097 0 0 0 0 3 0 0 3 0 0 0 1 2 0 2 1
0.010248542854157097 0 0 0 0 3 0 0 3 0 0 0 2 1 0 1 2
-0.009632628392414544 0 0 0 0 3 0 0 3 0 0 0 2 2 0 1 1
0.0006159144617425528 0 0 0 0 3 0 0 3 0 0 0 2 2 0 2 2
0.09091008922019142 0 0 0 0 3 0 0 0 3 0 0 0 0 0 0 0
0.09275686095016121 0 0 0 0 3 0 0 0 0 3 0 0 0 0 0 0
0.08716274492279032 0 0 0 0 3 0 0 0 0 0 3 0 0 0 0 0
0.08716274492279011 0 0 0 0 3 0 0 0 0 0 0 3 0 0 0 0
0.09888262123625711 0 0 0 0 3 0 0 0 0 0 0 0 3 0 0 0
0.08863846263765918 0 0 0 0 3 0 0 0 0 0 0 0 0 3 0 0
0.08863846263765922 0 0 0 0 3 0 0 0 0 0 0 0 0 0 3 0
0.09553056779699182 0 0 0 0 3 0 0 0 0 0 0 0 0 0 0 3
0.0043216284347419014 0 0 0 0 0 1 1 0 0 0 3 0 0 3 0 0
-0.004321628434741906 0 0 0 0 0 1 1 0 0 0 0 3 0 3 0 0
-0.004773588187607625 0 0 0 0 0 1 2 0 0 0 0 0 0 1 2 0
0.004773588187607625 0 0 0 0 0 1 2 0 0 0 0 0 0 2 1 0
-0.007384037144602432 0 0 0 0 0 1 0 2 0 0 0 0 0 1 0 2
0.007384037144602432 0 0 0 0 0 1 0 2 0 0 0 0 0 2 0 1
0.004773588187607625 0 0 0 0 0 2 1 0 0 0 0 0 0 1 2 0
-0.004773588187607625 0 0 0 0 0 2 1 0 0 0 0 0 0 2 1 0
0.0043216284347419014 0 0 0 0 0 2 2 0 0 0 3 0 0 3 0 0
-0.004321628434741906 0 0 0 0 0 2 2 0 0 0 0 3 0 3 0 0
0.007384037144602432 0 0 0 0 0 2 0 1 0 0 0 0 0 1 0 2
-0.007384037144602432 0 0 0 0 0 2 0 1 0 0 0 0 0 2 0 1
1.088910598545288 0 0 0 0 0 3 0 0 0 0 0 0 0 0 0 0
0.08423974193779296 0 0 0 0 0 3 3 0 0 0 0 0 0 0 0 0
0.08625481922973827 0 0 0 0 0 3 0 3 0 0 0 0 0 0 0 0
0.09872803792391283 0 0 0 0 0 3 0 0 3 0 0 0 0 0 0 0
0.09039222756049549 0 0 0 0 0 3 0 0 0 3 0 0 0 0 0 0
0.09323074938251896 0 0 0 0 0 3 0 0 0 0 3 0 0 0 0 0
0.09500367792946832 0 0 0 0 0 3 0 0 0 0 0 3 0 0 0 0
0.08863846263765918 0 0 0 0 0 3 0 0 0 0 0 0 3 0 0 0
0.09856050650061582 0 0 0 0 0 3 0 0 0 0 0 0 0 3 0 0
0.08901333012540058 0 0 0 0 0 3 0 0 0 0 0 0 0 0 3 0
0.09363885637434069 0 0 0 0 0 3 0 0 0 0 0 0 0 0 0 3
-0.007384037144602436 0 0 0 0 0 0 1 2 0 0 0 0 0 0 1 2
0.007384037144602436 0 0 0 0 0 0 1 2 0 0 0 0 0 0 2 1
0.007384037144602436 0 0 0 0 0 0 2 1 0 0 0 0 0 0 1 2
-0.007384037144602436 0 0 0 0 0 0 2 1 0 0 0 0 0 0 2 1
1.0889105985452925 0 0 0 0 0 0 3 0 0 0 0 0 0 0 0 0
0.08625481922973831 0 0 0 0 0 0 3 3 0 0 0 0 0 0 0 0
0.09872803792391285 0 0 0 0 0 0 3 0 3 0 0 0 0 0 0 0
0.09039222756049553 0 0 0 0 0 0 3 0 0 3 0 0 0 0 0 0
0.09500367792946861 0 0 0 0 0 0 3 0 0 0 3 0 0 0 0 0
-0.008482978627516307 0 0 0 0 0 0 3 0 0 0 3 0 0 1 1 0
-0.008482978627516307 0 0 0 0 0 0 3 0 0 0 3 0 0 2 2 0
0.09323074938251877 0 0 0 0 0 0 3 0 0 0 0 3 0 0 0 0
0.00848297862751627 0 0 0 0 0 0 3 0 0 0 0 3 0 1 1 0
0.00848297862751627 0 0 0 0 0 0 3 0 0 0 0 3 0 2 2 0
0.08863846263765922 0 0 0 0 0 0 3 0 0 0 0 0 3 0 0 0
0.08901333012540058 0 0 0 0 0 0 3 0 0 0 0 0 0 3 0 0
0.09856050650061589 0 0 0 0 0 0 3 0 0 0 0 0 0 0 3 0
0.09363885637434073 0 0 0 0 0 0 3 0 0 0 0 0 0 0 0 3
0.9320092670101099 0 0 0 0 0 0 0 3 0 0 0 0 0 0 0 0
0.10646967543483876 0 0 0 0 0 0 0 3 3 0 0 0 0 0 0 0
0.09266755512868152 0 0 0 0 0 0 0 3 0 3 0 0 0 0 0 0
0.09616111276467992 0 0 0 0 0 0 0 3 0 0 3 0 0 0 0 0
0.09616111276467966 0 0 0 0 0 0 0 3 0 0 0 3 0 0 0 0
0.09553056779699182 0 0 0 0 0 0 0 3 0 0 0 0 3 0 0 0
0.09363885637434069 0 0 0 0 0 0 0 3 0 0 0 0 0 3 0 0
0.09363885637434073 0 0 0 0 0 0 0 3 0 0 0 0 0 0 3 0
0.10209895956801077 0 0 0 0 0 0 0 3 0 0 0 0 0 0 0 3
1.6828888491748508 0 0 0 0 0 0 0 0 3 0 0 0 0 0 0 0
0.07970918381075859 0 0 0 0 0 0 0 0 3 3 0 0 0 0 0 0
0.08743678304742467 0 0 0 0 0 0 0 0 3 0 3 0 0 0 0 0
0.08743678304742447 0 0 0 0 0 0 0 0 3 0 0 3 0 0 0 0
0.08191670205352866 0 0 0 0 0 0 0 0 3 0 0 0 3 0 0 0
0.09131789632057409 0 0 0 0 0 0 0 0 3 0 0 0 0 3 0 0
0.09131789632057415 0 0 0 0 0 0 0 0 3 0 0 0 0 0 3 0
0.0965458627376771 0 0 0 0 0 0 0 0 3 0 0 0 0 0 0 3
1.2692035921981182 0 0 0 0 0 0 0 0 0 3 0 0 0 0 0 0
0.07832284663435543 0 0 0 0 0 0 0 0 0 3 3 0 0 0 0 0
0.07832284663435524 0 0 0 0 0 0 0 0 0 3 0 3 0 0 0 0
0.05923432828002244 0 0 0 0 0 0 0 0 0 3 0 0 3 0 0 0
0.07282609843073376 0 0 0 0 0 0 0 0 0 3 0 0 0 3 0 0
0.0728260984307338 0 0 0 0 0 0 0 0 0 3 0 0 0 0 3 0
0.08015376567174355 0 0 0 0 0 0 0 0 0 3 0 0 0 0 0 3
1.2664953021850505 0 0 0 0 0 0 0 0 0 0 3 0 0 0 0 0
0.08817510231157517 0 0 0 0 0 0 0 0 0 0 3 3 0 0 0 0
0.08167975178865991 0 0 0 0 0 0 0 0 0 0 3 0 3 0 0 0
0.07924038164807917 0 0 0 0 0 0 0 0 0 0 3 0 0 3 0 0
0.07576027797905911 0 0 0 0 0 0 0 0 0 0 3 0 0 0 3 0
0.09060297595446706 0 0 0 0 0 0 0 0 0 0 3 0 0 0 0 3
1.2664953021850436 0 0 0 0 0 0 0 0 0 0 0 3 0 0 0 0
0.08167975178865972 0 0 0 0 0 0 0 0 0 0 0 3 3 0 0 0
0.07576027797905888 0 0 0 0 0 0 0 0 0 0 0 3 0 3 0 0
0.07924038164807902 0 0 0 0 0 0 0 0 0 0 0 3 0 0 3 0
0.0906029759544668 0 0 0 0 0 0 0 0 0 0 0 3 0 0 0 3
1.1775679004892496 0 0 0 0 0 0 0 0 0 0 0 0 3 0 0 0
0.08111316311614321 0 0 0 0 0 0 0 0 0 0 0 0 3 3 0 0
0.08111316311614325 0 0 0 0 0 0 0 0 0 0 0 0 3 0 3 0
0.074890920988883 0 0 0 0 0 0 0 0 0 0 0 0 3 0 0 3
1.088910598545288 0 0 0 0 0 0 0 0 0 0 0 0 0 3 0 0
0.08423974193779296 0 0 0 0 0 0 0 0 0 0 0 0 0 3 3 0
0.08625481922973827 0 0 0 0 0 0 0 0 0 0 0 0 0 3 0 3
1.0889105985452925 0 0 0 0 0 0 0 0 0 0 0 0 0 0 3 0
0.08625481922973831 0 0 0 0 0 0 0 0 0 0 0 0 0 0 3 3
0.9320092670101098 0 0 0 0 0 0 0 0 0 0 0 0 0 0 0 3
