-5080.917462474455 0 0 0 0 0 0 0 0 0 0 0 0 0 0 0 0
-0.020704211157772094 1 1 1 3 3 3 3 1 3 0 3 3 3 3 3 0
-0.01463095250165425 1 1 2 3 3 3 3 2 3 0 3 3 3 3 3 0
-0.013973341022946228 1 1 3 0 0 0 0 0 3 1 1 0 0 0 0 0
-0.013973341022946228 1 1 3 0 0 0 0 0 3 2 2 0 0 0 0 0
2.1799685030724737e-05 1 1 0 1 3 1 0 0 3 0 0 3 3 0 0 0
0.020167674171277013 1 1 0 1 3 3 1 0 3 0 0 3 3 3 0 0
1.9035391462508523e-05 1 1 0 2 3 2 0 0 3 0 0 3 3 0 0 0
0.017610326580292487 1 1 0 2 3 3 2 0 3 0 0 3 3 3 0 0
-0.02943316993787089 1 1 0 3 3 3 3 3 3 0 1 3 3 3 3 1
-0.02943316993787089 1 1 0 3 3 3 3 3 3 0 2 3 3 3 3 2
0.02016767417127698 1 1 0 0 1 1 0 0 3 0 0 0 3 0 0 0
-2.179968503072745e-05 1 1 0 0 1 3 1 0 3 0 0 0 3 3 0 0
0.017610326580292456 1 1 0 0 2 2 0 0 3 0 0 0 3 0 0 0
-1.903539146251161e-05 1 1 0 0 2 3 2 0 3 0 0 0 3 3 0 0
0.032582343488682275 1 1 0 0 3 3 3 0 3 0 0 1 3 3 1 0
0.032582343488682275 1 1 0 0 3 3 3 0 3 0 0 2 3 3 2 0
3.5218975653015003e-05 1 1 0 0 3 3 0 0 3 0 0 1 3 1 0 0
3.5218975653015003e-05 1 1 0 0 3 3 0 0 3 0 0 2 3 2 0 0
-3.521897565301573e-05 1 1 0 0 0 3 3 0 3 0 0 0 1 3 1 0
-3.521897565301573e-05 1 1 0 0 0 3 3 0 3 0 0 0 2 3 2 0
0.032582343488682226 1 1 0 0 0 3 0 0 3 0 0 0 1 1 0 0
0.032582343488682226 1 1 0 0 0 3 0 0 3 0 0 0 2 2 0 0
-0.006073258656117847 1 2 2 3 3 3 3 1 3 0 3 3 3 3 3 0
0.005130748705609809 1 2 3 3 3 3 3 3 1 3 3 3 3 3 3 2
-0.005130748705609809 1 2 3 3 3 3 3 3 2 3 3 3 3 3 3 1
2.764293568216219e-06 1 2 0 2 3 1 0 0 3 0 0 3 3 0 0 0
0.002557347590984525 1 2 0 2 3 3 1 0 3 0 0 3 3 3 0 0
0.002557347590984526 1 2 0 0 2 1 0 0 3 0 0 0 3 0 0 0
-2.764293568215835e-06 1 2 0 0 2 3 1 0 3 0 0 0 3 3 0 0
-0.03026687249921229 1 2 0 0 0 0 0 0 1 2 0 0 0 0 0 0
0.03026687249921229 1 2 0 0 0 0 0 0 2 1 0 0 0 0 0 0
-0.006277336070802646 1 3 1 3 0 0 0 0 3 3 0 0 0 0 0 0
-0.006277336070802639 1 3 1 0 3 0 0 0 3 3 0 0 0 0 0 0
-0.006478284014945597 1 3 1 0 0 3 0 0 3 3 0 0 0 0 0 0
-0.006478284014945606 1 3 1 0 0 0 3 0 3 3 0 0 0 0 0 0
-0.006181010701969022 1 3 1 0 0 0 0 3 3 3 0 0 0 0 0 0
-0.001355399037019476 1 3 1 0 0 0 0 0 3 0 0 0 0 0 0 0
-0.05952657894375983 1 3 1 0 0 0 0 0 3 3 0 0 0 0 0 0
-0.0034462891504189555 1 3 1 0 0 0 0 0 3 3 3 0 0 0 0 0
-0.004934953500434142 1 3 1 0 0 0 0 0 3 3 0 3 0 0 0 0
-0.004934953500434137 1 3 1 0 0 0 0 0 3 3 0 0 3 0 0 0
-0.0037898513770514113 1 3 1 0 0 0 0 0 3 3 0 0 0 3 0 0
-0.003789851377051419 1 3 1 0 0 0 0 0 3 3 0 0 0 0 3 0
-0.009272976447075178 1 3 1 0 0 0 0 0 3 3 0 0 0 0 0 3
-0.011889345462257794 1 3 1 0 0 0 0 0 0 3 0 0 0 0 0 0
0.014802217436216637 1 3 2 3 3 3 3 3 3 1 3 3 3 3 3 2
-0.014802217436216637 1 3 2 3 3 3 3 3 3 2 3 3 3 3 3 1
1.777252193431092e-06 1 3 3 1 0 1 3 1 3 3 3 0 0 3 3 0
-1.3922214100417544e-06 1 3 3 1 0 2 3 2 3 3 3 0 0 3 3 0
0.0016442000472380552 1 3 3 1 0 0 1 1 3 3 3 0 0 0 3 0
-0.0012879941949817148 1 3 3 1 0 0 2 2 3 3 3 0 0 0 3 0
-3.875896356965501e-06 1 3 3 1 0 0 3 3 3 3 3 0 0 1 3 1
-3.875896356965501e-06 1 3 3 1 0 0 3 3 3 3 3 0 0 2 3 2
-0.003585731387345955 1 3 3 1 0 0 0 3 3 3 3 0 0 0 1 1
-0.003585731387345955 1 3 3 1 0 0 0 3 3 3 3 0 0 0 2 2
3.1694736034728476e-06 1 3 3 2 0 2 3 1 3 3 3 0 0 3 3 0
0.0029321942422197702 1 3 3 2 0 0 2 1 3 3 3 0 0 0 3 0
0.0013423825703685046 1 3 3 2 0 0 0 0 3 3 1 2 0 0 0 0
-0.0013423825703685046 1 3 3 2 0 0 0 0 3 3 2 1 0 0 0 0
0.001644200047238048 1 3 3 3 1 1 3 1 3 3 3 3 0 3 3 0
-0.0012879941949817141 1 3 3 3 1 2 3 2 3 3 3 3 0 3 3 0
-1.7772521934316645e-06 1 3 3 3 1 0 1 1 3 3 3 3 0 0 3 0
1.392221410041666e-06 1 3 3 3 1 0 2 2 3 3 3 3 0 0 3 0
-0.0035857313873459526 1 3 3 3 1 0 3 3 3 3 3 3 0 1 3 1
-0.0035857313873459526 1 3 3 3 1 0 3 3 3 3 3 3 0 2 3 2
3.875896356964365e-06 1 3 3 3 1 0 0 3 3 3 3 3 0 0 1 1
3.875896356964365e-06 1 3 3 3 1 0 0 3 3 3 3 3 0 0 2 2
0.0029321942422197616 1 3 3 3 2 2 3 1 3 3 3 3 0 3 3 0
-3.16947360347333e-06 1 3 3 3 2 0 2 1 3 3 3 3 0 0 3 0
0.0022977371923642398 1 3 3 3 3 2 3 3 3 3 3 3 1 3 3 2
-0.0022977371923642398 1 3 3 3 3 2 3 3 3 3 3 3 2 3 3 1
-2.4836749469226992e-06 1 3 3 3 3 0 2 3 3 3 3 3 1 0 3 2
2.4836749469226992e-06 1 3 3 3 3 0 2 3 3 3 3 3 2 0 3 1
0.005229931434584001 1 3 3 3 3 0 3 1 3 3 3 3 1 1 3 0
0.005229931434584001 1 3 3 3 3 0 3 1 3 3 3 3 2 2 3 0
-5.6531485503960305e-06 1 3 3 3 3 0 0 1 3 3 3 3 1 0 1 0
-5.6531485503960305e-06 1 3 3 3 3 0 0 1 3 3 3 3 2 0 2 0
2.483674946923746e-06 1 3 3 3 0 2 3 3 3 3 3 1 0 3 3 2
-2.483674946923746e-06 1 3 3 3 0 2 3 3 3 3 3 2 0 3 3 1
0.0022977371923642406 1 3 3 3 0 0 2 3 3 3 3 1 0 0 3 2
-0.0022977371923642406 1 3 3 3 0 0 2 3 3 3 3 2 0 0 3 1
5.653148550396592e-06 1 3 3 3 0 0 3 1 3 3 3 1 0 1 3 0
5.653148550396592e-06 1 3 3 3 0 0 3 1 3 3 3 2 0 2 3 0
0.00522993143458401 1 3 3 3 0 0 0 1 3 3 3 1 0 0 1 0
0.00522993143458401 1 3 3 3 0 0 0 1 3 3 3 2 0 0 2 0
0.0013423825703685027 1 3 3 0 2 0 0 0 3 3 1 0 2 0 0 0
-0.0013423825703685027 1 3 3 0 2 0 0 0 3 3 2 0 1 0 0 0
0.0026884326378941855 1 3 3 0 0 2 0 0 3 3 1 0 0 2 0 0
-0.0026884326378941855 1 3 3 0 0 2 0 0 3 3 2 0 0 1 0 0
0.0026884326378941877 1 3 3 0 0 0 2 0 3 3 1 0 0 0 2 0
-0.0026884326378941877 1 3 3 0 0 0 2 0 3 3 2 0 0 0 1 0
-0.0030919657451061564 1 3 3 0 0 0 0 2 3 3 1 0 0 0 0 2
0.0030919657451061564 1 3 3 0 0 0 0 2 3 3 2 0 0 0 0 1
-0.014972016908389783 1 3 0 2 3 3 3 0 3 1 0 3 3 3 2 0
0.014972016908389783 1 3 0 2 3 3 3 0 3 2 0 3 3 3 1 0
-1.6183584190506487e-05 1 3 0 2 3 3 0 0 3 1 0 3 3 2 0 0
1.6183584190506487e-05 1 3 0 2 3 3 0 0 3 2 0 3 3 1 0 0
0.008728958780098788 1 3 0 3 3 3 3 1 3 1 1 3 3 3 3 0
0.008728958780098788 1 3 0 3 3 3 3 1 3 2 2 3 3 3 3 0
1.618358419050411e-05 1 3 0 0 2 3 3 0 3 1 0 0 3 3 2 0
-1.618358419050411e-05 1 3 0 0 2 3 3 0 3 2 0 0 3 3 1 0
-0.014972016908389773 1 3 0 0 2 3 0 0 3 1 0 0 3 2 0 0
0.014972016908389773 1 3 0 0 2 3 0 0 3 2 0 0 3 1 0 0
-1.3419290622290266e-05 1 3 0 0 3 1 0 0 3 1 0 1 3 0 0 0
-1.3419290622290266e-05 1 3 0 0 3 1 0 0 3 2 0 2 3 0 0 0
-0.012414669317405258 1 3 0 0 3 3 1 0 3 1 0 1 3 3 0 0
-0.012414669317405258 1 3 0 0 3 3 1 0 3 2 0 2 3 3 0 0
-0.012414669317405246 1 3 0 0 0 1 0 0 3 1 0 0 1 0 0 0
-0.012414669317405246 1 3 0 0 0 1 0 0 3 2 0 0 2 0 0 0
1.3419290622288274e-05 1 3 0 0 0 3 1 0 3 1 0 0 1 3 0 0
1.3419290622288274e-05 1 3 0 0 0 3 1 0 3 2 0 0 2 3 0 0
-0.015328740059965705 1 0 1 0 0 0 0 0 3 3 0 0 0 0 0 0
-0.01659067701604675 1 0 2 0 0 0 0 0 1 0 2 0 0 0 0 0
0.01659067701604675 1 0 2 0 0 0 0 0 2 0 1 0 0 0 0 0
0.005130748705609809 1 0 3 3 3 3 3 1 1 1 3 3 3 3 3 0
0.005130748705609809 1 0 3 3 3 3 3 1 2 2 3 3 3 3 3 0
-0.014846994997983934 1 0 0 2 0 0 0 0 1 0 0 2 0 0 0 0
0.014846994997983934 1 0 0 2 0 0 0 0 2 0 0 1 0 0 0 0
-0.014846994997983932 1 0 0 0 2 0 0 0 1 0 0 0 2 0 0 0
0.014846994997983932 1 0 0 0 2 0 0 0 2 0 0 0 1 0 0 0
-0.01187404322805374 1 0 0 0 0 2 0 0 1 0 0 0 0 2 0 0
0.01187404322805374 1 0 0 0 0 2 0 0 2 0 0 0 0 1 0 0
-0.011874043228053754 1 0 0 0 0 0 2 0 1 0 0 0 0 0 2 0
0.011874043228053754 1 0 0 0 0 0 2 0 2 0 0 0 0 0 1 0
-0.012272549856032195 1 0 0 0 0 0 0 2 1 0 0 0 0 0 0 2
0.012272549856032195 1 0 0 0 0 0 0 2 2 0 0 0 0 0 0 1
-0.006073258656117847 2 1 1 3 3 3 3 2 3 0 3 3 3 3 3 0
-0.005130748705609809 2 1 3 3 3 3 3 3 1 3 3 3 3 3 3 2
0.005130748705609809 2 1 3 3 3 3 3 3 2 3 3 3 3 3 3 1
2.764293568216219e-06 2 1 0 1 3 2 0 0 3 0 0 3 3 0 0 0
0.002557347590984525 2 1 0 1 3 3 2 0 3 0 0 3 3 3 0 0
0.002557347590984526 2 1 0 0 1 2 0 0 3 0 0 0 3 0 0 0
-2.764293568215835e-06 2 1 0 0 1 3 2 0 3 0 0 0 3 3 0 0
0.03026687249921229 2 1 0 0 0 0 0 0 1 2 0 0 0 0 0 0
-0.03026687249921229 2 1 0 0 0 0 0 0 2 1 0 0 0 0 0 0
-0.01463095250165425 2 2 1 3 3 3 3 1 3 0 3 3 3 3 3 0
-0.020704211157772094 2 2 2 3 3 3 3 2 3 0 3 3 3 3 3 0
-0.013973341022946228 2 2 3 0 0 0 0 0 3 1 1 0 0 0 0 0
-0.013973341022946228 2 2 3 0 0 0 0 0 3 2 2 0 0 0 0 0
1.9035391462508523e-05 2 2 0 1 3 1 0 0 3 0 0 3 3 0 0 0
0.017610326580292487 2 2 0 1 3 3 1 0 3 0 0 3 3 3 0 0
2.1799685030724737e-05 2 2 0 2 3 2 0 0 3 0 0 3 3 0 0 0
0.020167674171277013 2 2 0 2 3 3 2 0 3 0 0 3 3 3 0 0
-0.02943316993787089 2 2 0 3 3 3 3 3 3 0 1 3 3 3 3 1
-0.02943316993787089 2 2 0 3 3 3 3 3 3 0 2 3 3 3 3 2
0.017610326580292456 2 2 0 0 1 1 0 0 3 0 0 0 3 0 0 0
-1.903539146251161e-05 2 2 0 0 1 3 1 0 3 0 0 0 3 3 0 0
0.02016767417127698 2 2 0 0 2 2 0 0 3 0 0 0 3 0 0 0
-2.179968503072745e-05 2 2 0 0 2 3 2 0 3 0 0 0 3 3 0 0
0.032582343488682275 2 2 0 0 3 3 3 0 3 0 0 1 3 3 1 0
0.032582343488682275 2 2 0 0 3 3 3 0 3 0 0 2 3 3 2 0
3.5218975653015003e-05 2 2 0 0 3 3 0 0 3 0 0 1 3 1 0 0
3.5218975653015003e-05 2 2 0 0 3 3 0 0 3 0 0 2 3 2 0 0
-3.521897565301573e-05 2 2 0 0 0 3 3 0 3 0 0 0 1 3 1 0
-3.521897565301573e-05 2 2 0 0 0 3 3 0 3 0 0 0 2 3 2 0
0.032582343488682226 2 2 0 0 0 3 0 0 3 0 0 0 1 1 0 0
0.032582343488682226 2 2 0 0 0 3 0 0 3 0 0 0 2 2 0 0
-0.014802217436216637 2 3 1 3 3 3 3 3 3 1 3 3 3 3 3 2
0.014802217436216637 2 3 1 3 3 3 3 3 3 2 3 3 3 3 3 1
-0.006277336070802646 2 3 2 3 0 0 0 0 3 3 0 0 0 0 0 0
-0.006277336070802639 2 3 2 0 3 0 0 0 3 3 0 0 0 0 0 0
-0.006478284014945597 2 3 2 0 0 3 0 0 3 3 0 0 0 0 0 0
-0.006478284014945606 2 3 2 0 0 0 3 0 3 3 0 0 0 0 0 0
-0.006181010701969022 2 3 2 0 0 0 0 3 3 3 0 0 0 0 0 0
-0.001355399037019476 2 3 2 0 0 0 0 0 3 0 0 0 0 0 0 0
-0.05952657894375983 2 3 2 0 0 0 0 0 3 3 0 0 0 0 0 0
-0.0034462891504189555 2 3 2 0 0 0 0 0 3 3 3 0 0 0 0 0
-0.004934953500434142 2 3 2 0 0 0 0 0 3 3 0 3 0 0 0 0
-0.004934953500434137 2 3 2 0 0 0 0 0 3 3 0 0 3 0 0 0
-0.0037898513770514113 2 3 2 0 0 0 0 0 3 3 0 0 0 3 0 0
-0.003789851377051419 2 3 2 0 0 0 0 0 3 3 0 0 0 0 3 0
-0.009272976447075178 2 3 2 0 0 0 0 0 3 3 0 0 0 0 0 3
-0.011889345462257794 2 3 2 0 0 0 0 0 0 3 0 0 0 0 0 0
3.1694736034728476e-06 2 3 3 1 0 1 3 2 3 3 3 0 0 3 3 0
0.0029321942422197702 2 3 3 1 0 0 1 2 3 3 3 0 0 0 3 0
-0.0013423825703685046 2 3 3 1 0 0 0 0 3 3 1 2 0 0 0 0
0.0013423825703685046 2 3 3 1 0 0 0 0 3 3 2 1 0 0 0 0
-1.3922214100417544e-06 2 3 3 2 0 1 3 1 3 3 3 0 0 3 3 0
1.777252193431092e-06 2 3 3 2 0 2 3 2 3 3 3 0 0 3 3 0
-0.0012879941949817148 2 3 3 2 0 0 1 1 3 3 3 0 0 0 3 0
0.0016442000472380552 2 3 3 2 0 0 2 2 3 3 3 0 0 0 3 0
-3.875896356965501e-06 2 3 3 2 0 0 3 3 3 3 3 0 0 1 3 1
-3.875896356965501e-06 2 3 3 2 0 0 3 3 3 3 3 0 0 2 3 2
-0.003585731387345955 2 3 3 2 0 0 0 3 3 3 3 0 0 0 1 1
-0.003585731387345955 2 3 3 2 0 0 0 3 3 3 3 0 0 0 2 2
0.0029321942422197616 2 3 3 3 1 1 3 2 3 3 3 3 0 3 3 0
-3.16947360347333e-06 2 3 3 3 1 0 1 2 3 3 3 3 0 0 3 0
-0.0012879941949817141 2 3 3 3 2 1 3 1 3 3 3 3 0 3 3 0
0.001644200047238048 2 3 3 3 2 2 3 2 3 3 3 3 0 3 3 0
1.392221410041666e-06 2 3 3 3 2 0 1 1 3 3 3 3 0 0 3 0
-1.7772521934316645e-06 2 3 3 3 2 0 2 2 3 3 3 3 0 0 3 0
-0.0035857313873459526 2 3 3 3 2 0 3 3 3 3 3 3 0 1 3 1
-0.0035857313873459526 2 3 3 3 2 0 3 3 3 3 3 3 0 2 3 2
3.875896356964365e-06 2 3 3 3 2 0 0 3 3 3 3 3 0 0 1 1
3.875896356964365e-06 2 3 3 3 2 0 0 3 3 3 3 3 0 0 2 2
-0.0022977371923642398 2 3 3 3 3 1 3 3 3 3 3 3 1 3 3 2
0.0022977371923642398 2 3 3 3 3 1 3 3 3 3 3 3 2 3 3 1
2.4836749469226992e-06 2 3 3 3 3 0 1 3 3 3 3 3 1 0 3 2
-2.4836749469226992e-06 2 3 3 3 3 0 1 3 3 3 3 3 2 0 3 1
0.005229931434584001 2 3 3 3 3 0 3 2 3 3 3 3 1 1 3 0
0.005229931434584001 2 3 3 3 3 0 3 2 3 3 3 3 2 2 3 0
-5.6531485503960305e-06 2 3 3 3 3 0 0 2 3 3 3 3 1 0 1 0
-5.6531485503960305e-06 2 3 3 3 3 0 0 2 3 3 3 3 2 0 2 0
-2.483674946923746e-06 2 3 3 3 0 1 3 3 3 3 3 1 0 3 3 2
2.483674946923746e-06 2 3 3 3 0 1 3 3 3 3 3 2 0 3 3 1
-0.0022977371923642406 2 3 3 3 0 0 1 3 3 3 3 1 0 0 3 2
0.0022977371923642406 2 3 3 3 0 0 1 3 3 3 3 2 0 0 3 1
5.653148550396592e-06 2 3 3 3 0 0 3 2 3 3 3 1 0 1 3 0
5.653148550396592e-06 2 3 3 3 0 0 3 2 3 3 3 2 0 2 3 0
0.00522993143458401 2 3 3 3 0 0 0 2 3 3 3 1 0 0 1 0
0.00522993143458401 2 3 3 3 0 0 0 2 3 3 3 2 0 0 2 0
-0.0013423825703685027 2 3 3 0 1 0 0 0 3 3 1 0 2 0 0 0
0.0013423825703685027 2 3 3 0 1 0 0 0 3 3 2 0 1 0 0 0
-0.0026884326378941855 2 3 3 0 0 1 0 0 3 3 1 0 0 2 0 0
0.0026884326378941855 2 3 3 0 0 1 0 0 3 3 2 0 0 1 0 0
-0.0026884326378941877 2 3 3 0 0 0 1 0 3 3 1 0 0 0 2 0
0.0026884326378941877 2 3 3 0 0 0 1 0 3 3 2 0 0 0 1 0
0.0030919657451061564 2 3 3 0 0 0 0 1 3 3 1 0 0 0 0 2
-0.0030919657451061564 2 3 3 0 0 0 0 1 3 3 2 0 0 0 0 1
0.014972016908389783 2 3 0 1 3 3 3 0 3 1 0 3 3 3 2 0
-0.014972016908389783 2 3 0 1 3 3 3 0 3 2 0 3 3 3 1 0
1.6183584190506487e-05 2 3 0 1 3 3 0 0 3 1 0 3 3 2 0 0
-1.6183584190506487e-05 2 3 0 1 3 3 0 0 3 2 0 3 3 1 0 0
0.008728958780098788 2 3 0 3 3 3 3 2 3 1 1 3 3 3 3 0
0.008728958780098788 2 3 0 3 3 3 3 2 3 2 2 3 3 3 3 0
-1.618358419050411e-05 2 3 0 0 1 3 3 0 3 1 0 0 3 3 2 0
1.618358419050411e-05 2 3 0 0 1 3 3 0 3 2 0 0 3 3 1 0
0.014972016908389773 2 3 0 0 1 3 0 0 3 1 0 0 3 2 0 0
-0.014972016908389773 2 3 0 0 1 3 0 0 3 2 0 0 3 1 0 0
-1.3419290622290266e-05 2 3 0 0 3 2 0 0 3 1 0 1 3 0 0 0
-1.3419290622290266e-05 2 3 0 0 3 2 0 0 3 2 0 2 3 0 0 0
-0.012414669317405258 2 3 0 0 3 3 2 0 3 1 0 1 3 3 0 0
-0.012414669317405258 2 3 0 0 3 3 2 0 3 2 0 2 3 3 0 0
-0.012414669317405246 2 3 0 0 0 2 0 0 3 1 0 0 1 0 0 0
-0.012414669317405246 2 3 0 0 0 2 0 0 3 2 0 0 2 0 0 0
1.3419290622288274e-05 2 3 0 0 0 3 2 0 3 1 0 0 1 3 0 0
1.3419290622288274e-05 2 3 0 0 0 3 2 0 3 2 0 0 2 3 0 0
0.01659067701604675 2 0 1 0 0 0 0 0 1 0 2 0 0 0 0 0
-0.01659067701604675 2 0 1 0 0 0 0 0 2 0 1 0 0 0 0 0
-0.015328740059965705 2 0 2 0 0 0 0 0 3 3 0 0 0 0 0 0
0.005130748705609809 2 0 3 3 3 3 3 2 1 1 3 3 3 3 3 0
0.005130748705609809 2 0 3 3 3 3 3 2 2 2 3 3 3 3 3 0
0.014846994997983934 2 0 0 1 0 0 0 0 1 0 0 2 0 0 0 0
-0.014846994997983934 2 0 0 1 0 0 0 0 2 0 0 1 0 0 0 0
0.014846994997983932 2 0 0 0 1 0 0 0 1 0 0 0 2 0 0 0
-0.014846994997983932 2 0 0 0 1 0 0 0 2 0 0 0 1 0 0 0
0.01187404322805374 2 0 0 0 0 1 0 0 1 0 0 0 0 2 0 0
-0.01187404322805374 2 0 0 0 0 1 0 0 2 0 0 0 0 1 0 0
0.011874043228053754 2 0 0 0 0 0 1 0 1 0 0 0 0 0 2 0
-0.011874043228053754 2 0 0 0 0 0 1 0 2 0 0 0 0 0 1 0
0.012272549856032195 2 0 0 0 0 0 0 1 1 0 0 0 0 0 0 2
-0.012272549856032195 2 0 0 0 0 0 0 1 2 0 0 0 0 0 0 1
1.2870681772173032 3 0 0 0 0 0 0 0 0 0 0 0 0 0 0 0
0.005704834215079497 3 1 3 3 3 3 3 1 0 3 3 3 3 3 3 0
0.005704834215079497 3 2 3 3 3 3 3 2 0 3 3 3 3 3 3 0
0.05290742677501572 3 3 0 0 0 0 0 0 0 0 0 0 0 0 0 0
-0.011889345462257794 3 3 3 0 0 0 0 0 1 3 1 0 0 0 0 0
-0.011889345462257794 3 3 3 0 0 0 0 0 2 3 2 0 0 0 0 0
0.06865125750706208 3 0 3 0 0 0 0 0 0 0 0 0 0 0 0 0
0.010835582920689306 3 0 3 3 3 3 3 3 0 1 3 3 3 3 3 1
0.010835582920689306 3 0 3 3 3 3 3 3 0 2 3 3 3 3 3 2
0.06998769500424898 3 0 0 3 0 0 0 0 0 0 0 0 0 0 0 0
0.06998769500424892 3 0 0 0 3 0 0 0 0 0 0 0 0 0 0 0
0.07251525703647158 3 0 0 0 0 3 0 0 0 0 0 0 0 0 0 0
0.07251525703647171 3 0 0 0 0 0 3 0 0 0 0 0 0 0 0 0
0.07803193097390068 3 0 0 0 0 0 0 3 0 0 0 0 0 0 0 0
0.09037232364075048 3 0 0 0 0 0 0 0 3 0 0 0 0 0 0 0
0.08317429927422802 3 0 0 0 0 0 0 0 0 3 0 0 0 0 0 0
0.08524193452310883 3 0 0 0 0 0 0 0 0 0 3 0 0 0 0 0
0.08483469000223293 3 0 0 0 0 0 0 0 0 0 0 3 0 0 0 0
0.08483469000223284 3 0 0 0 0 0 0 0 0 0 0 0 3 0 0 0
0.08438930026452532 3 0 0 0 0 0 0 0 0 0 0 0 0 3 0 0
0.08438930026452546 3 0 0 0 0 0 0 0 0 0 0 0 0 0 3 0
0.09030448082993286 3 0 0 0 0 0 0 0 0 0 0 0 0 0 0 3
-1.2931361761792208e-05 0 1 1 1 3 1 0 0 0 3 0 3 3 0 0 0
-0.011963268746092584 0 1 1 1 3 3 1 0 0 3 0 3 3 3 0 0
-1.2112965277174446e-05 0 1 1 2 3 2 0 0 0 3 0 3 3 0 0 0
-0.011206140667341548 0 1 1 2 3 3 2 0 0 3 0 3 3 3 0 0
0.008728958780098788 0 1 1 3 3 3 3 3 1 0 3 3 3 3 3 1
0.008728958780098788 0 1 1 3 3 3 3 3 2 0 3 3 3 3 3 2
0.016441308735091406 0 1 1 3 3 3 3 3 0 3 1 3 3 3 3 1
0.016441308735091406 0 1 1 3 3 3 3 3 0 3 2 3 3 3 3 2
-0.011963268746092565 0 1 1 0 1 1 0 0 0 3 0 0 3 0 0 0
1.2931361761792379e-05 0 1 1 0 1 3 1 0 0 3 0 0 3 3 0 0
-0.011206140667341534 0 1 1 0 2 2 0 0 0 3 0 0 3 0 0 0
1.2112965277174607e-05 0 1 1 0 2 3 2 0 0 3 0 0 3 3 0 0
-0.014864821221832442 0 1 1 0 3 3 3 0 0 3 0 1 3 3 1 0
-0.014864821221832442 0 1 1 0 3 3 3 0 0 3 0 2 3 3 2 0
-1.606771400221713e-05 0 1 1 0 3 3 0 0 0 3 0 1 3 1 0 0
-1.606771400221713e-05 0 1 1 0 3 3 0 0 0 3 0 2 3 2 0 0
1.6067714002217587e-05 0 1 1 0 0 3 3 0 0 3 0 0 1 3 1 0
1.6067714002217587e-05 0 1 1 0 0 3 3 0 0 3 0 0 2 3 2 0
-0.014864821221832417 0 1 1 0 0 3 0 0 0 3 0 0 1 1 0 0
-0.014864821221832417 0 1 1 0 0 3 0 0 0 3 0 0 2 2 0 0
-8.183964846177619e-07 0 1 2 2 3 1 0 0 0 3 0 3 3 0 0 0
-0.000757128078751031 0 1 2 2 3 3 1 0 0 3 0 3 3 3 0 0
-0.00075712807875103 0 1 2 0 2 1 0 0 0 3 0 0 3 0 0 0
8.183964846177767e-07 0 1 2 0 2 3 1 0 0 3 0 0 3 3 0 0
0.013973341022946228 0 1 2 0 0 0 0 0 1 2 0 0 0 0 0 0
-0.013973341022946228 0 1 2 0 0 0 0 0 2 1 0 0 0 0 0 0
-0.017457267512018256 0 1 2 0 0 0 0 0 0 1 2 0 0 0 0 0
0.017457267512018256 0 1 2 0 0 0 0 0 0 2 1 0 0 0 0 0
-0.0015287326217207785 0 1 3 1 3 3 3 3 0 3 3 1 3 3 3 1
-0.0015287326217207785 0 1 3 1 3 3 3 3 0 3 3 2 3 3 3 2
0.003658680554490889 0 1 3 2 3 3 3 0 0 3 1 3 3 3 2 0
-0.003658680554490889 0 1 3 2 3 3 3 0 0 3 2 3 3 3 1 0
3.954748725042684e-06 0 1 3 2 3 3 0 0 0 3 1 3 3 2 0 0
-3.954748725042684e-06 0 1 3 2 3 3 0 0 0 3 2 3 3 1 0 0
-0.0015287326217207785 0 1 3 3 1 3 3 3 0 3 3 3 1 3 3 1
-0.0015287326217207785 0 1 3 3 1 3 3 3 0 3 3 3 2 3 3 2
-0.0023023967261893677 0 1 3 3 3 1 3 3 0 3 3 3 3 1 3 1
-0.0023023967261893677 0 1 3 3 3 1 3 3 0 3 3 3 3 2 3 2
-0.00230239672618937 0 1 3 3 3 3 1 3 0 3 3 3 3 3 1 1
-0.00230239672618937 0 1 3 3 3 3 1 3 0 3 3 3 3 3 2 2
0.010835582920689306 0 1 3 3 3 3 3 1 3 3 3 3 3 3 3 0
0.005192454418193163 0 1 3 3 3 3 3 1 0 3 3 3 3 3 0 0
0.06593449615901457 0 1 3 3 3 3 3 1 0 3 3 3 3 3 3 0
0.007055572020064196 0 1 3 3 3 3 3 1 0 3 3 3 3 3 3 3
0.005192454418193154 0 1 3 3 3 3 3 1 0 3 3 3 3 0 3 0
0.006036527849553561 0 1 3 3 3 3 3 1 0 3 3 3 0 3 3 0
0.006036527849553566 0 1 3 3 3 3 3 1 0 3 3 0 3 3 3 0
0.0005188544109249839 0 1 3 3 3 3 3 1 0 3 0 3 3 3 3 0
0.0017168407201065378 0 1 3 3 3 3 3 1 0 0 3 3 3 3 3 0
0.002890057692003794 0 1 3 3 3 3 0 1 0 3 3 3 3 3 3 0
0.0028900576920037856 0 1 3 3 3 0 3 1 0 3 3 3 3 3 3 0
0.004507795227832782 0 1 3 3 0 3 3 1 0 3 3 3 3 3 3 0
-3.954748725042982e-06 0 1 3 0 2 3 3 0 0 3 1 0 3 3 2 0
3.954748725042982e-06 0 1 3 0 2 3 3 0 0 3 2 0 3 3 1 0
0.0036586805544908865 0 1 3 0 2 3 0 0 0 3 1 0 3 2 0 0
-0.0036586805544908865 0 1 3 0 2 3 0 0 0 3 2 0 3 1 0 0
3.1363522404249223e-06 0 1 3 0 3 1 0 0 0 3 1 1 3 0 0 0
3.1363522404249223e-06 0 1 3 0 3 1 0 0 0 3 2 2 3 0 0 0
0.0029015524757398585 0 1 3 0 3 3 1 0 0 3 1 1 3 3 0 0
0.0029015524757398585 0 1 3 0 3 3 1 0 0 3 2 2 3 3 0 0
0.0045077952278327876 0 1 3 0 3 3 3 1 0 3 3 3 3 3 3 0
0.0029015524757398554 0 1 3 0 0 1 0 0 0 3 1 0 1 0 0 0
0.0029015524757398554 0 1 3 0 0 1 0 0 0 3 2 0 2 0 0 0
-3.136352240425206e-06 0 1 3 0 0 3 1 0 0 3 1 0 1 3 0 0
-3.136352240425206e-06 0 1 3 0 0 3 1 0 0 3 2 0 2 3 0 0
-0.012414669317405258 0 1 0 1 3 3 3 0 1 0 0 3 3 3 1 0
-0.012414669317405258 0 1 0 1 3 3 3 0 2 0 0 3 3 3 2 0
-1.3419290622290266e-05 0 1 0 1 3 3 0 0 1 0 0 3 3 1 0 0
-1.3419290622290266e-05 0 1 0 1 3 3 0 0 2 0 0 3 3 2 0 0
-0.013181720678261313 0 1 0 2 0 0 0 0 0 1 0 2 0 0 0 0
0.013181720678261313 0 1 0 2 0 0 0 0 0 2 0 1 0 0 0 0
0.01696016314601639 0 1 0 3 3 3 3 1 0 3 3 3 3 3 3 0
0.014802217436216637 0 1 0 3 3 3 3 2 1 0 2 3 3 3 3 0
-0.014802217436216637 0 1 0 3 3 3 3 2 2 0 1 3 3 3 3 0
1.3419290622288274e-05 0 1 0 0 1 3 3 0 1 0 0 0 3 3 1 0
1.3419290622288274e-05 0 1 0 0 1 3 3 0 2 0 0 0 3 3 2 0
-0.012414669317405246 0 1 0 0 1 3 0 0 1 0 0 0 3 1 0 0
-0.012414669317405246 0 1 0 0 1 3 0 0 2 0 0 0 3 2 0 0
-0.0131817206782613 0 1 0 0 2 0 0 0 0 1 0 0 2 0 0 0
0.0131817206782613 0 1 0 0 2 0 0 0 0 2 0 0 1 0 0 0
-1.6183584190506487e-05 0 1 0 0 3 2 0 0 1 0 0 2 3 0 0 0
1.6183584190506487e-05 0 1 0 0 3 2 0 0 2 0 0 1 3 0 0 0
-0.014972016908389783 0 1 0 0 3 3 2 0 1 0 0 2 3 3 0 0
0.014972016908389783 0 1 0 0 3 3 2 0 2 0 0 1 3 3 0 0
-0.014972016908389773 0 1 0 0 0 2 0 0 1 0 0 0 2 0 0 0
0.014972016908389773 0 1 0 0 0 2 0 0 2 0 0 0 1 0 0 0
-0.015702100000343357 0 1 0 0 0 2 0 0 0 1 0 0 0 2 0 0
0.015702100000343357 0 1 0 0 0 2 0 0 0 2 0 0 0 1 0 0
1.618358419050411e-05 0 1 0 0 0 3 2 0 1 0 0 0 2 3 0 0
-1.618358419050411e-05 0 1 0 0 0 3 2 0 2 0 0 0 1 3 0 0
-0.015702100000343364 0 1 0 0 0 0 2 0 0 1 0 0 0 0 2 0
0.015702100000343364 0 1 0 0 0 0 2 0 0 2 0 0 0 0 1 0
-0.014850928759707185 0 1 0 0 0 0 0 2 0 1 0 0 0 0 0 2
0.014850928759707185 0 1 0 0 0 0 0 2 0 2 0 0 0 0 0 1
-8.183964846177619e-07 0 2 1 1 3 2 0 0 0 3 0 3 3 0 0 0
-0.000757128078751031 0 2 1 1 3 3 2 0 0 3 0 3 3 3 0 0
-0.00075712807875103 0 2 1 0 1 2 0 0 0 3 0 0 3 0 0 0
8.183964846177767e-07 0 2 1 0 1 3 2 0 0 3 0 0 3 3 0 0
-0.013973341022946228 0 2 1 0 0 0 0 0 1 2 0 0 0 0 0 0
0.013973341022946228 0 2 1 0 0 0 0 0 2 1 0 0 0 0 0 0
0.017457267512018256 0 2 1 0 0 0 0 0 0 1 2 0 0 0 0 0
-0.017457267512018256 0 2 1 0 0 0 0 0 0 2 1 0 0 0 0 0
-1.2112965277174446e-05 0 2 2 1 3 1 0 0 0 3 0 3 3 0 0 0
-0.011206140667341548 0 2 2 1 3 3 1 0 0 3 0 3 3 3 0 0
-1.2931361761792208e-05 0 2 2 2 3 2 0 0 0 3 0 3 3 0 0 0
-0.011963268746092584 0 2 2 2 3 3 2 0 0 3 0 3 3 3 0 0
0.008728958780098788 0 2 2 3 3 3 3 3 1 0 3 3 3 3 3 1
0.008728958780098788 0 2 2 3 3 3 3 3 2 0 3 3 3 3 3 2
0.016441308735091406 0 2 2 3 3 3 3 3 0 3 1 3 3 3 3 1
0.016441308735091406 0 2 2 3 3 3 3 3 0 3 2 3 3 3 3 2
-0.011206140667341534 0 2 2 0 1 1 0 0 0 3 0 0 3 0 0 0
1.2112965277174607e-05 0 2 2 0 1 3 1 0 0 3 0 0 3 3 0 0
-0.011963268746092565 0 2 2 0 2 2 0 0 0 3 0 0 3 0 0 0
1.2931361761792379e-05 0 2 2 0 2 3 2 0 0 3 0 0 3 3 0 0
-0.014864821221832442 0 2 2 0 3 3 3 0 0 3 0 1 3 3 1 0
-0.014864821221832442 0 2 2 0 3 3 3 0 0 3 0 2 3 3 2 0
-1.606771400221713e-05 0 2 2 0 3 3 0 0 0 3 0 1 3 1 0 0
-1.606771400221713e-05 0 2 2 0 3 3 0 0 0 3 0 2 3 2 0 0
1.6067714002217587e-05 0 2 2 0 0 3 3 0 0 3 0 0 1 3 1 0
1.6067714002217587e-05 0 2 2 0 0 3 3 0 0 3 0 0 2 3 2 0
-0.014864821221832417 0 2 2 0 0 3 0 0 0 3 0 0 1 1 0 0
-0.014864821221832417 0 2 2 0 0 3 0 0 0 3 0 0 2 2 0 0
-0.003658680554490889 0 2 3 1 3 3 3 0 0 3 1 3 3 3 2 0
0.003658680554490889 0 2 3 1 3 3 3 0 0 3 2 3 3 3 1 0
-3.954748725042684e-06 0 2 3 1 3 3 0 0 0 3 1 3 3 2 0 0
3.954748725042684e-06 0 2 3 1 3 3 0 0 0 3 2 3 3 1 0 0
-0.0015287326217207785 0 2 3 2 3 3 3 3 0 3 3 1 3 3 3 1
-0.0015287326217207785 0 2 3 2 3 3 3 3 0 3 3 2 3 3 3 2
-0.0015287326217207785 0 2 3 3 2 3 3 3 0 3 3 3 1 3 3 1
-0.0015287326217207785 0 2 3 3 2 3 3 3 0 3 3 3 2 3 3 2
-0.0023023967261893677 0 2 3 3 3 2 3 3 0 3 3 3 3 1 3 1
-0.0023023967261893677 0 2 3 3 3 2 3 3 0 3 3 3 3 2 3 2
-0.00230239672618937 0 2 3 3 3 3 2 3 0 3 3 3 3 3 1 1
-0.00230239672618937 0 2 3 3 3 3 2 3 0 3 3 3 3 3 2 2
0.010835582920689306 0 2 3 3 3 3 3 2 3 3 3 3 3 3 3 0
0.005192454418193163 0 2 3 3 3 3 3 2 0 3 3 3 3 3 0 0
0.06593449615901457 0 2 3 3 3 3 3 2 0 3 3 3 3 3 3 0
0.007055572020064196 0 2 3 3 3 3 3 2 0 3 3 3 3 3 3 3
0.005192454418193154 0 2 3 3 3 3 3 2 0 3 3 3 3 0 3 0
0.006036527849553561 0 2 3 3 3 3 3 2 0 3 3 3 0 3 3 0
0.006036527849553566 0 2 3 3 3 3 3 2 0 3 3 0 3 3 3 0
0.0005188544109249839 0 2 3 3 3 3 3 2 0 3 0 3 3 3 3 0
0.0017168407201065378 0 2 3 3 3 3 3 2 0 0 3 3 3 3 3 0
0.002890057692003794 0 2 3 3 3 3 0 2 0 3 3 3 3 3 3 0
0.0028900576920037856 0 2 3 3 3 0 3 2 0 3 3 3 3 3 3 0
0.004507795227832782 0 2 3 3 0 3 3 2 0 3 3 3 3 3 3 0
3.954748725042982e-06 0 2 3 0 1 3 3 0 0 3 1 0 3 3 2 0
-3.954748725042982e-06 0 2 3 0 1 3 3 0 0 3 2 0 3 3 1 0
-0.0036586805544908865 0 2 3 0 1 3 0 0 0 3 1 0 3 2 0 0
0.0036586805544908865 0 2 3 0 1 3 0 0 0 3 2 0 3 1 0 0
3.1363522404249223e-06 0 2 3 0 3 2 0 0 0 3 1 1 3 0 0 0
3.1363522404249223e-06 0 2 3 0 3 2 0 0 0 3 2 2 3 0 0 0
0.0029015524757398585 0 2 3 0 3 3 2 0 0 3 1 1 3 3 0 0
0.0029015524757398585 0 2 3 0 3 3 2 0 0 3 2 2 3 3 0 0
0.0045077952278327876 0 2 3 0 3 3 3 2 0 3 3 3 3 3 3 0
0.0029015524757398554 0 2 3 0 0 2 0 0 0 3 1 0 1 0 0 0
0.0029015524757398554 0 2 3 0 0 2 0 0 0 3 2 0 2 0 0 0
-3.136352240425206e-06 0 2 3 0 0 3 2 0 0 3 1 0 1 3 0 0
-3.136352240425206e-06 0 2 3 0 0 3 2 0 0 3 2 0 2 3 0 0
0.013181720678261313 0 2 0 1 0 0 0 0 0 1 0 2 0 0 0 0
-0.013181720678261313 0 2 0 1 0 0 0 0 0 2 0 1 0 0 0 0
-0.012414669317405258 0 2 0 2 3 3 3 0 1 0 0 3 3 3 1 0
-0.012414669317405258 0 2 0 2 3 3 3 0 2 0 0 3 3 3 2 0
-1.3419290622290266e-05 0 2 0 2 3 3 0 0 1 0 0 3 3 1 0 0
-1.3419290622290266e-05 0 2 0 2 3 3 0 0 2 0 0 3 3 2 0 0
-0.014802217436216637 0 2 0 3 3 3 3 1 1 0 2 3 3 3 3 0
0.014802217436216637 0 2 0 3 3 3 3 1 2 0 1 3 3 3 3 0
0.01696016314601639 0 2 0 3 3 3 3 2 0 3 3 3 3 3 3 0
0.0131817206782613 0 2 0 0 1 0 0 0 0 1 0 0 2 0 0 0
-0.0131817206782613 0 2 0 0 1 0 0 0 0 2 0 0 1 0 0 0
1.3419290622288274e-05 0 2 0 0 2 3 3 0 1 0 0 0 3 3 1 0
1.3419290622288274e-05 0 2 0 0 2 3 3 0 2 0 0 0 3 3 2 0
-0.012414669317405246 0 2 0 0 2 3 0 0 1 0 0 0 3 1 0 0
-0.012414669317405246 0 2 0 0 2 3 0 0 2 0 0 0 3 2 0 0
1.6183584190506487e-05 0 2 0 0 3 1 0 0 1 0 0 2 3 0 0 0
-1.6183584190506487e-05 0 2 0 0 3 1 0 0 2 0 0 1 3 0 0 0
0.014972016908389783 0 2 0 0 3 3 1 0 1 0 0 2 3 3 0 0
-0.014972016908389783 0 2 0 0 3 3 1 0 2 0 0 1 3 3 0 0
0.014972016908389773 0 2 0 0 0 1 0 0 1 0 0 0 2 0 0 0
-0.014972016908389773 0 2 0 0 0 1 0 0 2 0 0 0 1 0 0 0
0.015702100000343357 0 2 0 0 0 1 0 0 0 1 0 0 0 2 0 0
-0.015702100000343357 0 2 0 0 0 1 0 0 0 2 0 0 0 1 0 0
-1.618358419050411e-05 0 2 0 0 0 3 1 0 1 0 0 0 2 3 0 0
1.618358419050411e-05 0 2 0 0 0 3 1 0 2 0 0 0 1 3 0 0
0.015702100000343364 0 2 0 0 0 0 1 0 0 1 0 0 0 0 2 0
-0.015702100000343364 0 2 0 0 0 0 1 0 0 2 0 0 0 0 1 0
0.014850928759707185 0 2 0 0 0 0 0 1 0 1 0 0 0 0 0 2
-0.014850928759707185 0 2 0 0 0 0 0 1 0 2 0 0 0 0 0 1
1.2119341309521618 0 3 0 0 0 0 0 0 0 0 0 0 0 0 0 0
0.0013423825703685042 0 3 1 1 0 0 0 0 1 3 0 1 0 0 0 0
0.0013423825703685042 0 3 1 1 0 0 0 0 2 3 0 2 0 0 0 0
-0.02943316993787089 0 3 1 3 3 3 3 1 1 1 3 3 3 3 3 0
-0.02943316993787089 0 3 1 3 3 3 3 1 2 2 3 3 3 3 3 0
0.001342382570368503 0 3 1 0 1 0 0 0 1 3 0 0 1 0 0 0
0.001342382570368503 0 3 1 0 1 0 0 0 2 3 0 0 2 0 0 0
0.002688432637894186 0 3 1 0 0 1 0 0 1 3 0 0 0 1 0 0
0.002688432637894186 0 3 1 0 0 1 0 0 2 3 0 0 0 2 0 0
0.002688432637894188 0 3 1 0 0 0 1 0 1 3 0 0 0 0 1 0
0.002688432637894188 0 3 1 0 0 0 1 0 2 3 0 0 0 0 2 0
-0.003091965745106156 0 3 1 0 0 0 0 1 1 3 0 0 0 0 0 1
-0.003091965745106156 0 3 1 0 0 0 0 1 2 3 0 0 0 0 0 2
0.0013423825703685042 0 3 2 2 0 0 0 0 1 3 0 1 0 0 0 0
0.0013423825703685042 0 3 2 2 0 0 0 0 2 3 0 2 0 0 0 0
-0.02943316993787089 0 3 2 3 3 3 3 2 1 1 3 3 3 3 3 0
-0.02943316993787089 0 3 2 3 3 3 3 2 2 2 3 3 3 3 3 0
0.001342382570368503 0 3 2 0 2 0 0 0 1 3 0 0 1 0 0 0
0.001342382570368503 0 3 2 0 2 0 0 0 2 3 0 0 2 0 0 0
0.002688432637894186 0 3 2 0 0 2 0 0 1 3 0 0 0 1 0 0
0.002688432637894186 0 3 2 0 0 2 0 0 2 3 0 0 0 2 0 0
0.002688432637894188 0 3 2 0 0 0 2 0 1 3 0 0 0 0 1 0
0.002688432637894188 0 3 2 0 0 0 2 0 2 3 0 0 0 0 2 0
-0.003091965745106156 0 3 2 0 0 0 0 2 1 3 0 0 0 0 0 1
-0.003091965745106156 0 3 2 0 0 0 0 2 2 3 0 0 0 0 0 2
0.06568040063119868 0 3 3 0 0 0 0 0 0 0 0 0 0 0 0 0
5.653148550396592e-06 0 3 3 1 0 1 3 3 1 3 3 0 0 3 3 1
5.653148550396592e-06 0 3 3 1 0 1 3 3 2 3 3 0 0 3 3 2
0.00522993143458401 0 3 3 1 0 0 1 3 1 3 3 0 0 0 3 1
0.00522993143458401 0 3 3 1 0 0 1 3 2 3 3 0 0 0 3 2
2.483674946923746e-06 0 3 3 1 0 0 3 2 1 3 3 0 0 2 3 0
-2.483674946923746e-06 0 3 3 1 0 0 3 2 2 3 3 0 0 1 3 0
0.0022977371923642406 0 3 3 1 0 0 0 2 1 3 3 0 0 0 2 0
-0.0022977371923642406 0 3 3 1 0 0 0 2 2 3 3 0 0 0 1 0
5.653148550396592e-06 0 3 3 2 0 2 3 3 1 3 3 0 0 3 3 1
5.653148550396592e-06 0 3 3 2 0 2 3 3 2 3 3 0 0 3 3 2
0.00522993143458401 0 3 3 2 0 0 2 3 1 3 3 0 0 0 3 1
0.00522993143458401 0 3 3 2 0 0 2 3 2 3 3 0 0 0 3 2
-2.483674946923746e-06 0 3 3 2 0 0 3 1 1 3 3 0 0 2 3 0
2.483674946923746e-06 0 3 3 2 0 0 3 1 2 3 3 0 0 1 3 0
-0.0022977371923642406 0 3 3 2 0 0 0 1 1 3 3 0 0 0 2 0
0.0022977371923642406 0 3 3 2 0 0 0 1 2 3 3 0 0 0 1 0
0.005229931434584001 0 3 3 3 1 1 3 3 1 3 3 3 0 3 3 1
0.005229931434584001 0 3 3 3 1 1 3 3 2 3 3 3 0 3 3 2
-5.6531485503960305e-06 0 3 3 3 1 0 1 3 1 3 3 3 0 0 3 1
-5.6531485503960305e-06 0 3 3 3 1 0 1 3 2 3 3 3 0 0 3 2
0.0022977371923642398 0 3 3 3 1 0 3 2 1 3 3 3 0 2 3 0
-0.0022977371923642398 0 3 3 3 1 0 3 2 2 3 3 3 0 1 3 0
-2.4836749469226992e-06 0 3 3 3 1 0 0 2 1 3 3 3 0 0 2 0
2.4836749469226992e-06 0 3 3 3 1 0 0 2 2 3 3 3 0 0 1 0
0.005229931434584001 0 3 3 3 2 2 3 3 1 3 3 3 0 3 3 1
0.005229931434584001 0 3 3 3 2 2 3 3 2 3 3 3 0 3 3 2
-5.6531485503960305e-06 0 3 3 3 2 0 2 3 1 3 3 3 0 0 3 1
-5.6531485503960305e-06 0 3 3 3 2 0 2 3 2 3 3 3 0 0 3 2
-0.0022977371923642398 0 3 3 3 2 0 3 1 1 3 3 3 0 2 3 0
0.0022977371923642398 0 3 3 3 2 0 3 1 2 3 3 3 0 1 3 0
2.4836749469226992e-06 0 3 3 3 2 0 0 1 1 3 3 3 0 0 2 0
-2.4836749469226992e-06 0 3 3 3 2 0 0 1 2 3 3 3 0 0 1 0
-0.0035857313873459526 0 3 3 3 3 1 3 1 1 3 3 3 1 3 3 0
-0.0035857313873459526 0 3 3 3 3 1 3 1 2 3 3 3 2 3 3 0
-0.0035857313873459526 0 3 3 3 3 2 3 2 1 3 3 3 1 3 3 0
-0.0035857313873459526 0 3 3 3 3 2 3 2 2 3 3 3 2 3 3 0
0.0017168407201065378 0 3 3 3 3 3 3 3 0 1 3 3 3 3 3 1
0.0017168407201065378 0 3 3 3 3 3 3 3 0 2 3 3 3 3 3 2
3.875896356964365e-06 0 3 3 3 3 0 1 1 1 3 3 3 1 0 3 0
3.875896356964365e-06 0 3 3 3 3 0 1 1 2 3 3 3 2 0 3 0
3.875896356964365e-06 0 3 3 3 3 0 2 2 1 3 3 3 1 0 3 0
3.875896356964365e-06 0 3 3 3 3 0 2 2 2 3 3 3 2 0 3 0
0.001644200047238048 0 3 3 3 3 0 3 3 1 3 3 3 1 1 3 1
-0.0012879941949817141 0 3 3 3 3 0 3 3 1 3 3 3 1 2 3 2
0.0029321942422197616 0 3 3 3 3 0 3 3 1 3 3 3 2 2 3 1
0.0029321942422197616 0 3 3 3 3 0 3 3 2 3 3 3 1 1 3 2
-0.0012879941949817141 0 3 3 3 3 0 3 3 2 3 3 3 2 1 3 1
0.001644200047238048 0 3 3 3 3 0 3 3 2 3 3 3 2 2 3 2
-1.7772521934316645e-06 0 3 3 3 3 0 0 3 1 3 3 3 1 0 1 1
1.392221410041666e-06 0 3 3 3 3 0 0 3 1 3 3 3 1 0 2 2
-3.16947360347333e-06 0 3 3 3 3 0 0 3 1 3 3 3 2 0 2 1
-3.16947360347333e-06 0 3 3 3 3 0 0 3 2 3 3 3 1 0 1 2
1.392221410041666e-06 0 3 3 3 3 0 0 3 2 3 3 3 2 0 1 1
-1.7772521934316645e-06 0 3 3 3 3 0 0 3 2 3 3 3 2 0 2 2
-3.875896356965501e-06 0 3 3 3 0 1 3 1 1 3 3 1 0 3 3 0
-3.875896356965501e-06 0 3 3 3 0 1 3 1 2 3 3 2 0 3 3 0
-3.875896356965501e-06 0 3 3 3 0 2 3 2 1 3 3 1 0 3 3 0
-3.875896356965501e-06 0 3 3 3 0 2 3 2 2 3 3 2 0 3 3 0
-0.003585731387345955 0 3 3 3 0 0 1 1 1 3 3 1 0 0 3 0
-0.003585731387345955 0 3 3 3 0 0 1 1 2 3 3 2 0 0 3 0
-0.003585731387345955 0 3 3 3 0 0 2 2 1 3 3 1 0 0 3 0
-0.003585731387345955 0 3 3 3 0 0 2 2 2 3 3 2 0 0 3 0
1.777252193431092e-06 0 3 3 3 0 0 3 3 1 3 3 1 0 1 3 1
-1.3922214100417544e-06 0 3 3 3 0 0 3 3 1 3 3 1 0 2 3 2
3.1694736034728476e-06 0 3 3 3 0 0 3 3 1 3 3 2 0 2 3 1
3.1694736034728476e-06 0 3 3 3 0 0 3 3 2 3 3 1 0 1 3 2
-1.3922214100417544e-06 0 3 3 3 0 0 3 3 2 3 3 2 0 1 3 1
1.777252193431092e-06 0 3 3 3 0 0 3 3 2 3 3 2 0 2 3 2
0.0016442000472380552 0 3 3 3 0 0 0 3 1 3 3 1 0 0 1 1
-0.0012879941949817148 0 3 3 3 0 0 0 3 1 3 3 1 0 0 2 2
0.0029321942422197702 0 3 3 3 0 0 0 3 1 3 3 2 0 0 2 1
0.0029321942422197702 0 3 3 3 0 0 0 3 2 3 3 1 0 0 1 2
-0.0012879941949817148 0 3 3 3 0 0 0 3 2 3 3 2 0 0 1 1
0.0016442000472380552 0 3 3 3 0 0 0 3 2 3 3 2 0 0 2 2
-0.004934953500434142 0 3 3 3 0 0 0 0 1 3 1 0 0 0 0 0
-0.004934953500434142 0 3 3 3 0 0 0 0 2 3 2 0 0 0 0 0
-0.004934953500434137 0 3 3 0 3 0 0 0 1 3 1 0 0 0 0 0
-0.004934953500434137 0 3 3 0 3 0 0 0 2 3 2 0 0 0 0 0
-0.0037898513770514113 0 3 3 0 0 3 0 0 1 3 1 0 0 0 0 0
-0.0037898513770514113 0 3 3 0 0 3 0 0 2 3 2 0 0 0 0 0
-0.003789851377051419 0 3 3 0 0 0 3 0 1 3 1 0 0 0 0 0
-0.003789851377051419 0 3 3 0 0 0 3 0 2 3 2 0 0 0 0 0
-0.009272976447075178 0 3 3 0 0 0 0 3 1 3 1 0 0 0 0 0
-0.009272976447075178 0 3 3 0 0 0 0 3 2 3 2 0 0 0 0 0
-0.05952657894375977 0 3 3 0 0 0 0 0 1 3 1 0 0 0 0 0
-0.006277336070802646 0 3 3 0 0 0 0 0 1 3 1 3 0 0 0 0
-0.006277336070802639 0 3 3 0 0 0 0 0 1 3 1 0 3 0 0 0
-0.006478284014945597 0 3 3 0 0 0 0 0 1 3 1 0 0 3 0 0
-0.006478284014945606 0 3 3 0 0 0 0 0 1 3 1 0 0 0 3 0
-0.006181010701969022 0 3 3 0 0 0 0 0 1 3 1 0 0 0 0 3
-0.015328740059965705 0 3 3 0 0 0 0 0 1 0 1 0 0 0 0 0
-0.05952657894375977 0 3 3 0 0 0 0 0 2 3 2 0 0 0 0 0
-0.006277336070802646 0 3 3 0 0 0 0 0 2 3 2 3 0 0 0 0
-0.006277336070802639 0 3 3 0 0 0 0 0 2 3 2 0 3 0 0 0
-0.006478284014945597 0 3 3 0 0 0 0 0 2 3 2 0 0 3 0 0
-0.006478284014945606 0 3 3 0 0 0 0 0 2 3 2 0 0 0 3 0
-0.006181010701969022 0 3 3 0 0 0 0 0 2 3 2 0 0 0 0 3
-0.015328740059965705 0 3 3 0 0 0 0 0 2 0 2 0 0 0 0 0
3.5218975653015003e-05 0 3 0 1 3 1 0 0 1 1 0 3 3 0 0 0
3.5218975653015003e-05 0 3 0 1 3 1 0 0 2 2 0 3 3 0 0 0
0.032582343488682275 0 3 0 1 3 3 1 0 1 1 0 3 3 3 0 0
0.032582343488682275 0 3 0 1 3 3 1 0 2 2 0 3 3 3 0 0
3.5218975653015003e-05 0 3 0 2 3 2 0 0 1 1 0 3 3 0 0 0
3.5218975653015003e-05 0 3 0 2 3 2 0 0 2 2 0 3 3 0 0 0
0.032582343488682275 0 3 0 2 3 3 2 0 1 1 0 3 3 3 0 0
0.032582343488682275 0 3 0 2 3 3 2 0 2 2 0 3 3 3 0 0
0.0690047906513931 0 3 0 3 0 0 0 0 0 0 0 0 0 0 0 0
-0.020704211157772094 0 3 0 3 3 3 3 3 1 1 1 3 3 3 3 1
-0.01463095250165425 0 3 0 3 3 3 3 3 1 1 2 3 3 3 3 2
-0.006073258656117847 0 3 0 3 3 3 3 3 1 2 2 3 3 3 3 1
-0.006073258656117847 0 3 0 3 3 3 3 3 2 1 1 3 3 3 3 2
-0.01463095250165425 0 3 0 3 3 3 3 3 2 2 1 3 3 3 3 1
-0.020704211157772094 0 3 0 3 3 3 3 3 2 2 2 3 3 3 3 2
0.032582343488682226 0 3 0 0 1 1 0 0 1 1 0 0 3 0 0 0
0.032582343488682226 0 3 0 0 1 1 0 0 2 2 0 0 3 0 0 0
-3.521897565301573e-05 0 3 0 0 1 3 1 0 1 1 0 0 3 3 0 0
-3.521897565301573e-05 0 3 0 0 1 3 1 0 2 2 0 0 3 3 0 0
0.032582343488682226 0 3 0 0 2 2 0 0 1 1 0 0 3 0 0 0
0.032582343488682226 0 3 0 0 2 2 0 0 2 2 0 0 3 0 0 0
-3.521897565301573e-05 0 3 0 0 2 3 2 0 1 1 0 0 3 3 0 0
-3.521897565301573e-05 0 3 0 0 2 3 2 0 2 2 0 0 3 3 0 0
0.06900479065139303 0 3 0 0 3 0 0 0 0 0 0 0 0 0 0 0
0.020167674171277013 0 3 0 0 3 3 3 0 1 1 0 1 3 3 1 0
0.017610326580292487 0 3 0 0 3 3 3 0 1 1 0 2 3 3 2 0
0.002557347590984525 0 3 0 0 3 3 3 0 1 2 0 2 3 3 1 0
0.002557347590984525 0 3 0 0 3 3 3 0 2 1 0 1 3 3 2 0
0.017610326580292487 0 3 0 0 3 3 3 0 2 2 0 1 3 3 1 0
0.020167674171277013 0 3 0 0 3 3 3 0 2 2 0 2 3 3 2 0
2.1799685030724737e-05 0 3 0 0 3 3 0 0 1 1 0 1 3 1 0 0
1.9035391462508523e-05 0 3 0 0 3 3 0 0 1 1 0 2 3 2 0 0
2.764293568216219e-06 0 3 0 0 3 3 0 0 1 2 0 2 3 1 0 0
2.764293568216219e-06 0 3 0 0 3 3 0 0 2 1 0 1 3 2 0 0
1.9035391462508523e-05 0 3 0 0 3 3 0 0 2 2 0 1 3 1 0 0
2.1799685030724737e-05 0 3 0 0 3 3 0 0 2 2 0 2 3 2 0 0
0.06681595507301794 0 3 0 0 0 3 0 0 0 0 0 0 0 0 0 0
-2.179968503072745e-05 0 3 0 0 0 3 3 0 1 1 0 0 1 3 1 0
-1.903539146251161e-05 0 3 0 0 0 3 3 0 1 1 0 0 2 3 2 0
-2.764293568215835e-06 0 3 0 0 0 3 3 0 1 2 0 0 2 3 1 0
-2.764293568215835e-06 0 3 0 0 0 3 3 0 2 1 0 0 1 3 2 0
-1.903539146251161e-05 0 3 0 0 0 3 3 0 2 2 0 0 1 3 1 0
-2.179968503072745e-05 0 3 0 0 0 3 3 0 2 2 0 0 2 3 2 0
0.02016767417127698 0 3 0 0 0 3 0 0 1 1 0 0 1 1 0 0
0.017610326580292456 0 3 0 0 0 3 0 0 1 1 0 0 2 2 0 0
0.002557347590984526 0 3 0 0 0 3 0 0 1 2 0 0 2 1 0 0
0.002557347590984526 0 3 0 0 0 3 0 0 2 1 0 0 1 2 0 0
0.017610326580292456 0 3 0 0 0 3 0 0 2 2 0 0 1 1 0 0
0.02016767417127698 0 3 0 0 0 3 0 0 2 2 0 0 2 2 0 0
0.06681595507301806 0 3 0 0 0 0 3 0 0 0 0 0 0 0 0 0
0.07002123662297113 0 3 0 0 0 0 0 3 0 0 0 0 0 0 0 0
-0.003446289150418956 0 3 0 0 0 0 0 0 1 3 1 0 0 0 0 0
-0.003446289150418956 0 3 0 0 0 0 0 0 2 3 2 0 0 0 0 0
0.08317429927422802 0 3 0 0 0 0 0 0 3 0 0 0 0 0 0 0
0.08275343730877868 0 3 0 0 0 0 0 0 0 3 0 0 0 0 0 0
0.08313766814321694 0 3 0 0 0 0 0 0 0 0 3 0 0 0 0 0
0.08218651132965442 0 3 0 0 0 0 0 0 0 0 0 3 0 0 0 0
0.08218651132965432 0 3 0 0 0 0 0 0 0 0 0 0 3 0 0 0
0.0825180550733613 0 3 0 0 0 0 0 0 0 0 0 0 0 3 0 0
0.08251805507336142 0 3 0 0 0 0 0 0 0 0 0 0 0 0 3 0
0.0848721653826783 0 3 0 0 0 0 0 0 0 0 0 0 0 0 0 3
0.0029015524757398585 0 0 1 1 3 3 3 0 0 1 0 3 3 3 1 0
0.0029015524757398585 0 0 1 1 3 3 3 0 0 2 0 3 3 3 2 0
3.1363522404249223e-06 0 0 1 1 3 3 0 0 0 1 0 3 3 1 0 0
3.1363522404249223e-06 0 0 1 1 3 3 0 0 0 2 0 3 3 2 0 0
2.7823295812547005e-05 0 0 1 1 0 1 3 1 0 0 3 0 0 3 3 0
-5.765099609593699e-07 0 0 1 1 0 2 3 2 0 0 3 0 0 3 3 0
0.025740333565720145 0 0 1 1 0 0 1 1 0 0 3 0 0 0 3 0
-0.0005333501393590405 0 0 1 1 0 0 2 2 0 0 3 0 0 0 3 0
-4.00671574150078e-06 0 0 1 1 0 0 3 3 0 0 3 0 0 1 3 1
-4.00671574150078e-06 0 0 1 1 0 0 3 3 0 0 3 0 0 2 3 2
-0.0037067571140421028 0 0 1 1 0 0 0 3 0 0 3 0 0 0 1 1
-0.0037067571140421028 0 0 1 1 0 0 0 3 0 0 3 0 0 0 2 2
2.839980577350638e-05 0 0 1 2 0 2 3 1 0 0 3 0 0 3 3 0
0.026273683705079185 0 0 1 2 0 0 2 1 0 0 3 0 0 0 3 0
-0.004498450849610706 0 0 1 2 0 0 0 0 0 0 1 2 0 0 0 0
0.004498450849610706 0 0 1 2 0 0 0 0 0 0 2 1 0 0 0 0
0.025740333565720107 0 0 1 3 1 1 3 1 0 0 3 3 0 3 3 0
-0.0005333501393590422 0 0 1 3 1 2 3 2 0 0 3 3 0 3 3 0
-2.7823295812546097e-05 0 0 1 3 1 0 1 1 0 0 3 3 0 0 3 0
5.765099609595914e-07 0 0 1 3 1 0 2 2 0 0 3 3 0 0 3 0
-0.0037067571140420997 0 0 1 3 1 0 3 3 0 0 3 3 0 1 3 1
-0.0037067571140420997 0 0 1 3 1 0 3 3 0 0 3 3 0 2 3 2
4.006715741500488e-06 0 0 1 3 1 0 0 3 0 0 3 3 0 0 1 1
4.006715741500488e-06 0 0 1 3 1 0 0 3 0 0 3 3 0 0 2 2
0.026273683705079147 0 0 1 3 2 2 3 1 0 0 3 3 0 3 3 0
-2.839980577350569e-05 0 0 1 3 2 0 2 1 0 0 3 3 0 0 3 0
0.003173406974683057 0 0 1 3 3 2 3 3 0 0 3 3 1 3 3 2
-0.003173406974683057 0 0 1 3 3 2 3 3 0 0 3 3 2 3 3 1
-0.016441308735091406 0 0 1 3 3 3 3 2 0 1 2 3 3 3 3 0
0.016441308735091406 0 0 1 3 3 3 3 2 0 2 1 3 3 3 3 0
-3.4302057805408975e-06 0 0 1 3 3 0 2 3 0 0 3 3 1 0 3 2
3.4302057805408975e-06 0 0 1 3 3 0 2 3 0 0 3 3 2 0 3 1
0.0294470906797622 0 0 1 3 3 0 3 1 0 0 3 3 1 1 3 0
0.0294470906797622 0 0 1 3 3 0 3 1 0 0 3 3 2 2 3 0
-3.183001155404659e-05 0 0 1 3 3 0 0 1 0 0 3 3 1 0 1 0
-3.183001155404659e-05 0 0 1 3 3 0 0 1 0 0 3 3 2 0 2 0
3.43020578054141e-06 0 0 1 3 0 2 3 3 0 0 3 1 0 3 3 2
-3.43020578054141e-06 0 0 1 3 0 2 3 3 0 0 3 2 0 3 3 1
0.003173406974683061 0 0 1 3 0 0 2 3 0 0 3 1 0 0 3 2
-0.003173406974683061 0 0 1 3 0 0 2 3 0 0 3 2 0 0 3 1
3.183001155404779e-05 0 0 1 3 0 0 3 1 0 0 3 1 0 1 3 0
3.183001155404779e-05 0 0 1 3 0 0 3 1 0 0 3 2 0 2 3 0
0.029447090679762252 0 0 1 3 0 0 0 1 0 0 3 1 0 0 1 0
0.029447090679762252 0 0 1 3 0 0 0 1 0 0 3 2 0 0 2 0
-3.136352240425206e-06 0 0 1 0 1 3 3 0 0 1 0 0 3 3 1 0
-3.136352240425206e-06 0 0 1 0 1 3 3 0 0 2 0 0 3 3 2 0
0.0029015524757398554 0 0 1 0 1 3 0 0 0 1 0 0 3 1 0 0
0.0029015524757398554 0 0 1 0 1 3 0 0 0 2 0 0 3 2 0 0
-0.004498450849610703 0 0 1 0 2 0 0 0 0 0 1 0 2 0 0 0
0.004498450849610703 0 0 1 0 2 0 0 0 0 0 2 0 1 0 0 0
3.954748725042684e-06 0 0 1 0 3 2 0 0 0 1 0 2 3 0 0 0
-3.954748725042684e-06 0 0 1 0 3 2 0 0 0 2 0 1 3 0 0 0
0.003658680554490889 0 0 1 0 3 3 2 0 0 1 0 2 3 3 0 0
-0.003658680554490889 0 0 1 0 3 3 2 0 0 2 0 1 3 3 0 0
0.0036586805544908865 0 0 1 0 0 2 0 0 0 1 0 0 2 0 0 0
-0.0036586805544908865 0 0 1 0 0 2 0 0 0 2 0 0 1 0 0 0
-0.004185354250063804 0 0 1 0 0 2 0 0 0 0 1 0 0 2 0 0
0.004185354250063804 0 0 1 0 0 2 0 0 0 0 2 0 0 1 0 0
-3.954748725042982e-06 0 0 1 0 0 3 2 0 0 1 0 0 2 3 0 0
3.954748725042982e-06 0 0 1 0 0 3 2 0 0 2 0 0 1 3 0 0
-0.004185354250063808 0 0 1 0 0 0 2 0 0 0 1 0 0 0 2 0
0.004185354250063808 0 0 1 0 0 0 2 0 0 0 2 0 0 0 1 0
-0.03390547316054373 0 0 1 0 0 0 0 2 0 0 1 0 0 0 0 2
0.03390547316054373 0 0 1 0 0 0 0 2 0 0 2 0 0 0 0 1
2.839980577350638e-05 0 0 2 1 0 1 3 2 0 0 3 0 0 3 3 0
0.026273683705079185 0 0 2 1 0 0 1 2 0 0 3 0 0 0 3 0
0.004498450849610706 0 0 2 1 0 0 0 0 0 0 1 2 0 0 0 0
-0.004498450849610706 0 0 2 1 0 0 0 0 0 0 2 1 0 0 0 0
0.0029015524757398585 0 0 2 2 3 3 3 0 0 1 0 3 3 3 1 0
0.0029015524757398585 0 0 2 2 3 3 3 0 0 2 0 3 3 3 2 0
3.1363522404249223e-06 0 0 2 2 3 3 0 0 0 1 0 3 3 1 0 0
3.1363522404249223e-06 0 0 2 2 3 3 0 0 0 2 0 3 3 2 0 0
-5.765099609593699e-07 0 0 2 2 0 1 3 1 0 0 3 0 0 3 3 0
2.7823295812547005e-05 0 0 2 2 0 2 3 2 0 0 3 0 0 3 3 0
-0.0005333501393590405 0 0 2 2 0 0 1 1 0 0 3 0 0 0 3 0
0.025740333565720145 0 0 2 2 0 0 2 2 0 0 3 0 0 0 3 0
-4.00671574150078e-06 0 0 2 2 0 0 3 3 0 0 3 0 0 1 3 1
-4.00671574150078e-06 0 0 2 2 0 0 3 3 0 0 3 0 0 2 3 2
-0.0037067571140421028 0 0 2 2 0 0 0 3 0 0 3 0 0 0 1 1
-0.0037067571140421028 0 0 2 2 0 0 0 3 0 0 3 0 0 0 2 2
0.026273683705079147 0 0 2 3 1 1 3 2 0 0 3 3 0 3 3 0
-2.839980577350569e-05 0 0 2 3 1 0 1 2 0 0 3 3 0 0 3 0
-0.0005333501393590422 0 0 2 3 2 1 3 1 0 0 3 3 0 3 3 0
0.025740333565720107 0 0 2 3 2 2 3 2 0 0 3 3 0 3 3 0
5.765099609595914e-07 0 0 2 3 2 0 1 1 0 0 3 3 0 0 3 0
-2.7823295812546097e-05 0 0 2 3 2 0 2 2 0 0 3 3 0 0 3 0
-0.0037067571140420997 0 0 2 3 2 0 3 3 0 0 3 3 0 1 3 1
-0.0037067571140420997 0 0 2 3 2 0 3 3 0 0 3 3 0 2 3 2
4.006715741500488e-06 0 0 2 3 2 0 0 3 0 0 3 3 0 0 1 1
4.006715741500488e-06 0 0 2 3 2 0 0 3 0 0 3 3 0 0 2 2
-0.003173406974683057 0 0 2 3 3 1 3 3 0 0 3 3 1 3 3 2
0.003173406974683057 0 0 2 3 3 1 3 3 0 0 3 3 2 3 3 1
0.016441308735091406 0 0 2 3 3 3 3 1 0 1 2 3 3 3 3 0
-0.016441308735091406 0 0 2 3 3 3 3 1 0 2 1 3 3 3 3 0
3.4302057805408975e-06 0 0 2 3 3 0 1 3 0 0 3 3 1 0 3 2
-3.4302057805408975e-06 0 0 2 3 3 0 1 3 0 0 3 3 2 0 3 1
0.0294470906797622 0 0 2 3 3 0 3 2 0 0 3 3 1 1 3 0
0.0294470906797622 0 0 2 3 3 0 3 2 0 0 3 3 2 2 3 0
-3.183001155404659e-05 0 0 2 3 3 0 0 2 0 0 3 3 1 0 1 0
-3.183001155404659e-05 0 0 2 3 3 0 0 2 0 0 3 3 2 0 2 0
-3.43020578054141e-06 0 0 2 3 0 1 3 3 0 0 3 1 0 3 3 2
3.43020578054141e-06 0 0 2 3 0 1 3 3 0 0 3 2 0 3 3 1
-0.003173406974683061 0 0 2 3 0 0 1 3 0 0 3 1 0 0 3 2
0.003173406974683061 0 0 2 3 0 0 1 3 0 0 3 2 0 0 3 1
3.183001155404779e-05 0 0 2 3 0 0 3 2 0 0 3 1 0 1 3 0
3.183001155404779e-05 0 0 2 3 0 0 3 2 0 0 3 2 0 2 3 0
0.029447090679762252 0 0 2 3 0 0 0 2 0 0 3 1 0 0 1 0
0.029447090679762252 0 0 2 3 0 0 0 2 0 0 3 2 0 0 2 0
0.004498450849610703 0 0 2 0 1 0 0 0 0 0 1 0 2 0 0 0
-0.004498450849610703 0 0 2 0 1 0 0 0 0 0 2 0 1 0 0 0
-3.136352240425206e-06 0 0 2 0 2 3 3 0 0 1 0 0 3 3 1 0
-3.136352240425206e-06 0 0 2 0 2 3 3 0 0 2 0 0 3 3 2 0
0.0029015524757398554 0 0 2 0 2 3 0 0 0 1 0 0 3 1 0 0
0.0029015524757398554 0 0 2 0 2 3 0 0 0 2 0 0 3 2 0 0
-3.954748725042684e-06 0 0 2 0 3 1 0 0 0 1 0 2 3 0 0 0
3.954748725042684e-06 0 0 2 0 3 1 0 0 0 2 0 1 3 0 0 0
-0.003658680554490889 0 0 2 0 3 3 1 0 0 1 0 2 3 3 0 0
0.003658680554490889 0 0 2 0 3 3 1 0 0 2 0 1 3 3 0 0
-0.0036586805544908865 0 0 2 0 0 1 0 0 0 1 0 0 2 0 0 0
0.0036586805544908865 0 0 2 0 0 1 0 0 0 2 0 0 1 0 0 0
0.004185354250063804 0 0 2 0 0 1 0 0 0 0 1 0 0 2 0 0
-0.004185354250063804 0 0 2 0 0 1 0 0 0 0 2 0 0 1 0 0
3.954748725042982e-06 0 0 2 0 0 3 1 0 0 1 0 0 2 3 0 0
-3.954748725042982e-06 0 0 2 0 0 3 1 0 0 2 0 0 1 3 0 0
0.004185354250063808 0 0 2 0 0 0 1 0 0 0 1 0 0 0 2 0
-0.004185354250063808 0 0 2 0 0 0 1 0 0 0 2 0 0 0 1 0
0.03390547316054373 0 0 2 0 0 0 0 1 0 0 1 0 0 0 0 2
-0.03390547316054373 0 0 2 0 0 0 0 1 0 0 2 0 0 0 0 1
1.057694648952391 0 0 3 0 0 0 0 0 0 0 0 0 0 0 0 0
-1.606771400221713e-05 0 0 3 1 3 1 0 0 0 1 1 3 3 0 0 0
-1.606771400221713e-05 0 0 3 1 3 1 0 0 0 2 2 3 3 0 0 0
-0.014864821221832442 0 0 3 1 3 3 1 0 0 1 1 3 3 3 0 0
-0.014864821221832442 0 0 3 1 3 3 1 0 0 2 2 3 3 3 0 0
0.0015287326217207785 0 0 3 1 3 3 3 2 0 1 3 2 3 3 3 0
-0.0015287326217207785 0 0 3 1 3 3 3 2 0 2 3 1 3 3 3 0
-1.606771400221713e-05 0 0 3 2 3 2 0 0 0 1 1 3 3 0 0 0
-1.606771400221713e-05 0 0 3 2 3 2 0 0 0 2 2 3 3 0 0 0
-0.014864821221832442 0 0 3 2 3 3 2 0 0 1 1 3 3 3 0 0
-0.014864821221832442 0 0 3 2 3 3 2 0 0 2 2 3 3 3 0 0
-0.0015287326217207785 0 0 3 2 3 3 3 1 0 1 3 2 3 3 3 0
0.0015287326217207785 0 0 3 2 3 3 3 1 0 2 3 1 3 3 3 0
0.07581583674704905 0 0 3 3 0 0 0 0 0 0 0 0 0 0 0 0
0.0015287326217207785 0 0 3 3 1 3 3 2 0 1 3 3 2 3 3 0
-0.0015287326217207785 0 0 3 3 1 3 3 2 0 2 3 3 1 3 3 0
-0.0015287326217207785 0 0 3 3 2 3 3 1 0 1 3 3 2 3 3 0
0.0015287326217207785 0 0 3 3 2 3 3 1 0 2 3 3 1 3 3 0
0.0023023967261893677 0 0 3 3 3 1 3 2 0 1 3 3 3 2 3 0
-0.0023023967261893677 0 0 3 3 3 1 3 2 0 2 3 3 3 1 3 0
-0.0023023967261893677 0 0 3 3 3 2 3 1 0 1 3 3 3 2 3 0
0.0023023967261893677 0 0 3 3 3 2 3 1 0 2 3 3 3 1 3 0
0.00230239672618937 0 0 3 3 3 3 1 2 0 1 3 3 3 3 2 0
-0.00230239672618937 0 0 3 3 3 3 1 2 0 2 3 3 3 3 1 0
-0.00230239672618937 0 0 3 3 3 3 2 1 0 1 3 3 3 3 2 0
0.00230239672618937 0 0 3 3 3 3 2 1 0 2 3 3 3 3 1 0
0.005704834215079497 0 0 3 3 3 3 3 3 3 1 3 3 3 3 3 1
0.005704834215079497 0 0 3 3 3 3 3 3 3 2 3 3 3 3 3 2
0.06593449615901453 0 0 3 3 3 3 3 3 0 1 3 3 3 3 3 1
0.002890057692003794 0 0 3 3 3 3 3 3 0 1 3 3 3 3 0 1
0.0028900576920037856 0 0 3 3 3 3 3 3 0 1 3 3 3 0 3 1
0.004507795227832782 0 0 3 3 3 3 3 3 0 1 3 3 0 3 3 1
0.0045077952278327876 0 0 3 3 3 3 3 3 0 1 3 0 3 3 3 1
0.01696016314601639 0 0 3 3 3 3 3 3 0 1 0 3 3 3 3 1
0.06593449615901453 0 0 3 3 3 3 3 3 0 2 3 3 3 3 3 2
0.002890057692003794 0 0 3 3 3 3 3 3 0 2 3 3 3 3 0 2
0.0028900576920037856 0 0 3 3 3 3 3 3 0 2 3 3 3 0 3 2
0.004507795227832782 0 0 3 3 3 3 3 3 0 2 3 3 0 3 3 2
0.0045077952278327876 0 0 3 3 3 3 3 3 0 2 3 0 3 3 3 2
0.01696016314601639 0 0 3 3 3 3 3 3 0 2 0 3 3 3 3 2
0.007055572020064196 0 0 3 3 3 3 3 0 0 1 3 3 3 3 3 1
0.007055572020064196 0 0 3 3 3 3 3 0 0 2 3 3 3 3 3 2
0.005192454418193163 0 0 3 3 3 3 0 3 0 1 3 3 3 3 3 1
0.005192454418193163 0 0 3 3 3 3 0 3 0 2 3 3 3 3 3 2
0.005192454418193154 0 0 3 3 3 0 3 3 0 1 3 3 3 3 3 1
0.005192454418193154 0 0 3 3 3 0 3 3 0 2 3 3 3 3 3 2
0.006036527849553561 0 0 3 3 0 3 3 3 0 1 3 3 3 3 3 1
0.006036527849553561 0 0 3 3 0 3 3 3 0 2 3 3 3 3 3 2
-0.014864821221832417 0 0 3 0 1 1 0 0 0 1 1 0 3 0 0 0
-0.014864821221832417 0 0 3 0 1 1 0 0 0 2 2 0 3 0 0 0
1.6067714002217587e-05 0 0 3 0 1 3 1 0 0 1 1 0 3 3 0 0
1.6067714002217587e-05 0 0 3 0 1 3 1 0 0 2 2 0 3 3 0 0
-0.014864821221832417 0 0 3 0 2 2 0 0 0 1 1 0 3 0 0 0
-0.014864821221832417 0 0 3 0 2 2 0 0 0 2 2 0 3 0 0 0
1.6067714002217587e-05 0 0 3 0 2 3 2 0 0 1 1 0 3 3 0 0
1.6067714002217587e-05 0 0 3 0 2 3 2 0 0 2 2 0 3 3 0 0
0.07581583674704896 0 0 3 0 3 0 0 0 0 0 0 0 0 0 0 0
0.006036527849553566 0 0 3 0 3 3 3 3 0 1 3 3 3 3 3 1
0.006036527849553566 0 0 3 0 3 3 3 3 0 2 3 3 3 3 3 2
-0.011963268746092584 0 0 3 0 3 3 3 0 0 1 1 1 3 3 1 0
-0.011206140667341548 0 0 3 0 3 3 3 0 0 1 1 2 3 3 2 0
-0.000757128078751031 0 0 3 0 3 3 3 0 0 1 2 2 3 3 1 0
-0.000757128078751031 0 0 3 0 3 3 3 0 0 2 1 1 3 3 2 0
-0.011206140667341548 0 0 3 0 3 3 3 0 0 2 2 1 3 3 1 0
-0.011963268746092584 0 0 3 0 3 3 3 0 0 2 2 2 3 3 2 0
-1.2931361761792208e-05 0 0 3 0 3 3 0 0 0 1 1 1 3 1 0 0
-1.2112965277174446e-05 0 0 3 0 3 3 0 0 0 1 1 2 3 2 0 0
-8.183964846177619e-07 0 0 3 0 3 3 0 0 0 1 2 2 3 1 0 0
-8.183964846177619e-07 0 0 3 0 3 3 0 0 0 2 1 1 3 2 0 0
-1.2112965277174446e-05 0 0 3 0 3 3 0 0 0 2 2 1 3 1 0 0
-1.2931361761792208e-05 0 0 3 0 3 3 0 0 0 2 2 2 3 2 0 0
0.07603478136762923 0 0 3 0 0 3 0 0 0 0 0 0 0 0 0 0
1.2931361761792379e-05 0 0 3 0 0 3 3 0 0 1 1 0 1 3 1 0
1.2112965277174607e-05 0 0 3 0 0 3 3 0 0 1 1 0 2 3 2 0
8.183964846177767e-07 0 0 3 0 0 3 3 0 0 1 2 0 2 3 1 0
8.183964846177767e-07 0 0 3 0 0 3 3 0 0 2 1 0 1 3 2 0
1.2112965277174607e-05 0 0 3 0 0 3 3 0 0 2 2 0 1 3 1 0
1.2931361761792379e-05 0 0 3 0 0 3 3 0 0 2 2 0 2 3 2 0
-0.011963268746092565 0 0 3 0 0 3 0 0 0 1 1 0 1 1 0 0
-0.011206140667341534 0 0 3 0 0 3 0 0 0 1 1 0 2 2 0 0
-0.00075712807875103 0 0 3 0 0 3 0 0 0 1 2 0 2 1 0 0
-0.00075712807875103 0 0 3 0 0 3 0 0 0 2 1 0 1 2 0 0
-0.011206140667341534 0 0 3 0 0 3 0 0 0 2 2 0 1 1 0 0
-0.011963268746092565 0 0 3 0 0 3 0 0 0 2 2 0 2 2 0 0
0.07603478136762935 0 0 3 0 0 0 3 0 0 0 0 0 0 0 0 0
0.056933667284161785 0 0 3 0 0 0 0 3 0 0 0 0 0 0 0 0
-0.001355399037019476 0 0 3 0 0 0 0 0 1 3 1 0 0 0 0 0
-0.001355399037019476 0 0 3 0 0 0 0 0 2 3 2 0 0 0 0 0
0.08524193452310883 0 0 3 0 0 0 0 0 3 0 0 0 0 0 0 0
0.08313766814321694 0 0 3 0 0 0 0 0 0 3 0 0 0 0 0 0
0.0902051126021819 0 0 3 0 0 0 0 0 0 0 3 0 0 0 0 0
0.08031428759665975 0 0 3 0 0 0 0 0 0 0 0 3 0 0 0 0
0.08031428759665966 0 0 3 0 0 0 0 0 0 0 0 0 3 0 0 0
0.08022013561769303 0 0 3 0 0 0 0 0 0 0 0 0 0 3 0 0
0.08022013561769317 0 0 3 0 0 0 0 0 0 0 0 0 0 0 3 0
0.09083914044470551 0 0 3 0 0 0 0 0 0 0 0 0 0 0 0 3
-0.02822873060106138 0 0 0 1 1 1 1 0 0 0 0 3 0 3 0 0
0.00016676402682207908 0 0 0 1 1 2 2 0 0 0 0 3 0 3 0 0
3.0332835716296256e-05 0 0 0 1 1 3 0 0 0 0 0 3 0 0 0 0
-3.03328357162739e-05 0 0 0 1 1 0 3 0 0 0 0 3 0 0 0 0
0.004042406903755882 0 0 0 1 1 0 3 0 0 0 0 3 0 1 1 0
0.004042406903755882 0 0 0 1 1 0 3 0 0 0 0 3 0 2 2 0
-8.739064255204617e-06 0 0 0 1 1 0 0 0 0 0 0 3 0 3 0 0
8.739064255225563e-06 0 0 0 1 1 0 0 0 0 0 0 3 0 0 3 0
-0.028395494627883454 0 0 0 1 2 2 1 0 0 0 0 3 0 3 0 0
-0.003953624974504104 0 0 0 1 2 0 0 0 0 0 0 1 2 0 0 0
0.003953624974504104 0 0 0 1 2 0 0 0 0 0 0 2 1 0 0 0
-0.003875642876933802 0 0 0 1 3 2 3 0 0 0 0 3 1 3 2 0
0.003875642876933802 0 0 0 1 3 2 3 0 0 0 0 3 2 3 1 0
-3.907189997150088e-05 0 0 0 1 3 2 0 0 0 0 0 3 1 2 0 0
3.907189997150088e-05 0 0 0 1 3 2 0 0 0 0 0 3 2 1 0 0
-0.032271137504817256 0 0 0 1 3 0 1 0 0 0 0 3 1 1 0 0
-0.032271137504817256 0 0 0 1 3 0 1 0 0 0 0 3 2 2 0 0
3.907189997149947e-05 0 0 0 1 3 0 2 0 0 0 0 3 1 0 2 0
-3.907189997149947e-05 0 0 0 1 3 0 2 0 0 0 0 3 2 0 1 0
3.183001155404779e-05 0 0 0 1 0 1 3 3 0 0 1 0 0 3 3 1
3.183001155404779e-05 0 0 0 1 0 1 3 3 0 0 2 0 0 3 3 2
-3.907189997149595e-05 0 0 0 1 0 2 3 0 0 0 0 1 0 3 2 0
3.907189997149595e-05 0 0 0 1 0 2 3 0 0 0 0 2 0 3 1 0
-0.003875727344295352 0 0 0 1 0 2 0 0 0 0 0 1 0 2 0 0
0.003875727344295352 0 0 0 1 0 2 0 0 0 0 0 2 0 1 0 0
0.029447090679762252 0 0 0 1 0 0 1 3 0 0 1 0 0 0 3 1
0.029447090679762252 0 0 0 1 0 0 1 3 0 0 2 0 0 0 3 2
-3.907189997149595e-05 0 0 0 1 0 0 1 0 0 0 0 1 0 1 0 0
-3.907189997149595e-05 0 0 0 1 0 0 1 0 0 0 0 2 0 2 0 0
-0.040022507726046465 0 0 0 1 0 0 2 0 0 0 0 1 0 0 2 0
0.040022507726046465 0 0 0 1 0 0 2 0 0 0 0 2 0 0 1 0
3.43020578054141e-06 0 0 0 1 0 0 3 2 0 0 1 0 0 2 3 0
-3.43020578054141e-06 0 0 0 1 0 0 3 2 0 0 2 0 0 1 3 0
0.003173406974683061 0 0 0 1 0 0 0 2 0 0 1 0 0 0 2 0
-0.003173406974683061 0 0 0 1 0 0 0 2 0 0 2 0 0 0 1 0
-0.004264509806117925 0 0 0 1 0 0 0 2 0 0 0 1 0 0 0 2
0.004264509806117925 0 0 0 1 0 0 0 2 0 0 0 2 0 0 0 1
-0.028395494627883454 0 0 0 2 1 1 2 0 0 0 0 3 0 3 0 0
0.003953624974504104 0 0 0 2 1 0 0 0 0 0 0 1 2 0 0 0
-0.003953624974504104 0 0 0 2 1 0 0 0 0 0 0 2 1 0 0 0
0.00016676402682207908 0 0 0 2 2 1 1 0 0 0 0 3 0 3 0 0
-0.02822873060106138 0 0 0 2 2 2 2 0 0 0 0 3 0 3 0 0
3.0332835716296256e-05 0 0 0 2 2 3 0 0 0 0 0 3 0 0 0 0
-3.03328357162739e-05 0 0 0 2 2 0 3 0 0 0 0 3 0 0 0 0
0.004042406903755882 0 0 0 2 2 0 3 0 0 0 0 3 0 1 1 0
0.004042406903755882 0 0 0 2 2 0 3 0 0 0 0 3 0 2 2 0
-8.739064255204617e-06 0 0 0 2 2 0 0 0 0 0 0 3 0 3 0 0
8.739064255225563e-06 0 0 0 2 2 0 0 0 0 0 0 3 0 0 3 0
0.003875642876933802 0 0 0 2 3 1 3 0 0 0 0 3 1 3 2 0
-0.003875642876933802 0 0 0 2 3 1 3 0 0 0 0 3 2 3 1 0
3.907189997150088e-05 0 0 0 2 3 1 0 0 0 0 0 3 1 2 0 0
-3.907189997150088e-05 0 0 0 2 3 1 0 0 0 0 0 3 2 1 0 0
-3.907189997149947e-05 0 0 0 2 3 0 1 0 0 0 0 3 1 0 2 0
3.907189997149947e-05 0 0 0 2 3 0 1 0 0 0 0 3 2 0 1 0
-0.032271137504817256 0 0 0 2 3 0 2 0 0 0 0 3 1 1 0 0
-0.032271137504817256 0 0 0 2 3 0 2 0 0 0 0 3 2 2 0 0
3.907189997149595e-05 0 0 0 2 0 1 3 0 0 0 0 1 0 3 2 0
-3.907189997149595e-05 0 0 0 2 0 1 3 0 0 0 0 2 0 3 1 0
0.003875727344295352 0 0 0 2 0 1 0 0 0 0 0 1 0 2 0 0
-0.003875727344295352 0 0 0 2 0 1 0 0 0 0 0 2 0 1 0 0
3.183001155404779e-05 0 0 0 2 0 2 3 3 0 0 1 0 0 3 3 1
3.183001155404779e-05 0 0 0 2 0 2 3 3 0 0 2 0 0 3 3 2
0.040022507726046465 0 0 0 2 0 0 1 0 0 0 0 1 0 0 2 0
-0.040022507726046465 0 0 0 2 0 0 1 0 0 0 0 2 0 0 1 0
0.029447090679762252 0 0 0 2 0 0 2 3 0 0 1 0 0 0 3 1
0.029447090679762252 0 0 0 2 0 0 2 3 0 0 2 0 0 0 3 2
-3.907189997149595e-05 0 0 0 2 0 0 2 0 0 0 0 1 0 1 0 0
-3.907189997149595e-05 0 0 0 2 0 0 2 0 0 0 0 2 0 2 0 0
-3.43020578054141e-06 0 0 0 2 0 0 3 1 0 0 1 0 0 2 3 0
3.43020578054141e-06 0 0 0 2 0 0 3 1 0 0 2 0 0 1 3 0
-0.003173406974683061 0 0 0 2 0 0 0 1 0 0 1 0 0 0 2 0
0.003173406974683061 0 0 0 2 0 0 0 1 0 0 2 0 0 0 1 0
0.004264509806117925 0 0 0 2 0 0 0 1 0 0 0 1 0 0 0 2
-0.004264509806117925 0 0 0 2 0 0 0 1 0 0 0 2 0 0 0 1
1.0209662413348597 0 0 0 3 0 0 0 0 0 0 0 0 0 0 0 0
0.0294470906797622 0 0 0 3 1 1 3 3 0 0 1 3 0 3 3 1
0.0294470906797622 0 0 0 3 1 1 3 3 0 0 2 3 0 3 3 2
-3.183001155404659e-05 0 0 0 3 1 0 1 3 0 0 1 3 0 0 3 1
-3.183001155404659e-05 0 0 0 3 1 0 1 3 0 0 2 3 0 0 3 2
0.003173406974683057 0 0 0 3 1 0 3 2 0 0 1 3 0 2 3 0
-0.003173406974683057 0 0 0 3 1 0 3 2 0 0 2 3 0 1 3 0
-3.4302057805408975e-06 0 0 0 3 1 0 0 2 0 0 1 3 0 0 2 0
3.4302057805408975e-06 0 0 0 3 1 0 0 2 0 0 2 3 0 0 1 0
0.0294470906797622 0 0 0 3 2 2 3 3 0 0 1 3 0 3 3 1
0.0294470906797622 0 0 0 3 2 2 3 3 0 0 2 3 0 3 3 2
-3.183001155404659e-05 0 0 0 3 2 0 2 3 0 0 1 3 0 0 3 1
-3.183001155404659e-05 0 0 0 3 2 0 2 3 0 0 2 3 0 0 3 2
-0.003173406974683057 0 0 0 3 2 0 3 1 0 0 1 3 0 2 3 0
0.003173406974683057 0 0 0 3 2 0 3 1 0 0 2 3 0 1 3 0
3.4302057805408975e-06 0 0 0 3 2 0 0 1 0 0 1 3 0 0 2 0
-3.4302057805408975e-06 0 0 0 3 2 0 0 1 0 0 2 3 0 0 1 0
0.07579709199254062 0 0 0 3 3 0 0 0 0 0 0 0 0 0 0 0
-0.0037067571140420997 0 0 0 3 3 1 3 1 0 0 1 3 1 3 3 0
-0.0037067571140420997 0 0 0 3 3 1 3 1 0 0 2 3 2 3 3 0
-0.0037067571140420997 0 0 0 3 3 2 3 2 0 0 1 3 1 3 3 0
-0.0037067571140420997 0 0 0 3 3 2 3 2 0 0 2 3 2 3 3 0
0.0005188544109249839 0 0 0 3 3 3 3 3 0 1 3 3 3 3 3 1
0.0005188544109249839 0 0 0 3 3 3 3 3 0 2 3 3 3 3 3 2
4.006715741500488e-06 0 0 0 3 3 0 1 1 0 0 1 3 1 0 3 0
4.006715741500488e-06 0 0 0 3 3 0 1 1 0 0 2 3 2 0 3 0
4.006715741500488e-06 0 0 0 3 3 0 2 2 0 0 1 3 1 0 3 0
4.006715741500488e-06 0 0 0 3 3 0 2 2 0 0 2 3 2 0 3 0
0.025740333565720107 0 0 0 3 3 0 3 3 0 0 1 3 1 1 3 1
-0.0005333501393590422 0 0 0 3 3 0 3 3 0 0 1 3 1 2 3 2
0.026273683705079147 0 0 0 3 3 0 3 3 0 0 1 3 2 2 3 1
0.026273683705079147 0 0 0 3 3 0 3 3 0 0 2 3 1 1 3 2
-0.0005333501393590422 0 0 0 3 3 0 3 3 0 0 2 3 2 1 3 1
0.025740333565720107 0 0 0 3 3 0 3 3 0 0 2 3 2 2 3 2
-2.7823295812546097e-05 0 0 0 3 3 0 0 3 0 0 1 3 1 0 1 1
5.765099609595914e-07 0 0 0 3 3 0 0 3 0 0 1 3 1 0 2 2
-2.839980577350569e-05 0 0 0 3 3 0 0 3 0 0 1 3 2 0 2 1
-2.839980577350569e-05 0 0 0 3 3 0 0 3 0 0 2 3 1 0 1 2
5.765099609595914e-07 0 0 0 3 3 0 0 3 0 0 2 3 2 0 1 1
-2.7823295812546097e-05 0 0 0 3 3 0 0 3 0 0 2 3 2 0 2 2
3.0332835716265342e-05 0 0 0 3 0 1 1 0 0 0 0 0 0 3 0 0
-4.00671574150078e-06 0 0 0 3 0 1 3 1 0 0 1 1 0 3 3 0
-4.00671574150078e-06 0 0 0 3 0 1 3 1 0 0 2 2 0 3 3 0
3.0332835716265342e-05 0 0 0 3 0 2 2 0 0 0 0 0 0 3 0 0
-4.00671574150078e-06 0 0 0 3 0 2 3 2 0 0 1 1 0 3 3 0
-4.00671574150078e-06 0 0 0 3 0 2 3 2 0 0 2 2 0 3 3 0
0.07593649147322741 0 0 0 3 0 3 0 0 0 0 0 0 0 0 0 0
-0.0037067571140421028 0 0 0 3 0 0 1 1 0 0 1 1 0 0 3 0
-0.0037067571140421028 0 0 0 3 0 0 1 1 0 0 2 2 0 0 3 0
-0.0037067571140421028 0 0 0 3 0 0 2 2 0 0 1 1 0 0 3 0
-0.0037067571140421028 0 0 0 3 0 0 2 2 0 0 2 2 0 0 3 0
0.047874524898988205 0 0 0 3 0 0 3 0 0 0 0 0 0 0 0 0
2.7823295812547005e-05 0 0 0 3 0 0 3 3 0 0 1 1 0 1 3 1
-5.765099609593699e-07 0 0 0 3 0 0 3 3 0 0 1 1 0 2 3 2
2.839980577350638e-05 0 0 0 3 0 0 3 3 0 0 1 2 0 2 3 1
2.839980577350638e-05 0 0 0 3 0 0 3 3 0 0 2 1 0 1 3 2
-5.765099609593699e-07 0 0 0 3 0 0 3 3 0 0 2 2 0 1 3 1
2.7823295812547005e-05 0 0 0 3 0 0 3 3 0 0 2 2 0 2 3 2
-8.739064255230604e-06 0 0 0 3 0 0 3 0 0 0 0 0 0 1 1 0
-8.739064255230604e-06 0 0 0 3 0 0 3 0 0 0 0 0 0 2 2 0
0.07940788834379259 0 0 0 3 0 0 0 3 0 0 0 0 0 0 0 0
0.025740333565720145 0 0 0 3 0 0 0 3 0 0 1 1 0 0 1 1
-0.0005333501393590405 0 0 0 3 0 0 0 3 0 0 1 1 0 0 2 2
0.026273683705079185 0 0 0 3 0 0 0 3 0 0 1 2 0 0 2 1
0.026273683705079185 0 0 0 3 0 0 0 3 0 0 2 1 0 0 1 2
-0.0005333501393590405 0 0 0 3 0 0 0 3 0 0 2 2 0 0 1 1
0.025740333565720145 0 0 0 3 0 0 0 3 0 0 2 2 0 0 2 2
0.08483469000223293 0 0 0 3 0 0 0 0 3 0 0 0 0 0 0 0
0.08218651132965442 0 0 0 3 0 0 0 0 0 3 0 0 0 0 0 0
0.08031428759665975 0 0 0 3 0 0 0 0 0 0 3 0 0 0 0 0
0.08765796691605302 0 0 0 3 0 0 0 0 0 0 0 3 0 0 0 0
0.07975071696704472 0 0 0 3 0 0 0 0 0 0 0 0 3 0 0 0
0.07981221881752276 0 0 0 3 0 0 0 0 0 0 0 0 0 3 0 0
0.08789703262503468 0 0 0 3 0 0 0 0 0 0 0 0 0 0 3 0
0.08367239814991051 0 0 0 3 0 0 0 0 0 0 0 0 0 0 0 3
-0.032271137504817256 0 0 0 0 1 1 3 0 0 0 0 1 0 3 1 0
-0.032271137504817256 0 0 0 0 1 1 3 0 0 0 0 2 0 3 2 0
-3.907189997150088e-05 0 0 0 0 1 1 0 0 0 0 0 1 0 1 0 0
-3.907189997150088e-05 0 0 0 0 1 1 0 0 0 0 0 2 0 2 0 0
3.9071899971493426e-05 0 0 0 0 1 2 3 0 0 0 0 0 1 3 2 0
-3.9071899971493426e-05 0 0 0 0 1 2 3 0 0 0 0 0 2 3 1 0
-0.040022507726046354 0 0 0 0 1 2 0 0 0 0 0 0 1 2 0 0
0.040022507726046354 0 0 0 0 1 2 0 0 0 0 0 0 2 1 0 0
3.9071899971499463e-05 0 0 0 0 1 0 1 0 0 0 0 1 0 0 1 0
3.9071899971499463e-05 0 0 0 0 1 0 1 0 0 0 0 2 0 0 2 0
3.9071899971493426e-05 0 0 0 0 1 0 1 0 0 0 0 0 1 1 0 0
3.9071899971493426e-05 0 0 0 0 1 0 1 0 0 0 0 0 2 2 0 0
-0.003875642876933802 0 0 0 0 1 0 2 0 0 0 0 1 0 2 0 0
0.003875642876933802 0 0 0 0 1 0 2 0 0 0 0 2 0 1 0 0
-0.0038757273442953546 0 0 0 0 1 0 2 0 0 0 0 0 1 0 2 0
0.0038757273442953546 0 0 0 0 1 0 2 0 0 0 0 0 2 0 1 0
-0.004264509806117923 0 0 0 0 1 0 0 2 0 0 0 0 1 0 0 2
0.004264509806117923 0 0 0 0 1 0 0 2 0 0 0 0 2 0 0 1
-3.9071899971493426e-05 0 0 0 0 2 1 3 0 0 0 0 0 1 3 2 0
3.9071899971493426e-05 0 0 0 0 2 1 3 0 0 0 0 0 2 3 1 0
0.040022507726046354 0 0 0 0 2 1 0 0 0 0 0 0 1 2 0 0
-0.040022507726046354 0 0 0 0 2 1 0 0 0 0 0 0 2 1 0 0
-0.032271137504817256 0 0 0 0 2 2 3 0 0 0 0 1 0 3 1 0
-0.032271137504817256 0 0 0 0 2 2 3 0 0 0 0 2 0 3 2 0
-3.907189997150088e-05 0 0 0 0 2 2 0 0 0 0 0 1 0 1 0 0
-3.907189997150088e-05 0 0 0 0 2 2 0 0 0 0 0 2 0 2 0 0
0.003875642876933802 0 0 0 0 2 0 1 0 0 0 0 1 0 2 0 0
-0.003875642876933802 0 0 0 0 2 0 1 0 0 0 0 2 0 1 0 0
0.0038757273442953546 0 0 0 0 2 0 1 0 0 0 0 0 1 0 2 0
-0.0038757273442953546 0 0 0 0 2 0 1 0 0 0 0 0 2 0 1 0
3.9071899971499463e-05 0 0 0 0 2 0 2 0 0 0 0 1 0 0 1 0
3.9071899971499463e-05 0 0 0 0 2 0 2 0 0 0 0 2 0 0 2 0
3.9071899971493426e-05 0 0 0 0 2 0 2 0 0 0 0 0 1 1 0 0
3.9071899971493426e-05 0 0 0 0 2 0 2 0 0 0 0 0 2 2 0 0
0.004264509806117923 0 0 0 0 2 0 0 1 0 0 0 0 1 0 0 2
-0.004264509806117923 0 0 0 0 2 0 0 1 0 0 0 0 2 0 0 1
1.0209662413348588 0 0 0 0 3 0 0 0 0 0 0 0 0 0 0 0
0.004042406903755882 0 0 0 0 3 1 1 0 0 0 0 1 1 3 0 0
0.004042406903755882 0 0 0 0 3 1 1 0 0 0 0 2 2 3 0 0
-3.0332835716288117e-05 0 0 0 0 3 1 1 0 0 0 0 0 0 3 0 0
0.004042406903755882 0 0 0 0 3 2 2 0 0 0 0 1 1 3 0 0
0.004042406903755882 0 0 0 0 3 2 2 0 0 0 0 2 2 3 0 0
-3.0332835716288117e-05 0 0 0 0 3 2 2 0 0 0 0 0 0 3 0 0
0.047874524898988094 0 0 0 0 3 3 0 0 0 0 0 0 0 0 0 0
-8.739064255204617e-06 0 0 0 0 3 3 0 0 0 0 0 1 1 0 0 0
-8.739064255204617e-06 0 0 0 0 3 3 0 0 0 0 0 2 2 0 0 0
0.07593649147322747 0 0 0 0 3 0 3 0 0 0 0 0 0 0 0 0
8.739064255225563e-06 0 0 0 0 3 0 3 0 0 0 0 1 1 0 0 0
-0.02822873060106138 0 0 0 0 3 0 3 0 0 0 0 1 1 1 1 0
0.00016676402682207908 0 0 0 0 3 0 3 0 0 0 0 1 1 2 2 0
-0.028395494627883454 0 0 0 0 3 0 3 0 0 0 0 1 2 2 1 0
-0.028395494627883454 0 0 0 0 3 0 3 0 0 0 0 2 1 1 2 0
8.739064255225563e-06 0 0 0 0 3 0 3 0 0 0 0 2 2 0 0 0
0.00016676402682207908 0 0 0 0 3 0 3 0 0 0 0 2 2 1 1 0
-0.02822873060106138 0 0 0 0 3 0 3 0 0 0 0 2 2 2 2 0
8.739064255205312e-06 0 0 0 0 3 0 3 0 0 0 0 0 0 1 1 0
8.739064255205312e-06 0 0 0 0 3 0 3 0 0 0 0 0 0 2 2 0
0.0794078883437925 0 0 0 0 3 0 0 3 0 0 0 0 0 0 0 0
0.08483469000223284 0 0 0 0 3 0 0 0 3 0 0 0 0 0 0 0
0.08218651132965432 0 0 0 0 3 0 0 0 0 3 0 0 0 0 0 0
0.08031428759665966 0 0 0 0 3 0 0 0 0 0 3 0 0 0 0 0
3.0332835716296256e-05 0 0 0 0 3 0 0 0 0 0 0 1 1 3 0 0
-3.03328357162739e-05 0 0 0 0 3 0 0 0 0 0 0 1 1 0 3 0
3.0332835716296256e-05 0 0 0 0 3 0 0 0 0 0 0 2 2 3 0 0
-3.03328357162739e-05 0 0 0 0 3 0 0 0 0 0 0 2 2 0 3 0
0.07975071696704472 0 0 0 0 3 0 0 0 0 0 0 3 0 0 0 0
0.08765796691605286 0 0 0 0 3 0 0 0 0 0 0 0 3 0 0 0
0.08789703262503445 0 0 0 0 3 0 0 0 0 0 0 0 0 3 0 0
0.07981221881752282 0 0 0 0 3 0 0 0 0 0 0 0 0 0 3 0
0.08367239814991043 0 0 0 0 3 0 0 0 0 0 0 0 0 0 0 3
-8.739064255230604e-06 0 0 0 0 0 1 1 0 0 0 0 3 0 3 0 0
8.739064255205312e-06 0 0 0 0 0 1 1 0 0 0 0 0 3 3 0 0
-0.004154034975233974 0 0 0 0 0 1 2 0 0 0 0 0 0 1 2 0
0.004154034975233974 0 0 0 0 0 1 2 0 0 0 0 0 0 2 1 0
-0.0048017445357707534 0 0 0 0 0 1 0 2 0 0 0 0 0 1 0 2
0.0048017445357707534 0 0 0 0 0 1 0 2 0 0 0 0 0 2 0 1
0.004154034975233974 0 0 0 0 0 2 1 0 0 0 0 0 0 1 2 0
-0.004154034975233974 0 0 0 0 0 2 1 0 0 0 0 0 0 2 1 0
-8.739064255230604e-06 0 0 0 0 0 2 2 0 0 0 0 3 0 3 0 0
8.739064255205312e-06 0 0 0 0 0 2 2 0 0 0 0 0 3 3 0 0
0.0048017445357707534 0 0 0 0 0 2 0 1 0 0 0 0 0 1 0 2
-0.0048017445357707534 0 0 0 0 0 2 0 1 0 0 0 0 0 2 0 1
0.9980751589626775 0 0 0 0 0 3 0 0 0 0 0 0 0 0 0 0
0.07582233510880762 0 0 0 0 0 3 3 0 0 0 0 0 0 0 0 0
0.07854016361821352 0 0 0 0 0 3 0 3 0 0 0 0 0 0 0 0
0.08438930026452532 0 0 0 0 0 3 0 0 3 0 0 0 0 0 0 0
0.0825180550733613 0 0 0 0 0 3 0 0 0 3 0 0 0 0 0 0
0.08022013561769303 0 0 0 0 0 3 0 0 0 0 3 0 0 0 0 0
0.07981221881752276 0 0 0 0 0 3 0 0 0 0 0 3 0 0 0 0
0.08789703262503445 0 0 0 0 0 3 0 0 0 0 0 0 3 0 0 0
0.0882844400345094 0 0 0 0 0 3 0 0 0 0 0 0 0 3 0 0
0.0799763700840416 0 0 0 0 0 3 0 0 0 0 0 0 0 0 3 0
0.08334190815398428 0 0 0 0 0 3 0 0 0 0 0 0 0 0 0 3
-0.004801744535770759 0 0 0 0 0 0 1 2 0 0 0 0 0 0 1 2
0.004801744535770759 0 0 0 0 0 0 1 2 0 0 0 0 0 0 2 1
0.004801744535770759 0 0 0 0 0 0 2 1 0 0 0 0 0 0 1 2
-0.004801744535770759 0 0 0 0 0 0 2 1 0 0 0 0 0 0 2 1
0.9980751589626875 0 0 0 0 0 0 3 0 0 0 0 0 0 0 0 0
0.07854016361821367 0 0 0 0 0 0 3 3 0 0 0 0 0 0 0 0
0.08438930026452546 0 0 0 0 0 0 3 0 3 0 0 0 0 0 0 0
0.08251805507336142 0 0 0 0 0 0 3 0 0 3 0 0 0 0 0 0
0.08022013561769317 0 0 0 0 0 0 3 0 0 0 3 0 0 0 0 0
0.08789703262503468 0 0 0 0 0 0 3 0 0 0 0 3 0 0 0 0
3.0332835716265342e-05 0 0 0 0 0 0 3 0 0 0 0 3 0 1 1 0
3.0332835716265342e-05 0 0 0 0 0 0 3 0 0 0 0 3 0 2 2 0
0.07981221881752282 0 0 0 0 0 0 3 0 0 0 0 0 3 0 0 0
-3.0332835716288117e-05 0 0 0 0 0 0 3 0 0 0 0 0 3 1 1 0
-3.0332835716288117e-05 0 0 0 0 0 0 3 0 0 0 0 0 3 2 2 0
0.0799763700840416 0 0 0 0 0 0 3 0 0 0 0 0 0 3 0 0
0.08828444003450968 0 0 0 0 0 0 3 0 0 0 0 0 0 0 3 0
0.08334190815398443 0 0 0 0 0 0 3 0 0 0 0 0 0 0 0 3
0.9894358853079742 0 0 0 0 0 0 0 3 0 0 0 0 0 0 0 0
0.09030448082993286 0 0 0 0 0 0 0 3 3 0 0 0 0 0 0 0
0.0848721653826783 0 0 0 0 0 0 0 3 0 3 0 0 0 0 0 0
0.09083914044470551 0 0 0 0 0 0 0 3 0 0 3 0 0 0 0 0
0.08367239814991051 0 0 0 0 0 0 0 3 0 0 0 3 0 0 0 0
0.08367239814991043 0 0 0 0 0 0 0 3 0 0 0 0 3 0 0 0
0.08334190815398428 0 0 0 0 0 0 0 3 0 0 0 0 0 3 0 0
0.08334190815398443 0 0 0 0 0 0 0 3 0 0 0 0 0 0 3 0
0.0952424362228966 0 0 0 0 0 0 0 3 0 0 0 0 0 0 0 3
1.2870681772173032 0 0 0 0 0 0 0 0 3 0 0 0 0 0 0 0
0.05290742677501572 0 0 0 0 0 0 0 0 3 3 0 0 0 0 0 0
0.06865125750706208 0 0 0 0 0 0 0 0 3 0 3 0 0 0 0 0
0.06998769500424898 0 0 0 0 0 0 0 0 3 0 0 3 0 0 0 0
0.06998769500424892 0 0 0 0 0 0 0 0 3 0 0 0 3 0 0 0
0.07251525703647158 0 0 0 0 0 0 0 0 3 0 0 0 0 3 0 0
0.07251525703647171 0 0 0 0 0 0 0 0 3 0 0 0 0 0 3 0
0.07803193097390068 0 0 0 0 0 0 0 0 3 0 0 0 0 0 0 3
1.2119341309521618 0 0 0 0 0 0 0 0 0 3 0 0 0 0 0 0
0.06568040063119868 0 0 0 0 0 0 0 0 0 3 3 0 0 0 0 0
0.0690047906513931 0 0 0 0 0 0 0 0 0 3 0 3 0 0 0 0
0.06900479065139303 0 0 0 0 0 0 0 0 0 3 0 0 3 0 0 0
0.06681595507301794 0 0 0 0 0 0 0 0 0 3 0 0 0 3 0 0
0.06681595507301806 0 0 0 0 0 0 0 0 0 3 0 0 0 0 3 0
0.07002123662297113 0 0 0 0 0 0 0 0 0 3 0 0 0 0 0 3
1.057694648952391 0 0 0 0 0 0 0 0 0 0 3 0 0 0 0 0
0.07581583674704905 0 0 0 0 0 0 0 0 0 0 3 3 0 0 0 0
0.07581583674704896 0 0 0 0 0 0 0 0 0 0 3 0 3 0 0 0
0.07603478136762923 0 0 0 0 0 0 0 0 0 0 3 0 0 3 0 0
0.07603478136762935 0 0 0 0 0 0 0 0 0 0 3 0 0 0 3 0
0.056933667284161785 0 0 0 0 0 0 0 0 0 0 3 0 0 0 0 3
1.0209662413348597 0 0 0 0 0 0 0 0 0 0 0 3 0 0 0 0
0.07579709199254062 0 0 0 0 0 0 0 0 0 0 0 3 3 0 0 0
0.07593649147322741 0 0 0 0 0 0 0 0 0 0 0 3 0 3 0 0
0.047874524898988205 0 0 0 0 0 0 0 0 0 0 0 3 0 0 3 0
0.07940788834379259 0 0 0 0 0 0 0 0 0 0 0 3 0 0 0 3
1.0209662413348588 0 0 0 0 0 0 0 0 0 0 0 0 3 0 0 0
0.047874524898988094 0 0 0 0 0 0 0 0 0 0 0 0 3 3 0 0
0.07593649147322747 0 0 0 0 0 0 0 0 0 0 0 0 3 0 3 0
0.0794078883437925 0 0 0 0 0 0 0 0 0 0 0 0 3 0 0 3
0.9980751589626776 0 0 0 0 0 0 0 0 0 0 0 0 0 3 0 0
0.07582233510880762 0 0 0 0 0 0 0 0 0 0 0 0 0 3 3 0
0.07854016361821352 0 0 0 0 0 0 0 0 0 0 0 0 0 3 0 3
0.9980751589626875 0 0 0 0 0 0 0 0 0 0 0 0 0 0 3 0
0.07854016361821367 0 0 0 0 0 0 0 0 0 0 0 0 0 0 3 3
0.9894358853079742 0 0 0 0 0 0 0 0 0 0 0 0 0 0 0 3
