-5080.408832747854 0 0 0 0 0 0 0 0 0 0 0 0 0 0 0 0
0.018184861240416288 1 1 1 3 3 3 3 1 3 0 3 3 3 3 3 0
0.009330591223920265 1 1 2 3 3 3 3 2 3 0 3 3 3 3 3 0
0.01669669026994719 1 1 3 0 0 0 0 0 3 1 1 0 0 0 0 0
0.01669669026994719 1 1 3 0 0 0 0 0 3 2 2 0 0 0 0 0
-0.00729828829453914 1 1 0 1 3 1 0 0 3 0 0 3 3 0 0 0
-0.013861392598350637 1 1 0 1 3 3 1 0 3 0 0 3 3 3 0 0
-0.005452894133807571 1 1 0 2 3 2 0 0 3 0 0 3 3 0 0 0
-0.010356497761605996 1 1 0 2 3 3 2 0 3 0 0 3 3 3 0 0
0.02206765520502603 1 1 0 3 3 3 3 3 3 0 1 3 3 3 3 1
0.02206765520502603 1 1 0 3 3 3 3 3 3 0 2 3 3 3 3 2
-0.013861392598350638 1 1 0 0 1 1 0 0 3 0 0 0 3 0 0 0
0.00729828829453913 1 1 0 0 1 3 1 0 3 0 0 0 3 3 0 0
-0.010356497761605998 1 1 0 0 2 2 0 0 3 0 0 0 3 0 0 0
0.005452894133807565 1 1 0 0 2 3 2 0 3 0 0 0 3 3 0 0
-0.023691162386564338 1 1 0 0 3 3 3 0 3 0 0 1 3 3 1 0
-0.023691162386564338 1 1 0 0 3 3 3 0 3 0 0 2 3 3 2 0
-0.012473850076972959 1 1 0 0 3 3 0 0 3 0 0 1 3 1 0 0
-0.012473850076972959 1 1 0 0 3 3 0 0 3 0 0 2 3 2 0 0
0.012473850076972945 1 1 0 0 0 3 3 0 3 0 0 0 1 3 1 0
0.012473850076972945 1 1 0 0 0 3 3 0 3 0 0 0 2 3 2 0
-0.02369116238656434 1 1 0 0 0 3 0 0 3 0 0 0 1 1 0 0
-0.02369116238656434 1 1 0 0 0 3 0 0 3 0 0 0 2 2 0 0
0.008854270016496024 1 2 2 3 3 3 3 1 3 0 3 3 3 3 3 0
0.007937232177024151 1 2 3 3 3 3 3 3 1 3 3 3 3 3 3 2
-0.007937232177024151 1 2 3 3 3 3 3 3 2 3 3 3 3 3 3 1
-0.0018453941607315693 1 2 0 2 3 1 0 0 3 0 0 3 3 0 0 0
-0.0035048948367446394 1 2 0 2 3 3 1 0 3 0 0 3 3 3 0 0
-0.003504894836744639 1 2 0 0 2 1 0 0 3 0 0 0 3 0 0 0
0.0018453941607315663 1 2 0 0 2 3 1 0 3 0 0 0 3 3 0 0
-0.022558999150233957 1 2 0 0 0 0 0 0 1 2 0 0 0 0 0 0
0.022558999150233957 1 2 0 0 0 0 0 0 2 1 0 0 0 0 0 0
0.008483270810793496 1 3 1 3 0 0 0 0 3 3 0 0 0 0 0 0
0.008483270810793484 1 3 1 0 3 0 0 0 3 3 0 0 0 0 0 0
0.008088728926254462 1 3 1 0 0 3 0 0 3 3 0 0 0 0 0 0
0.00808872892625445 1 3 1 0 0 0 3 0 3 3 0 0 0 0 0 0
0.006310341278594404 1 3 1 0 0 0 0 3 3 3 0 0 0 0 0 0
0.0009037744430517762 1 3 1 0 0 0 0 0 3 0 0 0 0 0 0 0
0.07655603091408819 1 3 1 0 0 0 0 0 3 3 0 0 0 0 0 0
0.0025944878195067636 1 3 1 0 0 0 0 0 3 3 3 0 0 0 0 0
0.006706466331738609 1 3 1 0 0 0 0 0 3 3 0 3 0 0 0 0
0.0067064663317386 1 3 1 0 0 0 0 0 3 3 0 0 3 0 0 0
0.0041536625759903256 1 3 1 0 0 0 0 0 3 3 0 0 0 3 0 0
0.0041536625759903195 1 3 1 0 0 0 0 0 3 3 0 0 0 0 3 0
0.010803459524129543 1 3 1 0 0 0 0 0 3 3 0 0 0 0 0 3
0.01770685267979369 1 3 1 0 0 0 0 0 0 3 0 0 0 0 0 0
-0.012737063981105766 1 3 2 3 3 3 3 3 3 1 3 3 3 3 3 2
0.012737063981105766 1 3 2 3 3 3 3 3 3 2 3 3 3 3 3 1
-0.0013052198452779581 1 3 3 1 0 1 3 1 3 3 3 0 0 3 3 0
0.001093980461552476 1 3 3 1 0 2 3 2 3 3 3 0 0 3 3 0
-0.0024789599934129073 1 3 3 1 0 0 1 1 3 3 3 0 0 0 3 0
0.0020777601624548145 1 3 3 1 0 0 2 2 3 3 3 0 0 0 3 0
0.0027316031948242223 1 3 3 1 0 0 3 3 3 3 3 0 0 1 3 1
0.0027316031948242223 1 3 3 1 0 0 3 3 3 3 3 0 0 2 3 2
0.005188041740513128 1 3 3 1 0 0 0 3 3 3 3 0 0 0 1 1
0.005188041740513128 1 3 3 1 0 0 0 3 3 3 3 0 0 0 2 2
-0.0023992003068304345 1 3 3 2 0 2 3 1 3 3 3 0 0 3 3 0
-0.0045567201558677235 1 3 3 2 0 0 2 1 3 3 3 0 0 0 3 0
-0.0017768044790548866 1 3 3 2 0 0 0 0 3 3 1 2 0 0 0 0
0.0017768044790548866 1 3 3 2 0 0 0 0 3 3 2 1 0 0 0 0
-0.0024789599934129077 1 3 3 3 1 1 3 1 3 3 3 3 0 3 3 0
0.0020777601624548158 1 3 3 3 1 2 3 2 3 3 3 3 0 3 3 0
0.0013052198452779542 1 3 3 3 1 0 1 1 3 3 3 3 0 0 3 0
-0.0010939804615524764 1 3 3 3 1 0 2 2 3 3 3 3 0 0 3 0
0.005188041740513129 1 3 3 3 1 0 3 3 3 3 3 3 0 1 3 1
0.005188041740513129 1 3 3 3 1 0 3 3 3 3 3 3 0 2 3 2
-0.002731603194824221 1 3 3 3 1 0 0 3 3 3 3 3 0 0 1 1
-0.002731603194824221 1 3 3 3 1 0 0 3 3 3 3 3 0 0 2 2
-0.004556720155867722 1 3 3 3 2 2 3 1 3 3 3 3 0 3 3 0
0.00239920030683043 1 3 3 3 2 0 2 1 3 3 3 3 0 0 3 0
-0.0031102815780583147 1 3 3 3 3 2 3 3 3 3 3 3 1 3 3 2
0.0031102815780583147 1 3 3 3 3 2 3 3 3 3 3 3 2 3 3 1
0.0016376227332717441 1 3 3 3 3 0 2 3 3 3 3 3 1 0 3 2
-0.0016376227332717441 1 3 3 3 3 0 2 3 3 3 3 3 2 0 3 1
-0.007667001733926038 1 3 3 3 3 0 3 1 3 3 3 3 1 1 3 0
-0.007667001733926038 1 3 3 3 3 0 3 1 3 3 3 3 2 2 3 0
0.004036823040102175 1 3 3 3 3 0 0 1 3 3 3 3 1 0 1 0
0.004036823040102175 1 3 3 3 3 0 0 1 3 3 3 3 2 0 2 0
-0.0016376227332717457 1 3 3 3 0 2 3 3 3 3 3 1 0 3 3 2
0.0016376227332717457 1 3 3 3 0 2 3 3 3 3 3 2 0 3 3 1
-0.0031102815780583147 1 3 3 3 0 0 2 3 3 3 3 1 0 0 3 2
0.0031102815780583147 1 3 3 3 0 0 2 3 3 3 3 2 0 0 3 1
-0.00403682304010218 1 3 3 3 0 0 3 1 3 3 3 1 0 1 3 0
-0.00403682304010218 1 3 3 3 0 0 3 1 3 3 3 2 0 2 3 0
-0.007667001733926037 1 3 3 3 0 0 0 1 3 3 3 1 0 0 1 0
-0.007667001733926037 1 3 3 3 0 0 0 1 3 3 3 2 0 0 2 0
-0.0017768044790548848 1 3 3 0 2 0 0 0 3 3 1 0 2 0 0 0
0.0017768044790548848 1 3 3 0 2 0 0 0 3 3 2 0 1 0 0 0
-0.0039350663502641355 1 3 3 0 0 2 0 0 3 3 1 0 0 2 0 0
0.0039350663502641355 1 3 3 0 0 2 0 0 3 3 2 0 0 1 0 0
-0.00393506635026413 1 3 3 0 0 0 2 0 3 3 1 0 0 0 2 0
0.00393506635026413 1 3 3 0 0 0 2 0 3 3 2 0 0 0 1 0
0.004493118245535138 1 3 3 0 0 0 0 2 3 3 1 0 0 0 0 2
-0.004493118245535138 1 3 3 0 0 0 0 2 3 3 2 0 0 0 0 1
0.013334664624958343 1 3 0 2 3 3 3 0 3 1 0 3 3 3 2 0
-0.013334664624958343 1 3 0 2 3 3 3 0 3 2 0 3 3 3 1 0
0.007020955943165385 1 3 0 2 3 3 0 0 3 1 0 3 3 2 0 0
-0.007020955943165385 1 3 0 2 3 3 0 0 3 2 0 3 3 1 0 0
-0.0038827939646097426 1 3 0 3 3 3 3 1 3 1 1 3 3 3 3 0
-0.0038827939646097426 1 3 0 3 3 3 3 1 3 2 2 3 3 3 3 0
-0.007020955943165381 1 3 0 0 2 3 3 0 3 1 0 0 3 3 2 0
0.007020955943165381 1 3 0 0 2 3 3 0 3 2 0 0 3 3 1 0
0.013334664624958343 1 3 0 0 2 3 0 0 3 1 0 0 3 2 0 0
-0.013334664624958343 1 3 0 0 2 3 0 0 3 2 0 0 3 1 0 0
0.005175561782433816 1 3 0 0 3 1 0 0 3 1 0 1 3 0 0 0
0.005175561782433816 1 3 0 0 3 1 0 0 3 2 0 2 3 0 0 0
0.009829769788213703 1 3 0 0 3 3 1 0 3 1 0 1 3 3 0 0
0.009829769788213703 1 3 0 0 3 3 1 0 3 2 0 2 3 3 0 0
0.009829769788213703 1 3 0 0 0 1 0 0 3 1 0 0 1 0 0 0
0.009829769788213703 1 3 0 0 0 1 0 0 3 2 0 0 2 0 0 0
-0.005175561782433814 1 3 0 0 0 3 1 0 3 1 0 0 1 3 0 0
-0.005175561782433814 1 3 0 0 0 3 1 0 3 2 0 0 2 3 0 0
0.017600464712998965 1 0 1 0 0 0 0 0 3 3 0 0 0 0 0 0
-0.015392659574513632 1 0 2 0 0 0 0 0 1 0 2 0 0 0 0 0
0.015392659574513632 1 0 2 0 0 0 0 0 2 0 1 0 0 0 0 0
0.007937232177024151 1 0 3 3 3 3 3 1 1 1 3 3 3 3 3 0
0.007937232177024151 1 0 3 3 3 3 3 1 2 2 3 3 3 3 3 0
-0.015772245316221806 1 0 0 2 0 0 0 0 1 0 0 2 0 0 0 0
0.015772245316221806 1 0 0 2 0 0 0 0 2 0 0 1 0 0 0 0
-0.01577224531622179 1 0 0 0 2 0 0 0 1 0 0 0 2 0 0 0
0.01577224531622179 1 0 0 0 2 0 0 0 2 0 0 0 1 0 0 0
-0.01024076338234317 1 0 0 0 0 2 0 0 1 0 0 0 0 2 0 0
0.01024076338234317 1 0 0 0 0 2 0 0 2 0 0 0 0 1 0 0
-0.010240763382343155 1 0 0 0 0 0 2 0 1 0 0 0 0 0 2 0
0.010240763382343155 1 0 0 0 0 0 2 0 2 0 0 0 0 0 1 0
-0.012158622255834082 1 0 0 0 0 0 0 2 1 0 0 0 0 0 0 2
0.012158622255834082 1 0 0 0 0 0 0 2 2 0 0 0 0 0 0 1
0.008854270016496024 2 1 1 3 3 3 3 2 3 0 3 3 3 3 3 0
-0.007937232177024151 2 1 3 3 3 3 3 3 1 3 3 3 3 3 3 2
0.007937232177024151 2 1 3 3 3 3 3 3 2 3 3 3 3 3 3 1
-0.0018453941607315693 2 1 0 1 3 2 0 0 3 0 0 3 3 0 0 0
-0.0035048948367446394 2 1 0 1 3 3 2 0 3 0 0 3 3 3 0 0
-0.003504894836744639 2 1 0 0 1 2 0 0 3 0 0 0 3 0 0 0
0.0018453941607315663 2 1 0 0 1 3 2 0 3 0 0 0 3 3 0 0
0.022558999150233957 2 1 0 0 0 0 0 0 1 2 0 0 0 0 0 0
-0.022558999150233957 2 1 0 0 0 0 0 0 2 1 0 0 0 0 0 0
0.009330591223920265 2 2 1 3 3 3 3 1 3 0 3 3 3 3 3 0
0.018184861240416288 2 2 2 3 3 3 3 2 3 0 3 3 3 3 3 0
0.01669669026994719 2 2 3 0 0 0 0 0 3 1 1 0 0 0 0 0
0.01669669026994719 2 2 3 0 0 0 0 0 3 2 2 0 0 0 0 0
-0.005452894133807571 2 2 0 1 3 1 0 0 3 0 0 3 3 0 0 0
-0.010356497761605996 2 2 0 1 3 3 1 0 3 0 0 3 3 3 0 0
-0.00729828829453914 2 2 0 2 3 2 0 0 3 0 0 3 3 0 0 0
-0.013861392598350637 2 2 0 2 3 3 2 0 3 0 0 3 3 3 0 0
0.02206765520502603 2 2 0 3 3 3 3 3 3 0 1 3 3 3 3 1
0.02206765520502603 2 2 0 3 3 3 3 3 3 0 2 3 3 3 3 2
-0.010356497761605998 2 2 0 0 1 1 0 0 3 0 0 0 3 0 0 0
0.005452894133807565 2 2 0 0 1 3 1 0 3 0 0 0 3 3 0 0
-0.013861392598350638 2 2 0 0 2 2 0 0 3 0 0 0 3 0 0 0
0.00729828829453913 2 2 0 0 2 3 2 0 3 0 0 0 3 3 0 0
-0.023691162386564338 2 2 0 0 3 3 3 0 3 0 0 1 3 3 1 0
-0.023691162386564338 2 2 0 0 3 3 3 0 3 0 0 2 3 3 2 0
-0.012473850076972959 2 2 0 0 3 3 0 0 3 0 0 1 3 1 0 0
-0.012473850076972959 2 2 0 0 3 3 0 0 3 0 0 2 3 2 0 0
0.012473850076972945 2 2 0 0 0 3 3 0 3 0 0 0 1 3 1 0
0.012473850076972945 2 2 0 0 0 3 3 0 3 0 0 0 2 3 2 0
-0.02369116238656434 2 2 0 0 0 3 0 0 3 0 0 0 1 1 0 0
-0.02369116238656434 2 2 0 0 0 3 0 0 3 0 0 0 2 2 0 0
0.012737063981105766 2 3 1 3 3 3 3 3 3 1 3 3 3 3 3 2
-0.012737063981105766 2 3 1 3 3 3 3 3 3 2 3 3 3 3 3 1
0.008483270810793496 2 3 2 3 0 0 0 0 3 3 0 0 0 0 0 0
0.008483270810793484 2 3 2 0 3 0 0 0 3 3 0 0 0 0 0 0
0.008088728926254462 2 3 2 0 0 3 0 0 3 3 0 0 0 0 0 0
0.00808872892625445 2 3 2 0 0 0 3 0 3 3 0 0 0 0 0 0
0.006310341278594404 2 3 2 0 0 0 0 3 3 3 0 0 0 0 0 0
0.0009037744430517762 2 3 2 0 0 0 0 0 3 0 0 0 0 0 0 0
0.07655603091408819 2 3 2 0 0 0 0 0 3 3 0 0 0 0 0 0
0.0025944878195067636 2 3 2 0 0 0 0 0 3 3 3 0 0 0 0 0
0.006706466331738609 2 3 2 0 0 0 0 0 3 3 0 3 0 0 0 0
0.0067064663317386 2 3 2 0 0 0 0 0 3 3 0 0 3 0 0 0
0.0041536625759903256 2 3 2 0 0 0 0 0 3 3 0 0 0 3 0 0
0.0041536625759903195 2 3 2 0 0 0 0 0 3 3 0 0 0 0 3 0
0.010803459524129543 2 3 2 0 0 0 0 0 3 3 0 0 0 0 0 3
0.01770685267979369 2 3 2 0 0 0 0 0 0 3 0 0 0 0 0 0
-0.0023992003068304345 2 3 3 1 0 1 3 2 3 3 3 0 0 3 3 0
-0.0045567201558677235 2 3 3 1 0 0 1 2 3 3 3 0 0 0 3 0
0.0017768044790548866 2 3 3 1 0 0 0 0 3 3 1 2 0 0 0 0
-0.0017768044790548866 2 3 3 1 0 0 0 0 3 3 2 1 0 0 0 0
0.001093980461552476 2 3 3 2 0 1 3 1 3 3 3 0 0 3 3 0
-0.0013052198452779581 2 3 3 2 0 2 3 2 3 3 3 0 0 3 3 0
0.0020777601624548145 2 3 3 2 0 0 1 1 3 3 3 0 0 0 3 0
-0.0024789599934129073 2 3 3 2 0 0 2 2 3 3 3 0 0 0 3 0
0.0027316031948242223 2 3 3 2 0 0 3 3 3 3 3 0 0 1 3 1
0.0027316031948242223 2 3 3 2 0 0 3 3 3 3 3 0 0 2 3 2
0.005188041740513128 2 3 3 2 0 0 0 3 3 3 3 0 0 0 1 1
0.005188041740513128 2 3 3 2 0 0 0 3 3 3 3 0 0 0 2 2
-0.004556720155867722 2 3 3 3 1 1 3 2 3 3 3 3 0 3 3 0
0.00239920030683043 2 3 3 3 1 0 1 2 3 3 3 3 0 0 3 0
0.0020777601624548158 2 3 3 3 2 1 3 1 3 3 3 3 0 3 3 0
-0.0024789599934129077 2 3 3 3 2 2 3 2 3 3 3 3 0 3 3 0
-0.0010939804615524764 2 3 3 3 2 0 1 1 3 3 3 3 0 0 3 0
0.0013052198452779542 2 3 3 3 2 0 2 2 3 3 3 3 0 0 3 0
0.005188041740513129 2 3 3 3 2 0 3 3 3 3 3 3 0 1 3 1
0.005188041740513129 2 3 3 3 2 0 3 3 3 3 3 3 0 2 3 2
-0.002731603194824221 2 3 3 3 2 0 0 3 3 3 3 3 0 0 1 1
-0.002731603194824221 2 3 3 3 2 0 0 3 3 3 3 3 0 0 2 2
0.0031102815780583147 2 3 3 3 3 1 3 3 3 3 3 3 1 3 3 2
-0.0031102815780583147 2 3 3 3 3 1 3 3 3 3 3 3 2 3 3 1
-0.0016376227332717441 2 3 3 3 3 0 1 3 3 3 3 3 1 0 3 2
0.0016376227332717441 2 3 3 3 3 0 1 3 3 3 3 3 2 0 3 1
-0.007667001733926038 2 3 3 3 3 0 3 2 3 3 3 3 1 1 3 0
-0.007667001733926038 2 3 3 3 3 0 3 2 3 3 3 3 2 2 3 0
0.004036823040102175 2 3 3 3 3 0 0 2 3 3 3 3 1 0 1 0
0.004036823040102175 2 3 3 3 3 0 0 2 3 3 3 3 2 0 2 0
0.0016376227332717457 2 3 3 3 0 1 3 3 3 3 3 1 0 3 3 2
-0.0016376227332717457 2 3 3 3 0 1 3 3 3 3 3 2 0 3 3 1
0.0031102815780583147 2 3 3 3 0 0 1 3 3 3 3 1 0 0 3 2
-0.0031102815780583147 2 3 3 3 0 0 1 3 3 3 3 2 0 0 3 1
-0.00403682304010218 2 3 3 3 0 0 3 2 3 3 3 1 0 1 3 0
-0.00403682304010218 2 3 3 3 0 0 3 2 3 3 3 2 0 2 3 0
-0.007667001733926037 2 3 3 3 0 0 0 2 3 3 3 1 0 0 1 0
-0.007667001733926037 2 3 3 3 0 0 0 2 3 3 3 2 0 0 2 0
0.0017768044790548848 2 3 3 0 1 0 0 0 3 3 1 0 2 0 0 0
-0.0017768044790548848 2 3 3 0 1 0 0 0 3 3 2 0 1 0 0 0
0.0039350663502641355 2 3 3 0 0 1 0 0 3 3 1 0 0 2 0 0
-0.0039350663502641355 2 3 3 0 0 1 0 0 3 3 2 0 0 1 0 0
0.00393506635026413 2 3 3 0 0 0 1 0 3 3 1 0 0 0 2 0
-0.00393506635026413 2 3 3 0 0 0 1 0 3 3 2 0 0 0 1 0
-0.004493118245535138 2 3 3 0 0 0 0 1 3 3 1 0 0 0 0 2
0.004493118245535138 2 3 3 0 0 0 0 1 3 3 2 0 0 0 0 1
-0.013334664624958343 2 3 0 1 3 3 3 0 3 1 0 3 3 3 2 0
0.013334664624958343 2 3 0 1 3 3 3 0 3 2 0 3 3 3 1 0
-0.007020955943165385 2 3 0 1 3 3 0 0 3 1 0 3 3 2 0 0
0.007020955943165385 2 3 0 1 3 3 0 0 3 2 0 3 3 1 0 0
-0.0038827939646097426 2 3 0 3 3 3 3 2 3 1 1 3 3 3 3 0
-0.0038827939646097426 2 3 0 3 3 3 3 2 3 2 2 3 3 3 3 0
0.007020955943165381 2 3 0 0 1 3 3 0 3 1 0 0 3 3 2 0
-0.007020955943165381 2 3 0 0 1 3 3 0 3 2 0 0 3 3 1 0
-0.013334664624958343 2 3 0 0 1 3 0 0 3 1 0 0 3 2 0 0
0.013334664624958343 2 3 0 0 1 3 0 0 3 2 0 0 3 1 0 0
0.005175561782433816 2 3 0 0 3 2 0 0 3 1 0 1 3 0 0 0
0.005175561782433816 2 3 0 0 3 2 0 0 3 2 0 2 3 0 0 0
0.009829769788213703 2 3 0 0 3 3 2 0 3 1 0 1 3 3 0 0
0.009829769788213703 2 3 0 0 3 3 2 0 3 2 0 2 3 3 0 0
0.009829769788213703 2 3 0 0 0 2 0 0 3 1 0 0 1 0 0 0
0.009829769788213703 2 3 0 0 0 2 0 0 3 2 0 0 2 0 0 0
-0.005175561782433814 2 3 0 0 0 3 2 0 3 1 0 0 1 3 0 0
-0.005175561782433814 2 3 0 0 0 3 2 0 3 2 0 0 2 3 0 0
0.015392659574513632 2 0 1 0 0 0 0 0 1 0 2 0 0 0 0 0
-0.015392659574513632 2 0 1 0 0 0 0 0 2 0 1 0 0 0 0 0
0.017600464712998965 2 0 2 0 0 0 0 0 3 3 0 0 0 0 0 0
0.007937232177024151 2 0 3 3 3 3 3 2 1 1 3 3 3 3 3 0
0.007937232177024151 2 0 3 3 3 3 3 2 2 2 3 3 3 3 3 0
0.015772245316221806 2 0 0 1 0 0 0 0 1 0 0 2 0 0 0 0
-0.015772245316221806 2 0 0 1 0 0 0 0 2 0 0 1 0 0 0 0
0.01577224531622179 2 0 0 0 1 0 0 0 1 0 0 0 2 0 0 0
-0.01577224531622179 2 0 0 0 1 0 0 0 2 0 0 0 1 0 0 0
0.01024076338234317 2 0 0 0 0 1 0 0 1 0 0 0 0 2 0 0
-0.01024076338234317 2 0 0 0 0 1 0 0 2 0 0 0 0 1 0 0
0.010240763382343155 2 0 0 0 0 0 1 0 1 0 0 0 0 0 2 0
-0.010240763382343155 2 0 0 0 0 0 1 0 2 0 0 0 0 0 1 0
0.012158622255834082 2 0 0 0 0 0 0 1 1 0 0 0 0 0 0 2
-0.012158622255834082 2 0 0 0 0 0 0 1 2 0 0 0 0 0 0 1
1.4000905243198993 3 0 0 0 0 0 0 0 0 0 0 0 0 0 0 0
0.00697859234947449 3 1 3 3 3 3 3 1 0 3 3 3 3 3 3 0
0.00697859234947449 3 2 3 3 3 3 3 2 0 3 3 3 3 3 3 0
0.06356767027541158 3 3 0 0 0 0 0 0 0 0 0 0 0 0 0 0
0.01770685267979369 3 3 3 0 0 0 0 0 1 3 1 0 0 0 0 0
0.01770685267979369 3 3 3 0 0 0 0 0 2 3 2 0 0 0 0 0
0.07291677387703638 3 0 3 0 0 0 0 0 0 0 0 0 0 0 0 0
0.014915824526498641 3 0 3 3 3 3 3 3 0 1 3 3 3 3 3 1
0.014915824526498641 3 0 3 3 3 3 3 3 0 2 3 3 3 3 3 2
0.07606645719937674 3 0 0 3 0 0 0 0 0 0 0 0 0 0 0 0
0.07606645719937666 3 0 0 0 3 0 0 0 0 0 0 0 0 0 0 0
0.0793686245744207 3 0 0 0 0 3 0 0 0 0 0 0 0 0 0 0
0.07936862457442061 3 0 0 0 0 0 3 0 0 0 0 0 0 0 0 0
0.08664176503185012 3 0 0 0 0 0 0 3 0 0 0 0 0 0 0 0
0.10495874783660272 3 0 0 0 0 0 0 0 3 0 0 0 0 0 0 0
0.08612666942564554 3 0 0 0 0 0 0 0 0 3 0 0 0 0 0 0
0.08830943345155001 3 0 0 0 0 0 0 0 0 0 3 0 0 0 0 0
0.09183870251559856 3 0 0 0 0 0 0 0 0 0 0 3 0 0 0 0
0.09183870251559845 3 0 0 0 0 0 0 0 0 0 0 0 3 0 0 0
0.08960938795676388 3 0 0 0 0 0 0 0 0 0 0 0 0 3 0 0
0.08960938795676376 3 0 0 0 0 0 0 0 0 0 0 0 0 0 3 0
0.0988003872876842 3 0 0 0 0 0 0 0 0 0 0 0 0 0 0 3
-0.007086573058177392 0 1 1 1 3 1 0 0 0 3 0 3 3 0 0 0
-0.013459288996543256 0 1 1 1 3 3 1 0 0 3 0 3 3 3 0 0
-0.006678160021820329 0 1 1 2 3 2 0 0 0 3 0 3 3 0 0 0
-0.012683603902893888 0 1 1 2 3 3 2 0 0 3 0 3 3 3 0 0
-0.0038827939646097426 0 1 1 3 3 3 3 3 1 0 3 3 3 3 3 1
-0.0038827939646097426 0 1 1 3 3 3 3 3 2 0 3 3 3 3 3 2
0.021454988078534815 0 1 1 3 3 3 3 3 0 3 1 3 3 3 3 1
0.021454988078534815 0 1 1 3 3 3 3 3 0 3 2 3 3 3 3 2
-0.01345928899654325 0 1 1 0 1 1 0 0 0 3 0 0 3 0 0 0
0.007086573058177382 0 1 1 0 1 3 1 0 0 3 0 0 3 3 0 0
-0.012683603902893885 0 1 1 0 2 2 0 0 0 3 0 0 3 0 0 0
0.006678160021820318 0 1 1 0 2 3 2 0 0 3 0 0 3 3 0 0
-0.01765961692946703 0 1 1 0 3 3 3 0 0 3 0 1 3 3 1 0
-0.01765961692946703 0 1 1 0 3 3 3 0 0 3 0 2 3 3 2 0
-0.009298126043822645 0 1 1 0 3 3 0 0 0 3 0 1 3 1 0 0
-0.009298126043822645 0 1 1 0 3 3 0 0 0 3 0 2 3 2 0 0
0.009298126043822635 0 1 1 0 0 3 3 0 0 3 0 0 1 3 1 0
0.009298126043822635 0 1 1 0 0 3 3 0 0 3 0 0 2 3 2 0
-0.017659616929467034 0 1 1 0 0 3 0 0 0 3 0 0 1 1 0 0
-0.017659616929467034 0 1 1 0 0 3 0 0 0 3 0 0 2 2 0 0
-0.0004084130363570613 0 1 2 2 3 1 0 0 0 3 0 3 3 0 0 0
-0.0007756850936493681 0 1 2 2 3 3 1 0 0 3 0 3 3 3 0 0
-0.0007756850936493669 0 1 2 0 2 1 0 0 0 3 0 0 3 0 0 0
0.0004084130363570613 0 1 2 0 2 3 1 0 0 3 0 0 3 3 0 0
-0.01669669026994719 0 1 2 0 0 0 0 0 1 2 0 0 0 0 0 0
0.01669669026994719 0 1 2 0 0 0 0 0 2 1 0 0 0 0 0 0
-0.02308311211596823 0 1 2 0 0 0 0 0 0 1 2 0 0 0 0 0
0.02308311211596823 0 1 2 0 0 0 0 0 0 2 1 0 0 0 0 0
-0.0025037093437738907 0 1 3 1 3 3 3 3 0 3 3 1 3 3 3 1
-0.0025037093437738907 0 1 3 1 3 3 3 3 0 3 3 2 3 3 3 2
0.004976013026573148 0 1 3 2 3 3 3 0 0 3 1 3 3 3 2 0
-0.004976013026573148 0 1 3 2 3 3 3 0 0 3 2 3 3 3 1 0
0.0026199660220023162 0 1 3 2 3 3 0 0 0 3 1 3 3 2 0 0
-0.0026199660220023162 0 1 3 2 3 3 0 0 0 3 2 3 3 1 0 0
-0.0025037093437738876 0 1 3 3 1 3 3 3 0 3 3 3 1 3 3 1
-0.0025037093437738876 0 1 3 3 1 3 3 3 0 3 3 3 2 3 3 2
-0.003598843168885327 0 1 3 3 3 1 3 3 0 3 3 3 3 1 3 1
-0.003598843168885327 0 1 3 3 3 1 3 3 0 3 3 3 3 2 3 2
-0.003598843168885326 0 1 3 3 3 3 1 3 0 3 3 3 3 3 1 1
-0.003598843168885326 0 1 3 3 3 3 1 3 0 3 3 3 3 3 2 2
0.014915824526498641 0 1 3 3 3 3 3 1 3 3 3 3 3 3 3 0
0.005885975118356812 0 1 3 3 3 3 3 1 0 3 3 3 3 3 0 0
0.07473242922667075 0 1 3 3 3 3 3 1 0 3 3 3 3 3 3 0
0.007214409064962214 0 1 3 3 3 3 3 1 0 3 3 3 3 3 3 3
0.005885975118356819 0 1 3 3 3 3 3 1 0 3 3 3 3 0 3 0
0.007724260591131148 0 1 3 3 3 3 3 1 0 3 3 3 0 3 3 0
0.007724260591131155 0 1 3 3 3 3 3 1 0 3 3 0 3 3 3 0
-0.0022565402092972774 0 1 3 3 3 3 3 1 0 3 0 3 3 3 3 0
0.0008746674294111543 0 1 3 3 3 3 3 1 0 0 3 3 3 3 3 0
0.0022871319494714875 0 1 3 3 3 3 0 1 0 3 3 3 3 3 3 0
0.0022871319494714914 0 1 3 3 3 0 3 1 0 3 3 3 3 3 3 0
0.00522055124735726 0 1 3 3 0 3 3 1 0 3 3 3 3 3 3 0
-0.0026199660220023154 0 1 3 0 2 3 3 0 0 3 1 0 3 3 2 0
0.0026199660220023154 0 1 3 0 2 3 3 0 0 3 2 0 3 3 1 0
0.004976013026573147 0 1 3 0 2 3 0 0 0 3 1 0 3 2 0 0
-0.004976013026573147 0 1 3 0 2 3 0 0 0 3 2 0 3 1 0 0
0.002211552985645255 0 1 3 0 3 1 0 0 0 3 1 1 3 0 0 0
0.002211552985645255 0 1 3 0 3 1 0 0 0 3 2 2 3 0 0 0
0.004200327932923779 0 1 3 0 3 3 1 0 0 3 1 1 3 3 0 0
0.004200327932923779 0 1 3 0 3 3 1 0 0 3 2 2 3 3 0 0
0.0052205512473572635 0 1 3 0 3 3 3 1 0 3 3 3 3 3 3 0
0.00420032793292378 0 1 3 0 0 1 0 0 0 3 1 0 1 0 0 0
0.00420032793292378 0 1 3 0 0 1 0 0 0 3 2 0 2 0 0 0
-0.0022115529856452545 0 1 3 0 0 3 1 0 0 3 1 0 1 3 0 0
-0.0022115529856452545 0 1 3 0 0 3 1 0 0 3 2 0 2 3 0 0
0.009829769788213703 0 1 0 1 3 3 3 0 1 0 0 3 3 3 1 0
0.009829769788213703 0 1 0 1 3 3 3 0 2 0 0 3 3 3 2 0
0.005175561782433816 0 1 0 1 3 3 0 0 1 0 0 3 3 1 0 0
0.005175561782433816 0 1 0 1 3 3 0 0 2 0 0 3 3 2 0 0
-0.012556994125402425 0 1 0 2 0 0 0 0 0 1 0 2 0 0 0 0
0.012556994125402425 0 1 0 2 0 0 0 0 0 2 0 1 0 0 0 0
0.01919844786923754 0 1 0 3 3 3 3 1 0 3 3 3 3 3 3 0
-0.012737063981105766 0 1 0 3 3 3 3 2 1 0 2 3 3 3 3 0
0.012737063981105766 0 1 0 3 3 3 3 2 2 0 1 3 3 3 3 0
-0.005175561782433814 0 1 0 0 1 3 3 0 1 0 0 0 3 3 1 0
-0.005175561782433814 0 1 0 0 1 3 3 0 2 0 0 0 3 3 2 0
0.009829769788213703 0 1 0 0 1 3 0 0 1 0 0 0 3 1 0 0
0.009829769788213703 0 1 0 0 1 3 0 0 2 0 0 0 3 2 0 0
-0.012556994125402414 0 1 0 0 2 0 0 0 0 1 0 0 2 0 0 0
0.012556994125402414 0 1 0 0 2 0 0 0 0 2 0 0 1 0 0 0
0.007020955943165385 0 1 0 0 3 2 0 0 1 0 0 2 3 0 0 0
-0.007020955943165385 0 1 0 0 3 2 0 0 2 0 0 1 3 0 0 0
0.013334664624958343 0 1 0 0 3 3 2 0 1 0 0 2 3 3 0 0
-0.013334664624958343 0 1 0 0 3 3 2 0 2 0 0 1 3 3 0 0
0.013334664624958343 0 1 0 0 0 2 0 0 1 0 0 0 2 0 0 0
-0.013334664624958343 0 1 0 0 0 2 0 0 2 0 0 0 1 0 0 0
-0.016414424895093618 0 1 0 0 0 2 0 0 0 1 0 0 0 2 0 0
0.016414424895093618 0 1 0 0 0 2 0 0 0 2 0 0 0 1 0 0
-0.007020955943165381 0 1 0 0 0 3 2 0 1 0 0 0 2 3 0 0
0.007020955943165381 0 1 0 0 0 3 2 0 2 0 0 0 1 3 0 0
-0.016414424895093604 0 1 0 0 0 0 2 0 0 1 0 0 0 0 2 0
0.016414424895093604 0 1 0 0 0 0 2 0 0 2 0 0 0 0 1 0
-0.014037666094851131 0 1 0 0 0 0 0 2 0 1 0 0 0 0 0 2
0.014037666094851131 0 1 0 0 0 0 0 2 0 2 0 0 0 0 0 1
-0.0004084130363570613 0 2 1 1 3 2 0 0 0 3 0 3 3 0 0 0
-0.0007756850936493681 0 2 1 1 3 3 2 0 0 3 0 3 3 3 0 0
-0.0007756850936493669 0 2 1 0 1 2 0 0 0 3 0 0 3 0 0 0
0.0004084130363570613 0 2 1 0 1 3 2 0 0 3 0 0 3 3 0 0
0.01669669026994719 0 2 1 0 0 0 0 0 1 2 0 0 0 0 0 0
-0.01669669026994719 0 2 1 0 0 0 0 0 2 1 0 0 0 0 0 0
0.02308311211596823 0 2 1 0 0 0 0 0 0 1 2 0 0 0 0 0
-0.02308311211596823 0 2 1 0 0 0 0 0 0 2 1 0 0 0 0 0
-0.006678160021820329 0 2 2 1 3 1 0 0 0 3 0 3 3 0 0 0
-0.012683603902893888 0 2 2 1 3 3 1 0 0 3 0 3 3 3 0 0
-0.007086573058177392 0 2 2 2 3 2 0 0 0 3 0 3 3 0 0 0
-0.013459288996543256 0 2 2 2 3 3 2 0 0 3 0 3 3 3 0 0
-0.0038827939646097426 0 2 2 3 3 3 3 3 1 0 3 3 3 3 3 1
-0.0038827939646097426 0 2 2 3 3 3 3 3 2 0 3 3 3 3 3 2
0.021454988078534815 0 2 2 3 3 3 3 3 0 3 1 3 3 3 3 1
0.021454988078534815 0 2 2 3 3 3 3 3 0 3 2 3 3 3 3 2
-0.012683603902893885 0 2 2 0 1 1 0 0 0 3 0 0 3 0 0 0
0.006678160021820318 0 2 2 0 1 3 1 0 0 3 0 0 3 3 0 0
-0.01345928899654325 0 2 2 0 2 2 0 0 0 3 0 0 3 0 0 0
0.007086573058177382 0 2 2 0 2 3 2 0 0 3 0 0 3 3 0 0
-0.01765961692946703 0 2 2 0 3 3 3 0 0 3 0 1 3 3 1 0
-0.01765961692946703 0 2 2 0 3 3 3 0 0 3 0 2 3 3 2 0
-0.009298126043822645 0 2 2 0 3 3 0 0 0 3 0 1 3 1 0 0
-0.009298126043822645 0 2 2 0 3 3 0 0 0 3 0 2 3 2 0 0
0.009298126043822635 0 2 2 0 0 3 3 0 0 3 0 0 1 3 1 0
0.009298126043822635 0 2 2 0 0 3 3 0 0 3 0 0 2 3 2 0
-0.017659616929467034 0 2 2 0 0 3 0 0 0 3 0 0 1 1 0 0
-0.017659616929467034 0 2 2 0 0 3 0 0 0 3 0 0 2 2 0 0
-0.004976013026573148 0 2 3 1 3 3 3 0 0 3 1 3 3 3 2 0
0.004976013026573148 0 2 3 1 3 3 3 0 0 3 2 3 3 3 1 0
-0.0026199660220023162 0 2 3 1 3 3 0 0 0 3 1 3 3 2 0 0
0.0026199660220023162 0 2 3 1 3 3 0 0 0 3 2 3 3 1 0 0
-0.0025037093437738907 0 2 3 2 3 3 3 3 0 3 3 1 3 3 3 1
-0.0025037093437738907 0 2 3 2 3 3 3 3 0 3 3 2 3 3 3 2
-0.0025037093437738876 0 2 3 3 2 3 3 3 0 3 3 3 1 3 3 1
-0.0025037093437738876 0 2 3 3 2 3 3 3 0 3 3 3 2 3 3 2
-0.003598843168885327 0 2 3 3 3 2 3 3 0 3 3 3 3 1 3 1
-0.003598843168885327 0 2 3 3 3 2 3 3 0 3 3 3 3 2 3 2
-0.003598843168885326 0 2 3 3 3 3 2 3 0 3 3 3 3 3 1 1
-0.003598843168885326 0 2 3 3 3 3 2 3 0 3 3 3 3 3 2 2
0.014915824526498641 0 2 3 3 3 3 3 2 3 3 3 3 3 3 3 0
0.005885975118356812 0 2 3 3 3 3 3 2 0 3 3 3 3 3 0 0
0.07473242922667075 0 2 3 3 3 3 3 2 0 3 3 3 3 3 3 0
0.007214409064962214 0 2 3 3 3 3 3 2 0 3 3 3 3 3 3 3
0.005885975118356819 0 2 3 3 3 3 3 2 0 3 3 3 3 0 3 0
0.007724260591131148 0 2 3 3 3 3 3 2 0 3 3 3 0 3 3 0
0.007724260591131155 0 2 3 3 3 3 3 2 0 3 3 0 3 3 3 0
-0.0022565402092972774 0 2 3 3 3 3 3 2 0 3 0 3 3 3 3 0
0.0008746674294111543 0 2 3 3 3 3 3 2 0 0 3 3 3 3 3 0
0.0022871319494714875 0 2 3 3 3 3 0 2 0 3 3 3 3 3 3 0
0.0022871319494714914 0 2 3 3 3 0 3 2 0 3 3 3 3 3 3 0
0.00522055124735726 0 2 3 3 0 3 3 2 0 3 3 3 3 3 3 0
0.0026199660220023154 0 2 3 0 1 3 3 0 0 3 1 0 3 3 2 0
-0.0026199660220023154 0 2 3 0 1 3 3 0 0 3 2 0 3 3 1 0
-0.004976013026573147 0 2 3 0 1 3 0 0 0 3 1 0 3 2 0 0
0.004976013026573147 0 2 3 0 1 3 0 0 0 3 2 0 3 1 0 0
0.002211552985645255 0 2 3 0 3 2 0 0 0 3 1 1 3 0 0 0
0.002211552985645255 0 2 3 0 3 2 0 0 0 3 2 2 3 0 0 0
0.004200327932923779 0 2 3 0 3 3 2 0 0 3 1 1 3 3 0 0
0.004200327932923779 0 2 3 0 3 3 2 0 0 3 2 2 3 3 0 0
0.0052205512473572635 0 2 3 0 3 3 3 2 0 3 3 3 3 3 3 0
0.00420032793292378 0 2 3 0 0 2 0 0 0 3 1 0 1 0 0 0
0.00420032793292378 0 2 3 0 0 2 0 0 0 3 2 0 2 0 0 0
-0.0022115529856452545 0 2 3 0 0 3 2 0 0 3 1 0 1 3 0 0
-0.0022115529856452545 0 2 3 0 0 3 2 0 0 3 2 0 2 3 0 0
0.012556994125402425 0 2 0 1 0 0 0 0 0 1 0 2 0 0 0 0
-0.012556994125402425 0 2 0 1 0 0 0 0 0 2 0 1 0 0 0 0
0.009829769788213703 0 2 0 2 3 3 3 0 1 0 0 3 3 3 1 0
0.009829769788213703 0 2 0 2 3 3 3 0 2 0 0 3 3 3 2 0
0.005175561782433816 0 2 0 2 3 3 0 0 1 0 0 3 3 1 0 0
0.005175561782433816 0 2 0 2 3 3 0 0 2 0 0 3 3 2 0 0
0.012737063981105766 0 2 0 3 3 3 3 1 1 0 2 3 3 3 3 0
-0.012737063981105766 0 2 0 3 3 3 3 1 2 0 1 3 3 3 3 0
0.01919844786923754 0 2 0 3 3 3 3 2 0 3 3 3 3 3 3 0
0.012556994125402414 0 2 0 0 1 0 0 0 0 1 0 0 2 0 0 0
-0.012556994125402414 0 2 0 0 1 0 0 0 0 2 0 0 1 0 0 0
-0.005175561782433814 0 2 0 0 2 3 3 0 1 0 0 0 3 3 1 0
-0.005175561782433814 0 2 0 0 2 3 3 0 2 0 0 0 3 3 2 0
0.009829769788213703 0 2 0 0 2 3 0 0 1 0 0 0 3 1 0 0
0.009829769788213703 0 2 0 0 2 3 0 0 2 0 0 0 3 2 0 0
-0.007020955943165385 0 2 0 0 3 1 0 0 1 0 0 2 3 0 0 0
0.007020955943165385 0 2 0 0 3 1 0 0 2 0 0 1 3 0 0 0
-0.013334664624958343 0 2 0 0 3 3 1 0 1 0 0 2 3 3 0 0
0.013334664624958343 0 2 0 0 3 3 1 0 2 0 0 1 3 3 0 0
-0.013334664624958343 0 2 0 0 0 1 0 0 1 0 0 0 2 0 0 0
0.013334664624958343 0 2 0 0 0 1 0 0 2 0 0 0 1 0 0 0
0.016414424895093618 0 2 0 0 0 1 0 0 0 1 0 0 0 2 0 0
-0.016414424895093618 0 2 0 0 0 1 0 0 0 2 0 0 0 1 0 0
0.007020955943165381 0 2 0 0 0 3 1 0 1 0 0 0 2 3 0 0
-0.007020955943165381 0 2 0 0 0 3 1 0 2 0 0 0 1 3 0 0
0.016414424895093604 0 2 0 0 0 0 1 0 0 1 0 0 0 0 2 0
-0.016414424895093604 0 2 0 0 0 0 1 0 0 2 0 0 0 0 1 0
0.014037666094851131 0 2 0 0 0 0 0 1 0 1 0 0 0 0 0 2
-0.014037666094851131 0 2 0 0 0 0 0 1 0 2 0 0 0 0 0 1
1.2350869010149281 0 3 0 0 0 0 0 0 0 0 0 0 0 0 0 0
-0.0017768044790548866 0 3 1 1 0 0 0 0 1 3 0 1 0 0 0 0
-0.0017768044790548866 0 3 1 1 0 0 0 0 2 3 0 2 0 0 0 0
0.02206765520502603 0 3 1 3 3 3 3 1 1 1 3 3 3 3 3 0
0.02206765520502603 0 3 1 3 3 3 3 1 2 2 3 3 3 3 3 0
-0.0017768044790548848 0 3 1 0 1 0 0 0 1 3 0 0 1 0 0 0
-0.0017768044790548848 0 3 1 0 1 0 0 0 2 3 0 0 2 0 0 0
-0.0039350663502641355 0 3 1 0 0 1 0 0 1 3 0 0 0 1 0 0
-0.0039350663502641355 0 3 1 0 0 1 0 0 2 3 0 0 0 2 0 0
-0.00393506635026413 0 3 1 0 0 0 1 0 1 3 0 0 0 0 1 0
-0.00393506635026413 0 3 1 0 0 0 1 0 2 3 0 0 0 0 2 0
0.004493118245535138 0 3 1 0 0 0 0 1 1 3 0 0 0 0 0 1
0.004493118245535138 0 3 1 0 0 0 0 1 2 3 0 0 0 0 0 2
-0.0017768044790548866 0 3 2 2 0 0 0 0 1 3 0 1 0 0 0 0
-0.0017768044790548866 0 3 2 2 0 0 0 0 2 3 0 2 0 0 0 0
0.02206765520502603 0 3 2 3 3 3 3 2 1 1 3 3 3 3 3 0
0.02206765520502603 0 3 2 3 3 3 3 2 2 2 3 3 3 3 3 0
-0.0017768044790548848 0 3 2 0 2 0 0 0 1 3 0 0 1 0 0 0
-0.0017768044790548848 0 3 2 0 2 0 0 0 2 3 0 0 2 0 0 0
-0.0039350663502641355 0 3 2 0 0 2 0 0 1 3 0 0 0 1 0 0
-0.0039350663502641355 0 3 2 0 0 2 0 0 2 3 0 0 0 2 0 0
-0.00393506635026413 0 3 2 0 0 0 2 0 1 3 0 0 0 0 1 0
-0.00393506635026413 0 3 2 0 0 0 2 0 2 3 0 0 0 0 2 0
0.004493118245535138 0 3 2 0 0 0 0 2 1 3 0 0 0 0 0 1
0.004493118245535138 0 3 2 0 0 0 0 2 2 3 0 0 0 0 0 2
0.06331785317301634 0 3 3 0 0 0 0 0 0 0 0 0 0 0 0 0
-0.00403682304010218 0 3 3 1 0 1 3 3 1 3 3 0 0 3 3 1
-0.00403682304010218 0 3 3 1 0 1 3 3 2 3 3 0 0 3 3 2
-0.007667001733926037 0 3 3 1 0 0 1 3 1 3 3 0 0 0 3 1
-0.007667001733926037 0 3 3 1 0 0 1 3 2 3 3 0 0 0 3 2
-0.0016376227332717457 0 3 3 1 0 0 3 2 1 3 3 0 0 2 3 0
0.0016376227332717457 0 3 3 1 0 0 3 2 2 3 3 0 0 1 3 0
-0.0031102815780583147 0 3 3 1 0 0 0 2 1 3 3 0 0 0 2 0
0.0031102815780583147 0 3 3 1 0 0 0 2 2 3 3 0 0 0 1 0
-0.00403682304010218 0 3 3 2 0 2 3 3 1 3 3 0 0 3 3 1
-0.00403682304010218 0 3 3 2 0 2 3 3 2 3 3 0 0 3 3 2
-0.007667001733926037 0 3 3 2 0 0 2 3 1 3 3 0 0 0 3 1
-0.007667001733926037 0 3 3 2 0 0 2 3 2 3 3 0 0 0 3 2
0.0016376227332717457 0 3 3 2 0 0 3 1 1 3 3 0 0 2 3 0
-0.0016376227332717457 0 3 3 2 0 0 3 1 2 3 3 0 0 1 3 0
0.0031102815780583147 0 3 3 2 0 0 0 1 1 3 3 0 0 0 2 0
-0.0031102815780583147 0 3 3 2 0 0 0 1 2 3 3 0 0 0 1 0
-0.007667001733926038 0 3 3 3 1 1 3 3 1 3 3 3 0 3 3 1
-0.007667001733926038 0 3 3 3 1 1 3 3 2 3 3 3 0 3 3 2
0.004036823040102175 0 3 3 3 1 0 1 3 1 3 3 3 0 0 3 1
0.004036823040102175 0 3 3 3 1 0 1 3 2 3 3 3 0 0 3 2
-0.0031102815780583147 0 3 3 3 1 0 3 2 1 3 3 3 0 2 3 0
0.0031102815780583147 0 3 3 3 1 0 3 2 2 3 3 3 0 1 3 0
0.0016376227332717441 0 3 3 3 1 0 0 2 1 3 3 3 0 0 2 0
-0.0016376227332717441 0 3 3 3 1 0 0 2 2 3 3 3 0 0 1 0
-0.007667001733926038 0 3 3 3 2 2 3 3 1 3 3 3 0 3 3 1
-0.007667001733926038 0 3 3 3 2 2 3 3 2 3 3 3 0 3 3 2
0.004036823040102175 0 3 3 3 2 0 2 3 1 3 3 3 0 0 3 1
0.004036823040102175 0 3 3 3 2 0 2 3 2 3 3 3 0 0 3 2
0.0031102815780583147 0 3 3 3 2 0 3 1 1 3 3 3 0 2 3 0
-0.0031102815780583147 0 3 3 3 2 0 3 1 2 3 3 3 0 1 3 0
-0.0016376227332717441 0 3 3 3 2 0 0 1 1 3 3 3 0 0 2 0
0.0016376227332717441 0 3 3 3 2 0 0 1 2 3 3 3 0 0 1 0
0.005188041740513129 0 3 3 3 3 1 3 1 1 3 3 3 1 3 3 0
0.005188041740513129 0 3 3 3 3 1 3 1 2 3 3 3 2 3 3 0
0.005188041740513129 0 3 3 3 3 2 3 2 1 3 3 3 1 3 3 0
0.005188041740513129 0 3 3 3 3 2 3 2 2 3 3 3 2 3 3 0
0.0008746674294111543 0 3 3 3 3 3 3 3 0 1 3 3 3 3 3 1
0.0008746674294111543 0 3 3 3 3 3 3 3 0 2 3 3 3 3 3 2
-0.002731603194824221 0 3 3 3 3 0 1 1 1 3 3 3 1 0 3 0
-0.002731603194824221 0 3 3 3 3 0 1 1 2 3 3 3 2 0 3 0
-0.002731603194824221 0 3 3 3 3 0 2 2 1 3 3 3 1 0 3 0
-0.002731603194824221 0 3 3 3 3 0 2 2 2 3 3 3 2 0 3 0
-0.0024789599934129077 0 3 3 3 3 0 3 3 1 3 3 3 1 1 3 1
0.0020777601624548158 0 3 3 3 3 0 3 3 1 3 3 3 1 2 3 2
-0.004556720155867722 0 3 3 3 3 0 3 3 1 3 3 3 2 2 3 1
-0.004556720155867722 0 3 3 3 3 0 3 3 2 3 3 3 1 1 3 2
0.0020777601624548158 0 3 3 3 3 0 3 3 2 3 3 3 2 1 3 1
-0.0024789599934129077 0 3 3 3 3 0 3 3 2 3 3 3 2 2 3 2
0.0013052198452779542 0 3 3 3 3 0 0 3 1 3 3 3 1 0 1 1
-0.0010939804615524764 0 3 3 3 3 0 0 3 1 3 3 3 1 0 2 2
0.00239920030683043 0 3 3 3 3 0 0 3 1 3 3 3 2 0 2 1
0.00239920030683043 0 3 3 3 3 0 0 3 2 3 3 3 1 0 1 2
-0.0010939804615524764 0 3 3 3 3 0 0 3 2 3 3 3 2 0 1 1
0.0013052198452779542 0 3 3 3 3 0 0 3 2 3 3 3 2 0 2 2
0.0027316031948242223 0 3 3 3 0 1 3 1 1 3 3 1 0 3 3 0
0.0027316031948242223 0 3 3 3 0 1 3 1 2 3 3 2 0 3 3 0
0.0027316031948242223 0 3 3 3 0 2 3 2 1 3 3 1 0 3 3 0
0.0027316031948242223 0 3 3 3 0 2 3 2 2 3 3 2 0 3 3 0
0.005188041740513128 0 3 3 3 0 0 1 1 1 3 3 1 0 0 3 0
0.005188041740513128 0 3 3 3 0 0 1 1 2 3 3 2 0 0 3 0
0.005188041740513128 0 3 3 3 0 0 2 2 1 3 3 1 0 0 3 0
0.005188041740513128 0 3 3 3 0 0 2 2 2 3 3 2 0 0 3 0
-0.0013052198452779581 0 3 3 3 0 0 3 3 1 3 3 1 0 1 3 1
0.001093980461552476 0 3 3 3 0 0 3 3 1 3 3 1 0 2 3 2
-0.0023992003068304345 0 3 3 3 0 0 3 3 1 3 3 2 0 2 3 1
-0.0023992003068304345 0 3 3 3 0 0 3 3 2 3 3 1 0 1 3 2
0.001093980461552476 0 3 3 3 0 0 3 3 2 3 3 2 0 1 3 1
-0.0013052198452779581 0 3 3 3 0 0 3 3 2 3 3 2 0 2 3 2
-0.0024789599934129073 0 3 3 3 0 0 0 3 1 3 3 1 0 0 1 1
0.0020777601624548145 0 3 3 3 0 0 0 3 1 3 3 1 0 0 2 2
-0.0045567201558677235 0 3 3 3 0 0 0 3 1 3 3 2 0 0 2 1
-0.0045567201558677235 0 3 3 3 0 0 0 3 2 3 3 1 0 0 1 2
0.0020777601624548145 0 3 3 3 0 0 0 3 2 3 3 2 0 0 1 1
-0.0024789599934129073 0 3 3 3 0 0 0 3 2 3 3 2 0 0 2 2
0.006706466331738609 0 3 3 3 0 0 0 0 1 3 1 0 0 0 0 0
0.006706466331738609 0 3 3 3 0 0 0 0 2 3 2 0 0 0 0 0
0.0067064663317386 0 3 3 0 3 0 0 0 1 3 1 0 0 0 0 0
0.0067064663317386 0 3 3 0 3 0 0 0 2 3 2 0 0 0 0 0
0.0041536625759903256 0 3 3 0 0 3 0 0 1 3 1 0 0 0 0 0
0.0041536625759903256 0 3 3 0 0 3 0 0 2 3 2 0 0 0 0 0
0.0041536625759903195 0 3 3 0 0 0 3 0 1 3 1 0 0 0 0 0
0.0041536625759903195 0 3 3 0 0 0 3 0 2 3 2 0 0 0 0 0
0.010803459524129543 0 3 3 0 0 0 0 3 1 3 1 0 0 0 0 0
0.010803459524129543 0 3 3 0 0 0 0 3 2 3 2 0 0 0 0 0
0.0765560309140882 0 3 3 0 0 0 0 0 1 3 1 0 0 0 0 0
0.008483270810793496 0 3 3 0 0 0 0 0 1 3 1 3 0 0 0 0
0.008483270810793484 0 3 3 0 0 0 0 0 1 3 1 0 3 0 0 0
0.008088728926254462 0 3 3 0 0 0 0 0 1 3 1 0 0 3 0 0
0.00808872892625445 0 3 3 0 0 0 0 0 1 3 1 0 0 0 3 0
0.006310341278594404 0 3 3 0 0 0 0 0 1 3 1 0 0 0 0 3
0.017600464712998965 0 3 3 0 0 0 0 0 1 0 1 0 0 0 0 0
0.0765560309140882 0 3 3 0 0 0 0 0 2 3 2 0 0 0 0 0
0.008483270810793496 0 3 3 0 0 0 0 0 2 3 2 3 0 0 0 0
0.008483270810793484 0 3 3 0 0 0 0 0 2 3 2 0 3 0 0 0
0.008088728926254462 0 3 3 0 0 0 0 0 2 3 2 0 0 3 0 0
0.00808872892625445 0 3 3 0 0 0 0 0 2 3 2 0 0 0 3 0
0.006310341278594404 0 3 3 0 0 0 0 0 2 3 2 0 0 0 0 3
0.017600464712998965 0 3 3 0 0 0 0 0 2 0 2 0 0 0 0 0
-0.012473850076972959 0 3 0 1 3 1 0 0 1 1 0 3 3 0 0 0
-0.012473850076972959 0 3 0 1 3 1 0 0 2 2 0 3 3 0 0 0
-0.023691162386564338 0 3 0 1 3 3 1 0 1 1 0 3 3 3 0 0
-0.023691162386564338 0 3 0 1 3 3 1 0 2 2 0 3 3 3 0 0
-0.012473850076972959 0 3 0 2 3 2 0 0 1 1 0 3 3 0 0 0
-0.012473850076972959 0 3 0 2 3 2 0 0 2 2 0 3 3 0 0 0
-0.023691162386564338 0 3 0 2 3 3 2 0 1 1 0 3 3 3 0 0
-0.023691162386564338 0 3 0 2 3 3 2 0 2 2 0 3 3 3 0 0
0.07227547072101947 0 3 0 3 0 0 0 0 0 0 0 0 0 0 0 0
0.018184861240416288 0 3 0 3 3 3 3 3 1 1 1 3 3 3 3 1
0.009330591223920265 0 3 0 3 3 3 3 3 1 1 2 3 3 3 3 2
0.008854270016496024 0 3 0 3 3 3 3 3 1 2 2 3 3 3 3 1
0.008854270016496024 0 3 0 3 3 3 3 3 2 1 1 3 3 3 3 2
0.009330591223920265 0 3 0 3 3 3 3 3 2 2 1 3 3 3 3 1
0.018184861240416288 0 3 0 3 3 3 3 3 2 2 2 3 3 3 3 2
-0.02369116238656434 0 3 0 0 1 1 0 0 1 1 0 0 3 0 0 0
-0.02369116238656434 0 3 0 0 1 1 0 0 2 2 0 0 3 0 0 0
0.012473850076972945 0 3 0 0 1 3 1 0 1 1 0 0 3 3 0 0
0.012473850076972945 0 3 0 0 1 3 1 0 2 2 0 0 3 3 0 0
-0.02369116238656434 0 3 0 0 2 2 0 0 1 1 0 0 3 0 0 0
-0.02369116238656434 0 3 0 0 2 2 0 0 2 2 0 0 3 0 0 0
0.012473850076972945 0 3 0 0 2 3 2 0 1 1 0 0 3 3 0 0
0.012473850076972945 0 3 0 0 2 3 2 0 2 2 0 0 3 3 0 0
0.07227547072101939 0 3 0 0 3 0 0 0 0 0 0 0 0 0 0 0
-0.013861392598350637 0 3 0 0 3 3 3 0 1 1 0 1 3 3 1 0
-0.010356497761605996 0 3 0 0 3 3 3 0 1 1 0 2 3 3 2 0
-0.0035048948367446394 0 3 0 0 3 3 3 0 1 2 0 2 3 3 1 0
-0.0035048948367446394 0 3 0 0 3 3 3 0 2 1 0 1 3 3 2 0
-0.010356497761605996 0 3 0 0 3 3 3 0 2 2 0 1 3 3 1 0
-0.013861392598350637 0 3 0 0 3 3 3 0 2 2 0 2 3 3 2 0
-0.00729828829453914 0 3 0 0 3 3 0 0 1 1 0 1 3 1 0 0
-0.005452894133807571 0 3 0 0 3 3 0 0 1 1 0 2 3 2 0 0
-0.0018453941607315693 0 3 0 0 3 3 0 0 1 2 0 2 3 1 0 0
-0.0018453941607315693 0 3 0 0 3 3 0 0 2 1 0 1 3 2 0 0
-0.005452894133807571 0 3 0 0 3 3 0 0 2 2 0 1 3 1 0 0
-0.00729828829453914 0 3 0 0 3 3 0 0 2 2 0 2 3 2 0 0
0.06905613330120282 0 3 0 0 0 3 0 0 0 0 0 0 0 0 0 0
0.00729828829453913 0 3 0 0 0 3 3 0 1 1 0 0 1 3 1 0
0.005452894133807565 0 3 0 0 0 3 3 0 1 1 0 0 2 3 2 0
0.0018453941607315663 0 3 0 0 0 3 3 0 1 2 0 0 2 3 1 0
0.0018453941607315663 0 3 0 0 0 3 3 0 2 1 0 0 1 3 2 0
0.005452894133807565 0 3 0 0 0 3 3 0 2 2 0 0 1 3 1 0
0.00729828829453913 0 3 0 0 0 3 3 0 2 2 0 0 2 3 2 0
-0.013861392598350638 0 3 0 0 0 3 0 0 1 1 0 0 1 1 0 0
-0.010356497761605998 0 3 0 0 0 3 0 0 1 1 0 0 2 2 0 0
-0.003504894836744639 0 3 0 0 0 3 0 0 1 2 0 0 2 1 0 0
-0.003504894836744639 0 3 0 0 0 3 0 0 2 1 0 0 1 2 0 0
-0.010356497761605998 0 3 0 0 0 3 0 0 2 2 0 0 1 1 0 0
-0.013861392598350638 0 3 0 0 0 3 0 0 2 2 0 0 2 2 0 0
0.06905613330120272 0 3 0 0 0 0 3 0 0 0 0 0 0 0 0 0
0.07400332909377257 0 3 0 0 0 0 0 3 0 0 0 0 0 0 0 0
0.002594487819506764 0 3 0 0 0 0 0 0 1 3 1 0 0 0 0 0
0.002594487819506764 0 3 0 0 0 0 0 0 2 3 2 0 0 0 0 0
0.08612666942564554 0 3 0 0 0 0 0 0 3 0 0 0 0 0 0 0
0.08574468350905781 0 3 0 0 0 0 0 0 0 3 0 0 0 0 0 0
0.08640096528898458 0 3 0 0 0 0 0 0 0 0 3 0 0 0 0 0
0.0848324648464219 0 3 0 0 0 0 0 0 0 0 0 3 0 0 0 0
0.08483246484642182 0 3 0 0 0 0 0 0 0 0 0 0 3 0 0 0
0.08547055819629643 0 3 0 0 0 0 0 0 0 0 0 0 0 3 0 0
0.08547055819629631 0 3 0 0 0 0 0 0 0 0 0 0 0 0 3 0
0.0880409951886237 0 3 0 0 0 0 0 0 0 0 0 0 0 0 0 3
0.004200327932923779 0 0 1 1 3 3 3 0 0 1 0 3 3 3 1 0
0.004200327932923779 0 0 1 1 3 3 3 0 0 2 0 3 3 3 2 0
0.002211552985645255 0 0 1 1 3 3 0 0 0 1 0 3 3 1 0 0
0.002211552985645255 0 0 1 1 3 3 0 0 0 2 0 3 3 2 0 0
0.010000082220105067 0 0 1 1 0 1 3 1 0 0 3 0 0 3 3 0
-0.0003716051973515506 0 0 1 1 0 2 3 2 0 0 3 0 0 3 3 0
0.018992818599996835 0 0 1 1 0 0 1 1 0 0 3 0 0 0 3 0
-0.000705777207503787 0 0 1 1 0 0 2 2 0 0 3 0 0 0 3 0
-0.0013909137414184897 0 0 1 1 0 0 3 3 0 0 3 0 0 1 3 1
-0.0013909137414184897 0 0 1 1 0 0 3 3 0 0 3 0 0 2 3 2
-0.0026417155176876868 0 0 1 1 0 0 0 3 0 0 3 0 0 0 1 1
-0.0026417155176876868 0 0 1 1 0 0 0 3 0 0 3 0 0 0 2 2
0.010371687417456615 0 0 1 2 0 2 3 1 0 0 3 0 0 3 3 0
0.01969859580750062 0 0 1 2 0 0 2 1 0 0 3 0 0 0 3 0
-0.005098188280496132 0 0 1 2 0 0 0 0 0 0 1 2 0 0 0 0
0.005098188280496132 0 0 1 2 0 0 0 0 0 0 2 1 0 0 0 0
0.018992818599996835 0 0 1 3 1 1 3 1 0 0 3 3 0 3 3 0
-0.000705777207503787 0 0 1 3 1 2 3 2 0 0 3 3 0 3 3 0
-0.010000082220105058 0 0 1 3 1 0 1 1 0 0 3 3 0 0 3 0
0.00037160519735155036 0 0 1 3 1 0 2 2 0 0 3 3 0 0 3 0
-0.0026417155176876876 0 0 1 3 1 0 3 3 0 0 3 3 0 1 3 1
-0.0026417155176876876 0 0 1 3 1 0 3 3 0 0 3 3 0 2 3 2
0.0013909137414184895 0 0 1 3 1 0 0 3 0 0 3 3 0 0 1 1
0.0013909137414184895 0 0 1 3 1 0 0 3 0 0 3 3 0 0 2 2
0.01969859580750062 0 0 1 3 2 2 3 1 0 0 3 3 0 3 3 0
-0.010371687417456607 0 0 1 3 2 0 2 1 0 0 3 3 0 0 3 0
0.0019359383101839002 0 0 1 3 3 2 3 3 0 0 3 3 1 3 3 2
-0.0019359383101839002 0 0 1 3 3 2 3 3 0 0 3 3 2 3 3 1
-0.021454988078534815 0 0 1 3 3 3 3 2 0 1 2 3 3 3 3 0
0.021454988078534815 0 0 1 3 3 3 3 2 0 2 1 3 3 3 3 0
-0.0010193085440669389 0 0 1 3 3 0 2 3 0 0 3 3 1 0 3 2
0.0010193085440669389 0 0 1 3 3 0 2 3 0 0 3 3 2 0 3 1
0.02163453411768452 0 0 1 3 3 0 3 1 0 0 3 3 1 1 3 0
0.02163453411768452 0 0 1 3 3 0 3 1 0 0 3 3 2 2 3 0
-0.011390995961523548 0 0 1 3 3 0 0 1 0 0 3 3 1 0 1 0
-0.011390995961523548 0 0 1 3 3 0 0 1 0 0 3 3 2 0 2 0
0.0010193085440669395 0 0 1 3 0 2 3 3 0 0 3 1 0 3 3 2
-0.0010193085440669395 0 0 1 3 0 2 3 3 0 0 3 2 0 3 3 1
0.0019359383101838997 0 0 1 3 0 0 2 3 0 0 3 1 0 0 3 2
-0.0019359383101838997 0 0 1 3 0 0 2 3 0 0 3 2 0 0 3 1
0.011390995961523556 0 0 1 3 0 0 3 1 0 0 3 1 0 1 3 0
0.011390995961523556 0 0 1 3 0 0 3 1 0 0 3 2 0 2 3 0
0.02163453411768452 0 0 1 3 0 0 0 1 0 0 3 1 0 0 1 0
0.02163453411768452 0 0 1 3 0 0 0 1 0 0 3 2 0 0 2 0
-0.0022115529856452545 0 0 1 0 1 3 3 0 0 1 0 0 3 3 1 0
-0.0022115529856452545 0 0 1 0 1 3 3 0 0 2 0 0 3 3 2 0
0.00420032793292378 0 0 1 0 1 3 0 0 0 1 0 0 3 1 0 0
0.00420032793292378 0 0 1 0 1 3 0 0 0 2 0 0 3 2 0 0
-0.005098188280496129 0 0 1 0 2 0 0 0 0 0 1 0 2 0 0 0
0.005098188280496129 0 0 1 0 2 0 0 0 0 0 2 0 1 0 0 0
0.0026199660220023162 0 0 1 0 3 2 0 0 0 1 0 2 3 0 0 0
-0.0026199660220023162 0 0 1 0 3 2 0 0 0 2 0 1 3 0 0 0
0.004976013026573148 0 0 1 0 3 3 2 0 0 1 0 2 3 3 0 0
-0.004976013026573148 0 0 1 0 3 3 2 0 0 2 0 1 3 3 0 0
0.004976013026573147 0 0 1 0 0 2 0 0 0 1 0 0 2 0 0 0
-0.004976013026573147 0 0 1 0 0 2 0 0 0 2 0 0 1 0 0 0
-0.005158189045992154 0 0 1 0 0 2 0 0 0 0 1 0 0 2 0 0
0.005158189045992154 0 0 1 0 0 2 0 0 0 0 2 0 0 1 0 0
-0.0026199660220023154 0 0 1 0 0 3 2 0 0 1 0 0 2 3 0 0
0.0026199660220023154 0 0 1 0 0 3 2 0 0 2 0 0 1 3 0 0
-0.005158189045992147 0 0 1 0 0 0 2 0 0 0 1 0 0 0 2 0
0.005158189045992147 0 0 1 0 0 0 2 0 0 0 2 0 0 0 1 0
-0.028036887618201226 0 0 1 0 0 0 0 2 0 0 1 0 0 0 0 2
0.028036887618201226 0 0 1 0 0 0 0 2 0 0 2 0 0 0 0 1
0.010371687417456615 0 0 2 1 0 1 3 2 0 0 3 0 0 3 3 0
0.01969859580750062 0 0 2 1 0 0 1 2 0 0 3 0 0 0 3 0
0.005098188280496132 0 0 2 1 0 0 0 0 0 0 1 2 0 0 0 0
-0.005098188280496132 0 0 2 1 0 0 0 0 0 0 2 1 0 0 0 0
0.004200327932923779 0 0 2 2 3 3 3 0 0 1 0 3 3 3 1 0
0.004200327932923779 0 0 2 2 3 3 3 0 0 2 0 3 3 3 2 0
0.002211552985645255 0 0 2 2 3 3 0 0 0 1 0 3 3 1 0 0
0.002211552985645255 0 0 2 2 3 3 0 0 0 2 0 3 3 2 0 0
-0.0003716051973515506 0 0 2 2 0 1 3 1 0 0 3 0 0 3 3 0
0.010000082220105067 0 0 2 2 0 2 3 2 0 0 3 0 0 3 3 0
-0.000705777207503787 0 0 2 2 0 0 1 1 0 0 3 0 0 0 3 0
0.018992818599996835 0 0 2 2 0 0 2 2 0 0 3 0 0 0 3 0
-0.0013909137414184897 0 0 2 2 0 0 3 3 0 0 3 0 0 1 3 1
-0.0013909137414184897 0 0 2 2 0 0 3 3 0 0 3 0 0 2 3 2
-0.0026417155176876868 0 0 2 2 0 0 0 3 0 0 3 0 0 0 1 1
-0.0026417155176876868 0 0 2 2 0 0 0 3 0 0 3 0 0 0 2 2
0.01969859580750062 0 0 2 3 1 1 3 2 0 0 3 3 0 3 3 0
-0.010371687417456607 0 0 2 3 1 0 1 2 0 0 3 3 0 0 3 0
-0.000705777207503787 0 0 2 3 2 1 3 1 0 0 3 3 0 3 3 0
0.018992818599996835 0 0 2 3 2 2 3 2 0 0 3 3 0 3 3 0
0.00037160519735155036 0 0 2 3 2 0 1 1 0 0 3 3 0 0 3 0
-0.010000082220105058 0 0 2 3 2 0 2 2 0 0 3 3 0 0 3 0
-0.0026417155176876876 0 0 2 3 2 0 3 3 0 0 3 3 0 1 3 1
-0.0026417155176876876 0 0 2 3 2 0 3 3 0 0 3 3 0 2 3 2
0.0013909137414184895 0 0 2 3 2 0 0 3 0 0 3 3 0 0 1 1
0.0013909137414184895 0 0 2 3 2 0 0 3 0 0 3 3 0 0 2 2
-0.0019359383101839002 0 0 2 3 3 1 3 3 0 0 3 3 1 3 3 2
0.0019359383101839002 0 0 2 3 3 1 3 3 0 0 3 3 2 3 3 1
0.021454988078534815 0 0 2 3 3 3 3 1 0 1 2 3 3 3 3 0
-0.021454988078534815 0 0 2 3 3 3 3 1 0 2 1 3 3 3 3 0
0.0010193085440669389 0 0 2 3 3 0 1 3 0 0 3 3 1 0 3 2
-0.0010193085440669389 0 0 2 3 3 0 1 3 0 0 3 3 2 0 3 1
0.02163453411768452 0 0 2 3 3 0 3 2 0 0 3 3 1 1 3 0
0.02163453411768452 0 0 2 3 3 0 3 2 0 0 3 3 2 2 3 0
-0.011390995961523548 0 0 2 3 3 0 0 2 0 0 3 3 1 0 1 0
-0.011390995961523548 0 0 2 3 3 0 0 2 0 0 3 3 2 0 2 0
-0.0010193085440669395 0 0 2 3 0 1 3 3 0 0 3 1 0 3 3 2
0.0010193085440669395 0 0 2 3 0 1 3 3 0 0 3 2 0 3 3 1
-0.0019359383101838997 0 0 2 3 0 0 1 3 0 0 3 1 0 0 3 2
0.0019359383101838997 0 0 2 3 0 0 1 3 0 0 3 2 0 0 3 1
0.011390995961523556 0 0 2 3 0 0 3 2 0 0 3 1 0 1 3 0
0.011390995961523556 0 0 2 3 0 0 3 2 0 0 3 2 0 2 3 0
0.02163453411768452 0 0 2 3 0 0 0 2 0 0 3 1 0 0 1 0
0.02163453411768452 0 0 2 3 0 0 0 2 0 0 3 2 0 0 2 0
0.005098188280496129 0 0 2 0 1 0 0 0 0 0 1 0 2 0 0 0
-0.005098188280496129 0 0 2 0 1 0 0 0 0 0 2 0 1 0 0 0
-0.0022115529856452545 0 0 2 0 2 3 3 0 0 1 0 0 3 3 1 0
-0.0022115529856452545 0 0 2 0 2 3 3 0 0 2 0 0 3 3 2 0
0.00420032793292378 0 0 2 0 2 3 0 0 0 1 0 0 3 1 0 0
0.00420032793292378 0 0 2 0 2 3 0 0 0 2 0 0 3 2 0 0
-0.0026199660220023162 0 0 2 0 3 1 0 0 0 1 0 2 3 0 0 0
0.0026199660220023162 0 0 2 0 3 1 0 0 0 2 0 1 3 0 0 0
-0.004976013026573148 0 0 2 0 3 3 1 0 0 1 0 2 3 3 0 0
0.004976013026573148 0 0 2 0 3 3 1 0 0 2 0 1 3 3 0 0
-0.004976013026573147 0 0 2 0 0 1 0 0 0 1 0 0 2 0 0 0
0.004976013026573147 0 0 2 0 0 1 0 0 0 2 0 0 1 0 0 0
0.005158189045992154 0 0 2 0 0 1 0 0 0 0 1 0 0 2 0 0
-0.005158189045992154 0 0 2 0 0 1 0 0 0 0 2 0 0 1 0 0
0.0026199660220023154 0 0 2 0 0 3 1 0 0 1 0 0 2 3 0 0
-0.0026199660220023154 0 0 2 0 0 3 1 0 0 2 0 0 1 3 0 0
0.005158189045992147 0 0 2 0 0 0 1 0 0 0 1 0 0 0 2 0
-0.005158189045992147 0 0 2 0 0 0 1 0 0 0 2 0 0 0 1 0
0.028036887618201226 0 0 2 0 0 0 0 1 0 0 1 0 0 0 0 2
-0.028036887618201226 0 0 2 0 0 0 0 1 0 0 2 0 0 0 0 1
1.109565558504868 0 0 3 0 0 0 0 0 0 0 0 0 0 0 0 0
-0.009298126043822645 0 0 3 1 3 1 0 0 0 1 1 3 3 0 0 0
-0.009298126043822645 0 0 3 1 3 1 0 0 0 2 2 3 3 0 0 0
-0.01765961692946703 0 0 3 1 3 3 1 0 0 1 1 3 3 3 0 0
-0.01765961692946703 0 0 3 1 3 3 1 0 0 2 2 3 3 3 0 0
0.0025037093437738907 0 0 3 1 3 3 3 2 0 1 3 2 3 3 3 0
-0.0025037093437738907 0 0 3 1 3 3 3 2 0 2 3 1 3 3 3 0
-0.009298126043822645 0 0 3 2 3 2 0 0 0 1 1 3 3 0 0 0
-0.009298126043822645 0 0 3 2 3 2 0 0 0 2 2 3 3 0 0 0
-0.01765961692946703 0 0 3 2 3 3 2 0 0 1 1 3 3 3 0 0
-0.01765961692946703 0 0 3 2 3 3 2 0 0 2 2 3 3 3 0 0
-0.0025037093437738907 0 0 3 2 3 3 3 1 0 1 3 2 3 3 3 0
0.0025037093437738907 0 0 3 2 3 3 3 1 0 2 3 1 3 3 3 0
0.07805065995489031 0 0 3 3 0 0 0 0 0 0 0 0 0 0 0 0
0.002503709343773888 0 0 3 3 1 3 3 2 0 1 3 3 2 3 3 0
-0.002503709343773888 0 0 3 3 1 3 3 2 0 2 3 3 1 3 3 0
-0.002503709343773888 0 0 3 3 2 3 3 1 0 1 3 3 2 3 3 0
0.002503709343773888 0 0 3 3 2 3 3 1 0 2 3 3 1 3 3 0
0.003598843168885327 0 0 3 3 3 1 3 2 0 1 3 3 3 2 3 0
-0.003598843168885327 0 0 3 3 3 1 3 2 0 2 3 3 3 1 3 0
-0.003598843168885327 0 0 3 3 3 2 3 1 0 1 3 3 3 2 3 0
0.003598843168885327 0 0 3 3 3 2 3 1 0 2 3 3 3 1 3 0
0.003598843168885326 0 0 3 3 3 3 1 2 0 1 3 3 3 3 2 0
-0.003598843168885326 0 0 3 3 3 3 1 2 0 2 3 3 3 3 1 0
-0.003598843168885326 0 0 3 3 3 3 2 1 0 1 3 3 3 3 2 0
0.003598843168885326 0 0 3 3 3 3 2 1 0 2 3 3 3 3 1 0
0.00697859234947449 0 0 3 3 3 3 3 3 3 1 3 3 3 3 3 1
0.00697859234947449 0 0 3 3 3 3 3 3 3 2 3 3 3 3 3 2
0.07473242922667078 0 0 3 3 3 3 3 3 0 1 3 3 3 3 3 1
0.0022871319494714875 0 0 3 3 3 3 3 3 0 1 3 3 3 3 0 1
0.0022871319494714914 0 0 3 3 3 3 3 3 0 1 3 3 3 0 3 1
0.00522055124735726 0 0 3 3 3 3 3 3 0 1 3 3 0 3 3 1
0.0052205512473572635 0 0 3 3 3 3 3 3 0 1 3 0 3 3 3 1
0.01919844786923754 0 0 3 3 3 3 3 3 0 1 0 3 3 3 3 1
0.07473242922667078 0 0 3 3 3 3 3 3 0 2 3 3 3 3 3 2
0.0022871319494714875 0 0 3 3 3 3 3 3 0 2 3 3 3 3 0 2
0.0022871319494714914 0 0 3 3 3 3 3 3 0 2 3 3 3 0 3 2
0.00522055124735726 0 0 3 3 3 3 3 3 0 2 3 3 0 3 3 2
0.0052205512473572635 0 0 3 3 3 3 3 3 0 2 3 0 3 3 3 2
0.01919844786923754 0 0 3 3 3 3 3 3 0 2 0 3 3 3 3 2
0.007214409064962215 0 0 3 3 3 3 3 0 0 1 3 3 3 3 3 1
0.007214409064962215 0 0 3 3 3 3 3 0 0 2 3 3 3 3 3 2
0.005885975118356812 0 0 3 3 3 3 0 3 0 1 3 3 3 3 3 1
0.005885975118356812 0 0 3 3 3 3 0 3 0 2 3 3 3 3 3 2
0.005885975118356819 0 0 3 3 3 0 3 3 0 1 3 3 3 3 3 1
0.005885975118356819 0 0 3 3 3 0 3 3 0 2 3 3 3 3 3 2
0.007724260591131148 0 0 3 3 0 3 3 3 0 1 3 3 3 3 3 1
0.007724260591131148 0 0 3 3 0 3 3 3 0 2 3 3 3 3 3 2
-0.017659616929467034 0 0 3 0 1 1 0 0 0 1 1 0 3 0 0 0
-0.017659616929467034 0 0 3 0 1 1 0 0 0 2 2 0 3 0 0 0
0.009298126043822635 0 0 3 0 1 3 1 0 0 1 1 0 3 3 0 0
0.009298126043822635 0 0 3 0 1 3 1 0 0 2 2 0 3 3 0 0
-0.017659616929467034 0 0 3 0 2 2 0 0 0 1 1 0 3 0 0 0
-0.017659616929467034 0 0 3 0 2 2 0 0 0 2 2 0 3 0 0 0
0.009298126043822635 0 0 3 0 2 3 2 0 0 1 1 0 3 3 0 0
0.009298126043822635 0 0 3 0 2 3 2 0 0 2 2 0 3 3 0 0
0.07805065995489022 0 0 3 0 3 0 0 0 0 0 0 0 0 0 0 0
0.007724260591131155 0 0 3 0 3 3 3 3 0 1 3 3 3 3 3 1
0.007724260591131155 0 0 3 0 3 3 3 3 0 2 3 3 3 3 3 2
-0.013459288996543256 0 0 3 0 3 3 3 0 0 1 1 1 3 3 1 0
-0.012683603902893888 0 0 3 0 3 3 3 0 0 1 1 2 3 3 2 0
-0.0007756850936493681 0 0 3 0 3 3 3 0 0 1 2 2 3 3 1 0
-0.0007756850936493681 0 0 3 0 3 3 3 0 0 2 1 1 3 3 2 0
-0.012683603902893888 0 0 3 0 3 3 3 0 0 2 2 1 3 3 1 0
-0.013459288996543256 0 0 3 0 3 3 3 0 0 2 2 2 3 3 2 0
-0.007086573058177392 0 0 3 0 3 3 0 0 0 1 1 1 3 1 0 0
-0.006678160021820329 0 0 3 0 3 3 0 0 0 1 1 2 3 2 0 0
-0.0004084130363570613 0 0 3 0 3 3 0 0 0 1 2 2 3 1 0 0
-0.0004084130363570613 0 0 3 0 3 3 0 0 0 2 1 1 3 2 0 0
-0.006678160021820329 0 0 3 0 3 3 0 0 0 2 2 1 3 1 0 0
-0.007086573058177392 0 0 3 0 3 3 0 0 0 2 2 2 3 2 0 0
0.07806329909263814 0 0 3 0 0 3 0 0 0 0 0 0 0 0 0 0
0.007086573058177382 0 0 3 0 0 3 3 0 0 1 1 0 1 3 1 0
0.006678160021820318 0 0 3 0 0 3 3 0 0 1 1 0 2 3 2 0
0.0004084130363570613 0 0 3 0 0 3 3 0 0 1 2 0 2 3 1 0
0.0004084130363570613 0 0 3 0 0 3 3 0 0 2 1 0 1 3 2 0
0.006678160021820318 0 0 3 0 0 3 3 0 0 2 2 0 1 3 1 0
0.007086573058177382 0 0 3 0 0 3 3 0 0 2 2 0 2 3 2 0
-0.01345928899654325 0 0 3 0 0 3 0 0 0 1 1 0 1 1 0 0
-0.012683603902893885 0 0 3 0 0 3 0 0 0 1 1 0 2 2 0 0
-0.0007756850936493669 0 0 3 0 0 3 0 0 0 1 2 0 2 1 0 0
-0.0007756850936493669 0 0 3 0 0 3 0 0 0 2 1 0 1 2 0 0
-0.012683603902893885 0 0 3 0 0 3 0 0 0 2 2 0 1 1 0 0
-0.01345928899654325 0 0 3 0 0 3 0 0 0 2 2 0 2 2 0 0
0.07806329909263804 0 0 3 0 0 0 3 0 0 0 0 0 0 0 0 0
0.06493272667009004 0 0 3 0 0 0 0 3 0 0 0 0 0 0 0 0
0.0009037744430517762 0 0 3 0 0 0 0 0 1 3 1 0 0 0 0 0
0.0009037744430517762 0 0 3 0 0 0 0 0 2 3 2 0 0 0 0 0
0.08830943345155001 0 0 3 0 0 0 0 0 3 0 0 0 0 0 0 0
0.08640096528898458 0 0 3 0 0 0 0 0 0 3 0 0 0 0 0 0
0.09337514494817384 0 0 3 0 0 0 0 0 0 0 3 0 0 0 0 0
0.08314884823538644 0 0 3 0 0 0 0 0 0 0 0 3 0 0 0 0
0.08314884823538635 0 0 3 0 0 0 0 0 0 0 0 0 3 0 0 0
0.08322148813863028 0 0 3 0 0 0 0 0 0 0 0 0 0 3 0 0
0.08322148813863019 0 0 3 0 0 0 0 0 0 0 0 0 0 0 3 0
0.09296961428829126 0 0 3 0 0 0 0 0 0 0 0 0 0 0 0 3
-0.019398828384854527 0 0 0 1 1 1 1 0 0 0 0 3 0 3 0 0
0.0056197526991359405 0 0 0 1 1 2 2 0 0 0 0 3 0 3 0 0
0.01003759212993232 0 0 0 1 1 3 0 0 0 0 0 3 0 0 0 0
-0.010037592129932296 0 0 0 1 1 0 3 0 0 0 0 3 0 0 0 0
0.0023369137375818787 0 0 0 1 1 0 3 0 0 0 0 3 0 1 1 0
0.0023369137375818787 0 0 0 1 1 0 3 0 0 0 0 3 0 2 2 0
-0.0034047257560236377 0 0 0 1 1 0 0 0 0 0 0 3 0 3 0 0
0.0034047257560236503 0 0 0 1 1 0 0 0 0 0 0 3 0 0 3 0
-0.025018581083990465 0 0 0 1 2 2 1 0 0 0 0 3 0 3 0 0
-0.004040103697524632 0 0 0 1 2 0 0 0 0 0 0 1 2 0 0 0
0.004040103697524632 0 0 0 1 2 0 0 0 0 0 0 2 1 0 0 0
0.003282838961554062 0 0 0 1 3 2 3 0 0 0 0 3 1 3 2 0
-0.003282838961554062 0 0 0 1 3 2 3 0 0 0 0 3 2 3 1 0
-0.013442317885955957 0 0 0 1 3 2 0 0 0 0 0 3 1 2 0 0
0.013442317885955957 0 0 0 1 3 2 0 0 0 0 0 3 2 1 0 0
-0.0217357421224364 0 0 0 1 3 0 1 0 0 0 0 3 1 1 0 0
-0.0217357421224364 0 0 0 1 3 0 1 0 0 0 0 3 2 2 0 0
0.013442317885955945 0 0 0 1 3 0 2 0 0 0 0 3 1 0 2 0
-0.013442317885955945 0 0 0 1 3 0 2 0 0 0 0 3 2 0 1 0
0.011390995961523556 0 0 0 1 0 1 3 3 0 0 1 0 0 3 3 1
0.011390995961523556 0 0 0 1 0 1 3 3 0 0 2 0 0 3 3 2
-0.013442317885955965 0 0 0 1 0 2 3 0 0 0 0 1 0 3 2 0
0.013442317885955965 0 0 0 1 0 2 3 0 0 0 0 2 0 3 1 0
-0.010872435926225986 0 0 0 1 0 2 0 0 0 0 0 1 0 2 0 0
0.010872435926225986 0 0 0 1 0 2 0 0 0 0 0 2 0 1 0 0
0.02163453411768452 0 0 0 1 0 0 1 3 0 0 1 0 0 0 3 1
0.02163453411768452 0 0 0 1 0 0 1 3 0 0 2 0 0 0 3 2
-0.013442317885955965 0 0 0 1 0 0 1 0 0 0 0 1 0 1 0 0
-0.013442317885955965 0 0 0 1 0 0 1 0 0 0 0 2 0 2 0 0
-0.029325339087108323 0 0 0 1 0 0 2 0 0 0 0 1 0 0 2 0
0.029325339087108323 0 0 0 1 0 0 2 0 0 0 0 2 0 0 1 0
0.0010193085440669395 0 0 0 1 0 0 3 2 0 0 1 0 0 2 3 0
-0.0010193085440669395 0 0 0 1 0 0 3 2 0 0 2 0 0 1 3 0
0.0019359383101838997 0 0 0 1 0 0 0 2 0 0 1 0 0 0 2 0
-0.0019359383101838997 0 0 0 1 0 0 0 2 0 0 2 0 0 0 1 0
-0.004655027879024169 0 0 0 1 0 0 0 2 0 0 0 1 0 0 0 2
0.004655027879024169 0 0 0 1 0 0 0 2 0 0 0 2 0 0 0 1
-0.025018581083990465 0 0 0 2 1 1 2 0 0 0 0 3 0 3 0 0
0.004040103697524632 0 0 0 2 1 0 0 0 0 0 0 1 2 0 0 0
-0.004040103697524632 0 0 0 2 1 0 0 0 0 0 0 2 1 0 0 0
0.0056197526991359405 0 0 0 2 2 1 1 0 0 0 0 3 0 3 0 0
-0.019398828384854527 0 0 0 2 2 2 2 0 0 0 0 3 0 3 0 0
0.01003759212993232 0 0 0 2 2 3 0 0 0 0 0 3 0 0 0 0
-0.010037592129932296 0 0 0 2 2 0 3 0 0 0 0 3 0 0 0 0
0.0023369137375818787 0 0 0 2 2 0 3 0 0 0 0 3 0 1 1 0
0.0023369137375818787 0 0 0 2 2 0 3 0 0 0 0 3 0 2 2 0
-0.0034047257560236377 0 0 0 2 2 0 0 0 0 0 0 3 0 3 0 0
0.0034047257560236503 0 0 0 2 2 0 0 0 0 0 0 3 0 0 3 0
-0.003282838961554062 0 0 0 2 3 1 3 0 0 0 0 3 1 3 2 0
0.003282838961554062 0 0 0 2 3 1 3 0 0 0 0 3 2 3 1 0
0.013442317885955957 0 0 0 2 3 1 0 0 0 0 0 3 1 2 0 0
-0.013442317885955957 0 0 0 2 3 1 0 0 0 0 0 3 2 1 0 0
-0.013442317885955945 0 0 0 2 3 0 1 0 0 0 0 3 1 0 2 0
0.013442317885955945 0 0 0 2 3 0 1 0 0 0 0 3 2 0 1 0
-0.0217357421224364 0 0 0 2 3 0 2 0 0 0 0 3 1 1 0 0
-0.0217357421224364 0 0 0 2 3 0 2 0 0 0 0 3 2 2 0 0
0.013442317885955965 0 0 0 2 0 1 3 0 0 0 0 1 0 3 2 0
-0.013442317885955965 0 0 0 2 0 1 3 0 0 0 0 2 0 3 1 0
0.010872435926225986 0 0 0 2 0 1 0 0 0 0 0 1 0 2 0 0
-0.010872435926225986 0 0 0 2 0 1 0 0 0 0 0 2 0 1 0 0
0.011390995961523556 0 0 0 2 0 2 3 3 0 0 1 0 0 3 3 1
0.011390995961523556 0 0 0 2 0 2 3 3 0 0 2 0 0 3 3 2
0.029325339087108323 0 0 0 2 0 0 1 0 0 0 0 1 0 0 2 0
-0.029325339087108323 0 0 0 2 0 0 1 0 0 0 0 2 0 0 1 0
0.02163453411768452 0 0 0 2 0 0 2 3 0 0 1 0 0 0 3 1
0.02163453411768452 0 0 0 2 0 0 2 3 0 0 2 0 0 0 3 2
-0.013442317885955965 0 0 0 2 0 0 2 0 0 0 0 1 0 1 0 0
-0.013442317885955965 0 0 0 2 0 0 2 0 0 0 0 2 0 2 0 0
-0.0010193085440669395 0 0 0 2 0 0 3 1 0 0 1 0 0 2 3 0
0.0010193085440669395 0 0 0 2 0 0 3 1 0 0 2 0 0 1 3 0
-0.0019359383101838997 0 0 0 2 0 0 0 1 0 0 1 0 0 0 2 0
0.0019359383101838997 0 0 0 2 0 0 0 1 0 0 2 0 0 0 1 0
0.004655027879024169 0 0 0 2 0 0 0 1 0 0 0 1 0 0 0 2
-0.004655027879024169 0 0 0 2 0 0 0 1 0 0 0 2 0 0 0 1
1.0878685402534205 0 0 0 3 0 0 0 0 0 0 0 0 0 0 0 0
0.02163453411768452 0 0 0 3 1 1 3 3 0 0 1 3 0 3 3 1
0.02163453411768452 0 0 0 3 1 1 3 3 0 0 2 3 0 3 3 2
-0.011390995961523548 0 0 0 3 1 0 1 3 0 0 1 3 0 0 3 1
-0.011390995961523548 0 0 0 3 1 0 1 3 0 0 2 3 0 0 3 2
0.0019359383101839002 0 0 0 3 1 0 3 2 0 0 1 3 0 2 3 0
-0.0019359383101839002 0 0 0 3 1 0 3 2 0 0 2 3 0 1 3 0
-0.0010193085440669389 0 0 0 3 1 0 0 2 0 0 1 3 0 0 2 0
0.0010193085440669389 0 0 0 3 1 0 0 2 0 0 2 3 0 0 1 0
0.02163453411768452 0 0 0 3 2 2 3 3 0 0 1 3 0 3 3 1
0.02163453411768452 0 0 0 3 2 2 3 3 0 0 2 3 0 3 3 2
-0.011390995961523548 0 0 0 3 2 0 2 3 0 0 1 3 0 0 3 1
-0.011390995961523548 0 0 0 3 2 0 2 3 0 0 2 3 0 0 3 2
-0.0019359383101839002 0 0 0 3 2 0 3 1 0 0 1 3 0 2 3 0
0.0019359383101839002 0 0 0 3 2 0 3 1 0 0 2 3 0 1 3 0
0.0010193085440669389 0 0 0 3 2 0 0 1 0 0 1 3 0 0 2 0
-0.0010193085440669389 0 0 0 3 2 0 0 1 0 0 2 3 0 0 1 0
0.07968768631671701 0 0 0 3 3 0 0 0 0 0 0 0 0 0 0 0
-0.0026417155176876876 0 0 0 3 3 1 3 1 0 0 1 3 1 3 3 0
-0.0026417155176876876 0 0 0 3 3 1 3 1 0 0 2 3 2 3 3 0
-0.0026417155176876876 0 0 0 3 3 2 3 2 0 0 1 3 1 3 3 0
-0.0026417155176876876 0 0 0 3 3 2 3 2 0 0 2 3 2 3 3 0
-0.0022565402092972774 0 0 0 3 3 3 3 3 0 1 3 3 3 3 3 1
-0.0022565402092972774 0 0 0 3 3 3 3 3 0 2 3 3 3 3 3 2
0.0013909137414184895 0 0 0 3 3 0 1 1 0 0 1 3 1 0 3 0
0.0013909137414184895 0 0 0 3 3 0 1 1 0 0 2 3 2 0 3 0
0.0013909137414184895 0 0 0 3 3 0 2 2 0 0 1 3 1 0 3 0
0.0013909137414184895 0 0 0 3 3 0 2 2 0 0 2 3 2 0 3 0
0.018992818599996835 0 0 0 3 3 0 3 3 0 0 1 3 1 1 3 1
-0.000705777207503787 0 0 0 3 3 0 3 3 0 0 1 3 1 2 3 2
0.01969859580750062 0 0 0 3 3 0 3 3 0 0 1 3 2 2 3 1
0.01969859580750062 0 0 0 3 3 0 3 3 0 0 2 3 1 1 3 2
-0.000705777207503787 0 0 0 3 3 0 3 3 0 0 2 3 2 1 3 1
0.018992818599996835 0 0 0 3 3 0 3 3 0 0 2 3 2 2 3 2
-0.010000082220105058 0 0 0 3 3 0 0 3 0 0 1 3 1 0 1 1
0.00037160519735155036 0 0 0 3 3 0 0 3 0 0 1 3 1 0 2 2
-0.010371687417456607 0 0 0 3 3 0 0 3 0 0 1 3 2 0 2 1
-0.010371687417456607 0 0 0 3 3 0 0 3 0 0 2 3 1 0 1 2
0.00037160519735155036 0 0 0 3 3 0 0 3 0 0 2 3 2 0 1 1
-0.010000082220105058 0 0 0 3 3 0 0 3 0 0 2 3 2 0 2 2
0.010037592129932327 0 0 0 3 0 1 1 0 0 0 0 0 0 3 0 0
-0.0013909137414184897 0 0 0 3 0 1 3 1 0 0 1 1 0 3 3 0
-0.0013909137414184897 0 0 0 3 0 1 3 1 0 0 2 2 0 3 3 0
0.010037592129932327 0 0 0 3 0 2 2 0 0 0 0 0 0 3 0 0
-0.0013909137414184897 0 0 0 3 0 2 3 2 0 0 1 1 0 3 3 0
-0.0013909137414184897 0 0 0 3 0 2 3 2 0 0 2 2 0 3 3 0
0.0742313924990343 0 0 0 3 0 3 0 0 0 0 0 0 0 0 0 0
-0.0026417155176876868 0 0 0 3 0 0 1 1 0 0 1 1 0 0 3 0
-0.0026417155176876868 0 0 0 3 0 0 1 1 0 0 2 2 0 0 3 0
-0.0026417155176876868 0 0 0 3 0 0 2 2 0 0 1 1 0 0 3 0
-0.0026417155176876868 0 0 0 3 0 0 2 2 0 0 2 2 0 0 3 0
0.060452316813315615 0 0 0 3 0 0 3 0 0 0 0 0 0 0 0 0
0.010000082220105067 0 0 0 3 0 0 3 3 0 0 1 1 0 1 3 1
-0.0003716051973515506 0 0 0 3 0 0 3 3 0 0 1 1 0 2 3 2
0.010371687417456615 0 0 0 3 0 0 3 3 0 0 1 2 0 2 3 1
0.010371687417456615 0 0 0 3 0 0 3 3 0 0 2 1 0 1 3 2
-0.0003716051973515506 0 0 0 3 0 0 3 3 0 0 2 2 0 1 3 1
0.010000082220105067 0 0 0 3 0 0 3 3 0 0 2 2 0 2 3 2
-0.0034047257560236408 0 0 0 3 0 0 3 0 0 0 0 0 0 1 1 0
-0.0034047257560236408 0 0 0 3 0 0 3 0 0 0 0 0 0 2 2 0
0.08424442077046801 0 0 0 3 0 0 0 3 0 0 0 0 0 0 0 0
0.018992818599996835 0 0 0 3 0 0 0 3 0 0 1 1 0 0 1 1
-0.000705777207503787 0 0 0 3 0 0 0 3 0 0 1 1 0 0 2 2
0.01969859580750062 0 0 0 3 0 0 0 3 0 0 1 2 0 0 2 1
0.01969859580750062 0 0 0 3 0 0 0 3 0 0 2 1 0 0 1 2
-0.000705777207503787 0 0 0 3 0 0 0 3 0 0 2 2 0 0 1 1
0.018992818599996835 0 0 0 3 0 0 0 3 0 0 2 2 0 0 2 2
0.09183870251559856 0 0 0 3 0 0 0 0 3 0 0 0 0 0 0 0
0.0848324648464219 0 0 0 3 0 0 0 0 0 3 0 0 0 0 0 0
0.08314884823538644 0 0 0 3 0 0 0 0 0 0 3 0 0 0 0 0
0.091807997409291 0 0 0 3 0 0 0 0 0 0 0 3 0 0 0 0
0.08372779001424163 0 0 0 3 0 0 0 0 0 0 0 0 3 0 0 0
0.08510382842526029 0 0 0 3 0 0 0 0 0 0 0 0 0 3 0 0
0.08977765590042394 0 0 0 3 0 0 0 0 0 0 0 0 0 0 3 0
0.08889944864949217 0 0 0 3 0 0 0 0 0 0 0 0 0 0 0 3
-0.0217357421224364 0 0 0 0 1 1 3 0 0 0 0 1 0 3 1 0
-0.0217357421224364 0 0 0 0 1 1 3 0 0 0 0 2 0 3 2 0
-0.013442317885955957 0 0 0 0 1 1 0 0 0 0 0 1 0 1 0 0
-0.013442317885955957 0 0 0 0 1 1 0 0 0 0 0 2 0 2 0 0
0.013442317885955957 0 0 0 0 1 2 3 0 0 0 0 0 1 3 2 0
-0.013442317885955957 0 0 0 0 1 2 3 0 0 0 0 0 2 3 1 0
-0.029325339087108326 0 0 0 0 1 2 0 0 0 0 0 0 1 2 0 0
0.029325339087108326 0 0 0 0 1 2 0 0 0 0 0 0 2 1 0 0
0.013442317885955945 0 0 0 0 1 0 1 0 0 0 0 1 0 0 1 0
0.013442317885955945 0 0 0 0 1 0 1 0 0 0 0 2 0 0 2 0
0.013442317885955953 0 0 0 0 1 0 1 0 0 0 0 0 1 1 0 0
0.013442317885955953 0 0 0 0 1 0 1 0 0 0 0 0 2 2 0 0
0.003282838961554062 0 0 0 0 1 0 2 0 0 0 0 1 0 2 0 0
-0.003282838961554062 0 0 0 0 1 0 2 0 0 0 0 2 0 1 0 0
-0.010872435926225967 0 0 0 0 1 0 2 0 0 0 0 0 1 0 2 0
0.010872435926225967 0 0 0 0 1 0 2 0 0 0 0 0 2 0 1 0
-0.004655027879024164 0 0 0 0 1 0 0 2 0 0 0 0 1 0 0 2
0.004655027879024164 0 0 0 0 1 0 0 2 0 0 0 0 2 0 0 1
-0.013442317885955957 0 0 0 0 2 1 3 0 0 0 0 0 1 3 2 0
0.013442317885955957 0 0 0 0 2 1 3 0 0 0 0 0 2 3 1 0
0.029325339087108326 0 0 0 0 2 1 0 0 0 0 0 0 1 2 0 0
-0.029325339087108326 0 0 0 0 2 1 0 0 0 0 0 0 2 1 0 0
-0.0217357421224364 0 0 0 0 2 2 3 0 0 0 0 1 0 3 1 0
-0.0217357421224364 0 0 0 0 2 2 3 0 0 0 0 2 0 3 2 0
-0.013442317885955957 0 0 0 0 2 2 0 0 0 0 0 1 0 1 0 0
-0.013442317885955957 0 0 0 0 2 2 0 0 0 0 0 2 0 2 0 0
-0.003282838961554062 0 0 0 0 2 0 1 0 0 0 0 1 0 2 0 0
0.003282838961554062 0 0 0 0 2 0 1 0 0 0 0 2 0 1 0 0
0.010872435926225967 0 0 0 0 2 0 1 0 0 0 0 0 1 0 2 0
-0.010872435926225967 0 0 0 0 2 0 1 0 0 0 0 0 2 0 1 0
0.013442317885955945 0 0 0 0 2 0 2 0 0 0 0 1 0 0 1 0
0.013442317885955945 0 0 0 0 2 0 2 0 0 0 0 2 0 0 2 0
0.013442317885955953 0 0 0 0 2 0 2 0 0 0 0 0 1 1 0 0
0.013442317885955953 0 0 0 0 2 0 2 0 0 0 0 0 2 2 0 0
0.004655027879024164 0 0 0 0 2 0 0 1 0 0 0 0 1 0 0 2
-0.004655027879024164 0 0 0 0 2 0 0 1 0 0 0 0 2 0 0 1
1.0878685402534192 0 0 0 0 3 0 0 0 0 0 0 0 0 0 0 0
0.0023369137375818787 0 0 0 0 3 1 1 0 0 0 0 1 1 3 0 0
0.0023369137375818787 0 0 0 0 3 1 1 0 0 0 0 2 2 3 0 0
-0.010037592129932306 0 0 0 0 3 1 1 0 0 0 0 0 0 3 0 0
0.0023369137375818787 0 0 0 0 3 2 2 0 0 0 0 1 1 3 0 0
0.0023369137375818787 0 0 0 0 3 2 2 0 0 0 0 2 2 3 0 0
-0.010037592129932306 0 0 0 0 3 2 2 0 0 0 0 0 0 3 0 0
0.060452316813315615 0 0 0 0 3 3 0 0 0 0 0 0 0 0 0 0
-0.0034047257560236377 0 0 0 0 3 3 0 0 0 0 0 1 1 0 0 0
-0.0034047257560236377 0 0 0 0 3 3 0 0 0 0 0 2 2 0 0 0
0.07423139249903411 0 0 0 0 3 0 3 0 0 0 0 0 0 0 0 0
0.0034047257560236503 0 0 0 0 3 0 3 0 0 0 0 1 1 0 0 0
-0.019398828384854527 0 0 0 0 3 0 3 0 0 0 0 1 1 1 1 0
0.0056197526991359405 0 0 0 0 3 0 3 0 0 0 0 1 1 2 2 0
-0.025018581083990465 0 0 0 0 3 0 3 0 0 0 0 1 2 2 1 0
-0.025018581083990465 0 0 0 0 3 0 3 0 0 0 0 2 1 1 2 0
0.0034047257560236503 0 0 0 0 3 0 3 0 0 0 0 2 2 0 0 0
0.0056197526991359405 0 0 0 0 3 0 3 0 0 0 0 2 2 1 1 0
-0.019398828384854527 0 0 0 0 3 0 3 0 0 0 0 2 2 2 2 0
0.0034047257560236477 0 0 0 0 3 0 3 0 0 0 0 0 0 1 1 0
0.0034047257560236477 0 0 0 0 3 0 3 0 0 0 0 0 0 2 2 0
0.0842444207704679 0 0 0 0 3 0 0 3 0 0 0 0 0 0 0 0
0.09183870251559845 0 0 0 0 3 0 0 0 3 0 0 0 0 0 0 0
0.08483246484642182 0 0 0 0 3 0 0 0 0 3 0 0 0 0 0 0
0.08314884823538635 0 0 0 0 3 0 0 0 0 0 3 0 0 0 0 0
0.01003759212993232 0 0 0 0 3 0 0 0 0 0 0 1 1 3 0 0
-0.010037592129932296 0 0 0 0 3 0 0 0 0 0 0 1 1 0 3 0
0.01003759212993232 0 0 0 0 3 0 0 0 0 0 0 2 2 3 0 0
-0.010037592129932296 0 0 0 0 3 0 0 0 0 0 0 2 2 0 3 0
0.08372779001424163 0 0 0 0 3 0 0 0 0 0 0 3 0 0 0 0
0.0918079974092908 0 0 0 0 3 0 0 0 0 0 0 0 3 0 0 0
0.08977765590042394 0 0 0 0 3 0 0 0 0 0 0 0 0 3 0 0
0.08510382842526007 0 0 0 0 3 0 0 0 0 0 0 0 0 0 3 0
0.08889944864949206 0 0 0 0 3 0 0 0 0 0 0 0 0 0 0 3
-0.0034047257560236408 0 0 0 0 0 1 1 0 0 0 0 3 0 3 0 0
0.0034047257560236477 0 0 0 0 0 1 1 0 0 0 0 0 3 3 0 0
-0.0043319897713177125 0 0 0 0 0 1 2 0 0 0 0 0 0 1 2 0
0.0043319897713177125 0 0 0 0 0 1 2 0 0 0 0 0 0 2 1 0
-0.005528781234180583 0 0 0 0 0 1 0 2 0 0 0 0 0 1 0 2
0.005528781234180583 0 0 0 0 0 1 0 2 0 0 0 0 0 2 0 1
0.0043319897713177125 0 0 0 0 0 2 1 0 0 0 0 0 0 1 2 0
-0.0043319897713177125 0 0 0 0 0 2 1 0 0 0 0 0 0 2 1 0
-0.0034047257560236408 0 0 0 0 0 2 2 0 0 0 0 3 0 3 0 0
0.0034047257560236477 0 0 0 0 0 2 2 0 0 0 0 0 3 3 0 0
0.005528781234180583 0 0 0 0 0 2 0 1 0 0 0 0 0 1 0 2
-0.005528781234180583 0 0 0 0 0 2 0 1 0 0 0 0 0 2 0 1
1.0314778707446843 0 0 0 0 0 3 0 0 0 0 0 0 0 0 0 0
0.07903154600989795 0 0 0 0 0 3 3 0 0 0 0 0 0 0 0 0
0.082294817421985 0 0 0 0 0 3 0 3 0 0 0 0 0 0 0 0
0.08960938795676388 0 0 0 0 0 3 0 0 3 0 0 0 0 0 0 0
0.08547055819629643 0 0 0 0 0 3 0 0 0 3 0 0 0 0 0 0
0.08322148813863028 0 0 0 0 0 3 0 0 0 0 3 0 0 0 0 0
0.08510382842526029 0 0 0 0 0 3 0 0 0 0 0 3 0 0 0 0
0.08977765590042394 0 0 0 0 0 3 0 0 0 0 0 0 3 0 0 0
0.09202751532385124 0 0 0 0 0 3 0 0 0 0 0 0 0 3 0 0
0.08336353578121566 0 0 0 0 0 3 0 0 0 0 0 0 0 0 3 0
0.08782359865616557 0 0 0 0 0 3 0 0 0 0 0 0 0 0 0 3
-0.005528781234180578 0 0 0 0 0 0 1 2 0 0 0 0 0 0 1 2
0.005528781234180578 0 0 0 0 0 0 1 2 0 0 0 0 0 0 2 1
0.005528781234180578 0 0 0 0 0 0 2 1 0 0 0 0 0 0 1 2
-0.005528781234180578 0 0 0 0 0 0 2 1 0 0 0 0 0 0 2 1
1.031477870744689 0 0 0 0 0 0 3 0 0 0 0 0 0 0 0 0
0.0822948174219849 0 0 0 0 0 0 3 3 0 0 0 0 0 0 0 0
0.08960938795676376 0 0 0 0 0 0 3 0 3 0 0 0 0 0 0 0
0.08547055819629631 0 0 0 0 0 0 3 0 0 3 0 0 0 0 0 0
0.08322148813863019 0 0 0 0 0 0 3 0 0 0 3 0 0 0 0 0
0.08977765590042394 0 0 0 0 0 0 3 0 0 0 0 3 0 0 0 0
0.010037592129932327 0 0 0 0 0 0 3 0 0 0 0 3 0 1 1 0
0.010037592129932327 0 0 0 0 0 0 3 0 0 0 0 3 0 2 2 0
0.08510382842526007 0 0 0 0 0 0 3 0 0 0 0 0 3 0 0 0
-0.010037592129932306 0 0 0 0 0 0 3 0 0 0 0 0 3 1 1 0
-0.010037592129932306 0 0 0 0 0 0 3 0 0 0 0 0 3 2 2 0
0.08336353578121566 0 0 0 0 0 0 3 0 0 0 0 0 0 3 0 0
0.09202751532385099 0 0 0 0 0 0 3 0 0 0 0 0 0 0 3 0
0.08782359865616547 0 0 0 0 0 0 3 0 0 0 0 0 0 0 0 3
0.9943172390806768 0 0 0 0 0 0 0 3 0 0 0 0 0 0 0 0
0.0988003872876842 0 0 0 0 0 0 0 3 3 0 0 0 0 0 0 0
0.0880409951886237 0 0 0 0 0 0 0 3 0 3 0 0 0 0 0 0
0.09296961428829126 0 0 0 0 0 0 0 3 0 0 3 0 0 0 0 0
0.08889944864949217 0 0 0 0 0 0 0 3 0 0 0 3 0 0 0 0
0.08889944864949206 0 0 0 0 0 0 0 3 0 0 0 0 3 0 0 0
0.08782359865616557 0 0 0 0 0 0 0 3 0 0 0 0 0 3 0 0
0.08782359865616547 0 0 0 0 0 0 0 3 0 0 0 0 0 0 3 0
0.10017884869296653 0 0 0 0 0 0 0 3 0 0 0 0 0 0 0 3
1.4000905243198996 0 0 0 0 0 0 0 0 3 0 0 0 0 0 0 0
0.06356767027541158 0 0 0 0 0 0 0 0 3 3 0 0 0 0 0 0
0.07291677387703638 0 0 0 0 0 0 0 0 3 0 3 0 0 0 0 0
0.07606645719937674 0 0 0 0 0 0 0 0 3 0 0 3 0 0 0 0
0.07606645719937666 0 0 0 0 0 0 0 0 3 0 0 0 3 0 0 0
0.0793686245744207 0 0 0 0 0 0 0 0 3 0 0 0 0 3 0 0
0.07936862457442061 0 0 0 0 0 0 0 0 3 0 0 0 0 0 3 0
0.08664176503185012 0 0 0 0 0 0 0 0 3 0 0 0 0 0 0 3
1.2350869010149284 0 0 0 0 0 0 0 0 0 3 0 0 0 0 0 0
0.06331785317301634 0 0 0 0 0 0 0 0 0 3 3 0 0 0 0 0
0.07227547072101947 0 0 0 0 0 0 0 0 0 3 0 3 0 0 0 0
0.07227547072101939 0 0 0 0 0 0 0 0 0 3 0 0 3 0 0 0
0.06905613330120282 0 0 0 0 0 0 0 0 0 3 0 0 0 3 0 0
0.06905613330120272 0 0 0 0 0 0 0 0 0 3 0 0 0 0 3 0
0.07400332909377257 0 0 0 0 0 0 0 0 0 3 0 0 0 0 0 3
1.109565558504869 0 0 0 0 0 0 0 0 0 0 3 0 0 0 0 0
0.07805065995489031 0 0 0 0 0 0 0 0 0 0 3 3 0 0 0 0
0.07805065995489022 0 0 0 0 0 0 0 0 0 0 3 0 3 0 0 0
0.07806329909263814 0 0 0 0 0 0 0 0 0 0 3 0 0 3 0 0
0.07806329909263804 0 0 0 0 0 0 0 0 0 0 3 0 0 0 3 0
0.06493272667009004 0 0 0 0 0 0 0 0 0 0 3 0 0 0 0 3
1.0878685402534203 0 0 0 0 0 0 0 0 0 0 0 3 0 0 0 0
0.07968768631671701 0 0 0 0 0 0 0 0 0 0 0 3 3 0 0 0
0.0742313924990343 0 0 0 0 0 0 0 0 0 0 0 3 0 3 0 0
0.060452316813315615 0 0 0 0 0 0 0 0 0 0 0 3 0 0 3 0
0.08424442077046801 0 0 0 0 0 0 0 0 0 0 0 3 0 0 0 3
1.0878685402534192 0 0 0 0 0 0 0 0 0 0 0 0 3 0 0 0
0.060452316813315615 0 0 0 0 0 0 0 0 0 0 0 0 3 3 0 0
0.07423139249903411 0 0 0 0 0 0 0 0 0 0 0 0 3 0 3 0
0.0842444207704679 0 0 0 0 0 0 0 0 0 0 0 0 3 0 0 3
1.0314778707446843 0 0 0 0 0 0 0 0 0 0 0 0 0 3 0 0
0.07903154600989795 0 0 0 0 0 0 0 0 0 0 0 0 0 3 3 0
0.082294817421985 0 0 0 0 0 0 0 0 0 0 0 0 0 3 0 3
1.0314778707446888 0 0 0 0 0 0 0 0 0 0 0 0 0 0 3 0
0.0822948174219849 0 0 0 0 0 0 0 0 0 0 0 0 0 0 3 3
0.9943172390806766 0 0 0 0 0 0 0 0 0 0 0 0 0 0 0 3
