-5079.989843696252 0 0 0 0 0 0 0 0 0 0 0 0 0 0 0 0
0.017039095806712694 1 1 1 3 3 3 3 1 3 0 3 3 3 3 3 0
0.006948351326047718 1 1 2 3 3 3 3 2 3 0 3 3 3 3 3 0
-0.01688332582131985 1 1 3 0 0 0 0 0 3 1 1 0 0 0 0 0
-0.01688332582131985 1 1 3 0 0 0 0 0 3 2 2 0 0 0 0 0
-0.012961468010648888 1 1 0 1 3 1 0 0 3 0 0 3 3 0 0 0
-0.0018300871056394497 1 1 0 1 3 3 1 0 3 0 0 3 3 3 0 0
-0.008121623949875976 1 1 0 2 3 2 0 0 3 0 0 3 3 0 0 0
-0.0011467280755011037 1 1 0 2 3 3 2 0 3 0 0 3 3 3 0 0
0.01783006411347777 1 1 0 3 3 3 3 3 3 0 1 3 3 3 3 1
0.01783006411347777 1 1 0 3 3 3 3 3 3 0 2 3 3 3 3 2
-0.0018300871056394588 1 1 0 0 1 1 0 0 3 0 0 0 3 0 0 0
0.012961468010648911 1 1 0 0 1 3 1 0 3 0 0 0 3 3 0 0
-0.001146728075501116 1 1 0 0 2 2 0 0 3 0 0 0 3 0 0 0
0.008121623949875999 1 1 0 0 2 3 2 0 3 0 0 0 3 3 0 0
-0.0032589736591787394 1 1 0 0 3 3 3 0 3 0 0 1 3 3 1 0
-0.0032589736591787394 1 1 0 0 3 3 3 0 3 0 0 2 3 3 2 0
-0.023081460276303672 1 1 0 0 3 3 0 0 3 0 0 1 3 1 0 0
-0.023081460276303672 1 1 0 0 3 3 0 0 3 0 0 2 3 2 0 0
0.023081460276303707 1 1 0 0 0 3 3 0 3 0 0 0 1 3 1 0
0.023081460276303707 1 1 0 0 0 3 3 0 3 0 0 0 2 3 2 0
-0.0032589736591787434 1 1 0 0 0 3 0 0 3 0 0 0 1 1 0 0
-0.0032589736591787434 1 1 0 0 0 3 0 0 3 0 0 0 2 2 0 0
0.010090744480664977 1 2 2 3 3 3 3 1 3 0 3 3 3 3 3 0
-0.008693060137837647 1 2 3 3 3 3 3 3 1 3 3 3 3 3 3 2
0.008693060137837647 1 2 3 3 3 3 3 3 2 3 3 3 3 3 3 1
-0.004839844060772912 1 2 0 2 3 1 0 0 3 0 0 3 3 0 0 0
-0.0006833590301383461 1 2 0 2 3 3 1 0 3 0 0 3 3 3 0 0
-0.0006833590301383427 1 2 0 0 2 1 0 0 3 0 0 0 3 0 0 0
0.0048398440607729165 1 2 0 0 2 3 1 0 3 0 0 0 3 3 0 0
-0.01817516497894105 1 2 0 0 0 0 0 0 1 2 0 0 0 0 0 0
0.01817516497894105 1 2 0 0 0 0 0 0 2 1 0 0 0 0 0 0
-0.009430886834434065 1 3 1 3 0 0 0 0 3 3 0 0 0 0 0 0
-0.009430886834434077 1 3 1 0 3 0 0 0 3 3 0 0 0 0 0 0
-0.008532419523911604 1 3 1 0 0 3 0 0 3 3 0 0 0 0 0 0
-0.00853241952391162 1 3 1 0 0 0 3 0 3 3 0 0 0 0 0 0
-0.0057990652904271675 1 3 1 0 0 0 0 3 3 3 0 0 0 0 0 0
-0.0007171103184402069 1 3 1 0 0 0 0 0 3 0 0 0 0 0 0 0
-0.08269364559588542 1 3 1 0 0 0 0 0 3 3 0 0 0 0 0 0
-0.0019457301969799433 1 3 1 0 0 0 0 0 3 3 3 0 0 0 0 0
-0.007462589093889868 1 3 1 0 0 0 0 0 3 3 0 3 0 0 0 0
-0.007462589093889878 1 3 1 0 0 0 0 0 3 3 0 0 3 0 0 0
-0.004099616221797264 1 3 1 0 0 0 0 0 3 3 0 0 0 3 0 0
-0.004099616221797272 1 3 1 0 0 0 0 0 3 3 0 0 0 0 3 0
-0.010514913579505632 1 3 1 0 0 0 0 0 3 3 0 0 0 0 0 3
-0.019693336646440376 1 3 1 0 0 0 0 0 0 3 0 0 0 0 0 0
-0.01088171278743005 1 3 2 3 3 3 3 3 3 1 3 3 3 3 3 2
0.01088171278743005 1 3 2 3 3 3 3 3 3 2 3 3 3 3 3 1
0.002877769346591227 1 3 3 1 0 1 3 1 3 3 3 0 0 3 3 0
-0.0031107900132827954 1 3 3 1 0 2 3 2 3 3 3 0 0 3 3 0
0.0004063250065404719 1 3 3 1 0 0 1 1 3 3 3 0 0 0 3 0
-0.0004392262270742457 1 3 3 1 0 0 2 2 3 3 3 0 0 0 3 0
-0.007184771130890487 1 3 3 1 0 0 3 3 3 3 3 0 0 1 3 1
-0.007184771130890487 1 3 3 1 0 0 3 3 3 3 3 0 0 2 3 2
-0.0010144496744358387 1 3 3 1 0 0 0 3 3 3 3 0 0 0 1 1
-0.0010144496744358387 1 3 3 1 0 0 0 3 3 3 3 0 0 0 2 2
0.005988559359874021 1 3 3 2 0 2 3 1 3 3 3 0 0 3 3 0
0.0008455512336147176 1 3 3 2 0 0 2 1 3 3 3 0 0 0 3 0
0.0019682977405441975 1 3 3 2 0 0 0 0 3 3 1 2 0 0 0 0
-0.0019682977405441975 1 3 3 2 0 0 0 0 3 3 2 1 0 0 0 0
0.00040632500654047966 1 3 3 3 1 1 3 1 3 3 3 3 0 3 3 0
-0.00043922622707424425 1 3 3 3 1 2 3 2 3 3 3 3 0 3 3 0
-0.0028777693465912345 1 3 3 3 1 0 1 1 3 3 3 3 0 0 3 0
0.0031107900132828006 1 3 3 3 1 0 2 2 3 3 3 3 0 0 3 0
-0.0010144496744358348 1 3 3 3 1 0 3 3 3 3 3 3 0 1 3 1
-0.0010144496744358348 1 3 3 3 1 0 3 3 3 3 3 3 0 2 3 2
0.0071847711308904985 1 3 3 3 1 0 0 3 3 3 3 3 0 0 1 1
0.0071847711308904985 1 3 3 3 1 0 0 3 3 3 3 3 0 0 2 2
0.0008455512336147239 1 3 3 3 2 2 3 1 3 3 3 3 0 3 3 0
-0.005988559359874034 1 3 3 3 2 0 2 1 3 3 3 3 0 0 3 0
0.0005752234473615905 1 3 3 3 3 2 3 3 3 3 3 3 1 3 3 2
-0.0005752234473615905 1 3 3 3 3 2 3 3 3 3 3 3 2 3 3 1
-0.004073981117607698 1 3 3 3 3 0 2 3 3 3 3 3 1 0 3 2
0.004073981117607698 1 3 3 3 3 0 2 3 3 3 3 3 2 0 3 1
0.0014207746809763145 1 3 3 3 3 0 3 1 3 3 3 3 1 1 3 0
0.0014207746809763145 1 3 3 3 3 0 3 1 3 3 3 3 2 2 3 0
-0.010062540477481731 1 3 3 3 3 0 0 1 3 3 3 3 1 0 1 0
-0.010062540477481731 1 3 3 3 3 0 0 1 3 3 3 3 2 0 2 0
0.004073981117607693 1 3 3 3 0 2 3 3 3 3 3 1 0 3 3 2
-0.004073981117607693 1 3 3 3 0 2 3 3 3 3 3 2 0 3 3 1
0.000575223447361593 1 3 3 3 0 0 2 3 3 3 3 1 0 0 3 2
-0.000575223447361593 1 3 3 3 0 0 2 3 3 3 3 2 0 0 3 1
0.010062540477481714 1 3 3 3 0 0 3 1 3 3 3 1 0 1 3 0
0.010062540477481714 1 3 3 3 0 0 3 1 3 3 3 2 0 2 3 0
0.0014207746809763106 1 3 3 3 0 0 0 1 3 3 3 1 0 0 1 0
0.0014207746809763106 1 3 3 3 0 0 0 1 3 3 3 2 0 0 2 0
0.001968297740544199 1 3 3 0 2 0 0 0 3 3 1 0 2 0 0 0
-0.001968297740544199 1 3 3 0 2 0 0 0 3 3 2 0 1 0 0 0
0.0044328033021143395 1 3 3 0 0 2 0 0 3 3 1 0 0 2 0 0
-0.0044328033021143395 1 3 3 0 0 2 0 0 3 3 2 0 0 1 0 0
0.004432803302114347 1 3 3 0 0 0 2 0 3 3 1 0 0 0 2 0
-0.004432803302114347 1 3 3 0 0 0 2 0 3 3 2 0 0 0 1 0
-0.004715848289078464 1 3 3 0 0 0 0 2 3 3 1 0 0 0 0 2
0.004715848289078464 1 3 3 0 0 0 0 2 3 3 2 0 0 0 0 1
0.0021122455836776366 1 3 0 2 3 3 3 0 3 1 0 3 3 3 2 0
-0.0021122455836776366 1 3 0 2 3 3 3 0 3 2 0 3 3 3 1 0
0.014959836326427695 1 3 0 2 3 3 0 0 3 1 0 3 3 2 0 0
-0.014959836326427695 1 3 0 2 3 3 0 0 3 2 0 3 3 1 0 0
-0.0007909683067650728 1 3 0 3 3 3 3 1 3 1 1 3 3 3 3 0
-0.0007909683067650728 1 3 0 3 3 3 3 1 3 2 2 3 3 3 3 0
-0.014959836326427715 1 3 0 0 2 3 3 0 3 1 0 0 3 3 2 0
0.014959836326427715 1 3 0 0 2 3 3 0 3 2 0 0 3 3 1 0
0.002112245583677627 1 3 0 0 2 3 0 0 3 1 0 0 3 2 0 0
-0.002112245583677627 1 3 0 0 2 3 0 0 3 2 0 0 3 1 0 0
0.010119992265654782 1 3 0 0 3 1 0 0 3 1 0 1 3 0 0 0
0.010119992265654782 1 3 0 0 3 1 0 0 3 2 0 2 3 0 0 0
0.0014288865535392907 1 3 0 0 3 3 1 0 3 1 0 1 3 3 0 0
0.0014288865535392907 1 3 0 0 3 3 1 0 3 2 0 2 3 3 0 0
0.0014288865535392846 1 3 0 0 0 1 0 0 3 1 0 0 1 0 0 0
0.0014288865535392846 1 3 0 0 0 1 0 0 3 2 0 0 2 0 0 0
-0.010119992265654798 1 3 0 0 0 3 1 0 3 1 0 0 1 3 0 0
-0.010119992265654798 1 3 0 0 0 3 1 0 3 2 0 0 2 3 0 0
-0.017600436139760058 1 0 1 0 0 0 0 0 3 3 0 0 0 0 0 0
-0.013529602366026457 1 0 2 0 0 0 0 0 1 0 2 0 0 0 0 0
0.013529602366026457 1 0 2 0 0 0 0 0 2 0 1 0 0 0 0 0
-0.008693060137837647 1 0 3 3 3 3 3 1 1 1 3 3 3 3 3 0
-0.008693060137837647 1 0 3 3 3 3 3 1 2 2 3 3 3 3 3 0
-0.016795301180327547 1 0 0 2 0 0 0 0 1 0 0 2 0 0 0 0
0.016795301180327547 1 0 0 2 0 0 0 0 2 0 0 1 0 0 0 0
-0.016795301180327567 1 0 0 0 2 0 0 0 1 0 0 0 2 0 0 0
0.016795301180327567 1 0 0 0 2 0 0 0 2 0 0 0 1 0 0 0
-0.009233850956646176 1 0 0 0 0 2 0 0 1 0 0 0 0 2 0 0
0.009233850956646176 1 0 0 0 0 2 0 0 2 0 0 0 0 1 0 0
-0.00923385095664619 1 0 0 0 0 0 2 0 1 0 0 0 0 0 2 0
0.00923385095664619 1 0 0 0 0 0 2 0 2 0 0 0 0 0 1 0
-0.011932316632154237 1 0 0 0 0 0 0 2 1 0 0 0 0 0 0 2
0.011932316632154237 1 0 0 0 0 0 0 2 2 0 0 0 0 0 0 1
0.010090744480664977 2 1 1 3 3 3 3 2 3 0 3 3 3 3 3 0
0.008693060137837647 2 1 3 3 3 3 3 3 1 3 3 3 3 3 3 2
-0.008693060137837647 2 1 3 3 3 3 3 3 2 3 3 3 3 3 3 1
-0.004839844060772912 2 1 0 1 3 2 0 0 3 0 0 3 3 0 0 0
-0.0006833590301383461 2 1 0 1 3 3 2 0 3 0 0 3 3 3 0 0
-0.0006833590301383427 2 1 0 0 1 2 0 0 3 0 0 0 3 0 0 0
0.0048398440607729165 2 1 0 0 1 3 2 0 3 0 0 0 3 3 0 0
0.01817516497894105 2 1 0 0 0 0 0 0 1 2 0 0 0 0 0 0
-0.01817516497894105 2 1 0 0 0 0 0 0 2 1 0 0 0 0 0 0
0.006948351326047718 2 2 1 3 3 3 3 1 3 0 3 3 3 3 3 0
0.017039095806712694 2 2 2 3 3 3 3 2 3 0 3 3 3 3 3 0
-0.01688332582131985 2 2 3 0 0 0 0 0 3 1 1 0 0 0 0 0
-0.01688332582131985 2 2 3 0 0 0 0 0 3 2 2 0 0 0 0 0
-0.008121623949875976 2 2 0 1 3 1 0 0 3 0 0 3 3 0 0 0
-0.0011467280755011037 2 2 0 1 3 3 1 0 3 0 0 3 3 3 0 0
-0.012961468010648888 2 2 0 2 3 2 0 0 3 0 0 3 3 0 0 0
-0.0018300871056394497 2 2 0 2 3 3 2 0 3 0 0 3 3 3 0 0
0.01783006411347777 2 2 0 3 3 3 3 3 3 0 1 3 3 3 3 1
0.01783006411347777 2 2 0 3 3 3 3 3 3 0 2 3 3 3 3 2
-0.001146728075501116 2 2 0 0 1 1 0 0 3 0 0 0 3 0 0 0
0.008121623949875999 2 2 0 0 1 3 1 0 3 0 0 0 3 3 0 0
-0.0018300871056394588 2 2 0 0 2 2 0 0 3 0 0 0 3 0 0 0
0.012961468010648911 2 2 0 0 2 3 2 0 3 0 0 0 3 3 0 0
-0.0032589736591787394 2 2 0 0 3 3 3 0 3 0 0 1 3 3 1 0
-0.0032589736591787394 2 2 0 0 3 3 3 0 3 0 0 2 3 3 2 0
-0.023081460276303672 2 2 0 0 3 3 0 0 3 0 0 1 3 1 0 0
-0.023081460276303672 2 2 0 0 3 3 0 0 3 0 0 2 3 2 0 0
0.023081460276303707 2 2 0 0 0 3 3 0 3 0 0 0 1 3 1 0
0.023081460276303707 2 2 0 0 0 3 3 0 3 0 0 0 2 3 2 0
-0.0032589736591787434 2 2 0 0 0 3 0 0 3 0 0 0 1 1 0 0
-0.0032589736591787434 2 2 0 0 0 3 0 0 3 0 0 0 2 2 0 0
0.01088171278743005 2 3 1 3 3 3 3 3 3 1 3 3 3 3 3 2
-0.01088171278743005 2 3 1 3 3 3 3 3 3 2 3 3 3 3 3 1
-0.009430886834434065 2 3 2 3 0 0 0 0 3 3 0 0 0 0 0 0
-0.009430886834434077 2 3 2 0 3 0 0 0 3 3 0 0 0 0 0 0
-0.008532419523911604 2 3 2 0 0 3 0 0 3 3 0 0 0 0 0 0
-0.00853241952391162 2 3 2 0 0 0 3 0 3 3 0 0 0 0 0 0
-0.0057990652904271675 2 3 2 0 0 0 0 3 3 3 0 0 0 0 0 0
-0.0007171103184402069 2 3 2 0 0 0 0 0 3 0 0 0 0 0 0 0
-0.08269364559588542 2 3 2 0 0 0 0 0 3 3 0 0 0 0 0 0
-0.0019457301969799433 2 3 2 0 0 0 0 0 3 3 3 0 0 0 0 0
-0.007462589093889868 2 3 2 0 0 0 0 0 3 3 0 3 0 0 0 0
-0.007462589093889878 2 3 2 0 0 0 0 0 3 3 0 0 3 0 0 0
-0.004099616221797264 2 3 2 0 0 0 0 0 3 3 0 0 0 3 0 0
-0.004099616221797272 2 3 2 0 0 0 0 0 3 3 0 0 0 0 3 0
-0.010514913579505632 2 3 2 0 0 0 0 0 3 3 0 0 0 0 0 3
-0.019693336646440376 2 3 2 0 0 0 0 0 0 3 0 0 0 0 0 0
0.005988559359874021 2 3 3 1 0 1 3 2 3 3 3 0 0 3 3 0
0.0008455512336147176 2 3 3 1 0 0 1 2 3 3 3 0 0 0 3 0
-0.0019682977405441975 2 3 3 1 0 0 0 0 3 3 1 2 0 0 0 0
0.0019682977405441975 2 3 3 1 0 0 0 0 3 3 2 1 0 0 0 0
-0.0031107900132827954 2 3 3 2 0 1 3 1 3 3 3 0 0 3 3 0
0.002877769346591227 2 3 3 2 0 2 3 2 3 3 3 0 0 3 3 0
-0.0004392262270742457 2 3 3 2 0 0 1 1 3 3 3 0 0 0 3 0
0.0004063250065404719 2 3 3 2 0 0 2 2 3 3 3 0 0 0 3 0
-0.007184771130890487 2 3 3 2 0 0 3 3 3 3 3 0 0 1 3 1
-0.007184771130890487 2 3 3 2 0 0 3 3 3 3 3 0 0 2 3 2
-0.0010144496744358387 2 3 3 2 0 0 0 3 3 3 3 0 0 0 1 1
-0.0010144496744358387 2 3 3 2 0 0 0 3 3 3 3 0 0 0 2 2
0.0008455512336147239 2 3 3 3 1 1 3 2 3 3 3 3 0 3 3 0
-0.005988559359874034 2 3 3 3 1 0 1 2 3 3 3 3 0 0 3 0
-0.00043922622707424425 2 3 3 3 2 1 3 1 3 3 3 3 0 3 3 0
0.00040632500654047966 2 3 3 3 2 2 3 2 3 3 3 3 0 3 3 0
0.0031107900132828006 2 3 3 3 2 0 1 1 3 3 3 3 0 0 3 0
-0.0028777693465912345 2 3 3 3 2 0 2 2 3 3 3 3 0 0 3 0
-0.0010144496744358348 2 3 3 3 2 0 3 3 3 3 3 3 0 1 3 1
-0.0010144496744358348 2 3 3 3 2 0 3 3 3 3 3 3 0 2 3 2
0.0071847711308904985 2 3 3 3 2 0 0 3 3 3 3 3 0 0 1 1
0.0071847711308904985 2 3 3 3 2 0 0 3 3 3 3 3 0 0 2 2
-0.0005752234473615905 2 3 3 3 3 1 3 3 3 3 3 3 1 3 3 2
0.0005752234473615905 2 3 3 3 3 1 3 3 3 3 3 3 2 3 3 1
0.004073981117607698 2 3 3 3 3 0 1 3 3 3 3 3 1 0 3 2
-0.004073981117607698 2 3 3 3 3 0 1 3 3 3 3 3 2 0 3 1
0.0014207746809763145 2 3 3 3 3 0 3 2 3 3 3 3 1 1 3 0
0.0014207746809763145 2 3 3 3 3 0 3 2 3 3 3 3 2 2 3 0
-0.010062540477481731 2 3 3 3 3 0 0 2 3 3 3 3 1 0 1 0
-0.010062540477481731 2 3 3 3 3 0 0 2 3 3 3 3 2 0 2 0
-0.004073981117607693 2 3 3 3 0 1 3 3 3 3 3 1 0 3 3 2
0.004073981117607693 2 3 3 3 0 1 3 3 3 3 3 2 0 3 3 1
-0.000575223447361593 2 3 3 3 0 0 1 3 3 3 3 1 0 0 3 2
0.000575223447361593 2 3 3 3 0 0 1 3 3 3 3 2 0 0 3 1
0.010062540477481714 2 3 3 3 0 0 3 2 3 3 3 1 0 1 3 0
0.010062540477481714 2 3 3 3 0 0 3 2 3 3 3 2 0 2 3 0
0.0014207746809763106 2 3 3 3 0 0 0 2 3 3 3 1 0 0 1 0
0.0014207746809763106 2 3 3 3 0 0 0 2 3 3 3 2 0 0 2 0
-0.001968297740544199 2 3 3 0 1 0 0 0 3 3 1 0 2 0 0 0
0.001968297740544199 2 3 3 0 1 0 0 0 3 3 2 0 1 0 0 0
-0.0044328033021143395 2 3 3 0 0 1 0 0 3 3 1 0 0 2 0 0
0.0044328033021143395 2 3 3 0 0 1 0 0 3 3 2 0 0 1 0 0
-0.004432803302114347 2 3 3 0 0 0 1 0 3 3 1 0 0 0 2 0
0.004432803302114347 2 3 3 0 0 0 1 0 3 3 2 0 0 0 1 0
0.004715848289078464 2 3 3 0 0 0 0 1 3 3 1 0 0 0 0 2
-0.004715848289078464 2 3 3 0 0 0 0 1 3 3 2 0 0 0 0 1
-0.0021122455836776366 2 3 0 1 3 3 3 0 3 1 0 3 3 3 2 0
0.0021122455836776366 2 3 0 1 3 3 3 0 3 2 0 3 3 3 1 0
-0.014959836326427695 2 3 0 1 3 3 0 0 3 1 0 3 3 2 0 0
0.014959836326427695 2 3 0 1 3 3 0 0 3 2 0 3 3 1 0 0
-0.0007909683067650728 2 3 0 3 3 3 3 2 3 1 1 3 3 3 3 0
-0.0007909683067650728 2 3 0 3 3 3 3 2 3 2 2 3 3 3 3 0
0.014959836326427715 2 3 0 0 1 3 3 0 3 1 0 0 3 3 2 0
-0.014959836326427715 2 3 0 0 1 3 3 0 3 2 0 0 3 3 1 0
-0.002112245583677627 2 3 0 0 1 3 0 0 3 1 0 0 3 2 0 0
0.002112245583677627 2 3 0 0 1 3 0 0 3 2 0 0 3 1 0 0
0.010119992265654782 2 3 0 0 3 2 0 0 3 1 0 1 3 0 0 0
0.010119992265654782 2 3 0 0 3 2 0 0 3 2 0 2 3 0 0 0
0.0014288865535392907 2 3 0 0 3 3 2 0 3 1 0 1 3 3 0 0
0.0014288865535392907 2 3 0 0 3 3 2 0 3 2 0 2 3 3 0 0
0.0014288865535392846 2 3 0 0 0 2 0 0 3 1 0 0 1 0 0 0
0.0014288865535392846 2 3 0 0 0 2 0 0 3 2 0 0 2 0 0 0
-0.010119992265654798 2 3 0 0 0 3 2 0 3 1 0 0 1 3 0 0
-0.010119992265654798 2 3 0 0 0 3 2 0 3 2 0 0 2 3 0 0
0.013529602366026457 2 0 1 0 0 0 0 0 1 0 2 0 0 0 0 0
-0.013529602366026457 2 0 1 0 0 0 0 0 2 0 1 0 0 0 0 0
-0.017600436139760058 2 0 2 0 0 0 0 0 3 3 0 0 0 0 0 0
-0.008693060137837647 2 0 3 3 3 3 3 2 1 1 3 3 3 3 3 0
-0.008693060137837647 2 0 3 3 3 3 3 2 2 2 3 3 3 3 3 0
0.016795301180327547 2 0 0 1 0 0 0 0 1 0 0 2 0 0 0 0
-0.016795301180327547 2 0 0 1 0 0 0 0 2 0 0 1 0 0 0 0
0.016795301180327567 2 0 0 0 1 0 0 0 1 0 0 0 2 0 0 0
-0.016795301180327567 2 0 0 0 1 0 0 0 2 0 0 0 1 0 0 0
0.009233850956646176 2 0 0 0 0 1 0 0 1 0 0 0 0 2 0 0
-0.009233850956646176 2 0 0 0 0 1 0 0 2 0 0 0 0 1 0 0
0.00923385095664619 2 0 0 0 0 0 1 0 1 0 0 0 0 0 2 0
-0.00923385095664619 2 0 0 0 0 0 1 0 2 0 0 0 0 0 1 0
0.011932316632154237 2 0 0 0 0 0 0 1 1 0 0 0 0 0 0 2
-0.011932316632154237 2 0 0 0 0 0 0 1 2 0 0 0 0 0 0 1
1.4808018704717019 3 0 0 0 0 0 0 0 0 0 0 0 0 0 0 0
-0.007727525791718705 3 1 3 3 3 3 3 1 0 3 3 3 3 3 3 0
-0.007727525791718705 3 2 3 3 3 3 3 2 0 3 3 3 3 3 3 0
0.06944743072665366 3 3 0 0 0 0 0 0 0 0 0 0 0 0 0 0
-0.019693336646440376 3 3 3 0 0 0 0 0 1 3 1 0 0 0 0 0
-0.019693336646440376 3 3 3 0 0 0 0 0 2 3 2 0 0 0 0 0
0.07560221669436809 3 0 3 0 0 0 0 0 0 0 0 0 0 0 0 0
-0.01642058592955635 3 0 3 3 3 3 3 3 0 1 3 3 3 3 3 1
-0.01642058592955635 3 0 3 3 3 3 3 3 0 2 3 3 3 3 3 2
0.07988842603538025 3 0 0 3 0 0 0 0 0 0 0 0 0 0 0 0
0.07988842603538039 3 0 0 0 3 0 0 0 0 0 0 0 0 0 0 0
0.08344907380818788 3 0 0 0 0 3 0 0 0 0 0 0 0 0 0 0
0.08344907380818806 3 0 0 0 0 0 3 0 0 0 0 0 0 0 0 0
0.09103102877125945 3 0 0 0 0 0 0 3 0 0 0 0 0 0 0 0
0.11479008657389868 3 0 0 0 0 0 0 0 3 0 0 0 0 0 0 0
0.08762259570559472 3 0 0 0 0 0 0 0 0 3 0 0 0 0 0 0
0.08913181906039455 3 0 0 0 0 0 0 0 0 0 3 0 0 0 0 0
0.09668372721570781 3 0 0 0 0 0 0 0 0 0 0 3 0 0 0 0
0.09668372721570795 3 0 0 0 0 0 0 0 0 0 0 0 3 0 0 0
0.09268292476483406 3 0 0 0 0 0 0 0 0 0 0 0 0 3 0 0
0.09268292476483425 3 0 0 0 0 0 0 0 0 0 0 0 0 0 3 0
0.10296334540341368 3 0 0 0 0 0 0 0 0 0 0 0 0 0 0 3
0.01616442371176269 0 1 1 1 3 1 0 0 0 3 0 3 3 0 0 0
0.0022823266145999225 0 1 1 1 3 3 1 0 0 3 0 3 3 3 0 0
0.015350991845571866 0 1 1 2 3 2 0 0 0 3 0 3 3 0 0 0
0.002167474564785118 0 1 1 2 3 3 2 0 0 3 0 3 3 3 0 0
-0.0007909683067650728 0 1 1 3 3 3 3 3 1 0 3 3 3 3 3 1
-0.0007909683067650728 0 1 1 3 3 3 3 3 2 0 3 3 3 3 3 2
-0.023213885520214597 0 1 1 3 3 3 3 3 0 3 1 3 3 3 3 1
-0.023213885520214597 0 1 1 3 3 3 3 3 0 3 2 3 3 3 3 2
0.0022823266145999303 0 1 1 0 1 1 0 0 0 3 0 0 3 0 0 0
-0.01616442371176272 0 1 1 0 1 3 1 0 0 3 0 0 3 3 0 0
0.0021674745647851244 0 1 1 0 2 2 0 0 0 3 0 0 3 0 0 0
-0.015350991845571904 0 1 1 0 2 3 2 0 0 3 0 0 3 3 0 0
0.0030867741516085326 0 1 1 0 3 3 3 0 0 3 0 1 3 3 1 0
0.0030867741516085326 0 1 1 0 3 3 3 0 0 3 0 2 3 3 2 0
0.021861868923551724 0 1 1 0 3 3 0 0 0 3 0 1 3 1 0 0
0.021861868923551724 0 1 1 0 3 3 0 0 0 3 0 2 3 2 0 0
-0.02186186892355176 0 1 1 0 0 3 3 0 0 3 0 0 1 3 1 0
-0.02186186892355176 0 1 1 0 0 3 3 0 0 3 0 0 2 3 2 0
0.0030867741516085356 0 1 1 0 0 3 0 0 0 3 0 0 1 1 0 0
0.0030867741516085356 0 1 1 0 0 3 0 0 0 3 0 0 2 2 0 0
0.000813431866190818 0 1 2 2 3 1 0 0 0 3 0 3 3 0 0 0
0.00011485204981480531 0 1 2 2 3 3 1 0 0 3 0 3 3 3 0 0
0.00011485204981480551 0 1 2 0 2 1 0 0 0 3 0 0 3 0 0 0
-0.0008134318661908185 0 1 2 0 2 3 1 0 0 3 0 0 3 3 0 0
0.01688332582131985 0 1 2 0 0 0 0 0 1 2 0 0 0 0 0 0
-0.01688332582131985 0 1 2 0 0 0 0 0 2 1 0 0 0 0 0 0
-0.026725416922149334 0 1 2 0 0 0 0 0 0 1 2 0 0 0 0 0
0.026725416922149334 0 1 2 0 0 0 0 0 0 2 1 0 0 0 0 0
0.00305705743285398 0 1 3 1 3 3 3 3 0 3 3 1 3 3 3 1
0.00305705743285398 0 1 3 1 3 3 3 3 0 3 3 2 3 3 3 2
-0.0009192995868234148 0 1 3 2 3 3 3 0 0 3 1 3 3 3 2 0
0.0009192995868234148 0 1 3 2 3 3 3 0 0 3 2 3 3 3 1 0
-0.0065108770779798535 0 1 3 2 3 3 0 0 0 3 1 3 3 2 0 0
0.0065108770779798535 0 1 3 2 3 3 0 0 0 3 2 3 3 1 0 0
0.003057057432853985 0 1 3 3 1 3 3 3 0 3 3 3 1 3 3 1
0.003057057432853985 0 1 3 3 1 3 3 3 0 3 3 3 2 3 3 2
0.004385987601953709 0 1 3 3 3 1 3 3 0 3 3 3 3 1 3 1
0.004385987601953709 0 1 3 3 3 1 3 3 0 3 3 3 3 2 3 2
0.004385987601953717 0 1 3 3 3 3 1 3 0 3 3 3 3 3 1 1
0.004385987601953717 0 1 3 3 3 3 1 3 0 3 3 3 3 3 2 2
-0.01642058592955635 0 1 3 3 3 3 3 1 3 3 3 3 3 3 3 0
-0.005993039893701574 0 1 3 3 3 3 3 1 0 3 3 3 3 3 0 0
-0.07635756323947641 0 1 3 3 3 3 3 1 0 3 3 3 3 3 3 0
-0.0065014643704814365 0 1 3 3 3 3 3 1 0 3 3 3 3 3 3 3
-0.005993039893701553 0 1 3 3 3 3 3 1 0 3 3 3 3 0 3 0
-0.008502514826060896 0 1 3 3 3 3 3 1 0 3 3 3 0 3 3 0
-0.008502514826060894 0 1 3 3 3 3 3 1 0 3 3 0 3 3 3 0
0.003920407398611299 0 1 3 3 3 3 3 1 0 3 0 3 3 3 3 0
-0.00024169558350974697 0 1 3 3 3 3 3 1 0 0 3 3 3 3 3 0
-0.001607052291747857 0 1 3 3 3 3 0 1 0 3 3 3 3 3 3 0
-0.001607052291747844 0 1 3 3 3 0 3 1 0 3 3 3 3 3 3 0
-0.0054454573932069105 0 1 3 3 0 3 3 1 0 3 3 3 3 3 3 0
0.006510877077979863 0 1 3 0 2 3 3 0 0 3 1 0 3 3 2 0
-0.006510877077979863 0 1 3 0 2 3 3 0 0 3 2 0 3 3 1 0
-0.0009192995868234113 0 1 3 0 2 3 0 0 0 3 1 0 3 2 0 0
0.0009192995868234113 0 1 3 0 2 3 0 0 0 3 2 0 3 1 0 0
-0.005697445211789035 0 1 3 0 3 1 0 0 0 3 1 1 3 0 0 0
-0.005697445211789035 0 1 3 0 3 1 0 0 0 3 2 2 3 0 0 0
-0.0008044475370086097 0 1 3 0 3 3 1 0 0 3 1 1 3 3 0 0
-0.0008044475370086097 0 1 3 0 3 3 1 0 0 3 2 2 3 3 0 0
-0.005445457393206914 0 1 3 0 3 3 3 1 0 3 3 3 3 3 3 0
-0.0008044475370086059 0 1 3 0 0 1 0 0 0 3 1 0 1 0 0 0
-0.0008044475370086059 0 1 3 0 0 1 0 0 0 3 2 0 2 0 0 0
0.005697445211789043 0 1 3 0 0 3 1 0 0 3 1 0 1 3 0 0
0.005697445211789043 0 1 3 0 0 3 1 0 0 3 2 0 2 3 0 0
0.0014288865535392907 0 1 0 1 3 3 3 0 1 0 0 3 3 3 1 0
0.0014288865535392907 0 1 0 1 3 3 3 0 2 0 0 3 3 3 2 0
0.010119992265654782 0 1 0 1 3 3 0 0 1 0 0 3 3 1 0 0
0.010119992265654782 0 1 0 1 3 3 0 0 2 0 0 3 3 2 0 0
-0.01205123514722929 0 1 0 2 0 0 0 0 0 1 0 2 0 0 0 0
0.01205123514722929 0 1 0 2 0 0 0 0 0 2 0 1 0 0 0 0
-0.019293478121603303 0 1 0 3 3 3 3 1 0 3 3 3 3 3 3 0
-0.01088171278743005 0 1 0 3 3 3 3 2 1 0 2 3 3 3 3 0
0.01088171278743005 0 1 0 3 3 3 3 2 2 0 1 3 3 3 3 0
-0.010119992265654798 0 1 0 0 1 3 3 0 1 0 0 0 3 3 1 0
-0.010119992265654798 0 1 0 0 1 3 3 0 2 0 0 0 3 3 2 0
0.0014288865535392846 0 1 0 0 1 3 0 0 1 0 0 0 3 1 0 0
0.0014288865535392846 0 1 0 0 1 3 0 0 2 0 0 0 3 2 0 0
-0.012051235147229307 0 1 0 0 2 0 0 0 0 1 0 0 2 0 0 0
0.012051235147229307 0 1 0 0 2 0 0 0 0 2 0 0 1 0 0 0
0.014959836326427695 0 1 0 0 3 2 0 0 1 0 0 2 3 0 0 0
-0.014959836326427695 0 1 0 0 3 2 0 0 2 0 0 1 3 0 0 0
0.0021122455836776366 0 1 0 0 3 3 2 0 1 0 0 2 3 3 0 0
-0.0021122455836776366 0 1 0 0 3 3 2 0 2 0 0 1 3 3 0 0
0.002112245583677627 0 1 0 0 0 2 0 0 1 0 0 0 2 0 0 0
-0.002112245583677627 0 1 0 0 0 2 0 0 2 0 0 0 1 0 0 0
-0.016813659880807217 0 1 0 0 0 2 0 0 0 1 0 0 0 2 0 0
0.016813659880807217 0 1 0 0 0 2 0 0 0 2 0 0 0 1 0 0
-0.014959836326427715 0 1 0 0 0 3 2 0 1 0 0 0 2 3 0 0
0.014959836326427715 0 1 0 0 0 3 2 0 2 0 0 0 1 3 0 0
-0.01681365988080725 0 1 0 0 0 0 2 0 0 1 0 0 0 0 2 0
0.01681365988080725 0 1 0 0 0 0 2 0 0 2 0 0 0 0 1 0
-0.01349408381571279 0 1 0 0 0 0 0 2 0 1 0 0 0 0 0 2
0.01349408381571279 0 1 0 0 0 0 0 2 0 2 0 0 0 0 0 1
0.000813431866190818 0 2 1 1 3 2 0 0 0 3 0 3 3 0 0 0
0.00011485204981480531 0 2 1 1 3 3 2 0 0 3 0 3 3 3 0 0
0.00011485204981480551 0 2 1 0 1 2 0 0 0 3 0 0 3 0 0 0
-0.0008134318661908185 0 2 1 0 1 3 2 0 0 3 0 0 3 3 0 0
-0.01688332582131985 0 2 1 0 0 0 0 0 1 2 0 0 0 0 0 0
0.01688332582131985 0 2 1 0 0 0 0 0 2 1 0 0 0 0 0 0
0.026725416922149334 0 2 1 0 0 0 0 0 0 1 2 0 0 0 0 0
-0.026725416922149334 0 2 1 0 0 0 0 0 0 2 1 0 0 0 0 0
0.015350991845571866 0 2 2 1 3 1 0 0 0 3 0 3 3 0 0 0
0.002167474564785118 0 2 2 1 3 3 1 0 0 3 0 3 3 3 0 0
0.01616442371176269 0 2 2 2 3 2 0 0 0 3 0 3 3 0 0 0
0.0022823266145999225 0 2 2 2 3 3 2 0 0 3 0 3 3 3 0 0
-0.0007909683067650728 0 2 2 3 3 3 3 3 1 0 3 3 3 3 3 1
-0.0007909683067650728 0 2 2 3 3 3 3 3 2 0 3 3 3 3 3 2
-0.023213885520214597 0 2 2 3 3 3 3 3 0 3 1 3 3 3 3 1
-0.023213885520214597 0 2 2 3 3 3 3 3 0 3 2 3 3 3 3 2
0.0021674745647851244 0 2 2 0 1 1 0 0 0 3 0 0 3 0 0 0
-0.015350991845571904 0 2 2 0 1 3 1 0 0 3 0 0 3 3 0 0
0.0022823266145999303 0 2 2 0 2 2 0 0 0 3 0 0 3 0 0 0
-0.01616442371176272 0 2 2 0 2 3 2 0 0 3 0 0 3 3 0 0
0.0030867741516085326 0 2 2 0 3 3 3 0 0 3 0 1 3 3 1 0
0.0030867741516085326 0 2 2 0 3 3 3 0 0 3 0 2 3 3 2 0
0.021861868923551724 0 2 2 0 3 3 0 0 0 3 0 1 3 1 0 0
0.021861868923551724 0 2 2 0 3 3 0 0 0 3 0 2 3 2 0 0
-0.02186186892355176 0 2 2 0 0 3 3 0 0 3 0 0 1 3 1 0
-0.02186186892355176 0 2 2 0 0 3 3 0 0 3 0 0 2 3 2 0
0.0030867741516085356 0 2 2 0 0 3 0 0 0 3 0 0 1 1 0 0
0.0030867741516085356 0 2 2 0 0 3 0 0 0 3 0 0 2 2 0 0
0.0009192995868234148 0 2 3 1 3 3 3 0 0 3 1 3 3 3 2 0
-0.0009192995868234148 0 2 3 1 3 3 3 0 0 3 2 3 3 3 1 0
0.0065108770779798535 0 2 3 1 3 3 0 0 0 3 1 3 3 2 0 0
-0.0065108770779798535 0 2 3 1 3 3 0 0 0 3 2 3 3 1 0 0
0.00305705743285398 0 2 3 2 3 3 3 3 0 3 3 1 3 3 3 1
0.00305705743285398 0 2 3 2 3 3 3 3 0 3 3 2 3 3 3 2
0.003057057432853985 0 2 3 3 2 3 3 3 0 3 3 3 1 3 3 1
0.003057057432853985 0 2 3 3 2 3 3 3 0 3 3 3 2 3 3 2
0.004385987601953709 0 2 3 3 3 2 3 3 0 3 3 3 3 1 3 1
0.004385987601953709 0 2 3 3 3 2 3 3 0 3 3 3 3 2 3 2
0.004385987601953717 0 2 3 3 3 3 2 3 0 3 3 3 3 3 1 1
0.004385987601953717 0 2 3 3 3 3 2 3 0 3 3 3 3 3 2 2
-0.01642058592955635 0 2 3 3 3 3 3 2 3 3 3 3 3 3 3 0
-0.005993039893701574 0 2 3 3 3 3 3 2 0 3 3 3 3 3 0 0
-0.07635756323947641 0 2 3 3 3 3 3 2 0 3 3 3 3 3 3 0
-0.0065014643704814365 0 2 3 3 3 3 3 2 0 3 3 3 3 3 3 3
-0.005993039893701553 0 2 3 3 3 3 3 2 0 3 3 3 3 0 3 0
-0.008502514826060896 0 2 3 3 3 3 3 2 0 3 3 3 0 3 3 0
-0.008502514826060894 0 2 3 3 3 3 3 2 0 3 3 0 3 3 3 0
0.003920407398611299 0 2 3 3 3 3 3 2 0 3 0 3 3 3 3 0
-0.00024169558350974697 0 2 3 3 3 3 3 2 0 0 3 3 3 3 3 0
-0.001607052291747857 0 2 3 3 3 3 0 2 0 3 3 3 3 3 3 0
-0.001607052291747844 0 2 3 3 3 0 3 2 0 3 3 3 3 3 3 0
-0.0054454573932069105 0 2 3 3 0 3 3 2 0 3 3 3 3 3 3 0
-0.006510877077979863 0 2 3 0 1 3 3 0 0 3 1 0 3 3 2 0
0.006510877077979863 0 2 3 0 1 3 3 0 0 3 2 0 3 3 1 0
0.0009192995868234113 0 2 3 0 1 3 0 0 0 3 1 0 3 2 0 0
-0.0009192995868234113 0 2 3 0 1 3 0 0 0 3 2 0 3 1 0 0
-0.005697445211789035 0 2 3 0 3 2 0 0 0 3 1 1 3 0 0 0
-0.005697445211789035 0 2 3 0 3 2 0 0 0 3 2 2 3 0 0 0
-0.0008044475370086097 0 2 3 0 3 3 2 0 0 3 1 1 3 3 0 0
-0.0008044475370086097 0 2 3 0 3 3 2 0 0 3 2 2 3 3 0 0
-0.005445457393206914 0 2 3 0 3 3 3 2 0 3 3 3 3 3 3 0
-0.0008044475370086059 0 2 3 0 0 2 0 0 0 3 1 0 1 0 0 0
-0.0008044475370086059 0 2 3 0 0 2 0 0 0 3 2 0 2 0 0 0
0.005697445211789043 0 2 3 0 0 3 2 0 0 3 1 0 1 3 0 0
0.005697445211789043 0 2 3 0 0 3 2 0 0 3 2 0 2 3 0 0
0.01205123514722929 0 2 0 1 0 0 0 0 0 1 0 2 0 0 0 0
-0.01205123514722929 0 2 0 1 0 0 0 0 0 2 0 1 0 0 0 0
0.0014288865535392907 0 2 0 2 3 3 3 0 1 0 0 3 3 3 1 0
0.0014288865535392907 0 2 0 2 3 3 3 0 2 0 0 3 3 3 2 0
0.010119992265654782 0 2 0 2 3 3 0 0 1 0 0 3 3 1 0 0
0.010119992265654782 0 2 0 2 3 3 0 0 2 0 0 3 3 2 0 0
0.01088171278743005 0 2 0 3 3 3 3 1 1 0 2 3 3 3 3 0
-0.01088171278743005 0 2 0 3 3 3 3 1 2 0 1 3 3 3 3 0
-0.019293478121603303 0 2 0 3 3 3 3 2 0 3 3 3 3 3 3 0
0.012051235147229307 0 2 0 0 1 0 0 0 0 1 0 0 2 0 0 0
-0.012051235147229307 0 2 0 0 1 0 0 0 0 2 0 0 1 0 0 0
-0.010119992265654798 0 2 0 0 2 3 3 0 1 0 0 0 3 3 1 0
-0.010119992265654798 0 2 0 0 2 3 3 0 2 0 0 0 3 3 2 0
0.0014288865535392846 0 2 0 0 2 3 0 0 1 0 0 0 3 1 0 0
0.0014288865535392846 0 2 0 0 2 3 0 0 2 0 0 0 3 2 0 0
-0.014959836326427695 0 2 0 0 3 1 0 0 1 0 0 2 3 0 0 0
0.014959836326427695 0 2 0 0 3 1 0 0 2 0 0 1 3 0 0 0
-0.0021122455836776366 0 2 0 0 3 3 1 0 1 0 0 2 3 3 0 0
0.0021122455836776366 0 2 0 0 3 3 1 0 2 0 0 1 3 3 0 0
-0.002112245583677627 0 2 0 0 0 1 0 0 1 0 0 0 2 0 0 0
0.002112245583677627 0 2 0 0 0 1 0 0 2 0 0 0 1 0 0 0
0.016813659880807217 0 2 0 0 0 1 0 0 0 1 0 0 0 2 0 0
-0.016813659880807217 0 2 0 0 0 1 0 0 0 2 0 0 0 1 0 0
0.014959836326427715 0 2 0 0 0 3 1 0 1 0 0 0 2 3 0 0
-0.014959836326427715 0 2 0 0 0 3 1 0 2 0 0 0 1 3 0 0
0.01681365988080725 0 2 0 0 0 0 1 0 0 1 0 0 0 0 2 0
-0.01681365988080725 0 2 0 0 0 0 1 0 0 2 0 0 0 0 1 0
0.01349408381571279 0 2 0 0 0 0 0 1 0 1 0 0 0 0 0 2
-0.01349408381571279 0 2 0 0 0 0 0 1 0 2 0 0 0 0 0 1
1.2462841891484737 0 3 0 0 0 0 0 0 0 0 0 0 0 0 0 0
0.0019682977405441975 0 3 1 1 0 0 0 0 1 3 0 1 0 0 0 0
0.0019682977405441975 0 3 1 1 0 0 0 0 2 3 0 2 0 0 0 0
0.01783006411347777 0 3 1 3 3 3 3 1 1 1 3 3 3 3 3 0
0.01783006411347777 0 3 1 3 3 3 3 1 2 2 3 3 3 3 3 0
0.001968297740544199 0 3 1 0 1 0 0 0 1 3 0 0 1 0 0 0
0.001968297740544199 0 3 1 0 1 0 0 0 2 3 0 0 2 0 0 0
0.0044328033021143395 0 3 1 0 0 1 0 0 1 3 0 0 0 1 0 0
0.0044328033021143395 0 3 1 0 0 1 0 0 2 3 0 0 0 2 0 0
0.004432803302114347 0 3 1 0 0 0 1 0 1 3 0 0 0 0 1 0
0.004432803302114347 0 3 1 0 0 0 1 0 2 3 0 0 0 0 2 0
-0.004715848289078464 0 3 1 0 0 0 0 1 1 3 0 0 0 0 0 1
-0.004715848289078464 0 3 1 0 0 0 0 1 2 3 0 0 0 0 0 2
0.0019682977405441975 0 3 2 2 0 0 0 0 1 3 0 1 0 0 0 0
0.0019682977405441975 0 3 2 2 0 0 0 0 2 3 0 2 0 0 0 0
0.01783006411347777 0 3 2 3 3 3 3 2 1 1 3 3 3 3 3 0
0.01783006411347777 0 3 2 3 3 3 3 2 2 2 3 3 3 3 3 0
0.001968297740544199 0 3 2 0 2 0 0 0 1 3 0 0 1 0 0 0
0.001968297740544199 0 3 2 0 2 0 0 0 2 3 0 0 2 0 0 0
0.0044328033021143395 0 3 2 0 0 2 0 0 1 3 0 0 0 1 0 0
0.0044328033021143395 0 3 2 0 0 2 0 0 2 3 0 0 0 2 0 0
0.004432803302114347 0 3 2 0 0 0 2 0 1 3 0 0 0 0 1 0
0.004432803302114347 0 3 2 0 0 0 2 0 2 3 0 0 0 0 2 0
-0.004715848289078464 0 3 2 0 0 0 0 2 1 3 0 0 0 0 0 1
-0.004715848289078464 0 3 2 0 0 0 0 2 2 3 0 0 0 0 0 2
0.06157834668695615 0 3 3 0 0 0 0 0 0 0 0 0 0 0 0 0
0.010062540477481714 0 3 3 1 0 1 3 3 1 3 3 0 0 3 3 1
0.010062540477481714 0 3 3 1 0 1 3 3 2 3 3 0 0 3 3 2
0.0014207746809763106 0 3 3 1 0 0 1 3 1 3 3 0 0 0 3 1
0.0014207746809763106 0 3 3 1 0 0 1 3 2 3 3 0 0 0 3 2
0.004073981117607693 0 3 3 1 0 0 3 2 1 3 3 0 0 2 3 0
-0.004073981117607693 0 3 3 1 0 0 3 2 2 3 3 0 0 1 3 0
0.000575223447361593 0 3 3 1 0 0 0 2 1 3 3 0 0 0 2 0
-0.000575223447361593 0 3 3 1 0 0 0 2 2 3 3 0 0 0 1 0
0.010062540477481714 0 3 3 2 0 2 3 3 1 3 3 0 0 3 3 1
0.010062540477481714 0 3 3 2 0 2 3 3 2 3 3 0 0 3 3 2
0.0014207746809763106 0 3 3 2 0 0 2 3 1 3 3 0 0 0 3 1
0.0014207746809763106 0 3 3 2 0 0 2 3 2 3 3 0 0 0 3 2
-0.004073981117607693 0 3 3 2 0 0 3 1 1 3 3 0 0 2 3 0
0.004073981117607693 0 3 3 2 0 0 3 1 2 3 3 0 0 1 3 0
-0.000575223447361593 0 3 3 2 0 0 0 1 1 3 3 0 0 0 2 0
0.000575223447361593 0 3 3 2 0 0 0 1 2 3 3 0 0 0 1 0
0.0014207746809763145 0 3 3 3 1 1 3 3 1 3 3 3 0 3 3 1
0.0014207746809763145 0 3 3 3 1 1 3 3 2 3 3 3 0 3 3 2
-0.010062540477481731 0 3 3 3 1 0 1 3 1 3 3 3 0 0 3 1
-0.010062540477481731 0 3 3 3 1 0 1 3 2 3 3 3 0 0 3 2
0.0005752234473615905 0 3 3 3 1 0 3 2 1 3 3 3 0 2 3 0
-0.0005752234473615905 0 3 3 3 1 0 3 2 2 3 3 3 0 1 3 0
-0.004073981117607698 0 3 3 3 1 0 0 2 1 3 3 3 0 0 2 0
0.004073981117607698 0 3 3 3 1 0 0 2 2 3 3 3 0 0 1 0
0.0014207746809763145 0 3 3 3 2 2 3 3 1 3 3 3 0 3 3 1
0.0014207746809763145 0 3 3 3 2 2 3 3 2 3 3 3 0 3 3 2
-0.010062540477481731 0 3 3 3 2 0 2 3 1 3 3 3 0 0 3 1
-0.010062540477481731 0 3 3 3 2 0 2 3 2 3 3 3 0 0 3 2
-0.0005752234473615905 0 3 3 3 2 0 3 1 1 3 3 3 0 2 3 0
0.0005752234473615905 0 3 3 3 2 0 3 1 2 3 3 3 0 1 3 0
0.004073981117607698 0 3 3 3 2 0 0 1 1 3 3 3 0 0 2 0
-0.004073981117607698 0 3 3 3 2 0 0 1 2 3 3 3 0 0 1 0
-0.0010144496744358348 0 3 3 3 3 1 3 1 1 3 3 3 1 3 3 0
-0.0010144496744358348 0 3 3 3 3 1 3 1 2 3 3 3 2 3 3 0
-0.0010144496744358348 0 3 3 3 3 2 3 2 1 3 3 3 1 3 3 0
-0.0010144496744358348 0 3 3 3 3 2 3 2 2 3 3 3 2 3 3 0
-0.00024169558350974697 0 3 3 3 3 3 3 3 0 1 3 3 3 3 3 1
-0.00024169558350974697 0 3 3 3 3 3 3 3 0 2 3 3 3 3 3 2
0.0071847711308904985 0 3 3 3 3 0 1 1 1 3 3 3 1 0 3 0
0.0071847711308904985 0 3 3 3 3 0 1 1 2 3 3 3 2 0 3 0
0.0071847711308904985 0 3 3 3 3 0 2 2 1 3 3 3 1 0 3 0
0.0071847711308904985 0 3 3 3 3 0 2 2 2 3 3 3 2 0 3 0
0.00040632500654047966 0 3 3 3 3 0 3 3 1 3 3 3 1 1 3 1
-0.00043922622707424425 0 3 3 3 3 0 3 3 1 3 3 3 1 2 3 2
0.0008455512336147239 0 3 3 3 3 0 3 3 1 3 3 3 2 2 3 1
0.0008455512336147239 0 3 3 3 3 0 3 3 2 3 3 3 1 1 3 2
-0.00043922622707424425 0 3 3 3 3 0 3 3 2 3 3 3 2 1 3 1
0.00040632500654047966 0 3 3 3 3 0 3 3 2 3 3 3 2 2 3 2
-0.0028777693465912345 0 3 3 3 3 0 0 3 1 3 3 3 1 0 1 1
0.0031107900132828006 0 3 3 3 3 0 0 3 1 3 3 3 1 0 2 2
-0.005988559359874034 0 3 3 3 3 0 0 3 1 3 3 3 2 0 2 1
-0.005988559359874034 0 3 3 3 3 0 0 3 2 3 3 3 1 0 1 2
0.0031107900132828006 0 3 3 3 3 0 0 3 2 3 3 3 2 0 1 1
-0.0028777693465912345 0 3 3 3 3 0 0 3 2 3 3 3 2 0 2 2
-0.007184771130890487 0 3 3 3 0 1 3 1 1 3 3 1 0 3 3 0
-0.007184771130890487 0 3 3 3 0 1 3 1 2 3 3 2 0 3 3 0
-0.007184771130890487 0 3 3 3 0 2 3 2 1 3 3 1 0 3 3 0
-0.007184771130890487 0 3 3 3 0 2 3 2 2 3 3 2 0 3 3 0
-0.0010144496744358387 0 3 3 3 0 0 1 1 1 3 3 1 0 0 3 0
-0.0010144496744358387 0 3 3 3 0 0 1 1 2 3 3 2 0 0 3 0
-0.0010144496744358387 0 3 3 3 0 0 2 2 1 3 3 1 0 0 3 0
-0.0010144496744358387 0 3 3 3 0 0 2 2 2 3 3 2 0 0 3 0
0.002877769346591227 0 3 3 3 0 0 3 3 1 3 3 1 0 1 3 1
-0.0031107900132827954 0 3 3 3 0 0 3 3 1 3 3 1 0 2 3 2
0.005988559359874021 0 3 3 3 0 0 3 3 1 3 3 2 0 2 3 1
0.005988559359874021 0 3 3 3 0 0 3 3 2 3 3 1 0 1 3 2
-0.0031107900132827954 0 3 3 3 0 0 3 3 2 3 3 2 0 1 3 1
0.002877769346591227 0 3 3 3 0 0 3 3 2 3 3 2 0 2 3 2
0.0004063250065404719 0 3 3 3 0 0 0 3 1 3 3 1 0 0 1 1
-0.0004392262270742457 0 3 3 3 0 0 0 3 1 3 3 1 0 0 2 2
0.0008455512336147176 0 3 3 3 0 0 0 3 1 3 3 2 0 0 2 1
0.0008455512336147176 0 3 3 3 0 0 0 3 2 3 3 1 0 0 1 2
-0.0004392262270742457 0 3 3 3 0 0 0 3 2 3 3 2 0 0 1 1
0.0004063250065404719 0 3 3 3 0 0 0 3 2 3 3 2 0 0 2 2
-0.007462589093889868 0 3 3 3 0 0 0 0 1 3 1 0 0 0 0 0
-0.007462589093889868 0 3 3 3 0 0 0 0 2 3 2 0 0 0 0 0
-0.007462589093889878 0 3 3 0 3 0 0 0 1 3 1 0 0 0 0 0
-0.007462589093889878 0 3 3 0 3 0 0 0 2 3 2 0 0 0 0 0
-0.004099616221797264 0 3 3 0 0 3 0 0 1 3 1 0 0 0 0 0
-0.004099616221797264 0 3 3 0 0 3 0 0 2 3 2 0 0 0 0 0
-0.004099616221797272 0 3 3 0 0 0 3 0 1 3 1 0 0 0 0 0
-0.004099616221797272 0 3 3 0 0 0 3 0 2 3 2 0 0 0 0 0
-0.010514913579505632 0 3 3 0 0 0 0 3 1 3 1 0 0 0 0 0
-0.010514913579505632 0 3 3 0 0 0 0 3 2 3 2 0 0 0 0 0
-0.0826936455958854 0 3 3 0 0 0 0 0 1 3 1 0 0 0 0 0
-0.009430886834434065 0 3 3 0 0 0 0 0 1 3 1 3 0 0 0 0
-0.009430886834434077 0 3 3 0 0 0 0 0 1 3 1 0 3 0 0 0
-0.008532419523911604 0 3 3 0 0 0 0 0 1 3 1 0 0 3 0 0
-0.00853241952391162 0 3 3 0 0 0 0 0 1 3 1 0 0 0 3 0
-0.0057990652904271675 0 3 3 0 0 0 0 0 1 3 1 0 0 0 0 3
-0.017600436139760058 0 3 3 0 0 0 0 0 1 0 1 0 0 0 0 0
-0.0826936455958854 0 3 3 0 0 0 0 0 2 3 2 0 0 0 0 0
-0.009430886834434065 0 3 3 0 0 0 0 0 2 3 2 3 0 0 0 0
-0.009430886834434077 0 3 3 0 0 0 0 0 2 3 2 0 3 0 0 0
-0.008532419523911604 0 3 3 0 0 0 0 0 2 3 2 0 0 3 0 0
-0.00853241952391162 0 3 3 0 0 0 0 0 2 3 2 0 0 0 3 0
-0.0057990652904271675 0 3 3 0 0 0 0 0 2 3 2 0 0 0 0 3
-0.017600436139760058 0 3 3 0 0 0 0 0 2 0 2 0 0 0 0 0
-0.023081460276303672 0 3 0 1 3 1 0 0 1 1 0 3 3 0 0 0
-0.023081460276303672 0 3 0 1 3 1 0 0 2 2 0 3 3 0 0 0
-0.0032589736591787394 0 3 0 1 3 3 1 0 1 1 0 3 3 3 0 0
-0.0032589736591787394 0 3 0 1 3 3 1 0 2 2 0 3 3 3 0 0
-0.023081460276303672 0 3 0 2 3 2 0 0 1 1 0 3 3 0 0 0
-0.023081460276303672 0 3 0 2 3 2 0 0 2 2 0 3 3 0 0 0
-0.0032589736591787394 0 3 0 2 3 3 2 0 1 1 0 3 3 3 0 0
-0.0032589736591787394 0 3 0 2 3 3 2 0 2 2 0 3 3 3 0 0
0.07414675667101127 0 3 0 3 0 0 0 0 0 0 0 0 0 0 0 0
0.017039095806712694 0 3 0 3 3 3 3 3 1 1 1 3 3 3 3 1
0.006948351326047718 0 3 0 3 3 3 3 3 1 1 2 3 3 3 3 2
0.010090744480664977 0 3 0 3 3 3 3 3 1 2 2 3 3 3 3 1
0.010090744480664977 0 3 0 3 3 3 3 3 2 1 1 3 3 3 3 2
0.006948351326047718 0 3 0 3 3 3 3 3 2 2 1 3 3 3 3 1
0.017039095806712694 0 3 0 3 3 3 3 3 2 2 2 3 3 3 3 2
-0.0032589736591787434 0 3 0 0 1 1 0 0 1 1 0 0 3 0 0 0
-0.0032589736591787434 0 3 0 0 1 1 0 0 2 2 0 0 3 0 0 0
0.023081460276303707 0 3 0 0 1 3 1 0 1 1 0 0 3 3 0 0
0.023081460276303707 0 3 0 0 1 3 1 0 2 2 0 0 3 3 0 0
-0.0032589736591787434 0 3 0 0 2 2 0 0 1 1 0 0 3 0 0 0
-0.0032589736591787434 0 3 0 0 2 2 0 0 2 2 0 0 3 0 0 0
0.023081460276303707 0 3 0 0 2 3 2 0 1 1 0 0 3 3 0 0
0.023081460276303707 0 3 0 0 2 3 2 0 2 2 0 0 3 3 0 0
0.07414675667101138 0 3 0 0 3 0 0 0 0 0 0 0 0 0 0 0
-0.0018300871056394497 0 3 0 0 3 3 3 0 1 1 0 1 3 3 1 0
-0.0011467280755011037 0 3 0 0 3 3 3 0 1 1 0 2 3 3 2 0
-0.0006833590301383461 0 3 0 0 3 3 3 0 1 2 0 2 3 3 1 0
-0.0006833590301383461 0 3 0 0 3 3 3 0 2 1 0 1 3 3 2 0
-0.0011467280755011037 0 3 0 0 3 3 3 0 2 2 0 1 3 3 1 0
-0.0018300871056394497 0 3 0 0 3 3 3 0 2 2 0 2 3 3 2 0
-0.012961468010648888 0 3 0 0 3 3 0 0 1 1 0 1 3 1 0 0
-0.008121623949875976 0 3 0 0 3 3 0 0 1 1 0 2 3 2 0 0
-0.004839844060772912 0 3 0 0 3 3 0 0 1 2 0 2 3 1 0 0
-0.004839844060772912 0 3 0 0 3 3 0 0 2 1 0 1 3 2 0 0
-0.008121623949875976 0 3 0 0 3 3 0 0 2 2 0 1 3 1 0 0
-0.012961468010648888 0 3 0 0 3 3 0 0 2 2 0 2 3 2 0 0
0.07024492019988361 0 3 0 0 0 3 0 0 0 0 0 0 0 0 0 0
0.012961468010648911 0 3 0 0 0 3 3 0 1 1 0 0 1 3 1 0
0.008121623949875999 0 3 0 0 0 3 3 0 1 1 0 0 2 3 2 0
0.0048398440607729165 0 3 0 0 0 3 3 0 1 2 0 0 2 3 1 0
0.0048398440607729165 0 3 0 0 0 3 3 0 2 1 0 0 1 3 2 0
0.008121623949875999 0 3 0 0 0 3 3 0 2 2 0 0 1 3 1 0
0.012961468010648911 0 3 0 0 0 3 3 0 2 2 0 0 2 3 2 0
-0.0018300871056394588 0 3 0 0 0 3 0 0 1 1 0 0 1 1 0 0
-0.001146728075501116 0 3 0 0 0 3 0 0 1 1 0 0 2 2 0 0
-0.0006833590301383427 0 3 0 0 0 3 0 0 1 2 0 0 2 1 0 0
-0.0006833590301383427 0 3 0 0 0 3 0 0 2 1 0 0 1 2 0 0
-0.001146728075501116 0 3 0 0 0 3 0 0 2 2 0 0 1 1 0 0
-0.0018300871056394588 0 3 0 0 0 3 0 0 2 2 0 0 2 2 0 0
0.07024492019988376 0 3 0 0 0 0 3 0 0 0 0 0 0 0 0 0
0.0761162740538198 0 3 0 0 0 0 0 3 0 0 0 0 0 0 0 0
-0.0019457301969799435 0 3 0 0 0 0 0 0 1 3 1 0 0 0 0 0
-0.0019457301969799435 0 3 0 0 0 0 0 0 2 3 2 0 0 0 0 0
0.08762259570559472 0 3 0 0 0 0 0 0 3 0 0 0 0 0 0 0
0.08741080701607477 0 3 0 0 0 0 0 0 0 3 0 0 0 0 0 0
0.0883037636091055 0 3 0 0 0 0 0 0 0 0 3 0 0 0 0 0
0.08619799181824056 0 3 0 0 0 0 0 0 0 0 0 3 0 0 0 0
0.08619799181824069 0 3 0 0 0 0 0 0 0 0 0 0 3 0 0 0
0.08705858008069084 0 3 0 0 0 0 0 0 0 0 0 0 0 3 0 0
0.087058580080691 0 3 0 0 0 0 0 0 0 0 0 0 0 0 3 0
0.08961035786953259 0 3 0 0 0 0 0 0 0 0 0 0 0 0 0 3
-0.0008044475370086097 0 0 1 1 3 3 3 0 0 1 0 3 3 3 1 0
-0.0008044475370086097 0 0 1 1 3 3 3 0 0 2 0 3 3 3 2 0
-0.005697445211789035 0 0 1 1 3 3 0 0 0 1 0 3 3 1 0 0
-0.005697445211789035 0 0 1 1 3 3 0 0 0 2 0 3 3 2 0 0
0.019057127164579864 0 0 1 1 0 1 3 1 0 0 3 0 0 3 3 0
-0.0008879112256994525 0 0 1 1 0 2 3 2 0 0 3 0 0 3 3 0
0.002690760233777167 0 0 1 1 0 0 1 1 0 0 3 0 0 0 3 0
-0.0001253681206303222 0 0 1 1 0 0 2 2 0 0 3 0 0 0 3 0
-0.002315824314372847 0 0 1 1 0 0 3 3 0 0 3 0 0 1 3 1
-0.002315824314372847 0 0 1 1 0 0 3 3 0 0 3 0 0 2 3 2
-0.000326981497248467 0 0 1 1 0 0 0 3 0 0 3 0 0 0 1 1
-0.000326981497248467 0 0 1 1 0 0 0 3 0 0 3 0 0 0 2 2
0.019945038390279314 0 0 1 2 0 2 3 1 0 0 3 0 0 3 3 0
0.0028161283544074892 0 0 1 2 0 0 2 1 0 0 3 0 0 0 3 0
-0.005365046662224692 0 0 1 2 0 0 0 0 0 0 1 2 0 0 0 0
0.005365046662224692 0 0 1 2 0 0 0 0 0 0 2 1 0 0 0 0
0.002690760233777176 0 0 1 3 1 1 3 1 0 0 3 3 0 3 3 0
-0.00012536812063032203 0 0 1 3 1 2 3 2 0 0 3 3 0 3 3 0
-0.01905712716457989 0 0 1 3 1 0 1 1 0 0 3 3 0 0 3 0
0.0008879112256994543 0 0 1 3 1 0 2 2 0 0 3 3 0 0 3 0
-0.00032698149724846566 0 0 1 3 1 0 3 3 0 0 3 3 0 1 3 1
-0.00032698149724846566 0 0 1 3 1 0 3 3 0 0 3 3 0 2 3 2
0.00231582431437285 0 0 1 3 1 0 0 3 0 0 3 3 0 0 1 1
0.00231582431437285 0 0 1 3 1 0 0 3 0 0 3 3 0 0 2 2
0.0028161283544074975 0 0 1 3 2 2 3 1 0 0 3 3 0 3 3 0
-0.01994503839027935 0 0 1 3 2 0 2 1 0 0 3 3 0 0 3 0
0.0002016133766181437 0 0 1 3 3 2 3 3 0 0 3 3 1 3 3 2
-0.0002016133766181437 0 0 1 3 3 2 3 3 0 0 3 3 2 3 3 1
0.023213885520214597 0 0 1 3 3 3 3 2 0 1 2 3 3 3 3 0
-0.023213885520214597 0 0 1 3 3 3 3 2 0 2 1 3 3 3 3 0
-0.0014279130886733962 0 0 1 3 3 0 2 3 0 0 3 3 1 0 3 2
0.0014279130886733962 0 0 1 3 3 0 2 3 0 0 3 3 2 0 3 1
0.003017741731025641 0 0 1 3 3 0 3 1 0 0 3 3 1 1 3 0
0.003017741731025641 0 0 1 3 3 0 3 1 0 0 3 3 2 2 3 0
-0.021372951478952747 0 0 1 3 3 0 0 1 0 0 3 3 1 0 1 0
-0.021372951478952747 0 0 1 3 3 0 0 1 0 0 3 3 2 0 2 0
0.001427913088673394 0 0 1 3 0 2 3 3 0 0 3 1 0 3 3 2
-0.001427913088673394 0 0 1 3 0 2 3 3 0 0 3 2 0 3 3 1
0.00020161337661814486 0 0 1 3 0 0 2 3 0 0 3 1 0 0 3 2
-0.00020161337661814486 0 0 1 3 0 0 2 3 0 0 3 2 0 0 3 1
0.021372951478952705 0 0 1 3 0 0 3 1 0 0 3 1 0 1 3 0
0.021372951478952705 0 0 1 3 0 0 3 1 0 0 3 2 0 2 3 0
0.0030177417310256346 0 0 1 3 0 0 0 1 0 0 3 1 0 0 1 0
0.0030177417310256346 0 0 1 3 0 0 0 1 0 0 3 2 0 0 2 0
0.005697445211789043 0 0 1 0 1 3 3 0 0 1 0 0 3 3 1 0
0.005697445211789043 0 0 1 0 1 3 3 0 0 2 0 0 3 3 2 0
-0.0008044475370086059 0 0 1 0 1 3 0 0 0 1 0 0 3 1 0 0
-0.0008044475370086059 0 0 1 0 1 3 0 0 0 2 0 0 3 2 0 0
-0.005365046662224698 0 0 1 0 2 0 0 0 0 0 1 0 2 0 0 0
0.005365046662224698 0 0 1 0 2 0 0 0 0 0 2 0 1 0 0 0
-0.0065108770779798535 0 0 1 0 3 2 0 0 0 1 0 2 3 0 0 0
0.0065108770779798535 0 0 1 0 3 2 0 0 0 2 0 1 3 0 0 0
-0.0009192995868234148 0 0 1 0 3 3 2 0 0 1 0 2 3 3 0 0
0.0009192995868234148 0 0 1 0 3 3 2 0 0 2 0 1 3 3 0 0
-0.0009192995868234113 0 0 1 0 0 2 0 0 0 1 0 0 2 0 0 0
0.0009192995868234113 0 0 1 0 0 2 0 0 0 2 0 0 1 0 0 0
-0.005917353555419718 0 0 1 0 0 2 0 0 0 0 1 0 0 2 0 0
0.005917353555419718 0 0 1 0 0 2 0 0 0 0 2 0 0 1 0 0
0.006510877077979863 0 0 1 0 0 3 2 0 0 1 0 0 2 3 0 0
-0.006510877077979863 0 0 1 0 0 3 2 0 0 2 0 0 1 3 0 0
-0.005917353555419731 0 0 1 0 0 0 2 0 0 0 1 0 0 0 2 0
0.005917353555419731 0 0 1 0 0 0 2 0 0 0 2 0 0 0 1 0
-0.025139914163558433 0 0 1 0 0 0 0 2 0 0 1 0 0 0 0 2
0.025139914163558433 0 0 1 0 0 0 0 2 0 0 2 0 0 0 0 1
0.019945038390279314 0 0 2 1 0 1 3 2 0 0 3 0 0 3 3 0
0.0028161283544074892 0 0 2 1 0 0 1 2 0 0 3 0 0 0 3 0
0.005365046662224692 0 0 2 1 0 0 0 0 0 0 1 2 0 0 0 0
-0.005365046662224692 0 0 2 1 0 0 0 0 0 0 2 1 0 0 0 0
-0.0008044475370086097 0 0 2 2 3 3 3 0 0 1 0 3 3 3 1 0
-0.0008044475370086097 0 0 2 2 3 3 3 0 0 2 0 3 3 3 2 0
-0.005697445211789035 0 0 2 2 3 3 0 0 0 1 0 3 3 1 0 0
-0.005697445211789035 0 0 2 2 3 3 0 0 0 2 0 3 3 2 0 0
-0.0008879112256994525 0 0 2 2 0 1 3 1 0 0 3 0 0 3 3 0
0.019057127164579864 0 0 2 2 0 2 3 2 0 0 3 0 0 3 3 0
-0.0001253681206303222 0 0 2 2 0 0 1 1 0 0 3 0 0 0 3 0
0.002690760233777167 0 0 2 2 0 0 2 2 0 0 3 0 0 0 3 0
-0.002315824314372847 0 0 2 2 0 0 3 3 0 0 3 0 0 1 3 1
-0.002315824314372847 0 0 2 2 0 0 3 3 0 0 3 0 0 2 3 2
-0.000326981497248467 0 0 2 2 0 0 0 3 0 0 3 0 0 0 1 1
-0.000326981497248467 0 0 2 2 0 0 0 3 0 0 3 0 0 0 2 2
0.0028161283544074975 0 0 2 3 1 1 3 2 0 0 3 3 0 3 3 0
-0.01994503839027935 0 0 2 3 1 0 1 2 0 0 3 3 0 0 3 0
-0.00012536812063032203 0 0 2 3 2 1 3 1 0 0 3 3 0 3 3 0
0.002690760233777176 0 0 2 3 2 2 3 2 0 0 3 3 0 3 3 0
0.0008879112256994543 0 0 2 3 2 0 1 1 0 0 3 3 0 0 3 0
-0.01905712716457989 0 0 2 3 2 0 2 2 0 0 3 3 0 0 3 0
-0.00032698149724846566 0 0 2 3 2 0 3 3 0 0 3 3 0 1 3 1
-0.00032698149724846566 0 0 2 3 2 0 3 3 0 0 3 3 0 2 3 2
0.00231582431437285 0 0 2 3 2 0 0 3 0 0 3 3 0 0 1 1
0.00231582431437285 0 0 2 3 2 0 0 3 0 0 3 3 0 0 2 2
-0.0002016133766181437 0 0 2 3 3 1 3 3 0 0 3 3 1 3 3 2
0.0002016133766181437 0 0 2 3 3 1 3 3 0 0 3 3 2 3 3 1
-0.023213885520214597 0 0 2 3 3 3 3 1 0 1 2 3 3 3 3 0
0.023213885520214597 0 0 2 3 3 3 3 1 0 2 1 3 3 3 3 0
0.0014279130886733962 0 0 2 3 3 0 1 3 0 0 3 3 1 0 3 2
-0.0014279130886733962 0 0 2 3 3 0 1 3 0 0 3 3 2 0 3 1
0.003017741731025641 0 0 2 3 3 0 3 2 0 0 3 3 1 1 3 0
0.003017741731025641 0 0 2 3 3 0 3 2 0 0 3 3 2 2 3 0
-0.021372951478952747 0 0 2 3 3 0 0 2 0 0 3 3 1 0 1 0
-0.021372951478952747 0 0 2 3 3 0 0 2 0 0 3 3 2 0 2 0
-0.001427913088673394 0 0 2 3 0 1 3 3 0 0 3 1 0 3 3 2
0.001427913088673394 0 0 2 3 0 1 3 3 0 0 3 2 0 3 3 1
-0.00020161337661814486 0 0 2 3 0 0 1 3 0 0 3 1 0 0 3 2
0.00020161337661814486 0 0 2 3 0 0 1 3 0 0 3 2 0 0 3 1
0.021372951478952705 0 0 2 3 0 0 3 2 0 0 3 1 0 1 3 0
0.021372951478952705 0 0 2 3 0 0 3 2 0 0 3 2 0 2 3 0
0.0030177417310256346 0 0 2 3 0 0 0 2 0 0 3 1 0 0 1 0
0.0030177417310256346 0 0 2 3 0 0 0 2 0 0 3 2 0 0 2 0
0.005365046662224698 0 0 2 0 1 0 0 0 0 0 1 0 2 0 0 0
-0.005365046662224698 0 0 2 0 1 0 0 0 0 0 2 0 1 0 0 0
0.005697445211789043 0 0 2 0 2 3 3 0 0 1 0 0 3 3 1 0
0.005697445211789043 0 0 2 0 2 3 3 0 0 2 0 0 3 3 2 0
-0.0008044475370086059 0 0 2 0 2 3 0 0 0 1 0 0 3 1 0 0
-0.0008044475370086059 0 0 2 0 2 3 0 0 0 2 0 0 3 2 0 0
0.0065108770779798535 0 0 2 0 3 1 0 0 0 1 0 2 3 0 0 0
-0.0065108770779798535 0 0 2 0 3 1 0 0 0 2 0 1 3 0 0 0
0.0009192995868234148 0 0 2 0 3 3 1 0 0 1 0 2 3 3 0 0
-0.0009192995868234148 0 0 2 0 3 3 1 0 0 2 0 1 3 3 0 0
0.0009192995868234113 0 0 2 0 0 1 0 0 0 1 0 0 2 0 0 0
-0.0009192995868234113 0 0 2 0 0 1 0 0 0 2 0 0 1 0 0 0
0.005917353555419718 0 0 2 0 0 1 0 0 0 0 1 0 0 2 0 0
-0.005917353555419718 0 0 2 0 0 1 0 0 0 0 2 0 0 1 0 0
-0.006510877077979863 0 0 2 0 0 3 1 0 0 1 0 0 2 3 0 0
0.006510877077979863 0 0 2 0 0 3 1 0 0 2 0 0 1 3 0 0
0.005917353555419731 0 0 2 0 0 0 1 0 0 0 1 0 0 0 2 0
-0.005917353555419731 0 0 2 0 0 0 1 0 0 0 2 0 0 0 1 0
0.025139914163558433 0 0 2 0 0 0 0 1 0 0 1 0 0 0 0 2
-0.025139914163558433 0 0 2 0 0 0 0 1 0 0 2 0 0 0 0 1
1.132845749954984 0 0 3 0 0 0 0 0 0 0 0 0 0 0 0 0
0.021861868923551724 0 0 3 1 3 1 0 0 0 1 1 3 3 0 0 0
0.021861868923551724 0 0 3 1 3 1 0 0 0 2 2 3 3 0 0 0
0.0030867741516085326 0 0 3 1 3 3 1 0 0 1 1 3 3 3 0 0
0.0030867741516085326 0 0 3 1 3 3 1 0 0 2 2 3 3 3 0 0
-0.00305705743285398 0 0 3 1 3 3 3 2 0 1 3 2 3 3 3 0
0.00305705743285398 0 0 3 1 3 3 3 2 0 2 3 1 3 3 3 0
0.021861868923551724 0 0 3 2 3 2 0 0 0 1 1 3 3 0 0 0
0.021861868923551724 0 0 3 2 3 2 0 0 0 2 2 3 3 0 0 0
0.0030867741516085326 0 0 3 2 3 3 2 0 0 1 1 3 3 3 0 0
0.0030867741516085326 0 0 3 2 3 3 2 0 0 2 2 3 3 3 0 0
0.00305705743285398 0 0 3 2 3 3 3 1 0 1 3 2 3 3 3 0
-0.00305705743285398 0 0 3 2 3 3 3 1 0 2 3 1 3 3 3 0
0.07905081129998634 0 0 3 3 0 0 0 0 0 0 0 0 0 0 0 0
-0.003057057432853985 0 0 3 3 1 3 3 2 0 1 3 3 2 3 3 0
0.003057057432853985 0 0 3 3 1 3 3 2 0 2 3 3 1 3 3 0
0.003057057432853985 0 0 3 3 2 3 3 1 0 1 3 3 2 3 3 0
-0.003057057432853985 0 0 3 3 2 3 3 1 0 2 3 3 1 3 3 0
-0.004385987601953709 0 0 3 3 3 1 3 2 0 1 3 3 3 2 3 0
0.004385987601953709 0 0 3 3 3 1 3 2 0 2 3 3 3 1 3 0
0.004385987601953709 0 0 3 3 3 2 3 1 0 1 3 3 3 2 3 0
-0.004385987601953709 0 0 3 3 3 2 3 1 0 2 3 3 3 1 3 0
-0.004385987601953717 0 0 3 3 3 3 1 2 0 1 3 3 3 3 2 0
0.004385987601953717 0 0 3 3 3 3 1 2 0 2 3 3 3 3 1 0
0.004385987601953717 0 0 3 3 3 3 2 1 0 1 3 3 3 3 2 0
-0.004385987601953717 0 0 3 3 3 3 2 1 0 2 3 3 3 3 1 0
-0.007727525791718705 0 0 3 3 3 3 3 3 3 1 3 3 3 3 3 1
-0.007727525791718705 0 0 3 3 3 3 3 3 3 2 3 3 3 3 3 2
-0.07635756323947641 0 0 3 3 3 3 3 3 0 1 3 3 3 3 3 1
-0.001607052291747857 0 0 3 3 3 3 3 3 0 1 3 3 3 3 0 1
-0.001607052291747844 0 0 3 3 3 3 3 3 0 1 3 3 3 0 3 1
-0.0054454573932069105 0 0 3 3 3 3 3 3 0 1 3 3 0 3 3 1
-0.005445457393206914 0 0 3 3 3 3 3 3 0 1 3 0 3 3 3 1
-0.019293478121603303 0 0 3 3 3 3 3 3 0 1 0 3 3 3 3 1
-0.07635756323947641 0 0 3 3 3 3 3 3 0 2 3 3 3 3 3 2
-0.001607052291747857 0 0 3 3 3 3 3 3 0 2 3 3 3 3 0 2
-0.001607052291747844 0 0 3 3 3 3 3 3 0 2 3 3 3 0 3 2
-0.0054454573932069105 0 0 3 3 3 3 3 3 0 2 3 3 0 3 3 2
-0.005445457393206914 0 0 3 3 3 3 3 3 0 2 3 0 3 3 3 2
-0.019293478121603303 0 0 3 3 3 3 3 3 0 2 0 3 3 3 3 2
-0.0065014643704814365 0 0 3 3 3 3 3 0 0 1 3 3 3 3 3 1
-0.0065014643704814365 0 0 3 3 3 3 3 0 0 2 3 3 3 3 3 2
-0.005993039893701574 0 0 3 3 3 3 0 3 0 1 3 3 3 3 3 1
-0.005993039893701574 0 0 3 3 3 3 0 3 0 2 3 3 3 3 3 2
-0.005993039893701553 0 0 3 3 3 0 3 3 0 1 3 3 3 3 3 1
-0.005993039893701553 0 0 3 3 3 0 3 3 0 2 3 3 3 3 3 2
-0.008502514826060896 0 0 3 3 0 3 3 3 0 1 3 3 3 3 3 1
-0.008502514826060896 0 0 3 3 0 3 3 3 0 2 3 3 3 3 3 2
0.0030867741516085356 0 0 3 0 1 1 0 0 0 1 1 0 3 0 0 0
0.0030867741516085356 0 0 3 0 1 1 0 0 0 2 2 0 3 0 0 0
-0.02186186892355176 0 0 3 0 1 3 1 0 0 1 1 0 3 3 0 0
-0.02186186892355176 0 0 3 0 1 3 1 0 0 2 2 0 3 3 0 0
0.0030867741516085356 0 0 3 0 2 2 0 0 0 1 1 0 3 0 0 0
0.0030867741516085356 0 0 3 0 2 2 0 0 0 2 2 0 3 0 0 0
-0.02186186892355176 0 0 3 0 2 3 2 0 0 1 1 0 3 3 0 0
-0.02186186892355176 0 0 3 0 2 3 2 0 0 2 2 0 3 3 0 0
0.07905081129998645 0 0 3 0 3 0 0 0 0 0 0 0 0 0 0 0
-0.008502514826060894 0 0 3 0 3 3 3 3 0 1 3 3 3 3 3 1
-0.008502514826060894 0 0 3 0 3 3 3 3 0 2 3 3 3 3 3 2
0.0022823266145999225 0 0 3 0 3 3 3 0 0 1 1 1 3 3 1 0
0.002167474564785118 0 0 3 0 3 3 3 0 0 1 1 2 3 3 2 0
0.00011485204981480531 0 0 3 0 3 3 3 0 0 1 2 2 3 3 1 0
0.00011485204981480531 0 0 3 0 3 3 3 0 0 2 1 1 3 3 2 0
0.002167474564785118 0 0 3 0 3 3 3 0 0 2 2 1 3 3 1 0
0.0022823266145999225 0 0 3 0 3 3 3 0 0 2 2 2 3 3 2 0
0.01616442371176269 0 0 3 0 3 3 0 0 0 1 1 1 3 1 0 0
0.015350991845571866 0 0 3 0 3 3 0 0 0 1 1 2 3 2 0 0
0.000813431866190818 0 0 3 0 3 3 0 0 0 1 2 2 3 1 0 0
0.000813431866190818 0 0 3 0 3 3 0 0 0 2 1 1 3 2 0 0
0.015350991845571866 0 0 3 0 3 3 0 0 0 2 2 1 3 1 0 0
0.01616442371176269 0 0 3 0 3 3 0 0 0 2 2 2 3 2 0 0
0.07891190637243477 0 0 3 0 0 3 0 0 0 0 0 0 0 0 0 0
-0.01616442371176272 0 0 3 0 0 3 3 0 0 1 1 0 1 3 1 0
-0.015350991845571904 0 0 3 0 0 3 3 0 0 1 1 0 2 3 2 0
-0.0008134318661908185 0 0 3 0 0 3 3 0 0 1 2 0 2 3 1 0
-0.0008134318661908185 0 0 3 0 0 3 3 0 0 2 1 0 1 3 2 0
-0.015350991845571904 0 0 3 0 0 3 3 0 0 2 2 0 1 3 1 0
-0.01616442371176272 0 0 3 0 0 3 3 0 0 2 2 0 2 3 2 0
0.0022823266145999303 0 0 3 0 0 3 0 0 0 1 1 0 1 1 0 0
0.0021674745647851244 0 0 3 0 0 3 0 0 0 1 1 0 2 2 0 0
0.00011485204981480551 0 0 3 0 0 3 0 0 0 1 2 0 2 1 0 0
0.00011485204981480551 0 0 3 0 0 3 0 0 0 2 1 0 1 2 0 0
0.0021674745647851244 0 0 3 0 0 3 0 0 0 2 2 0 1 1 0 0
0.0022823266145999303 0 0 3 0 0 3 0 0 0 2 2 0 2 2 0 0
0.07891190637243495 0 0 3 0 0 0 3 0 0 0 0 0 0 0 0 0
0.0685316213931046 0 0 3 0 0 0 0 3 0 0 0 0 0 0 0 0
-0.0007171103184402069 0 0 3 0 0 0 0 0 1 3 1 0 0 0 0 0
-0.0007171103184402069 0 0 3 0 0 0 0 0 2 3 2 0 0 0 0 0
0.08913181906039455 0 0 3 0 0 0 0 0 3 0 0 0 0 0 0 0
0.0883037636091055 0 0 3 0 0 0 0 0 0 3 0 0 0 0 0 0
0.09503405884240602 0 0 3 0 0 0 0 0 0 0 3 0 0 0 0 0
0.08441585796221103 0 0 3 0 0 0 0 0 0 0 0 3 0 0 0 0
0.08441585796221115 0 0 3 0 0 0 0 0 0 0 0 0 3 0 0 0
0.08482925992785449 0 0 3 0 0 0 0 0 0 0 0 0 0 3 0 0
0.08482925992785467 0 0 3 0 0 0 0 0 0 0 0 0 0 0 3 0
0.09367153555666304 0 0 3 0 0 0 0 0 0 0 0 0 0 0 0 3
-0.0009033651642219931 0 0 0 1 1 1 1 0 0 0 0 3 0 3 0 0
0.022210156397168224 0 0 0 1 1 2 2 0 0 0 0 3 0 3 0 0
0.003069595318107652 0 0 0 1 1 3 0 0 0 0 0 3 0 0 0 0
-0.0030695953181076926 0 0 0 1 1 0 3 0 0 0 0 3 0 0 0 0
-0.004036596612967099 0 0 0 1 1 0 3 0 0 0 0 3 0 1 1 0
-0.004036596612967099 0 0 0 1 1 0 3 0 0 0 0 3 0 2 2 0
-0.001163076873357998 0 0 0 1 1 0 0 0 0 0 0 3 0 3 0 0
0.0011630768733579587 0 0 0 1 1 0 0 0 0 0 0 3 0 0 3 0
-0.02311352156139021 0 0 0 1 2 2 1 0 0 0 0 3 0 3 0 0
-0.004170047834634383 0 0 0 1 2 0 0 0 0 0 0 1 2 0 0 0
0.004170047834634383 0 0 0 1 2 0 0 0 0 0 0 2 1 0 0 0
0.02624675301013532 0 0 0 1 3 2 3 0 0 0 0 3 1 3 2 0
-0.02624675301013532 0 0 0 1 3 2 3 0 0 0 0 3 2 3 1 0
-0.00423267219146565 0 0 0 1 3 2 0 0 0 0 0 3 1 2 0 0
0.00423267219146565 0 0 0 1 3 2 0 0 0 0 0 3 2 1 0 0
0.003133231448745107 0 0 0 1 3 0 1 0 0 0 0 3 1 1 0 0
0.003133231448745107 0 0 0 1 3 0 1 0 0 0 0 3 2 2 0 0
0.004232672191465651 0 0 0 1 3 0 2 0 0 0 0 3 1 0 2 0
-0.004232672191465651 0 0 0 1 3 0 2 0 0 0 0 3 2 0 1 0
0.021372951478952705 0 0 0 1 0 1 3 3 0 0 1 0 0 3 3 1
0.021372951478952705 0 0 0 1 0 1 3 3 0 0 2 0 0 3 3 2
-0.004232672191465646 0 0 0 1 0 2 3 0 0 0 0 1 0 3 2 0
0.004232672191465646 0 0 0 1 0 2 3 0 0 0 0 2 0 3 1 0
-0.033708475394226174 0 0 0 1 0 2 0 0 0 0 0 1 0 2 0 0
0.033708475394226174 0 0 0 1 0 2 0 0 0 0 0 2 0 1 0 0
0.0030177417310256346 0 0 0 1 0 0 1 3 0 0 1 0 0 0 3 1
0.0030177417310256346 0 0 0 1 0 0 1 3 0 0 2 0 0 0 3 2
-0.004232672191465646 0 0 0 1 0 0 1 0 0 0 0 1 0 1 0 0
-0.004232672191465646 0 0 0 1 0 0 1 0 0 0 0 2 0 2 0 0
-0.004328490935345833 0 0 0 1 0 0 2 0 0 0 0 1 0 0 2 0
0.004328490935345833 0 0 0 1 0 0 2 0 0 0 0 2 0 0 1 0
0.001427913088673394 0 0 0 1 0 0 3 2 0 0 1 0 0 2 3 0
-0.001427913088673394 0 0 0 1 0 0 3 2 0 0 2 0 0 1 3 0
0.00020161337661814486 0 0 0 1 0 0 0 2 0 0 1 0 0 0 2 0
-0.00020161337661814486 0 0 0 1 0 0 0 2 0 0 2 0 0 0 1 0
-0.004936784942499471 0 0 0 1 0 0 0 2 0 0 0 1 0 0 0 2
0.004936784942499471 0 0 0 1 0 0 0 2 0 0 0 2 0 0 0 1
-0.02311352156139021 0 0 0 2 1 1 2 0 0 0 0 3 0 3 0 0
0.004170047834634383 0 0 0 2 1 0 0 0 0 0 0 1 2 0 0 0
-0.004170047834634383 0 0 0 2 1 0 0 0 0 0 0 2 1 0 0 0
0.022210156397168224 0 0 0 2 2 1 1 0 0 0 0 3 0 3 0 0
-0.0009033651642219931 0 0 0 2 2 2 2 0 0 0 0 3 0 3 0 0
0.003069595318107652 0 0 0 2 2 3 0 0 0 0 0 3 0 0 0 0
-0.0030695953181076926 0 0 0 2 2 0 3 0 0 0 0 3 0 0 0 0
-0.004036596612967099 0 0 0 2 2 0 3 0 0 0 0 3 0 1 1 0
-0.004036596612967099 0 0 0 2 2 0 3 0 0 0 0 3 0 2 2 0
-0.001163076873357998 0 0 0 2 2 0 0 0 0 0 0 3 0 3 0 0
0.0011630768733579587 0 0 0 2 2 0 0 0 0 0 0 3 0 0 3 0
-0.02624675301013532 0 0 0 2 3 1 3 0 0 0 0 3 1 3 2 0
0.02624675301013532 0 0 0 2 3 1 3 0 0 0 0 3 2 3 1 0
0.00423267219146565 0 0 0 2 3 1 0 0 0 0 0 3 1 2 0 0
-0.00423267219146565 0 0 0 2 3 1 0 0 0 0 0 3 2 1 0 0
-0.004232672191465651 0 0 0 2 3 0 1 0 0 0 0 3 1 0 2 0
0.004232672191465651 0 0 0 2 3 0 1 0 0 0 0 3 2 0 1 0
0.003133231448745107 0 0 0 2 3 0 2 0 0 0 0 3 1 1 0 0
0.003133231448745107 0 0 0 2 3 0 2 0 0 0 0 3 2 2 0 0
0.004232672191465646 0 0 0 2 0 1 3 0 0 0 0 1 0 3 2 0
-0.004232672191465646 0 0 0 2 0 1 3 0 0 0 0 2 0 3 1 0
0.033708475394226174 0 0 0 2 0 1 0 0 0 0 0 1 0 2 0 0
-0.033708475394226174 0 0 0 2 0 1 0 0 0 0 0 2 0 1 0 0
0.021372951478952705 0 0 0 2 0 2 3 3 0 0 1 0 0 3 3 1
0.021372951478952705 0 0 0 2 0 2 3 3 0 0 2 0 0 3 3 2
0.004328490935345833 0 0 0 2 0 0 1 0 0 0 0 1 0 0 2 0
-0.004328490935345833 0 0 0 2 0 0 1 0 0 0 0 2 0 0 1 0
0.0030177417310256346 0 0 0 2 0 0 2 3 0 0 1 0 0 0 3 1
0.0030177417310256346 0 0 0 2 0 0 2 3 0 0 2 0 0 0 3 2
-0.004232672191465646 0 0 0 2 0 0 2 0 0 0 0 1 0 1 0 0
-0.004232672191465646 0 0 0 2 0 0 2 0 0 0 0 2 0 2 0 0
-0.001427913088673394 0 0 0 2 0 0 3 1 0 0 1 0 0 2 3 0
0.001427913088673394 0 0 0 2 0 0 3 1 0 0 2 0 0 1 3 0
-0.00020161337661814486 0 0 0 2 0 0 0 1 0 0 1 0 0 0 2 0
0.00020161337661814486 0 0 0 2 0 0 0 1 0 0 2 0 0 0 1 0
0.004936784942499471 0 0 0 2 0 0 0 1 0 0 0 1 0 0 0 2
-0.004936784942499471 0 0 0 2 0 0 0 1 0 0 0 2 0 0 0 1
1.1347549910913248 0 0 0 3 0 0 0 0 0 0 0 0 0 0 0 0
0.003017741731025641 0 0 0 3 1 1 3 3 0 0 1 3 0 3 3 1
0.003017741731025641 0 0 0 3 1 1 3 3 0 0 2 3 0 3 3 2
-0.021372951478952747 0 0 0 3 1 0 1 3 0 0 1 3 0 0 3 1
-0.021372951478952747 0 0 0 3 1 0 1 3 0 0 2 3 0 0 3 2
0.0002016133766181437 0 0 0 3 1 0 3 2 0 0 1 3 0 2 3 0
-0.0002016133766181437 0 0 0 3 1 0 3 2 0 0 2 3 0 1 3 0
-0.0014279130886733962 0 0 0 3 1 0 0 2 0 0 1 3 0 0 2 0
0.0014279130886733962 0 0 0 3 1 0 0 2 0 0 2 3 0 0 1 0
0.003017741731025641 0 0 0 3 2 2 3 3 0 0 1 3 0 3 3 1
0.003017741731025641 0 0 0 3 2 2 3 3 0 0 2 3 0 3 3 2
-0.021372951478952747 0 0 0 3 2 0 2 3 0 0 1 3 0 0 3 1
-0.021372951478952747 0 0 0 3 2 0 2 3 0 0 2 3 0 0 3 2
-0.0002016133766181437 0 0 0 3 2 0 3 1 0 0 1 3 0 2 3 0
0.0002016133766181437 0 0 0 3 2 0 3 1 0 0 2 3 0 1 3 0
0.0014279130886733962 0 0 0 3 2 0 0 1 0 0 1 3 0 0 2 0
-0.0014279130886733962 0 0 0 3 2 0 0 1 0 0 2 3 0 0 1 0
0.08216371048010011 0 0 0 3 3 0 0 0 0 0 0 0 0 0 0 0
-0.00032698149724846566 0 0 0 3 3 1 3 1 0 0 1 3 1 3 3 0
-0.00032698149724846566 0 0 0 3 3 1 3 1 0 0 2 3 2 3 3 0
-0.00032698149724846566 0 0 0 3 3 2 3 2 0 0 1 3 1 3 3 0
-0.00032698149724846566 0 0 0 3 3 2 3 2 0 0 2 3 2 3 3 0
0.003920407398611299 0 0 0 3 3 3 3 3 0 1 3 3 3 3 3 1
0.003920407398611299 0 0 0 3 3 3 3 3 0 2 3 3 3 3 3 2
0.00231582431437285 0 0 0 3 3 0 1 1 0 0 1 3 1 0 3 0
0.00231582431437285 0 0 0 3 3 0 1 1 0 0 2 3 2 0 3 0
0.00231582431437285 0 0 0 3 3 0 2 2 0 0 1 3 1 0 3 0
0.00231582431437285 0 0 0 3 3 0 2 2 0 0 2 3 2 0 3 0
0.002690760233777176 0 0 0 3 3 0 3 3 0 0 1 3 1 1 3 1
-0.00012536812063032203 0 0 0 3 3 0 3 3 0 0 1 3 1 2 3 2
0.0028161283544074975 0 0 0 3 3 0 3 3 0 0 1 3 2 2 3 1
0.0028161283544074975 0 0 0 3 3 0 3 3 0 0 2 3 1 1 3 2
-0.00012536812063032203 0 0 0 3 3 0 3 3 0 0 2 3 2 1 3 1
0.002690760233777176 0 0 0 3 3 0 3 3 0 0 2 3 2 2 3 2
-0.01905712716457989 0 0 0 3 3 0 0 3 0 0 1 3 1 0 1 1
0.0008879112256994543 0 0 0 3 3 0 0 3 0 0 1 3 1 0 2 2
-0.01994503839027935 0 0 0 3 3 0 0 3 0 0 1 3 2 0 2 1
-0.01994503839027935 0 0 0 3 3 0 0 3 0 0 2 3 1 0 1 2
0.0008879112256994543 0 0 0 3 3 0 0 3 0 0 2 3 2 0 1 1
-0.01905712716457989 0 0 0 3 3 0 0 3 0 0 2 3 2 0 2 2
0.003069595318107659 0 0 0 3 0 1 1 0 0 0 0 0 0 3 0 0
-0.002315824314372847 0 0 0 3 0 1 3 1 0 0 1 1 0 3 3 0
-0.002315824314372847 0 0 0 3 0 1 3 1 0 0 2 2 0 3 3 0
0.003069595318107659 0 0 0 3 0 2 2 0 0 0 0 0 0 3 0 0
-0.002315824314372847 0 0 0 3 0 2 3 2 0 0 1 1 0 3 3 0
-0.002315824314372847 0 0 0 3 0 2 3 2 0 0 2 2 0 3 3 0
0.059853748601266236 0 0 0 3 0 3 0 0 0 0 0 0 0 0 0 0
-0.000326981497248467 0 0 0 3 0 0 1 1 0 0 1 1 0 0 3 0
-0.000326981497248467 0 0 0 3 0 0 1 1 0 0 2 2 0 0 3 0
-0.000326981497248467 0 0 0 3 0 0 2 2 0 0 1 1 0 0 3 0
-0.000326981497248467 0 0 0 3 0 0 2 2 0 0 2 2 0 0 3 0
0.08116053983421259 0 0 0 3 0 0 3 0 0 0 0 0 0 0 0 0
0.019057127164579864 0 0 0 3 0 0 3 3 0 0 1 1 0 1 3 1
-0.0008879112256994525 0 0 0 3 0 0 3 3 0 0 1 1 0 2 3 2
0.019945038390279314 0 0 0 3 0 0 3 3 0 0 1 2 0 2 3 1
0.019945038390279314 0 0 0 3 0 0 3 3 0 0 2 1 0 1 3 2
-0.0008879112256994525 0 0 0 3 0 0 3 3 0 0 2 2 0 1 3 1
0.019057127164579864 0 0 0 3 0 0 3 3 0 0 2 2 0 2 3 2
-0.001163076873357987 0 0 0 3 0 0 3 0 0 0 0 0 0 1 1 0
-0.001163076873357987 0 0 0 3 0 0 3 0 0 0 0 0 0 2 2 0
0.08675166808416628 0 0 0 3 0 0 0 3 0 0 0 0 0 0 0 0
0.002690760233777167 0 0 0 3 0 0 0 3 0 0 1 1 0 0 1 1
-0.0001253681206303222 0 0 0 3 0 0 0 3 0 0 1 1 0 0 2 2
0.0028161283544074892 0 0 0 3 0 0 0 3 0 0 1 2 0 0 2 1
0.0028161283544074892 0 0 0 3 0 0 0 3 0 0 2 1 0 0 1 2
-0.0001253681206303222 0 0 0 3 0 0 0 3 0 0 2 2 0 0 1 1
0.002690760233777167 0 0 0 3 0 0 0 3 0 0 2 2 0 0 2 2
0.09668372721570781 0 0 0 3 0 0 0 0 3 0 0 0 0 0 0 0
0.08619799181824056 0 0 0 3 0 0 0 0 0 3 0 0 0 0 0 0
0.08441585796221103 0 0 0 3 0 0 0 0 0 0 3 0 0 0 0 0
0.09467385398400309 0 0 0 3 0 0 0 0 0 0 0 3 0 0 0 0
0.0863337583147345 0 0 0 3 0 0 0 0 0 0 0 0 3 0 0 0
0.09356222399549241 0 0 0 3 0 0 0 0 0 0 0 0 0 3 0 0
0.08548903076955842 0 0 0 3 0 0 0 0 0 0 0 0 0 0 3 0
0.09168845302666573 0 0 0 3 0 0 0 0 0 0 0 0 0 0 0 3
0.003133231448745107 0 0 0 0 1 1 3 0 0 0 0 1 0 3 1 0
0.003133231448745107 0 0 0 0 1 1 3 0 0 0 0 2 0 3 2 0
-0.00423267219146565 0 0 0 0 1 1 0 0 0 0 0 1 0 1 0 0
-0.00423267219146565 0 0 0 0 1 1 0 0 0 0 0 2 0 2 0 0
0.004232672191465656 0 0 0 0 1 2 3 0 0 0 0 0 1 3 2 0
-0.004232672191465656 0 0 0 0 1 2 3 0 0 0 0 0 2 3 1 0
-0.004328490935345832 0 0 0 0 1 2 0 0 0 0 0 0 1 2 0 0
0.004328490935345832 0 0 0 0 1 2 0 0 0 0 0 0 2 1 0 0
0.004232672191465651 0 0 0 0 1 0 1 0 0 0 0 1 0 0 1 0
0.004232672191465651 0 0 0 0 1 0 1 0 0 0 0 2 0 0 2 0
0.004232672191465655 0 0 0 0 1 0 1 0 0 0 0 0 1 1 0 0
0.004232672191465655 0 0 0 0 1 0 1 0 0 0 0 0 2 2 0 0
0.02624675301013532 0 0 0 0 1 0 2 0 0 0 0 1 0 2 0 0
-0.02624675301013532 0 0 0 0 1 0 2 0 0 0 0 2 0 1 0 0
-0.033708475394226306 0 0 0 0 1 0 2 0 0 0 0 0 1 0 2 0
0.033708475394226306 0 0 0 0 1 0 2 0 0 0 0 0 2 0 1 0
-0.004936784942499475 0 0 0 0 1 0 0 2 0 0 0 0 1 0 0 2
0.004936784942499475 0 0 0 0 1 0 0 2 0 0 0 0 2 0 0 1
-0.004232672191465656 0 0 0 0 2 1 3 0 0 0 0 0 1 3 2 0
0.004232672191465656 0 0 0 0 2 1 3 0 0 0 0 0 2 3 1 0
0.004328490935345832 0 0 0 0 2 1 0 0 0 0 0 0 1 2 0 0
-0.004328490935345832 0 0 0 0 2 1 0 0 0 0 0 0 2 1 0 0
0.003133231448745107 0 0 0 0 2 2 3 0 0 0 0 1 0 3 1 0
0.003133231448745107 0 0 0 0 2 2 3 0 0 0 0 2 0 3 2 0
-0.00423267219146565 0 0 0 0 2 2 0 0 0 0 0 1 0 1 0 0
-0.00423267219146565 0 0 0 0 2 2 0 0 0 0 0 2 0 2 0 0
-0.02624675301013532 0 0 0 0 2 0 1 0 0 0 0 1 0 2 0 0
0.02624675301013532 0 0 0 0 2 0 1 0 0 0 0 2 0 1 0 0
0.033708475394226306 0 0 0 0 2 0 1 0 0 0 0 0 1 0 2 0
-0.033708475394226306 0 0 0 0 2 0 1 0 0 0 0 0 2 0 1 0
0.004232672191465651 0 0 0 0 2 0 2 0 0 0 0 1 0 0 1 0
0.004232672191465651 0 0 0 0 2 0 2 0 0 0 0 2 0 0 2 0
0.004232672191465655 0 0 0 0 2 0 2 0 0 0 0 0 1 1 0 0
0.004232672191465655 0 0 0 0 2 0 2 0 0 0 0 0 2 2 0 0
0.004936784942499475 0 0 0 0 2 0 0 1 0 0 0 0 1 0 0 2
-0.004936784942499475 0 0 0 0 2 0 0 1 0 0 0 0 2 0 0 1
1.1347549910913273 0 0 0 0 3 0 0 0 0 0 0 0 0 0 0 0
-0.004036596612967099 0 0 0 0 3 1 1 0 0 0 0 1 1 3 0 0
-0.004036596612967099 0 0 0 0 3 1 1 0 0 0 0 2 2 3 0 0
-0.0030695953181076982 0 0 0 0 3 1 1 0 0 0 0 0 0 3 0 0
-0.004036596612967099 0 0 0 0 3 2 2 0 0 0 0 1 1 3 0 0
-0.004036596612967099 0 0 0 0 3 2 2 0 0 0 0 2 2 3 0 0
-0.0030695953181076982 0 0 0 0 3 2 2 0 0 0 0 0 0 3 0 0
0.08116053983421254 0 0 0 0 3 3 0 0 0 0 0 0 0 0 0 0
-0.001163076873357998 0 0 0 0 3 3 0 0 0 0 0 1 1 0 0 0
-0.001163076873357998 0 0 0 0 3 3 0 0 0 0 0 2 2 0 0 0
0.05985374860126645 0 0 0 0 3 0 3 0 0 0 0 0 0 0 0 0
0.0011630768733579587 0 0 0 0 3 0 3 0 0 0 0 1 1 0 0 0
-0.0009033651642219931 0 0 0 0 3 0 3 0 0 0 0 1 1 1 1 0
0.022210156397168224 0 0 0 0 3 0 3 0 0 0 0 1 1 2 2 0
-0.02311352156139021 0 0 0 0 3 0 3 0 0 0 0 1 2 2 1 0
-0.02311352156139021 0 0 0 0 3 0 3 0 0 0 0 2 1 1 2 0
0.0011630768733579587 0 0 0 0 3 0 3 0 0 0 0 2 2 0 0 0
0.022210156397168224 0 0 0 0 3 0 3 0 0 0 0 2 2 1 1 0
-0.0009033651642219931 0 0 0 0 3 0 3 0 0 0 0 2 2 2 2 0
0.001163076873357957 0 0 0 0 3 0 3 0 0 0 0 0 0 1 1 0
0.001163076873357957 0 0 0 0 3 0 3 0 0 0 0 0 0 2 2 0
0.08675166808416639 0 0 0 0 3 0 0 3 0 0 0 0 0 0 0 0
0.09668372721570795 0 0 0 0 3 0 0 0 3 0 0 0 0 0 0 0
0.08619799181824069 0 0 0 0 3 0 0 0 0 3 0 0 0 0 0 0
0.08441585796221115 0 0 0 0 3 0 0 0 0 0 3 0 0 0 0 0
0.003069595318107652 0 0 0 0 3 0 0 0 0 0 0 1 1 3 0 0
-0.0030695953181076926 0 0 0 0 3 0 0 0 0 0 0 1 1 0 3 0
0.003069595318107652 0 0 0 0 3 0 0 0 0 0 0 2 2 3 0 0
-0.0030695953181076926 0 0 0 0 3 0 0 0 0 0 0 2 2 0 3 0
0.0863337583147345 0 0 0 0 3 0 0 0 0 0 0 3 0 0 0 0
0.0946738539840034 0 0 0 0 3 0 0 0 0 0 0 0 3 0 0 0
0.08548903076955837 0 0 0 0 3 0 0 0 0 0 0 0 0 3 0 0
0.09356222399549276 0 0 0 0 3 0 0 0 0 0 0 0 0 0 3 0
0.09168845302666585 0 0 0 0 3 0 0 0 0 0 0 0 0 0 0 3
-0.001163076873357987 0 0 0 0 0 1 1 0 0 0 0 3 0 3 0 0
0.001163076873357957 0 0 0 0 0 1 1 0 0 0 0 0 3 3 0 0
-0.004455980772368377 0 0 0 0 0 1 2 0 0 0 0 0 0 1 2 0
0.004455980772368377 0 0 0 0 0 1 2 0 0 0 0 0 0 2 1 0
-0.006045805950876024 0 0 0 0 0 1 0 2 0 0 0 0 0 1 0 2
0.006045805950876024 0 0 0 0 0 1 0 2 0 0 0 0 0 2 0 1
0.004455980772368377 0 0 0 0 0 2 1 0 0 0 0 0 0 1 2 0
-0.004455980772368377 0 0 0 0 0 2 1 0 0 0 0 0 0 2 1 0
-0.001163076873357987 0 0 0 0 0 2 2 0 0 0 0 3 0 3 0 0
0.001163076873357957 0 0 0 0 0 2 2 0 0 0 0 0 3 3 0 0
0.006045805950876024 0 0 0 0 0 2 0 1 0 0 0 0 0 1 0 2
-0.006045805950876024 0 0 0 0 0 2 0 1 0 0 0 0 0 2 0 1
1.0494415447147885 0 0 0 0 0 3 0 0 0 0 0 0 0 0 0 0
0.08075335461635466 0 0 0 0 0 3 3 0 0 0 0 0 0 0 0 0
0.08400206670546177 0 0 0 0 0 3 0 3 0 0 0 0 0 0 0 0
0.09268292476483406 0 0 0 0 0 3 0 0 3 0 0 0 0 0 0 0
0.08705858008069084 0 0 0 0 0 3 0 0 0 3 0 0 0 0 0 0
0.08482925992785449 0 0 0 0 0 3 0 0 0 0 3 0 0 0 0 0
0.09356222399549241 0 0 0 0 0 3 0 0 0 0 0 3 0 0 0 0
0.08548903076955837 0 0 0 0 0 3 0 0 0 0 0 0 3 0 0 0
0.09412129693345961 0 0 0 0 0 3 0 0 0 0 0 0 0 3 0 0
0.08520933538872305 0 0 0 0 0 3 0 0 0 0 0 0 0 0 3 0
0.0900478726563378 0 0 0 0 0 3 0 0 0 0 0 0 0 0 0 3
-0.006045805950876034 0 0 0 0 0 0 1 2 0 0 0 0 0 0 1 2
0.006045805950876034 0 0 0 0 0 0 1 2 0 0 0 0 0 0 2 1
0.006045805950876034 0 0 0 0 0 0 2 1 0 0 0 0 0 0 1 2
-0.006045805950876034 0 0 0 0 0 0 2 1 0 0 0 0 0 0 2 1
1.049441544714791 0 0 0 0 0 0 3 0 0 0 0 0 0 0 0 0
0.08400206670546197 0 0 0 0 0 0 3 3 0 0 0 0 0 0 0 0
0.09268292476483425 0 0 0 0 0 0 3 0 3 0 0 0 0 0 0 0
0.087058580080691 0 0 0 0 0 0 3 0 0 3 0 0 0 0 0 0
0.08482925992785467 0 0 0 0 0 0 3 0 0 0 3 0 0 0 0 0
0.08548903076955842 0 0 0 0 0 0 3 0 0 0 0 3 0 0 0 0
0.003069595318107659 0 0 0 0 0 0 3 0 0 0 0 3 0 1 1 0
0.003069595318107659 0 0 0 0 0 0 3 0 0 0 0 3 0 2 2 0
0.09356222399549276 0 0 0 0 0 0 3 0 0 0 0 0 3 0 0 0
-0.0030695953181076982 0 0 0 0 0 0 3 0 0 0 0 0 3 1 1 0
-0.0030695953181076982 0 0 0 0 0 0 3 0 0 0 0 0 3 2 2 0
0.08520933538872305 0 0 0 0 0 0 3 0 0 0 0 0 0 3 0 0
0.09412129693345998 0 0 0 0 0 0 3 0 0 0 0 0 0 0 3 0
0.09004787265633798 0 0 0 0 0 0 3 0 0 0 0 0 0 0 0 3
0.9860109190659243 0 0 0 0 0 0 0 3 0 0 0 0 0 0 0 0
0.10296334540341368 0 0 0 0 0 0 0 3 3 0 0 0 0 0 0 0
0.08961035786953259 0 0 0 0 0 0 0 3 0 3 0 0 0 0 0 0
0.09367153555666304 0 0 0 0 0 0 0 3 0 0 3 0 0 0 0 0
0.09168845302666573 0 0 0 0 0 0 0 3 0 0 0 3 0 0 0 0
0.09168845302666585 0 0 0 0 0 0 0 3 0 0 0 0 3 0 0 0
0.0900478726563378 0 0 0 0 0 0 0 3 0 0 0 0 0 3 0 0
0.09004787265633798 0 0 0 0 0 0 0 3 0 0 0 0 0 0 3 0
0.10185530662795898 0 0 0 0 0 0 0 3 0 0 0 0 0 0 0 3
1.480801870471702 0 0 0 0 0 0 0 0 3 0 0 0 0 0 0 0
0.06944743072665366 0 0 0 0 0 0 0 0 3 3 0 0 0 0 0 0
0.07560221669436809 0 0 0 0 0 0 0 0 3 0 3 0 0 0 0 0
0.07988842603538025 0 0 0 0 0 0 0 0 3 0 0 3 0 0 0 0
0.07988842603538039 0 0 0 0 0 0 0 0 3 0 0 0 3 0 0 0
0.08344907380818788 0 0 0 0 0 0 0 0 3 0 0 0 0 3 0 0
0.08344907380818806 0 0 0 0 0 0 0 0 3 0 0 0 0 0 3 0
0.09103102877125945 0 0 0 0 0 0 0 0 3 0 0 0 0 0 0 3
1.2462841891484737 0 0 0 0 0 0 0 0 0 3 0 0 0 0 0 0
0.06157834668695615 0 0 0 0 0 0 0 0 0 3 3 0 0 0 0 0
0.07414675667101127 0 0 0 0 0 0 0 0 0 3 0 3 0 0 0 0
0.07414675667101138 0 0 0 0 0 0 0 0 0 3 0 0 3 0 0 0
0.07024492019988361 0 0 0 0 0 0 0 0 0 3 0 0 0 3 0 0
0.07024492019988376 0 0 0 0 0 0 0 0 0 3 0 0 0 0 3 0
0.0761162740538198 0 0 0 0 0 0 0 0 0 3 0 0 0 0 0 3
1.1328457499549842 0 0 0 0 0 0 0 0 0 0 3 0 0 0 0 0
0.07905081129998634 0 0 0 0 0 0 0 0 0 0 3 3 0 0 0 0
0.07905081129998645 0 0 0 0 0 0 0 0 0 0 3 0 3 0 0 0
0.07891190637243477 0 0 0 0 0 0 0 0 0 0 3 0 0 3 0 0
0.07891190637243495 0 0 0 0 0 0 0 0 0 0 3 0 0 0 3 0
0.0685316213931046 0 0 0 0 0 0 0 0 0 0 3 0 0 0 0 3
1.1347549910913246 0 0 0 0 0 0 0 0 0 0 0 3 0 0 0 0
0.08216371048010011 0 0 0 0 0 0 0 0 0 0 0 3 3 0 0 0
0.059853748601266236 0 0 0 0 0 0 0 0 0 0 0 3 0 3 0 0
0.08116053983421259 0 0 0 0 0 0 0 0 0 0 0 3 0 0 3 0
0.08675166808416628 0 0 0 0 0 0 0 0 0 0 0 3 0 0 0 3
1.1347549910913268 0 0 0 0 0 0 0 0 0 0 0 0 3 0 0 0
0.08116053983421254 0 0 0 0 0 0 0 0 0 0 0 0 3 3 0 0
0.05985374860126645 0 0 0 0 0 0 0 0 0 0 0 0 3 0 3 0
0.08675166808416639 0 0 0 0 0 0 0 0 0 0 0 0 3 0 0 3
1.0494415447147885 0 0 0 0 0 0 0 0 0 0 0 0 0 3 0 0
0.08075335461635466 0 0 0 0 0 0 0 0 0 0 0 0 0 3 3 0
0.08400206670546177 0 0 0 0 0 0 0 0 0 0 0 0 0 3 0 3
1.049441544714791 0 0 0 0 0 0 0 0 0 0 0 0 0 0 3 0
0.08400206670546197 0 0 0 0 0 0 0 0 0 0 0 0 0 0 3 3
0.9860109190659243 0 0 0 0 0 0 0 0 0 0 0 0 0 0 0 3
