-5070.244158120063 0 0 0 0 0 0 0 0 0 0 0 0 0 0 0 0
0.0003275596181285366 1 1 3 3 3 0 0 0 3 1 3 3 1 0 0 0
0.0003275596181285366 1 1 3 3 3 0 0 0 3 2 3 3 2 0 0 0
-0.006231625122222245 1 1 0 1 3 1 0 0 3 0 0 3 3 0 0 0
0.007307269312583434 1 1 0 1 3 3 1 0 3 0 0 3 3 3 0 0
-0.002664182816010709 1 1 0 2 3 2 0 0 3 0 0 3 3 0 0 0
0.003124048856071868 1 1 0 2 3 3 2 0 3 0 0 3 3 3 0 0
0.012470705765297772 1 1 0 0 3 3 3 0 3 0 0 1 3 3 1 0
0.012470705765297772 1 1 0 0 3 3 3 0 3 0 0 2 3 3 2 0
-0.010634993732206732 1 1 0 0 3 3 0 0 3 0 0 1 3 1 0 0
-0.010634993732206732 1 1 0 0 3 3 0 0 3 0 0 2 3 2 0 0
0.0037180994092860685 1 1 0 0 0 1 3 1 3 0 0 0 0 3 3 0
0.00437506057592823 1 1 0 0 0 2 3 2 3 0 0 0 0 3 3 0
-0.004359882563815387 1 1 0 0 0 0 1 1 3 0 0 0 0 0 3 0
-0.005130242153554551 1 1 0 0 0 0 2 2 3 0 0 0 0 0 3 0
0.0070427182312365905 1 1 0 0 0 0 3 3 3 0 0 0 0 1 3 1
0.0070427182312365905 1 1 0 0 0 0 3 3 3 0 0 0 0 2 3 2
-0.008258365642818868 1 1 0 0 0 0 0 3 3 0 0 0 0 0 1 1
-0.008258365642818868 1 1 0 0 0 0 0 3 3 0 0 0 0 0 2 2
-0.0035674423062115367 1 2 0 2 3 1 0 0 3 0 0 3 3 0 0 0
0.004183220456511566 1 2 0 2 3 3 1 0 3 0 0 3 3 3 0 0
-0.000656961166642162 1 2 0 0 0 2 3 1 3 0 0 0 0 3 3 0
0.0007703595897391633 1 2 0 0 0 0 2 1 3 0 0 0 0 0 3 0
-0.02845330053370584 1 2 0 0 0 0 0 0 1 2 0 0 0 0 0 0
0.02845330053370584 1 2 0 0 0 0 0 0 2 1 0 0 0 0 0 0
0.007307269312583446 1 3 1 1 3 1 0 0 3 3 0 3 3 0 0 0
0.006231625122222243 1 3 1 1 3 3 1 0 3 3 0 3 3 3 0 0
0.0031240488560718826 1 3 1 2 3 2 0 0 3 3 0 3 3 0 0 0
0.0026641828160106976 1 3 1 2 3 3 2 0 3 3 0 3 3 3 0 0
0.0003275596181285291 1 3 1 3 3 0 0 0 3 3 1 3 1 0 0 0
0.0003275596181285291 1 3 1 3 3 0 0 0 3 3 2 3 2 0 0 0
0.01063499373220673 1 3 1 0 3 3 3 0 3 3 0 1 3 3 1 0
0.01063499373220673 1 3 1 0 3 3 3 0 3 3 0 2 3 3 2 0
0.012470705765297784 1 3 1 0 3 3 0 0 3 3 0 1 3 1 0 0
0.012470705765297784 1 3 1 0 3 3 0 0 3 3 0 2 3 2 0 0
-0.004359882563815416 1 3 1 0 0 1 3 1 3 3 0 0 0 3 3 0
-0.005130242153554555 1 3 1 0 0 2 3 2 3 3 0 0 0 3 3 0
-0.0037180994092860576 1 3 1 0 0 0 1 1 3 3 0 0 0 0 3 0
-0.004375060575928225 1 3 1 0 0 0 2 2 3 3 0 0 0 0 3 0
-0.008258365642818882 1 3 1 0 0 0 3 3 3 3 0 0 0 1 3 1
-0.008258365642818882 1 3 1 0 0 0 3 3 3 3 0 0 0 2 3 2
-0.00704271823123658 1 3 1 0 0 0 0 3 3 3 0 0 0 0 1 1
-0.00704271823123658 1 3 1 0 0 0 0 3 3 3 0 0 0 0 2 2
0.004183220456511562 1 3 2 2 3 1 0 0 3 3 0 3 3 0 0 0
0.0035674423062115462 1 3 2 2 3 3 1 0 3 3 0 3 3 3 0 0
0.0007703595897391392 1 3 2 0 0 2 3 1 3 3 0 0 0 3 3 0
0.0006569611666421677 1 3 2 0 0 0 2 1 3 3 0 0 0 0 3 0
0.007316044740845493 1 3 3 1 1 3 3 1 3 3 3 0 3 3 3 0
0.003120113080934214 1 3 3 1 2 3 3 2 3 3 3 0 3 3 3 0
0.014668205938663052 1 3 3 1 3 0 0 0 3 3 3 1 1 0 0 0
0.014668205938663052 1 3 3 1 3 0 0 0 3 3 3 2 2 0 0 0
0.004694907458667046 1 3 3 1 0 3 3 3 3 3 3 0 1 3 3 1
0.004694907458667046 1 3 3 1 0 3 3 3 3 3 3 0 2 3 3 2
0.004195931659911282 1 3 3 2 2 3 3 1 3 3 3 0 3 3 3 0
-0.00797081091619603 1 3 3 2 3 3 3 0 3 3 1 3 3 3 2 0
0.00797081091619603 1 3 3 2 3 3 3 0 3 3 2 3 3 3 1 0
-0.009346656909225901 1 3 3 2 3 3 0 0 3 3 1 3 3 2 0 0
0.009346656909225901 1 3 3 2 3 3 0 0 3 3 2 3 3 1 0 0
0.008254636864314891 1 3 3 3 1 3 0 0 3 3 3 3 0 0 0 0
0.00825463686431489 1 3 3 3 1 0 3 0 3 3 3 3 0 0 0 0
0.0041598898240629125 1 3 3 3 1 0 0 3 3 3 3 3 0 0 0 0
-0.0005788477874341829 1 3 3 3 1 0 0 0 3 3 3 0 0 0 0 0
0.08226537730170475 1 3 3 3 1 0 0 0 3 3 3 3 0 0 0 0
0.00126255690151147 1 3 3 3 1 0 0 0 3 3 3 3 3 0 0 0
0.0029168451225298733 1 3 3 3 1 0 0 0 3 3 3 3 0 3 0 0
0.002916845122529867 1 3 3 3 1 0 0 0 3 3 3 3 0 0 3 0
0.003108759766401936 1 3 3 3 1 0 0 0 3 3 3 3 0 0 0 3
0.009212523692417842 1 3 3 3 1 0 0 0 3 3 0 3 0 0 0 0
0.009212523692417852 1 3 3 3 1 0 0 0 3 0 3 3 0 0 0 0
0.014912781894181689 1 3 3 3 1 0 0 0 0 3 3 3 0 0 0 0
-0.0015747943777328316 1 3 3 3 2 3 3 3 3 3 3 1 3 3 3 2
0.0015747943777328316 1 3 3 3 2 3 3 3 3 3 3 2 3 3 3 1
-0.005337791741785018 1 3 3 3 3 2 0 0 3 3 3 3 1 2 0 0
0.005337791741785018 1 3 3 3 3 2 0 0 3 3 3 3 2 1 0 0
-0.005337791741785024 1 3 3 3 3 0 2 0 3 3 3 3 1 0 2 0
0.005337791741785024 1 3 3 3 3 0 2 0 3 3 3 3 2 0 1 0
-0.0010511300576609764 1 3 3 3 3 0 0 2 3 3 3 3 1 0 0 2
0.0010511300576609764 1 3 3 3 3 0 0 2 3 3 3 3 2 0 0 1
0.0026211372821784494 1 3 3 3 0 3 3 1 3 3 3 1 1 3 3 0
0.0026211372821784494 1 3 3 3 0 3 3 1 3 3 3 2 2 3 3 0
0.014089358151228868 1 3 3 0 1 0 0 0 3 3 3 3 0 0 0 0
-0.0051634364527143395 1 3 3 0 3 1 0 0 3 3 1 1 3 0 0 0
-0.0051634364527143395 1 3 3 0 3 1 0 0 3 3 2 2 3 0 0 0
-0.004403368609984484 1 3 3 0 3 3 1 0 3 3 1 1 3 3 0 0
-0.004403368609984484 1 3 3 0 3 3 1 0 3 3 2 2 3 3 0 0
0.0031281234892643266 1 3 3 0 0 2 3 3 3 3 1 0 0 3 3 2
-0.0031281234892643266 1 3 3 0 0 2 3 3 3 3 2 0 0 3 3 1
0.0026676576553083566 1 3 3 0 0 0 2 3 3 3 1 0 0 0 3 2
-0.0026676576553083566 1 3 3 0 0 0 2 3 3 3 2 0 0 0 3 1
0.003898483079003466 1 3 3 0 0 0 3 1 3 3 1 0 0 1 3 0
0.003898483079003466 1 3 3 0 0 0 3 1 3 3 2 0 0 2 3 0
0.0033246188219505234 1 3 3 0 0 0 0 1 3 3 1 0 0 0 1 0
0.0033246188219505234 1 3 3 0 0 0 0 1 3 3 2 0 0 0 2 0
-0.009346656909225906 1 3 0 2 3 3 3 0 3 1 0 3 3 3 2 0
0.009346656909225906 1 3 0 2 3 3 3 0 3 2 0 3 3 3 1 0
0.007970810916196022 1 3 0 2 3 3 0 0 3 1 0 3 3 2 0 0
-0.007970810916196022 1 3 0 2 3 3 0 0 3 2 0 3 3 1 0 0
0.009540083310546371 1 3 0 3 1 0 0 0 3 3 3 3 0 0 0 0
0.004403368609984485 1 3 0 0 3 1 0 0 3 1 0 1 3 0 0 0
0.004403368609984485 1 3 0 0 3 1 0 0 3 2 0 2 3 0 0 0
-0.0051634364527143395 1 3 0 0 3 3 1 0 3 1 0 1 3 3 0 0
-0.0051634364527143395 1 3 0 0 3 3 1 0 3 2 0 2 3 3 0 0
-0.00266765765530836 1 3 0 0 0 2 3 3 3 1 0 0 0 3 3 2
0.00266765765530836 1 3 0 0 0 2 3 3 3 2 0 0 0 3 3 1
0.0031281234892643183 1 3 0 0 0 0 2 3 3 1 0 0 0 0 3 2
-0.0031281234892643183 1 3 0 0 0 0 2 3 3 2 0 0 0 0 3 1
-0.003324618821950522 1 3 0 0 0 0 3 1 3 1 0 0 0 1 3 0
-0.003324618821950522 1 3 0 0 0 0 3 1 3 2 0 0 0 2 3 0
0.0038984830790034816 1 3 0 0 0 0 0 1 3 1 0 0 0 0 1 0
0.0038984830790034816 1 3 0 0 0 0 0 1 3 2 0 0 0 0 2 0
-0.028453300533705872 1 0 2 0 0 0 0 0 1 0 2 0 0 0 0 0
0.028453300533705872 1 0 2 0 0 0 0 0 2 0 1 0 0 0 0 0
0.009540083310546389 1 0 3 3 1 0 0 0 3 3 3 3 0 0 0 0
0.0027682427346195177 1 0 0 2 3 3 3 3 1 0 0 3 3 3 3 2
-0.0027682427346195177 1 0 0 2 3 3 3 3 2 0 0 3 3 3 3 1
-0.007634842251322369 1 0 0 2 0 0 0 0 1 0 0 2 0 0 0 0
0.007634842251322369 1 0 0 2 0 0 0 0 2 0 0 1 0 0 0 0
-0.006366635840154538 1 0 0 0 2 0 0 0 1 0 0 0 2 0 0 0
0.006366635840154538 1 0 0 0 2 0 0 0 2 0 0 0 1 0 0 0
0.0027682427346195177 1 0 0 0 3 3 3 1 1 0 0 1 3 3 3 0
0.0027682427346195177 1 0 0 0 3 3 3 1 2 0 0 2 3 3 3 0
-0.007206162524941413 1 0 0 0 0 2 0 0 1 0 0 0 0 2 0 0
0.007206162524941413 1 0 0 0 0 2 0 0 2 0 0 0 0 1 0 0
-0.007206162524941419 1 0 0 0 0 0 2 0 1 0 0 0 0 0 2 0
0.007206162524941419 1 0 0 0 0 0 2 0 2 0 0 0 0 0 1 0
-0.003623524653539254 1 0 0 0 0 0 0 2 1 0 0 0 0 0 0 2
0.003623524653539254 1 0 0 0 0 0 0 2 2 0 0 0 0 0 0 1
-0.0035674423062115367 2 1 0 1 3 2 0 0 3 0 0 3 3 0 0 0
0.004183220456511566 2 1 0 1 3 3 2 0 3 0 0 3 3 3 0 0
-0.000656961166642162 2 1 0 0 0 1 3 2 3 0 0 0 0 3 3 0
0.0007703595897391633 2 1 0 0 0 0 1 2 3 0 0 0 0 0 3 0
0.02845330053370584 2 1 0 0 0 0 0 0 1 2 0 0 0 0 0 0
-0.02845330053370584 2 1 0 0 0 0 0 0 2 1 0 0 0 0 0 0
0.0003275596181285366 2 2 3 3 3 0 0 0 3 1 3 3 1 0 0 0
0.0003275596181285366 2 2 3 3 3 0 0 0 3 2 3 3 2 0 0 0
-0.002664182816010709 2 2 0 1 3 1 0 0 3 0 0 3 3 0 0 0
0.003124048856071868 2 2 0 1 3 3 1 0 3 0 0 3 3 3 0 0
-0.006231625122222245 2 2 0 2 3 2 0 0 3 0 0 3 3 0 0 0
0.007307269312583434 2 2 0 2 3 3 2 0 3 0 0 3 3 3 0 0
0.012470705765297772 2 2 0 0 3 3 3 0 3 0 0 1 3 3 1 0
0.012470705765297772 2 2 0 0 3 3 3 0 3 0 0 2 3 3 2 0
-0.010634993732206732 2 2 0 0 3 3 0 0 3 0 0 1 3 1 0 0
-0.010634993732206732 2 2 0 0 3 3 0 0 3 0 0 2 3 2 0 0
0.00437506057592823 2 2 0 0 0 1 3 1 3 0 0 0 0 3 3 0
0.0037180994092860685 2 2 0 0 0 2 3 2 3 0 0 0 0 3 3 0
-0.005130242153554551 2 2 0 0 0 0 1 1 3 0 0 0 0 0 3 0
-0.004359882563815387 2 2 0 0 0 0 2 2 3 0 0 0 0 0 3 0
0.0070427182312365905 2 2 0 0 0 0 3 3 3 0 0 0 0 1 3 1
0.0070427182312365905 2 2 0 0 0 0 3 3 3 0 0 0 0 2 3 2
-0.008258365642818868 2 2 0 0 0 0 0 3 3 0 0 0 0 0 1 1
-0.008258365642818868 2 2 0 0 0 0 0 3 3 0 0 0 0 0 2 2
0.004183220456511562 2 3 1 1 3 2 0 0 3 3 0 3 3 0 0 0
0.0035674423062115462 2 3 1 1 3 3 2 0 3 3 0 3 3 3 0 0
0.0007703595897391392 2 3 1 0 0 1 3 2 3 3 0 0 0 3 3 0
0.0006569611666421677 2 3 1 0 0 0 1 2 3 3 0 0 0 0 3 0
0.0031240488560718826 2 3 2 1 3 1 0 0 3 3 0 3 3 0 0 0
0.0026641828160106976 2 3 2 1 3 3 1 0 3 3 0 3 3 3 0 0
0.007307269312583446 2 3 2 2 3 2 0 0 3 3 0 3 3 0 0 0
0.006231625122222243 2 3 2 2 3 3 2 0 3 3 0 3 3 3 0 0
0.0003275596181285291 2 3 2 3 3 0 0 0 3 3 1 3 1 0 0 0
0.0003275596181285291 2 3 2 3 3 0 0 0 3 3 2 3 2 0 0 0
0.01063499373220673 2 3 2 0 3 3 3 0 3 3 0 1 3 3 1 0
0.01063499373220673 2 3 2 0 3 3 3 0 3 3 0 2 3 3 2 0
0.012470705765297784 2 3 2 0 3 3 0 0 3 3 0 1 3 1 0 0
0.012470705765297784 2 3 2 0 3 3 0 0 3 3 0 2 3 2 0 0
-0.005130242153554555 2 3 2 0 0 1 3 1 3 3 0 0 0 3 3 0
-0.004359882563815416 2 3 2 0 0 2 3 2 3 3 0 0 0 3 3 0
-0.004375060575928225 2 3 2 0 0 0 1 1 3 3 0 0 0 0 3 0
-0.0037180994092860576 2 3 2 0 0 0 2 2 3 3 0 0 0 0 3 0
-0.008258365642818882 2 3 2 0 0 0 3 3 3 3 0 0 0 1 3 1
-0.008258365642818882 2 3 2 0 0 0 3 3 3 3 0 0 0 2 3 2
-0.00704271823123658 2 3 2 0 0 0 0 3 3 3 0 0 0 0 1 1
-0.00704271823123658 2 3 2 0 0 0 0 3 3 3 0 0 0 0 2 2
0.004195931659911282 2 3 3 1 1 3 3 2 3 3 3 0 3 3 3 0
0.00797081091619603 2 3 3 1 3 3 3 0 3 3 1 3 3 3 2 0
-0.00797081091619603 2 3 3 1 3 3 3 0 3 3 2 3 3 3 1 0
0.009346656909225901 2 3 3 1 3 3 0 0 3 3 1 3 3 2 0 0
-0.009346656909225901 2 3 3 1 3 3 0 0 3 3 2 3 3 1 0 0
0.003120113080934214 2 3 3 2 1 3 3 1 3 3 3 0 3 3 3 0
0.007316044740845493 2 3 3 2 2 3 3 2 3 3 3 0 3 3 3 0
0.014668205938663052 2 3 3 2 3 0 0 0 3 3 3 1 1 0 0 0
0.014668205938663052 2 3 3 2 3 0 0 0 3 3 3 2 2 0 0 0
0.004694907458667046 2 3 3 2 0 3 3 3 3 3 3 0 1 3 3 1
0.004694907458667046 2 3 3 2 0 3 3 3 3 3 3 0 2 3 3 2
0.0015747943777328316 2 3 3 3 1 3 3 3 3 3 3 1 3 3 3 2
-0.0015747943777328316 2 3 3 3 1 3 3 3 3 3 3 2 3 3 3 1
0.008254636864314891 2 3 3 3 2 3 0 0 3 3 3 3 0 0 0 0
0.00825463686431489 2 3 3 3 2 0 3 0 3 3 3 3 0 0 0 0
0.0041598898240629125 2 3 3 3 2 0 0 3 3 3 3 3 0 0 0 0
-0.0005788477874341829 2 3 3 3 2 0 0 0 3 3 3 0 0 0 0 0
0.08226537730170475 2 3 3 3 2 0 0 0 3 3 3 3 0 0 0 0
0.00126255690151147 2 3 3 3 2 0 0 0 3 3 3 3 3 0 0 0
0.0029168451225298733 2 3 3 3 2 0 0 0 3 3 3 3 0 3 0 0
0.002916845122529867 2 3 3 3 2 0 0 0 3 3 3 3 0 0 3 0
0.003108759766401936 2 3 3 3 2 0 0 0 3 3 3 3 0 0 0 3
0.009212523692417842 2 3 3 3 2 0 0 0 3 3 0 3 0 0 0 0
0.009212523692417852 2 3 3 3 2 0 0 0 3 0 3 3 0 0 0 0
0.014912781894181689 2 3 3 3 2 0 0 0 0 3 3 3 0 0 0 0
0.005337791741785018 2 3 3 3 3 1 0 0 3 3 3 3 1 2 0 0
-0.005337791741785018 2 3 3 3 3 1 0 0 3 3 3 3 2 1 0 0
0.005337791741785024 2 3 3 3 3 0 1 0 3 3 3 3 1 0 2 0
-0.005337791741785024 2 3 3 3 3 0 1 0 3 3 3 3 2 0 1 0
0.0010511300576609764 2 3 3 3 3 0 0 1 3 3 3 3 1 0 0 2
-0.0010511300576609764 2 3 3 3 3 0 0 1 3 3 3 3 2 0 0 1
0.0026211372821784494 2 3 3 3 0 3 3 2 3 3 3 1 1 3 3 0
0.0026211372821784494 2 3 3 3 0 3 3 2 3 3 3 2 2 3 3 0
0.014089358151228868 2 3 3 0 2 0 0 0 3 3 3 3 0 0 0 0
-0.0051634364527143395 2 3 3 0 3 2 0 0 3 3 1 1 3 0 0 0
-0.0051634364527143395 2 3 3 0 3 2 0 0 3 3 2 2 3 0 0 0
-0.004403368609984484 2 3 3 0 3 3 2 0 3 3 1 1 3 3 0 0
-0.004403368609984484 2 3 3 0 3 3 2 0 3 3 2 2 3 3 0 0
-0.0031281234892643266 2 3 3 0 0 1 3 3 3 3 1 0 0 3 3 2
0.0031281234892643266 2 3 3 0 0 1 3 3 3 3 2 0 0 3 3 1
-0.0026676576553083566 2 3 3 0 0 0 1 3 3 3 1 0 0 0 3 2
0.0026676576553083566 2 3 3 0 0 0 1 3 3 3 2 0 0 0 3 1
0.003898483079003466 2 3 3 0 0 0 3 2 3 3 1 0 0 1 3 0
0.003898483079003466 2 3 3 0 0 0 3 2 3 3 2 0 0 2 3 0
0.0033246188219505234 2 3 3 0 0 0 0 2 3 3 1 0 0 0 1 0
0.0033246188219505234 2 3 3 0 0 0 0 2 3 3 2 0 0 0 2 0
0.009346656909225906 2 3 0 1 3 3 3 0 3 1 0 3 3 3 2 0
-0.009346656909225906 2 3 0 1 3 3 3 0 3 2 0 3 3 3 1 0
-0.007970810916196022 2 3 0 1 3 3 0 0 3 1 0 3 3 2 0 0
0.007970810916196022 2 3 0 1 3 3 0 0 3 2 0 3 3 1 0 0
0.009540083310546371 2 3 0 3 2 0 0 0 3 3 3 3 0 0 0 0
0.004403368609984485 2 3 0 0 3 2 0 0 3 1 0 1 3 0 0 0
0.004403368609984485 2 3 0 0 3 2 0 0 3 2 0 2 3 0 0 0
-0.0051634364527143395 2 3 0 0 3 3 2 0 3 1 0 1 3 3 0 0
-0.0051634364527143395 2 3 0 0 3 3 2 0 3 2 0 2 3 3 0 0
0.00266765765530836 2 3 0 0 0 1 3 3 3 1 0 0 0 3 3 2
-0.00266765765530836 2 3 0 0 0 1 3 3 3 2 0 0 0 3 3 1
-0.0031281234892643183 2 3 0 0 0 0 1 3 3 1 0 0 0 0 3 2
0.0031281234892643183 2 3 0 0 0 0 1 3 3 2 0 0 0 0 3 1
-0.003324618821950522 2 3 0 0 0 0 3 2 3 1 0 0 0 1 3 0
-0.003324618821950522 2 3 0 0 0 0 3 2 3 2 0 0 0 2 3 0
0.0038984830790034816 2 3 0 0 0 0 0 2 3 1 0 0 0 0 1 0
0.0038984830790034816 2 3 0 0 0 0 0 2 3 2 0 0 0 0 2 0
0.028453300533705872 2 0 1 0 0 0 0 0 1 0 2 0 0 0 0 0
-0.028453300533705872 2 0 1 0 0 0 0 0 2 0 1 0 0 0 0 0
0.009540083310546389 2 0 3 3 2 0 0 0 3 3 3 3 0 0 0 0
-0.0027682427346195177 2 0 0 1 3 3 3 3 1 0 0 3 3 3 3 2
0.0027682427346195177 2 0 0 1 3 3 3 3 2 0 0 3 3 3 3 1
0.007634842251322369 2 0 0 1 0 0 0 0 1 0 0 2 0 0 0 0
-0.007634842251322369 2 0 0 1 0 0 0 0 2 0 0 1 0 0 0 0
0.006366635840154538 2 0 0 0 1 0 0 0 1 0 0 0 2 0 0 0
-0.006366635840154538 2 0 0 0 1 0 0 0 2 0 0 0 1 0 0 0
0.0027682427346195177 2 0 0 0 3 3 3 2 1 0 0 1 3 3 3 0
0.0027682427346195177 2 0 0 0 3 3 3 2 2 0 0 2 3 3 3 0
0.007206162524941413 2 0 0 0 0 1 0 0 1 0 0 0 0 2 0 0
-0.007206162524941413 2 0 0 0 0 1 0 0 2 0 0 0 0 1 0 0
0.007206162524941419 2 0 0 0 0 0 1 0 1 0 0 0 0 0 2 0
-0.007206162524941419 2 0 0 0 0 0 1 0 2 0 0 0 0 0 1 0
0.003623524653539254 2 0 0 0 0 0 0 1 1 0 0 0 0 0 0 2
-0.003623524653539254 2 0 0 0 0 0 0 1 2 0 0 0 0 0 0 1
1.8933023623532947 3 0 0 0 0 0 0 0 0 0 0 0 0 0 0 0
0.09016973573611191 3 3 0 0 0 0 0 0 0 0 0 0 0 0 0 0
0.014912781894181689 3 3 3 3 3 0 0 0 1 3 3 3 1 0 0 0
0.014912781894181689 3 3 3 3 3 0 0 0 2 3 3 3 2 0 0 0
0.09016973573611188 3 0 3 0 0 0 0 0 0 0 0 0 0 0 0 0
-0.003602501993847685 3 0 0 1 3 3 3 1 0 0 0 3 3 3 3 0
-0.003602501993847685 3 0 0 2 3 3 3 2 0 0 0 3 3 3 3 0
0.08711054968077997 3 0 0 3 0 0 0 0 0 0 0 0 0 0 0 0
0.09075852259874576 3 0 0 0 3 0 0 0 0 0 0 0 0 0 0 0
-0.0008342592592281677 3 0 0 0 3 3 3 3 0 0 0 1 3 3 3 1
-0.0008342592592281677 3 0 0 0 3 3 3 3 0 0 0 2 3 3 3 2
0.09738505743728648 3 0 0 0 0 3 0 0 0 0 0 0 0 0 0 0
0.09738505743728647 3 0 0 0 0 0 3 0 0 0 0 0 0 0 0 0
0.09853523802441178 3 0 0 0 0 0 0 3 0 0 0 0 0 0 0 0
0.1328747805745658 3 0 0 0 0 0 0 0 3 0 0 0 0 0 0 0
0.11862303626981774 3 0 0 0 0 0 0 0 0 3 0 0 0 0 0 0
0.11862303626981775 3 0 0 0 0 0 0 0 0 0 3 0 0 0 0 0
0.09474539193210235 3 0 0 0 0 0 0 0 0 0 0 3 0 0 0 0
0.0971251584389003 3 0 0 0 0 0 0 0 0 0 0 0 3 0 0 0
0.1045912199622279 3 0 0 0 0 0 0 0 0 0 0 0 0 3 0 0
0.1045912199622279 3 0 0 0 0 0 0 0 0 0 0 0 0 0 3 0
0.10215876267795104 3 0 0 0 0 0 0 0 0 0 0 0 0 0 0 3
-0.007601744596139612 0 1 1 0 0 1 1 0 0 3 0 0 0 3 0 0
0.0059749776754865706 0 1 1 0 0 2 2 0 0 3 0 0 0 3 0 0
-0.0050866274198227285 0 1 1 0 0 3 0 0 0 3 0 0 0 0 0 0
0.005086627419822727 0 1 1 0 0 0 3 0 0 3 0 0 0 0 0 0
0.0007645563549718242 0 1 1 0 0 0 3 0 0 3 0 0 0 1 1 0
0.0007645563549718242 0 1 1 0 0 0 3 0 0 3 0 0 0 2 2 0
0.004781279075478297 0 1 1 0 0 0 0 0 0 3 0 0 0 3 0 0
-0.0047812790754783105 0 1 1 0 0 0 0 0 0 3 0 0 0 0 3 0
-0.013576722271626183 0 1 2 0 0 2 1 0 0 3 0 0 0 3 0 0
-0.006313532150241467 0 1 2 0 0 0 0 0 0 1 2 0 0 0 0 0
0.006313532150241467 0 1 2 0 0 0 0 0 0 2 1 0 0 0 0 0
0.010379086220051062 0 1 3 1 1 1 0 0 0 3 3 0 3 0 0 0
-0.01217062591874761 0 1 3 1 1 3 1 0 0 3 3 0 3 3 0 0
-0.000790340405459904 0 1 3 1 2 2 0 0 0 3 3 0 3 0 0 0
0.0009267614912709017 0 1 3 1 2 3 2 0 0 3 3 0 3 3 0 0
0.005353558645656046 0 1 3 1 0 3 3 0 0 3 3 0 1 3 1 0
0.005353558645656046 0 1 3 1 0 3 3 0 0 3 3 0 2 3 2 0
-0.004565504448031028 0 1 3 1 0 3 0 0 0 3 3 0 1 1 0 0
-0.004565504448031028 0 1 3 1 0 3 0 0 0 3 3 0 2 2 0 0
0.011169426625510964 0 1 3 2 2 1 0 0 0 3 3 0 3 0 0 0
-0.013097387410018512 0 1 3 2 2 3 1 0 0 3 3 0 3 3 0 0
-0.0006496894220301926 0 1 3 3 1 1 3 1 0 3 3 3 0 3 3 0
0.004992663705082674 0 1 3 3 1 2 3 2 0 3 3 3 0 3 3 0
0.0007618326653478613 0 1 3 3 1 0 1 1 0 3 3 3 0 0 3 0
-0.005854450093620106 0 1 3 3 1 0 2 2 0 3 3 3 0 0 3 0
0.0007071355121003962 0 1 3 3 1 0 3 3 0 3 3 3 0 1 3 1
0.0007071355121003962 0 1 3 3 1 0 3 3 0 3 3 3 0 2 3 2
-0.0008291945561652362 0 1 3 3 1 0 0 3 0 3 3 3 0 0 1 1
-0.0008291945561652362 0 1 3 3 1 0 0 3 0 3 3 3 0 0 2 2
-0.005642353127112866 0 1 3 3 2 2 3 1 0 3 3 3 0 3 3 0
-0.004426797154385142 0 1 3 3 2 3 3 0 0 3 3 1 3 3 2 0
0.004426797154385142 0 1 3 3 2 3 3 0 0 3 3 2 3 3 1 0
0.0037751640425711247 0 1 3 3 2 3 0 0 0 3 3 1 3 2 0 0
-0.0037751640425711247 0 1 3 3 2 3 0 0 0 3 3 2 3 1 0 0
0.006616282758967967 0 1 3 3 2 0 2 1 0 3 3 3 0 0 3 0
-0.0003275596181285366 0 1 3 3 2 0 0 0 1 2 3 3 0 0 0 0
0.0003275596181285366 0 1 3 3 2 0 0 0 2 1 3 3 0 0 0 0
0.004285528192982278 0 1 3 3 3 2 3 3 0 3 3 3 1 3 3 2
-0.004285528192982278 0 1 3 3 3 2 3 3 0 3 3 3 2 3 3 1
-0.00502525553745487 0 1 3 3 3 0 2 3 0 3 3 3 1 0 3 2
0.00502525553745487 0 1 3 3 3 0 2 3 0 3 3 3 2 0 3 1
-0.0013568249341305893 0 1 3 3 3 0 3 1 0 3 3 3 1 1 3 0
-0.0013568249341305893 0 1 3 3 3 0 3 1 0 3 3 3 2 2 3 0
0.0015910272215130976 0 1 3 3 3 0 0 1 0 3 3 3 1 0 1 0
0.0015910272215130976 0 1 3 3 3 0 0 1 0 3 3 3 2 0 2 0
0.01494459066808209 0 1 3 3 0 1 0 0 0 3 3 1 1 0 0 0
0.01494459066808209 0 1 3 3 0 1 0 0 0 3 3 2 2 0 0 0
-0.017524184564403654 0 1 3 3 0 3 1 0 0 3 3 1 1 3 0 0
-0.017524184564403654 0 1 3 3 0 3 1 0 0 3 3 2 2 3 0 0
0.0052104213205147465 0 1 3 0 0 2 3 0 0 3 1 0 0 3 2 0
-0.0052104213205147465 0 1 3 0 0 2 3 0 0 3 2 0 0 3 1 0
0.009867906495301025 0 1 3 0 0 2 0 0 0 3 1 0 0 2 0 0
-0.009867906495301025 0 1 3 0 0 2 0 0 0 3 2 0 0 1 0 0
-0.008366300951111438 0 1 3 0 0 0 1 0 0 3 1 0 0 1 0 0
-0.008366300951111438 0 1 3 0 0 0 1 0 0 3 2 0 0 2 0 0
-0.009867906495301037 0 1 3 0 0 0 2 0 0 3 1 0 0 0 2 0
0.009867906495301037 0 1 3 0 0 0 2 0 0 3 2 0 0 0 1 0
-0.0051634364527143395 0 1 0 1 3 3 3 0 1 0 0 3 3 3 1 0
-0.0051634364527143395 0 1 0 1 3 3 3 0 2 0 0 3 3 3 2 0
0.004403368609984485 0 1 0 1 3 3 0 0 1 0 0 3 3 1 0 0
0.004403368609984485 0 1 0 1 3 3 0 0 2 0 0 3 3 2 0 0
0.0033708060107850843 0 1 0 2 3 3 3 3 0 1 0 3 3 3 3 2
-0.0033708060107850843 0 1 0 2 3 3 3 3 0 2 0 3 3 3 3 1
-0.007344675748451574 0 1 0 2 0 0 0 0 0 1 0 2 0 0 0 0
0.007344675748451574 0 1 0 2 0 0 0 0 0 2 0 1 0 0 0 0
-0.004332002768811055 0 1 0 0 2 0 0 0 0 1 0 0 2 0 0 0
0.004332002768811055 0 1 0 0 2 0 0 0 0 2 0 0 1 0 0 0
0.007970810916196022 0 1 0 0 3 2 0 0 1 0 0 2 3 0 0 0
-0.007970810916196022 0 1 0 0 3 2 0 0 2 0 0 1 3 0 0 0
-0.009346656909225906 0 1 0 0 3 3 2 0 1 0 0 2 3 3 0 0
0.009346656909225906 0 1 0 0 3 3 2 0 2 0 0 1 3 3 0 0
0.0033708060107850843 0 1 0 0 3 3 3 1 0 1 0 1 3 3 3 0
0.0033708060107850843 0 1 0 0 3 3 3 1 0 2 0 2 3 3 3 0
-0.003324618821950522 0 1 0 0 0 1 3 3 1 0 0 0 0 3 3 1
-0.003324618821950522 0 1 0 0 0 1 3 3 2 0 0 0 0 3 3 2
0.009867906495301032 0 1 0 0 0 2 3 0 0 1 0 0 0 3 2 0
-0.009867906495301032 0 1 0 0 0 2 3 0 0 2 0 0 0 3 1 0
-0.011620241787512251 0 1 0 0 0 2 0 0 0 1 0 0 0 2 0 0
0.011620241787512251 0 1 0 0 0 2 0 0 0 2 0 0 0 1 0 0
0.0038984830790034816 0 1 0 0 0 0 1 3 1 0 0 0 0 0 3 1
0.0038984830790034816 0 1 0 0 0 0 1 3 2 0 0 0 0 0 3 2
0.009867906495301032 0 1 0 0 0 0 1 0 0 1 0 0 0 1 0 0
0.009867906495301032 0 1 0 0 0 0 1 0 0 2 0 0 0 2 0 0
-0.014776121418108983 0 1 0 0 0 0 2 0 0 1 0 0 0 0 2 0
0.014776121418108983 0 1 0 0 0 0 2 0 0 2 0 0 0 0 1 0
-0.00266765765530836 0 1 0 0 0 0 3 2 1 0 0 0 0 2 3 0
0.00266765765530836 0 1 0 0 0 0 3 2 2 0 0 0 0 1 3 0
0.0031281234892643183 0 1 0 0 0 0 0 2 1 0 0 0 0 0 2 0
-0.0031281234892643183 0 1 0 0 0 0 0 2 2 0 0 0 0 0 1 0
-0.004158974039899011 0 1 0 0 0 0 0 2 0 1 0 0 0 0 0 2
0.004158974039899011 0 1 0 0 0 0 0 2 0 2 0 0 0 0 0 1
-0.013576722271626183 0 2 1 0 0 1 2 0 0 3 0 0 0 3 0 0
0.006313532150241467 0 2 1 0 0 0 0 0 0 1 2 0 0 0 0 0
-0.006313532150241467 0 2 1 0 0 0 0 0 0 2 1 0 0 0 0 0
0.0059749776754865706 0 2 2 0 0 1 1 0 0 3 0 0 0 3 0 0
-0.007601744596139612 0 2 2 0 0 2 2 0 0 3 0 0 0 3 0 0
-0.0050866274198227285 0 2 2 0 0 3 0 0 0 3 0 0 0 0 0 0
0.005086627419822727 0 2 2 0 0 0 3 0 0 3 0 0 0 0 0 0
0.0007645563549718242 0 2 2 0 0 0 3 0 0 3 0 0 0 1 1 0
0.0007645563549718242 0 2 2 0 0 0 3 0 0 3 0 0 0 2 2 0
0.004781279075478297 0 2 2 0 0 0 0 0 0 3 0 0 0 3 0 0
-0.0047812790754783105 0 2 2 0 0 0 0 0 0 3 0 0 0 0 3 0
0.011169426625510964 0 2 3 1 1 2 0 0 0 3 3 0 3 0 0 0
-0.013097387410018512 0 2 3 1 1 3 2 0 0 3 3 0 3 3 0 0
-0.000790340405459904 0 2 3 2 1 1 0 0 0 3 3 0 3 0 0 0
0.0009267614912709017 0 2 3 2 1 3 1 0 0 3 3 0 3 3 0 0
0.010379086220051062 0 2 3 2 2 2 0 0 0 3 3 0 3 0 0 0
-0.01217062591874761 0 2 3 2 2 3 2 0 0 3 3 0 3 3 0 0
0.005353558645656046 0 2 3 2 0 3 3 0 0 3 3 0 1 3 1 0
0.005353558645656046 0 2 3 2 0 3 3 0 0 3 3 0 2 3 2 0
-0.004565504448031028 0 2 3 2 0 3 0 0 0 3 3 0 1 1 0 0
-0.004565504448031028 0 2 3 2 0 3 0 0 0 3 3 0 2 2 0 0
-0.005642353127112866 0 2 3 3 1 1 3 2 0 3 3 3 0 3 3 0
0.004426797154385142 0 2 3 3 1 3 3 0 0 3 3 1 3 3 2 0
-0.004426797154385142 0 2 3 3 1 3 3 0 0 3 3 2 3 3 1 0
-0.0037751640425711247 0 2 3 3 1 3 0 0 0 3 3 1 3 2 0 0
0.0037751640425711247 0 2 3 3 1 3 0 0 0 3 3 2 3 1 0 0
0.006616282758967967 0 2 3 3 1 0 1 2 0 3 3 3 0 0 3 0
0.0003275596181285366 0 2 3 3 1 0 0 0 1 2 3 3 0 0 0 0
-0.0003275596181285366 0 2 3 3 1 0 0 0 2 1 3 3 0 0 0 0
0.004992663705082674 0 2 3 3 2 1 3 1 0 3 3 3 0 3 3 0
-0.0006496894220301926 0 2 3 3 2 2 3 2 0 3 3 3 0 3 3 0
-0.005854450093620106 0 2 3 3 2 0 1 1 0 3 3 3 0 0 3 0
0.0007618326653478613 0 2 3 3 2 0 2 2 0 3 3 3 0 0 3 0
0.0007071355121003962 0 2 3 3 2 0 3 3 0 3 3 3 0 1 3 1
0.0007071355121003962 0 2 3 3 2 0 3 3 0 3 3 3 0 2 3 2
-0.0008291945561652362 0 2 3 3 2 0 0 3 0 3 3 3 0 0 1 1
-0.0008291945561652362 0 2 3 3 2 0 0 3 0 3 3 3 0 0 2 2
-0.004285528192982278 0 2 3 3 3 1 3 3 0 3 3 3 1 3 3 2
0.004285528192982278 0 2 3 3 3 1 3 3 0 3 3 3 2 3 3 1
0.00502525553745487 0 2 3 3 3 0 1 3 0 3 3 3 1 0 3 2
-0.00502525553745487 0 2 3 3 3 0 1 3 0 3 3 3 2 0 3 1
-0.0013568249341305893 0 2 3 3 3 0 3 2 0 3 3 3 1 1 3 0
-0.0013568249341305893 0 2 3 3 3 0 3 2 0 3 3 3 2 2 3 0
0.0015910272215130976 0 2 3 3 3 0 0 2 0 3 3 3 1 0 1 0
0.0015910272215130976 0 2 3 3 3 0 0 2 0 3 3 3 2 0 2 0
0.01494459066808209 0 2 3 3 0 2 0 0 0 3 3 1 1 0 0 0
0.01494459066808209 0 2 3 3 0 2 0 0 0 3 3 2 2 0 0 0
-0.017524184564403654 0 2 3 3 0 3 2 0 0 3 3 1 1 3 0 0
-0.017524184564403654 0 2 3 3 0 3 2 0 0 3 3 2 2 3 0 0
-0.0052104213205147465 0 2 3 0 0 1 3 0 0 3 1 0 0 3 2 0
0.0052104213205147465 0 2 3 0 0 1 3 0 0 3 2 0 0 3 1 0
-0.009867906495301025 0 2 3 0 0 1 0 0 0 3 1 0 0 2 0 0
0.009867906495301025 0 2 3 0 0 1 0 0 0 3 2 0 0 1 0 0
0.009867906495301037 0 2 3 0 0 0 1 0 0 3 1 0 0 0 2 0
-0.009867906495301037 0 2 3 0 0 0 1 0 0 3 2 0 0 0 1 0
-0.008366300951111438 0 2 3 0 0 0 2 0 0 3 1 0 0 1 0 0
-0.008366300951111438 0 2 3 0 0 0 2 0 0 3 2 0 0 2 0 0
-0.0033708060107850843 0 2 0 1 3 3 3 3 0 1 0 3 3 3 3 2
0.0033708060107850843 0 2 0 1 3 3 3 3 0 2 0 3 3 3 3 1
0.007344675748451574 0 2 0 1 0 0 0 0 0 1 0 2 0 0 0 0
-0.007344675748451574 0 2 0 1 0 0 0 0 0 2 0 1 0 0 0 0
-0.0051634364527143395 0 2 0 2 3 3 3 0 1 0 0 3 3 3 1 0
-0.0051634364527143395 0 2 0 2 3 3 3 0 2 0 0 3 3 3 2 0
0.004403368609984485 0 2 0 2 3 3 0 0 1 0 0 3 3 1 0 0
0.004403368609984485 0 2 0 2 3 3 0 0 2 0 0 3 3 2 0 0
0.004332002768811055 0 2 0 0 1 0 0 0 0 1 0 0 2 0 0 0
-0.004332002768811055 0 2 0 0 1 0 0 0 0 2 0 0 1 0 0 0
-0.007970810916196022 0 2 0 0 3 1 0 0 1 0 0 2 3 0 0 0
0.007970810916196022 0 2 0 0 3 1 0 0 2 0 0 1 3 0 0 0
0.009346656909225906 0 2 0 0 3 3 1 0 1 0 0 2 3 3 0 0
-0.009346656909225906 0 2 0 0 3 3 1 0 2 0 0 1 3 3 0 0
0.0033708060107850843 0 2 0 0 3 3 3 2 0 1 0 1 3 3 3 0
0.0033708060107850843 0 2 0 0 3 3 3 2 0 2 0 2 3 3 3 0
-0.009867906495301032 0 2 0 0 0 1 3 0 0 1 0 0 0 3 2 0
0.009867906495301032 0 2 0 0 0 1 3 0 0 2 0 0 0 3 1 0
0.011620241787512251 0 2 0 0 0 1 0 0 0 1 0 0 0 2 0 0
-0.011620241787512251 0 2 0 0 0 1 0 0 0 2 0 0 0 1 0 0
-0.003324618821950522 0 2 0 0 0 2 3 3 1 0 0 0 0 3 3 1
-0.003324618821950522 0 2 0 0 0 2 3 3 2 0 0 0 0 3 3 2
0.014776121418108983 0 2 0 0 0 0 1 0 0 1 0 0 0 0 2 0
-0.014776121418108983 0 2 0 0 0 0 1 0 0 2 0 0 0 0 1 0
0.0038984830790034816 0 2 0 0 0 0 2 3 1 0 0 0 0 0 3 1
0.0038984830790034816 0 2 0 0 0 0 2 3 2 0 0 0 0 0 3 2
0.009867906495301032 0 2 0 0 0 0 2 0 0 1 0 0 0 1 0 0
0.009867906495301032 0 2 0 0 0 0 2 0 0 2 0 0 0 2 0 0
0.00266765765530836 0 2 0 0 0 0 3 1 1 0 0 0 0 2 3 0
-0.00266765765530836 0 2 0 0 0 0 3 1 2 0 0 0 0 1 3 0
-0.0031281234892643183 0 2 0 0 0 0 0 1 1 0 0 0 0 0 2 0
0.0031281234892643183 0 2 0 0 0 0 0 1 2 0 0 0 0 0 1 0
0.004158974039899011 0 2 0 0 0 0 0 1 0 1 0 0 0 0 0 2
-0.004158974039899011 0 2 0 0 0 0 0 1 0 2 0 0 0 0 0 1
1.5309534740694484 0 3 0 0 0 0 0 0 0 0 0 0 0 0 0 0
-0.004403368609984484 0 3 1 1 3 3 3 0 1 3 0 3 3 3 1 0
-0.004403368609984484 0 3 1 1 3 3 3 0 2 3 0 3 3 3 2 0
-0.0051634364527143395 0 3 1 1 3 3 0 0 1 3 0 3 3 1 0 0
-0.0051634364527143395 0 3 1 1 3 3 0 0 2 3 0 3 3 2 0 0
-0.0003275596181285291 0 3 1 3 2 0 0 0 1 3 2 3 0 0 0 0
0.0003275596181285291 0 3 1 3 2 0 0 0 2 3 1 3 0 0 0 0
-0.009346656909225901 0 3 1 0 3 2 0 0 1 3 0 2 3 0 0 0
0.009346656909225901 0 3 1 0 3 2 0 0 2 3 0 1 3 0 0 0
-0.00797081091619603 0 3 1 0 3 3 2 0 1 3 0 2 3 3 0 0
0.00797081091619603 0 3 1 0 3 3 2 0 2 3 0 1 3 3 0 0
0.003898483079003466 0 3 1 0 0 1 3 3 1 3 0 0 0 3 3 1
0.003898483079003466 0 3 1 0 0 1 3 3 2 3 0 0 0 3 3 2
0.0033246188219505234 0 3 1 0 0 0 1 3 1 3 0 0 0 0 3 1
0.0033246188219505234 0 3 1 0 0 0 1 3 2 3 0 0 0 0 3 2
0.0031281234892643266 0 3 1 0 0 0 3 2 1 3 0 0 0 2 3 0
-0.0031281234892643266 0 3 1 0 0 0 3 2 2 3 0 0 0 1 3 0
0.0026676576553083566 0 3 1 0 0 0 0 2 1 3 0 0 0 0 2 0
-0.0026676576553083566 0 3 1 0 0 0 0 2 2 3 0 0 0 0 1 0
-0.004403368609984484 0 3 2 2 3 3 3 0 1 3 0 3 3 3 1 0
-0.004403368609984484 0 3 2 2 3 3 3 0 2 3 0 3 3 3 2 0
-0.0051634364527143395 0 3 2 2 3 3 0 0 1 3 0 3 3 1 0 0
-0.0051634364527143395 0 3 2 2 3 3 0 0 2 3 0 3 3 2 0 0
0.0003275596181285291 0 3 2 3 1 0 0 0 1 3 2 3 0 0 0 0
-0.0003275596181285291 0 3 2 3 1 0 0 0 2 3 1 3 0 0 0 0
0.009346656909225901 0 3 2 0 3 1 0 0 1 3 0 2 3 0 0 0
-0.009346656909225901 0 3 2 0 3 1 0 0 2 3 0 1 3 0 0 0
0.00797081091619603 0 3 2 0 3 3 1 0 1 3 0 2 3 3 0 0
-0.00797081091619603 0 3 2 0 3 3 1 0 2 3 0 1 3 3 0 0
0.003898483079003466 0 3 2 0 0 2 3 3 1 3 0 0 0 3 3 1
0.003898483079003466 0 3 2 0 0 2 3 3 2 3 0 0 0 3 3 2
0.0033246188219505234 0 3 2 0 0 0 2 3 1 3 0 0 0 0 3 1
0.0033246188219505234 0 3 2 0 0 0 2 3 2 3 0 0 0 0 3 2
-0.0031281234892643266 0 3 2 0 0 0 3 1 1 3 0 0 0 2 3 0
0.0031281234892643266 0 3 2 0 0 0 3 1 2 3 0 0 0 1 3 0
-0.0026676576553083566 0 3 2 0 0 0 0 1 1 3 0 0 0 0 2 0
0.0026676576553083566 0 3 2 0 0 0 0 1 2 3 0 0 0 0 1 0
0.09705748760065037 0 3 3 0 0 0 0 0 0 0 0 0 0 0 0 0
0.0026211372821784494 0 3 3 1 1 3 3 3 1 3 3 0 3 3 3 1
0.0026211372821784494 0 3 3 1 1 3 3 3 2 3 3 0 3 3 3 2
-0.014668205938663052 0 3 3 1 2 0 0 0 1 3 3 2 0 0 0 0
0.014668205938663052 0 3 3 1 2 0 0 0 2 3 3 1 0 0 0 0
0.012470705765297784 0 3 3 1 3 1 0 0 1 3 1 3 3 0 0 0
0.012470705765297784 0 3 3 1 3 1 0 0 2 3 2 3 3 0 0 0
0.01063499373220673 0 3 3 1 3 3 1 0 1 3 1 3 3 3 0 0
0.01063499373220673 0 3 3 1 3 3 1 0 2 3 2 3 3 3 0 0
-0.0015747943777328316 0 3 3 1 0 3 3 2 1 3 3 0 2 3 3 0
0.0015747943777328316 0 3 3 1 0 3 3 2 2 3 3 0 1 3 3 0
0.014668205938663052 0 3 3 2 1 0 0 0 1 3 3 2 0 0 0 0
-0.014668205938663052 0 3 3 2 1 0 0 0 2 3 3 1 0 0 0 0
0.0026211372821784494 0 3 3 2 2 3 3 3 1 3 3 0 3 3 3 1
0.0026211372821784494 0 3 3 2 2 3 3 3 2 3 3 0 3 3 3 2
0.012470705765297784 0 3 3 2 3 2 0 0 1 3 1 3 3 0 0 0
0.012470705765297784 0 3 3 2 3 2 0 0 2 3 2 3 3 0 0 0
0.01063499373220673 0 3 3 2 3 3 2 0 1 3 1 3 3 3 0 0
0.01063499373220673 0 3 3 2 3 3 2 0 2 3 2 3 3 3 0 0
0.0015747943777328316 0 3 3 2 0 3 3 1 1 3 3 0 2 3 3 0
-0.0015747943777328316 0 3 3 2 0 3 3 1 2 3 3 0 1 3 3 0
-0.005337791741785017 0 3 3 3 1 1 0 0 1 3 3 3 0 1 0 0
-0.005337791741785017 0 3 3 3 1 1 0 0 2 3 3 3 0 2 0 0
0.004694907458667046 0 3 3 3 1 3 3 1 1 3 3 1 3 3 3 0
0.004694907458667046 0 3 3 3 1 3 3 1 2 3 3 2 3 3 3 0
-0.005337791741785024 0 3 3 3 1 0 1 0 1 3 3 3 0 0 1 0
-0.005337791741785024 0 3 3 3 1 0 1 0 2 3 3 3 0 0 2 0
-0.0010511300576609764 0 3 3 3 1 0 0 1 1 3 3 3 0 0 0 1
-0.0010511300576609764 0 3 3 3 1 0 0 1 2 3 3 3 0 0 0 2
-0.005337791741785017 0 3 3 3 2 2 0 0 1 3 3 3 0 1 0 0
-0.005337791741785017 0 3 3 3 2 2 0 0 2 3 3 3 0 2 0 0
0.004694907458667046 0 3 3 3 2 3 3 2 1 3 3 1 3 3 3 0
0.004694907458667046 0 3 3 3 2 3 3 2 2 3 3 2 3 3 3 0
-0.005337791741785024 0 3 3 3 2 0 2 0 1 3 3 3 0 0 1 0
-0.005337791741785024 0 3 3 3 2 0 2 0 2 3 3 3 0 0 2 0
-0.0010511300576609764 0 3 3 3 2 0 0 2 1 3 3 3 0 0 0 1
-0.0010511300576609764 0 3 3 3 2 0 0 2 2 3 3 3 0 0 0 2
0.0029168451225298733 0 3 3 3 3 3 0 0 1 3 3 3 1 0 0 0
0.0029168451225298733 0 3 3 3 3 3 0 0 2 3 3 3 2 0 0 0
0.002916845122529867 0 3 3 3 3 0 3 0 1 3 3 3 1 0 0 0
0.002916845122529867 0 3 3 3 3 0 3 0 2 3 3 3 2 0 0 0
0.003108759766401936 0 3 3 3 3 0 0 3 1 3 3 3 1 0 0 0
0.003108759766401936 0 3 3 3 3 0 0 3 2 3 3 3 2 0 0 0
0.08226537730170477 0 3 3 3 3 0 0 0 1 3 3 3 1 0 0 0
0.008254636864314891 0 3 3 3 3 0 0 0 1 3 3 3 1 3 0 0
0.00825463686431489 0 3 3 3 3 0 0 0 1 3 3 3 1 0 3 0
0.0041598898240629125 0 3 3 3 3 0 0 0 1 3 3 3 1 0 0 3
0.014089358151228868 0 3 3 3 3 0 0 0 1 3 3 0 1 0 0 0
0.009540083310546371 0 3 3 3 3 0 0 0 1 3 0 3 1 0 0 0
0.009540083310546389 0 3 3 3 3 0 0 0 1 0 3 3 1 0 0 0
0.08226537730170477 0 3 3 3 3 0 0 0 2 3 3 3 2 0 0 0
0.008254636864314891 0 3 3 3 3 0 0 0 2 3 3 3 2 3 0 0
0.00825463686431489 0 3 3 3 3 0 0 0 2 3 3 3 2 0 3 0
0.0041598898240629125 0 3 3 3 3 0 0 0 2 3 3 3 2 0 0 3
0.014089358151228868 0 3 3 3 3 0 0 0 2 3 3 0 2 0 0 0
0.009540083310546371 0 3 3 3 3 0 0 0 2 3 0 3 2 0 0 0
0.009540083310546389 0 3 3 3 3 0 0 0 2 0 3 3 2 0 0 0
0.007316044740845493 0 3 3 3 0 3 3 3 1 3 3 1 1 3 3 1
0.003120113080934214 0 3 3 3 0 3 3 3 1 3 3 1 2 3 3 2
0.004195931659911282 0 3 3 3 0 3 3 3 1 3 3 2 2 3 3 1
0.004195931659911282 0 3 3 3 0 3 3 3 2 3 3 1 1 3 3 2
0.003120113080934214 0 3 3 3 0 3 3 3 2 3 3 2 1 3 3 1
0.007316044740845493 0 3 3 3 0 3 3 3 2 3 3 2 2 3 3 2
0.00126255690151147 0 3 3 3 0 0 0 0 1 3 3 3 1 0 0 0
0.00126255690151147 0 3 3 3 0 0 0 0 2 3 3 3 2 0 0 0
0.006231625122222243 0 3 3 0 3 3 3 0 1 3 1 1 3 3 1 0
0.0026641828160106976 0 3 3 0 3 3 3 0 1 3 1 2 3 3 2 0
0.0035674423062115462 0 3 3 0 3 3 3 0 1 3 2 2 3 3 1 0
0.0035674423062115462 0 3 3 0 3 3 3 0 2 3 1 1 3 3 2 0
0.0026641828160106976 0 3 3 0 3 3 3 0 2 3 2 1 3 3 1 0
0.006231625122222243 0 3 3 0 3 3 3 0 2 3 2 2 3 3 2 0
0.007307269312583446 0 3 3 0 3 3 0 0 1 3 1 1 3 1 0 0
0.0031240488560718826 0 3 3 0 3 3 0 0 1 3 1 2 3 2 0 0
0.004183220456511562 0 3 3 0 3 3 0 0 1 3 2 2 3 1 0 0
0.004183220456511562 0 3 3 0 3 3 0 0 2 3 1 1 3 2 0 0
0.0031240488560718826 0 3 3 0 3 3 0 0 2 3 2 1 3 1 0 0
0.007307269312583446 0 3 3 0 3 3 0 0 2 3 2 2 3 2 0 0
-0.0005788477874341829 0 3 3 0 3 0 0 0 1 3 3 3 1 0 0 0
-0.0005788477874341829 0 3 3 0 3 0 0 0 2 3 3 3 2 0 0 0
-0.008258365642818882 0 3 3 0 0 1 3 1 1 3 1 0 0 3 3 0
-0.008258365642818882 0 3 3 0 0 1 3 1 2 3 2 0 0 3 3 0
-0.008258365642818882 0 3 3 0 0 2 3 2 1 3 1 0 0 3 3 0
-0.008258365642818882 0 3 3 0 0 2 3 2 2 3 2 0 0 3 3 0
-0.00704271823123658 0 3 3 0 0 0 1 1 1 3 1 0 0 0 3 0
-0.00704271823123658 0 3 3 0 0 0 1 1 2 3 2 0 0 0 3 0
-0.00704271823123658 0 3 3 0 0 0 2 2 1 3 1 0 0 0 3 0
-0.00704271823123658 0 3 3 0 0 0 2 2 2 3 2 0 0 0 3 0
-0.004359882563815416 0 3 3 0 0 0 3 3 1 3 1 0 0 1 3 1
-0.005130242153554555 0 3 3 0 0 0 3 3 1 3 1 0 0 2 3 2
0.0007703595897391392 0 3 3 0 0 0 3 3 1 3 2 0 0 2 3 1
0.0007703595897391392 0 3 3 0 0 0 3 3 2 3 1 0 0 1 3 2
-0.005130242153554555 0 3 3 0 0 0 3 3 2 3 2 0 0 1 3 1
-0.004359882563815416 0 3 3 0 0 0 3 3 2 3 2 0 0 2 3 2
-0.0037180994092860576 0 3 3 0 0 0 0 3 1 3 1 0 0 0 1 1
-0.004375060575928225 0 3 3 0 0 0 0 3 1 3 1 0 0 0 2 2
0.0006569611666421677 0 3 3 0 0 0 0 3 1 3 2 0 0 0 2 1
0.0006569611666421677 0 3 3 0 0 0 0 3 2 3 1 0 0 0 1 2
-0.004375060575928225 0 3 3 0 0 0 0 3 2 3 2 0 0 0 1 1
-0.0037180994092860576 0 3 3 0 0 0 0 3 2 3 2 0 0 0 2 2
-0.010634993732206732 0 3 0 1 3 1 0 0 1 1 0 3 3 0 0 0
-0.010634993732206732 0 3 0 1 3 1 0 0 2 2 0 3 3 0 0 0
0.012470705765297772 0 3 0 1 3 3 1 0 1 1 0 3 3 3 0 0
0.012470705765297772 0 3 0 1 3 3 1 0 2 2 0 3 3 3 0 0
-0.004425081224898859 0 3 0 1 3 3 3 1 0 0 0 3 3 3 3 0
-0.010634993732206732 0 3 0 2 3 2 0 0 1 1 0 3 3 0 0 0
-0.010634993732206732 0 3 0 2 3 2 0 0 2 2 0 3 3 0 0 0
0.012470705765297772 0 3 0 2 3 3 2 0 1 1 0 3 3 3 0 0
0.012470705765297772 0 3 0 2 3 3 2 0 2 2 0 3 3 3 0 0
-0.004425081224898859 0 3 0 2 3 3 3 2 0 0 0 3 3 3 3 0
0.0860770108276304 0 3 0 3 0 0 0 0 0 0 0 0 0 0 0 0
0.009212523692417842 0 3 0 3 3 0 0 0 1 3 3 3 1 0 0 0
0.009212523692417842 0 3 0 3 3 0 0 0 2 3 3 3 2 0 0 0
0.08959964584195661 0 3 0 0 3 0 0 0 0 0 0 0 0 0 0 0
-0.0010542752141137757 0 3 0 0 3 3 3 3 0 0 0 1 3 3 3 1
-0.0010542752141137757 0 3 0 0 3 3 3 3 0 0 0 2 3 3 3 2
0.007307269312583434 0 3 0 0 3 3 3 0 1 1 0 1 3 3 1 0
0.003124048856071868 0 3 0 0 3 3 3 0 1 1 0 2 3 3 2 0
0.004183220456511566 0 3 0 0 3 3 3 0 1 2 0 2 3 3 1 0
0.004183220456511566 0 3 0 0 3 3 3 0 2 1 0 1 3 3 2 0
0.003124048856071868 0 3 0 0 3 3 3 0 2 2 0 1 3 3 1 0
0.007307269312583434 0 3 0 0 3 3 3 0 2 2 0 2 3 3 2 0
-0.006231625122222245 0 3 0 0 3 3 0 0 1 1 0 1 3 1 0 0
-0.002664182816010709 0 3 0 0 3 3 0 0 1 1 0 2 3 2 0 0
-0.0035674423062115367 0 3 0 0 3 3 0 0 1 2 0 2 3 1 0 0
-0.0035674423062115367 0 3 0 0 3 3 0 0 2 1 0 1 3 2 0 0
-0.002664182816010709 0 3 0 0 3 3 0 0 2 2 0 1 3 1 0 0
-0.006231625122222245 0 3 0 0 3 3 0 0 2 2 0 2 3 2 0 0
-0.005086627419822732 0 3 0 0 0 1 1 0 0 0 0 0 0 3 0 0
0.0070427182312365905 0 3 0 0 0 1 3 1 1 1 0 0 0 3 3 0
0.0070427182312365905 0 3 0 0 0 1 3 1 2 2 0 0 0 3 3 0
-0.005086627419822732 0 3 0 0 0 2 2 0 0 0 0 0 0 3 0 0
0.0070427182312365905 0 3 0 0 0 2 3 2 1 1 0 0 0 3 3 0
0.0070427182312365905 0 3 0 0 0 2 3 2 2 2 0 0 0 3 3 0
0.08846720100989774 0 3 0 0 0 3 0 0 0 0 0 0 0 0 0 0
-0.008258365642818868 0 3 0 0 0 0 1 1 1 1 0 0 0 0 3 0
-0.008258365642818868 0 3 0 0 0 0 1 1 2 2 0 0 0 0 3 0
-0.008258365642818868 0 3 0 0 0 0 2 2 1 1 0 0 0 0 3 0
-0.008258365642818868 0 3 0 0 0 0 2 2 2 2 0 0 0 0 3 0
0.08684043408924465 0 3 0 0 0 0 3 0 0 0 0 0 0 0 0 0
0.0037180994092860685 0 3 0 0 0 0 3 3 1 1 0 0 0 1 3 1
0.00437506057592823 0 3 0 0 0 0 3 3 1 1 0 0 0 2 3 2
-0.000656961166642162 0 3 0 0 0 0 3 3 1 2 0 0 0 2 3 1
-0.000656961166642162 0 3 0 0 0 0 3 3 2 1 0 0 0 1 3 2
0.00437506057592823 0 3 0 0 0 0 3 3 2 2 0 0 0 1 3 1
0.0037180994092860685 0 3 0 0 0 0 3 3 2 2 0 0 0 2 3 2
0.004781279075478299 0 3 0 0 0 0 3 0 0 0 0 0 0 1 1 0
0.004781279075478299 0 3 0 0 0 0 3 0 0 0 0 0 0 2 2 0
0.0938466546110526 0 3 0 0 0 0 0 3 0 0 0 0 0 0 0 0
-0.004359882563815387 0 3 0 0 0 0 0 3 1 1 0 0 0 0 1 1
-0.005130242153554551 0 3 0 0 0 0 0 3 1 1 0 0 0 0 2 2
0.0007703595897391633 0 3 0 0 0 0 0 3 1 2 0 0 0 0 2 1
0.0007703595897391633 0 3 0 0 0 0 0 3 2 1 0 0 0 0 1 2
-0.005130242153554551 0 3 0 0 0 0 0 3 2 2 0 0 0 0 1 1
-0.004359882563815387 0 3 0 0 0 0 0 3 2 2 0 0 0 0 2 2
0.11862303626981774 0 3 0 0 0 0 0 0 3 0 0 0 0 0 0 0
0.11599808405137475 0 3 0 0 0 0 0 0 0 3 0 0 0 0 0 0
0.10337101975089186 0 3 0 0 0 0 0 0 0 0 3 0 0 0 0 0
0.09342168657608196 0 3 0 0 0 0 0 0 0 0 0 3 0 0 0 0
0.09393164861076767 0 3 0 0 0 0 0 0 0 0 0 0 3 0 0 0
0.10008744279741 0 3 0 0 0 0 0 0 0 0 0 0 0 3 0 0
0.10161655550735363 0 3 0 0 0 0 0 0 0 0 0 0 0 0 3 0
0.09800562865095161 0 3 0 0 0 0 0 0 0 0 0 0 0 0 0 3
-0.012170625918747601 0 0 1 1 1 1 0 0 0 0 3 0 3 0 0 0
-0.010379086220051069 0 0 1 1 1 3 1 0 0 0 3 0 3 3 0 0
0.0009267614912709019 0 0 1 1 2 2 0 0 0 0 3 0 3 0 0 0
0.0007903404054599029 0 0 1 1 2 3 2 0 0 0 3 0 3 3 0 0
0.004565504448031027 0 0 1 1 0 3 3 0 0 0 3 0 1 3 1 0
0.004565504448031027 0 0 1 1 0 3 3 0 0 0 3 0 2 3 2 0
0.005353558645656044 0 0 1 1 0 3 0 0 0 0 3 0 1 1 0 0
0.005353558645656044 0 0 1 1 0 3 0 0 0 0 3 0 2 2 0 0
-0.013097387410018506 0 0 1 2 2 1 0 0 0 0 3 0 3 0 0 0
-0.01116942662551097 0 0 1 2 2 3 1 0 0 0 3 0 3 3 0 0
0.0033708060107850895 0 0 1 2 3 3 3 3 0 0 1 3 3 3 3 2
-0.0033708060107850895 0 0 1 2 3 3 3 3 0 0 2 3 3 3 3 1
-0.00734467574845158 0 0 1 2 0 0 0 0 0 0 1 2 0 0 0 0
0.00734467574845158 0 0 1 2 0 0 0 0 0 0 2 1 0 0 0 0
0.0007618326653478651 0 0 1 3 1 1 3 1 0 0 3 3 0 3 3 0
-0.005854450093620184 0 0 1 3 1 2 3 2 0 0 3 3 0 3 3 0
0.000649689422030191 0 0 1 3 1 0 1 1 0 0 3 3 0 0 3 0
-0.0049926637050826455 0 0 1 3 1 0 2 2 0 0 3 3 0 0 3 0
-0.0008291945561652357 0 0 1 3 1 0 3 3 0 0 3 3 0 1 3 1
-0.0008291945561652357 0 0 1 3 1 0 3 3 0 0 3 3 0 2 3 2
-0.0007071355121003953 0 0 1 3 1 0 0 3 0 0 3 3 0 0 1 1
-0.0007071355121003953 0 0 1 3 1 0 0 3 0 0 3 3 0 0 2 2
0.00661628275896805 0 0 1 3 2 2 3 1 0 0 3 3 0 3 3 0
-0.0037751640425711247 0 0 1 3 2 3 3 0 0 0 3 1 3 3 2 0
0.0037751640425711247 0 0 1 3 2 3 3 0 0 0 3 2 3 3 1 0
-0.004426797154385142 0 0 1 3 2 3 0 0 0 0 3 1 3 2 0 0
0.004426797154385142 0 0 1 3 2 3 0 0 0 0 3 2 3 1 0 0
0.005642353127112835 0 0 1 3 2 0 2 1 0 0 3 3 0 0 3 0
-0.00502525553745495 0 0 1 3 3 2 3 3 0 0 3 3 1 3 3 2
0.00502525553745495 0 0 1 3 3 2 3 3 0 0 3 3 2 3 3 1
-0.00428552819298225 0 0 1 3 3 0 2 3 0 0 3 3 1 0 3 2
0.00428552819298225 0 0 1 3 3 0 2 3 0 0 3 3 2 0 3 1
0.0015910272215131007 0 0 1 3 3 0 3 1 0 0 3 3 1 1 3 0
0.0015910272215131007 0 0 1 3 3 0 3 1 0 0 3 3 2 2 3 0
0.0013568249341305862 0 0 1 3 3 0 0 1 0 0 3 3 1 0 1 0
0.0013568249341305862 0 0 1 3 3 0 0 1 0 0 3 3 2 0 2 0
-0.017524184564403647 0 0 1 3 0 1 0 0 0 0 3 1 1 0 0 0
-0.017524184564403647 0 0 1 3 0 1 0 0 0 0 3 2 2 0 0 0
-0.014944590668082096 0 0 1 3 0 3 1 0 0 0 3 1 1 3 0 0
-0.014944590668082096 0 0 1 3 0 3 1 0 0 0 3 2 2 3 0 0
-0.0043320027688110605 0 0 1 0 2 0 0 0 0 0 1 0 2 0 0 0
0.0043320027688110605 0 0 1 0 2 0 0 0 0 0 2 0 1 0 0 0
0.0033708060107850895 0 0 1 0 3 3 3 1 0 0 1 1 3 3 3 0
0.0033708060107850895 0 0 1 0 3 3 3 1 0 0 2 2 3 3 3 0
-0.008366300951111438 0 0 1 0 0 1 3 0 0 1 0 0 0 3 1 0
-0.008366300951111438 0 0 1 0 0 1 3 0 0 2 0 0 0 3 2 0
0.009867906495301023 0 0 1 0 0 1 0 0 0 1 0 0 0 1 0 0
0.009867906495301023 0 0 1 0 0 1 0 0 0 2 0 0 0 2 0 0
-0.009867906495301032 0 0 1 0 0 2 3 0 0 0 1 0 0 3 2 0
0.009867906495301032 0 0 1 0 0 2 3 0 0 0 2 0 0 3 1 0
-0.014776121418108969 0 0 1 0 0 2 0 0 0 0 1 0 0 2 0 0
0.014776121418108969 0 0 1 0 0 2 0 0 0 0 2 0 0 1 0 0
-0.009867906495301037 0 0 1 0 0 0 1 0 0 1 0 0 0 0 1 0
-0.009867906495301037 0 0 1 0 0 0 1 0 0 2 0 0 0 0 2 0
-0.009867906495301032 0 0 1 0 0 0 1 0 0 0 1 0 0 1 0 0
-0.009867906495301032 0 0 1 0 0 0 1 0 0 0 2 0 0 2 0 0
0.0052104213205147465 0 0 1 0 0 0 2 0 0 1 0 0 0 2 0 0
-0.0052104213205147465 0 0 1 0 0 0 2 0 0 2 0 0 0 1 0 0
-0.011620241787512278 0 0 1 0 0 0 2 0 0 0 1 0 0 0 2 0
0.011620241787512278 0 0 1 0 0 0 2 0 0 0 2 0 0 0 1 0
-0.004158974039899011 0 0 1 0 0 0 0 2 0 0 1 0 0 0 0 2
0.004158974039899011 0 0 1 0 0 0 0 2 0 0 2 0 0 0 0 1
-0.013097387410018506 0 0 2 1 1 2 0 0 0 0 3 0 3 0 0 0
-0.01116942662551097 0 0 2 1 1 3 2 0 0 0 3 0 3 3 0 0
-0.0033708060107850895 0 0 2 1 3 3 3 3 0 0 1 3 3 3 3 2
0.0033708060107850895 0 0 2 1 3 3 3 3 0 0 2 3 3 3 3 1
0.00734467574845158 0 0 2 1 0 0 0 0 0 0 1 2 0 0 0 0
-0.00734467574845158 0 0 2 1 0 0 0 0 0 0 2 1 0 0 0 0
0.0009267614912709019 0 0 2 2 1 1 0 0 0 0 3 0 3 0 0 0
0.0007903404054599029 0 0 2 2 1 3 1 0 0 0 3 0 3 3 0 0
-0.012170625918747601 0 0 2 2 2 2 0 0 0 0 3 0 3 0 0 0
-0.010379086220051069 0 0 2 2 2 3 2 0 0 0 3 0 3 3 0 0
0.004565504448031027 0 0 2 2 0 3 3 0 0 0 3 0 1 3 1 0
0.004565504448031027 0 0 2 2 0 3 3 0 0 0 3 0 2 3 2 0
0.005353558645656044 0 0 2 2 0 3 0 0 0 0 3 0 1 1 0 0
0.005353558645656044 0 0 2 2 0 3 0 0 0 0 3 0 2 2 0 0
0.00661628275896805 0 0 2 3 1 1 3 2 0 0 3 3 0 3 3 0
0.0037751640425711247 0 0 2 3 1 3 3 0 0 0 3 1 3 3 2 0
-0.0037751640425711247 0 0 2 3 1 3 3 0 0 0 3 2 3 3 1 0
0.004426797154385142 0 0 2 3 1 3 0 0 0 0 3 1 3 2 0 0
-0.004426797154385142 0 0 2 3 1 3 0 0 0 0 3 2 3 1 0 0
0.005642353127112835 0 0 2 3 1 0 1 2 0 0 3 3 0 0 3 0
-0.005854450093620184 0 0 2 3 2 1 3 1 0 0 3 3 0 3 3 0
0.0007618326653478651 0 0 2 3 2 2 3 2 0 0 3 3 0 3 3 0
-0.0049926637050826455 0 0 2 3 2 0 1 1 0 0 3 3 0 0 3 0
0.000649689422030191 0 0 2 3 2 0 2 2 0 0 3 3 0 0 3 0
-0.0008291945561652357 0 0 2 3 2 0 3 3 0 0 3 3 0 1 3 1
-0.0008291945561652357 0 0 2 3 2 0 3 3 0 0 3 3 0 2 3 2
-0.0007071355121003953 0 0 2 3 2 0 0 3 0 0 3 3 0 0 1 1
-0.0007071355121003953 0 0 2 3 2 0 0 3 0 0 3 3 0 0 2 2
0.00502525553745495 0 0 2 3 3 1 3 3 0 0 3 3 1 3 3 2
-0.00502525553745495 0 0 2 3 3 1 3 3 0 0 3 3 2 3 3 1
0.00428552819298225 0 0 2 3 3 0 1 3 0 0 3 3 1 0 3 2
-0.00428552819298225 0 0 2 3 3 0 1 3 0 0 3 3 2 0 3 1
0.0015910272215131007 0 0 2 3 3 0 3 2 0 0 3 3 1 1 3 0
0.0015910272215131007 0 0 2 3 3 0 3 2 0 0 3 3 2 2 3 0
0.0013568249341305862 0 0 2 3 3 0 0 2 0 0 3 3 1 0 1 0
0.0013568249341305862 0 0 2 3 3 0 0 2 0 0 3 3 2 0 2 0
-0.017524184564403647 0 0 2 3 0 2 0 0 0 0 3 1 1 0 0 0
-0.017524184564403647 0 0 2 3 0 2 0 0 0 0 3 2 2 0 0 0
-0.014944590668082096 0 0 2 3 0 3 2 0 0 0 3 1 1 3 0 0
-0.014944590668082096 0 0 2 3 0 3 2 0 0 0 3 2 2 3 0 0
0.0043320027688110605 0 0 2 0 1 0 0 0 0 0 1 0 2 0 0 0
-0.0043320027688110605 0 0 2 0 1 0 0 0 0 0 2 0 1 0 0 0
0.0033708060107850895 0 0 2 0 3 3 3 2 0 0 1 1 3 3 3 0
0.0033708060107850895 0 0 2 0 3 3 3 2 0 0 2 2 3 3 3 0
0.009867906495301032 0 0 2 0 0 1 3 0 0 0 1 0 0 3 2 0
-0.009867906495301032 0 0 2 0 0 1 3 0 0 0 2 0 0 3 1 0
0.014776121418108969 0 0 2 0 0 1 0 0 0 0 1 0 0 2 0 0
-0.014776121418108969 0 0 2 0 0 1 0 0 0 0 2 0 0 1 0 0
-0.008366300951111438 0 0 2 0 0 2 3 0 0 1 0 0 0 3 1 0
-0.008366300951111438 0 0 2 0 0 2 3 0 0 2 0 0 0 3 2 0
0.009867906495301023 0 0 2 0 0 2 0 0 0 1 0 0 0 1 0 0
0.009867906495301023 0 0 2 0 0 2 0 0 0 2 0 0 0 2 0 0
-0.0052104213205147465 0 0 2 0 0 0 1 0 0 1 0 0 0 2 0 0
0.0052104213205147465 0 0 2 0 0 0 1 0 0 2 0 0 0 1 0 0
0.011620241787512278 0 0 2 0 0 0 1 0 0 0 1 0 0 0 2 0
-0.011620241787512278 0 0 2 0 0 0 1 0 0 0 2 0 0 0 1 0
-0.009867906495301037 0 0 2 0 0 0 2 0 0 1 0 0 0 0 1 0
-0.009867906495301037 0 0 2 0 0 0 2 0 0 2 0 0 0 0 2 0
-0.009867906495301032 0 0 2 0 0 0 2 0 0 0 1 0 0 1 0 0
-0.009867906495301032 0 0 2 0 0 0 2 0 0 0 2 0 0 2 0 0
0.004158974039899011 0 0 2 0 0 0 0 1 0 0 1 0 0 0 0 2
-0.004158974039899011 0 0 2 0 0 0 0 1 0 0 2 0 0 0 0 1
1.5309534740694535 0 0 3 0 0 0 0 0 0 0 0 0 0 0 0 0
-0.017524184564403654 0 0 3 1 1 3 3 0 0 1 3 0 3 3 1 0
-0.017524184564403654 0 0 3 1 1 3 3 0 0 2 3 0 3 3 2 0
0.01494459066808209 0 0 3 1 1 3 0 0 0 1 3 0 3 1 0 0
0.01494459066808209 0 0 3 1 1 3 0 0 0 2 3 0 3 2 0 0
-0.004425081224898782 0 0 3 1 3 3 3 1 0 0 0 3 3 3 3 0
0.0037751640425711247 0 0 3 1 0 2 0 0 0 1 3 0 2 0 0 0
-0.0037751640425711247 0 0 3 1 0 2 0 0 0 2 3 0 1 0 0 0
-0.004426797154385142 0 0 3 1 0 3 2 0 0 1 3 0 2 3 0 0
0.004426797154385142 0 0 3 1 0 3 2 0 0 2 3 0 1 3 0 0
-0.017524184564403654 0 0 3 2 2 3 3 0 0 1 3 0 3 3 1 0
-0.017524184564403654 0 0 3 2 2 3 3 0 0 2 3 0 3 3 2 0
0.01494459066808209 0 0 3 2 2 3 0 0 0 1 3 0 3 1 0 0
0.01494459066808209 0 0 3 2 2 3 0 0 0 2 3 0 3 2 0 0
-0.004425081224898782 0 0 3 2 3 3 3 2 0 0 0 3 3 3 3 0
-0.0037751640425711247 0 0 3 2 0 1 0 0 0 1 3 0 2 0 0 0
0.0037751640425711247 0 0 3 2 0 1 0 0 0 2 3 0 1 0 0 0
0.004426797154385142 0 0 3 2 0 3 1 0 0 1 3 0 2 3 0 0
-0.004426797154385142 0 0 3 2 0 3 1 0 0 2 3 0 1 3 0 0
0.0860770108276304 0 0 3 3 0 0 0 0 0 0 0 0 0 0 0 0
-0.0013568249341305893 0 0 3 3 1 1 3 3 0 1 3 3 0 3 3 1
-0.0013568249341305893 0 0 3 3 1 1 3 3 0 2 3 3 0 3 3 2
-0.004565504448031028 0 0 3 3 1 1 0 0 0 1 3 1 3 0 0 0
-0.004565504448031028 0 0 3 3 1 1 0 0 0 2 3 2 3 0 0 0
0.005353558645656046 0 0 3 3 1 3 1 0 0 1 3 1 3 3 0 0
0.005353558645656046 0 0 3 3 1 3 1 0 0 2 3 2 3 3 0 0
0.0015910272215130976 0 0 3 3 1 0 1 3 0 1 3 3 0 0 3 1
0.0015910272215130976 0 0 3 3 1 0 1 3 0 2 3 3 0 0 3 2
0.004285528192982278 0 0 3 3 1 0 3 2 0 1 3 3 0 2 3 0
-0.004285528192982278 0 0 3 3 1 0 3 2 0 2 3 3 0 1 3 0
-0.00502525553745487 0 0 3 3 1 0 0 2 0 1 3 3 0 0 2 0
0.00502525553745487 0 0 3 3 1 0 0 2 0 2 3 3 0 0 1 0
-0.0013568249341305893 0 0 3 3 2 2 3 3 0 1 3 3 0 3 3 1
-0.0013568249341305893 0 0 3 3 2 2 3 3 0 2 3 3 0 3 3 2
-0.004565504448031028 0 0 3 3 2 2 0 0 0 1 3 1 3 0 0 0
-0.004565504448031028 0 0 3 3 2 2 0 0 0 2 3 2 3 0 0 0
0.005353558645656046 0 0 3 3 2 3 2 0 0 1 3 1 3 3 0 0
0.005353558645656046 0 0 3 3 2 3 2 0 0 2 3 2 3 3 0 0
0.0015910272215130976 0 0 3 3 2 0 2 3 0 1 3 3 0 0 3 1
0.0015910272215130976 0 0 3 3 2 0 2 3 0 2 3 3 0 0 3 2
-0.004285528192982278 0 0 3 3 2 0 3 1 0 1 3 3 0 2 3 0
0.004285528192982278 0 0 3 3 2 0 3 1 0 2 3 3 0 1 3 0
0.00502525553745487 0 0 3 3 2 0 0 1 0 1 3 3 0 0 2 0
-0.00502525553745487 0 0 3 3 2 0 0 1 0 2 3 3 0 0 1 0
0.0007071355121003962 0 0 3 3 3 1 3 1 0 1 3 3 1 3 3 0
0.0007071355121003962 0 0 3 3 3 1 3 1 0 2 3 3 2 3 3 0
0.0007071355121003962 0 0 3 3 3 2 3 2 0 1 3 3 1 3 3 0
0.0007071355121003962 0 0 3 3 3 2 3 2 0 2 3 3 2 3 3 0
-0.0008291945561652362 0 0 3 3 3 0 1 1 0 1 3 3 1 0 3 0
-0.0008291945561652362 0 0 3 3 3 0 1 1 0 2 3 3 2 0 3 0
-0.0008291945561652362 0 0 3 3 3 0 2 2 0 1 3 3 1 0 3 0
-0.0008291945561652362 0 0 3 3 3 0 2 2 0 2 3 3 2 0 3 0
-0.0006496894220301926 0 0 3 3 3 0 3 3 0 1 3 3 1 1 3 1
0.004992663705082674 0 0 3 3 3 0 3 3 0 1 3 3 1 2 3 2
-0.005642353127112866 0 0 3 3 3 0 3 3 0 1 3 3 2 2 3 1
-0.005642353127112866 0 0 3 3 3 0 3 3 0 2 3 3 1 1 3 2
0.004992663705082674 0 0 3 3 3 0 3 3 0 2 3 3 2 1 3 1
-0.0006496894220301926 0 0 3 3 3 0 3 3 0 2 3 3 2 2 3 2
0.0007618326653478613 0 0 3 3 3 0 0 3 0 1 3 3 1 0 1 1
-0.005854450093620106 0 0 3 3 3 0 0 3 0 1 3 3 1 0 2 2
0.006616282758967967 0 0 3 3 3 0 0 3 0 1 3 3 2 0 2 1
0.006616282758967967 0 0 3 3 3 0 0 3 0 2 3 3 1 0 1 2
-0.005854450093620106 0 0 3 3 3 0 0 3 0 2 3 3 2 0 1 1
0.0007618326653478613 0 0 3 3 3 0 0 3 0 2 3 3 2 0 2 2
0.009212523692417852 0 0 3 3 3 0 0 0 1 3 3 3 1 0 0 0
0.009212523692417852 0 0 3 3 3 0 0 0 2 3 3 3 2 0 0 0
-0.01217062591874761 0 0 3 3 0 3 3 0 0 1 3 1 1 3 1 0
0.0009267614912709017 0 0 3 3 0 3 3 0 0 1 3 1 2 3 2 0
-0.013097387410018512 0 0 3 3 0 3 3 0 0 1 3 2 2 3 1 0
-0.013097387410018512 0 0 3 3 0 3 3 0 0 2 3 1 1 3 2 0
0.0009267614912709017 0 0 3 3 0 3 3 0 0 2 3 2 1 3 1 0
-0.01217062591874761 0 0 3 3 0 3 3 0 0 2 3 2 2 3 2 0
0.010379086220051062 0 0 3 3 0 3 0 0 0 1 3 1 1 1 0 0
-0.000790340405459904 0 0 3 3 0 3 0 0 0 1 3 1 2 2 0 0
0.011169426625510964 0 0 3 3 0 3 0 0 0 1 3 2 2 1 0 0
0.011169426625510964 0 0 3 3 0 3 0 0 0 2 3 1 1 2 0 0
-0.000790340405459904 0 0 3 3 0 3 0 0 0 2 3 2 1 1 0 0
0.010379086220051062 0 0 3 3 0 3 0 0 0 2 3 2 2 2 0 0
0.0895996458419566 0 0 3 0 3 0 0 0 0 0 0 0 0 0 0 0
-0.0010542752141136928 0 0 3 0 3 3 3 3 0 0 0 1 3 3 3 1
-0.0010542752141136928 0 0 3 0 3 3 3 3 0 0 0 2 3 3 3 2
0.0007645563549718242 0 0 3 0 0 1 1 0 0 1 1 0 0 3 0 0
0.0007645563549718242 0 0 3 0 0 1 1 0 0 2 2 0 0 3 0 0
0.005086627419822715 0 0 3 0 0 1 1 0 0 0 0 0 0 3 0 0
0.0007645563549718242 0 0 3 0 0 2 2 0 0 1 1 0 0 3 0 0
0.0007645563549718242 0 0 3 0 0 2 2 0 0 2 2 0 0 3 0 0
0.005086627419822715 0 0 3 0 0 2 2 0 0 0 0 0 0 3 0 0
0.08684043408924469 0 0 3 0 0 3 0 0 0 0 0 0 0 0 0 0
0.004781279075478297 0 0 3 0 0 3 0 0 0 1 1 0 0 0 0 0
0.004781279075478297 0 0 3 0 0 3 0 0 0 2 2 0 0 0 0 0
0.08846720100989774 0 0 3 0 0 0 3 0 0 0 0 0 0 0 0 0
-0.0047812790754783105 0 0 3 0 0 0 3 0 0 1 1 0 0 0 0 0
-0.007601744596139612 0 0 3 0 0 0 3 0 0 1 1 0 0 1 1 0
0.0059749776754865706 0 0 3 0 0 0 3 0 0 1 1 0 0 2 2 0
-0.013576722271626183 0 0 3 0 0 0 3 0 0 1 2 0 0 2 1 0
-0.013576722271626183 0 0 3 0 0 0 3 0 0 2 1 0 0 1 2 0
-0.0047812790754783105 0 0 3 0 0 0 3 0 0 2 2 0 0 0 0 0
0.0059749776754865706 0 0 3 0 0 0 3 0 0 2 2 0 0 1 1 0
-0.007601744596139612 0 0 3 0 0 0 3 0 0 2 2 0 0 2 2 0
-0.0047812790754783166 0 0 3 0 0 0 3 0 0 0 0 0 0 1 1 0
-0.0047812790754783166 0 0 3 0 0 0 3 0 0 0 0 0 0 2 2 0
0.09384665461105292 0 0 3 0 0 0 0 3 0 0 0 0 0 0 0 0
0.11862303626981775 0 0 3 0 0 0 0 0 3 0 0 0 0 0 0 0
-0.0050866274198227285 0 0 3 0 0 0 0 0 0 1 1 0 0 3 0 0
0.005086627419822727 0 0 3 0 0 0 0 0 0 1 1 0 0 0 3 0
-0.0050866274198227285 0 0 3 0 0 0 0 0 0 2 2 0 0 3 0 0
0.005086627419822727 0 0 3 0 0 0 0 0 0 2 2 0 0 0 3 0
0.10337101975089186 0 0 3 0 0 0 0 0 0 3 0 0 0 0 0 0
0.11599808405137484 0 0 3 0 0 0 0 0 0 0 3 0 0 0 0 0
0.09342168657608199 0 0 3 0 0 0 0 0 0 0 0 3 0 0 0 0
0.09393164861076767 0 0 3 0 0 0 0 0 0 0 0 0 3 0 0 0
0.10161655550735366 0 0 3 0 0 0 0 0 0 0 0 0 0 3 0 0
0.10008744279741003 0 0 3 0 0 0 0 0 0 0 0 0 0 0 3 0
0.09800562865095193 0 0 3 0 0 0 0 0 0 0 0 0 0 0 0 3
0.017572069725136037 0 0 0 1 1 3 3 3 0 0 0 3 1 3 3 1
0.017572069725136037 0 0 0 1 1 3 3 3 0 0 0 3 2 3 3 2
-0.014944590668082096 0 0 0 1 1 3 3 0 0 0 1 0 3 3 1 0
-0.014944590668082096 0 0 0 1 1 3 3 0 0 0 2 0 3 3 2 0
-0.017524184564403647 0 0 0 1 1 3 0 0 0 0 1 0 3 1 0 0
-0.017524184564403647 0 0 0 1 1 3 0 0 0 0 2 0 3 2 0 0
-0.04170917796132834 0 0 0 1 2 0 0 0 0 0 0 1 2 0 0 0
0.04170917796132834 0 0 0 1 2 0 0 0 0 0 0 2 1 0 0 0
-0.00693872910187736 0 0 0 1 3 1 3 3 0 0 0 3 3 1 3 1
-0.00693872910187736 0 0 0 1 3 1 3 3 0 0 0 3 3 2 3 2
-0.006938729101877363 0 0 0 1 3 3 1 3 0 0 0 3 3 3 1 1
-0.006938729101877363 0 0 0 1 3 3 1 3 0 0 0 3 3 3 2 2
-0.0008342592592281677 0 0 0 1 3 3 3 1 3 0 0 3 3 3 3 0
-0.0010542752141137757 0 0 0 1 3 3 3 1 0 3 0 3 3 3 3 0
-0.0010542752141136928 0 0 0 1 3 3 3 1 0 0 3 3 3 3 3 0
-0.004230460697979766 0 0 0 1 3 3 3 1 0 0 0 3 3 3 0 0
-0.06138549066196674 0 0 0 1 3 3 3 1 0 0 0 3 3 3 3 0
-0.008649728266859155 0 0 0 1 3 3 3 1 0 0 0 3 3 3 3 3
-0.004230460697979819 0 0 0 1 3 3 3 1 0 0 0 3 3 0 3 0
-0.01446217295373962 0 0 0 1 3 3 3 1 0 0 0 3 0 3 3 0
-0.01248816753474595 0 0 0 1 3 3 3 1 0 0 0 0 3 3 3 0
-0.011169189799857128 0 0 0 1 3 3 0 1 0 0 0 3 3 3 3 0
-0.011169189799857178 0 0 0 1 3 0 3 1 0 0 0 3 3 3 3 0
-0.004426797154385142 0 0 0 1 0 2 0 0 0 0 1 0 2 0 0 0
0.004426797154385142 0 0 0 1 0 2 0 0 0 0 2 0 1 0 0 0
-0.017047110563265615 0 0 0 1 0 2 0 0 0 0 0 1 0 2 0 0
0.017047110563265615 0 0 0 1 0 2 0 0 0 0 0 2 0 1 0 0
-0.0037751640425711247 0 0 0 1 0 3 2 0 0 0 1 0 2 3 0 0
0.0037751640425711247 0 0 0 1 0 3 2 0 0 0 2 0 1 3 0 0
0.0031098967713964155 0 0 0 1 0 3 3 1 0 0 0 3 3 3 3 0
-0.017047110563265636 0 0 0 1 0 0 2 0 0 0 0 1 0 0 2 0
0.017047110563265636 0 0 0 1 0 0 2 0 0 0 0 2 0 0 1 0
-0.010701727650207108 0 0 0 1 0 0 0 2 0 0 0 1 0 0 0 2
0.010701727650207108 0 0 0 1 0 0 0 2 0 0 0 2 0 0 0 1
0.04170917796132834 0 0 0 2 1 0 0 0 0 0 0 1 2 0 0 0
-0.04170917796132834 0 0 0 2 1 0 0 0 0 0 0 2 1 0 0 0
0.017572069725136037 0 0 0 2 2 3 3 3 0 0 0 3 1 3 3 1
0.017572069725136037 0 0 0 2 2 3 3 3 0 0 0 3 2 3 3 2
-0.014944590668082096 0 0 0 2 2 3 3 0 0 0 1 0 3 3 1 0
-0.014944590668082096 0 0 0 2 2 3 3 0 0 0 2 0 3 3 2 0
-0.017524184564403647 0 0 0 2 2 3 0 0 0 0 1 0 3 1 0 0
-0.017524184564403647 0 0 0 2 2 3 0 0 0 0 2 0 3 2 0 0
-0.00693872910187736 0 0 0 2 3 2 3 3 0 0 0 3 3 1 3 1
-0.00693872910187736 0 0 0 2 3 2 3 3 0 0 0 3 3 2 3 2
-0.006938729101877363 0 0 0 2 3 3 2 3 0 0 0 3 3 3 1 1
-0.006938729101877363 0 0 0 2 3 3 2 3 0 0 0 3 3 3 2 2
-0.0008342592592281677 0 0 0 2 3 3 3 2 3 0 0 3 3 3 3 0
-0.0010542752141137757 0 0 0 2 3 3 3 2 0 3 0 3 3 3 3 0
-0.0010542752141136928 0 0 0 2 3 3 3 2 0 0 3 3 3 3 3 0
-0.004230460697979766 0 0 0 2 3 3 3 2 0 0 0 3 3 3 0 0
-0.06138549066196674 0 0 0 2 3 3 3 2 0 0 0 3 3 3 3 0
-0.008649728266859155 0 0 0 2 3 3 3 2 0 0 0 3 3 3 3 3
-0.004230460697979819 0 0 0 2 3 3 3 2 0 0 0 3 3 0 3 0
-0.01446217295373962 0 0 0 2 3 3 3 2 0 0 0 3 0 3 3 0
-0.01248816753474595 0 0 0 2 3 3 3 2 0 0 0 0 3 3 3 0
-0.011169189799857128 0 0 0 2 3 3 0 2 0 0 0 3 3 3 3 0
-0.011169189799857178 0 0 0 2 3 0 3 2 0 0 0 3 3 3 3 0
0.004426797154385142 0 0 0 2 0 1 0 0 0 0 1 0 2 0 0 0
-0.004426797154385142 0 0 0 2 0 1 0 0 0 0 2 0 1 0 0 0
0.017047110563265615 0 0 0 2 0 1 0 0 0 0 0 1 0 2 0 0
-0.017047110563265615 0 0 0 2 0 1 0 0 0 0 0 2 0 1 0 0
0.0037751640425711247 0 0 0 2 0 3 1 0 0 0 1 0 2 3 0 0
-0.0037751640425711247 0 0 0 2 0 3 1 0 0 0 2 0 1 3 0 0
0.0031098967713964155 0 0 0 2 0 3 3 2 0 0 0 3 3 3 3 0
0.017047110563265636 0 0 0 2 0 0 1 0 0 0 0 1 0 0 2 0
-0.017047110563265636 0 0 0 2 0 0 1 0 0 0 0 2 0 0 1 0
0.010701727650207108 0 0 0 2 0 0 0 1 0 0 0 1 0 0 0 2
-0.010701727650207108 0 0 0 2 0 0 0 1 0 0 0 2 0 0 0 1
1.3394481423398035 0 0 0 3 0 0 0 0 0 0 0 0 0 0 0 0
0.0015910272215131007 0 0 0 3 1 1 3 3 0 0 1 3 0 3 3 1
0.0015910272215131007 0 0 0 3 1 1 3 3 0 0 2 3 0 3 3 2
0.005353558645656044 0 0 0 3 1 1 0 0 0 0 1 1 3 0 0 0
0.005353558645656044 0 0 0 3 1 1 0 0 0 0 2 2 3 0 0 0
0.004565504448031027 0 0 0 3 1 3 1 0 0 0 1 1 3 3 0 0
0.004565504448031027 0 0 0 3 1 3 1 0 0 0 2 2 3 3 0 0
0.0013568249341305862 0 0 0 3 1 0 1 3 0 0 1 3 0 0 3 1
0.0013568249341305862 0 0 0 3 1 0 1 3 0 0 2 3 0 0 3 2
-0.00502525553745495 0 0 0 3 1 0 3 2 0 0 1 3 0 2 3 0
0.00502525553745495 0 0 0 3 1 0 3 2 0 0 2 3 0 1 3 0
-0.00428552819298225 0 0 0 3 1 0 0 2 0 0 1 3 0 0 2 0
0.00428552819298225 0 0 0 3 1 0 0 2 0 0 2 3 0 0 1 0
0.0015910272215131007 0 0 0 3 2 2 3 3 0 0 1 3 0 3 3 1
0.0015910272215131007 0 0 0 3 2 2 3 3 0 0 2 3 0 3 3 2
0.005353558645656044 0 0 0 3 2 2 0 0 0 0 1 1 3 0 0 0
0.005353558645656044 0 0 0 3 2 2 0 0 0 0 2 2 3 0 0 0
0.004565504448031027 0 0 0 3 2 3 2 0 0 0 1 1 3 3 0 0
0.004565504448031027 0 0 0 3 2 3 2 0 0 0 2 2 3 3 0 0
0.0013568249341305862 0 0 0 3 2 0 2 3 0 0 1 3 0 0 3 1
0.0013568249341305862 0 0 0 3 2 0 2 3 0 0 2 3 0 0 3 2
0.00502525553745495 0 0 0 3 2 0 3 1 0 0 1 3 0 2 3 0
-0.00502525553745495 0 0 0 3 2 0 3 1 0 0 2 3 0 1 3 0
0.00428552819298225 0 0 0 3 2 0 0 1 0 0 1 3 0 0 2 0
-0.00428552819298225 0 0 0 3 2 0 0 1 0 0 2 3 0 0 1 0
0.062366968763910506 0 0 0 3 3 0 0 0 0 0 0 0 0 0 0 0
-0.0008291945561652357 0 0 0 3 3 1 3 1 0 0 1 3 1 3 3 0
-0.0008291945561652357 0 0 0 3 3 1 3 1 0 0 2 3 2 3 3 0
-0.0008291945561652357 0 0 0 3 3 2 3 2 0 0 1 3 1 3 3 0
-0.0008291945561652357 0 0 0 3 3 2 3 2 0 0 2 3 2 3 3 0
-0.01248816753474595 0 0 0 3 3 3 3 3 0 0 0 1 3 3 3 1
-0.01248816753474595 0 0 0 3 3 3 3 3 0 0 0 2 3 3 3 2
-0.0007071355121003953 0 0 0 3 3 0 1 1 0 0 1 3 1 0 3 0
-0.0007071355121003953 0 0 0 3 3 0 1 1 0 0 2 3 2 0 3 0
-0.0007071355121003953 0 0 0 3 3 0 2 2 0 0 1 3 1 0 3 0
-0.0007071355121003953 0 0 0 3 3 0 2 2 0 0 2 3 2 0 3 0
0.0007618326653478651 0 0 0 3 3 0 3 3 0 0 1 3 1 1 3 1
-0.005854450093620184 0 0 0 3 3 0 3 3 0 0 1 3 1 2 3 2
0.00661628275896805 0 0 0 3 3 0 3 3 0 0 1 3 2 2 3 1
0.00661628275896805 0 0 0 3 3 0 3 3 0 0 2 3 1 1 3 2
-0.005854450093620184 0 0 0 3 3 0 3 3 0 0 2 3 2 1 3 1
0.0007618326653478651 0 0 0 3 3 0 3 3 0 0 2 3 2 2 3 2
0.000649689422030191 0 0 0 3 3 0 0 3 0 0 1 3 1 0 1 1
-0.0049926637050826455 0 0 0 3 3 0 0 3 0 0 1 3 1 0 2 2
0.005642353127112835 0 0 0 3 3 0 0 3 0 0 1 3 2 0 2 1
0.005642353127112835 0 0 0 3 3 0 0 3 0 0 2 3 1 0 1 2
-0.0049926637050826455 0 0 0 3 3 0 0 3 0 0 2 3 2 0 1 1
0.000649689422030191 0 0 0 3 3 0 0 3 0 0 2 3 2 0 2 2
0.07996758812769202 0 0 0 3 0 3 0 0 0 0 0 0 0 0 0 0
-0.010379086220051069 0 0 0 3 0 3 3 0 0 0 1 1 1 3 1 0
0.0007903404054599029 0 0 0 3 0 3 3 0 0 0 1 1 2 3 2 0
-0.01116942662551097 0 0 0 3 0 3 3 0 0 0 1 2 2 3 1 0
-0.01116942662551097 0 0 0 3 0 3 3 0 0 0 2 1 1 3 2 0
0.0007903404054599029 0 0 0 3 0 3 3 0 0 0 2 2 1 3 1 0
-0.010379086220051069 0 0 0 3 0 3 3 0 0 0 2 2 2 3 2 0
-0.012170625918747601 0 0 0 3 0 3 0 0 0 0 1 1 1 1 0 0
0.0009267614912709019 0 0 0 3 0 3 0 0 0 0 1 1 2 2 0 0
-0.013097387410018506 0 0 0 3 0 3 0 0 0 0 1 2 2 1 0 0
-0.013097387410018506 0 0 0 3 0 3 0 0 0 0 2 1 1 2 0 0
0.0009267614912709019 0 0 0 3 0 3 0 0 0 0 2 2 1 1 0 0
-0.012170625918747601 0 0 0 3 0 3 0 0 0 0 2 2 2 2 0 0
0.07996758812769203 0 0 0 3 0 0 3 0 0 0 0 0 0 0 0 0
0.08664805808389962 0 0 0 3 0 0 0 3 0 0 0 0 0 0 0 0
0.09474539193210235 0 0 0 3 0 0 0 0 3 0 0 0 0 0 0 0
0.09342168657608196 0 0 0 3 0 0 0 0 0 3 0 0 0 0 0 0
0.09342168657608199 0 0 0 3 0 0 0 0 0 0 3 0 0 0 0 0
0.10310116813673402 0 0 0 3 0 0 0 0 0 0 0 3 0 0 0 0
0.10407614672523885 0 0 0 3 0 0 0 0 0 0 0 0 3 0 0 0
0.09701469869095763 0 0 0 3 0 0 0 0 0 0 0 0 0 3 0 0
0.09701469869095766 0 0 0 3 0 0 0 0 0 0 0 0 0 0 3 0
0.09734978573410673 0 0 0 3 0 0 0 0 0 0 0 0 0 0 0 3
-0.008210895056935992 0 0 0 0 1 2 0 0 0 0 0 0 1 2 0 0
0.008210895056935992 0 0 0 0 1 2 0 0 0 0 0 0 2 1 0 0
-0.017572069725136037 0 0 0 0 1 3 3 2 0 0 0 1 2 3 3 0
0.017572069725136037 0 0 0 0 1 3 3 2 0 0 0 2 1 3 3 0
-0.008210895056935999 0 0 0 0 1 0 2 0 0 0 0 0 1 0 2 0
0.008210895056935999 0 0 0 0 1 0 2 0 0 0 0 0 2 0 1 0
-0.011348810612574216 0 0 0 0 1 0 0 2 0 0 0 0 1 0 0 2
0.011348810612574216 0 0 0 0 1 0 0 2 0 0 0 0 2 0 0 1
0.008210895056935992 0 0 0 0 2 1 0 0 0 0 0 0 1 2 0 0
-0.008210895056935992 0 0 0 0 2 1 0 0 0 0 0 0 2 1 0 0
0.017572069725136037 0 0 0 0 2 3 3 1 0 0 0 1 2 3 3 0
-0.017572069725136037 0 0 0 0 2 3 3 1 0 0 0 2 1 3 3 0
0.008210895056935999 0 0 0 0 2 0 1 0 0 0 0 0 1 0 2 0
-0.008210895056935999 0 0 0 0 2 0 1 0 0 0 0 0 2 0 1 0
0.011348810612574216 0 0 0 0 2 0 0 1 0 0 0 0 1 0 0 2
-0.011348810612574216 0 0 0 0 2 0 0 1 0 0 0 0 2 0 0 1
1.2181974437037486 0 0 0 0 3 0 0 0 0 0 0 0 0 0 0 0
0.006938729101877358 0 0 0 0 3 1 3 2 0 0 0 1 3 2 3 0
-0.006938729101877358 0 0 0 0 3 1 3 2 0 0 0 2 3 1 3 0
-0.006938729101877358 0 0 0 0 3 2 3 1 0 0 0 1 3 2 3 0
0.006938729101877358 0 0 0 0 3 2 3 1 0 0 0 2 3 1 3 0
0.08799683405067733 0 0 0 0 3 3 0 0 0 0 0 0 0 0 0 0
0.006938729101877363 0 0 0 0 3 3 1 2 0 0 0 1 3 3 2 0
-0.006938729101877363 0 0 0 0 3 3 1 2 0 0 0 2 3 3 1 0
-0.006938729101877363 0 0 0 0 3 3 2 1 0 0 0 1 3 3 2 0
0.006938729101877363 0 0 0 0 3 3 2 1 0 0 0 2 3 3 1 0
-0.003602501993847685 0 0 0 0 3 3 3 3 3 0 0 1 3 3 3 1
-0.003602501993847685 0 0 0 0 3 3 3 3 3 0 0 2 3 3 3 2
-0.004425081224898859 0 0 0 0 3 3 3 3 0 3 0 1 3 3 3 1
-0.004425081224898859 0 0 0 0 3 3 3 3 0 3 0 2 3 3 3 2
-0.004425081224898782 0 0 0 0 3 3 3 3 0 0 3 1 3 3 3 1
-0.004425081224898782 0 0 0 0 3 3 3 3 0 0 3 2 3 3 3 2
-0.061385490661966816 0 0 0 0 3 3 3 3 0 0 0 1 3 3 3 1
-0.011169189799857128 0 0 0 0 3 3 3 3 0 0 0 1 3 3 0 1
-0.011169189799857178 0 0 0 0 3 3 3 3 0 0 0 1 3 0 3 1
0.0031098967713964155 0 0 0 0 3 3 3 3 0 0 0 1 0 3 3 1
-0.061385490661966816 0 0 0 0 3 3 3 3 0 0 0 2 3 3 3 2
-0.011169189799857128 0 0 0 0 3 3 3 3 0 0 0 2 3 3 0 2
-0.011169189799857178 0 0 0 0 3 3 3 3 0 0 0 2 3 0 3 2
0.0031098967713964155 0 0 0 0 3 3 3 3 0 0 0 2 0 3 3 2
-0.008649728266859155 0 0 0 0 3 3 3 0 0 0 0 1 3 3 3 1
-0.008649728266859155 0 0 0 0 3 3 3 0 0 0 0 2 3 3 3 2
-0.004230460697979766 0 0 0 0 3 3 0 3 0 0 0 1 3 3 3 1
-0.004230460697979766 0 0 0 0 3 3 0 3 0 0 0 2 3 3 3 2
0.08799683405067735 0 0 0 0 3 0 3 0 0 0 0 0 0 0 0 0
-0.004230460697979819 0 0 0 0 3 0 3 3 0 0 0 1 3 3 3 1
-0.004230460697979819 0 0 0 0 3 0 3 3 0 0 0 2 3 3 3 2
0.08671962875612148 0 0 0 0 3 0 0 3 0 0 0 0 0 0 0 0
0.0971251584389003 0 0 0 0 3 0 0 0 3 0 0 0 0 0 0 0
0.09393164861076767 0 0 0 0 3 0 0 0 0 3 0 0 0 0 0 0
0.09393164861076767 0 0 0 0 3 0 0 0 0 0 3 0 0 0 0 0
0.10407614672523885 0 0 0 0 3 0 0 0 0 0 0 3 0 0 0 0
0.10681347734215083 0 0 0 0 3 0 0 0 0 0 0 0 3 0 0 0
0.09620772910761331 0 0 0 0 3 0 0 0 0 0 0 0 0 3 0 0
0.09620772910761335 0 0 0 0 3 0 0 0 0 0 0 0 0 0 3 0
0.09806843936869569 0 0 0 0 3 0 0 0 0 0 0 0 0 0 0 3
0.004781279075478299 0 0 0 0 0 1 1 0 0 3 0 0 0 3 0 0
-0.0047812790754783166 0 0 0 0 0 1 1 0 0 0 3 0 0 3 0 0
-0.005296952328310776 0 0 0 0 0 1 2 0 0 0 0 0 0 1 2 0
0.005296952328310776 0 0 0 0 0 1 2 0 0 0 0 0 0 2 1 0
-0.00748444323792108 0 0 0 0 0 1 0 2 0 0 0 0 0 1 0 2
0.00748444323792108 0 0 0 0 0 1 0 2 0 0 0 0 0 2 0 1
0.005296952328310776 0 0 0 0 0 2 1 0 0 0 0 0 0 1 2 0
-0.005296952328310776 0 0 0 0 0 2 1 0 0 0 0 0 0 2 1 0
0.004781279075478299 0 0 0 0 0 2 2 0 0 3 0 0 0 3 0 0
-0.0047812790754783166 0 0 0 0 0 2 2 0 0 0 3 0 0 3 0 0
0.00748444323792108 0 0 0 0 0 2 0 1 0 0 0 0 0 1 0 2
-0.00748444323792108 0 0 0 0 0 2 0 1 0 0 0 0 0 2 0 1
1.1495921458957932 0 0 0 0 0 3 0 0 0 0 0 0 0 0 0 0
0.08938789740928683 0 0 0 0 0 3 3 0 0 0 0 0 0 0 0 0
-0.01446217295373962 0 0 0 0 0 3 3 3 0 0 0 1 3 3 3 1
-0.01446217295373962 0 0 0 0 0 3 3 3 0 0 0 2 3 3 3 2
0.08897184695566149 0 0 0 0 0 3 0 3 0 0 0 0 0 0 0 0
0.1045912199622279 0 0 0 0 0 3 0 0 3 0 0 0 0 0 0 0
0.10008744279741 0 0 0 0 0 3 0 0 0 3 0 0 0 0 0 0
0.10161655550735366 0 0 0 0 0 3 0 0 0 0 3 0 0 0 0 0
0.09701469869095763 0 0 0 0 0 3 0 0 0 0 0 3 0 0 0 0
0.09620772910761331 0 0 0 0 0 3 0 0 0 0 0 0 3 0 0 0
0.1052787543942189 0 0 0 0 0 3 0 0 0 0 0 0 0 3 0 0
0.09468484973759761 0 0 0 0 0 3 0 0 0 0 0 0 0 0 3 0
0.09645629019358257 0 0 0 0 0 3 0 0 0 0 0 0 0 0 0 3
-0.007484443237921081 0 0 0 0 0 0 1 2 0 0 0 0 0 0 1 2
0.007484443237921081 0 0 0 0 0 0 1 2 0 0 0 0 0 0 2 1
0.007484443237921081 0 0 0 0 0 0 2 1 0 0 0 0 0 0 1 2
-0.007484443237921081 0 0 0 0 0 0 2 1 0 0 0 0 0 0 2 1
1.149592145895793 0 0 0 0 0 0 3 0 0 0 0 0 0 0 0 0
0.08897184695566238 0 0 0 0 0 0 3 3 0 0 0 0 0 0 0 0
0.1045912199622279 0 0 0 0 0 0 3 0 3 0 0 0 0 0 0 0
0.10161655550735363 0 0 0 0 0 0 3 0 0 3 0 0 0 0 0 0
-0.005086627419822732 0 0 0 0 0 0 3 0 0 3 0 0 0 1 1 0
-0.005086627419822732 0 0 0 0 0 0 3 0 0 3 0 0 0 2 2 0
0.10008744279741003 0 0 0 0 0 0 3 0 0 0 3 0 0 0 0 0
0.005086627419822715 0 0 0 0 0 0 3 0 0 0 3 0 0 1 1 0
0.005086627419822715 0 0 0 0 0 0 3 0 0 0 3 0 0 2 2 0
0.09701469869095766 0 0 0 0 0 0 3 0 0 0 0 3 0 0 0 0
0.09620772910761335 0 0 0 0 0 0 3 0 0 0 0 0 3 0 0 0
0.09468484973759761 0 0 0 0 0 0 3 0 0 0 0 0 0 3 0 0
0.10527875439421908 0 0 0 0 0 0 3 0 0 0 0 0 0 0 3 0
0.09645629019358345 0 0 0 0 0 0 3 0 0 0 0 0 0 0 0 3
0.49709876227742233 0 0 0 0 0 0 0 3 0 0 0 0 0 0 0 0
0.10215876267795104 0 0 0 0 0 0 0 3 3 0 0 0 0 0 0 0
0.09800562865095161 0 0 0 0 0 0 0 3 0 3 0 0 0 0 0 0
0.09800562865095193 0 0 0 0 0 0 0 3 0 0 3 0 0 0 0 0
0.09734978573410673 0 0 0 0 0 0 0 3 0 0 0 3 0 0 0 0
0.09806843936869569 0 0 0 0 0 0 0 3 0 0 0 0 3 0 0 0
0.09645629019358257 0 0 0 0 0 0 0 3 0 0 0 0 0 3 0 0
0.09645629019358345 0 0 0 0 0 0 0 3 0 0 0 0 0 0 3 0
0.09898494344048953 0 0 0 0 0 0 0 3 0 0 0 0 0 0 0 3
1.893302362353295 0 0 0 0 0 0 0 0 3 0 0 0 0 0 0 0
0.09016973573611191 0 0 0 0 0 0 0 0 3 3 0 0 0 0 0 0
0.09016973573611188 0 0 0 0 0 0 0 0 3 0 3 0 0 0 0 0
0.08711054968077997 0 0 0 0 0 0 0 0 3 0 0 3 0 0 0 0
0.09075852259874576 0 0 0 0 0 0 0 0 3 0 0 0 3 0 0 0
0.09738505743728648 0 0 0 0 0 0 0 0 3 0 0 0 0 3 0 0
0.09738505743728647 0 0 0 0 0 0 0 0 3 0 0 0 0 0 3 0
0.09853523802441178 0 0 0 0 0 0 0 0 3 0 0 0 0 0 0 3
1.5309534740694484 0 0 0 0 0 0 0 0 0 3 0 0 0 0 0 0
0.09705748760065037 0 0 0 0 0 0 0 0 0 3 3 0 0 0 0 0
0.0860770108276304 0 0 0 0 0 0 0 0 0 3 0 3 0 0 0 0
0.08959964584195661 0 0 0 0 0 0 0 0 0 3 0 0 3 0 0 0
0.08846720100989774 0 0 0 0 0 0 0 0 0 3 0 0 0 3 0 0
0.08684043408924465 0 0 0 0 0 0 0 0 0 3 0 0 0 0 3 0
0.0938466546110526 0 0 0 0 0 0 0 0 0 3 0 0 0 0 0 3
1.5309534740694535 0 0 0 0 0 0 0 0 0 0 3 0 0 0 0 0
0.0860770108276304 0 0 0 0 0 0 0 0 0 0 3 3 0 0 0 0
0.0895996458419566 0 0 0 0 0 0 0 0 0 0 3 0 3 0 0 0
0.08684043408924469 0 0 0 0 0 0 0 0 0 0 3 0 0 3 0 0
0.08846720100989774 0 0 0 0 0 0 0 0 0 0 3 0 0 0 3 0
0.09384665461105292 0 0 0 0 0 0 0 0 0 0 3 0 0 0 0 3
1.3394481423398046 0 0 0 0 0 0 0 0 0 0 0 3 0 0 0 0
0.062366968763910506 0 0 0 0 0 0 0 0 0 0 0 3 3 0 0 0
0.07996758812769202 0 0 0 0 0 0 0 0 0 0 0 3 0 3 0 0
0.07996758812769203 0 0 0 0 0 0 0 0 0 0 0 3 0 0 3 0
0.08664805808389962 0 0 0 0 0 0 0 0 0 0 0 3 0 0 0 3
1.2181974437037488 0 0 0 0 0 0 0 0 0 0 0 0 3 0 0 0
0.08799683405067733 0 0 0 0 0 0 0 0 0 0 0 0 3 3 0 0
0.08799683405067735 0 0 0 0 0 0 0 0 0 0 0 0 3 0 3 0
0.08671962875612148 0 0 0 0 0 0 0 0 0 0 0 0 3 0 0 3
1.1495921458957932 0 0 0 0 0 0 0 0 0 0 0 0 0 3 0 0
0.08938789740928683 0 0 0 0 0 0 0 0 0 0 0 0 0 3 3 0
0.08897184695566149 0 0 0 0 0 0 0 0 0 0 0 0 0 3 0 3
1.1495921458957927 0 0 0 0 0 0 0 0 0 0 0 0 0 0 3 0
0.08897184695566238 0 0 0 0 0 0 0 0 0 0 0 0 0 0 3 3
0.4970987622774228 0 0 0 0 0 0 0 0 0 0 0 0 0 0 0 3
