-5085.551737253326 0 0 0 0 0 0 0 0 0 0 0 0
-0.012900541695115203 1 1 0 1 1 0 3 0 0 3 0 0
0.016949911831432983 1 1 0 2 2 0 3 0 0 3 0 0
0.01466767131470095 1 1 0 3 0 0 3 0 0 0 0 0
-0.014667671314700995 1 1 0 0 3 0 3 0 0 0 0 0
-0.0005493944110341387 1 1 0 0 3 0 3 0 0 1 1 0
-0.0005493944110341387 1 1 0 0 3 0 3 0 0 2 2 0
-0.003980044486874298 1 1 0 0 0 0 3 0 0 3 0 0
0.003980044486874239 1 1 0 0 0 0 3 0 0 0 3 0
-0.02985045352654819 1 2 0 2 1 0 3 0 0 3 0 0
-0.003949604616887193 1 2 0 0 0 0 1 2 0 0 0 0
0.003949604616887193 1 2 0 0 0 0 2 1 0 0 0 0
0.00031005784910601773 1 3 1 1 3 1 3 3 0 3 3 0
-0.020836745035079294 1 3 1 2 3 2 3 3 0 3 3 0
0.00027019834122427044 1 3 1 0 1 1 3 3 0 0 3 0
-0.01815807585979344 1 3 1 0 2 2 3 3 0 0 3 0
0.002911427170065362 1 3 1 0 3 3 3 3 0 1 3 1
0.002911427170065362 1 3 1 0 3 3 3 3 0 2 3 2
0.0025371484521843134 1 3 1 0 0 3 3 3 0 0 1 1
0.0025371484521843134 1 3 1 0 0 3 3 3 0 0 2 2
0.02114680288418531 1 3 2 2 3 1 3 3 0 3 3 0
0.01842827420101771 1 3 2 0 2 1 3 3 0 0 3 0
-0.023748172205144653 1 3 3 2 3 3 3 3 1 3 3 2
0.023748172205144653 1 3 3 2 3 3 3 3 2 3 3 1
-0.02069522431197775 1 3 3 0 2 3 3 3 1 0 3 2
0.02069522431197775 1 3 3 0 2 3 3 3 2 0 3 1
-0.002601369320959344 1 3 3 0 3 1 3 3 1 1 3 0
-0.002601369320959344 1 3 3 0 3 1 3 3 2 2 3 0
-0.002266950110960042 1 3 3 0 0 1 3 3 1 0 1 0
-0.002266950110960042 1 3 3 0 0 1 3 3 2 0 2 0
0.01749930624246712 1 3 0 2 3 0 3 1 0 3 2 0
-0.01749930624246712 1 3 0 2 3 0 3 2 0 3 1 0
-0.018647715801575242 1 3 0 2 0 0 3 1 0 2 0 0
0.018647715801575242 1 3 0 2 0 0 3 2 0 1 0 0
-0.012351147284081068 1 3 0 0 1 0 3 1 0 1 0 0
-0.012351147284081068 1 3 0 0 1 0 3 2 0 2 0 0
0.018647715801575235 1 3 0 0 2 0 3 1 0 0 2 0
-0.018647715801575235 1 3 0 0 2 0 3 2 0 0 1 0
-0.004280584429412432 1 0 2 0 0 0 1 0 2 0 0 0
0.004280584429412432 1 0 2 0 0 0 2 0 1 0 0 0
-0.018647715801575232 1 0 0 2 3 0 1 0 0 3 2 0
0.018647715801575232 1 0 0 2 3 0 2 0 0 3 1 0
-0.025297926530902574 1 0 0 2 0 0 1 0 0 2 0 0
0.025297926530902574 1 0 0 2 0 0 2 0 0 1 0 0
-0.018647715801575232 1 0 0 0 1 0 1 0 0 1 0 0
-0.018647715801575232 1 0 0 0 1 0 2 0 0 2 0 0
-0.020149767572516502 1 0 0 0 2 0 1 0 0 0 2 0
0.020149767572516502 1 0 0 0 2 0 2 0 0 0 1 0
-0.004144653275430891 1 0 0 0 0 2 1 0 0 0 0 2
0.004144653275430891 1 0 0 0 0 2 2 0 0 0 0 1
-0.02985045352654819 2 1 0 1 2 0 3 0 0 3 0 0
0.003949604616887193 2 1 0 0 0 0 1 2 0 0 0 0
-0.003949604616887193 2 1 0 0 0 0 2 1 0 0 0 0
0.016949911831432983 2 2 0 1 1 0 3 0 0 3 0 0
-0.012900541695115203 2 2 0 2 2 0 3 0 0 3 0 0
0.01466767131470095 2 2 0 3 0 0 3 0 0 0 0 0
-0.014667671314700995 2 2 0 0 3 0 3 0 0 0 0 0
-0.0005493944110341387 2 2 0 0 3 0 3 0 0 1 1 0
-0.0005493944110341387 2 2 0 0 3 0 3 0 0 2 2 0
-0.003980044486874298 2 2 0 0 0 0 3 0 0 3 0 0
0.003980044486874239 2 2 0 0 0 0 3 0 0 0 3 0
0.02114680288418531 2 3 1 1 3 2 3 3 0 3 3 0
0.01842827420101771 2 3 1 0 1 2 3 3 0 0 3 0
-0.020836745035079294 2 3 2 1 3 1 3 3 0 3 3 0
0.00031005784910601773 2 3 2 2 3 2 3 3 0 3 3 0
-0.01815807585979344 2 3 2 0 1 1 3 3 0 0 3 0
0.00027019834122427044 2 3 2 0 2 2 3 3 0 0 3 0
0.002911427170065362 2 3 2 0 3 3 3 3 0 1 3 1
0.002911427170065362 2 3 2 0 3 3 3 3 0 2 3 2
0.0025371484521843134 2 3 2 0 0 3 3 3 0 0 1 1
0.0025371484521843134 2 3 2 0 0 3 3 3 0 0 2 2
0.023748172205144653 2 3 3 1 3 3 3 3 1 3 3 2
-0.023748172205144653 2 3 3 1 3 3 3 3 2 3 3 1
0.02069522431197775 2 3 3 0 1 3 3 3 1 0 3 2
-0.02069522431197775 2 3 3 0 1 3 3 3 2 0 3 1
-0.002601369320959344 2 3 3 0 3 2 3 3 1 1 3 0
-0.002601369320959344 2 3 3 0 3 2 3 3 2 2 3 0
-0.002266950110960042 2 3 3 0 0 2 3 3 1 0 1 0
-0.002266950110960042 2 3 3 0 0 2 3 3 2 0 2 0
-0.01749930624246712 2 3 0 1 3 0 3 1 0 3 2 0
0.01749930624246712 2 3 0 1 3 0 3 2 0 3 1 0
0.018647715801575242 2 3 0 1 0 0 3 1 0 2 0 0
-0.018647715801575242 2 3 0 1 0 0 3 2 0 1 0 0
-0.018647715801575235 2 3 0 0 1 0 3 1 0 0 2 0
0.018647715801575235 2 3 0 0 1 0 3 2 0 0 1 0
-0.012351147284081068 2 3 0 0 2 0 3 1 0 1 0 0
-0.012351147284081068 2 3 0 0 2 0 3 2 0 2 0 0
0.004280584429412432 2 0 1 0 0 0 1 0 2 0 0 0
-0.004280584429412432 2 0 1 0 0 0 2 0 1 0 0 0
0.018647715801575232 2 0 0 1 3 0 1 0 0 3 2 0
-0.018647715801575232 2 0 0 1 3 0 2 0 0 3 1 0
0.025297926530902574 2 0 0 1 0 0 1 0 0 2 0 0
-0.025297926530902574 2 0 0 1 0 0 2 0 0 1 0 0
0.020149767572516502 2 0 0 0 1 0 1 0 0 0 2 0
-0.020149767572516502 2 0 0 0 1 0 2 0 0 0 1 0
-0.018647715801575232 2 0 0 0 2 0 1 0 0 1 0 0
-0.018647715801575232 2 0 0 0 2 0 2 0 0 2 0 0
0.004144653275430891 2 0 0 0 0 1 1 0 0 0 0 2
-0.004144653275430891 2 0 0 0 0 1 2 0 0 0 0 1
0.6979755883345301 3 0 0 0 0 0 0 0 0 0 0 0
0.07426790088035387 3 3 0 0 0 0 0 0 0 0 0 0
0.0745930387453271 3 0 3 0 0 0 0 0 0 0 0 0
0.014667671314700956 3 0 0 1 1 0 0 0 0 3 0 0
0.014667671314700956 3 0 0 2 2 0 0 0 0 3 0 0
0.05759635365131646 3 0 0 3 0 0 0 0 0 0 0 0
0.06164572378763427 3 0 0 0 3 0 0 0 0 0 0 0
-0.003980044486874277 3 0 0 0 3 0 0 0 0 1 1 0
-0.003980044486874277 3 0 0 0 3 0 0 0 0 2 2 0
0.07729776050806257 3 0 0 0 0 3 0 0 0 0 0 0
0.08611671473101543 3 0 0 0 0 0 3 0 0 0 0 0
0.07821750549724107 3 0 0 0 0 0 0 3 0 0 0 0
0.07887362317473953 3 0 0 0 0 0 0 0 3 0 0 0
0.08289428018221903 3 0 0 0 0 0 0 0 0 3 0 0
0.08179549136015077 3 0 0 0 0 0 0 0 0 0 3 0
0.08144241378349346 3 0 0 0 0 0 0 0 0 0 0 3
0.0002701983412242683 0 1 1 1 3 1 0 3 0 3 3 0
-0.018158075859793437 0 1 1 2 3 2 0 3 0 3 3 0
-0.00031005784910601806 0 1 1 0 1 1 0 3 0 0 3 0
0.020836745035079277 0 1 1 0 2 2 0 3 0 0 3 0
0.0025371484521843155 0 1 1 0 3 3 0 3 0 1 3 1
0.0025371484521843155 0 1 1 0 3 3 0 3 0 2 3 2
-0.002911427170065363 0 1 1 0 0 3 0 3 0 0 1 1
-0.002911427170065363 0 1 1 0 0 3 0 3 0 0 2 2
0.018428274201017707 0 1 2 2 3 1 0 3 0 3 3 0
-0.021146802884185297 0 1 2 0 2 1 0 3 0 0 3 0
-0.004280584429412434 0 1 2 0 0 0 0 1 2 0 0 0
0.004280584429412434 0 1 2 0 0 0 0 2 1 0 0 0
-0.020695224311977754 0 1 3 2 3 3 0 3 1 3 3 2
0.020695224311977754 0 1 3 2 3 3 0 3 2 3 3 1
0.023748172205144642 0 1 3 0 2 3 0 3 1 0 3 2
-0.023748172205144642 0 1 3 0 2 3 0 3 2 0 3 1
-0.0022669501109600456 0 1 3 0 3 1 0 3 1 1 3 0
-0.0022669501109600456 0 1 3 0 3 1 0 3 2 2 3 0
0.0026013693209593447 0 1 3 0 0 1 0 3 1 0 1 0
0.0026013693209593447 0 1 3 0 0 1 0 3 2 0 2 0
-0.012351147284081068 0 1 0 1 3 0 1 0 0 3 1 0
-0.012351147284081068 0 1 0 1 3 0 2 0 0 3 2 0
-0.01864771580157525 0 1 0 1 0 0 1 0 0 1 0 0
-0.01864771580157525 0 1 0 1 0 0 2 0 0 2 0 0
0.018647715801575235 0 1 0 2 3 0 0 1 0 3 2 0
-0.018647715801575235 0 1 0 2 3 0 0 2 0 3 1 0
-0.020149767572516516 0 1 0 2 0 0 0 1 0 2 0 0
0.020149767572516516 0 1 0 2 0 0 0 2 0 1 0 0
0.018647715801575235 0 1 0 0 1 0 1 0 0 0 1 0
0.018647715801575235 0 1 0 0 1 0 2 0 0 0 2 0
0.018647715801575235 0 1 0 0 1 0 0 1 0 1 0 0
0.018647715801575235 0 1 0 0 1 0 0 2 0 2 0 0
0.01749930624246712 0 1 0 0 2 0 1 0 0 2 0 0
-0.01749930624246712 0 1 0 0 2 0 2 0 0 1 0 0
-0.025297926530902563 0 1 0 0 2 0 0 1 0 0 2 0
0.025297926530902563 0 1 0 0 2 0 0 2 0 0 1 0
-0.0041446532754308915 0 1 0 0 0 2 0 1 0 0 0 2
0.0041446532754308915 0 1 0 0 0 2 0 2 0 0 0 1
0.018428274201017707 0 2 1 1 3 2 0 3 0 3 3 0
-0.021146802884185297 0 2 1 0 1 2 0 3 0 0 3 0
0.004280584429412434 0 2 1 0 0 0 0 1 2 0 0 0
-0.004280584429412434 0 2 1 0 0 0 0 2 1 0 0 0
-0.018158075859793437 0 2 2 1 3 1 0 3 0 3 3 0
0.0002701983412242683 0 2 2 2 3 2 0 3 0 3 3 0
0.020836745035079277 0 2 2 0 1 1 0 3 0 0 3 0
-0.00031005784910601806 0 2 2 0 2 2 0 3 0 0 3 0
0.0025371484521843155 0 2 2 0 3 3 0 3 0 1 3 1
0.0025371484521843155 0 2 2 0 3 3 0 3 0 2 3 2
-0.002911427170065363 0 2 2 0 0 3 0 3 0 0 1 1
-0.002911427170065363 0 2 2 0 0 3 0 3 0 0 2 2
0.020695224311977754 0 2 3 1 3 3 0 3 1 3 3 2
-0.020695224311977754 0 2 3 1 3 3 0 3 2 3 3 1
-0.023748172205144642 0 2 3 0 1 3 0 3 1 0 3 2
0.023748172205144642 0 2 3 0 1 3 0 3 2 0 3 1
-0.0022669501109600456 0 2 3 0 3 2 0 3 1 1 3 0
-0.0022669501109600456 0 2 3 0 3 2 0 3 2 2 3 0
0.0026013693209593447 0 2 3 0 0 2 0 3 1 0 1 0
0.0026013693209593447 0 2 3 0 0 2 0 3 2 0 2 0
-0.018647715801575235 0 2 0 1 3 0 0 1 0 3 2 0
0.018647715801575235 0 2 0 1 3 0 0 2 0 3 1 0
0.020149767572516516 0 2 0 1 0 0 0 1 0 2 0 0
-0.020149767572516516 0 2 0 1 0 0 0 2 0 1 0 0
-0.012351147284081068 0 2 0 2 3 0 1 0 0 3 1 0
-0.012351147284081068 0 2 0 2 3 0 2 0 0 3 2 0
-0.01864771580157525 0 2 0 2 0 0 1 0 0 1 0 0
-0.01864771580157525 0 2 0 2 0 0 2 0 0 2 0 0
-0.01749930624246712 0 2 0 0 1 0 1 0 0 2 0 0
0.01749930624246712 0 2 0 0 1 0 2 0 0 1 0 0
0.025297926530902563 0 2 0 0 1 0 0 1 0 0 2 0
-0.025297926530902563 0 2 0 0 1 0 0 2 0 0 1 0
0.018647715801575235 0 2 0 0 2 0 1 0 0 0 1 0
0.018647715801575235 0 2 0 0 2 0 2 0 0 0 2 0
0.018647715801575235 0 2 0 0 2 0 0 1 0 1 0 0
0.018647715801575235 0 2 0 0 2 0 0 2 0 2 0 0
0.0041446532754308915 0 2 0 0 0 1 0 1 0 0 0 2
-0.0041446532754308915 0 2 0 0 0 1 0 2 0 0 0 1
0.6979755883345338 0 3 0 0 0 0 0 0 0 0 0 0
-0.002601369320959344 0 3 1 1 3 3 1 3 0 3 3 1
-0.002601369320959344 0 3 1 1 3 3 2 3 0 3 3 2
-0.002266950110960042 0 3 1 0 1 3 1 3 0 0 3 1
-0.002266950110960042 0 3 1 0 1 3 2 3 0 0 3 2
-0.023748172205144653 0 3 1 0 3 2 1 3 0 2 3 0
0.023748172205144653 0 3 1 0 3 2 2 3 0 1 3 0
-0.02069522431197775 0 3 1 0 0 2 1 3 0 0 2 0
0.02069522431197775 0 3 1 0 0 2 2 3 0 0 1 0
-0.002601369320959344 0 3 2 2 3 3 1 3 0 3 3 1
-0.002601369320959344 0 3 2 2 3 3 2 3 0 3 3 2
-0.002266950110960042 0 3 2 0 2 3 1 3 0 0 3 1
-0.002266950110960042 0 3 2 0 2 3 2 3 0 0 3 2
0.023748172205144653 0 3 2 0 3 1 1 3 0 2 3 0
-0.023748172205144653 0 3 2 0 3 1 2 3 0 1 3 0
0.02069522431197775 0 3 2 0 0 1 1 3 0 0 2 0
-0.02069522431197775 0 3 2 0 0 1 2 3 0 0 1 0
0.0745930387453271 0 3 3 0 0 0 0 0 0 0 0 0
0.002911427170065362 0 3 3 1 3 1 1 3 1 3 3 0
0.002911427170065362 0 3 3 1 3 1 2 3 2 3 3 0
0.002911427170065362 0 3 3 2 3 2 1 3 1 3 3 0
0.002911427170065362 0 3 3 2 3 2 2 3 2 3 3 0
0.0025371484521843134 0 3 3 0 1 1 1 3 1 0 3 0
0.0025371484521843134 0 3 3 0 1 1 2 3 2 0 3 0
0.0025371484521843134 0 3 3 0 2 2 1 3 1 0 3 0
0.0025371484521843134 0 3 3 0 2 2 2 3 2 0 3 0
0.00031005784910601773 0 3 3 0 3 3 1 3 1 1 3 1
-0.020836745035079294 0 3 3 0 3 3 1 3 1 2 3 2
0.02114680288418531 0 3 3 0 3 3 1 3 2 2 3 1
0.02114680288418531 0 3 3 0 3 3 2 3 1 1 3 2
-0.020836745035079294 0 3 3 0 3 3 2 3 2 1 3 1
0.00031005784910601773 0 3 3 0 3 3 2 3 2 2 3 2
0.00027019834122427044 0 3 3 0 0 3 1 3 1 0 1 1
-0.01815807585979344 0 3 3 0 0 3 1 3 1 0 2 2
0.01842827420101771 0 3 3 0 0 3 1 3 2 0 2 1
0.01842827420101771 0 3 3 0 0 3 2 3 1 0 1 2
-0.01815807585979344 0 3 3 0 0 3 2 3 2 0 1 1
0.00027019834122427044 0 3 3 0 0 3 2 3 2 0 2 2
-0.0005493944110341387 0 3 0 1 1 0 1 1 0 3 0 0
-0.0005493944110341387 0 3 0 1 1 0 2 2 0 3 0 0
-0.01466767131470099 0 3 0 1 1 0 0 0 0 3 0 0
-0.0005493944110341387 0 3 0 2 2 0 1 1 0 3 0 0
-0.0005493944110341387 0 3 0 2 2 0 2 2 0 3 0 0
-0.01466767131470099 0 3 0 2 2 0 0 0 0 3 0 0
0.06164572378763425 0 3 0 3 0 0 0 0 0 0 0 0
-0.003980044486874298 0 3 0 3 0 0 1 1 0 0 0 0
-0.003980044486874298 0 3 0 3 0 0 2 2 0 0 0 0
0.05759635365131651 0 3 0 0 3 0 0 0 0 0 0 0
0.003980044486874239 0 3 0 0 3 0 1 1 0 0 0 0
-0.012900541695115203 0 3 0 0 3 0 1 1 0 1 1 0
0.016949911831432983 0 3 0 0 3 0 1 1 0 2 2 0
-0.02985045352654819 0 3 0 0 3 0 1 2 0 2 1 0
-0.02985045352654819 0 3 0 0 3 0 2 1 0 1 2 0
0.003980044486874239 0 3 0 0 3 0 2 2 0 0 0 0
0.016949911831432983 0 3 0 0 3 0 2 2 0 1 1 0
-0.012900541695115203 0 3 0 0 3 0 2 2 0 2 2 0
0.0039800444868742495 0 3 0 0 3 0 0 0 0 1 1 0
0.0039800444868742495 0 3 0 0 3 0 0 0 0 2 2 0
0.07729776050806259 0 3 0 0 0 3 0 0 0 0 0 0
0.01466767131470095 0 3 0 0 0 0 1 1 0 3 0 0
-0.014667671314700995 0 3 0 0 0 0 1 1 0 0 3 0
0.01466767131470095 0 3 0 0 0 0 2 2 0 3 0 0
-0.014667671314700995 0 3 0 0 0 0 2 2 0 0 3 0
0.07821750549724107 0 3 0 0 0 0 3 0 0 0 0 0
0.08611671473101545 0 3 0 0 0 0 0 3 0 0 0 0
0.07887362317473955 0 3 0 0 0 0 0 0 3 0 0 0
0.08179549136015077 0 3 0 0 0 0 0 0 0 3 0 0
0.08289428018221906 0 3 0 0 0 0 0 0 0 0 3 0
0.08144241378349348 0 3 0 0 0 0 0 0 0 0 0 3
-0.0022669501109600456 0 0 1 1 3 3 0 1 0 3 3 1
-0.0022669501109600456 0 0 1 1 3 3 0 2 0 3 3 2
-0.003971119853431099 0 0 1 2 0 0 0 0 1 2 0 0
0.003971119853431099 0 0 1 2 0 0 0 0 2 1 0 0
0.0026013693209593447 0 0 1 0 1 3 0 1 0 0 3 1
0.0026013693209593447 0 0 1 0 1 3 0 2 0 0 3 2
-0.003971119853431096 0 0 1 0 2 0 0 0 1 0 2 0
0.003971119853431096 0 0 1 0 2 0 0 0 2 0 1 0
-0.020695224311977754 0 0 1 0 3 2 0 1 0 2 3 0
0.020695224311977754 0 0 1 0 3 2 0 2 0 1 3 0
0.023748172205144642 0 0 1 0 0 2 0 1 0 0 2 0
-0.023748172205144642 0 0 1 0 0 2 0 2 0 0 1 0
-0.036524010873967255 0 0 1 0 0 2 0 0 1 0 0 2
0.036524010873967255 0 0 1 0 0 2 0 0 2 0 0 1
0.003971119853431099 0 0 2 1 0 0 0 0 1 2 0 0
-0.003971119853431099 0 0 2 1 0 0 0 0 2 1 0 0
-0.0022669501109600456 0 0 2 2 3 3 0 1 0 3 3 1
-0.0022669501109600456 0 0 2 2 3 3 0 2 0 3 3 2
0.003971119853431096 0 0 2 0 1 0 0 0 1 0 2 0
-0.003971119853431096 0 0 2 0 1 0 0 0 2 0 1 0
0.0026013693209593447 0 0 2 0 2 3 0 1 0 0 3 1
0.0026013693209593447 0 0 2 0 2 3 0 2 0 0 3 2
0.020695224311977754 0 0 2 0 3 1 0 1 0 2 3 0
-0.020695224311977754 0 0 2 0 3 1 0 2 0 1 3 0
-0.023748172205144642 0 0 2 0 0 1 0 1 0 0 2 0
0.023748172205144642 0 0 2 0 0 1 0 2 0 0 1 0
0.036524010873967255 0 0 2 0 0 1 0 0 1 0 0 2
-0.036524010873967255 0 0 2 0 0 1 0 0 2 0 0 1
0.73319028901136 0 0 3 0 0 0 0 0 0 0 0 0
0.0025371484521843155 0 0 3 1 3 1 0 1 1 3 3 0
0.0025371484521843155 0 0 3 1 3 1 0 2 2 3 3 0
0.0025371484521843155 0 0 3 2 3 2 0 1 1 3 3 0
0.0025371484521843155 0 0 3 2 3 2 0 2 2 3 3 0
0.07484393880185092 0 0 3 3 0 0 0 0 0 0 0 0
-0.002911427170065363 0 0 3 0 1 1 0 1 1 0 3 0
-0.002911427170065363 0 0 3 0 1 1 0 2 2 0 3 0
-0.002911427170065363 0 0 3 0 2 2 0 1 1 0 3 0
-0.002911427170065363 0 0 3 0 2 2 0 2 2 0 3 0
0.07484393880185095 0 0 3 0 3 0 0 0 0 0 0 0
0.0002701983412242683 0 0 3 0 3 3 0 1 1 1 3 1
-0.018158075859793437 0 0 3 0 3 3 0 1 1 2 3 2
0.018428274201017707 0 0 3 0 3 3 0 1 2 2 3 1
0.018428274201017707 0 0 3 0 3 3 0 2 1 1 3 2
-0.018158075859793437 0 0 3 0 3 3 0 2 2 1 3 1
0.0002701983412242683 0 0 3 0 3 3 0 2 2 2 3 2
0.0528532607056056 0 0 3 0 0 3 0 0 0 0 0 0
-0.00031005784910601806 0 0 3 0 0 3 0 1 1 0 1 1
0.020836745035079277 0 0 3 0 0 3 0 1 1 0 2 2
-0.021146802884185297 0 0 3 0 0 3 0 1 2 0 2 1
-0.021146802884185297 0 0 3 0 0 3 0 2 1 0 1 2
0.020836745035079277 0 0 3 0 0 3 0 2 2 0 1 1
-0.00031005784910601806 0 0 3 0 0 3 0 2 2 0 2 2
0.07887362317473953 0 0 3 0 0 0 3 0 0 0 0 0
0.07887362317473955 0 0 3 0 0 0 0 3 0 0 0 0
0.08856601300724448 0 0 3 0 0 0 0 0 3 0 0 0
0.07881505865528202 0 0 3 0 0 0 0 0 0 3 0 0
0.07881505865528204 0 0 3 0 0 0 0 0 0 0 3 0
0.08937727157957284 0 0 3 0 0 0 0 0 0 0 0 3
-0.003980044486874277 0 0 0 1 1 0 3 0 0 3 0 0
0.0039800444868742495 0 0 0 1 1 0 0 3 0 3 0 0
-0.004095192234453594 0 0 0 1 2 0 0 0 0 1 2 0
0.004095192234453594 0 0 0 1 2 0 0 0 0 2 1 0
-0.004561755850799023 0 0 0 1 0 2 0 0 0 1 0 2
0.004561755850799023 0 0 0 1 0 2 0 0 0 2 0 1
0.004095192234453594 0 0 0 2 1 0 0 0 0 1 2 0
-0.004095192234453594 0 0 0 2 1 0 0 0 0 2 1 0
-0.003980044486874277 0 0 0 2 2 0 3 0 0 3 0 0
0.0039800444868742495 0 0 0 2 2 0 0 3 0 3 0 0
0.004561755850799023 0 0 0 2 0 1 0 0 0 1 0 2
-0.004561755850799023 0 0 0 2 0 1 0 0 0 2 0 1
0.6834359138937263 0 0 0 3 0 0 0 0 0 0 0 0
0.07438463848686419 0 0 0 3 3 0 0 0 0 0 0 0
0.07673107012436056 0 0 0 3 0 3 0 0 0 0 0 0
0.08289428018221903 0 0 0 3 0 0 3 0 0 0 0 0
0.08179549136015077 0 0 0 3 0 0 0 3 0 0 0 0
0.07881505865528202 0 0 0 3 0 0 0 0 3 0 0 0
0.08667021519022496 0 0 0 3 0 0 0 0 0 3 0 0
0.07847983072131778 0 0 0 3 0 0 0 0 0 0 3 0
0.08129282597515958 0 0 0 3 0 0 0 0 0 0 0 3
-0.004561755850799026 0 0 0 0 1 2 0 0 0 0 1 2
0.004561755850799026 0 0 0 0 1 2 0 0 0 0 2 1
0.004561755850799026 0 0 0 0 2 1 0 0 0 0 1 2
-0.004561755850799026 0 0 0 0 2 1 0 0 0 0 2 1
0.6834359138937276 0 0 0 0 3 0 0 0 0 0 0 0
0.07673107012436058 0 0 0 0 3 3 0 0 0 0 0 0
0.08179549136015077 0 0 0 0 3 0 3 0 0 0 0 0
0.014667671314700956 0 0 0 0 3 0 3 0 0 1 1 0
0.014667671314700956 0 0 0 0 3 0 3 0 0 2 2 0
0.08289428018221906 0 0 0 0 3 0 0 3 0 0 0 0
-0.01466767131470099 0 0 0 0 3 0 0 3 0 1 1 0
-0.01466767131470099 0 0 0 0 3 0 0 3 0 2 2 0
0.07881505865528204 0 0 0 0 3 0 0 0 3 0 0 0
0.07847983072131778 0 0 0 0 3 0 0 0 0 3 0 0
0.08667021519022498 0 0 0 0 3 0 0 0 0 0 3 0
0.08129282597515959 0 0 0 0 3 0 0 0 0 0 0 3
0.6681266807455823 0 0 0 0 0 3 0 0 0 0 0 0
0.08144241378349346 0 0 0 0 0 3 3 0 0 0 0 0
0.08144241378349348 0 0 0 0 0 3 0 3 0 0 0 0
0.08937727157957284 0 0 0 0 0 3 0 0 3 0 0 0
0.08129282597515958 0 0 0 0 0 3 0 0 0 3 0 0
0.08129282597515959 0 0 0 0 0 3 0 0 0 0 3 0
0.09265329255847261 0 0 0 0 0 3 0 0 0 0 0 3
0.6979755883345301 0 0 0 0 0 0 3 0 0 0 0 0
0.07426790088035387 0 0 0 0 0 0 3 3 0 0 0 0
0.0745930387453271 0 0 0 0 0 0 3 0 3 0 0 0
0.05759635365131646 0 0 0 0 0 0 3 0 0 3 0 0
0.06164572378763427 0 0 0 0 0 0 3 0 0 0 3 0
0.07729776050806257 0 0 0 0 0 0 3 0 0 0 0 3
0.6979755883345337 0 0 0 0 0 0 0 3 0 0 0 0
0.0745930387453271 0 0 0 0 0 0 0 3 3 0 0 0
0.06164572378763425 0 0 0 0 0 0 0 3 0 3 0 0
0.05759635365131651 0 0 0 0 0 0 0 3 0 0 3 0
0.07729776050806259 0 0 0 0 0 0 0 3 0 0 0 3
0.7331902890113601 0 0 0 0 0 0 0 0 3 0 0 0
0.07484393880185092 0 0 0 0 0 0 0 0 3 3 0 0
0.07484393880185095 0 0 0 0 0 0 0 0 3 0 3 0
0.0528532607056056 0 0 0 0 0 0 0 0 3 0 0 3
0.6834359138937263 0 0 0 0 0 0 0 0 0 3 0 0
0.07438463848686419 0 0 0 0 0 0 0 0 0 3 3 0
0.07673107012436056 0 0 0 0 0 0 0 0 0 3 0 3
0.6834359138937276 0 0 0 0 0 0 0 0 0 0 3 0
0.07673107012436058 0 0 0 0 0 0 0 0 0 0 3 3
0.6681266807455828 0 0 0 0 0 0 0 0 0 0 0 3
