-5076.985535921045 0 0 0 0 0 0 0 0 0 0 0 0 0 0 0 0
-0.0063134708503857235 1 1 1 3 3 1 0 0 3 0 3 3 3 0 0 0
0.001797702132464777 1 1 1 3 3 3 1 0 3 0 3 3 3 3 0 0
0.001451250255510547 1 1 2 3 3 2 0 0 3 0 3 3 3 0 0 0
-0.0004132300189383074 1 1 2 3 3 3 2 0 3 0 3 3 3 3 0 0
-0.013886728296706409 1 1 3 3 3 0 0 0 3 1 3 3 1 0 0 0
-0.013886728296706409 1 1 3 3 3 0 0 0 3 2 3 3 2 0 0 0
0.0017977021324647765 1 1 0 1 3 1 0 0 3 0 0 3 3 0 0 0
0.006313470850385731 1 1 0 1 3 3 1 0 3 0 0 3 3 3 0 0
-0.0004132300189383032 1 1 0 2 3 2 0 0 3 0 0 3 3 0 0 0
-0.0014512502555105457 1 1 0 2 3 3 2 0 3 0 0 3 3 3 0 0
0.003871942628565526 1 1 0 3 3 3 3 0 3 0 1 3 3 3 1 0
0.003871942628565526 1 1 0 3 3 3 3 0 3 0 2 3 3 3 2 0
-0.013598135351988479 1 1 0 3 3 3 0 0 3 0 1 3 3 1 0 0
-0.013598135351988479 1 1 0 3 3 3 0 0 3 0 2 3 3 2 0 0
-0.013485680505694975 1 1 0 0 1 3 3 1 3 0 0 0 3 3 3 0
-0.0030809342488725203 1 1 0 0 2 3 3 2 3 0 0 0 3 3 3 0
0.013598135351988491 1 1 0 0 3 3 3 0 3 0 0 1 3 3 1 0
0.013598135351988491 1 1 0 0 3 3 3 0 3 0 0 2 3 3 2 0
0.003871942628565528 1 1 0 0 3 3 0 0 3 0 0 1 3 1 0 0
0.003871942628565528 1 1 0 0 3 3 0 0 3 0 0 2 3 2 0 0
-0.007692068574020024 1 1 0 0 0 3 3 3 3 0 0 0 1 3 3 1
-0.007692068574020024 1 1 0 0 0 3 3 3 3 0 0 0 2 3 3 2
-0.00776472110589627 1 2 2 3 3 1 0 0 3 0 3 3 3 0 0 0
0.0022109321514030833 1 2 2 3 3 3 1 0 3 0 3 3 3 3 0 0
0.006720751992922291 1 2 3 3 3 3 3 3 1 3 3 3 3 3 3 2
-0.006720751992922291 1 2 3 3 3 3 3 3 2 3 3 3 3 3 3 1
0.00221093215140308 1 2 0 2 3 1 0 0 3 0 0 3 3 0 0 0
0.007764721105896278 1 2 0 2 3 3 1 0 3 0 0 3 3 3 0 0
-0.010404746256822453 1 2 0 0 2 3 3 1 3 0 0 0 3 3 3 0
-0.008454693877624654 1 2 0 0 0 0 0 0 1 2 0 0 0 0 0 0
0.008454693877624654 1 2 0 0 0 0 0 0 2 1 0 0 0 0 0 0
-0.002344658231767693 1 3 1 3 3 0 0 0 3 3 1 3 1 0 0 0
-0.002344658231767693 1 3 1 3 3 0 0 0 3 3 2 3 2 0 0 0
0.0009619405437298013 1 3 1 0 0 1 3 1 3 3 0 0 0 3 3 0
0.006115762086344109 1 3 1 0 0 2 3 2 3 3 0 0 0 3 3 0
-0.00027390362729903534 1 3 1 0 0 0 1 1 3 3 0 0 0 0 3 0
-0.0017414063998721545 1 3 1 0 0 0 2 2 3 3 0 0 0 0 3 0
0.011171305786163408 1 3 1 0 0 0 3 3 3 3 0 0 0 1 3 1
0.011171305786163408 1 3 1 0 0 0 3 3 3 3 0 0 0 2 3 2
-0.003180925470333809 1 3 1 0 0 0 0 3 3 3 0 0 0 0 1 1
-0.003180925470333809 1 3 1 0 0 0 0 3 3 3 0 0 0 0 2 2
-0.004285172647503833 1 3 2 3 3 3 3 0 3 1 3 3 3 3 2 0
0.004285172647503833 1 3 2 3 3 3 3 0 3 2 3 3 3 3 1 0
0.015049385607499024 1 3 2 3 3 3 0 0 3 1 3 3 3 2 0 0
-0.015049385607499024 1 3 2 3 3 3 0 0 3 2 3 3 3 1 0 0
-0.005153821542614309 1 3 2 0 0 2 3 1 3 3 0 0 0 3 3 0
0.001467502772573119 1 3 2 0 0 0 2 1 3 3 0 0 0 0 3 0
-0.0023446582317676904 1 3 3 1 3 0 0 0 3 3 3 1 1 0 0 0
-0.0023446582317676904 1 3 3 1 3 0 0 0 3 3 3 2 2 0 0 0
-0.00027390362729902835 1 3 3 1 0 1 3 1 3 3 3 0 0 3 3 0
-0.0017414063998721532 1 3 3 1 0 2 3 2 3 3 3 0 0 3 3 0
-0.0009619405437298056 1 3 3 1 0 0 1 1 3 3 3 0 0 0 3 0
-0.006115762086344114 1 3 3 1 0 0 2 2 3 3 3 0 0 0 3 0
-0.003180925470333809 1 3 3 1 0 0 3 3 3 3 3 0 0 1 3 1
-0.003180925470333809 1 3 3 1 0 0 3 3 3 3 3 0 0 2 3 2
-0.011171305786163417 1 3 3 1 0 0 0 3 3 3 3 0 0 0 1 1
-0.011171305786163417 1 3 3 1 0 0 0 3 3 3 3 0 0 0 2 2
0.0014675027725731254 1 3 3 2 0 2 3 1 3 3 3 0 0 3 3 0
0.005153821542614308 1 3 3 2 0 0 2 1 3 3 3 0 0 0 3 0
-0.008268738490523734 1 3 3 3 1 3 0 0 3 3 3 3 0 0 0 0
-0.00826873849052373 1 3 3 3 1 0 3 0 3 3 3 3 0 0 0 0
-0.002562780277925961 1 3 3 3 1 0 0 3 3 3 3 3 0 0 0 0
-0.00820959618505138 1 3 3 3 1 0 0 0 3 3 3 0 0 0 0 0
-0.08679326624561978 1 3 3 3 1 0 0 0 3 3 3 3 0 0 0 0
-0.0016640433302765362 1 3 3 3 1 0 0 0 3 3 3 3 3 0 0 0
-0.003201770558635754 1 3 3 3 1 0 0 0 3 3 3 3 0 3 0 0
-0.0032017705586357493 1 3 3 3 1 0 0 0 3 3 3 3 0 0 3 0
-0.005212838257811342 1 3 3 3 1 0 0 0 3 3 3 3 0 0 0 3
-0.008209596185051387 1 3 3 3 1 0 0 0 3 3 0 3 0 0 0 0
-0.0003470184652718233 1 3 3 3 1 0 0 0 3 0 3 3 0 0 0 0
-0.017855362503710382 1 3 3 3 1 0 0 0 0 3 3 3 0 0 0 0
0.0050669679318879795 1 3 3 3 3 2 0 0 3 3 3 3 1 2 0 0
-0.0050669679318879795 1 3 3 3 3 2 0 0 3 3 3 3 2 1 0 0
0.00506696793188798 1 3 3 3 3 0 2 0 3 3 3 3 1 0 2 0
-0.00506696793188798 1 3 3 3 3 0 2 0 3 3 3 3 2 0 1 0
-0.002650057979885381 1 3 3 3 3 0 0 2 3 3 3 3 1 0 0 2
0.002650057979885381 1 3 3 3 3 0 0 2 3 3 3 3 2 0 0 1
0.001439519070461655 1 3 3 3 0 2 3 3 3 3 3 1 0 3 3 2
-0.001439519070461655 1 3 3 3 0 2 3 3 3 3 3 2 0 3 3 1
0.005055543699819305 1 3 3 3 0 0 2 3 3 3 3 1 0 0 3 2
-0.005055543699819305 1 3 3 3 0 0 2 3 3 3 3 2 0 0 3 1
0.0029070218430347797 1 3 3 3 0 0 3 1 3 3 3 1 0 1 3 0
0.0029070218430347797 1 3 3 3 0 0 3 1 3 3 3 2 0 2 3 0
0.010209365242433613 1 3 3 3 0 0 0 1 3 3 3 1 0 0 1 0
0.010209365242433613 1 3 3 3 0 0 0 1 3 3 3 2 0 0 2 0
-0.010554254416819071 1 3 3 0 1 0 0 0 3 3 3 3 0 0 0 0
-0.0050555436998193015 1 3 3 0 0 2 3 3 3 3 1 0 0 3 3 2
0.0050555436998193015 1 3 3 0 0 2 3 3 3 3 2 0 0 3 3 1
0.0014395190704616545 1 3 3 0 0 0 2 3 3 3 1 0 0 0 3 2
-0.0014395190704616545 1 3 3 0 0 0 2 3 3 3 2 0 0 0 3 1
-0.010209365242433608 1 3 3 0 0 0 3 1 3 3 1 0 0 1 3 0
-0.010209365242433608 1 3 3 0 0 0 3 1 3 3 2 0 0 2 3 0
0.002907021843034774 1 3 3 0 0 0 0 1 3 3 1 0 0 0 1 0
0.002907021843034774 1 3 3 0 0 0 0 1 3 3 2 0 0 0 2 0
-0.015049385607499034 1 3 0 2 3 3 3 0 3 1 0 3 3 3 2 0
0.015049385607499034 1 3 0 2 3 3 3 0 3 2 0 3 3 3 1 0
-0.004285172647503831 1 3 0 2 3 3 0 0 3 1 0 3 3 2 0 0
0.004285172647503831 1 3 0 2 3 3 0 0 3 2 0 3 3 1 0 0
-0.010554254416819082 1 3 0 3 1 0 0 0 3 3 3 3 0 0 0 0
0.007284664501602756 1 3 0 3 3 1 0 0 3 1 1 3 3 0 0 0
0.007284664501602756 1 3 0 3 3 1 0 0 3 2 2 3 3 0 0 0
-0.0020742404961007492 1 3 0 3 3 3 1 0 3 1 1 3 3 3 0 0
-0.0020742404961007492 1 3 0 3 3 3 1 0 3 2 2 3 3 3 0 0
0.004611134325147502 1 3 0 0 2 3 3 3 3 1 0 0 3 3 3 2
-0.004611134325147502 1 3 0 0 2 3 3 3 3 2 0 0 3 3 3 1
-0.002074240496100751 1 3 0 0 3 1 0 0 3 1 0 1 3 0 0 0
-0.002074240496100751 1 3 0 0 3 1 0 0 3 2 0 2 3 0 0 0
-0.0072846645016027564 1 3 0 0 3 3 1 0 3 1 0 1 3 3 0 0
-0.0072846645016027564 1 3 0 0 3 3 1 0 3 2 0 2 3 3 0 0
-0.005793611931674952 1 3 0 0 0 3 3 1 3 1 0 0 1 3 3 0
-0.005793611931674952 1 3 0 0 0 3 3 1 3 2 0 0 2 3 3 0
-0.022776534822443774 1 0 2 0 0 0 0 0 1 0 2 0 0 0 0 0
0.022776534822443774 1 0 2 0 0 0 0 0 2 0 1 0 0 0 0 0
-0.01423374676197823 1 0 3 3 1 0 0 0 3 3 3 3 0 0 0 0
0.006720751992922291 1 0 3 3 3 3 3 1 1 1 3 3 3 3 3 0
0.006720751992922291 1 0 3 3 3 3 3 1 2 2 3 3 3 3 3 0
-0.02277653482244379 1 0 0 2 0 0 0 0 1 0 0 2 0 0 0 0
0.02277653482244379 1 0 0 2 0 0 0 0 2 0 0 1 0 0 0 0
-0.007420530872433445 1 0 0 0 2 0 0 0 1 0 0 0 2 0 0 0
0.007420530872433445 1 0 0 0 2 0 0 0 2 0 0 0 1 0 0 0
-0.0068966803271644775 1 0 0 0 0 2 0 0 1 0 0 0 0 2 0 0
0.0068966803271644775 1 0 0 0 0 2 0 0 2 0 0 0 0 1 0 0
-0.00689668032716448 1 0 0 0 0 0 2 0 1 0 0 0 0 0 2 0
0.00689668032716448 1 0 0 0 0 0 2 0 2 0 0 0 0 0 1 0
-0.007954271804408067 1 0 0 0 0 0 0 2 1 0 0 0 0 0 0 2
0.007954271804408067 1 0 0 0 0 0 0 2 2 0 0 0 0 0 0 1
-0.00776472110589627 2 1 1 3 3 2 0 0 3 0 3 3 3 0 0 0
0.0022109321514030833 2 1 1 3 3 3 2 0 3 0 3 3 3 3 0 0
-0.006720751992922291 2 1 3 3 3 3 3 3 1 3 3 3 3 3 3 2
0.006720751992922291 2 1 3 3 3 3 3 3 2 3 3 3 3 3 3 1
0.00221093215140308 2 1 0 1 3 2 0 0 3 0 0 3 3 0 0 0
0.007764721105896278 2 1 0 1 3 3 2 0 3 0 0 3 3 3 0 0
-0.010404746256822453 2 1 0 0 1 3 3 2 3 0 0 0 3 3 3 0
0.008454693877624654 2 1 0 0 0 0 0 0 1 2 0 0 0 0 0 0
-0.008454693877624654 2 1 0 0 0 0 0 0 2 1 0 0 0 0 0 0
0.001451250255510547 2 2 1 3 3 1 0 0 3 0 3 3 3 0 0 0
-0.0004132300189383074 2 2 1 3 3 3 1 0 3 0 3 3 3 3 0 0
-0.0063134708503857235 2 2 2 3 3 2 0 0 3 0 3 3 3 0 0 0
0.001797702132464777 2 2 2 3 3 3 2 0 3 0 3 3 3 3 0 0
-0.013886728296706409 2 2 3 3 3 0 0 0 3 1 3 3 1 0 0 0
-0.013886728296706409 2 2 3 3 3 0 0 0 3 2 3 3 2 0 0 0
-0.0004132300189383032 2 2 0 1 3 1 0 0 3 0 0 3 3 0 0 0
-0.0014512502555105457 2 2 0 1 3 3 1 0 3 0 0 3 3 3 0 0
0.0017977021324647765 2 2 0 2 3 2 0 0 3 0 0 3 3 0 0 0
0.006313470850385731 2 2 0 2 3 3 2 0 3 0 0 3 3 3 0 0
0.003871942628565526 2 2 0 3 3 3 3 0 3 0 1 3 3 3 1 0
0.003871942628565526 2 2 0 3 3 3 3 0 3 0 2 3 3 3 2 0
-0.013598135351988479 2 2 0 3 3 3 0 0 3 0 1 3 3 1 0 0
-0.013598135351988479 2 2 0 3 3 3 0 0 3 0 2 3 3 2 0 0
-0.0030809342488725203 2 2 0 0 1 3 3 1 3 0 0 0 3 3 3 0
-0.013485680505694975 2 2 0 0 2 3 3 2 3 0 0 0 3 3 3 0
0.013598135351988491 2 2 0 0 3 3 3 0 3 0 0 1 3 3 1 0
0.013598135351988491 2 2 0 0 3 3 3 0 3 0 0 2 3 3 2 0
0.003871942628565528 2 2 0 0 3 3 0 0 3 0 0 1 3 1 0 0
0.003871942628565528 2 2 0 0 3 3 0 0 3 0 0 2 3 2 0 0
-0.007692068574020024 2 2 0 0 0 3 3 3 3 0 0 0 1 3 3 1
-0.007692068574020024 2 2 0 0 0 3 3 3 3 0 0 0 2 3 3 2
0.004285172647503833 2 3 1 3 3 3 3 0 3 1 3 3 3 3 2 0
-0.004285172647503833 2 3 1 3 3 3 3 0 3 2 3 3 3 3 1 0
-0.015049385607499024 2 3 1 3 3 3 0 0 3 1 3 3 3 2 0 0
0.015049385607499024 2 3 1 3 3 3 0 0 3 2 3 3 3 1 0 0
-0.005153821542614309 2 3 1 0 0 1 3 2 3 3 0 0 0 3 3 0
0.001467502772573119 2 3 1 0 0 0 1 2 3 3 0 0 0 0 3 0
-0.002344658231767693 2 3 2 3 3 0 0 0 3 3 1 3 1 0 0 0
-0.002344658231767693 2 3 2 3 3 0 0 0 3 3 2 3 2 0 0 0
0.006115762086344109 2 3 2 0 0 1 3 1 3 3 0 0 0 3 3 0
0.0009619405437298013 2 3 2 0 0 2 3 2 3 3 0 0 0 3 3 0
-0.0017414063998721545 2 3 2 0 0 0 1 1 3 3 0 0 0 0 3 0
-0.00027390362729903534 2 3 2 0 0 0 2 2 3 3 0 0 0 0 3 0
0.011171305786163408 2 3 2 0 0 0 3 3 3 3 0 0 0 1 3 1
0.011171305786163408 2 3 2 0 0 0 3 3 3 3 0 0 0 2 3 2
-0.003180925470333809 2 3 2 0 0 0 0 3 3 3 0 0 0 0 1 1
-0.003180925470333809 2 3 2 0 0 0 0 3 3 3 0 0 0 0 2 2
0.0014675027725731254 2 3 3 1 0 1 3 2 3 3 3 0 0 3 3 0
0.005153821542614308 2 3 3 1 0 0 1 2 3 3 3 0 0 0 3 0
-0.0023446582317676904 2 3 3 2 3 0 0 0 3 3 3 1 1 0 0 0
-0.0023446582317676904 2 3 3 2 3 0 0 0 3 3 3 2 2 0 0 0
-0.0017414063998721532 2 3 3 2 0 1 3 1 3 3 3 0 0 3 3 0
-0.00027390362729902835 2 3 3 2 0 2 3 2 3 3 3 0 0 3 3 0
-0.006115762086344114 2 3 3 2 0 0 1 1 3 3 3 0 0 0 3 0
-0.0009619405437298056 2 3 3 2 0 0 2 2 3 3 3 0 0 0 3 0
-0.003180925470333809 2 3 3 2 0 0 3 3 3 3 3 0 0 1 3 1
-0.003180925470333809 2 3 3 2 0 0 3 3 3 3 3 0 0 2 3 2
-0.011171305786163417 2 3 3 2 0 0 0 3 3 3 3 0 0 0 1 1
-0.011171305786163417 2 3 3 2 0 0 0 3 3 3 3 0 0 0 2 2
-0.008268738490523734 2 3 3 3 2 3 0 0 3 3 3 3 0 0 0 0
-0.00826873849052373 2 3 3 3 2 0 3 0 3 3 3 3 0 0 0 0
-0.002562780277925961 2 3 3 3 2 0 0 3 3 3 3 3 0 0 0 0
-0.00820959618505138 2 3 3 3 2 0 0 0 3 3 3 0 0 0 0 0
-0.08679326624561978 2 3 3 3 2 0 0 0 3 3 3 3 0 0 0 0
-0.0016640433302765362 2 3 3 3 2 0 0 0 3 3 3 3 3 0 0 0
-0.003201770558635754 2 3 3 3 2 0 0 0 3 3 3 3 0 3 0 0
-0.0032017705586357493 2 3 3 3 2 0 0 0 3 3 3 3 0 0 3 0
-0.005212838257811342 2 3 3 3 2 0 0 0 3 3 3 3 0 0 0 3
-0.008209596185051387 2 3 3 3 2 0 0 0 3 3 0 3 0 0 0 0
-0.0003470184652718233 2 3 3 3 2 0 0 0 3 0 3 3 0 0 0 0
-0.017855362503710382 2 3 3 3 2 0 0 0 0 3 3 3 0 0 0 0
-0.0050669679318879795 2 3 3 3 3 1 0 0 3 3 3 3 1 2 0 0
0.0050669679318879795 2 3 3 3 3 1 0 0 3 3 3 3 2 1 0 0
-0.00506696793188798 2 3 3 3 3 0 1 0 3 3 3 3 1 0 2 0
0.00506696793188798 2 3 3 3 3 0 1 0 3 3 3 3 2 0 1 0
0.002650057979885381 2 3 3 3 3 0 0 1 3 3 3 3 1 0 0 2
-0.002650057979885381 2 3 3 3 3 0 0 1 3 3 3 3 2 0 0 1
-0.001439519070461655 2 3 3 3 0 1 3 3 3 3 3 1 0 3 3 2
0.001439519070461655 2 3 3 3 0 1 3 3 3 3 3 2 0 3 3 1
-0.005055543699819305 2 3 3 3 0 0 1 3 3 3 3 1 0 0 3 2
0.005055543699819305 2 3 3 3 0 0 1 3 3 3 3 2 0 0 3 1
0.0029070218430347797 2 3 3 3 0 0 3 2 3 3 3 1 0 1 3 0
0.0029070218430347797 2 3 3 3 0 0 3 2 3 3 3 2 0 2 3 0
0.010209365242433613 2 3 3 3 0 0 0 2 3 3 3 1 0 0 1 0
0.010209365242433613 2 3 3 3 0 0 0 2 3 3 3 2 0 0 2 0
-0.010554254416819071 2 3 3 0 2 0 0 0 3 3 3 3 0 0 0 0
0.0050555436998193015 2 3 3 0 0 1 3 3 3 3 1 0 0 3 3 2
-0.0050555436998193015 2 3 3 0 0 1 3 3 3 3 2 0 0 3 3 1
-0.0014395190704616545 2 3 3 0 0 0 1 3 3 3 1 0 0 0 3 2
0.0014395190704616545 2 3 3 0 0 0 1 3 3 3 2 0 0 0 3 1
-0.010209365242433608 2 3 3 0 0 0 3 2 3 3 1 0 0 1 3 0
-0.010209365242433608 2 3 3 0 0 0 3 2 3 3 2 0 0 2 3 0
0.002907021843034774 2 3 3 0 0 0 0 2 3 3 1 0 0 0 1 0
0.002907021843034774 2 3 3 0 0 0 0 2 3 3 2 0 0 0 2 0
0.015049385607499034 2 3 0 1 3 3 3 0 3 1 0 3 3 3 2 0
-0.015049385607499034 2 3 0 1 3 3 3 0 3 2 0 3 3 3 1 0
0.004285172647503831 2 3 0 1 3 3 0 0 3 1 0 3 3 2 0 0
-0.004285172647503831 2 3 0 1 3 3 0 0 3 2 0 3 3 1 0 0
-0.010554254416819082 2 3 0 3 2 0 0 0 3 3 3 3 0 0 0 0
0.007284664501602756 2 3 0 3 3 2 0 0 3 1 1 3 3 0 0 0
0.007284664501602756 2 3 0 3 3 2 0 0 3 2 2 3 3 0 0 0
-0.0020742404961007492 2 3 0 3 3 3 2 0 3 1 1 3 3 3 0 0
-0.0020742404961007492 2 3 0 3 3 3 2 0 3 2 2 3 3 3 0 0
-0.004611134325147502 2 3 0 0 1 3 3 3 3 1 0 0 3 3 3 2
0.004611134325147502 2 3 0 0 1 3 3 3 3 2 0 0 3 3 3 1
-0.002074240496100751 2 3 0 0 3 2 0 0 3 1 0 1 3 0 0 0
-0.002074240496100751 2 3 0 0 3 2 0 0 3 2 0 2 3 0 0 0
-0.0072846645016027564 2 3 0 0 3 3 2 0 3 1 0 1 3 3 0 0
-0.0072846645016027564 2 3 0 0 3 3 2 0 3 2 0 2 3 3 0 0
-0.005793611931674952 2 3 0 0 0 3 3 2 3 1 0 0 1 3 3 0
-0.005793611931674952 2 3 0 0 0 3 3 2 3 2 0 0 2 3 3 0
0.022776534822443774 2 0 1 0 0 0 0 0 1 0 2 0 0 0 0 0
-0.022776534822443774 2 0 1 0 0 0 0 0 2 0 1 0 0 0 0 0
-0.01423374676197823 2 0 3 3 2 0 0 0 3 3 3 3 0 0 0 0
0.006720751992922291 2 0 3 3 3 3 3 2 1 1 3 3 3 3 3 0
0.006720751992922291 2 0 3 3 3 3 3 2 2 2 3 3 3 3 3 0
0.02277653482244379 2 0 0 1 0 0 0 0 1 0 0 2 0 0 0 0
-0.02277653482244379 2 0 0 1 0 0 0 0 2 0 0 1 0 0 0 0
0.007420530872433445 2 0 0 0 1 0 0 0 1 0 0 0 2 0 0 0
-0.007420530872433445 2 0 0 0 1 0 0 0 2 0 0 0 1 0 0 0
0.0068966803271644775 2 0 0 0 0 1 0 0 1 0 0 0 0 2 0 0
-0.0068966803271644775 2 0 0 0 0 1 0 0 2 0 0 0 0 1 0 0
0.00689668032716448 2 0 0 0 0 0 1 0 1 0 0 0 0 0 2 0
-0.00689668032716448 2 0 0 0 0 0 1 0 2 0 0 0 0 0 1 0
0.007954271804408067 2 0 0 0 0 0 0 1 1 0 0 0 0 0 0 2
-0.007954271804408067 2 0 0 0 0 0 0 1 2 0 0 0 0 0 0 1
1.7838360855118789 3 0 0 0 0 0 0 0 0 0 0 0 0 0 0 0
0.0068186735613942565 3 1 3 3 3 3 3 1 0 3 3 3 3 3 3 0
0.0068186735613942565 3 2 3 3 3 3 3 2 0 3 3 3 3 3 3 0
0.08309991251284432 3 3 0 0 0 0 0 0 0 0 0 0 0 0 0 0
-0.017855362503710382 3 3 3 3 3 0 0 0 1 3 3 3 1 0 0 0
-0.017855362503710382 3 3 3 3 3 0 0 0 2 3 3 3 2 0 0 0
0.09000321355629538 3 0 3 0 0 0 0 0 0 0 0 0 0 0 0 0
0.013539425554316548 3 0 3 3 3 3 3 3 0 1 3 3 3 3 3 1
0.013539425554316548 3 0 3 3 3 3 3 3 0 2 3 3 3 3 3 2
0.09000321355629534 3 0 0 3 0 0 0 0 0 0 0 0 0 0 0 0
0.08521636208199485 3 0 0 0 3 0 0 0 0 0 0 0 0 0 0 0
0.09432195402808786 3 0 0 0 0 3 0 0 0 0 0 0 0 0 0 0
0.094321954028088 3 0 0 0 0 0 3 0 0 0 0 0 0 0 0 0
0.09687260658779817 3 0 0 0 0 0 0 3 0 0 0 0 0 0 0 0
0.13639734576890775 3 0 0 0 0 0 0 0 3 0 0 0 0 0 0 0
0.09155460639046897 3 0 0 0 0 0 0 0 0 3 0 0 0 0 0 0
0.11277974837873915 3 0 0 0 0 0 0 0 0 0 3 0 0 0 0 0
0.11277974837873914 3 0 0 0 0 0 0 0 0 0 0 3 0 0 0 0
0.09263689295442828 3 0 0 0 0 0 0 0 0 0 0 0 3 0 0 0
0.10121863435525234 3 0 0 0 0 0 0 0 0 0 0 0 0 3 0 0
0.10121863435525247 3 0 0 0 0 0 0 0 0 0 0 0 0 0 3 0
0.10482687839220622 3 0 0 0 0 0 0 0 0 0 0 0 0 0 0 3
-0.004425066746115974 0 1 1 3 3 3 3 3 0 3 1 3 3 3 3 1
-0.004425066746115974 0 1 1 3 3 3 3 3 0 3 2 3 3 3 3 2
-0.0020742404961007492 0 1 1 3 3 3 3 0 1 0 3 3 3 3 1 0
-0.0020742404961007492 0 1 1 3 3 3 3 0 2 0 3 3 3 3 2 0
0.007284664501602756 0 1 1 3 3 3 0 0 1 0 3 3 3 1 0 0
0.007284664501602756 0 1 1 3 3 3 0 0 2 0 3 3 3 2 0 0
0.0004248996729822132 0 1 1 0 1 1 0 0 0 3 0 0 3 0 0 0
-0.00012098623186912265 0 1 1 0 1 3 1 0 0 3 0 0 3 3 0 0
-0.01571303368237549 0 1 1 0 2 2 0 0 0 3 0 0 3 0 0 0
0.004474140267325609 0 1 1 0 2 3 2 0 0 3 0 0 3 3 0 0
-0.0021685423875759105 0 1 1 0 0 3 3 0 0 3 0 0 1 3 1 0
-0.0021685423875759105 0 1 1 0 0 3 3 0 0 3 0 0 2 3 2 0
0.007615849647469144 0 1 1 0 0 3 0 0 0 3 0 0 1 1 0 0
0.007615849647469144 0 1 1 0 0 3 0 0 0 3 0 0 2 2 0 0
0.016137933355357702 0 1 2 0 2 1 0 0 0 3 0 0 3 0 0 0
-0.004595126499194732 0 1 2 0 2 3 1 0 0 3 0 0 3 3 0 0
-0.009593737121243222 0 1 2 0 0 0 0 0 0 1 2 0 0 0 0 0
0.009593737121243222 0 1 2 0 0 0 0 0 0 2 1 0 0 0 0 0
-0.00012098623186912049 0 1 3 1 1 1 0 0 0 3 3 0 3 0 0 0
-0.00042489967298221364 0 1 3 1 1 3 1 0 0 3 3 0 3 3 0 0
0.004474140267325619 0 1 3 1 2 2 0 0 0 3 3 0 3 0 0 0
0.015713033682375498 0 1 3 1 2 3 2 0 0 3 3 0 3 3 0 0
-0.004425066746115971 0 1 3 1 3 3 3 3 0 3 3 1 3 3 3 1
-0.004425066746115971 0 1 3 1 3 3 3 3 0 3 3 2 3 3 3 2
-0.007615849647469144 0 1 3 1 0 3 3 0 0 3 3 0 1 3 1 0
-0.007615849647469144 0 1 3 1 0 3 3 0 0 3 3 0 2 3 2 0
-0.00216854238757591 0 1 3 1 0 3 0 0 0 3 3 0 1 1 0 0
-0.00216854238757591 0 1 3 1 0 3 0 0 0 3 3 0 2 2 0 0
-0.00459512649919474 0 1 3 2 2 1 0 0 0 3 3 0 3 0 0 0
-0.016137933355357712 0 1 3 2 2 3 1 0 0 3 3 0 3 3 0 0
0.024043530734212264 0 1 3 3 1 3 3 3 0 3 3 3 1 3 3 1
0.024043530734212264 0 1 3 3 1 3 3 3 0 3 3 3 2 3 3 2
0.02332888332984464 0 1 3 3 2 3 3 0 0 3 3 1 3 3 2 0
-0.02332888332984464 0 1 3 3 2 3 3 0 0 3 3 2 3 3 1 0
0.006642682654901529 0 1 3 3 2 3 0 0 0 3 3 1 3 2 0 0
-0.006642682654901529 0 1 3 3 2 3 0 0 0 3 3 2 3 1 0 0
0.013886728296706409 0 1 3 3 2 0 0 0 1 2 3 3 0 0 0 0
-0.013886728296706409 0 1 3 3 2 0 0 0 2 1 3 3 0 0 0 0
-0.007073054206125466 0 1 3 3 3 1 3 3 0 3 3 3 3 1 3 1
-0.007073054206125466 0 1 3 3 3 1 3 3 0 3 3 3 3 2 3 2
-0.007073054206125471 0 1 3 3 3 3 1 3 0 3 3 3 3 3 1 1
-0.007073054206125471 0 1 3 3 3 3 1 3 0 3 3 3 3 3 2 2
0.013539425554316548 0 1 3 3 3 3 3 1 3 3 3 3 3 3 3 0
0.003869551252626038 0 1 3 3 3 3 3 1 0 3 3 3 3 3 0 0
0.049241609167243544 0 1 3 3 3 3 3 1 0 3 3 3 3 3 3 0
-0.0006838616465738411 0 1 3 3 3 3 3 1 0 3 3 3 3 3 3 3
0.0038695512526259607 0 1 3 3 3 3 3 1 0 3 3 3 3 0 3 0
-0.008762283217660517 0 1 3 3 3 3 3 1 0 3 3 3 0 3 3 0
0.008286287484610948 0 1 3 3 3 3 3 1 0 3 3 0 3 3 3 0
0.008286287484610935 0 1 3 3 3 3 3 1 0 3 0 3 3 3 3 0
-0.00394643972112632 0 1 3 3 3 3 3 1 0 0 3 3 3 3 3 0
-0.003203502953499433 0 1 3 3 3 3 0 1 0 3 3 3 3 3 3 0
-0.0032035029534995063 0 1 3 3 3 0 3 1 0 3 3 3 3 3 3 0
0.002047556155706789 0 1 3 3 0 1 0 0 0 3 3 1 1 0 0 0
0.002047556155706789 0 1 3 3 0 1 0 0 0 3 3 2 2 0 0 0
0.007190949974486932 0 1 3 3 0 3 1 0 0 3 3 1 1 3 0 0
0.007190949974486932 0 1 3 3 0 3 1 0 0 3 3 2 2 3 0 0
0.015281247516551745 0 1 3 3 0 3 3 1 0 3 3 3 3 3 3 0
0.00664268265490152 0 1 3 0 2 3 3 0 0 3 1 0 3 3 2 0
-0.00664268265490152 0 1 3 0 2 3 3 0 0 3 2 0 3 3 1 0
-0.023328883329844632 0 1 3 0 2 3 0 0 0 3 1 0 3 2 0 0
0.023328883329844632 0 1 3 0 2 3 0 0 0 3 2 0 3 1 0 0
0.003861220738494975 0 1 3 0 3 3 3 1 0 3 3 3 3 3 3 0
-0.007190949974486929 0 1 3 0 0 1 0 0 0 3 1 0 1 0 0 0
-0.007190949974486929 0 1 3 0 0 1 0 0 0 3 2 0 2 0 0 0
0.002047556155706788 0 1 3 0 0 3 1 0 0 3 1 0 1 3 0 0
0.002047556155706788 0 1 3 0 0 3 1 0 0 3 2 0 2 3 0 0
-0.0072846645016027564 0 1 0 1 3 3 3 0 1 0 0 3 3 3 1 0
-0.0072846645016027564 0 1 0 1 3 3 3 0 2 0 0 3 3 3 2 0
-0.002074240496100751 0 1 0 1 3 3 0 0 1 0 0 3 3 1 0 0
-0.002074240496100751 0 1 0 1 3 3 0 0 2 0 0 3 3 2 0 0
-0.009593737121243222 0 1 0 2 0 0 0 0 0 1 0 2 0 0 0 0
0.009593737121243222 0 1 0 2 0 0 0 0 0 2 0 1 0 0 0 0
0.015049385607499024 0 1 0 3 3 2 0 0 1 0 2 3 3 0 0 0
-0.015049385607499024 0 1 0 3 3 2 0 0 2 0 1 3 3 0 0 0
-0.004285172647503833 0 1 0 3 3 3 2 0 1 0 2 3 3 3 0 0
0.004285172647503833 0 1 0 3 3 3 2 0 2 0 1 3 3 3 0 0
0.0038612207384949616 0 1 0 3 3 3 3 1 0 3 3 3 3 3 3 0
-0.005793611931674952 0 1 0 0 1 3 3 3 1 0 0 0 3 3 3 1
-0.005793611931674952 0 1 0 0 1 3 3 3 2 0 0 0 3 3 3 2
-0.03632446499522967 0 1 0 0 2 0 0 0 0 1 0 0 2 0 0 0
0.03632446499522967 0 1 0 0 2 0 0 0 0 2 0 0 1 0 0 0
-0.004285172647503831 0 1 0 0 3 2 0 0 1 0 0 2 3 0 0 0
0.004285172647503831 0 1 0 0 3 2 0 0 2 0 0 1 3 0 0 0
-0.015049385607499034 0 1 0 0 3 3 2 0 1 0 0 2 3 3 0 0
0.015049385607499034 0 1 0 0 3 3 2 0 2 0 0 1 3 3 0 0
-0.01773951016536422 0 1 0 0 0 2 0 0 0 1 0 0 0 2 0 0
0.01773951016536422 0 1 0 0 0 2 0 0 0 2 0 0 0 1 0 0
0.004611134325147502 0 1 0 0 0 3 3 2 1 0 0 0 2 3 3 0
-0.004611134325147502 0 1 0 0 0 3 3 2 2 0 0 0 1 3 3 0
-0.017739510165364226 0 1 0 0 0 0 2 0 0 1 0 0 0 0 2 0
0.017739510165364226 0 1 0 0 0 0 2 0 0 2 0 0 0 0 1 0
-0.012221224042886324 0 1 0 0 0 0 0 2 0 1 0 0 0 0 0 2
0.012221224042886324 0 1 0 0 0 0 0 2 0 2 0 0 0 0 0 1
0.016137933355357702 0 2 1 0 1 2 0 0 0 3 0 0 3 0 0 0
-0.004595126499194732 0 2 1 0 1 3 2 0 0 3 0 0 3 3 0 0
0.009593737121243222 0 2 1 0 0 0 0 0 0 1 2 0 0 0 0 0
-0.009593737121243222 0 2 1 0 0 0 0 0 0 2 1 0 0 0 0 0
-0.004425066746115974 0 2 2 3 3 3 3 3 0 3 1 3 3 3 3 1
-0.004425066746115974 0 2 2 3 3 3 3 3 0 3 2 3 3 3 3 2
-0.0020742404961007492 0 2 2 3 3 3 3 0 1 0 3 3 3 3 1 0
-0.0020742404961007492 0 2 2 3 3 3 3 0 2 0 3 3 3 3 2 0
0.007284664501602756 0 2 2 3 3 3 0 0 1 0 3 3 3 1 0 0
0.007284664501602756 0 2 2 3 3 3 0 0 2 0 3 3 3 2 0 0
-0.01571303368237549 0 2 2 0 1 1 0 0 0 3 0 0 3 0 0 0
0.004474140267325609 0 2 2 0 1 3 1 0 0 3 0 0 3 3 0 0
0.0004248996729822132 0 2 2 0 2 2 0 0 0 3 0 0 3 0 0 0
-0.00012098623186912265 0 2 2 0 2 3 2 0 0 3 0 0 3 3 0 0
-0.0021685423875759105 0 2 2 0 0 3 3 0 0 3 0 0 1 3 1 0
-0.0021685423875759105 0 2 2 0 0 3 3 0 0 3 0 0 2 3 2 0
0.007615849647469144 0 2 2 0 0 3 0 0 0 3 0 0 1 1 0 0
0.007615849647469144 0 2 2 0 0 3 0 0 0 3 0 0 2 2 0 0
-0.00459512649919474 0 2 3 1 1 2 0 0 0 3 3 0 3 0 0 0
-0.016137933355357712 0 2 3 1 1 3 2 0 0 3 3 0 3 3 0 0
0.004474140267325619 0 2 3 2 1 1 0 0 0 3 3 0 3 0 0 0
0.015713033682375498 0 2 3 2 1 3 1 0 0 3 3 0 3 3 0 0
-0.00012098623186912049 0 2 3 2 2 2 0 0 0 3 3 0 3 0 0 0
-0.00042489967298221364 0 2 3 2 2 3 2 0 0 3 3 0 3 3 0 0
-0.004425066746115971 0 2 3 2 3 3 3 3 0 3 3 1 3 3 3 1
-0.004425066746115971 0 2 3 2 3 3 3 3 0 3 3 2 3 3 3 2
-0.007615849647469144 0 2 3 2 0 3 3 0 0 3 3 0 1 3 1 0
-0.007615849647469144 0 2 3 2 0 3 3 0 0 3 3 0 2 3 2 0
-0.00216854238757591 0 2 3 2 0 3 0 0 0 3 3 0 1 1 0 0
-0.00216854238757591 0 2 3 2 0 3 0 0 0 3 3 0 2 2 0 0
-0.02332888332984464 0 2 3 3 1 3 3 0 0 3 3 1 3 3 2 0
0.02332888332984464 0 2 3 3 1 3 3 0 0 3 3 2 3 3 1 0
-0.006642682654901529 0 2 3 3 1 3 0 0 0 3 3 1 3 2 0 0
0.006642682654901529 0 2 3 3 1 3 0 0 0 3 3 2 3 1 0 0
-0.013886728296706409 0 2 3 3 1 0 0 0 1 2 3 3 0 0 0 0
0.013886728296706409 0 2 3 3 1 0 0 0 2 1 3 3 0 0 0 0
0.024043530734212264 0 2 3 3 2 3 3 3 0 3 3 3 1 3 3 1
0.024043530734212264 0 2 3 3 2 3 3 3 0 3 3 3 2 3 3 2
-0.007073054206125466 0 2 3 3 3 2 3 3 0 3 3 3 3 1 3 1
-0.007073054206125466 0 2 3 3 3 2 3 3 0 3 3 3 3 2 3 2
-0.007073054206125471 0 2 3 3 3 3 2 3 0 3 3 3 3 3 1 1
-0.007073054206125471 0 2 3 3 3 3 2 3 0 3 3 3 3 3 2 2
0.013539425554316548 0 2 3 3 3 3 3 2 3 3 3 3 3 3 3 0
0.003869551252626038 0 2 3 3 3 3 3 2 0 3 3 3 3 3 0 0
0.049241609167243544 0 2 3 3 3 3 3 2 0 3 3 3 3 3 3 0
-0.0006838616465738411 0 2 3 3 3 3 3 2 0 3 3 3 3 3 3 3
0.0038695512526259607 0 2 3 3 3 3 3 2 0 3 3 3 3 0 3 0
-0.008762283217660517 0 2 3 3 3 3 3 2 0 3 3 3 0 3 3 0
0.008286287484610948 0 2 3 3 3 3 3 2 0 3 3 0 3 3 3 0
0.008286287484610935 0 2 3 3 3 3 3 2 0 3 0 3 3 3 3 0
-0.00394643972112632 0 2 3 3 3 3 3 2 0 0 3 3 3 3 3 0
-0.003203502953499433 0 2 3 3 3 3 0 2 0 3 3 3 3 3 3 0
-0.0032035029534995063 0 2 3 3 3 0 3 2 0 3 3 3 3 3 3 0
0.002047556155706789 0 2 3 3 0 2 0 0 0 3 3 1 1 0 0 0
0.002047556155706789 0 2 3 3 0 2 0 0 0 3 3 2 2 0 0 0
0.007190949974486932 0 2 3 3 0 3 2 0 0 3 3 1 1 3 0 0
0.007190949974486932 0 2 3 3 0 3 2 0 0 3 3 2 2 3 0 0
0.015281247516551745 0 2 3 3 0 3 3 2 0 3 3 3 3 3 3 0
-0.00664268265490152 0 2 3 0 1 3 3 0 0 3 1 0 3 3 2 0
0.00664268265490152 0 2 3 0 1 3 3 0 0 3 2 0 3 3 1 0
0.023328883329844632 0 2 3 0 1 3 0 0 0 3 1 0 3 2 0 0
-0.023328883329844632 0 2 3 0 1 3 0 0 0 3 2 0 3 1 0 0
0.003861220738494975 0 2 3 0 3 3 3 2 0 3 3 3 3 3 3 0
-0.007190949974486929 0 2 3 0 0 2 0 0 0 3 1 0 1 0 0 0
-0.007190949974486929 0 2 3 0 0 2 0 0 0 3 2 0 2 0 0 0
0.002047556155706788 0 2 3 0 0 3 2 0 0 3 1 0 1 3 0 0
0.002047556155706788 0 2 3 0 0 3 2 0 0 3 2 0 2 3 0 0
0.009593737121243222 0 2 0 1 0 0 0 0 0 1 0 2 0 0 0 0
-0.009593737121243222 0 2 0 1 0 0 0 0 0 2 0 1 0 0 0 0
-0.0072846645016027564 0 2 0 2 3 3 3 0 1 0 0 3 3 3 1 0
-0.0072846645016027564 0 2 0 2 3 3 3 0 2 0 0 3 3 3 2 0
-0.002074240496100751 0 2 0 2 3 3 0 0 1 0 0 3 3 1 0 0
-0.002074240496100751 0 2 0 2 3 3 0 0 2 0 0 3 3 2 0 0
-0.015049385607499024 0 2 0 3 3 1 0 0 1 0 2 3 3 0 0 0
0.015049385607499024 0 2 0 3 3 1 0 0 2 0 1 3 3 0 0 0
0.004285172647503833 0 2 0 3 3 3 1 0 1 0 2 3 3 3 0 0
-0.004285172647503833 0 2 0 3 3 3 1 0 2 0 1 3 3 3 0 0
0.0038612207384949616 0 2 0 3 3 3 3 2 0 3 3 3 3 3 3 0
0.03632446499522967 0 2 0 0 1 0 0 0 0 1 0 0 2 0 0 0
-0.03632446499522967 0 2 0 0 1 0 0 0 0 2 0 0 1 0 0 0
-0.005793611931674952 0 2 0 0 2 3 3 3 1 0 0 0 3 3 3 1
-0.005793611931674952 0 2 0 0 2 3 3 3 2 0 0 0 3 3 3 2
0.004285172647503831 0 2 0 0 3 1 0 0 1 0 0 2 3 0 0 0
-0.004285172647503831 0 2 0 0 3 1 0 0 2 0 0 1 3 0 0 0
0.015049385607499034 0 2 0 0 3 3 1 0 1 0 0 2 3 3 0 0
-0.015049385607499034 0 2 0 0 3 3 1 0 2 0 0 1 3 3 0 0
0.01773951016536422 0 2 0 0 0 1 0 0 0 1 0 0 0 2 0 0
-0.01773951016536422 0 2 0 0 0 1 0 0 0 2 0 0 0 1 0 0
-0.004611134325147502 0 2 0 0 0 3 3 1 1 0 0 0 2 3 3 0
0.004611134325147502 0 2 0 0 0 3 3 1 2 0 0 0 1 3 3 0
0.017739510165364226 0 2 0 0 0 0 1 0 0 1 0 0 0 0 2 0
-0.017739510165364226 0 2 0 0 0 0 1 0 0 2 0 0 0 0 1 0
0.012221224042886324 0 2 0 0 0 0 0 1 0 1 0 0 0 0 0 2
-0.012221224042886324 0 2 0 0 0 0 0 1 0 2 0 0 0 0 0 1
1.2818295774711899 0 3 0 0 0 0 0 0 0 0 0 0 0 0 0 0
0.002344658231767693 0 3 1 3 2 0 0 0 1 3 2 3 0 0 0 0
-0.002344658231767693 0 3 1 3 2 0 0 0 2 3 1 3 0 0 0 0
-0.013598135351988479 0 3 1 3 3 1 0 0 1 1 3 3 3 0 0 0
-0.013598135351988479 0 3 1 3 3 1 0 0 2 2 3 3 3 0 0 0
0.003871942628565526 0 3 1 3 3 3 1 0 1 1 3 3 3 3 0 0
0.003871942628565526 0 3 1 3 3 3 1 0 2 2 3 3 3 3 0 0
-0.010209365242433608 0 3 1 0 0 1 3 3 1 3 0 0 0 3 3 1
-0.010209365242433608 0 3 1 0 0 1 3 3 2 3 0 0 0 3 3 2
0.002907021843034774 0 3 1 0 0 0 1 3 1 3 0 0 0 0 3 1
0.002907021843034774 0 3 1 0 0 0 1 3 2 3 0 0 0 0 3 2
-0.0050555436998193015 0 3 1 0 0 0 3 2 1 3 0 0 0 2 3 0
0.0050555436998193015 0 3 1 0 0 0 3 2 2 3 0 0 0 1 3 0
0.0014395190704616545 0 3 1 0 0 0 0 2 1 3 0 0 0 0 2 0
-0.0014395190704616545 0 3 1 0 0 0 0 2 2 3 0 0 0 0 1 0
-0.002344658231767693 0 3 2 3 1 0 0 0 1 3 2 3 0 0 0 0
0.002344658231767693 0 3 2 3 1 0 0 0 2 3 1 3 0 0 0 0
-0.013598135351988479 0 3 2 3 3 2 0 0 1 1 3 3 3 0 0 0
-0.013598135351988479 0 3 2 3 3 2 0 0 2 2 3 3 3 0 0 0
0.003871942628565526 0 3 2 3 3 3 2 0 1 1 3 3 3 3 0 0
0.003871942628565526 0 3 2 3 3 3 2 0 2 2 3 3 3 3 0 0
-0.010209365242433608 0 3 2 0 0 2 3 3 1 3 0 0 0 3 3 1
-0.010209365242433608 0 3 2 0 0 2 3 3 2 3 0 0 0 3 3 2
0.002907021843034774 0 3 2 0 0 0 2 3 1 3 0 0 0 0 3 1
0.002907021843034774 0 3 2 0 0 0 2 3 2 3 0 0 0 0 3 2
0.0050555436998193015 0 3 2 0 0 0 3 1 1 3 0 0 0 2 3 0
-0.0050555436998193015 0 3 2 0 0 0 3 1 2 3 0 0 0 1 3 0
-0.0014395190704616545 0 3 2 0 0 0 0 1 1 3 0 0 0 0 2 0
0.0014395190704616545 0 3 2 0 0 0 0 1 2 3 0 0 0 0 1 0
0.08051347154337307 0 3 3 0 0 0 0 0 0 0 0 0 0 0 0 0
0.0023446582317676904 0 3 3 1 2 0 0 0 1 3 3 2 0 0 0 0
-0.0023446582317676904 0 3 3 1 2 0 0 0 2 3 3 1 0 0 0 0
0.0029070218430347797 0 3 3 1 0 1 3 3 1 3 3 0 0 3 3 1
0.0029070218430347797 0 3 3 1 0 1 3 3 2 3 3 0 0 3 3 2
0.010209365242433613 0 3 3 1 0 0 1 3 1 3 3 0 0 0 3 1
0.010209365242433613 0 3 3 1 0 0 1 3 2 3 3 0 0 0 3 2
0.001439519070461655 0 3 3 1 0 0 3 2 1 3 3 0 0 2 3 0
-0.001439519070461655 0 3 3 1 0 0 3 2 2 3 3 0 0 1 3 0
0.005055543699819305 0 3 3 1 0 0 0 2 1 3 3 0 0 0 2 0
-0.005055543699819305 0 3 3 1 0 0 0 2 2 3 3 0 0 0 1 0
-0.0023446582317676904 0 3 3 2 1 0 0 0 1 3 3 2 0 0 0 0
0.0023446582317676904 0 3 3 2 1 0 0 0 2 3 3 1 0 0 0 0
0.0029070218430347797 0 3 3 2 0 2 3 3 1 3 3 0 0 3 3 1
0.0029070218430347797 0 3 3 2 0 2 3 3 2 3 3 0 0 3 3 2
0.010209365242433613 0 3 3 2 0 0 2 3 1 3 3 0 0 0 3 1
0.010209365242433613 0 3 3 2 0 0 2 3 2 3 3 0 0 0 3 2
-0.001439519070461655 0 3 3 2 0 0 3 1 1 3 3 0 0 2 3 0
0.001439519070461655 0 3 3 2 0 0 3 1 2 3 3 0 0 1 3 0
-0.005055543699819305 0 3 3 2 0 0 0 1 1 3 3 0 0 0 2 0
0.005055543699819305 0 3 3 2 0 0 0 1 2 3 3 0 0 0 1 0
0.0050669679318879795 0 3 3 3 1 1 0 0 1 3 3 3 0 1 0 0
0.0050669679318879795 0 3 3 3 1 1 0 0 2 3 3 3 0 2 0 0
0.005066967931887981 0 3 3 3 1 0 1 0 1 3 3 3 0 0 1 0
0.005066967931887981 0 3 3 3 1 0 1 0 2 3 3 3 0 0 2 0
-0.0026500579798853807 0 3 3 3 1 0 0 1 1 3 3 3 0 0 0 1
-0.0026500579798853807 0 3 3 3 1 0 0 1 2 3 3 3 0 0 0 2
0.0050669679318879795 0 3 3 3 2 2 0 0 1 3 3 3 0 1 0 0
0.0050669679318879795 0 3 3 3 2 2 0 0 2 3 3 3 0 2 0 0
0.005066967931887981 0 3 3 3 2 0 2 0 1 3 3 3 0 0 1 0
0.005066967931887981 0 3 3 3 2 0 2 0 2 3 3 3 0 0 2 0
-0.0026500579798853807 0 3 3 3 2 0 0 2 1 3 3 3 0 0 0 1
-0.0026500579798853807 0 3 3 3 2 0 0 2 2 3 3 3 0 0 0 2
-0.0039464397211263205 0 3 3 3 3 3 3 3 0 1 3 3 3 3 3 1
-0.0039464397211263205 0 3 3 3 3 3 3 3 0 2 3 3 3 3 3 2
-0.003201770558635754 0 3 3 3 3 3 0 0 1 3 3 3 1 0 0 0
-0.003201770558635754 0 3 3 3 3 3 0 0 2 3 3 3 2 0 0 0
-0.0032017705586357493 0 3 3 3 3 0 3 0 1 3 3 3 1 0 0 0
-0.0032017705586357493 0 3 3 3 3 0 3 0 2 3 3 3 2 0 0 0
-0.005212838257811342 0 3 3 3 3 0 0 3 1 3 3 3 1 0 0 0
-0.005212838257811342 0 3 3 3 3 0 0 3 2 3 3 3 2 0 0 0
-0.08679326624561973 0 3 3 3 3 0 0 0 1 3 3 3 1 0 0 0
-0.008268738490523734 0 3 3 3 3 0 0 0 1 3 3 3 1 3 0 0
-0.00826873849052373 0 3 3 3 3 0 0 0 1 3 3 3 1 0 3 0
-0.002562780277925961 0 3 3 3 3 0 0 0 1 3 3 3 1 0 0 3
-0.010554254416819071 0 3 3 3 3 0 0 0 1 3 3 0 1 0 0 0
-0.010554254416819082 0 3 3 3 3 0 0 0 1 3 0 3 1 0 0 0
-0.01423374676197823 0 3 3 3 3 0 0 0 1 0 3 3 1 0 0 0
-0.08679326624561973 0 3 3 3 3 0 0 0 2 3 3 3 2 0 0 0
-0.008268738490523734 0 3 3 3 3 0 0 0 2 3 3 3 2 3 0 0
-0.00826873849052373 0 3 3 3 3 0 0 0 2 3 3 3 2 0 3 0
-0.002562780277925961 0 3 3 3 3 0 0 0 2 3 3 3 2 0 0 3
-0.010554254416819071 0 3 3 3 3 0 0 0 2 3 3 0 2 0 0 0
-0.010554254416819082 0 3 3 3 3 0 0 0 2 3 0 3 2 0 0 0
-0.01423374676197823 0 3 3 3 3 0 0 0 2 0 3 3 2 0 0 0
-0.003180925470333809 0 3 3 3 0 1 3 1 1 3 3 1 0 3 3 0
-0.003180925470333809 0 3 3 3 0 1 3 1 2 3 3 2 0 3 3 0
-0.003180925470333809 0 3 3 3 0 2 3 2 1 3 3 1 0 3 3 0
-0.003180925470333809 0 3 3 3 0 2 3 2 2 3 3 2 0 3 3 0
-0.011171305786163417 0 3 3 3 0 0 1 1 1 3 3 1 0 0 3 0
-0.011171305786163417 0 3 3 3 0 0 1 1 2 3 3 2 0 0 3 0
-0.011171305786163417 0 3 3 3 0 0 2 2 1 3 3 1 0 0 3 0
-0.011171305786163417 0 3 3 3 0 0 2 2 2 3 3 2 0 0 3 0
-0.00027390362729902835 0 3 3 3 0 0 3 3 1 3 3 1 0 1 3 1
-0.0017414063998721532 0 3 3 3 0 0 3 3 1 3 3 1 0 2 3 2
0.0014675027725731254 0 3 3 3 0 0 3 3 1 3 3 2 0 2 3 1
0.0014675027725731254 0 3 3 3 0 0 3 3 2 3 3 1 0 1 3 2
-0.0017414063998721532 0 3 3 3 0 0 3 3 2 3 3 2 0 1 3 1
-0.00027390362729902835 0 3 3 3 0 0 3 3 2 3 3 2 0 2 3 2
-0.0009619405437298056 0 3 3 3 0 0 0 3 1 3 3 1 0 0 1 1
-0.006115762086344114 0 3 3 3 0 0 0 3 1 3 3 1 0 0 2 2
0.005153821542614308 0 3 3 3 0 0 0 3 1 3 3 2 0 0 2 1
0.005153821542614308 0 3 3 3 0 0 0 3 2 3 3 1 0 0 1 2
-0.006115762086344114 0 3 3 3 0 0 0 3 2 3 3 2 0 0 1 1
-0.0009619405437298056 0 3 3 3 0 0 0 3 2 3 3 2 0 0 2 2
-0.0016640433302765362 0 3 3 3 0 0 0 0 1 3 3 3 1 0 0 0
-0.0016640433302765362 0 3 3 3 0 0 0 0 2 3 3 3 2 0 0 0
-0.00820959618505138 0 3 3 0 3 0 0 0 1 3 3 3 1 0 0 0
-0.00820959618505138 0 3 3 0 3 0 0 0 2 3 3 3 2 0 0 0
0.011171305786163408 0 3 3 0 0 1 3 1 1 3 1 0 0 3 3 0
0.011171305786163408 0 3 3 0 0 1 3 1 2 3 2 0 0 3 3 0
0.011171305786163408 0 3 3 0 0 2 3 2 1 3 1 0 0 3 3 0
0.011171305786163408 0 3 3 0 0 2 3 2 2 3 2 0 0 3 3 0
-0.003180925470333809 0 3 3 0 0 0 1 1 1 3 1 0 0 0 3 0
-0.003180925470333809 0 3 3 0 0 0 1 1 2 3 2 0 0 0 3 0
-0.003180925470333809 0 3 3 0 0 0 2 2 1 3 1 0 0 0 3 0
-0.003180925470333809 0 3 3 0 0 0 2 2 2 3 2 0 0 0 3 0
0.0009619405437298013 0 3 3 0 0 0 3 3 1 3 1 0 0 1 3 1
0.006115762086344109 0 3 3 0 0 0 3 3 1 3 1 0 0 2 3 2
-0.005153821542614309 0 3 3 0 0 0 3 3 1 3 2 0 0 2 3 1
-0.005153821542614309 0 3 3 0 0 0 3 3 2 3 1 0 0 1 3 2
0.006115762086344109 0 3 3 0 0 0 3 3 2 3 2 0 0 1 3 1
0.0009619405437298013 0 3 3 0 0 0 3 3 2 3 2 0 0 2 3 2
-0.00027390362729903534 0 3 3 0 0 0 0 3 1 3 1 0 0 0 1 1
-0.0017414063998721545 0 3 3 0 0 0 0 3 1 3 1 0 0 0 2 2
0.001467502772573119 0 3 3 0 0 0 0 3 1 3 2 0 0 0 2 1
0.001467502772573119 0 3 3 0 0 0 0 3 2 3 1 0 0 0 1 2
-0.0017414063998721545 0 3 3 0 0 0 0 3 2 3 2 0 0 0 1 1
-0.00027390362729903534 0 3 3 0 0 0 0 3 2 3 2 0 0 0 2 2
0.003871942628565528 0 3 0 1 3 1 0 0 1 1 0 3 3 0 0 0
0.003871942628565528 0 3 0 1 3 1 0 0 2 2 0 3 3 0 0 0
0.013598135351988491 0 3 0 1 3 3 1 0 1 1 0 3 3 3 0 0
0.013598135351988491 0 3 0 1 3 3 1 0 2 2 0 3 3 3 0 0
0.003871942628565528 0 3 0 2 3 2 0 0 1 1 0 3 3 0 0 0
0.003871942628565528 0 3 0 2 3 2 0 0 2 2 0 3 3 0 0 0
0.013598135351988491 0 3 0 2 3 3 2 0 1 1 0 3 3 3 0 0
0.013598135351988491 0 3 0 2 3 3 2 0 2 2 0 3 3 3 0 0
0.08051347154337307 0 3 0 3 0 0 0 0 0 0 0 0 0 0 0 0
0.001797702132464777 0 3 0 3 3 3 3 0 1 1 1 3 3 3 1 0
-0.0004132300189383074 0 3 0 3 3 3 3 0 1 1 2 3 3 3 2 0
0.0022109321514030833 0 3 0 3 3 3 3 0 1 2 2 3 3 3 1 0
0.0022109321514030833 0 3 0 3 3 3 3 0 2 1 1 3 3 3 2 0
-0.0004132300189383074 0 3 0 3 3 3 3 0 2 2 1 3 3 3 1 0
0.001797702132464777 0 3 0 3 3 3 3 0 2 2 2 3 3 3 2 0
-0.0063134708503857235 0 3 0 3 3 3 0 0 1 1 1 3 3 1 0 0
0.001451250255510547 0 3 0 3 3 3 0 0 1 1 2 3 3 2 0 0
-0.00776472110589627 0 3 0 3 3 3 0 0 1 2 2 3 3 1 0 0
-0.00776472110589627 0 3 0 3 3 3 0 0 2 1 1 3 3 2 0 0
0.001451250255510547 0 3 0 3 3 3 0 0 2 2 1 3 3 1 0 0
-0.0063134708503857235 0 3 0 3 3 3 0 0 2 2 2 3 3 2 0 0
-0.008209596185051387 0 3 0 3 3 0 0 0 1 3 3 3 1 0 0 0
-0.008209596185051387 0 3 0 3 3 0 0 0 2 3 3 3 2 0 0 0
-0.007692068574020024 0 3 0 0 1 3 3 1 1 1 0 0 3 3 3 0
-0.007692068574020024 0 3 0 0 1 3 3 1 2 2 0 0 3 3 3 0
-0.007692068574020024 0 3 0 0 2 3 3 2 1 1 0 0 3 3 3 0
-0.007692068574020024 0 3 0 0 2 3 3 2 2 2 0 0 3 3 3 0
0.05915020417164866 0 3 0 0 3 0 0 0 0 0 0 0 0 0 0 0
0.006313470850385731 0 3 0 0 3 3 3 0 1 1 0 1 3 3 1 0
-0.0014512502555105457 0 3 0 0 3 3 3 0 1 1 0 2 3 3 2 0
0.007764721105896278 0 3 0 0 3 3 3 0 1 2 0 2 3 3 1 0
0.007764721105896278 0 3 0 0 3 3 3 0 2 1 0 1 3 3 2 0
-0.0014512502555105457 0 3 0 0 3 3 3 0 2 2 0 1 3 3 1 0
0.006313470850385731 0 3 0 0 3 3 3 0 2 2 0 2 3 3 2 0
0.0017977021324647765 0 3 0 0 3 3 0 0 1 1 0 1 3 1 0 0
-0.0004132300189383032 0 3 0 0 3 3 0 0 1 1 0 2 3 2 0 0
0.00221093215140308 0 3 0 0 3 3 0 0 1 2 0 2 3 1 0 0
0.00221093215140308 0 3 0 0 3 3 0 0 2 1 0 1 3 2 0 0
-0.0004132300189383032 0 3 0 0 3 3 0 0 2 2 0 1 3 1 0 0
0.0017977021324647765 0 3 0 0 3 3 0 0 2 2 0 2 3 2 0 0
0.07434746544066552 0 3 0 0 0 3 0 0 0 0 0 0 0 0 0 0
-0.013485680505694975 0 3 0 0 0 3 3 3 1 1 0 0 1 3 3 1
-0.0030809342488725203 0 3 0 0 0 3 3 3 1 1 0 0 2 3 3 2
-0.010404746256822453 0 3 0 0 0 3 3 3 1 2 0 0 2 3 3 1
-0.010404746256822453 0 3 0 0 0 3 3 3 2 1 0 0 1 3 3 2
-0.0030809342488725203 0 3 0 0 0 3 3 3 2 2 0 0 1 3 3 1
-0.013485680505694975 0 3 0 0 0 3 3 3 2 2 0 0 2 3 3 2
0.07434746544066562 0 3 0 0 0 0 3 0 0 0 0 0 0 0 0 0
0.08192686766118232 0 3 0 0 0 0 0 3 0 0 0 0 0 0 0 0
0.09155460639046897 0 3 0 0 0 0 0 0 3 0 0 0 0 0 0 0
0.09342984921480614 0 3 0 0 0 0 0 0 0 3 0 0 0 0 0 0
0.0901072086646163 0 3 0 0 0 0 0 0 0 0 3 0 0 0 0 0
0.09010720866461629 0 3 0 0 0 0 0 0 0 0 0 3 0 0 0 0
0.09547466916687831 0 3 0 0 0 0 0 0 0 0 0 0 3 0 0 0
0.09208697560602973 0 3 0 0 0 0 0 0 0 0 0 0 0 3 0 0
0.09208697560602984 0 3 0 0 0 0 0 0 0 0 0 0 0 0 3 0
0.09414809170406865 0 3 0 0 0 0 0 0 0 0 0 0 0 0 0 3
-0.0022252423000556367 0 0 1 1 0 1 1 0 0 0 3 0 0 3 0 0
0.014789431457567975 0 0 1 1 0 2 2 0 0 0 3 0 0 3 0 0
-0.0038931848546877156 0 0 1 1 0 3 0 0 0 0 3 0 0 0 0 0
0.003893184854687718 0 0 1 1 0 0 3 0 0 0 3 0 0 0 0 0
-0.0038632385648287664 0 0 1 1 0 0 3 0 0 0 3 0 0 1 1 0
-0.0038632385648287664 0 0 1 1 0 0 3 0 0 0 3 0 0 2 2 0
0.0023941540010393794 0 0 1 1 0 0 0 0 0 0 3 0 0 3 0 0
-0.0023941540010393764 0 0 1 1 0 0 0 0 0 0 3 0 0 0 3 0
-0.01701467375762361 0 0 1 2 0 2 1 0 0 0 3 0 0 3 0 0
-0.005192158899028572 0 0 1 2 0 0 0 0 0 0 1 2 0 0 0 0
0.005192158899028572 0 0 1 2 0 0 0 0 0 0 2 1 0 0 0 0
0.000974553574793555 0 0 1 3 1 1 3 1 0 0 3 3 0 3 3 0
-0.012932355980124348 0 0 1 3 1 2 3 2 0 0 3 3 0 3 3 0
-0.00027749507063939434 0 0 1 3 1 0 1 1 0 0 3 3 0 0 3 0
0.003682368141739777 0 0 1 3 1 0 2 2 0 0 3 3 0 0 3 0
-0.0002716094896239804 0 0 1 3 1 0 3 3 0 0 3 3 0 1 3 1
-0.0002716094896239804 0 0 1 3 1 0 3 3 0 0 3 3 0 2 3 2
7.733827719579382e-05 0 0 1 3 1 0 0 3 0 0 3 3 0 0 1 1
7.733827719579382e-05 0 0 1 3 1 0 0 3 0 0 3 3 0 0 2 2
0.013906909554917904 0 0 1 3 2 2 3 1 0 0 3 3 0 3 3 0
-0.003959863212379172 0 0 1 3 2 0 2 1 0 0 3 3 0 0 3 0
-0.012660746490500368 0 0 1 3 3 2 3 3 0 0 3 3 1 3 3 2
0.012660746490500368 0 0 1 3 3 2 3 3 0 0 3 3 2 3 3 1
0.004425066746115973 0 0 1 3 3 3 3 2 0 1 2 3 3 3 3 0
-0.004425066746115973 0 0 1 3 3 3 3 2 0 2 1 3 3 3 3 0
0.003605029864543983 0 0 1 3 3 0 2 3 0 0 3 3 1 0 3 2
-0.003605029864543983 0 0 1 3 3 0 2 3 0 0 3 3 2 0 3 1
0.0012461630644175351 0 0 1 3 3 0 3 1 0 0 3 3 1 1 3 0
0.0012461630644175351 0 0 1 3 3 0 3 1 0 0 3 3 2 2 3 0
-0.0003548333478351882 0 0 1 3 3 0 0 1 0 0 3 3 1 0 1 0
-0.0003548333478351882 0 0 1 3 3 0 0 1 0 0 3 3 2 0 2 0
0.01865267002239674 0 0 1 3 0 2 3 0 0 0 3 1 0 3 2 0
-0.01865267002239674 0 0 1 3 0 2 3 0 0 0 3 2 0 3 1 0
0.006287338855727097 0 0 1 3 0 2 0 0 0 0 3 1 0 2 0 0
-0.006287338855727097 0 0 1 3 0 2 0 0 0 0 3 2 0 1 0 0
0.001637996264773129 0 0 1 3 0 0 1 0 0 0 3 1 0 1 0 0
0.001637996264773129 0 0 1 3 0 0 1 0 0 0 3 2 0 2 0 0
-0.006287338855727094 0 0 1 3 0 0 2 0 0 0 3 1 0 0 2 0
0.006287338855727094 0 0 1 3 0 0 2 0 0 0 3 2 0 0 1 0
0.002047556155706788 0 0 1 0 1 3 3 0 0 1 0 0 3 3 1 0
0.002047556155706788 0 0 1 0 1 3 3 0 0 2 0 0 3 3 2 0
-0.007190949974486929 0 0 1 0 1 3 0 0 0 1 0 0 3 1 0 0
-0.007190949974486929 0 0 1 0 1 3 0 0 0 2 0 0 3 2 0 0
-0.005251091535177285 0 0 1 0 2 0 0 0 0 0 1 0 2 0 0 0
0.005251091535177285 0 0 1 0 2 0 0 0 0 0 2 0 1 0 0 0
0.006287338855727096 0 0 1 0 0 2 3 0 0 0 1 0 0 3 2 0
-0.006287338855727096 0 0 1 0 0 2 3 0 0 0 2 0 0 3 1 0
-0.023328883329844632 0 0 1 0 0 2 0 0 0 1 0 0 2 0 0 0
0.023328883329844632 0 0 1 0 0 2 0 0 0 2 0 0 1 0 0 0
-0.025509185131778377 0 0 1 0 0 2 0 0 0 0 1 0 0 2 0 0
0.025509185131778377 0 0 1 0 0 2 0 0 0 0 2 0 0 1 0 0
0.00664268265490152 0 0 1 0 0 3 2 0 0 1 0 0 2 3 0 0
-0.00664268265490152 0 0 1 0 0 3 2 0 0 2 0 0 1 3 0 0
0.006287338855727096 0 0 1 0 0 0 1 0 0 0 1 0 0 1 0 0
0.006287338855727096 0 0 1 0 0 0 1 0 0 0 2 0 0 2 0 0
-0.005218518844608496 0 0 1 0 0 0 2 0 0 0 1 0 0 0 2 0
0.005218518844608496 0 0 1 0 0 0 2 0 0 0 2 0 0 0 1 0
-0.00569553321805441 0 0 1 0 0 0 0 2 0 0 1 0 0 0 0 2
0.00569553321805441 0 0 1 0 0 0 0 2 0 0 2 0 0 0 0 1
-0.01701467375762361 0 0 2 1 0 1 2 0 0 0 3 0 0 3 0 0
0.005192158899028572 0 0 2 1 0 0 0 0 0 0 1 2 0 0 0 0
-0.005192158899028572 0 0 2 1 0 0 0 0 0 0 2 1 0 0 0 0
0.014789431457567975 0 0 2 2 0 1 1 0 0 0 3 0 0 3 0 0
-0.0022252423000556367 0 0 2 2 0 2 2 0 0 0 3 0 0 3 0 0
-0.0038931848546877156 0 0 2 2 0 3 0 0 0 0 3 0 0 0 0 0
0.003893184854687718 0 0 2 2 0 0 3 0 0 0 3 0 0 0 0 0
-0.0038632385648287664 0 0 2 2 0 0 3 0 0 0 3 0 0 1 1 0
-0.0038632385648287664 0 0 2 2 0 0 3 0 0 0 3 0 0 2 2 0
0.0023941540010393794 0 0 2 2 0 0 0 0 0 0 3 0 0 3 0 0
-0.0023941540010393764 0 0 2 2 0 0 0 0 0 0 3 0 0 0 3 0
0.013906909554917904 0 0 2 3 1 1 3 2 0 0 3 3 0 3 3 0
-0.003959863212379172 0 0 2 3 1 0 1 2 0 0 3 3 0 0 3 0
-0.012932355980124348 0 0 2 3 2 1 3 1 0 0 3 3 0 3 3 0
0.000974553574793555 0 0 2 3 2 2 3 2 0 0 3 3 0 3 3 0
0.003682368141739777 0 0 2 3 2 0 1 1 0 0 3 3 0 0 3 0
-0.00027749507063939434 0 0 2 3 2 0 2 2 0 0 3 3 0 0 3 0
-0.0002716094896239804 0 0 2 3 2 0 3 3 0 0 3 3 0 1 3 1
-0.0002716094896239804 0 0 2 3 2 0 3 3 0 0 3 3 0 2 3 2
7.733827719579382e-05 0 0 2 3 2 0 0 3 0 0 3 3 0 0 1 1
7.733827719579382e-05 0 0 2 3 2 0 0 3 0 0 3 3 0 0 2 2
0.012660746490500368 0 0 2 3 3 1 3 3 0 0 3 3 1 3 3 2
-0.012660746490500368 0 0 2 3 3 1 3 3 0 0 3 3 2 3 3 1
-0.004425066746115973 0 0 2 3 3 3 3 1 0 1 2 3 3 3 3 0
0.004425066746115973 0 0 2 3 3 3 3 1 0 2 1 3 3 3 3 0
-0.003605029864543983 0 0 2 3 3 0 1 3 0 0 3 3 1 0 3 2
0.003605029864543983 0 0 2 3 3 0 1 3 0 0 3 3 2 0 3 1
0.0012461630644175351 0 0 2 3 3 0 3 2 0 0 3 3 1 1 3 0
0.0012461630644175351 0 0 2 3 3 0 3 2 0 0 3 3 2 2 3 0
-0.0003548333478351882 0 0 2 3 3 0 0 2 0 0 3 3 1 0 1 0
-0.0003548333478351882 0 0 2 3 3 0 0 2 0 0 3 3 2 0 2 0
-0.01865267002239674 0 0 2 3 0 1 3 0 0 0 3 1 0 3 2 0
0.01865267002239674 0 0 2 3 0 1 3 0 0 0 3 2 0 3 1 0
-0.006287338855727097 0 0 2 3 0 1 0 0 0 0 3 1 0 2 0 0
0.006287338855727097 0 0 2 3 0 1 0 0 0 0 3 2 0 1 0 0
0.006287338855727094 0 0 2 3 0 0 1 0 0 0 3 1 0 0 2 0
-0.006287338855727094 0 0 2 3 0 0 1 0 0 0 3 2 0 0 1 0
0.001637996264773129 0 0 2 3 0 0 2 0 0 0 3 1 0 1 0 0
0.001637996264773129 0 0 2 3 0 0 2 0 0 0 3 2 0 2 0 0
0.005251091535177285 0 0 2 0 1 0 0 0 0 0 1 0 2 0 0 0
-0.005251091535177285 0 0 2 0 1 0 0 0 0 0 2 0 1 0 0 0
0.002047556155706788 0 0 2 0 2 3 3 0 0 1 0 0 3 3 1 0
0.002047556155706788 0 0 2 0 2 3 3 0 0 2 0 0 3 3 2 0
-0.007190949974486929 0 0 2 0 2 3 0 0 0 1 0 0 3 1 0 0
-0.007190949974486929 0 0 2 0 2 3 0 0 0 2 0 0 3 2 0 0
-0.006287338855727096 0 0 2 0 0 1 3 0 0 0 1 0 0 3 2 0
0.006287338855727096 0 0 2 0 0 1 3 0 0 0 2 0 0 3 1 0
0.023328883329844632 0 0 2 0 0 1 0 0 0 1 0 0 2 0 0 0
-0.023328883329844632 0 0 2 0 0 1 0 0 0 2 0 0 1 0 0 0
0.025509185131778377 0 0 2 0 0 1 0 0 0 0 1 0 0 2 0 0
-0.025509185131778377 0 0 2 0 0 1 0 0 0 0 2 0 0 1 0 0
-0.00664268265490152 0 0 2 0 0 3 1 0 0 1 0 0 2 3 0 0
0.00664268265490152 0 0 2 0 0 3 1 0 0 2 0 0 1 3 0 0
0.005218518844608496 0 0 2 0 0 0 1 0 0 0 1 0 0 0 2 0
-0.005218518844608496 0 0 2 0 0 0 1 0 0 0 2 0 0 0 1 0
0.006287338855727096 0 0 2 0 0 0 2 0 0 0 1 0 0 1 0 0
0.006287338855727096 0 0 2 0 0 0 2 0 0 0 2 0 0 2 0 0
0.00569553321805441 0 0 2 0 0 0 0 1 0 0 1 0 0 0 0 2
-0.00569553321805441 0 0 2 0 0 0 0 1 0 0 2 0 0 0 0 1
1.352358799729456 0 0 3 0 0 0 0 0 0 0 0 0 0 0 0 0
0.007190949974486932 0 0 3 1 1 3 3 0 0 1 3 0 3 3 1 0
0.007190949974486932 0 0 3 1 1 3 3 0 0 2 3 0 3 3 2 0
0.002047556155706789 0 0 3 1 1 3 0 0 0 1 3 0 3 1 0 0
0.002047556155706789 0 0 3 1 1 3 0 0 0 2 3 0 3 2 0 0
0.004425066746115972 0 0 3 1 3 3 3 2 0 1 3 2 3 3 3 0
-0.004425066746115972 0 0 3 1 3 3 3 2 0 2 3 1 3 3 3 0
0.006642682654901529 0 0 3 1 0 2 0 0 0 1 3 0 2 0 0 0
-0.006642682654901529 0 0 3 1 0 2 0 0 0 2 3 0 1 0 0 0
0.02332888332984464 0 0 3 1 0 3 2 0 0 1 3 0 2 3 0 0
-0.02332888332984464 0 0 3 1 0 3 2 0 0 2 3 0 1 3 0 0
0.007190949974486932 0 0 3 2 2 3 3 0 0 1 3 0 3 3 1 0
0.007190949974486932 0 0 3 2 2 3 3 0 0 2 3 0 3 3 2 0
0.002047556155706789 0 0 3 2 2 3 0 0 0 1 3 0 3 1 0 0
0.002047556155706789 0 0 3 2 2 3 0 0 0 2 3 0 3 2 0 0
-0.004425066746115972 0 0 3 2 3 3 3 1 0 1 3 2 3 3 3 0
0.004425066746115972 0 0 3 2 3 3 3 1 0 2 3 1 3 3 3 0
-0.006642682654901529 0 0 3 2 0 1 0 0 0 1 3 0 2 0 0 0
0.006642682654901529 0 0 3 2 0 1 0 0 0 2 3 0 1 0 0 0
-0.02332888332984464 0 0 3 2 0 3 1 0 0 1 3 0 2 3 0 0
0.02332888332984464 0 0 3 2 0 3 1 0 0 2 3 0 1 3 0 0
0.0914481406873782 0 0 3 3 0 0 0 0 0 0 0 0 0 0 0 0
-0.00216854238757591 0 0 3 3 1 1 0 0 0 1 3 1 3 0 0 0
-0.00216854238757591 0 0 3 3 1 1 0 0 0 2 3 2 3 0 0 0
-0.007615849647469144 0 0 3 3 1 3 1 0 0 1 3 1 3 3 0 0
-0.007615849647469144 0 0 3 3 1 3 1 0 0 2 3 2 3 3 0 0
-0.024043530734212264 0 0 3 3 1 3 3 2 0 1 3 3 2 3 3 0
0.024043530734212264 0 0 3 3 1 3 3 2 0 2 3 3 1 3 3 0
-0.00216854238757591 0 0 3 3 2 2 0 0 0 1 3 1 3 0 0 0
-0.00216854238757591 0 0 3 3 2 2 0 0 0 2 3 2 3 0 0 0
-0.007615849647469144 0 0 3 3 2 3 2 0 0 1 3 1 3 3 0 0
-0.007615849647469144 0 0 3 3 2 3 2 0 0 2 3 2 3 3 0 0
0.024043530734212264 0 0 3 3 2 3 3 1 0 1 3 3 2 3 3 0
-0.024043530734212264 0 0 3 3 2 3 3 1 0 2 3 3 1 3 3 0
0.007073054206125467 0 0 3 3 3 1 3 2 0 1 3 3 3 2 3 0
-0.007073054206125467 0 0 3 3 3 1 3 2 0 2 3 3 3 1 3 0
-0.007073054206125467 0 0 3 3 3 2 3 1 0 1 3 3 3 2 3 0
0.007073054206125467 0 0 3 3 3 2 3 1 0 2 3 3 3 1 3 0
0.007073054206125471 0 0 3 3 3 3 1 2 0 1 3 3 3 3 2 0
-0.007073054206125471 0 0 3 3 3 3 1 2 0 2 3 3 3 3 1 0
-0.007073054206125471 0 0 3 3 3 3 2 1 0 1 3 3 3 3 2 0
0.007073054206125471 0 0 3 3 3 3 2 1 0 2 3 3 3 3 1 0
0.0068186735613942565 0 0 3 3 3 3 3 3 3 1 3 3 3 3 3 1
0.0068186735613942565 0 0 3 3 3 3 3 3 3 2 3 3 3 3 3 2
0.04924160916724353 0 0 3 3 3 3 3 3 0 1 3 3 3 3 3 1
-0.003203502953499433 0 0 3 3 3 3 3 3 0 1 3 3 3 3 0 1
-0.0032035029534995063 0 0 3 3 3 3 3 3 0 1 3 3 3 0 3 1
0.015281247516551745 0 0 3 3 3 3 3 3 0 1 3 3 0 3 3 1
0.003861220738494975 0 0 3 3 3 3 3 3 0 1 3 0 3 3 3 1
0.0038612207384949616 0 0 3 3 3 3 3 3 0 1 0 3 3 3 3 1
0.04924160916724353 0 0 3 3 3 3 3 3 0 2 3 3 3 3 3 2
-0.003203502953499433 0 0 3 3 3 3 3 3 0 2 3 3 3 3 0 2
-0.0032035029534995063 0 0 3 3 3 3 3 3 0 2 3 3 3 0 3 2
0.015281247516551745 0 0 3 3 3 3 3 3 0 2 3 3 0 3 3 2
0.003861220738494975 0 0 3 3 3 3 3 3 0 2 3 0 3 3 3 2
0.0038612207384949616 0 0 3 3 3 3 3 3 0 2 0 3 3 3 3 2
-0.0006838616465738411 0 0 3 3 3 3 3 0 0 1 3 3 3 3 3 1
-0.0006838616465738411 0 0 3 3 3 3 3 0 0 2 3 3 3 3 3 2
0.003869551252626038 0 0 3 3 3 3 0 3 0 1 3 3 3 3 3 1
0.003869551252626038 0 0 3 3 3 3 0 3 0 2 3 3 3 3 3 2
0.0038695512526259607 0 0 3 3 3 0 3 3 0 1 3 3 3 3 3 1
0.0038695512526259607 0 0 3 3 3 0 3 3 0 2 3 3 3 3 3 2
-0.0003470184652718233 0 0 3 3 3 0 0 0 1 3 3 3 1 0 0 0
-0.0003470184652718233 0 0 3 3 3 0 0 0 2 3 3 3 2 0 0 0
-0.008762283217660517 0 0 3 3 0 3 3 3 0 1 3 3 3 3 3 1
-0.008762283217660517 0 0 3 3 0 3 3 3 0 2 3 3 3 3 3 2
-0.00042489967298221364 0 0 3 3 0 3 3 0 0 1 3 1 1 3 1 0
0.015713033682375498 0 0 3 3 0 3 3 0 0 1 3 1 2 3 2 0
-0.016137933355357712 0 0 3 3 0 3 3 0 0 1 3 2 2 3 1 0
-0.016137933355357712 0 0 3 3 0 3 3 0 0 2 3 1 1 3 2 0
0.015713033682375498 0 0 3 3 0 3 3 0 0 2 3 2 1 3 1 0
-0.00042489967298221364 0 0 3 3 0 3 3 0 0 2 3 2 2 3 2 0
-0.00012098623186912049 0 0 3 3 0 3 0 0 0 1 3 1 1 1 0 0
0.004474140267325619 0 0 3 3 0 3 0 0 0 1 3 1 2 2 0 0
-0.00459512649919474 0 0 3 3 0 3 0 0 0 1 3 2 2 1 0 0
-0.00459512649919474 0 0 3 3 0 3 0 0 0 2 3 1 1 2 0 0
0.004474140267325619 0 0 3 3 0 3 0 0 0 2 3 2 1 1 0 0
-0.00012098623186912049 0 0 3 3 0 3 0 0 0 2 3 2 2 2 0 0
0.007615849647469144 0 0 3 0 1 1 0 0 0 1 1 0 3 0 0 0
0.007615849647469144 0 0 3 0 1 1 0 0 0 2 2 0 3 0 0 0
-0.0021685423875759105 0 0 3 0 1 3 1 0 0 1 1 0 3 3 0 0
-0.0021685423875759105 0 0 3 0 1 3 1 0 0 2 2 0 3 3 0 0
0.007615849647469144 0 0 3 0 2 2 0 0 0 1 1 0 3 0 0 0
0.007615849647469144 0 0 3 0 2 2 0 0 0 2 2 0 3 0 0 0
-0.0021685423875759105 0 0 3 0 2 3 2 0 0 1 1 0 3 3 0 0
-0.0021685423875759105 0 0 3 0 2 3 2 0 0 2 2 0 3 3 0 0
0.08379222347438262 0 0 3 0 3 0 0 0 0 0 0 0 0 0 0 0
0.008286287484610948 0 0 3 0 3 3 3 3 0 1 3 3 3 3 3 1
0.008286287484610948 0 0 3 0 3 3 3 3 0 2 3 3 3 3 3 2
-0.0038931848546877234 0 0 3 0 0 1 1 0 0 0 0 0 0 3 0 0
-0.0038931848546877234 0 0 3 0 0 2 2 0 0 0 0 0 0 3 0 0
0.07483098913778938 0 0 3 0 0 3 0 0 0 0 0 0 0 0 0 0
-0.00012098623186912265 0 0 3 0 0 3 3 0 0 1 1 0 1 3 1 0
0.004474140267325609 0 0 3 0 0 3 3 0 0 1 1 0 2 3 2 0
-0.004595126499194732 0 0 3 0 0 3 3 0 0 1 2 0 2 3 1 0
-0.004595126499194732 0 0 3 0 0 3 3 0 0 2 1 0 1 3 2 0
0.004474140267325609 0 0 3 0 0 3 3 0 0 2 2 0 1 3 1 0
-0.00012098623186912265 0 0 3 0 0 3 3 0 0 2 2 0 2 3 2 0
0.0004248996729822132 0 0 3 0 0 3 0 0 0 1 1 0 1 1 0 0
-0.01571303368237549 0 0 3 0 0 3 0 0 0 1 1 0 2 2 0 0
0.016137933355357702 0 0 3 0 0 3 0 0 0 1 2 0 2 1 0 0
0.016137933355357702 0 0 3 0 0 3 0 0 0 2 1 0 1 2 0 0
-0.01571303368237549 0 0 3 0 0 3 0 0 0 2 2 0 1 1 0 0
0.0004248996729822132 0 0 3 0 0 3 0 0 0 2 2 0 2 2 0 0
0.08739517829530186 0 0 3 0 0 0 3 0 0 0 0 0 0 0 0 0
0.002394154001039373 0 0 3 0 0 0 3 0 0 0 0 0 0 1 1 0
0.002394154001039373 0 0 3 0 0 0 3 0 0 0 0 0 0 2 2 0
0.09141453361880965 0 0 3 0 0 0 0 3 0 0 0 0 0 0 0 0
0.11277974837873915 0 0 3 0 0 0 0 0 3 0 0 0 0 0 0 0
0.0901072086646163 0 0 3 0 0 0 0 0 0 3 0 0 0 0 0 0
0.10702461738446392 0 0 3 0 0 0 0 0 0 0 3 0 0 0 0 0
0.09664029958640677 0 0 3 0 0 0 0 0 0 0 0 3 0 0 0 0
0.08904331500955989 0 0 3 0 0 0 0 0 0 0 0 0 3 0 0 0
0.10034017426956776 0 0 3 0 0 0 0 0 0 0 0 0 0 3 0 0
0.09261369713991036 0 0 3 0 0 0 0 0 0 0 0 0 0 0 3 0
0.09711006683686406 0 0 3 0 0 0 0 0 0 0 0 0 0 0 0 3
-0.00027749507063939185 0 0 0 1 1 1 3 1 0 0 0 3 0 3 3 0
0.0036823681417397823 0 0 0 1 1 2 3 2 0 0 0 3 0 3 3 0
-0.000974553574793556 0 0 0 1 1 0 1 1 0 0 0 3 0 0 3 0
0.012932355980124337 0 0 0 1 1 0 2 2 0 0 0 3 0 0 3 0
7.733827719579481e-05 0 0 0 1 1 0 3 3 0 0 0 3 0 1 3 1
7.733827719579481e-05 0 0 0 1 1 0 3 3 0 0 0 3 0 2 3 2
0.00027160948962398043 0 0 0 1 1 0 0 3 0 0 0 3 0 0 1 1
0.00027160948962398043 0 0 0 1 1 0 0 3 0 0 0 3 0 0 2 2
-0.003959863212379175 0 0 0 1 2 2 3 1 0 0 0 3 0 3 3 0
-0.013906909554917895 0 0 0 1 2 0 2 1 0 0 0 3 0 0 3 0
-0.005251091535177285 0 0 0 1 2 0 0 0 0 0 0 1 2 0 0 0
0.005251091535177285 0 0 0 1 2 0 0 0 0 0 0 2 1 0 0 0
0.0036050298645439877 0 0 0 1 3 2 3 3 0 0 0 3 1 3 3 2
-0.0036050298645439877 0 0 0 1 3 2 3 3 0 0 0 3 2 3 3 1
0.012660746490500358 0 0 0 1 3 0 2 3 0 0 0 3 1 0 3 2
-0.012660746490500358 0 0 0 1 3 0 2 3 0 0 0 3 2 0 3 1
-0.0003548333478351866 0 0 0 1 3 0 3 1 0 0 0 3 1 1 3 0
-0.0003548333478351866 0 0 0 1 3 0 3 1 0 0 0 3 2 2 3 0
-0.0012461630644175364 0 0 0 1 3 0 0 1 0 0 0 3 1 0 1 0
-0.0012461630644175364 0 0 0 1 3 0 0 1 0 0 0 3 2 0 2 0
0.001637996264773129 0 0 0 1 0 1 3 0 0 0 1 0 0 3 1 0
0.001637996264773129 0 0 0 1 0 1 3 0 0 0 2 0 0 3 2 0
0.006287338855727096 0 0 0 1 0 1 0 0 0 0 1 0 0 1 0 0
0.006287338855727096 0 0 0 1 0 1 0 0 0 0 2 0 0 2 0 0
-0.006287338855727104 0 0 0 1 0 2 3 0 0 0 0 1 0 3 2 0
0.006287338855727104 0 0 0 1 0 2 3 0 0 0 0 2 0 3 1 0
-0.005218518844608496 0 0 0 1 0 2 0 0 0 0 0 1 0 2 0 0
0.005218518844608496 0 0 0 1 0 2 0 0 0 0 0 2 0 1 0 0
-0.006287338855727094 0 0 0 1 0 0 1 0 0 0 1 0 0 0 1 0
-0.006287338855727094 0 0 0 1 0 0 1 0 0 0 2 0 0 0 2 0
-0.006287338855727104 0 0 0 1 0 0 1 0 0 0 0 1 0 1 0 0
-0.006287338855727104 0 0 0 1 0 0 1 0 0 0 0 2 0 2 0 0
0.01865267002239674 0 0 0 1 0 0 2 0 0 0 1 0 0 2 0 0
-0.01865267002239674 0 0 0 1 0 0 2 0 0 0 2 0 0 1 0 0
-0.025509185131778404 0 0 0 1 0 0 2 0 0 0 0 1 0 0 2 0
0.025509185131778404 0 0 0 1 0 0 2 0 0 0 0 2 0 0 1 0
-0.0056955332180544105 0 0 0 1 0 0 0 2 0 0 0 1 0 0 0 2
0.0056955332180544105 0 0 0 1 0 0 0 2 0 0 0 2 0 0 0 1
-0.003959863212379175 0 0 0 2 1 1 3 2 0 0 0 3 0 3 3 0
-0.013906909554917895 0 0 0 2 1 0 1 2 0 0 0 3 0 0 3 0
0.005251091535177285 0 0 0 2 1 0 0 0 0 0 0 1 2 0 0 0
-0.005251091535177285 0 0 0 2 1 0 0 0 0 0 0 2 1 0 0 0
0.0036823681417397823 0 0 0 2 2 1 3 1 0 0 0 3 0 3 3 0
-0.00027749507063939185 0 0 0 2 2 2 3 2 0 0 0 3 0 3 3 0
0.012932355980124337 0 0 0 2 2 0 1 1 0 0 0 3 0 0 3 0
-0.000974553574793556 0 0 0 2 2 0 2 2 0 0 0 3 0 0 3 0
7.733827719579481e-05 0 0 0 2 2 0 3 3 0 0 0 3 0 1 3 1
7.733827719579481e-05 0 0 0 2 2 0 3 3 0 0 0 3 0 2 3 2
0.00027160948962398043 0 0 0 2 2 0 0 3 0 0 0 3 0 0 1 1
0.00027160948962398043 0 0 0 2 2 0 0 3 0 0 0 3 0 0 2 2
-0.0036050298645439877 0 0 0 2 3 1 3 3 0 0 0 3 1 3 3 2
0.0036050298645439877 0 0 0 2 3 1 3 3 0 0 0 3 2 3 3 1
-0.012660746490500358 0 0 0 2 3 0 1 3 0 0 0 3 1 0 3 2
0.012660746490500358 0 0 0 2 3 0 1 3 0 0 0 3 2 0 3 1
-0.0003548333478351866 0 0 0 2 3 0 3 2 0 0 0 3 1 1 3 0
-0.0003548333478351866 0 0 0 2 3 0 3 2 0 0 0 3 2 2 3 0
-0.0012461630644175364 0 0 0 2 3 0 0 2 0 0 0 3 1 0 1 0
-0.0012461630644175364 0 0 0 2 3 0 0 2 0 0 0 3 2 0 2 0
0.006287338855727104 0 0 0 2 0 1 3 0 0 0 0 1 0 3 2 0
-0.006287338855727104 0 0 0 2 0 1 3 0 0 0 0 2 0 3 1 0
0.005218518844608496 0 0 0 2 0 1 0 0 0 0 0 1 0 2 0 0
-0.005218518844608496 0 0 0 2 0 1 0 0 0 0 0 2 0 1 0 0
0.001637996264773129 0 0 0 2 0 2 3 0 0 0 1 0 0 3 1 0
0.001637996264773129 0 0 0 2 0 2 3 0 0 0 2 0 0 3 2 0
0.006287338855727096 0 0 0 2 0 2 0 0 0 0 1 0 0 1 0 0
0.006287338855727096 0 0 0 2 0 2 0 0 0 0 2 0 0 2 0 0
-0.01865267002239674 0 0 0 2 0 0 1 0 0 0 1 0 0 2 0 0
0.01865267002239674 0 0 0 2 0 0 1 0 0 0 2 0 0 1 0 0
0.025509185131778404 0 0 0 2 0 0 1 0 0 0 0 1 0 0 2 0
-0.025509185131778404 0 0 0 2 0 0 1 0 0 0 0 2 0 0 1 0
-0.006287338855727094 0 0 0 2 0 0 2 0 0 0 1 0 0 0 1 0
-0.006287338855727094 0 0 0 2 0 0 2 0 0 0 2 0 0 0 2 0
-0.006287338855727104 0 0 0 2 0 0 2 0 0 0 0 1 0 1 0 0
-0.006287338855727104 0 0 0 2 0 0 2 0 0 0 0 2 0 2 0 0
0.0056955332180544105 0 0 0 2 0 0 0 1 0 0 0 1 0 0 0 2
-0.0056955332180544105 0 0 0 2 0 0 0 1 0 0 0 2 0 0 0 1
1.3523587997294573 0 0 0 3 0 0 0 0 0 0 0 0 0 0 0 0
0.0012461630644175351 0 0 0 3 1 1 3 3 0 0 1 3 0 3 3 1
0.0012461630644175351 0 0 0 3 1 1 3 3 0 0 2 3 0 3 3 2
-0.0003548333478351882 0 0 0 3 1 0 1 3 0 0 1 3 0 0 3 1
-0.0003548333478351882 0 0 0 3 1 0 1 3 0 0 2 3 0 0 3 2
-0.012660746490500368 0 0 0 3 1 0 3 2 0 0 1 3 0 2 3 0
0.012660746490500368 0 0 0 3 1 0 3 2 0 0 2 3 0 1 3 0
0.003605029864543983 0 0 0 3 1 0 0 2 0 0 1 3 0 0 2 0
-0.003605029864543983 0 0 0 3 1 0 0 2 0 0 2 3 0 0 1 0
0.0012461630644175351 0 0 0 3 2 2 3 3 0 0 1 3 0 3 3 1
0.0012461630644175351 0 0 0 3 2 2 3 3 0 0 2 3 0 3 3 2
-0.0003548333478351882 0 0 0 3 2 0 2 3 0 0 1 3 0 0 3 1
-0.0003548333478351882 0 0 0 3 2 0 2 3 0 0 2 3 0 0 3 2
0.012660746490500368 0 0 0 3 2 0 3 1 0 0 1 3 0 2 3 0
-0.012660746490500368 0 0 0 3 2 0 3 1 0 0 2 3 0 1 3 0
-0.003605029864543983 0 0 0 3 2 0 0 1 0 0 1 3 0 0 2 0
0.003605029864543983 0 0 0 3 2 0 0 1 0 0 2 3 0 0 1 0
0.08379222347438259 0 0 0 3 3 0 0 0 0 0 0 0 0 0 0 0
-0.0002716094896239804 0 0 0 3 3 1 3 1 0 0 1 3 1 3 3 0
-0.0002716094896239804 0 0 0 3 3 1 3 1 0 0 2 3 2 3 3 0
-0.0002716094896239804 0 0 0 3 3 2 3 2 0 0 1 3 1 3 3 0
-0.0002716094896239804 0 0 0 3 3 2 3 2 0 0 2 3 2 3 3 0
0.008286287484610935 0 0 0 3 3 3 3 3 0 1 3 3 3 3 3 1
0.008286287484610935 0 0 0 3 3 3 3 3 0 2 3 3 3 3 3 2
7.733827719579382e-05 0 0 0 3 3 0 1 1 0 0 1 3 1 0 3 0
7.733827719579382e-05 0 0 0 3 3 0 1 1 0 0 2 3 2 0 3 0
7.733827719579382e-05 0 0 0 3 3 0 2 2 0 0 1 3 1 0 3 0
7.733827719579382e-05 0 0 0 3 3 0 2 2 0 0 2 3 2 0 3 0
0.000974553574793555 0 0 0 3 3 0 3 3 0 0 1 3 1 1 3 1
-0.012932355980124348 0 0 0 3 3 0 3 3 0 0 1 3 1 2 3 2
0.013906909554917904 0 0 0 3 3 0 3 3 0 0 1 3 2 2 3 1
0.013906909554917904 0 0 0 3 3 0 3 3 0 0 2 3 1 1 3 2
-0.012932355980124348 0 0 0 3 3 0 3 3 0 0 2 3 2 1 3 1
0.000974553574793555 0 0 0 3 3 0 3 3 0 0 2 3 2 2 3 2
-0.00027749507063939434 0 0 0 3 3 0 0 3 0 0 1 3 1 0 1 1
0.003682368141739777 0 0 0 3 3 0 0 3 0 0 1 3 1 0 2 2
-0.003959863212379172 0 0 0 3 3 0 0 3 0 0 1 3 2 0 2 1
-0.003959863212379172 0 0 0 3 3 0 0 3 0 0 2 3 1 0 1 2
0.003682368141739777 0 0 0 3 3 0 0 3 0 0 2 3 2 0 1 1
-0.00027749507063939434 0 0 0 3 3 0 0 3 0 0 2 3 2 0 2 2
-0.0038632385648287664 0 0 0 3 0 1 1 0 0 0 1 1 0 3 0 0
-0.0038632385648287664 0 0 0 3 0 1 1 0 0 0 2 2 0 3 0 0
0.0038931848546877217 0 0 0 3 0 1 1 0 0 0 0 0 0 3 0 0
-0.0038632385648287664 0 0 0 3 0 2 2 0 0 0 1 1 0 3 0 0
-0.0038632385648287664 0 0 0 3 0 2 2 0 0 0 2 2 0 3 0 0
0.0038931848546877217 0 0 0 3 0 2 2 0 0 0 0 0 0 3 0 0
0.08739517829530172 0 0 0 3 0 3 0 0 0 0 0 0 0 0 0 0
0.0023941540010393794 0 0 0 3 0 3 0 0 0 0 1 1 0 0 0 0
0.0023941540010393794 0 0 0 3 0 3 0 0 0 0 2 2 0 0 0 0
0.07483098913778946 0 0 0 3 0 0 3 0 0 0 0 0 0 0 0 0
-0.0023941540010393764 0 0 0 3 0 0 3 0 0 0 1 1 0 0 0 0
-0.0022252423000556367 0 0 0 3 0 0 3 0 0 0 1 1 0 1 1 0
0.014789431457567975 0 0 0 3 0 0 3 0 0 0 1 1 0 2 2 0
-0.01701467375762361 0 0 0 3 0 0 3 0 0 0 1 2 0 2 1 0
-0.01701467375762361 0 0 0 3 0 0 3 0 0 0 2 1 0 1 2 0
-0.0023941540010393764 0 0 0 3 0 0 3 0 0 0 2 2 0 0 0 0
0.014789431457567975 0 0 0 3 0 0 3 0 0 0 2 2 0 1 1 0
-0.0022252423000556367 0 0 0 3 0 0 3 0 0 0 2 2 0 2 2 0
-0.0023941540010393825 0 0 0 3 0 0 3 0 0 0 0 0 0 1 1 0
-0.0023941540010393825 0 0 0 3 0 0 3 0 0 0 0 0 0 2 2 0
0.09141453361880962 0 0 0 3 0 0 0 3 0 0 0 0 0 0 0 0
0.11277974837873914 0 0 0 3 0 0 0 0 3 0 0 0 0 0 0 0
0.09010720866461629 0 0 0 3 0 0 0 0 0 3 0 0 0 0 0 0
-0.0038931848546877156 0 0 0 3 0 0 0 0 0 0 1 1 0 3 0 0
0.003893184854687718 0 0 0 3 0 0 0 0 0 0 1 1 0 0 3 0
-0.0038931848546877156 0 0 0 3 0 0 0 0 0 0 2 2 0 3 0 0
0.003893184854687718 0 0 0 3 0 0 0 0 0 0 2 2 0 0 3 0
0.09664029958640677 0 0 0 3 0 0 0 0 0 0 3 0 0 0 0 0
0.10702461738446391 0 0 0 3 0 0 0 0 0 0 0 3 0 0 0 0
0.08904331500955988 0 0 0 3 0 0 0 0 0 0 0 0 3 0 0 0
0.09261369713991022 0 0 0 3 0 0 0 0 0 0 0 0 0 3 0 0
0.10034017426956786 0 0 0 3 0 0 0 0 0 0 0 0 0 0 3 0
0.09711006683686405 0 0 0 3 0 0 0 0 0 0 0 0 0 0 0 3
-0.0003548333478351866 0 0 0 0 1 1 3 3 0 0 0 1 0 3 3 1
-0.0003548333478351866 0 0 0 0 1 1 3 3 0 0 0 2 0 3 3 2
-0.008098398335963432 0 0 0 0 1 2 0 0 0 0 0 0 1 2 0 0
0.008098398335963432 0 0 0 0 1 2 0 0 0 0 0 0 2 1 0 0
-0.0012461630644175364 0 0 0 0 1 0 1 3 0 0 0 1 0 0 3 1
-0.0012461630644175364 0 0 0 0 1 0 1 3 0 0 0 2 0 0 3 2
-0.008098398335963437 0 0 0 0 1 0 2 0 0 0 0 0 1 0 2 0
0.008098398335963437 0 0 0 0 1 0 2 0 0 0 0 0 2 0 1 0
0.0036050298645439877 0 0 0 0 1 0 3 2 0 0 0 1 0 2 3 0
-0.0036050298645439877 0 0 0 0 1 0 3 2 0 0 0 2 0 1 3 0
0.012660746490500358 0 0 0 0 1 0 0 2 0 0 0 1 0 0 2 0
-0.012660746490500358 0 0 0 0 1 0 0 2 0 0 0 2 0 0 1 0
-0.01903732954797815 0 0 0 0 1 0 0 2 0 0 0 0 1 0 0 2
0.01903732954797815 0 0 0 0 1 0 0 2 0 0 0 0 2 0 0 1
0.008098398335963432 0 0 0 0 2 1 0 0 0 0 0 0 1 2 0 0
-0.008098398335963432 0 0 0 0 2 1 0 0 0 0 0 0 2 1 0 0
-0.0003548333478351866 0 0 0 0 2 2 3 3 0 0 0 1 0 3 3 1
-0.0003548333478351866 0 0 0 0 2 2 3 3 0 0 0 2 0 3 3 2
0.008098398335963437 0 0 0 0 2 0 1 0 0 0 0 0 1 0 2 0
-0.008098398335963437 0 0 0 0 2 0 1 0 0 0 0 0 2 0 1 0
-0.0012461630644175364 0 0 0 0 2 0 2 3 0 0 0 1 0 0 3 1
-0.0012461630644175364 0 0 0 0 2 0 2 3 0 0 0 2 0 0 3 2
-0.0036050298645439877 0 0 0 0 2 0 3 1 0 0 0 1 0 2 3 0
0.0036050298645439877 0 0 0 0 2 0 3 1 0 0 0 2 0 1 3 0
-0.012660746490500358 0 0 0 0 2 0 0 1 0 0 0 1 0 0 2 0
0.012660746490500358 0 0 0 0 2 0 0 1 0 0 0 2 0 0 1 0
0.01903732954797815 0 0 0 0 2 0 0 1 0 0 0 0 1 0 0 2
-0.01903732954797815 0 0 0 0 2 0 0 1 0 0 0 0 2 0 0 1
1.200020401423026 0 0 0 0 3 0 0 0 0 0 0 0 0 0 0 0
7.733827719579481e-05 0 0 0 0 3 1 3 1 0 0 0 1 1 3 3 0
7.733827719579481e-05 0 0 0 0 3 1 3 1 0 0 0 2 2 3 3 0
7.733827719579481e-05 0 0 0 0 3 2 3 2 0 0 0 1 1 3 3 0
7.733827719579481e-05 0 0 0 0 3 2 3 2 0 0 0 2 2 3 3 0
0.08286230535833479 0 0 0 0 3 3 0 0 0 0 0 0 0 0 0 0
0.00027160948962398043 0 0 0 0 3 0 1 1 0 0 0 1 1 0 3 0
0.00027160948962398043 0 0 0 0 3 0 1 1 0 0 0 2 2 0 3 0
0.00027160948962398043 0 0 0 0 3 0 2 2 0 0 0 1 1 0 3 0
0.00027160948962398043 0 0 0 0 3 0 2 2 0 0 0 2 2 0 3 0
0.08286230535833491 0 0 0 0 3 0 3 0 0 0 0 0 0 0 0 0
-0.00027749507063939185 0 0 0 0 3 0 3 3 0 0 0 1 1 1 3 1
0.0036823681417397823 0 0 0 0 3 0 3 3 0 0 0 1 1 2 3 2
-0.003959863212379175 0 0 0 0 3 0 3 3 0 0 0 1 2 2 3 1
-0.003959863212379175 0 0 0 0 3 0 3 3 0 0 0 2 1 1 3 2
0.0036823681417397823 0 0 0 0 3 0 3 3 0 0 0 2 2 1 3 1
-0.00027749507063939185 0 0 0 0 3 0 3 3 0 0 0 2 2 2 3 2
0.07783726757283782 0 0 0 0 3 0 0 3 0 0 0 0 0 0 0 0
-0.000974553574793556 0 0 0 0 3 0 0 3 0 0 0 1 1 0 1 1
0.012932355980124337 0 0 0 0 3 0 0 3 0 0 0 1 1 0 2 2
-0.013906909554917895 0 0 0 0 3 0 0 3 0 0 0 1 2 0 2 1
-0.013906909554917895 0 0 0 0 3 0 0 3 0 0 0 2 1 0 1 2
0.012932355980124337 0 0 0 0 3 0 0 3 0 0 0 2 2 0 1 1
-0.000974553574793556 0 0 0 0 3 0 0 3 0 0 0 2 2 0 2 2
0.09263689295442828 0 0 0 0 3 0 0 0 3 0 0 0 0 0 0 0
0.09547466916687831 0 0 0 0 3 0 0 0 0 3 0 0 0 0 0 0
0.08904331500955989 0 0 0 0 3 0 0 0 0 0 3 0 0 0 0 0
0.08904331500955988 0 0 0 0 3 0 0 0 0 0 0 3 0 0 0 0
0.10117960181510989 0 0 0 0 3 0 0 0 0 0 0 0 3 0 0 0
0.09096070369429822 0 0 0 0 3 0 0 0 0 0 0 0 0 3 0 0
0.09096070369429834 0 0 0 0 3 0 0 0 0 0 0 0 0 0 3 0
0.09687459712081598 0 0 0 0 3 0 0 0 0 0 0 0 0 0 0 3
0.002394154001039373 0 0 0 0 0 1 1 0 0 0 3 0 0 3 0 0
-0.0023941540010393825 0 0 0 0 0 1 1 0 0 0 0 3 0 3 0 0
-0.004955169816975617 0 0 0 0 0 1 2 0 0 0 0 0 0 1 2 0
0.004955169816975617 0 0 0 0 0 1 2 0 0 0 0 0 0 2 1 0
-0.008085329271154256 0 0 0 0 0 1 0 2 0 0 0 0 0 1 0 2
0.008085329271154256 0 0 0 0 0 1 0 2 0 0 0 0 0 2 0 1
0.004955169816975617 0 0 0 0 0 2 1 0 0 0 0 0 0 1 2 0
-0.004955169816975617 0 0 0 0 0 2 1 0 0 0 0 0 0 2 1 0
0.002394154001039373 0 0 0 0 0 2 2 0 0 0 3 0 0 3 0 0
-0.0023941540010393825 0 0 0 0 0 2 2 0 0 0 0 3 0 3 0 0
0.008085329271154256 0 0 0 0 0 2 0 1 0 0 0 0 0 1 0 2
-0.008085329271154256 0 0 0 0 0 2 0 1 0 0 0 0 0 2 0 1
1.1110172771716476 0 0 0 0 0 3 0 0 0 0 0 0 0 0 0 0
0.08595569867633611 0 0 0 0 0 3 3 0 0 0 0 0 0 0 0 0
0.08667850893458144 0 0 0 0 0 3 0 3 0 0 0 0 0 0 0 0
0.10121863435525234 0 0 0 0 0 3 0 0 3 0 0 0 0 0 0 0
0.09208697560602973 0 0 0 0 0 3 0 0 0 3 0 0 0 0 0 0
0.10034017426956776 0 0 0 0 0 3 0 0 0 0 3 0 0 0 0 0
0.09261369713991022 0 0 0 0 0 3 0 0 0 0 0 3 0 0 0 0
0.09096070369429822 0 0 0 0 0 3 0 0 0 0 0 0 3 0 0 0
0.10082120812726282 0 0 0 0 0 3 0 0 0 0 0 0 0 3 0 0
0.09091086849331173 0 0 0 0 0 3 0 0 0 0 0 0 0 0 3 0
0.0947638382057357 0 0 0 0 0 3 0 0 0 0 0 0 0 0 0 3
-0.00808532927115427 0 0 0 0 0 0 1 2 0 0 0 0 0 0 1 2
0.00808532927115427 0 0 0 0 0 0 1 2 0 0 0 0 0 0 2 1
0.00808532927115427 0 0 0 0 0 0 2 1 0 0 0 0 0 0 1 2
-0.00808532927115427 0 0 0 0 0 0 2 1 0 0 0 0 0 0 2 1
1.111017277171647 0 0 0 0 0 0 3 0 0 0 0 0 0 0 0 0
0.08667850893458175 0 0 0 0 0 0 3 3 0 0 0 0 0 0 0 0
0.10121863435525247 0 0 0 0 0 0 3 0 3 0 0 0 0 0 0 0
0.09208697560602984 0 0 0 0 0 0 3 0 0 3 0 0 0 0 0 0
0.09261369713991036 0 0 0 0 0 0 3 0 0 0 3 0 0 0 0 0
-0.0038931848546877234 0 0 0 0 0 0 3 0 0 0 3 0 0 1 1 0
-0.0038931848546877234 0 0 0 0 0 0 3 0 0 0 3 0 0 2 2 0
0.10034017426956786 0 0 0 0 0 0 3 0 0 0 0 3 0 0 0 0
0.0038931848546877217 0 0 0 0 0 0 3 0 0 0 0 3 0 1 1 0
0.0038931848546877217 0 0 0 0 0 0 3 0 0 0 0 3 0 2 2 0
0.09096070369429834 0 0 0 0 0 0 3 0 0 0 0 0 3 0 0 0
0.09091086849331173 0 0 0 0 0 0 3 0 0 0 0 0 0 3 0 0
0.10082120812726307 0 0 0 0 0 0 3 0 0 0 0 0 0 0 3 0
0.09476383820573603 0 0 0 0 0 0 3 0 0 0 0 0 0 0 0 3
0.872710099664253 0 0 0 0 0 0 0 3 0 0 0 0 0 0 0 0
0.10482687839220622 0 0 0 0 0 0 0 3 3 0 0 0 0 0 0 0
0.09414809170406865 0 0 0 0 0 0 0 3 0 3 0 0 0 0 0 0
0.09711006683686406 0 0 0 0 0 0 0 3 0 0 3 0 0 0 0 0
0.09711006683686405 0 0 0 0 0 0 0 3 0 0 0 3 0 0 0 0
0.09687459712081598 0 0 0 0 0 0 0 3 0 0 0 0 3 0 0 0
0.0947638382057357 0 0 0 0 0 0 0 3 0 0 0 0 0 3 0 0
0.09476383820573603 0 0 0 0 0 0 0 3 0 0 0 0 0 0 3 0
0.10118016585111557 0 0 0 0 0 0 0 3 0 0 0 0 0 0 0 3
1.7838360855118789 0 0 0 0 0 0 0 0 3 0 0 0 0 0 0 0
0.08309991251284432 0 0 0 0 0 0 0 0 3 3 0 0 0 0 0 0
0.09000321355629538 0 0 0 0 0 0 0 0 3 0 3 0 0 0 0 0
0.09000321355629534 0 0 0 0 0 0 0 0 3 0 0 3 0 0 0 0
0.08521636208199485 0 0 0 0 0 0 0 0 3 0 0 0 3 0 0 0
0.09432195402808786 0 0 0 0 0 0 0 0 3 0 0 0 0 3 0 0
0.094321954028088 0 0 0 0 0 0 0 0 3 0 0 0 0 0 3 0
0.09687260658779817 0 0 0 0 0 0 0 0 3 0 0 0 0 0 0 3
1.2818295774711899 0 0 0 0 0 0 0 0 0 3 0 0 0 0 0 0
0.08051347154337307 0 0 0 0 0 0 0 0 0 3 3 0 0 0 0 0
0.08051347154337307 0 0 0 0 0 0 0 0 0 3 0 3 0 0 0 0
0.05915020417164866 0 0 0 0 0 0 0 0 0 3 0 0 3 0 0 0
0.07434746544066552 0 0 0 0 0 0 0 0 0 3 0 0 0 3 0 0
0.07434746544066562 0 0 0 0 0 0 0 0 0 3 0 0 0 0 3 0
0.08192686766118232 0 0 0 0 0 0 0 0 0 3 0 0 0 0 0 3
1.3523587997294562 0 0 0 0 0 0 0 0 0 0 3 0 0 0 0 0
0.0914481406873782 0 0 0 0 0 0 0 0 0 0 3 3 0 0 0 0
0.08379222347438262 0 0 0 0 0 0 0 0 0 0 3 0 3 0 0 0
0.07483098913778938 0 0 0 0 0 0 0 0 0 0 3 0 0 3 0 0
0.08739517829530186 0 0 0 0 0 0 0 0 0 0 3 0 0 0 3 0
0.09141453361880965 0 0 0 0 0 0 0 0 0 0 3 0 0 0 0 3
1.3523587997294575 0 0 0 0 0 0 0 0 0 0 0 3 0 0 0 0
0.08379222347438259 0 0 0 0 0 0 0 0 0 0 0 3 3 0 0 0
0.08739517829530172 0 0 0 0 0 0 0 0 0 0 0 3 0 3 0 0
0.07483098913778946 0 0 0 0 0 0 0 0 0 0 0 3 0 0 3 0
0.09141453361880962 0 0 0 0 0 0 0 0 0 0 0 3 0 0 0 3
1.2000204014230262 0 0 0 0 0 0 0 0 0 0 0 0 3 0 0 0
0.08286230535833479 0 0 0 0 0 0 0 0 0 0 0 0 3 3 0 0
0.08286230535833491 0 0 0 0 0 0 0 0 0 0 0 0 3 0 3 0
0.07783726757283782 0 0 0 0 0 0 0 0 0 0 0 0 3 0 0 3
1.1110172771716476 0 0 0 0 0 0 0 0 0 0 0 0 0 3 0 0
0.08595569867633611 0 0 0 0 0 0 0 0 0 0 0 0 0 3 3 0
0.08667850893458144 0 0 0 0 0 0 0 0 0 0 0 0 0 3 0 3
1.111017277171647 0 0 0 0 0 0 0 0 0 0 0 0 0 0 3 0
0.08667850893458175 0 0 0 0 0 0 0 0 0 0 0 0 0 0 3 3
0.8727100996642528 0 0 0 0 0 0 0 0 0 0 0 0 0 0 0 3
