-5085.704858395462 0 0 0 0 0 0 0 0 0 0 0 0
-0.03216836920833284 1 1 0 0 1 1 3 0 0 0 3 0
0.0001767755375124743 1 1 0 0 2 2 3 0 0 0 3 0
0.003991530496571582 1 1 0 0 0 3 3 0 0 0 1 1
0.003991530496571582 1 1 0 0 0 3 3 0 0 0 2 2
-0.03234514474584531 1 2 0 0 2 1 3 0 0 0 3 0
-0.004013946124284956 1 2 0 0 0 0 1 2 0 0 0 0
0.004013946124284956 1 2 0 0 0 0 2 1 0 0 0 0
-0.03216836920833284 1 3 1 1 3 1 3 3 0 3 3 0
0.0001767755375124743 1 3 1 2 3 2 3 3 0 3 3 0
0.003991530496571582 1 3 1 0 3 3 3 3 0 1 3 1
0.003991530496571582 1 3 1 0 3 3 3 3 0 2 3 2
-0.03234514474584531 1 3 2 2 3 1 3 3 0 3 3 0
-0.0038147549590591082 1 3 3 2 3 3 3 3 1 3 3 2
0.0038147549590591082 1 3 3 2 3 3 3 3 2 3 3 1
-0.036159899704904415 1 3 3 0 3 1 3 3 1 1 3 0
-0.036159899704904415 1 3 3 0 3 1 3 3 2 2 3 0
-0.0038147549590591082 1 3 0 0 2 3 3 1 0 0 3 2
0.0038147549590591082 1 3 0 0 2 3 3 2 0 0 3 1
-0.036159899704904415 1 3 0 0 0 1 3 1 0 0 1 0
-0.036159899704904415 1 3 0 0 0 1 3 2 0 0 2 0
-0.004013946124284956 1 0 2 0 0 0 1 0 2 0 0 0
0.004013946124284956 1 0 2 0 0 0 2 0 1 0 0 0
-0.003854175733976586 1 0 0 2 0 0 1 0 0 2 0 0
0.003854175733976586 1 0 0 2 0 0 2 0 0 1 0 0
-0.003854175733976586 1 0 0 0 2 0 1 0 0 0 2 0
0.003854175733976586 1 0 0 0 2 0 2 0 0 0 1 0
-0.042529900982271225 1 0 0 0 0 2 1 0 0 0 0 2
0.042529900982271225 1 0 0 0 0 2 2 0 0 0 0 1
-0.03234514474584531 2 1 0 0 1 2 3 0 0 0 3 0
0.004013946124284956 2 1 0 0 0 0 1 2 0 0 0 0
-0.004013946124284956 2 1 0 0 0 0 2 1 0 0 0 0
0.0001767755375124743 2 2 0 0 1 1 3 0 0 0 3 0
-0.03216836920833284 2 2 0 0 2 2 3 0 0 0 3 0
0.003991530496571582 2 2 0 0 0 3 3 0 0 0 1 1
0.003991530496571582 2 2 0 0 0 3 3 0 0 0 2 2
-0.03234514474584531 2 3 1 1 3 2 3 3 0 3 3 0
0.0001767755375124743 2 3 2 1 3 1 3 3 0 3 3 0
-0.03216836920833284 2 3 2 2 3 2 3 3 0 3 3 0
0.003991530496571582 2 3 2 0 3 3 3 3 0 1 3 1
0.003991530496571582 2 3 2 0 3 3 3 3 0 2 3 2
0.0038147549590591082 2 3 3 1 3 3 3 3 1 3 3 2
-0.0038147549590591082 2 3 3 1 3 3 3 3 2 3 3 1
-0.036159899704904415 2 3 3 0 3 2 3 3 1 1 3 0
-0.036159899704904415 2 3 3 0 3 2 3 3 2 2 3 0
0.0038147549590591082 2 3 0 0 1 3 3 1 0 0 3 2
-0.0038147549590591082 2 3 0 0 1 3 3 2 0 0 3 1
-0.036159899704904415 2 3 0 0 0 2 3 1 0 0 1 0
-0.036159899704904415 2 3 0 0 0 2 3 2 0 0 2 0
0.004013946124284956 2 0 1 0 0 0 1 0 2 0 0 0
-0.004013946124284956 2 0 1 0 0 0 2 0 1 0 0 0
0.003854175733976586 2 0 0 1 0 0 1 0 0 2 0 0
-0.003854175733976586 2 0 0 1 0 0 2 0 0 1 0 0
0.003854175733976586 2 0 0 0 1 0 1 0 0 0 2 0
-0.003854175733976586 2 0 0 0 1 0 2 0 0 0 1 0
0.042529900982271225 2 0 0 0 0 1 1 0 0 0 0 2
-0.042529900982271225 2 0 0 0 0 1 2 0 0 0 0 1
0.6797965842045267 3 0 0 0 0 0 0 0 0 0 0 0
0.0712279590892706 3 3 0 0 0 0 0 0 0 0 0 0
0.0712279590892706 3 0 3 0 0 0 0 0 0 0 0 0
0.07140177197158885 3 0 0 3 0 0 0 0 0 0 0 0
0.07140177197158885 3 0 0 0 3 0 0 0 0 0 0 0
0.04237270140964254 3 0 0 0 0 3 0 0 0 0 0 0
0.08418239735154404 3 0 0 0 0 0 3 0 0 0 0 0
0.07524190521355556 3 0 0 0 0 0 0 3 0 0 0 0
0.07524190521355556 3 0 0 0 0 0 0 0 3 0 0 0
0.07525594770556544 3 0 0 0 0 0 0 0 0 3 0 0
0.07525594770556544 3 0 0 0 0 0 0 0 0 0 3 0
0.08490260239191376 3 0 0 0 0 0 0 0 0 0 0 3
-0.03335154204586313 0 1 1 1 1 0 0 3 0 3 0 0
4.605144967444099e-05 0 1 1 2 2 0 0 3 0 3 0 0
0.003981161957007176 0 1 1 0 3 0 0 3 0 1 1 0
0.003981161957007176 0 1 1 0 3 0 0 3 0 2 2 0
-0.03339759349553758 0 1 2 2 1 0 0 3 0 3 0 0
-0.003961788421045291 0 1 2 0 0 0 0 1 2 0 0 0
0.003961788421045291 0 1 2 0 0 0 0 2 1 0 0 0
-0.003935110507332734 0 1 3 2 3 0 0 3 1 3 2 0
0.003935110507332734 0 1 3 2 3 0 0 3 2 3 1 0
-0.03733270400287031 0 1 3 0 1 0 0 3 1 1 0 0
-0.03733270400287031 0 1 3 0 1 0 0 3 2 2 0 0
-0.003935110507332734 0 1 0 2 0 0 0 1 0 2 0 0
0.003935110507332734 0 1 0 2 0 0 0 2 0 1 0 0
-0.036159899704904415 0 1 0 0 1 3 1 0 0 0 3 1
-0.036159899704904415 0 1 0 0 1 3 2 0 0 0 3 2
-0.04520292501753577 0 1 0 0 2 0 0 1 0 0 2 0
0.04520292501753577 0 1 0 0 2 0 0 2 0 0 1 0
-0.0038147549590591082 0 1 0 0 0 2 1 0 0 0 2 0
0.0038147549590591082 0 1 0 0 0 2 2 0 0 0 1 0
-0.0039745162139804896 0 1 0 0 0 2 0 1 0 0 0 2
0.0039745162139804896 0 1 0 0 0 2 0 2 0 0 0 1
-0.03339759349553758 0 2 1 1 2 0 0 3 0 3 0 0
0.003961788421045291 0 2 1 0 0 0 0 1 2 0 0 0
-0.003961788421045291 0 2 1 0 0 0 0 2 1 0 0 0
4.605144967444099e-05 0 2 2 1 1 0 0 3 0 3 0 0
-0.03335154204586313 0 2 2 2 2 0 0 3 0 3 0 0
0.003981161957007176 0 2 2 0 3 0 0 3 0 1 1 0
0.003981161957007176 0 2 2 0 3 0 0 3 0 2 2 0
0.003935110507332734 0 2 3 1 3 0 0 3 1 3 2 0
-0.003935110507332734 0 2 3 1 3 0 0 3 2 3 1 0
-0.03733270400287031 0 2 3 0 2 0 0 3 1 1 0 0
-0.03733270400287031 0 2 3 0 2 0 0 3 2 2 0 0
0.003935110507332734 0 2 0 1 0 0 0 1 0 2 0 0
-0.003935110507332734 0 2 0 1 0 0 0 2 0 1 0 0
0.04520292501753577 0 2 0 0 1 0 0 1 0 0 2 0
-0.04520292501753577 0 2 0 0 1 0 0 2 0 0 1 0
-0.036159899704904415 0 2 0 0 2 3 1 0 0 0 3 1
-0.036159899704904415 0 2 0 0 2 3 2 0 0 0 3 2
0.0038147549590591082 0 2 0 0 0 1 1 0 0 0 2 0
-0.0038147549590591082 0 2 0 0 0 1 2 0 0 0 1 0
0.0039745162139804896 0 2 0 0 0 1 0 1 0 0 0 2
-0.0039745162139804896 0 2 0 0 0 1 0 2 0 0 0 1
0.6621096871973838 0 3 0 0 0 0 0 0 0 0 0 0
-0.036159899704904415 0 3 1 1 3 3 1 3 0 3 3 1
-0.036159899704904415 0 3 1 1 3 3 2 3 0 3 3 2
-0.0038147549590591082 0 3 1 0 3 2 1 3 0 2 3 0
0.0038147549590591082 0 3 1 0 3 2 2 3 0 1 3 0
-0.036159899704904415 0 3 2 2 3 3 1 3 0 3 3 1
-0.036159899704904415 0 3 2 2 3 3 2 3 0 3 3 2
0.0038147549590591082 0 3 2 0 3 1 1 3 0 2 3 0
-0.0038147549590591082 0 3 2 0 3 1 2 3 0 1 3 0
0.07071787778892484 0 3 3 0 0 0 0 0 0 0 0 0
0.003991530496571582 0 3 3 1 3 1 1 3 1 3 3 0
0.003991530496571582 0 3 3 1 3 1 2 3 2 3 3 0
0.003991530496571582 0 3 3 2 3 2 1 3 1 3 3 0
0.003991530496571582 0 3 3 2 3 2 2 3 2 3 3 0
-0.03216836920833284 0 3 3 0 3 3 1 3 1 1 3 1
0.0001767755375124743 0 3 3 0 3 3 1 3 1 2 3 2
-0.03234514474584531 0 3 3 0 3 3 1 3 2 2 3 1
-0.03234514474584531 0 3 3 0 3 3 2 3 1 1 3 2
0.0001767755375124743 0 3 3 0 3 3 2 3 2 1 3 1
-0.03216836920833284 0 3 3 0 3 3 2 3 2 2 3 2
0.07080549263425846 0 3 0 3 0 0 0 0 0 0 0 0
0.003991530496571582 0 3 0 0 1 1 1 1 0 0 3 0
0.003991530496571582 0 3 0 0 1 1 2 2 0 0 3 0
0.003991530496571582 0 3 0 0 2 2 1 1 0 0 3 0
0.003991530496571582 0 3 0 0 2 2 2 2 0 0 3 0
0.037500002038069746 0 3 0 0 3 0 0 0 0 0 0 0
0.07234904731773562 0 3 0 0 0 3 0 0 0 0 0 0
-0.03216836920833284 0 3 0 0 0 3 1 1 0 0 1 1
0.0001767755375124743 0 3 0 0 0 3 1 1 0 0 2 2
-0.03234514474584531 0 3 0 0 0 3 1 2 0 0 2 1
-0.03234514474584531 0 3 0 0 0 3 2 1 0 0 1 2
0.0001767755375124743 0 3 0 0 0 3 2 2 0 0 1 1
-0.03216836920833284 0 3 0 0 0 3 2 2 0 0 2 2
0.07524190521355556 0 3 0 0 0 0 3 0 0 0 0 0
0.0826032430520607 0 3 0 0 0 0 0 3 0 0 0 0
0.07467966620997013 0 3 0 0 0 0 0 0 3 0 0 0
0.07474060314159119 0 3 0 0 0 0 0 0 0 3 0 0
0.08270292705560553 0 3 0 0 0 0 0 0 0 0 3 0
0.0763235635317161 0 3 0 0 0 0 0 0 0 0 0 3
-0.03733270400287031 0 0 1 1 3 0 0 1 0 3 1 0
-0.03733270400287031 0 0 1 1 3 0 0 2 0 3 2 0
-0.04520292501753577 0 0 1 2 0 0 0 0 1 2 0 0
0.04520292501753577 0 0 1 2 0 0 0 0 2 1 0 0
-0.003935110507332734 0 0 1 0 2 0 0 1 0 2 0 0
0.003935110507332734 0 0 1 0 2 0 0 2 0 1 0 0
-0.003935110507332734 0 0 1 0 2 0 0 0 1 0 2 0
0.003935110507332734 0 0 1 0 2 0 0 0 2 0 1 0
-0.0039745162139804896 0 0 1 0 0 2 0 0 1 0 0 2
0.0039745162139804896 0 0 1 0 0 2 0 0 2 0 0 1
0.04520292501753577 0 0 2 1 0 0 0 0 1 2 0 0
-0.04520292501753577 0 0 2 1 0 0 0 0 2 1 0 0
-0.03733270400287031 0 0 2 2 3 0 0 1 0 3 1 0
-0.03733270400287031 0 0 2 2 3 0 0 2 0 3 2 0
0.003935110507332734 0 0 2 0 1 0 0 1 0 2 0 0
-0.003935110507332734 0 0 2 0 1 0 0 2 0 1 0 0
0.003935110507332734 0 0 2 0 1 0 0 0 1 0 2 0
-0.003935110507332734 0 0 2 0 1 0 0 0 2 0 1 0
0.0039745162139804896 0 0 2 0 0 1 0 0 1 0 0 2
-0.0039745162139804896 0 0 2 0 0 1 0 0 2 0 0 1
0.6621096871973838 0 0 3 0 0 0 0 0 0 0 0 0
0.003981161957007176 0 0 3 1 1 0 0 1 1 3 0 0
0.003981161957007176 0 0 3 1 1 0 0 2 2 3 0 0
0.003981161957007176 0 0 3 2 2 0 0 1 1 3 0 0
0.003981161957007176 0 0 3 2 2 0 0 2 2 3 0 0
0.037500002038069746 0 0 3 3 0 0 0 0 0 0 0 0
0.07080549263425846 0 0 3 0 3 0 0 0 0 0 0 0
-0.03335154204586313 0 0 3 0 3 0 0 1 1 1 1 0
4.605144967444099e-05 0 0 3 0 3 0 0 1 1 2 2 0
-0.03339759349553758 0 0 3 0 3 0 0 1 2 2 1 0
-0.03339759349553758 0 0 3 0 3 0 0 2 1 1 2 0
4.605144967444099e-05 0 0 3 0 3 0 0 2 2 1 1 0
-0.03335154204586313 0 0 3 0 3 0 0 2 2 2 2 0
0.07234904731773562 0 0 3 0 0 3 0 0 0 0 0 0
0.07524190521355556 0 0 3 0 0 0 3 0 0 0 0 0
0.07467966620997013 0 0 3 0 0 0 0 3 0 0 0 0
0.0826032430520607 0 0 3 0 0 0 0 0 3 0 0 0
0.08270292705560553 0 0 3 0 0 0 0 0 0 3 0 0
0.07474060314159119 0 0 3 0 0 0 0 0 0 0 3 0
0.0763235635317161 0 0 3 0 0 0 0 0 0 0 0 3
-0.004000945344196756 0 0 0 1 2 0 0 0 0 1 2 0
0.004000945344196756 0 0 0 1 2 0 0 0 0 2 1 0
-0.004164812610069401 0 0 0 1 0 2 0 0 0 1 0 2
0.004164812610069401 0 0 0 1 0 2 0 0 0 2 0 1
0.004000945344196756 0 0 0 2 1 0 0 0 0 1 2 0
-0.004000945344196756 0 0 0 2 1 0 0 0 0 2 1 0
0.004164812610069401 0 0 0 2 0 1 0 0 0 1 0 2
-0.004164812610069401 0 0 0 2 0 1 0 0 0 2 0 1
0.658905846348951 0 0 0 3 0 0 0 0 0 0 0 0
0.07080273325925952 0 0 0 3 3 0 0 0 0 0 0 0
0.0721678972877252 0 0 0 3 0 3 0 0 0 0 0 0
0.07525594770556544 0 0 0 3 0 0 3 0 0 0 0 0
0.07474060314159119 0 0 0 3 0 0 0 3 0 0 0 0
0.08270292705560553 0 0 0 3 0 0 0 0 3 0 0 0
0.08280556929184979 0 0 0 3 0 0 0 0 0 3 0 0
0.07480367860345628 0 0 0 3 0 0 0 0 0 0 3 0
0.0763327098977946 0 0 0 3 0 0 0 0 0 0 0 3
-0.004164812610069401 0 0 0 0 1 2 0 0 0 0 1 2
0.004164812610069401 0 0 0 0 1 2 0 0 0 0 2 1
0.004164812610069401 0 0 0 0 2 1 0 0 0 0 1 2
-0.004164812610069401 0 0 0 0 2 1 0 0 0 0 2 1
0.6589058463489501 0 0 0 0 3 0 0 0 0 0 0 0
0.0721678972877252 0 0 0 0 3 3 0 0 0 0 0 0
0.07525594770556544 0 0 0 0 3 0 3 0 0 0 0 0
0.08270292705560553 0 0 0 0 3 0 0 3 0 0 0 0
0.07474060314159119 0 0 0 0 3 0 0 0 3 0 0 0
0.07480367860345628 0 0 0 0 3 0 0 0 0 3 0 0
0.08280556929184979 0 0 0 0 3 0 0 0 0 0 3 0
0.0763327098977946 0 0 0 0 3 0 0 0 0 0 0 3
0.6586876457883335 0 0 0 0 0 3 0 0 0 0 0 0
0.08490260239191376 0 0 0 0 0 3 3 0 0 0 0 0
0.0763235635317161 0 0 0 0 0 3 0 3 0 0 0 0
0.0763235635317161 0 0 0 0 0 3 0 0 3 0 0 0
0.0763327098977946 0 0 0 0 0 3 0 0 0 3 0 0
0.0763327098977946 0 0 0 0 0 3 0 0 0 0 3 0
0.08618651292095478 0 0 0 0 0 3 0 0 0 0 0 3
0.6797965842045267 0 0 0 0 0 0 3 0 0 0 0 0
0.0712279590892706 0 0 0 0 0 0 3 3 0 0 0 0
0.0712279590892706 0 0 0 0 0 0 3 0 3 0 0 0
0.07140177197158885 0 0 0 0 0 0 3 0 0 3 0 0
0.07140177197158885 0 0 0 0 0 0 3 0 0 0 3 0
0.04237270140964254 0 0 0 0 0 0 3 0 0 0 0 3
0.6621096871973834 0 0 0 0 0 0 0 3 0 0 0 0
0.07071787778892484 0 0 0 0 0 0 0 3 3 0 0 0
0.07080549263425846 0 0 0 0 0 0 0 3 0 3 0 0
0.037500002038069746 0 0 0 0 0 0 0 3 0 0 3 0
0.07234904731773562 0 0 0 0 0 0 0 3 0 0 0 3
0.6621096871973834 0 0 0 0 0 0 0 0 3 0 0 0
0.037500002038069746 0 0 0 0 0 0 0 0 3 3 0 0
0.07080549263425846 0 0 0 0 0 0 0 0 3 0 3 0
0.07234904731773562 0 0 0 0 0 0 0 0 3 0 0 3
0.658905846348951 0 0 0 0 0 0 0 0 0 3 0 0
0.07080273325925952 0 0 0 0 0 0 0 0 0 3 3 0
0.0721678972877252 0 0 0 0 0 0 0 0 0 3 0 3
0.6589058463489501 0 0 0 0 0 0 0 0 0 0 3 0
0.0721678972877252 0 0 0 0 0 0 0 0 0 0 3 3
0.6586876457883338 0 0 0 0 0 0 0 0 0 0 0 3
