-5081.2096636093975 0 0 0 0 0 0 0 0 0 0 0 0 0 0 0 0
-0.023428254645377428 1 1 1 3 1 0 0 0 3 0 3 3 0 0 0 0
-0.001648251959603613 1 1 1 3 3 1 0 0 3 0 3 3 3 0 0 0
-0.021745177776579232 1 1 2 3 2 0 0 0 3 0 3 3 0 0 0 0
-0.0015298421681295587 1 1 2 3 3 2 0 0 3 0 3 3 3 0 0 0
0.010196550679010473 1 1 3 3 3 3 3 0 3 1 3 3 3 3 1 0
0.010196550679010473 1 1 3 3 3 3 3 0 3 2 3 3 3 3 2 0
0.001648251959603614 1 1 0 1 1 0 0 0 3 0 0 3 0 0 0 0
-0.023428254645377455 1 1 0 1 3 1 0 0 3 0 0 3 3 0 0 0
0.001529842168129562 1 1 0 2 2 0 0 0 3 0 0 3 0 0 0 0
-0.021745177776579257 1 1 0 2 3 2 0 0 3 0 0 3 3 0 0 0
-0.0025695598000581013 1 1 0 3 3 3 0 0 3 0 1 3 3 1 0 0
-0.0025695598000581013 1 1 0 3 3 3 0 0 3 0 2 3 3 2 0 0
-0.03652372501153506 1 1 0 3 3 0 0 0 3 0 1 3 1 0 0 0
-0.03652372501153506 1 1 0 3 3 0 0 0 3 0 2 3 2 0 0 0
-0.03652372501153507 1 1 0 0 3 3 0 0 3 0 0 1 3 1 0 0
-0.03652372501153507 1 1 0 0 3 3 0 0 3 0 0 2 3 2 0 0
0.0025695598000580896 1 1 0 0 3 0 0 0 3 0 0 1 1 0 0 0
0.0025695598000580896 1 1 0 0 3 0 0 0 3 0 0 2 2 0 0 0
0.02326146239938011 1 1 0 0 0 0 1 1 3 0 0 0 0 0 3 0
0.01935752576556756 1 1 0 0 0 0 2 2 3 0 0 0 0 0 3 0
0.034604348345043986 1 1 0 0 0 0 0 3 3 0 0 0 0 0 1 1
0.034604348345043986 1 1 0 0 0 0 0 3 3 0 0 0 0 0 2 2
-0.0016830768687982 1 2 2 3 1 0 0 0 3 0 3 3 0 0 0 0
-0.00011840979147405436 1 2 2 3 3 1 0 0 3 0 3 3 3 0 0 0
0.0024628418931752685 1 2 3 3 3 3 3 3 1 3 3 3 3 3 3 2
-0.0024628418931752685 1 2 3 3 3 3 3 3 2 3 3 3 3 3 3 1
0.00011840979147405185 1 2 0 2 1 0 0 0 3 0 0 3 0 0 0 0
-0.0016830768687981995 1 2 0 2 3 1 0 0 3 0 0 3 3 0 0 0
0.0039039366338125417 1 2 0 0 0 0 2 1 3 0 0 0 0 0 3 0
-0.03547663291254307 1 2 0 0 0 0 0 0 1 2 0 0 0 0 0 0
0.03547663291254307 1 2 0 0 0 0 0 0 2 1 0 0 0 0 0 0
0.0008661576367696243 1 3 1 3 3 3 3 0 3 3 1 3 3 3 1 0
0.0008661576367696243 1 3 1 3 3 3 3 0 3 3 2 3 3 3 2 0
-0.0003897512970587548 1 3 1 0 1 3 3 1 3 3 0 0 3 3 3 0
0.0007256184825265412 1 3 1 0 2 3 3 2 3 3 0 0 3 3 3 0
-2.742023888927947e-05 1 3 1 0 0 1 3 1 3 3 0 0 0 3 3 0
5.104955976671371e-05 1 3 1 0 0 2 3 2 3 3 0 0 0 3 3 0
0.0020584486857435228 1 3 1 0 0 3 3 3 3 3 0 0 1 3 3 1
0.0020584486857435228 1 3 1 0 0 3 3 3 3 3 0 0 2 3 3 2
0.00014481838836806853 1 3 1 0 0 0 3 3 3 3 0 0 0 1 3 1
0.00014481838836806853 1 3 1 0 0 0 3 3 3 3 0 0 0 2 3 2
0.0010397176319285426 1 3 2 3 3 3 0 0 3 1 3 3 3 2 0 0
-0.0010397176319285426 1 3 2 3 3 3 0 0 3 2 3 3 3 1 0 0
0.014778547234955822 1 3 2 3 3 0 0 0 3 1 3 3 2 0 0 0
-0.014778547234955822 1 3 2 3 3 0 0 0 3 2 3 3 1 0 0 0
-0.001115369779585296 1 3 2 0 2 3 3 1 3 3 0 0 3 3 3 0
-7.846979865599318e-05 1 3 2 0 0 2 3 1 3 3 0 0 0 3 3 0
2.7420238889281154e-05 1 3 3 1 1 3 3 1 3 3 3 0 3 3 3 0
-5.104955976671285e-05 1 3 3 1 2 3 3 2 3 3 3 0 3 3 3 0
0.000866157636769624 1 3 3 1 3 3 3 0 3 3 3 1 3 3 1 0
0.000866157636769624 1 3 3 1 3 3 3 0 3 3 3 2 3 3 2 0
-0.00038975129705875696 1 3 3 1 0 1 3 1 3 3 3 0 0 3 3 0
0.0007256184825265405 1 3 3 1 0 2 3 2 3 3 3 0 0 3 3 0
-0.00014481838836806642 1 3 3 1 0 3 3 3 3 3 3 0 1 3 3 1
-0.00014481838836806642 1 3 3 1 0 3 3 3 3 3 3 0 2 3 3 2
0.0020584486857435215 1 3 3 1 0 0 3 3 3 3 3 0 0 1 3 1
0.0020584486857435215 1 3 3 1 0 0 3 3 3 3 3 0 0 2 3 2
7.846979865599402e-05 1 3 3 2 2 3 3 1 3 3 3 0 3 3 3 0
-0.0011153697795852975 1 3 3 2 0 2 3 1 3 3 3 0 0 3 3 0
0.0016024092837570259 1 3 3 3 1 3 3 0 3 3 3 3 1 3 1 0
0.0016024092837570259 1 3 3 3 1 3 3 0 3 3 3 3 2 3 2 0
9.376882860135356e-05 1 3 3 3 2 3 3 3 3 3 3 1 3 3 3 2
-9.376882860135356e-05 1 3 3 3 2 3 3 3 3 3 3 2 3 3 3 1
0.0016024092837570274 1 3 3 3 3 1 3 0 3 3 3 3 3 1 1 0
0.0016024092837570274 1 3 3 3 3 1 3 0 3 3 3 3 3 2 2 0
0.005494631621940947 1 3 3 3 3 3 1 3 3 3 3 3 3 3 0 0
0.0032478520386765054 1 3 3 3 3 3 1 0 3 3 3 3 3 0 0 0
0.04433206030559293 1 3 3 3 3 3 1 0 3 3 3 3 3 3 0 0
0.00315200088545484 1 3 3 3 3 3 1 0 3 3 3 3 3 3 3 0
0.006916056576772297 1 3 3 3 3 3 1 0 3 3 3 3 3 3 0 3
0.0032478520386765054 1 3 3 3 3 3 1 0 3 3 3 3 0 3 0 0
0.003644698506920009 1 3 3 3 3 3 1 0 3 3 3 0 3 3 0 0
0.003644698506920008 1 3 3 3 3 3 1 0 3 3 0 3 3 3 0 0
0.0017392927731273932 1 3 3 3 3 3 1 0 3 0 3 3 3 3 0 0
0.007408275416925425 1 3 3 3 3 3 1 0 0 3 3 3 3 3 0 0
0.001421424954831349 1 3 3 3 3 3 3 2 3 3 3 3 3 3 1 2
-0.001421424954831349 1 3 3 3 3 3 3 2 3 3 3 3 3 3 2 1
0.004850261322433532 1 3 3 3 3 0 1 0 3 3 3 3 3 3 0 0
-0.0013328302032169811 1 3 3 3 0 2 3 3 3 3 3 1 0 3 3 2
0.0013328302032169811 1 3 3 3 0 2 3 3 3 3 3 2 0 3 3 1
0.004850261322433531 1 3 3 3 0 3 1 0 3 3 3 3 3 3 0 0
0.00017223862725734758 1 3 3 3 0 3 3 1 3 3 3 1 1 3 3 0
0.00017223862725734758 1 3 3 3 0 3 3 1 3 3 3 2 2 3 3 0
-0.0024481999828022782 1 3 3 3 0 0 3 1 3 3 3 1 0 1 3 0
-0.0024481999828022782 1 3 3 3 0 0 3 1 3 3 3 2 0 2 3 0
-0.0013328302032169818 1 3 3 0 2 3 3 3 3 3 1 0 3 3 3 2
0.0013328302032169818 1 3 3 0 2 3 3 3 3 3 2 0 3 3 3 1
0.004510856143689633 1 3 3 0 3 3 1 0 3 3 3 3 3 3 0 0
-9.376882860135481e-05 1 3 3 0 0 2 3 3 3 3 1 0 0 3 3 2
9.376882860135481e-05 1 3 3 0 0 2 3 3 3 3 2 0 0 3 3 1
-0.002448199982802278 1 3 3 0 0 3 3 1 3 3 1 0 1 3 3 0
-0.002448199982802278 1 3 3 0 0 3 3 1 3 3 2 0 2 3 3 0
-0.00017223862725734802 1 3 3 0 0 0 3 1 3 3 1 0 0 1 3 0
-0.00017223862725734802 1 3 3 0 0 0 3 1 3 3 2 0 0 2 3 0
0.01477854723495582 1 3 0 2 3 3 0 0 3 1 0 3 3 2 0 0
-0.01477854723495582 1 3 0 2 3 3 0 0 3 2 0 3 3 1 0 0
-0.0010397176319285274 1 3 0 2 3 0 0 0 3 1 0 3 2 0 0 0
0.0010397176319285274 1 3 0 2 3 0 0 0 3 2 0 3 1 0 0 0
0.013095470366157621 1 3 0 3 1 0 0 0 3 1 1 3 0 0 0 0
0.013095470366157621 1 3 0 3 1 0 0 0 3 2 2 3 0 0 0 0
0.0009213078404544881 1 3 0 3 3 1 0 0 3 1 1 3 3 0 0 0
0.0009213078404544881 1 3 0 3 3 1 0 0 3 2 2 3 3 0 0 0
0.004510856143689632 1 3 0 3 3 3 1 0 3 3 3 3 3 3 0 0
-0.0009213078404544757 1 3 0 0 1 0 0 0 3 1 0 1 0 0 0 0
-0.0009213078404544757 1 3 0 0 1 0 0 0 3 2 0 2 0 0 0 0
0.013095470366157616 1 3 0 0 3 1 0 0 3 1 0 1 3 0 0 0
0.013095470366157616 1 3 0 0 3 1 0 0 3 2 0 2 3 0 0 0
-0.015246822579476425 1 3 0 0 0 0 2 3 3 1 0 0 0 0 3 2
0.015246822579476425 1 3 0 0 0 0 2 3 3 2 0 0 0 0 3 1
-0.011342885945663881 1 3 0 0 0 0 0 1 3 1 0 0 0 0 1 0
-0.011342885945663881 1 3 0 0 0 0 0 1 3 2 0 0 0 0 2 0
-0.014624662502133902 1 0 2 0 0 0 0 0 1 0 2 0 0 0 0 0
0.014624662502133902 1 0 2 0 0 0 0 0 2 0 1 0 0 0 0 0
0.011935843452137867 1 0 3 3 3 3 1 0 3 3 3 3 3 3 0 0
0.0024628418931752685 1 0 3 3 3 3 3 1 1 1 3 3 3 3 3 0
0.0024628418931752685 1 0 3 3 3 3 3 1 2 2 3 3 3 3 3 0
-0.014624662502133899 1 0 0 2 0 0 0 0 1 0 0 2 0 0 0 0
0.014624662502133899 1 0 0 2 0 0 0 0 2 0 0 1 0 0 0 0
-0.012857349326533405 1 0 0 0 2 0 0 0 1 0 0 0 2 0 0 0
0.012857349326533405 1 0 0 0 2 0 0 0 2 0 0 0 1 0 0 0
-0.012857349326533405 1 0 0 0 0 2 0 0 1 0 0 0 0 2 0 0
0.012857349326533405 1 0 0 0 0 2 0 0 2 0 0 0 0 1 0 0
-0.01594050015224881 1 0 0 0 0 0 2 0 1 0 0 0 0 0 2 0
0.01594050015224881 1 0 0 0 0 0 2 0 2 0 0 0 0 0 1 0
-0.01253254145128334 1 0 0 0 0 0 0 2 1 0 0 0 0 0 0 2
0.01253254145128334 1 0 0 0 0 0 0 2 2 0 0 0 0 0 0 1
-0.0016830768687982 2 1 1 3 2 0 0 0 3 0 3 3 0 0 0 0
-0.00011840979147405436 2 1 1 3 3 2 0 0 3 0 3 3 3 0 0 0
-0.0024628418931752685 2 1 3 3 3 3 3 3 1 3 3 3 3 3 3 2
0.0024628418931752685 2 1 3 3 3 3 3 3 2 3 3 3 3 3 3 1
0.00011840979147405185 2 1 0 1 2 0 0 0 3 0 0 3 0 0 0 0
-0.0016830768687981995 2 1 0 1 3 2 0 0 3 0 0 3 3 0 0 0
0.0039039366338125417 2 1 0 0 0 0 1 2 3 0 0 0 0 0 3 0
0.03547663291254307 2 1 0 0 0 0 0 0 1 2 0 0 0 0 0 0
-0.03547663291254307 2 1 0 0 0 0 0 0 2 1 0 0 0 0 0 0
-0.021745177776579232 2 2 1 3 1 0 0 0 3 0 3 3 0 0 0 0
-0.0015298421681295587 2 2 1 3 3 1 0 0 3 0 3 3 3 0 0 0
-0.023428254645377428 2 2 2 3 2 0 0 0 3 0 3 3 0 0 0 0
-0.001648251959603613 2 2 2 3 3 2 0 0 3 0 3 3 3 0 0 0
0.010196550679010473 2 2 3 3 3 3 3 0 3 1 3 3 3 3 1 0
0.010196550679010473 2 2 3 3 3 3 3 0 3 2 3 3 3 3 2 0
0.001529842168129562 2 2 0 1 1 0 0 0 3 0 0 3 0 0 0 0
-0.021745177776579257 2 2 0 1 3 1 0 0 3 0 0 3 3 0 0 0
0.001648251959603614 2 2 0 2 2 0 0 0 3 0 0 3 0 0 0 0
-0.023428254645377455 2 2 0 2 3 2 0 0 3 0 0 3 3 0 0 0
-0.0025695598000581013 2 2 0 3 3 3 0 0 3 0 1 3 3 1 0 0
-0.0025695598000581013 2 2 0 3 3 3 0 0 3 0 2 3 3 2 0 0
-0.03652372501153506 2 2 0 3 3 0 0 0 3 0 1 3 1 0 0 0
-0.03652372501153506 2 2 0 3 3 0 0 0 3 0 2 3 2 0 0 0
-0.03652372501153507 2 2 0 0 3 3 0 0 3 0 0 1 3 1 0 0
-0.03652372501153507 2 2 0 0 3 3 0 0 3 0 0 2 3 2 0 0
0.0025695598000580896 2 2 0 0 3 0 0 0 3 0 0 1 1 0 0 0
0.0025695598000580896 2 2 0 0 3 0 0 0 3 0 0 2 2 0 0 0
0.01935752576556756 2 2 0 0 0 0 1 1 3 0 0 0 0 0 3 0
0.02326146239938011 2 2 0 0 0 0 2 2 3 0 0 0 0 0 3 0
0.034604348345043986 2 2 0 0 0 0 0 3 3 0 0 0 0 0 1 1
0.034604348345043986 2 2 0 0 0 0 0 3 3 0 0 0 0 0 2 2
-0.0010397176319285426 2 3 1 3 3 3 0 0 3 1 3 3 3 2 0 0
0.0010397176319285426 2 3 1 3 3 3 0 0 3 2 3 3 3 1 0 0
-0.014778547234955822 2 3 1 3 3 0 0 0 3 1 3 3 2 0 0 0
0.014778547234955822 2 3 1 3 3 0 0 0 3 2 3 3 1 0 0 0
-0.001115369779585296 2 3 1 0 1 3 3 2 3 3 0 0 3 3 3 0
-7.846979865599318e-05 2 3 1 0 0 1 3 2 3 3 0 0 0 3 3 0
0.0008661576367696243 2 3 2 3 3 3 3 0 3 3 1 3 3 3 1 0
0.0008661576367696243 2 3 2 3 3 3 3 0 3 3 2 3 3 3 2 0
0.0007256184825265412 2 3 2 0 1 3 3 1 3 3 0 0 3 3 3 0
-0.0003897512970587548 2 3 2 0 2 3 3 2 3 3 0 0 3 3 3 0
5.104955976671371e-05 2 3 2 0 0 1 3 1 3 3 0 0 0 3 3 0
-2.742023888927947e-05 2 3 2 0 0 2 3 2 3 3 0 0 0 3 3 0
0.0020584486857435228 2 3 2 0 0 3 3 3 3 3 0 0 1 3 3 1
0.0020584486857435228 2 3 2 0 0 3 3 3 3 3 0 0 2 3 3 2
0.00014481838836806853 2 3 2 0 0 0 3 3 3 3 0 0 0 1 3 1
0.00014481838836806853 2 3 2 0 0 0 3 3 3 3 0 0 0 2 3 2
7.846979865599402e-05 2 3 3 1 1 3 3 2 3 3 3 0 3 3 3 0
-0.0011153697795852975 2 3 3 1 0 1 3 2 3 3 3 0 0 3 3 0
-5.104955976671285e-05 2 3 3 2 1 3 3 1 3 3 3 0 3 3 3 0
2.7420238889281154e-05 2 3 3 2 2 3 3 2 3 3 3 0 3 3 3 0
0.000866157636769624 2 3 3 2 3 3 3 0 3 3 3 1 3 3 1 0
0.000866157636769624 2 3 3 2 3 3 3 0 3 3 3 2 3 3 2 0
0.0007256184825265405 2 3 3 2 0 1 3 1 3 3 3 0 0 3 3 0
-0.00038975129705875696 2 3 3 2 0 2 3 2 3 3 3 0 0 3 3 0
-0.00014481838836806642 2 3 3 2 0 3 3 3 3 3 3 0 1 3 3 1
-0.00014481838836806642 2 3 3 2 0 3 3 3 3 3 3 0 2 3 3 2
0.0020584486857435215 2 3 3 2 0 0 3 3 3 3 3 0 0 1 3 1
0.0020584486857435215 2 3 3 2 0 0 3 3 3 3 3 0 0 2 3 2
-9.376882860135356e-05 2 3 3 3 1 3 3 3 3 3 3 1 3 3 3 2
9.376882860135356e-05 2 3 3 3 1 3 3 3 3 3 3 2 3 3 3 1
0.0016024092837570259 2 3 3 3 2 3 3 0 3 3 3 3 1 3 1 0
0.0016024092837570259 2 3 3 3 2 3 3 0 3 3 3 3 2 3 2 0
0.0016024092837570274 2 3 3 3 3 2 3 0 3 3 3 3 3 1 1 0
0.0016024092837570274 2 3 3 3 3 2 3 0 3 3 3 3 3 2 2 0
0.005494631621940947 2 3 3 3 3 3 2 3 3 3 3 3 3 3 0 0
0.0032478520386765054 2 3 3 3 3 3 2 0 3 3 3 3 3 0 0 0
0.04433206030559293 2 3 3 3 3 3 2 0 3 3 3 3 3 3 0 0
0.00315200088545484 2 3 3 3 3 3 2 0 3 3 3 3 3 3 3 0
0.006916056576772297 2 3 3 3 3 3 2 0 3 3 3 3 3 3 0 3
0.0032478520386765054 2 3 3 3 3 3 2 0 3 3 3 3 0 3 0 0
0.003644698506920009 2 3 3 3 3 3 2 0 3 3 3 0 3 3 0 0
0.003644698506920008 2 3 3 3 3 3 2 0 3 3 0 3 3 3 0 0
0.0017392927731273932 2 3 3 3 3 3 2 0 3 0 3 3 3 3 0 0
0.007408275416925425 2 3 3 3 3 3 2 0 0 3 3 3 3 3 0 0
-0.001421424954831349 2 3 3 3 3 3 3 1 3 3 3 3 3 3 1 2
0.001421424954831349 2 3 3 3 3 3 3 1 3 3 3 3 3 3 2 1
0.004850261322433532 2 3 3 3 3 0 2 0 3 3 3 3 3 3 0 0
0.0013328302032169811 2 3 3 3 0 1 3 3 3 3 3 1 0 3 3 2
-0.0013328302032169811 2 3 3 3 0 1 3 3 3 3 3 2 0 3 3 1
0.004850261322433531 2 3 3 3 0 3 2 0 3 3 3 3 3 3 0 0
0.00017223862725734758 2 3 3 3 0 3 3 2 3 3 3 1 1 3 3 0
0.00017223862725734758 2 3 3 3 0 3 3 2 3 3 3 2 2 3 3 0
-0.0024481999828022782 2 3 3 3 0 0 3 2 3 3 3 1 0 1 3 0
-0.0024481999828022782 2 3 3 3 0 0 3 2 3 3 3 2 0 2 3 0
0.0013328302032169818 2 3 3 0 1 3 3 3 3 3 1 0 3 3 3 2
-0.0013328302032169818 2 3 3 0 1 3 3 3 3 3 2 0 3 3 3 1
0.004510856143689633 2 3 3 0 3 3 2 0 3 3 3 3 3 3 0 0
9.376882860135481e-05 2 3 3 0 0 1 3 3 3 3 1 0 0 3 3 2
-9.376882860135481e-05 2 3 3 0 0 1 3 3 3 3 2 0 0 3 3 1
-0.002448199982802278 2 3 3 0 0 3 3 2 3 3 1 0 1 3 3 0
-0.002448199982802278 2 3 3 0 0 3 3 2 3 3 2 0 2 3 3 0
-0.00017223862725734802 2 3 3 0 0 0 3 2 3 3 1 0 0 1 3 0
-0.00017223862725734802 2 3 3 0 0 0 3 2 3 3 2 0 0 2 3 0
-0.01477854723495582 2 3 0 1 3 3 0 0 3 1 0 3 3 2 0 0
0.01477854723495582 2 3 0 1 3 3 0 0 3 2 0 3 3 1 0 0
0.0010397176319285274 2 3 0 1 3 0 0 0 3 1 0 3 2 0 0 0
-0.0010397176319285274 2 3 0 1 3 0 0 0 3 2 0 3 1 0 0 0
0.013095470366157621 2 3 0 3 2 0 0 0 3 1 1 3 0 0 0 0
0.013095470366157621 2 3 0 3 2 0 0 0 3 2 2 3 0 0 0 0
0.0009213078404544881 2 3 0 3 3 2 0 0 3 1 1 3 3 0 0 0
0.0009213078404544881 2 3 0 3 3 2 0 0 3 2 2 3 3 0 0 0
0.004510856143689632 2 3 0 3 3 3 2 0 3 3 3 3 3 3 0 0
-0.0009213078404544757 2 3 0 0 2 0 0 0 3 1 0 1 0 0 0 0
-0.0009213078404544757 2 3 0 0 2 0 0 0 3 2 0 2 0 0 0 0
0.013095470366157616 2 3 0 0 3 2 0 0 3 1 0 1 3 0 0 0
0.013095470366157616 2 3 0 0 3 2 0 0 3 2 0 2 3 0 0 0
0.015246822579476425 2 3 0 0 0 0 1 3 3 1 0 0 0 0 3 2
-0.015246822579476425 2 3 0 0 0 0 1 3 3 2 0 0 0 0 3 1
-0.011342885945663881 2 3 0 0 0 0 0 2 3 1 0 0 0 0 1 0
-0.011342885945663881 2 3 0 0 0 0 0 2 3 2 0 0 0 0 2 0
0.014624662502133902 2 0 1 0 0 0 0 0 1 0 2 0 0 0 0 0
-0.014624662502133902 2 0 1 0 0 0 0 0 2 0 1 0 0 0 0 0
0.011935843452137867 2 0 3 3 3 3 2 0 3 3 3 3 3 3 0 0
0.0024628418931752685 2 0 3 3 3 3 3 2 1 1 3 3 3 3 3 0
0.0024628418931752685 2 0 3 3 3 3 3 2 2 2 3 3 3 3 3 0
0.014624662502133899 2 0 0 1 0 0 0 0 1 0 0 2 0 0 0 0
-0.014624662502133899 2 0 0 1 0 0 0 0 2 0 0 1 0 0 0 0
0.012857349326533405 2 0 0 0 1 0 0 0 1 0 0 0 2 0 0 0
-0.012857349326533405 2 0 0 0 1 0 0 0 2 0 0 0 1 0 0 0
0.012857349326533405 2 0 0 0 0 1 0 0 1 0 0 0 0 2 0 0
-0.012857349326533405 2 0 0 0 0 1 0 0 2 0 0 0 0 1 0 0
0.01594050015224881 2 0 0 0 0 0 1 0 1 0 0 0 0 0 2 0
-0.01594050015224881 2 0 0 0 0 0 1 0 2 0 0 0 0 0 1 0
0.01253254145128334 2 0 0 0 0 0 0 1 1 0 0 0 0 0 0 2
-0.01253254145128334 2 0 0 0 0 0 0 1 2 0 0 0 0 0 0 1
1.2207595397107343 3 0 0 0 0 0 0 0 0 0 0 0 0 0 0 0
0.004931114255956915 3 1 3 3 3 3 3 1 0 3 3 3 3 3 3 0
0.004931114255956915 3 2 3 3 3 3 3 2 0 3 3 3 3 3 3 0
0.044989441518901746 3 3 0 0 0 0 0 0 0 0 0 0 0 0 0 0
0.007408275416925425 3 3 3 3 3 3 3 0 1 3 3 3 3 3 1 0
0.007408275416925425 3 3 3 3 3 3 3 0 2 3 3 3 3 3 2 0
0.06603866046769588 3 0 3 0 0 0 0 0 0 0 0 0 0 0 0 0
0.007393956149132184 3 0 3 3 3 3 3 3 0 1 3 3 3 3 3 1
0.007393956149132184 3 0 3 3 3 3 3 3 0 2 3 3 3 3 3 2
0.06603866046769588 3 0 0 3 0 0 0 0 0 0 0 0 0 0 0 0
0.06780432367886302 3 0 0 0 3 0 0 0 0 0 0 0 0 0 0 0
0.06780432367886302 3 0 0 0 0 3 0 0 0 0 0 0 0 0 0 0
0.06561956891916665 3 0 0 0 0 0 3 0 0 0 0 0 0 0 0 0
0.07154346695424618 3 0 0 0 0 0 0 3 0 0 0 0 0 0 0 0
0.08284568042338564 3 0 0 0 0 0 0 0 3 0 0 0 0 0 0 0
0.08046607443144482 3 0 0 0 0 0 0 0 0 3 0 0 0 0 0 0
0.08066332296982978 3 0 0 0 0 0 0 0 0 0 3 0 0 0 0 0
0.08066332296982978 3 0 0 0 0 0 0 0 0 0 0 3 0 0 0 0
0.08066167300539642 3 0 0 0 0 0 0 0 0 0 0 0 3 0 0 0
0.08066167300539642 3 0 0 0 0 0 0 0 0 0 0 0 0 3 0 0
0.08156006907141547 3 0 0 0 0 0 0 0 0 0 0 0 0 0 3 0
0.08407600840552952 3 0 0 0 0 0 0 0 0 0 0 0 0 0 0 3
-0.0008233496188068984 0 1 1 3 3 3 3 3 0 3 1 3 3 3 3 1
-0.0008233496188068984 0 1 1 3 3 3 3 3 0 3 2 3 3 3 3 2
0.0009213078404544881 0 1 1 3 3 3 0 0 1 0 3 3 3 1 0 0
0.0009213078404544881 0 1 1 3 3 3 0 0 2 0 3 3 3 2 0 0
0.013095470366157621 0 1 1 3 3 0 0 0 1 0 3 3 1 0 0 0
0.013095470366157621 0 1 1 3 3 0 0 0 2 0 3 3 2 0 0 0
0.008121865859767308 0 1 1 0 1 3 1 0 0 3 0 0 3 3 0 0
-0.0005304015997994269 0 1 1 0 2 3 2 0 0 3 0 0 3 3 0 0
0.000571399001830489 0 1 1 0 0 1 1 0 0 3 0 0 0 3 0 0
-3.731543341487394e-05 0 1 1 0 0 2 2 0 0 3 0 0 0 3 0 0
-0.002154792438010065 0 1 1 0 0 3 3 0 0 3 0 0 1 3 1 0
-0.002154792438010065 0 1 1 0 0 3 3 0 0 3 0 0 2 3 2 0
-0.00015159647665814984 0 1 1 0 0 0 3 0 0 3 0 0 0 1 1 0
-0.00015159647665814984 0 1 1 0 0 0 3 0 0 3 0 0 0 2 2 0
0.008652267459566737 0 1 2 0 2 3 1 0 0 3 0 0 3 3 0 0
0.000608714435245363 0 1 2 0 0 2 1 0 0 3 0 0 0 3 0 0
-0.013478866179784433 0 1 2 0 0 0 0 0 0 1 2 0 0 0 0 0
0.013478866179784433 0 1 2 0 0 0 0 0 0 2 1 0 0 0 0 0
-0.0005713990018304868 0 1 3 1 1 3 1 0 0 3 3 0 3 3 0 0
3.7315433414873806e-05 0 1 3 1 2 3 2 0 0 3 3 0 3 3 0 0
-0.0008233496188068989 0 1 3 1 3 3 3 3 0 3 3 1 3 3 3 1
-0.0008233496188068989 0 1 3 1 3 3 3 3 0 3 3 2 3 3 3 2
0.00812186585976731 0 1 3 1 0 1 1 0 0 3 3 0 0 3 0 0
-0.0005304015997994266 0 1 3 1 0 2 2 0 0 3 3 0 0 3 0 0
0.00015159647665814814 0 1 3 1 0 3 3 0 0 3 3 0 1 3 1 0
0.00015159647665814814 0 1 3 1 0 3 3 0 0 3 3 0 2 3 2 0
-0.002154792438010065 0 1 3 1 0 0 3 0 0 3 3 0 0 1 1 0
-0.002154792438010065 0 1 3 1 0 0 3 0 0 3 3 0 0 2 2 0
-0.0006087144352453607 0 1 3 2 2 3 1 0 0 3 3 0 3 3 0 0
0.008652267459566739 0 1 3 2 0 2 1 0 0 3 3 0 0 3 0 0
-0.001371539630580031 0 1 3 3 1 3 3 3 0 3 3 3 1 3 3 1
-0.001371539630580031 0 1 3 3 1 3 3 3 0 3 3 3 2 3 3 2
-0.00011428104324327434 0 1 3 3 2 3 3 0 0 3 3 1 3 3 2 0
0.00011428104324327434 0 1 3 3 2 3 3 0 0 3 3 2 3 3 1 0
-0.0013715396305800293 0 1 3 3 3 1 3 3 0 3 3 3 3 1 3 1
-0.0013715396305800293 0 1 3 3 3 1 3 3 0 3 3 3 3 2 3 2
0.011530567333844237 0 1 3 3 3 3 1 3 0 3 3 3 3 3 1 1
0.011530567333844237 0 1 3 3 3 3 1 3 0 3 3 3 3 3 2 2
-0.010196550679010473 0 1 3 3 3 3 2 0 1 2 3 3 3 3 0 0
0.010196550679010473 0 1 3 3 3 3 2 0 2 1 3 3 3 3 0 0
0.007393956149132184 0 1 3 3 3 3 3 1 3 3 3 3 3 3 3 0
0.0018022858028013508 0 1 3 3 3 3 3 1 0 3 3 3 3 3 0 0
0.05461723547165953 0 1 3 3 3 3 3 1 0 3 3 3 3 3 3 0
0.00588780761122176 0 1 3 3 3 3 3 1 0 3 3 3 3 3 3 3
0.0042541400513006694 0 1 3 3 3 3 3 1 0 3 3 3 3 0 3 0
0.00425414005130067 0 1 3 3 3 3 3 1 0 3 3 3 0 3 3 0
0.004573554870702874 0 1 3 3 3 3 3 1 0 3 3 0 3 3 3 0
0.004573554870702875 0 1 3 3 3 3 3 1 0 3 0 3 3 3 3 0
0.0021238329063310865 0 1 3 3 3 3 3 1 0 0 3 3 3 3 3 0
0.01333285313664559 0 1 3 3 3 3 0 1 0 3 3 3 3 3 3 0
0.0028826004207206405 0 1 3 3 3 0 3 1 0 3 3 3 3 3 3 0
0.0016243908382106383 0 1 3 3 0 2 3 0 0 3 3 1 0 3 2 0
-0.0016243908382106383 0 1 3 3 0 2 3 0 0 3 3 2 0 3 1 0
-0.0007229954784886349 0 1 3 3 0 3 1 0 0 3 3 1 1 3 0 0
-0.0007229954784886349 0 1 3 3 0 3 1 0 0 3 3 2 2 3 0 0
0.0028826004207206397 0 1 3 3 0 3 3 1 0 3 3 3 3 3 3 0
0.010276658297777375 0 1 3 3 0 0 1 0 0 3 3 1 0 1 0 0
0.010276658297777375 0 1 3 3 0 0 1 0 0 3 3 2 0 2 0 0
0.001624390838210638 0 1 3 0 2 3 3 0 0 3 1 0 3 3 2 0
-0.001624390838210638 0 1 3 0 2 3 3 0 0 3 2 0 3 3 1 0
0.003750205251895975 0 1 3 0 3 3 3 1 0 3 3 3 3 3 3 0
0.00011428104324327586 0 1 3 0 0 2 3 0 0 3 1 0 0 3 2 0
-0.00011428104324327586 0 1 3 0 0 2 3 0 0 3 2 0 0 3 1 0
0.010276658297777373 0 1 3 0 0 3 1 0 0 3 1 0 1 3 0 0
0.010276658297777373 0 1 3 0 0 3 1 0 0 3 2 0 2 3 0 0
0.0007229954784886389 0 1 3 0 0 0 1 0 0 3 1 0 0 1 0 0
0.0007229954784886389 0 1 3 0 0 0 1 0 0 3 2 0 0 2 0 0
0.013095470366157616 0 1 0 1 3 3 0 0 1 0 0 3 3 1 0 0
0.013095470366157616 0 1 0 1 3 3 0 0 2 0 0 3 3 2 0 0
-0.0009213078404544757 0 1 0 1 3 0 0 0 1 0 0 3 1 0 0 0
-0.0009213078404544757 0 1 0 1 3 0 0 0 2 0 0 3 2 0 0 0
-0.013478866179784431 0 1 0 2 0 0 0 0 0 1 0 2 0 0 0 0
0.013478866179784431 0 1 0 2 0 0 0 0 0 2 0 1 0 0 0 0
0.014778547234955822 0 1 0 3 2 0 0 0 1 0 2 3 0 0 0 0
-0.014778547234955822 0 1 0 3 2 0 0 0 2 0 1 3 0 0 0 0
0.0010397176319285426 0 1 0 3 3 2 0 0 1 0 2 3 3 0 0 0
-0.0010397176319285426 0 1 0 3 3 2 0 0 2 0 1 3 3 0 0 0
0.003750205251895976 0 1 0 3 3 3 3 1 0 3 3 3 3 3 3 0
-0.0010397176319285274 0 1 0 0 2 0 0 0 1 0 0 2 0 0 0 0
0.0010397176319285274 0 1 0 0 2 0 0 0 2 0 0 1 0 0 0 0
-0.015161004965330934 0 1 0 0 2 0 0 0 0 1 0 0 2 0 0 0
0.015161004965330934 0 1 0 0 2 0 0 0 0 2 0 0 1 0 0 0
0.01477854723495582 0 1 0 0 3 2 0 0 1 0 0 2 3 0 0 0
-0.01477854723495582 0 1 0 0 3 2 0 0 2 0 0 1 3 0 0 0
-0.015161004965330934 0 1 0 0 0 2 0 0 0 1 0 0 0 2 0 0
0.015161004965330934 0 1 0 0 0 2 0 0 0 2 0 0 0 1 0 0
-0.011342885945663881 0 1 0 0 0 0 1 3 1 0 0 0 0 0 3 1
-0.011342885945663881 0 1 0 0 0 0 1 3 2 0 0 0 0 0 3 2
-0.014757785949319898 0 1 0 0 0 0 2 0 0 1 0 0 0 0 2 0
0.014757785949319898 0 1 0 0 0 0 2 0 0 2 0 0 0 0 1 0
-0.015246822579476425 0 1 0 0 0 0 0 2 1 0 0 0 0 0 2 0
0.015246822579476425 0 1 0 0 0 0 0 2 2 0 0 0 0 0 1 0
-0.015161940149841086 0 1 0 0 0 0 0 2 0 1 0 0 0 0 0 2
0.015161940149841086 0 1 0 0 0 0 0 2 0 2 0 0 0 0 0 1
0.008652267459566737 0 2 1 0 1 3 2 0 0 3 0 0 3 3 0 0
0.000608714435245363 0 2 1 0 0 1 2 0 0 3 0 0 0 3 0 0
0.013478866179784433 0 2 1 0 0 0 0 0 0 1 2 0 0 0 0 0
-0.013478866179784433 0 2 1 0 0 0 0 0 0 2 1 0 0 0 0 0
-0.0008233496188068984 0 2 2 3 3 3 3 3 0 3 1 3 3 3 3 1
-0.0008233496188068984 0 2 2 3 3 3 3 3 0 3 2 3 3 3 3 2
0.0009213078404544881 0 2 2 3 3 3 0 0 1 0 3 3 3 1 0 0
0.0009213078404544881 0 2 2 3 3 3 0 0 2 0 3 3 3 2 0 0
0.013095470366157621 0 2 2 3 3 0 0 0 1 0 3 3 1 0 0 0
0.013095470366157621 0 2 2 3 3 0 0 0 2 0 3 3 2 0 0 0
-0.0005304015997994269 0 2 2 0 1 3 1 0 0 3 0 0 3 3 0 0
0.008121865859767308 0 2 2 0 2 3 2 0 0 3 0 0 3 3 0 0
-3.731543341487394e-05 0 2 2 0 0 1 1 0 0 3 0 0 0 3 0 0
0.000571399001830489 0 2 2 0 0 2 2 0 0 3 0 0 0 3 0 0
-0.002154792438010065 0 2 2 0 0 3 3 0 0 3 0 0 1 3 1 0
-0.002154792438010065 0 2 2 0 0 3 3 0 0 3 0 0 2 3 2 0
-0.00015159647665814984 0 2 2 0 0 0 3 0 0 3 0 0 0 1 1 0
-0.00015159647665814984 0 2 2 0 0 0 3 0 0 3 0 0 0 2 2 0
-0.0006087144352453607 0 2 3 1 1 3 2 0 0 3 3 0 3 3 0 0
0.008652267459566739 0 2 3 1 0 1 2 0 0 3 3 0 0 3 0 0
3.7315433414873806e-05 0 2 3 2 1 3 1 0 0 3 3 0 3 3 0 0
-0.0005713990018304868 0 2 3 2 2 3 2 0 0 3 3 0 3 3 0 0
-0.0008233496188068989 0 2 3 2 3 3 3 3 0 3 3 1 3 3 3 1
-0.0008233496188068989 0 2 3 2 3 3 3 3 0 3 3 2 3 3 3 2
-0.0005304015997994266 0 2 3 2 0 1 1 0 0 3 3 0 0 3 0 0
0.00812186585976731 0 2 3 2 0 2 2 0 0 3 3 0 0 3 0 0
0.00015159647665814814 0 2 3 2 0 3 3 0 0 3 3 0 1 3 1 0
0.00015159647665814814 0 2 3 2 0 3 3 0 0 3 3 0 2 3 2 0
-0.002154792438010065 0 2 3 2 0 0 3 0 0 3 3 0 0 1 1 0
-0.002154792438010065 0 2 3 2 0 0 3 0 0 3 3 0 0 2 2 0
0.00011428104324327434 0 2 3 3 1 3 3 0 0 3 3 1 3 3 2 0
-0.00011428104324327434 0 2 3 3 1 3 3 0 0 3 3 2 3 3 1 0
-0.001371539630580031 0 2 3 3 2 3 3 3 0 3 3 3 1 3 3 1
-0.001371539630580031 0 2 3 3 2 3 3 3 0 3 3 3 2 3 3 2
-0.0013715396305800293 0 2 3 3 3 2 3 3 0 3 3 3 3 1 3 1
-0.0013715396305800293 0 2 3 3 3 2 3 3 0 3 3 3 3 2 3 2
0.010196550679010473 0 2 3 3 3 3 1 0 1 2 3 3 3 3 0 0
-0.010196550679010473 0 2 3 3 3 3 1 0 2 1 3 3 3 3 0 0
0.011530567333844237 0 2 3 3 3 3 2 3 0 3 3 3 3 3 1 1
0.011530567333844237 0 2 3 3 3 3 2 3 0 3 3 3 3 3 2 2
0.007393956149132184 0 2 3 3 3 3 3 2 3 3 3 3 3 3 3 0
0.0018022858028013508 0 2 3 3 3 3 3 2 0 3 3 3 3 3 0 0
0.05461723547165953 0 2 3 3 3 3 3 2 0 3 3 3 3 3 3 0
0.00588780761122176 0 2 3 3 3 3 3 2 0 3 3 3 3 3 3 3
0.0042541400513006694 0 2 3 3 3 3 3 2 0 3 3 3 3 0 3 0
0.00425414005130067 0 2 3 3 3 3 3 2 0 3 3 3 0 3 3 0
0.004573554870702874 0 2 3 3 3 3 3 2 0 3 3 0 3 3 3 0
0.004573554870702875 0 2 3 3 3 3 3 2 0 3 0 3 3 3 3 0
0.0021238329063310865 0 2 3 3 3 3 3 2 0 0 3 3 3 3 3 0
0.01333285313664559 0 2 3 3 3 3 0 2 0 3 3 3 3 3 3 0
0.0028826004207206405 0 2 3 3 3 0 3 2 0 3 3 3 3 3 3 0
-0.0016243908382106383 0 2 3 3 0 1 3 0 0 3 3 1 0 3 2 0
0.0016243908382106383 0 2 3 3 0 1 3 0 0 3 3 2 0 3 1 0
-0.0007229954784886349 0 2 3 3 0 3 2 0 0 3 3 1 1 3 0 0
-0.0007229954784886349 0 2 3 3 0 3 2 0 0 3 3 2 2 3 0 0
0.0028826004207206397 0 2 3 3 0 3 3 2 0 3 3 3 3 3 3 0
0.010276658297777375 0 2 3 3 0 0 2 0 0 3 3 1 0 1 0 0
0.010276658297777375 0 2 3 3 0 0 2 0 0 3 3 2 0 2 0 0
-0.001624390838210638 0 2 3 0 1 3 3 0 0 3 1 0 3 3 2 0
0.001624390838210638 0 2 3 0 1 3 3 0 0 3 2 0 3 3 1 0
0.003750205251895975 0 2 3 0 3 3 3 2 0 3 3 3 3 3 3 0
-0.00011428104324327586 0 2 3 0 0 1 3 0 0 3 1 0 0 3 2 0
0.00011428104324327586 0 2 3 0 0 1 3 0 0 3 2 0 0 3 1 0
0.010276658297777373 0 2 3 0 0 3 2 0 0 3 1 0 1 3 0 0
0.010276658297777373 0 2 3 0 0 3 2 0 0 3 2 0 2 3 0 0
0.0007229954784886389 0 2 3 0 0 0 2 0 0 3 1 0 0 1 0 0
0.0007229954784886389 0 2 3 0 0 0 2 0 0 3 2 0 0 2 0 0
0.013478866179784431 0 2 0 1 0 0 0 0 0 1 0 2 0 0 0 0
-0.013478866179784431 0 2 0 1 0 0 0 0 0 2 0 1 0 0 0 0
0.013095470366157616 0 2 0 2 3 3 0 0 1 0 0 3 3 1 0 0
0.013095470366157616 0 2 0 2 3 3 0 0 2 0 0 3 3 2 0 0
-0.0009213078404544757 0 2 0 2 3 0 0 0 1 0 0 3 1 0 0 0
-0.0009213078404544757 0 2 0 2 3 0 0 0 2 0 0 3 2 0 0 0
-0.014778547234955822 0 2 0 3 1 0 0 0 1 0 2 3 0 0 0 0
0.014778547234955822 0 2 0 3 1 0 0 0 2 0 1 3 0 0 0 0
-0.0010397176319285426 0 2 0 3 3 1 0 0 1 0 2 3 3 0 0 0
0.0010397176319285426 0 2 0 3 3 1 0 0 2 0 1 3 3 0 0 0
0.003750205251895976 0 2 0 3 3 3 3 2 0 3 3 3 3 3 3 0
0.0010397176319285274 0 2 0 0 1 0 0 0 1 0 0 2 0 0 0 0
-0.0010397176319285274 0 2 0 0 1 0 0 0 2 0 0 1 0 0 0 0
0.015161004965330934 0 2 0 0 1 0 0 0 0 1 0 0 2 0 0 0
-0.015161004965330934 0 2 0 0 1 0 0 0 0 2 0 0 1 0 0 0
-0.01477854723495582 0 2 0 0 3 1 0 0 1 0 0 2 3 0 0 0
0.01477854723495582 0 2 0 0 3 1 0 0 2 0 0 1 3 0 0 0
0.015161004965330934 0 2 0 0 0 1 0 0 0 1 0 0 0 2 0 0
-0.015161004965330934 0 2 0 0 0 1 0 0 0 2 0 0 0 1 0 0
0.014757785949319898 0 2 0 0 0 0 1 0 0 1 0 0 0 0 2 0
-0.014757785949319898 0 2 0 0 0 0 1 0 0 2 0 0 0 0 1 0
-0.011342885945663881 0 2 0 0 0 0 2 3 1 0 0 0 0 0 3 1
-0.011342885945663881 0 2 0 0 0 0 2 3 2 0 0 0 0 0 3 2
0.015246822579476425 0 2 0 0 0 0 0 1 1 0 0 0 0 0 2 0
-0.015246822579476425 0 2 0 0 0 0 0 1 2 0 0 0 0 0 1 0
0.015161940149841086 0 2 0 0 0 0 0 1 0 1 0 0 0 0 0 2
-0.015161940149841086 0 2 0 0 0 0 0 1 0 2 0 0 0 0 0 1
1.1882628448397665 0 3 0 0 0 0 0 0 0 0 0 0 0 0 0 0
-0.03652372501153506 0 3 1 3 1 0 0 0 1 1 3 3 0 0 0 0
-0.03652372501153506 0 3 1 3 1 0 0 0 2 2 3 3 0 0 0 0
-0.0025695598000581013 0 3 1 3 3 1 0 0 1 1 3 3 3 0 0 0
-0.0025695598000581013 0 3 1 3 3 1 0 0 2 2 3 3 3 0 0 0
-0.0008661576367696243 0 3 1 3 3 3 2 0 1 3 2 3 3 3 0 0
0.0008661576367696243 0 3 1 3 3 3 2 0 2 3 1 3 3 3 0 0
-0.002448199982802278 0 3 1 0 1 3 3 3 1 3 0 0 3 3 3 1
-0.002448199982802278 0 3 1 0 1 3 3 3 2 3 0 0 3 3 3 2
-0.00017223862725734802 0 3 1 0 0 1 3 3 1 3 0 0 0 3 3 1
-0.00017223862725734802 0 3 1 0 0 1 3 3 2 3 0 0 0 3 3 2
-0.0013328302032169818 0 3 1 0 0 3 3 2 1 3 0 0 2 3 3 0
0.0013328302032169818 0 3 1 0 0 3 3 2 2 3 0 0 1 3 3 0
-9.376882860135481e-05 0 3 1 0 0 0 3 2 1 3 0 0 0 2 3 0
9.376882860135481e-05 0 3 1 0 0 0 3 2 2 3 0 0 0 1 3 0
-0.03652372501153506 0 3 2 3 2 0 0 0 1 1 3 3 0 0 0 0
-0.03652372501153506 0 3 2 3 2 0 0 0 2 2 3 3 0 0 0 0
-0.0025695598000581013 0 3 2 3 3 2 0 0 1 1 3 3 3 0 0 0
-0.0025695598000581013 0 3 2 3 3 2 0 0 2 2 3 3 3 0 0 0
0.0008661576367696243 0 3 2 3 3 3 1 0 1 3 2 3 3 3 0 0
-0.0008661576367696243 0 3 2 3 3 3 1 0 2 3 1 3 3 3 0 0
-0.002448199982802278 0 3 2 0 2 3 3 3 1 3 0 0 3 3 3 1
-0.002448199982802278 0 3 2 0 2 3 3 3 2 3 0 0 3 3 3 2
-0.00017223862725734802 0 3 2 0 0 2 3 3 1 3 0 0 0 3 3 1
-0.00017223862725734802 0 3 2 0 0 2 3 3 2 3 0 0 0 3 3 2
0.0013328302032169818 0 3 2 0 0 3 3 1 1 3 0 0 2 3 3 0
-0.0013328302032169818 0 3 2 0 0 3 3 1 2 3 0 0 1 3 3 0
9.376882860135481e-05 0 3 2 0 0 0 3 1 1 3 0 0 0 2 3 0
-9.376882860135481e-05 0 3 2 0 0 0 3 1 2 3 0 0 0 1 3 0
0.06626714225799518 0 3 3 0 0 0 0 0 0 0 0 0 0 0 0 0
0.00017223862725734758 0 3 3 1 1 3 3 3 1 3 3 0 3 3 3 1
0.00017223862725734758 0 3 3 1 1 3 3 3 2 3 3 0 3 3 3 2
-0.000866157636769624 0 3 3 1 3 3 2 0 1 3 3 2 3 3 0 0
0.000866157636769624 0 3 3 1 3 3 2 0 2 3 3 1 3 3 0 0
-0.0024481999828022782 0 3 3 1 0 1 3 3 1 3 3 0 0 3 3 1
-0.0024481999828022782 0 3 3 1 0 1 3 3 2 3 3 0 0 3 3 2
9.376882860135356e-05 0 3 3 1 0 3 3 2 1 3 3 0 2 3 3 0
-9.376882860135356e-05 0 3 3 1 0 3 3 2 2 3 3 0 1 3 3 0
-0.0013328302032169811 0 3 3 1 0 0 3 2 1 3 3 0 0 2 3 0
0.0013328302032169811 0 3 3 1 0 0 3 2 2 3 3 0 0 1 3 0
0.00017223862725734758 0 3 3 2 2 3 3 3 1 3 3 0 3 3 3 1
0.00017223862725734758 0 3 3 2 2 3 3 3 2 3 3 0 3 3 3 2
0.000866157636769624 0 3 3 2 3 3 1 0 1 3 3 2 3 3 0 0
-0.000866157636769624 0 3 3 2 3 3 1 0 2 3 3 1 3 3 0 0
-0.0024481999828022782 0 3 3 2 0 2 3 3 1 3 3 0 0 3 3 1
-0.0024481999828022782 0 3 3 2 0 2 3 3 2 3 3 0 0 3 3 2
-9.376882860135356e-05 0 3 3 2 0 3 3 1 1 3 3 0 2 3 3 0
9.376882860135356e-05 0 3 3 2 0 3 3 1 2 3 3 0 1 3 3 0
0.0013328302032169811 0 3 3 2 0 0 3 1 1 3 3 0 0 2 3 0
-0.0013328302032169811 0 3 3 2 0 0 3 1 2 3 3 0 0 1 3 0
-0.0016024092837570259 0 3 3 3 1 3 2 0 1 3 3 3 2 3 0 0
0.0016024092837570259 0 3 3 3 1 3 2 0 2 3 3 3 1 3 0 0
-0.00014481838836806642 0 3 3 3 1 3 3 1 1 3 3 1 3 3 3 0
-0.00014481838836806642 0 3 3 3 1 3 3 1 2 3 3 2 3 3 3 0
0.0016024092837570259 0 3 3 3 2 3 1 0 1 3 3 3 2 3 0 0
-0.0016024092837570259 0 3 3 3 2 3 1 0 2 3 3 3 1 3 0 0
-0.00014481838836806642 0 3 3 3 2 3 3 2 1 3 3 1 3 3 3 0
-0.00014481838836806642 0 3 3 3 2 3 3 2 2 3 3 2 3 3 3 0
-0.0016024092837570274 0 3 3 3 3 1 2 0 1 3 3 3 3 2 0 0
0.0016024092837570274 0 3 3 3 3 1 2 0 2 3 3 3 3 1 0 0
0.0016024092837570274 0 3 3 3 3 2 1 0 1 3 3 3 3 2 0 0
-0.0016024092837570274 0 3 3 3 3 2 1 0 2 3 3 3 3 1 0 0
0.0014214249548313489 0 3 3 3 3 3 1 1 1 3 3 3 3 3 0 1
0.0014214249548313489 0 3 3 3 3 3 1 1 2 3 3 3 3 3 0 2
0.0014214249548313489 0 3 3 3 3 3 2 2 1 3 3 3 3 3 0 1
0.0014214249548313489 0 3 3 3 3 3 2 2 2 3 3 3 3 3 0 2
0.006916056576772297 0 3 3 3 3 3 3 3 1 3 3 3 3 3 1 0
0.006916056576772297 0 3 3 3 3 3 3 3 2 3 3 3 3 3 2 0
0.0021238329063310865 0 3 3 3 3 3 3 3 0 1 3 3 3 3 3 1
0.0021238329063310865 0 3 3 3 3 3 3 3 0 2 3 3 3 3 3 2
0.04433206030559292 0 3 3 3 3 3 3 0 1 3 3 3 3 3 1 0
0.005494631621940947 0 3 3 3 3 3 3 0 1 3 3 3 3 3 1 3
0.004850261322433532 0 3 3 3 3 3 3 0 1 3 3 3 3 0 1 0
0.004850261322433531 0 3 3 3 3 3 3 0 1 3 3 3 0 3 1 0
0.004510856143689633 0 3 3 3 3 3 3 0 1 3 3 0 3 3 1 0
0.004510856143689632 0 3 3 3 3 3 3 0 1 3 0 3 3 3 1 0
0.011935843452137867 0 3 3 3 3 3 3 0 1 0 3 3 3 3 1 0
0.04433206030559292 0 3 3 3 3 3 3 0 2 3 3 3 3 3 2 0
0.005494631621940947 0 3 3 3 3 3 3 0 2 3 3 3 3 3 2 3
0.004850261322433532 0 3 3 3 3 3 3 0 2 3 3 3 3 0 2 0
0.004850261322433531 0 3 3 3 3 3 3 0 2 3 3 3 0 3 2 0
0.004510856143689633 0 3 3 3 3 3 3 0 2 3 3 0 3 3 2 0
0.004510856143689632 0 3 3 3 3 3 3 0 2 3 0 3 3 3 2 0
0.011935843452137867 0 3 3 3 3 3 3 0 2 0 3 3 3 3 2 0
0.00315200088545484 0 3 3 3 3 3 0 0 1 3 3 3 3 3 1 0
0.00315200088545484 0 3 3 3 3 3 0 0 2 3 3 3 3 3 2 0
0.0032478520386765054 0 3 3 3 3 0 3 0 1 3 3 3 3 3 1 0
0.0032478520386765054 0 3 3 3 3 0 3 0 2 3 3 3 3 3 2 0
0.0020584486857435215 0 3 3 3 0 1 3 1 1 3 3 1 0 3 3 0
0.0020584486857435215 0 3 3 3 0 1 3 1 2 3 3 2 0 3 3 0
0.0020584486857435215 0 3 3 3 0 2 3 2 1 3 3 1 0 3 3 0
0.0020584486857435215 0 3 3 3 0 2 3 2 2 3 3 2 0 3 3 0
2.7420238889281154e-05 0 3 3 3 0 3 3 3 1 3 3 1 1 3 3 1
-5.104955976671285e-05 0 3 3 3 0 3 3 3 1 3 3 1 2 3 3 2
7.846979865599402e-05 0 3 3 3 0 3 3 3 1 3 3 2 2 3 3 1
7.846979865599402e-05 0 3 3 3 0 3 3 3 2 3 3 1 1 3 3 2
-5.104955976671285e-05 0 3 3 3 0 3 3 3 2 3 3 2 1 3 3 1
2.7420238889281154e-05 0 3 3 3 0 3 3 3 2 3 3 2 2 3 3 2
0.0032478520386765054 0 3 3 3 0 3 3 0 1 3 3 3 3 3 1 0
0.0032478520386765054 0 3 3 3 0 3 3 0 2 3 3 3 3 3 2 0
-0.00038975129705875696 0 3 3 3 0 0 3 3 1 3 3 1 0 1 3 1
0.0007256184825265405 0 3 3 3 0 0 3 3 1 3 3 1 0 2 3 2
-0.0011153697795852975 0 3 3 3 0 0 3 3 1 3 3 2 0 2 3 1
-0.0011153697795852975 0 3 3 3 0 0 3 3 2 3 3 1 0 1 3 2
0.0007256184825265405 0 3 3 3 0 0 3 3 2 3 3 2 0 1 3 1
-0.00038975129705875696 0 3 3 3 0 0 3 3 2 3 3 2 0 2 3 2
0.0020584486857435228 0 3 3 0 1 3 3 1 1 3 1 0 3 3 3 0
0.0020584486857435228 0 3 3 0 1 3 3 1 2 3 2 0 3 3 3 0
0.0020584486857435228 0 3 3 0 2 3 3 2 1 3 1 0 3 3 3 0
0.0020584486857435228 0 3 3 0 2 3 3 2 2 3 2 0 3 3 3 0
0.003644698506920009 0 3 3 0 3 3 3 0 1 3 3 3 3 3 1 0
0.003644698506920009 0 3 3 0 3 3 3 0 2 3 3 3 3 3 2 0
0.00014481838836806853 0 3 3 0 0 1 3 1 1 3 1 0 0 3 3 0
0.00014481838836806853 0 3 3 0 0 1 3 1 2 3 2 0 0 3 3 0
0.00014481838836806853 0 3 3 0 0 2 3 2 1 3 1 0 0 3 3 0
0.00014481838836806853 0 3 3 0 0 2 3 2 2 3 2 0 0 3 3 0
-0.0003897512970587548 0 3 3 0 0 3 3 3 1 3 1 0 1 3 3 1
0.0007256184825265412 0 3 3 0 0 3 3 3 1 3 1 0 2 3 3 2
-0.001115369779585296 0 3 3 0 0 3 3 3 1 3 2 0 2 3 3 1
-0.001115369779585296 0 3 3 0 0 3 3 3 2 3 1 0 1 3 3 2
0.0007256184825265412 0 3 3 0 0 3 3 3 2 3 2 0 1 3 3 1
-0.0003897512970587548 0 3 3 0 0 3 3 3 2 3 2 0 2 3 3 2
-2.742023888927947e-05 0 3 3 0 0 0 3 3 1 3 1 0 0 1 3 1
5.104955976671371e-05 0 3 3 0 0 0 3 3 1 3 1 0 0 2 3 2
-7.846979865599318e-05 0 3 3 0 0 0 3 3 1 3 2 0 0 2 3 1
-7.846979865599318e-05 0 3 3 0 0 0 3 3 2 3 1 0 0 1 3 2
5.104955976671371e-05 0 3 3 0 0 0 3 3 2 3 2 0 0 1 3 1
-2.742023888927947e-05 0 3 3 0 0 0 3 3 2 3 2 0 0 2 3 2
0.0025695598000580896 0 3 0 1 1 0 0 0 1 1 0 3 0 0 0 0
0.0025695598000580896 0 3 0 1 1 0 0 0 2 2 0 3 0 0 0 0
-0.03652372501153507 0 3 0 1 3 1 0 0 1 1 0 3 3 0 0 0
-0.03652372501153507 0 3 0 1 3 1 0 0 2 2 0 3 3 0 0 0
0.0025695598000580896 0 3 0 2 2 0 0 0 1 1 0 3 0 0 0 0
0.0025695598000580896 0 3 0 2 2 0 0 0 2 2 0 3 0 0 0 0
-0.03652372501153507 0 3 0 2 3 2 0 0 1 1 0 3 3 0 0 0
-0.03652372501153507 0 3 0 2 3 2 0 0 2 2 0 3 3 0 0 0
0.06626714225799518 0 3 0 3 0 0 0 0 0 0 0 0 0 0 0 0
0.003644698506920008 0 3 0 3 3 3 3 0 1 3 3 3 3 3 1 0
0.003644698506920008 0 3 0 3 3 3 3 0 2 3 3 3 3 3 2 0
-0.001648251959603613 0 3 0 3 3 3 0 0 1 1 1 3 3 1 0 0
-0.0015298421681295587 0 3 0 3 3 3 0 0 1 1 2 3 3 2 0 0
-0.00011840979147405436 0 3 0 3 3 3 0 0 1 2 2 3 3 1 0 0
-0.00011840979147405436 0 3 0 3 3 3 0 0 2 1 1 3 3 2 0 0
-0.0015298421681295587 0 3 0 3 3 3 0 0 2 2 1 3 3 1 0 0
-0.001648251959603613 0 3 0 3 3 3 0 0 2 2 2 3 3 2 0 0
-0.023428254645377428 0 3 0 3 3 0 0 0 1 1 1 3 1 0 0 0
-0.021745177776579232 0 3 0 3 3 0 0 0 1 1 2 3 2 0 0 0
-0.0016830768687982 0 3 0 3 3 0 0 0 1 2 2 3 1 0 0 0
-0.0016830768687982 0 3 0 3 3 0 0 0 2 1 1 3 2 0 0 0
-0.021745177776579232 0 3 0 3 3 0 0 0 2 2 1 3 1 0 0 0
-0.023428254645377428 0 3 0 3 3 0 0 0 2 2 2 3 2 0 0 0
0.06474455570322231 0 3 0 0 3 0 0 0 0 0 0 0 0 0 0 0
-0.023428254645377455 0 3 0 0 3 3 0 0 1 1 0 1 3 1 0 0
-0.021745177776579257 0 3 0 0 3 3 0 0 1 1 0 2 3 2 0 0
-0.0016830768687981995 0 3 0 0 3 3 0 0 1 2 0 2 3 1 0 0
-0.0016830768687981995 0 3 0 0 3 3 0 0 2 1 0 1 3 2 0 0
-0.021745177776579257 0 3 0 0 3 3 0 0 2 2 0 1 3 1 0 0
-0.023428254645377455 0 3 0 0 3 3 0 0 2 2 0 2 3 2 0 0
0.001648251959603614 0 3 0 0 3 0 0 0 1 1 0 1 1 0 0 0
0.001529842168129562 0 3 0 0 3 0 0 0 1 1 0 2 2 0 0 0
0.00011840979147405185 0 3 0 0 3 0 0 0 1 2 0 2 1 0 0 0
0.00011840979147405185 0 3 0 0 3 0 0 0 2 1 0 1 2 0 0 0
0.001529842168129562 0 3 0 0 3 0 0 0 2 2 0 1 1 0 0 0
0.001648251959603614 0 3 0 0 3 0 0 0 2 2 0 2 2 0 0 0
0.06474455570322232 0 3 0 0 0 3 0 0 0 0 0 0 0 0 0 0
0.034604348345043986 0 3 0 0 0 0 1 1 1 1 0 0 0 0 3 0
0.034604348345043986 0 3 0 0 0 0 1 1 2 2 0 0 0 0 3 0
0.034604348345043986 0 3 0 0 0 0 2 2 1 1 0 0 0 0 3 0
0.034604348345043986 0 3 0 0 0 0 2 2 2 2 0 0 0 0 3 0
0.06569373086050616 0 3 0 0 0 0 3 0 0 0 0 0 0 0 0 0
0.06665701613020815 0 3 0 0 0 0 0 3 0 0 0 0 0 0 0 0
0.02326146239938011 0 3 0 0 0 0 0 3 1 1 0 0 0 0 1 1
0.01935752576556756 0 3 0 0 0 0 0 3 1 1 0 0 0 0 2 2
0.0039039366338125417 0 3 0 0 0 0 0 3 1 2 0 0 0 0 2 1
0.0039039366338125417 0 3 0 0 0 0 0 3 2 1 0 0 0 0 1 2
0.01935752576556756 0 3 0 0 0 0 0 3 2 2 0 0 0 0 1 1
0.02326146239938011 0 3 0 0 0 0 0 3 2 2 0 0 0 0 2 2
0.08046607443144482 0 3 0 0 0 0 0 0 3 0 0 0 0 0 0 0
0.08015866251628466 0 3 0 0 0 0 0 0 0 3 0 0 0 0 0 0
0.07974600843777963 0 3 0 0 0 0 0 0 0 0 3 0 0 0 0 0
0.07974600843777963 0 3 0 0 0 0 0 0 0 0 0 3 0 0 0 0
0.07990556066855325 0 3 0 0 0 0 0 0 0 0 0 0 3 0 0 0
0.07990556066855325 0 3 0 0 0 0 0 0 0 0 0 0 0 3 0 0
0.08045151680982607 0 3 0 0 0 0 0 0 0 0 0 0 0 0 3 0
0.08181895628004923 0 3 0 0 0 0 0 0 0 0 0 0 0 0 0 3
0.0002378124206300242 0 0 1 1 1 1 0 0 0 0 3 0 3 0 0 0
-0.030921646354282257 0 0 1 1 2 2 0 0 0 0 3 0 3 0 0 0
-0.002169442761150538 0 0 1 1 3 0 0 0 0 0 3 0 0 0 0 0
0.002169442761150533 0 0 1 1 0 3 0 0 0 0 3 0 0 0 0 0
0.003961494207414987 0 0 1 1 0 3 0 0 0 0 3 0 1 1 0 0
0.003961494207414987 0 0 1 1 0 3 0 0 0 0 3 0 2 2 0 0
0.0005601799925132827 0 0 1 1 0 0 0 0 0 0 3 0 3 0 0 0
-0.0005601799925133068 0 0 1 1 0 0 0 0 0 0 3 0 0 3 0 0
0.031159458774912278 0 0 1 2 2 1 0 0 0 0 3 0 3 0 0 0
-0.003953079982044584 0 0 1 2 0 0 0 0 0 0 1 2 0 0 0 0
0.003953079982044584 0 0 1 2 0 0 0 0 0 0 2 1 0 0 0 0
-0.029576916758061456 0 0 1 3 1 0 1 1 0 0 3 3 0 0 3 0
-0.029266367123467394 0 0 1 3 1 0 2 2 0 0 3 3 0 0 3 0
-0.03319823293068594 0 0 1 3 1 0 0 3 0 0 3 3 0 0 1 1
-0.03319823293068594 0 0 1 3 1 0 0 3 0 0 3 3 0 0 2 2
-0.034883140561697244 0 0 1 3 2 3 0 0 0 0 3 1 3 2 0 0
0.034883140561697244 0 0 1 3 2 3 0 0 0 0 3 2 3 1 0 0
-0.00031054963459405414 0 0 1 3 2 0 2 1 0 0 3 3 0 0 3 0
0.002729622753663821 0 0 1 3 2 0 0 0 0 0 3 1 2 0 0 0
-0.002729622753663821 0 0 1 3 2 0 0 0 0 0 3 2 1 0 0 0
-0.002080829824646225 0 0 1 3 3 1 1 1 0 0 3 3 3 0 3 0
-0.002058981673705334 0 0 1 3 3 1 2 2 0 0 3 3 3 0 3 0
-0.002335600893520974 0 0 1 3 3 1 0 3 0 0 3 3 3 0 1 1
-0.002335600893520974 0 0 1 3 3 1 0 3 0 0 3 3 3 0 2 2
-2.184815094089181e-05 0 0 1 3 3 2 2 1 0 0 3 3 3 0 3 0
0.0002766192198156408 0 0 1 3 3 3 2 3 0 0 3 3 3 1 3 2
-0.0002766192198156408 0 0 1 3 3 3 2 3 0 0 3 3 3 2 3 1
0.0008233496188068984 0 0 1 3 3 3 3 2 0 1 2 3 3 3 3 0
-0.0008233496188068984 0 0 1 3 3 3 3 2 0 2 1 3 3 3 3 0
0.000254771068874749 0 0 1 3 3 3 0 1 0 0 3 3 3 1 1 0
0.000254771068874749 0 0 1 3 3 3 0 1 0 0 3 3 3 2 2 0
0.003931865807218543 0 0 1 3 3 0 2 3 0 0 3 3 1 0 3 2
-0.003931865807218543 0 0 1 3 3 0 2 3 0 0 3 3 2 0 3 1
0.0036213161726244896 0 0 1 3 3 0 0 1 0 0 3 3 1 0 1 0
0.0036213161726244896 0 0 1 3 3 0 0 1 0 0 3 3 2 0 2 0
-0.0037236817867849635 0 0 1 3 0 1 0 0 0 0 3 1 1 0 0 0
-0.0037236817867849635 0 0 1 3 0 1 0 0 0 0 3 2 2 0 0 0
-0.0027296227536638402 0 0 1 3 0 2 0 0 0 0 3 1 0 2 0 0
0.0027296227536638402 0 0 1 3 0 2 0 0 0 0 3 2 0 1 0 0
0.010276658297777373 0 0 1 0 1 3 3 0 0 1 0 0 3 3 1 0
0.010276658297777373 0 0 1 0 1 3 3 0 0 2 0 0 3 3 2 0
-0.002729622753663831 0 0 1 0 2 3 0 0 0 0 1 0 3 2 0 0
0.002729622753663831 0 0 1 0 2 3 0 0 0 0 2 0 3 1 0 0
-0.04271457935732753 0 0 1 0 2 0 0 0 0 0 1 0 2 0 0 0
0.04271457935732753 0 0 1 0 2 0 0 0 0 0 2 0 1 0 0 0
0.0007229954784886389 0 0 1 0 0 1 3 0 0 1 0 0 0 3 1 0
0.0007229954784886389 0 0 1 0 0 1 3 0 0 2 0 0 0 3 2 0
-0.002729622753663831 0 0 1 0 0 1 0 0 0 0 1 0 1 0 0 0
-0.002729622753663831 0 0 1 0 0 1 0 0 0 0 2 0 2 0 0 0
-0.0041077570088453265 0 0 1 0 0 2 0 0 0 0 1 0 0 2 0 0
0.0041077570088453265 0 0 1 0 0 2 0 0 0 0 2 0 0 1 0 0
0.001624390838210638 0 0 1 0 0 3 2 0 0 1 0 0 2 3 0 0
-0.001624390838210638 0 0 1 0 0 3 2 0 0 2 0 0 1 3 0 0
0.00011428104324327586 0 0 1 0 0 0 2 0 0 1 0 0 0 2 0 0
-0.00011428104324327586 0 0 1 0 0 0 2 0 0 2 0 0 0 1 0 0
-0.0041378890016543135 0 0 1 0 0 0 2 0 0 0 1 0 0 0 2 0
0.0041378890016543135 0 0 1 0 0 0 2 0 0 0 2 0 0 0 1 0
-0.00406238736188255 0 0 1 0 0 0 0 2 0 0 1 0 0 0 0 2
0.00406238736188255 0 0 1 0 0 0 0 2 0 0 2 0 0 0 0 1
0.031159458774912278 0 0 2 1 1 2 0 0 0 0 3 0 3 0 0 0
0.003953079982044584 0 0 2 1 0 0 0 0 0 0 1 2 0 0 0 0
-0.003953079982044584 0 0 2 1 0 0 0 0 0 0 2 1 0 0 0 0
-0.030921646354282257 0 0 2 2 1 1 0 0 0 0 3 0 3 0 0 0
0.0002378124206300242 0 0 2 2 2 2 0 0 0 0 3 0 3 0 0 0
-0.002169442761150538 0 0 2 2 3 0 0 0 0 0 3 0 0 0 0 0
0.002169442761150533 0 0 2 2 0 3 0 0 0 0 3 0 0 0 0 0
0.003961494207414987 0 0 2 2 0 3 0 0 0 0 3 0 1 1 0 0
0.003961494207414987 0 0 2 2 0 3 0 0 0 0 3 0 2 2 0 0
0.0005601799925132827 0 0 2 2 0 0 0 0 0 0 3 0 3 0 0 0
-0.0005601799925133068 0 0 2 2 0 0 0 0 0 0 3 0 0 3 0 0
0.034883140561697244 0 0 2 3 1 3 0 0 0 0 3 1 3 2 0 0
-0.034883140561697244 0 0 2 3 1 3 0 0 0 0 3 2 3 1 0 0
-0.00031054963459405414 0 0 2 3 1 0 1 2 0 0 3 3 0 0 3 0
-0.002729622753663821 0 0 2 3 1 0 0 0 0 0 3 1 2 0 0 0
0.002729622753663821 0 0 2 3 1 0 0 0 0 0 3 2 1 0 0 0
-0.029266367123467394 0 0 2 3 2 0 1 1 0 0 3 3 0 0 3 0
-0.029576916758061456 0 0 2 3 2 0 2 2 0 0 3 3 0 0 3 0
-0.03319823293068594 0 0 2 3 2 0 0 3 0 0 3 3 0 0 1 1
-0.03319823293068594 0 0 2 3 2 0 0 3 0 0 3 3 0 0 2 2
-2.184815094089181e-05 0 0 2 3 3 1 1 2 0 0 3 3 3 0 3 0
-0.002058981673705334 0 0 2 3 3 2 1 1 0 0 3 3 3 0 3 0
-0.002080829824646225 0 0 2 3 3 2 2 2 0 0 3 3 3 0 3 0
-0.002335600893520974 0 0 2 3 3 2 0 3 0 0 3 3 3 0 1 1
-0.002335600893520974 0 0 2 3 3 2 0 3 0 0 3 3 3 0 2 2
-0.0002766192198156408 0 0 2 3 3 3 1 3 0 0 3 3 3 1 3 2
0.0002766192198156408 0 0 2 3 3 3 1 3 0 0 3 3 3 2 3 1
-0.0008233496188068984 0 0 2 3 3 3 3 1 0 1 2 3 3 3 3 0
0.0008233496188068984 0 0 2 3 3 3 3 1 0 2 1 3 3 3 3 0
0.000254771068874749 0 0 2 3 3 3 0 2 0 0 3 3 3 1 1 0
0.000254771068874749 0 0 2 3 3 3 0 2 0 0 3 3 3 2 2 0
-0.003931865807218543 0 0 2 3 3 0 1 3 0 0 3 3 1 0 3 2
0.003931865807218543 0 0 2 3 3 0 1 3 0 0 3 3 2 0 3 1
0.0036213161726244896 0 0 2 3 3 0 0 2 0 0 3 3 1 0 1 0
0.0036213161726244896 0 0 2 3 3 0 0 2 0 0 3 3 2 0 2 0
0.0027296227536638402 0 0 2 3 0 1 0 0 0 0 3 1 0 2 0 0
-0.0027296227536638402 0 0 2 3 0 1 0 0 0 0 3 2 0 1 0 0
-0.0037236817867849635 0 0 2 3 0 2 0 0 0 0 3 1 1 0 0 0
-0.0037236817867849635 0 0 2 3 0 2 0 0 0 0 3 2 2 0 0 0
0.002729622753663831 0 0 2 0 1 3 0 0 0 0 1 0 3 2 0 0
-0.002729622753663831 0 0 2 0 1 3 0 0 0 0 2 0 3 1 0 0
0.04271457935732753 0 0 2 0 1 0 0 0 0 0 1 0 2 0 0 0
-0.04271457935732753 0 0 2 0 1 0 0 0 0 0 2 0 1 0 0 0
0.010276658297777373 0 0 2 0 2 3 3 0 0 1 0 0 3 3 1 0
0.010276658297777373 0 0 2 0 2 3 3 0 0 2 0 0 3 3 2 0
0.0041077570088453265 0 0 2 0 0 1 0 0 0 0 1 0 0 2 0 0
-0.0041077570088453265 0 0 2 0 0 1 0 0 0 0 2 0 0 1 0 0
0.0007229954784886389 0 0 2 0 0 2 3 0 0 1 0 0 0 3 1 0
0.0007229954784886389 0 0 2 0 0 2 3 0 0 2 0 0 0 3 2 0
-0.002729622753663831 0 0 2 0 0 2 0 0 0 0 1 0 1 0 0 0
-0.002729622753663831 0 0 2 0 0 2 0 0 0 0 2 0 2 0 0 0
-0.001624390838210638 0 0 2 0 0 3 1 0 0 1 0 0 2 3 0 0
0.001624390838210638 0 0 2 0 0 3 1 0 0 2 0 0 1 3 0 0
-0.00011428104324327586 0 0 2 0 0 0 1 0 0 1 0 0 0 2 0 0
0.00011428104324327586 0 0 2 0 0 0 1 0 0 2 0 0 0 1 0 0
0.0041378890016543135 0 0 2 0 0 0 1 0 0 0 1 0 0 0 2 0
-0.0041378890016543135 0 0 2 0 0 0 1 0 0 0 2 0 0 0 1 0
0.00406238736188255 0 0 2 0 0 0 0 1 0 0 1 0 0 0 0 2
-0.00406238736188255 0 0 2 0 0 0 0 1 0 0 2 0 0 0 0 1
0.9766893537310328 0 0 3 0 0 0 0 0 0 0 0 0 0 0 0 0
-0.0007229954784886349 0 0 3 1 1 3 3 0 0 1 3 0 3 3 1 0
-0.0007229954784886349 0 0 3 1 1 3 3 0 0 2 3 0 3 3 2 0
0.0008233496188068989 0 0 3 1 3 3 3 2 0 1 3 2 3 3 3 0
-0.0008233496188068989 0 0 3 1 3 3 3 2 0 2 3 1 3 3 3 0
0.010276658297777375 0 0 3 1 0 1 3 0 0 1 3 0 0 3 1 0
0.010276658297777375 0 0 3 1 0 1 3 0 0 2 3 0 0 3 2 0
-0.00011428104324327434 0 0 3 1 0 3 2 0 0 1 3 0 2 3 0 0
0.00011428104324327434 0 0 3 1 0 3 2 0 0 2 3 0 1 3 0 0
0.0016243908382106383 0 0 3 1 0 0 2 0 0 1 3 0 0 2 0 0
-0.0016243908382106383 0 0 3 1 0 0 2 0 0 2 3 0 0 1 0 0
-0.0007229954784886349 0 0 3 2 2 3 3 0 0 1 3 0 3 3 1 0
-0.0007229954784886349 0 0 3 2 2 3 3 0 0 2 3 0 3 3 2 0
-0.0008233496188068989 0 0 3 2 3 3 3 1 0 1 3 2 3 3 3 0
0.0008233496188068989 0 0 3 2 3 3 3 1 0 2 3 1 3 3 3 0
0.010276658297777375 0 0 3 2 0 2 3 0 0 1 3 0 0 3 1 0
0.010276658297777375 0 0 3 2 0 2 3 0 0 2 3 0 0 3 2 0
0.00011428104324327434 0 0 3 2 0 3 1 0 0 1 3 0 2 3 0 0
-0.00011428104324327434 0 0 3 2 0 3 1 0 0 2 3 0 1 3 0 0
-0.0016243908382106383 0 0 3 2 0 0 1 0 0 1 3 0 0 2 0 0
0.0016243908382106383 0 0 3 2 0 0 1 0 0 2 3 0 0 1 0 0
0.07293877967868811 0 0 3 3 0 0 0 0 0 0 0 0 0 0 0 0
0.00015159647665814814 0 0 3 3 1 3 1 0 0 1 3 1 3 3 0 0
0.00015159647665814814 0 0 3 3 1 3 1 0 0 2 3 2 3 3 0 0
0.001371539630580031 0 0 3 3 1 3 3 2 0 1 3 3 2 3 3 0
-0.001371539630580031 0 0 3 3 1 3 3 2 0 2 3 3 1 3 3 0
0.00015159647665814814 0 0 3 3 2 3 2 0 0 1 3 1 3 3 0 0
0.00015159647665814814 0 0 3 3 2 3 2 0 0 2 3 2 3 3 0 0
-0.001371539630580031 0 0 3 3 2 3 3 1 0 1 3 3 2 3 3 0
0.001371539630580031 0 0 3 3 2 3 3 1 0 2 3 3 1 3 3 0
0.0013715396305800293 0 0 3 3 3 1 3 2 0 1 3 3 3 2 3 0
-0.0013715396305800293 0 0 3 3 3 1 3 2 0 2 3 3 3 1 3 0
-0.0013715396305800293 0 0 3 3 3 2 3 1 0 1 3 3 3 2 3 0
0.0013715396305800293 0 0 3 3 3 2 3 1 0 2 3 3 3 1 3 0
-0.011530567333844237 0 0 3 3 3 3 1 2 0 1 3 3 3 3 2 0
0.011530567333844237 0 0 3 3 3 3 1 2 0 2 3 3 3 3 1 0
0.011530567333844237 0 0 3 3 3 3 2 1 0 1 3 3 3 3 2 0
-0.011530567333844237 0 0 3 3 3 3 2 1 0 2 3 3 3 3 1 0
0.004931114255956915 0 0 3 3 3 3 3 3 3 1 3 3 3 3 3 1
0.004931114255956915 0 0 3 3 3 3 3 3 3 2 3 3 3 3 3 2
0.05461723547165952 0 0 3 3 3 3 3 3 0 1 3 3 3 3 3 1
0.01333285313664559 0 0 3 3 3 3 3 3 0 1 3 3 3 3 0 1
0.0028826004207206405 0 0 3 3 3 3 3 3 0 1 3 3 3 0 3 1
0.0028826004207206397 0 0 3 3 3 3 3 3 0 1 3 3 0 3 3 1
0.003750205251895975 0 0 3 3 3 3 3 3 0 1 3 0 3 3 3 1
0.003750205251895976 0 0 3 3 3 3 3 3 0 1 0 3 3 3 3 1
0.05461723547165952 0 0 3 3 3 3 3 3 0 2 3 3 3 3 3 2
0.01333285313664559 0 0 3 3 3 3 3 3 0 2 3 3 3 3 0 2
0.0028826004207206405 0 0 3 3 3 3 3 3 0 2 3 3 3 0 3 2
0.0028826004207206397 0 0 3 3 3 3 3 3 0 2 3 3 0 3 3 2
0.003750205251895975 0 0 3 3 3 3 3 3 0 2 3 0 3 3 3 2
0.003750205251895976 0 0 3 3 3 3 3 3 0 2 0 3 3 3 3 2
0.0017392927731273932 0 0 3 3 3 3 3 0 1 3 3 3 3 3 1 0
0.0017392927731273932 0 0 3 3 3 3 3 0 2 3 3 3 3 3 2 0
0.005887807611221761 0 0 3 3 3 3 3 0 0 1 3 3 3 3 3 1
0.005887807611221761 0 0 3 3 3 3 3 0 0 2 3 3 3 3 3 2
0.0018022858028013508 0 0 3 3 3 3 0 3 0 1 3 3 3 3 3 1
0.0018022858028013508 0 0 3 3 3 3 0 3 0 2 3 3 3 3 3 2
0.0042541400513006694 0 0 3 3 3 0 3 3 0 1 3 3 3 3 3 1
0.0042541400513006694 0 0 3 3 3 0 3 3 0 2 3 3 3 3 3 2
-0.002154792438010065 0 0 3 3 0 1 1 0 0 1 3 1 0 3 0 0
-0.002154792438010065 0 0 3 3 0 1 1 0 0 2 3 2 0 3 0 0
-0.002154792438010065 0 0 3 3 0 2 2 0 0 1 3 1 0 3 0 0
-0.002154792438010065 0 0 3 3 0 2 2 0 0 2 3 2 0 3 0 0
0.00425414005130067 0 0 3 3 0 3 3 3 0 1 3 3 3 3 3 1
0.00425414005130067 0 0 3 3 0 3 3 3 0 2 3 3 3 3 3 2
-0.0005713990018304868 0 0 3 3 0 3 3 0 0 1 3 1 1 3 1 0
3.7315433414873806e-05 0 0 3 3 0 3 3 0 0 1 3 1 2 3 2 0
-0.0006087144352453607 0 0 3 3 0 3 3 0 0 1 3 2 2 3 1 0
-0.0006087144352453607 0 0 3 3 0 3 3 0 0 2 3 1 1 3 2 0
3.7315433414873806e-05 0 0 3 3 0 3 3 0 0 2 3 2 1 3 1 0
-0.0005713990018304868 0 0 3 3 0 3 3 0 0 2 3 2 2 3 2 0
0.00812186585976731 0 0 3 3 0 0 3 0 0 1 3 1 0 1 1 0
-0.0005304015997994266 0 0 3 3 0 0 3 0 0 1 3 1 0 2 2 0
0.008652267459566739 0 0 3 3 0 0 3 0 0 1 3 2 0 2 1 0
0.008652267459566739 0 0 3 3 0 0 3 0 0 2 3 1 0 1 2 0
-0.0005304015997994266 0 0 3 3 0 0 3 0 0 2 3 2 0 1 1 0
0.00812186585976731 0 0 3 3 0 0 3 0 0 2 3 2 0 2 2 0
0.002169442761150517 0 0 3 0 1 1 0 0 0 0 0 0 3 0 0 0
-0.002154792438010065 0 0 3 0 1 3 1 0 0 1 1 0 3 3 0 0
-0.002154792438010065 0 0 3 0 1 3 1 0 0 2 2 0 3 3 0 0
0.002169442761150517 0 0 3 0 2 2 0 0 0 0 0 0 3 0 0 0
-0.002154792438010065 0 0 3 0 2 3 2 0 0 1 1 0 3 3 0 0
-0.002154792438010065 0 0 3 0 2 3 2 0 0 2 2 0 3 3 0 0
0.04224691178360819 0 0 3 0 3 0 0 0 0 0 0 0 0 0 0 0
0.004573554870702874 0 0 3 0 3 3 3 3 0 1 3 3 3 3 3 1
0.004573554870702874 0 0 3 0 3 3 3 3 0 2 3 3 3 3 3 2
-0.00015159647665814984 0 0 3 0 0 1 1 0 0 1 1 0 0 3 0 0
-0.00015159647665814984 0 0 3 0 0 1 1 0 0 2 2 0 0 3 0 0
-0.00015159647665814984 0 0 3 0 0 2 2 0 0 1 1 0 0 3 0 0
-0.00015159647665814984 0 0 3 0 0 2 2 0 0 2 2 0 0 3 0 0
0.07293074571726042 0 0 3 0 0 3 0 0 0 0 0 0 0 0 0 0
0.008121865859767308 0 0 3 0 0 3 3 0 0 1 1 0 1 3 1 0
-0.0005304015997994269 0 0 3 0 0 3 3 0 0 1 1 0 2 3 2 0
0.008652267459566737 0 0 3 0 0 3 3 0 0 1 2 0 2 3 1 0
0.008652267459566737 0 0 3 0 0 3 3 0 0 2 1 0 1 3 2 0
-0.0005304015997994269 0 0 3 0 0 3 3 0 0 2 2 0 1 3 1 0
0.008121865859767308 0 0 3 0 0 3 3 0 0 2 2 0 2 3 2 0
-0.0005601799925133146 0 0 3 0 0 3 0 0 0 0 0 0 1 1 0 0
-0.0005601799925133146 0 0 3 0 0 3 0 0 0 0 0 0 2 2 0 0
0.0733942253417362 0 0 3 0 0 0 3 0 0 0 0 0 0 0 0 0
0.000571399001830489 0 0 3 0 0 0 3 0 0 1 1 0 0 1 1 0
-3.731543341487394e-05 0 0 3 0 0 0 3 0 0 1 1 0 0 2 2 0
0.000608714435245363 0 0 3 0 0 0 3 0 0 1 2 0 0 2 1 0
0.000608714435245363 0 0 3 0 0 0 3 0 0 2 1 0 0 1 2 0
-3.731543341487394e-05 0 0 3 0 0 0 3 0 0 2 2 0 0 1 1 0
0.000571399001830489 0 0 3 0 0 0 3 0 0 2 2 0 0 2 2 0
0.0754276919418022 0 0 3 0 0 0 0 3 0 0 0 0 0 0 0 0
0.08066332296982978 0 0 3 0 0 0 0 0 3 0 0 0 0 0 0 0
0.07974600843777963 0 0 3 0 0 0 0 0 0 3 0 0 0 0 0 0
0.08479801962482192 0 0 3 0 0 0 0 0 0 0 3 0 0 0 0 0
0.0768918596607327 0 0 3 0 0 0 0 0 0 0 0 3 0 0 0 0
0.08496149114093572 0 0 3 0 0 0 0 0 0 0 0 0 3 0 0 0
0.07703850272610574 0 0 3 0 0 0 0 0 0 0 0 0 0 3 0 0
0.07753211434339052 0 0 3 0 0 0 0 0 0 0 0 0 0 0 3 0
0.07949007930368476 0 0 3 0 0 0 0 0 0 0 0 0 0 0 0 3
-0.0037236817867849635 0 0 0 1 1 3 0 0 0 0 1 0 3 1 0 0
-0.0037236817867849635 0 0 0 1 1 3 0 0 0 0 2 0 3 2 0 0
0.0020808298246462204 0 0 0 1 1 0 1 1 0 0 0 3 0 0 3 0
0.0020589816737053286 0 0 0 1 1 0 2 2 0 0 0 3 0 0 3 0
0.0023356008935209653 0 0 0 1 1 0 0 3 0 0 0 3 0 0 1 1
0.0023356008935209653 0 0 0 1 1 0 0 3 0 0 0 3 0 0 2 2
0.002729622753663821 0 0 0 1 1 0 0 0 0 0 1 0 1 0 0 0
0.002729622753663821 0 0 0 1 1 0 0 0 0 0 2 0 2 0 0 0
0.002729622753663816 0 0 0 1 2 3 0 0 0 0 0 1 3 2 0 0
-0.002729622753663816 0 0 0 1 2 3 0 0 0 0 0 2 3 1 0 0
2.184815094089132e-05 0 0 0 1 2 0 2 1 0 0 0 3 0 0 3 0
-0.004107757008845325 0 0 0 1 2 0 0 0 0 0 0 1 2 0 0 0
0.004107757008845325 0 0 0 1 2 0 0 0 0 0 0 2 1 0 0 0
-0.029576916758061463 0 0 0 1 3 1 1 1 0 0 0 3 3 0 3 0
-0.029266367123467397 0 0 0 1 3 1 2 2 0 0 0 3 3 0 3 0
-0.03319823293068595 0 0 0 1 3 1 0 3 0 0 0 3 3 0 1 1
-0.03319823293068595 0 0 0 1 3 1 0 3 0 0 0 3 3 0 2 2
-0.00031054963459405447 0 0 0 1 3 2 2 1 0 0 0 3 3 0 3 0
0.0039318658072185425 0 0 0 1 3 3 2 3 0 0 0 3 3 1 3 2
-0.0039318658072185425 0 0 0 1 3 3 2 3 0 0 0 3 3 2 3 1
0.003621316172624488 0 0 0 1 3 3 0 1 0 0 0 3 3 1 1 0
0.003621316172624488 0 0 0 1 3 3 0 1 0 0 0 3 3 2 2 0
-0.0002766192198156366 0 0 0 1 3 0 2 3 0 0 0 3 1 0 3 2
0.0002766192198156366 0 0 0 1 3 0 2 3 0 0 0 3 2 0 3 1
-0.00025477106887474525 0 0 0 1 3 0 0 1 0 0 0 3 1 0 1 0
-0.00025477106887474525 0 0 0 1 3 0 0 1 0 0 0 3 2 0 2 0
-0.00272962275366384 0 0 0 1 0 1 0 0 0 0 1 0 0 1 0 0
-0.00272962275366384 0 0 0 1 0 1 0 0 0 0 2 0 0 2 0 0
0.0027296227536638164 0 0 0 1 0 1 0 0 0 0 0 1 1 0 0 0
0.0027296227536638164 0 0 0 1 0 1 0 0 0 0 0 2 2 0 0 0
-0.034883140561697244 0 0 0 1 0 2 0 0 0 0 1 0 2 0 0 0
0.034883140561697244 0 0 0 1 0 2 0 0 0 0 2 0 1 0 0 0
-0.04271457935732754 0 0 0 1 0 2 0 0 0 0 0 1 0 2 0 0
0.04271457935732754 0 0 0 1 0 2 0 0 0 0 0 2 0 1 0 0
-0.004137889001654312 0 0 0 1 0 0 2 0 0 0 0 1 0 0 2 0
0.004137889001654312 0 0 0 1 0 0 2 0 0 0 0 2 0 0 1 0
-0.00406238736188255 0 0 0 1 0 0 0 2 0 0 0 1 0 0 0 2
0.00406238736188255 0 0 0 1 0 0 0 2 0 0 0 2 0 0 0 1
-0.002729622753663816 0 0 0 2 1 3 0 0 0 0 0 1 3 2 0 0
0.002729622753663816 0 0 0 2 1 3 0 0 0 0 0 2 3 1 0 0
2.184815094089132e-05 0 0 0 2 1 0 1 2 0 0 0 3 0 0 3 0
0.004107757008845325 0 0 0 2 1 0 0 0 0 0 0 1 2 0 0 0
-0.004107757008845325 0 0 0 2 1 0 0 0 0 0 0 2 1 0 0 0
-0.0037236817867849635 0 0 0 2 2 3 0 0 0 0 1 0 3 1 0 0
-0.0037236817867849635 0 0 0 2 2 3 0 0 0 0 2 0 3 2 0 0
0.0020589816737053286 0 0 0 2 2 0 1 1 0 0 0 3 0 0 3 0
0.0020808298246462204 0 0 0 2 2 0 2 2 0 0 0 3 0 0 3 0
0.0023356008935209653 0 0 0 2 2 0 0 3 0 0 0 3 0 0 1 1
0.0023356008935209653 0 0 0 2 2 0 0 3 0 0 0 3 0 0 2 2
0.002729622753663821 0 0 0 2 2 0 0 0 0 0 1 0 1 0 0 0
0.002729622753663821 0 0 0 2 2 0 0 0 0 0 2 0 2 0 0 0
-0.00031054963459405447 0 0 0 2 3 1 1 2 0 0 0 3 3 0 3 0
-0.029266367123467397 0 0 0 2 3 2 1 1 0 0 0 3 3 0 3 0
-0.029576916758061463 0 0 0 2 3 2 2 2 0 0 0 3 3 0 3 0
-0.03319823293068595 0 0 0 2 3 2 0 3 0 0 0 3 3 0 1 1
-0.03319823293068595 0 0 0 2 3 2 0 3 0 0 0 3 3 0 2 2
-0.0039318658072185425 0 0 0 2 3 3 1 3 0 0 0 3 3 1 3 2
0.0039318658072185425 0 0 0 2 3 3 1 3 0 0 0 3 3 2 3 1
0.003621316172624488 0 0 0 2 3 3 0 2 0 0 0 3 3 1 1 0
0.003621316172624488 0 0 0 2 3 3 0 2 0 0 0 3 3 2 2 0
0.0002766192198156366 0 0 0 2 3 0 1 3 0 0 0 3 1 0 3 2
-0.0002766192198156366 0 0 0 2 3 0 1 3 0 0 0 3 2 0 3 1
-0.00025477106887474525 0 0 0 2 3 0 0 2 0 0 0 3 1 0 1 0
-0.00025477106887474525 0 0 0 2 3 0 0 2 0 0 0 3 2 0 2 0
0.034883140561697244 0 0 0 2 0 1 0 0 0 0 1 0 2 0 0 0
-0.034883140561697244 0 0 0 2 0 1 0 0 0 0 2 0 1 0 0 0
0.04271457935732754 0 0 0 2 0 1 0 0 0 0 0 1 0 2 0 0
-0.04271457935732754 0 0 0 2 0 1 0 0 0 0 0 2 0 1 0 0
-0.00272962275366384 0 0 0 2 0 2 0 0 0 0 1 0 0 1 0 0
-0.00272962275366384 0 0 0 2 0 2 0 0 0 0 2 0 0 2 0 0
0.0027296227536638164 0 0 0 2 0 2 0 0 0 0 0 1 1 0 0 0
0.0027296227536638164 0 0 0 2 0 2 0 0 0 0 0 2 2 0 0 0
0.004137889001654312 0 0 0 2 0 0 1 0 0 0 0 1 0 0 2 0
-0.004137889001654312 0 0 0 2 0 0 1 0 0 0 0 2 0 0 1 0
0.00406238736188255 0 0 0 2 0 0 0 1 0 0 0 1 0 0 0 2
-0.00406238736188255 0 0 0 2 0 0 0 1 0 0 0 2 0 0 0 1
0.976689353731031 0 0 0 3 0 0 0 0 0 0 0 0 0 0 0 0
0.003961494207414987 0 0 0 3 1 1 0 0 0 0 1 1 3 0 0 0
0.003961494207414987 0 0 0 3 1 1 0 0 0 0 2 2 3 0 0 0
-0.0021694427611505434 0 0 0 3 1 1 0 0 0 0 0 0 3 0 0 0
0.0036213161726244896 0 0 0 3 1 0 1 3 0 0 1 3 0 0 3 1
0.0036213161726244896 0 0 0 3 1 0 1 3 0 0 2 3 0 0 3 2
0.003931865807218543 0 0 0 3 1 0 0 2 0 0 1 3 0 0 2 0
-0.003931865807218543 0 0 0 3 1 0 0 2 0 0 2 3 0 0 1 0
0.003961494207414987 0 0 0 3 2 2 0 0 0 0 1 1 3 0 0 0
0.003961494207414987 0 0 0 3 2 2 0 0 0 0 2 2 3 0 0 0
-0.0021694427611505434 0 0 0 3 2 2 0 0 0 0 0 0 3 0 0 0
0.0036213161726244896 0 0 0 3 2 0 2 3 0 0 1 3 0 0 3 1
0.0036213161726244896 0 0 0 3 2 0 2 3 0 0 2 3 0 0 3 2
-0.003931865807218543 0 0 0 3 2 0 0 1 0 0 1 3 0 0 2 0
0.003931865807218543 0 0 0 3 2 0 0 1 0 0 2 3 0 0 1 0
0.07293074571726042 0 0 0 3 3 0 0 0 0 0 0 0 0 0 0 0
0.000254771068874749 0 0 0 3 3 1 1 3 0 0 1 3 3 0 3 1
0.000254771068874749 0 0 0 3 3 1 1 3 0 0 2 3 3 0 3 2
0.0002766192198156408 0 0 0 3 3 1 0 2 0 0 1 3 3 0 2 0
-0.0002766192198156408 0 0 0 3 3 1 0 2 0 0 2 3 3 0 1 0
0.000254771068874749 0 0 0 3 3 2 2 3 0 0 1 3 3 0 3 1
0.000254771068874749 0 0 0 3 3 2 2 3 0 0 2 3 3 0 3 2
-0.0002766192198156408 0 0 0 3 3 2 0 1 0 0 1 3 3 0 2 0
0.0002766192198156408 0 0 0 3 3 2 0 1 0 0 2 3 3 0 1 0
-0.002335600893520974 0 0 0 3 3 3 1 1 0 0 1 3 3 1 3 0
-0.002335600893520974 0 0 0 3 3 3 1 1 0 0 2 3 3 2 3 0
-0.002335600893520974 0 0 0 3 3 3 2 2 0 0 1 3 3 1 3 0
-0.002335600893520974 0 0 0 3 3 3 2 2 0 0 2 3 3 2 3 0
0.004573554870702875 0 0 0 3 3 3 3 3 0 1 3 3 3 3 3 1
0.004573554870702875 0 0 0 3 3 3 3 3 0 2 3 3 3 3 3 2
-0.002080829824646225 0 0 0 3 3 3 0 3 0 0 1 3 3 1 1 1
-0.002058981673705334 0 0 0 3 3 3 0 3 0 0 1 3 3 1 2 2
-2.184815094089181e-05 0 0 0 3 3 3 0 3 0 0 1 3 3 2 2 1
-2.184815094089181e-05 0 0 0 3 3 3 0 3 0 0 2 3 3 1 1 2
-0.002058981673705334 0 0 0 3 3 3 0 3 0 0 2 3 3 2 1 1
-0.002080829824646225 0 0 0 3 3 3 0 3 0 0 2 3 3 2 2 2
-0.03319823293068594 0 0 0 3 3 0 1 1 0 0 1 3 1 0 3 0
-0.03319823293068594 0 0 0 3 3 0 1 1 0 0 2 3 2 0 3 0
-0.03319823293068594 0 0 0 3 3 0 2 2 0 0 1 3 1 0 3 0
-0.03319823293068594 0 0 0 3 3 0 2 2 0 0 2 3 2 0 3 0
-0.029576916758061456 0 0 0 3 3 0 0 3 0 0 1 3 1 0 1 1
-0.029266367123467394 0 0 0 3 3 0 0 3 0 0 1 3 1 0 2 2
-0.00031054963459405414 0 0 0 3 3 0 0 3 0 0 1 3 2 0 2 1
-0.00031054963459405414 0 0 0 3 3 0 0 3 0 0 2 3 1 0 1 2
-0.029266367123467394 0 0 0 3 3 0 0 3 0 0 2 3 2 0 1 1
-0.029576916758061456 0 0 0 3 3 0 0 3 0 0 2 3 2 0 2 2
0.0005601799925132827 0 0 0 3 3 0 0 0 0 0 1 1 0 0 0 0
0.0005601799925132827 0 0 0 3 3 0 0 0 0 0 2 2 0 0 0 0
0.042246911783608204 0 0 0 3 0 3 0 0 0 0 0 0 0 0 0 0
-0.0005601799925133068 0 0 0 3 0 3 0 0 0 0 1 1 0 0 0 0
0.0002378124206300242 0 0 0 3 0 3 0 0 0 0 1 1 1 1 0 0
-0.030921646354282257 0 0 0 3 0 3 0 0 0 0 1 1 2 2 0 0
0.031159458774912278 0 0 0 3 0 3 0 0 0 0 1 2 2 1 0 0
0.031159458774912278 0 0 0 3 0 3 0 0 0 0 2 1 1 2 0 0
-0.0005601799925133068 0 0 0 3 0 3 0 0 0 0 2 2 0 0 0 0
-0.030921646354282257 0 0 0 3 0 3 0 0 0 0 2 2 1 1 0 0
0.0002378124206300242 0 0 0 3 0 3 0 0 0 0 2 2 2 2 0 0
0.0005601799925132729 0 0 0 3 0 3 0 0 0 0 0 0 1 1 0 0
0.0005601799925132729 0 0 0 3 0 3 0 0 0 0 0 0 2 2 0 0
0.07339422534173622 0 0 0 3 0 0 3 0 0 0 0 0 0 0 0 0
0.07542769194180222 0 0 0 3 0 0 0 3 0 0 0 0 0 0 0 0
0.08066332296982978 0 0 0 3 0 0 0 0 3 0 0 0 0 0 0 0
0.07974600843777963 0 0 0 3 0 0 0 0 0 3 0 0 0 0 0 0
-0.002169442761150538 0 0 0 3 0 0 0 0 0 0 1 1 3 0 0 0
0.002169442761150533 0 0 0 3 0 0 0 0 0 0 1 1 0 3 0 0
-0.002169442761150538 0 0 0 3 0 0 0 0 0 0 2 2 3 0 0 0
0.002169442761150533 0 0 0 3 0 0 0 0 0 0 2 2 0 3 0 0
0.0768918596607327 0 0 0 3 0 0 0 0 0 0 3 0 0 0 0 0
0.0847980196248219 0 0 0 3 0 0 0 0 0 0 0 3 0 0 0 0
0.07703850272610574 0 0 0 3 0 0 0 0 0 0 0 0 3 0 0 0
0.08496149114093574 0 0 0 3 0 0 0 0 0 0 0 0 0 3 0 0
0.07753211434339052 0 0 0 3 0 0 0 0 0 0 0 0 0 0 3 0
0.07949007930368476 0 0 0 3 0 0 0 0 0 0 0 0 0 0 0 3
-0.0005601799925133146 0 0 0 0 1 1 0 0 0 0 3 0 3 0 0 0
0.0005601799925132729 0 0 0 0 1 1 0 0 0 0 0 3 3 0 0 0
-0.004052217305590529 0 0 0 0 1 2 0 0 0 0 0 0 1 2 0 0
0.004052217305590529 0 0 0 0 1 2 0 0 0 0 0 0 2 1 0 0
-0.00025477106887474525 0 0 0 0 1 0 1 3 0 0 0 1 0 0 3 1
-0.00025477106887474525 0 0 0 0 1 0 1 3 0 0 0 2 0 0 3 2
-0.0038751284701835256 0 0 0 0 1 0 2 0 0 0 0 0 1 0 2 0
0.0038751284701835256 0 0 0 0 1 0 2 0 0 0 0 0 2 0 1 0
-0.0002766192198156366 0 0 0 0 1 0 0 2 0 0 0 1 0 0 2 0
0.0002766192198156366 0 0 0 0 1 0 0 2 0 0 0 2 0 0 1 0
-0.004384317878194689 0 0 0 0 1 0 0 2 0 0 0 0 1 0 0 2
0.004384317878194689 0 0 0 0 1 0 0 2 0 0 0 0 2 0 0 1
0.004052217305590529 0 0 0 0 2 1 0 0 0 0 0 0 1 2 0 0
-0.004052217305590529 0 0 0 0 2 1 0 0 0 0 0 0 2 1 0 0
-0.0005601799925133146 0 0 0 0 2 2 0 0 0 0 3 0 3 0 0 0
0.0005601799925132729 0 0 0 0 2 2 0 0 0 0 0 3 3 0 0 0
0.0038751284701835256 0 0 0 0 2 0 1 0 0 0 0 0 1 0 2 0
-0.0038751284701835256 0 0 0 0 2 0 1 0 0 0 0 0 2 0 1 0
-0.00025477106887474525 0 0 0 0 2 0 2 3 0 0 0 1 0 0 3 1
-0.00025477106887474525 0 0 0 0 2 0 2 3 0 0 0 2 0 0 3 2
0.0002766192198156366 0 0 0 0 2 0 0 1 0 0 0 1 0 0 2 0
-0.0002766192198156366 0 0 0 0 2 0 0 1 0 0 0 2 0 0 1 0
0.004384317878194689 0 0 0 0 2 0 0 1 0 0 0 0 1 0 0 2
-0.004384317878194689 0 0 0 0 2 0 0 1 0 0 0 0 2 0 0 1
0.968128715854583 0 0 0 0 3 0 0 0 0 0 0 0 0 0 0 0
0.003621316172624488 0 0 0 0 3 1 1 3 0 0 0 1 3 0 3 1
0.003621316172624488 0 0 0 0 3 1 1 3 0 0 0 2 3 0 3 2
0.0039318658072185425 0 0 0 0 3 1 0 2 0 0 0 1 3 0 2 0
-0.0039318658072185425 0 0 0 0 3 1 0 2 0 0 0 2 3 0 1 0
0.003621316172624488 0 0 0 0 3 2 2 3 0 0 0 1 3 0 3 1
0.003621316172624488 0 0 0 0 3 2 2 3 0 0 0 2 3 0 3 2
-0.0039318658072185425 0 0 0 0 3 2 0 1 0 0 0 1 3 0 2 0
0.0039318658072185425 0 0 0 0 3 2 0 1 0 0 0 2 3 0 1 0
0.073071032171552 0 0 0 0 3 3 0 0 0 0 0 0 0 0 0 0
-0.03319823293068595 0 0 0 0 3 3 1 1 0 0 0 1 3 1 3 0
-0.03319823293068595 0 0 0 0 3 3 1 1 0 0 0 2 3 2 3 0
-0.03319823293068595 0 0 0 0 3 3 2 2 0 0 0 1 3 1 3 0
-0.03319823293068595 0 0 0 0 3 3 2 2 0 0 0 2 3 2 3 0
-0.029576916758061463 0 0 0 0 3 3 0 3 0 0 0 1 3 1 1 1
-0.029266367123467397 0 0 0 0 3 3 0 3 0 0 0 1 3 1 2 2
-0.00031054963459405447 0 0 0 0 3 3 0 3 0 0 0 1 3 2 2 1
-0.00031054963459405447 0 0 0 0 3 3 0 3 0 0 0 2 3 1 1 2
-0.029266367123467397 0 0 0 0 3 3 0 3 0 0 0 2 3 2 1 1
-0.029576916758061463 0 0 0 0 3 3 0 3 0 0 0 2 3 2 2 2
0.0023356008935209653 0 0 0 0 3 0 1 1 0 0 0 1 1 0 3 0
0.0023356008935209653 0 0 0 0 3 0 1 1 0 0 0 2 2 0 3 0
0.0023356008935209653 0 0 0 0 3 0 2 2 0 0 0 1 1 0 3 0
0.0023356008935209653 0 0 0 0 3 0 2 2 0 0 0 2 2 0 3 0
0.07363722597569572 0 0 0 0 3 0 3 0 0 0 0 0 0 0 0 0
0.07505296124583542 0 0 0 0 3 0 0 3 0 0 0 0 0 0 0 0
0.0020808298246462204 0 0 0 0 3 0 0 3 0 0 0 1 1 0 1 1
0.0020589816737053286 0 0 0 0 3 0 0 3 0 0 0 1 1 0 2 2
2.184815094089132e-05 0 0 0 0 3 0 0 3 0 0 0 1 2 0 2 1
2.184815094089132e-05 0 0 0 0 3 0 0 3 0 0 0 2 1 0 1 2
0.0020589816737053286 0 0 0 0 3 0 0 3 0 0 0 2 2 0 1 1
0.0020808298246462204 0 0 0 0 3 0 0 3 0 0 0 2 2 0 2 2
0.08066167300539642 0 0 0 0 3 0 0 0 3 0 0 0 0 0 0 0
0.07990556066855325 0 0 0 0 3 0 0 0 0 3 0 0 0 0 0 0
0.08496149114093572 0 0 0 0 3 0 0 0 0 0 3 0 0 0 0 0
0.07703850272610574 0 0 0 0 3 0 0 0 0 0 0 3 0 0 0 0
0.08522768408832358 0 0 0 0 3 0 0 0 0 0 0 0 3 0 0 0
0.07712324947714254 0 0 0 0 3 0 0 0 0 0 0 0 0 3 0 0
0.07751235444587926 0 0 0 0 3 0 0 0 0 0 0 0 0 0 3 0
0.0794372791240301 0 0 0 0 3 0 0 0 0 0 0 0 0 0 0 3
-0.0038751284701835256 0 0 0 0 0 1 2 0 0 0 0 0 0 1 2 0
0.0038751284701835256 0 0 0 0 0 1 2 0 0 0 0 0 0 2 1 0
-0.004384317878194688 0 0 0 0 0 1 0 2 0 0 0 0 0 1 0 2
0.004384317878194688 0 0 0 0 0 1 0 2 0 0 0 0 0 2 0 1
0.0038751284701835256 0 0 0 0 0 2 1 0 0 0 0 0 0 1 2 0
-0.0038751284701835256 0 0 0 0 0 2 1 0 0 0 0 0 0 2 1 0
0.004384317878194688 0 0 0 0 0 2 0 1 0 0 0 0 0 1 0 2
-0.004384317878194688 0 0 0 0 0 2 0 1 0 0 0 0 0 2 0 1
0.9681287158545835 0 0 0 0 0 3 0 0 0 0 0 0 0 0 0 0
0.07363722597569573 0 0 0 0 0 3 3 0 0 0 0 0 0 0 0 0
0.07505296124583545 0 0 0 0 0 3 0 3 0 0 0 0 0 0 0 0
0.08066167300539642 0 0 0 0 0 3 0 0 3 0 0 0 0 0 0 0
0.07990556066855325 0 0 0 0 0 3 0 0 0 3 0 0 0 0 0 0
0.07703850272610574 0 0 0 0 0 3 0 0 0 0 3 0 0 0 0 0
0.002169442761150517 0 0 0 0 0 3 0 0 0 0 3 0 1 1 0 0
0.002169442761150517 0 0 0 0 0 3 0 0 0 0 3 0 2 2 0 0
0.08496149114093574 0 0 0 0 0 3 0 0 0 0 0 3 0 0 0 0
-0.0021694427611505434 0 0 0 0 0 3 0 0 0 0 0 3 1 1 0 0
-0.0021694427611505434 0 0 0 0 0 3 0 0 0 0 0 3 2 2 0 0
0.07712324947714254 0 0 0 0 0 3 0 0 0 0 0 0 3 0 0 0
0.08522768408832361 0 0 0 0 0 3 0 0 0 0 0 0 0 3 0 0
0.07751235444587926 0 0 0 0 0 3 0 0 0 0 0 0 0 0 3 0
0.07943727912403012 0 0 0 0 0 3 0 0 0 0 0 0 0 0 0 3
-0.03883289312492776 0 0 0 0 0 0 1 2 0 0 0 0 0 0 1 2
0.03883289312492776 0 0 0 0 0 0 1 2 0 0 0 0 0 0 2 1
0.03883289312492776 0 0 0 0 0 0 2 1 0 0 0 0 0 0 1 2
-0.03883289312492776 0 0 0 0 0 0 2 1 0 0 0 0 0 0 2 1
1.0063473214978969 0 0 0 0 0 0 3 0 0 0 0 0 0 0 0 0
0.04899303098530267 0 0 0 0 0 0 3 3 0 0 0 0 0 0 0 0
0.08156006907141547 0 0 0 0 0 0 3 0 3 0 0 0 0 0 0 0
0.08045151680982607 0 0 0 0 0 0 3 0 0 3 0 0 0 0 0 0
0.07753211434339052 0 0 0 0 0 0 3 0 0 0 3 0 0 0 0 0
0.07753211434339052 0 0 0 0 0 0 3 0 0 0 0 3 0 0 0 0
0.07751235444587926 0 0 0 0 0 0 3 0 0 0 0 0 3 0 0 0
0.07751235444587926 0 0 0 0 0 0 3 0 0 0 0 0 0 3 0 0
0.08696336006100297 0 0 0 0 0 0 3 0 0 0 0 0 0 0 3 0
0.08782592411023042 0 0 0 0 0 0 3 0 0 0 0 0 0 0 0 3
0.9709073410446292 0 0 0 0 0 0 0 3 0 0 0 0 0 0 0 0
0.08407600840552952 0 0 0 0 0 0 0 3 3 0 0 0 0 0 0 0
0.08181895628004923 0 0 0 0 0 0 0 3 0 3 0 0 0 0 0 0
0.07949007930368476 0 0 0 0 0 0 0 3 0 0 3 0 0 0 0 0
0.07949007930368476 0 0 0 0 0 0 0 3 0 0 0 3 0 0 0 0
0.0794372791240301 0 0 0 0 0 0 0 3 0 0 0 0 3 0 0 0
0.07943727912403012 0 0 0 0 0 0 0 3 0 0 0 0 0 3 0 0
0.08782592411023042 0 0 0 0 0 0 0 3 0 0 0 0 0 0 3 0
0.09024061443210302 0 0 0 0 0 0 0 3 0 0 0 0 0 0 0 3
1.220759539710734 0 0 0 0 0 0 0 0 3 0 0 0 0 0 0 0
0.044989441518901746 0 0 0 0 0 0 0 0 3 3 0 0 0 0 0 0
0.06603866046769588 0 0 0 0 0 0 0 0 3 0 3 0 0 0 0 0
0.06603866046769588 0 0 0 0 0 0 0 0 3 0 0 3 0 0 0 0
0.06780432367886302 0 0 0 0 0 0 0 0 3 0 0 0 3 0 0 0
0.06780432367886302 0 0 0 0 0 0 0 0 3 0 0 0 0 3 0 0
0.06561956891916665 0 0 0 0 0 0 0 0 3 0 0 0 0 0 3 0
0.07154346695424618 0 0 0 0 0 0 0 0 3 0 0 0 0 0 0 3
1.1882628448397667 0 0 0 0 0 0 0 0 0 3 0 0 0 0 0 0
0.06626714225799518 0 0 0 0 0 0 0 0 0 3 3 0 0 0 0 0
0.06626714225799518 0 0 0 0 0 0 0 0 0 3 0 3 0 0 0 0
0.06474455570322231 0 0 0 0 0 0 0 0 0 3 0 0 3 0 0 0
0.06474455570322232 0 0 0 0 0 0 0 0 0 3 0 0 0 3 0 0
0.06569373086050616 0 0 0 0 0 0 0 0 0 3 0 0 0 0 3 0
0.06665701613020815 0 0 0 0 0 0 0 0 0 3 0 0 0 0 0 3
0.9766893537310332 0 0 0 0 0 0 0 0 0 0 3 0 0 0 0 0
0.07293877967868811 0 0 0 0 0 0 0 0 0 0 3 3 0 0 0 0
0.04224691178360819 0 0 0 0 0 0 0 0 0 0 3 0 3 0 0 0
0.07293074571726042 0 0 0 0 0 0 0 0 0 0 3 0 0 3 0 0
0.0733942253417362 0 0 0 0 0 0 0 0 0 0 3 0 0 0 3 0
0.0754276919418022 0 0 0 0 0 0 0 0 0 0 3 0 0 0 0 3
0.9766893537310314 0 0 0 0 0 0 0 0 0 0 0 3 0 0 0 0
0.07293074571726042 0 0 0 0 0 0 0 0 0 0 0 3 3 0 0 0
0.042246911783608204 0 0 0 0 0 0 0 0 0 0 0 3 0 3 0 0
0.07339422534173622 0 0 0 0 0 0 0 0 0 0 0 3 0 0 3 0
0.07542769194180222 0 0 0 0 0 0 0 0 0 0 0 3 0 0 0 3
0.9681287158545827 0 0 0 0 0 0 0 0 0 0 0 0 3 0 0 0
0.073071032171552 0 0 0 0 0 0 0 0 0 0 0 0 3 3 0 0
0.07363722597569572 0 0 0 0 0 0 0 0 0 0 0 0 3 0 3 0
0.07505296124583542 0 0 0 0 0 0 0 0 0 0 0 0 3 0 0 3
0.9681287158545832 0 0 0 0 0 0 0 0 0 0 0 0 0 3 0 0
0.07363722597569573 0 0 0 0 0 0 0 0 0 0 0 0 0 3 3 0
0.07505296124583545 0 0 0 0 0 0 0 0 0 0 0 0 0 3 0 3
1.006347321497897 0 0 0 0 0 0 0 0 0 0 0 0 0 0 3 0
0.04899303098530267 0 0 0 0 0 0 0 0 0 0 0 0 0 0 3 3
0.9709073410446294 0 0 0 0 0 0 0 0 0 0 0 0 0 0 0 3
