-5080.703071557108 0 0 0 0 0 0 0 0 0 0 0 0 0 0 0 0
0.019415809336086564 1 1 1 3 3 3 3 1 3 0 3 3 3 3 3 0
0.01197442973331163 1 1 2 3 3 3 3 2 3 0 3 3 3 3 3 0
-0.015632820600687183 1 1 3 0 0 0 0 0 3 1 1 0 0 0 0 0
-0.015632820600687183 1 1 3 0 0 0 0 0 3 2 2 0 0 0 0 0
-0.018058820661765437 1 1 0 1 3 1 0 0 3 0 0 3 3 0 0 0
0.00039725825233329906 1 1 0 1 3 3 1 0 3 0 0 3 3 3 0 0
-0.014876754385803846 1 1 0 2 3 2 0 0 3 0 0 3 3 0 0 0
0.0003272591028166508 1 1 0 2 3 3 2 0 3 0 0 3 3 3 0 0
0.026017536979309523 1 1 0 3 3 3 3 3 3 0 1 3 3 3 3 1
0.026017536979309523 1 1 0 3 3 3 3 3 3 0 2 3 3 3 3 2
-0.0003972582523333077 1 1 0 0 1 1 0 0 3 0 0 0 3 0 0 0
-0.018058820661765434 1 1 0 0 1 3 1 0 3 0 0 0 3 3 0 0
-0.0003272591028166607 1 1 0 0 2 2 0 0 3 0 0 0 3 0 0 0
-0.014876754385803846 1 1 0 0 2 3 2 0 3 0 0 0 3 3 0 0
0.0006578199389056803 1 1 0 0 3 3 3 0 3 0 0 1 3 3 1 0
0.0006578199389056803 1 1 0 0 3 3 3 0 3 0 0 2 3 3 2 0
-0.029903601082311094 1 1 0 0 3 3 0 0 3 0 0 1 3 1 0 0
-0.029903601082311094 1 1 0 0 3 3 0 0 3 0 0 2 3 2 0 0
-0.029903601082311094 1 1 0 0 0 3 3 0 3 0 0 0 1 3 1 0
-0.029903601082311094 1 1 0 0 0 3 3 0 3 0 0 0 2 3 2 0
-0.0006578199389056865 1 1 0 0 0 3 0 0 3 0 0 0 1 1 0 0
-0.0006578199389056865 1 1 0 0 0 3 0 0 3 0 0 0 2 2 0 0
0.007441379602774932 1 2 2 3 3 3 3 1 3 0 3 3 3 3 3 0
-0.006636355422134303 1 2 3 3 3 3 3 3 1 3 3 3 3 3 3 2
0.006636355422134303 1 2 3 3 3 3 3 3 2 3 3 3 3 3 3 1
-0.003182066275961585 1 2 0 2 3 1 0 0 3 0 0 3 3 0 0 0
6.999914951664828e-05 1 2 0 2 3 3 1 0 3 0 0 3 3 3 0 0
-6.999914951664693e-05 1 2 0 0 2 1 0 0 3 0 0 0 3 0 0 0
-0.003182066275961587 1 2 0 0 2 3 1 0 3 0 0 0 3 3 0 0
-0.026703310180961094 1 2 0 0 0 0 0 0 1 2 0 0 0 0 0 0
0.026703310180961094 1 2 0 0 0 0 0 0 2 1 0 0 0 0 0 0
-0.007375843030066505 1 3 1 3 0 0 0 0 3 3 0 0 0 0 0 0
-0.00737584303006651 1 3 1 0 3 0 0 0 3 3 0 0 0 0 0 0
-0.007351774243923042 1 3 1 0 0 3 0 0 3 3 0 0 0 0 0 0
-0.0073517742439230364 1 3 1 0 0 0 3 0 3 3 0 0 0 0 0 0
-0.006388918338224671 1 3 1 0 0 0 0 3 3 3 0 0 0 0 0 0
-0.0011254769902758963 1 3 1 0 0 0 0 0 3 0 0 0 0 0 0 0
-0.06834661902737596 1 3 1 0 0 0 0 0 3 3 0 0 0 0 0 0
-0.0031775427581650063 1 3 1 0 0 0 0 0 3 3 3 0 0 0 0 0
-0.005804255057469569 1 3 1 0 0 0 0 0 3 3 0 3 0 0 0 0
-0.005804255057469574 1 3 1 0 0 0 0 0 3 3 0 0 3 0 0 0
-0.004027323442925616 1 3 1 0 0 0 0 0 3 3 0 0 0 3 0 0
-0.004027323442925612 1 3 1 0 0 0 0 0 3 3 0 0 0 0 3 0
-0.01028673681999555 1 3 1 0 0 0 0 0 3 3 0 0 0 0 0 3
-0.014842567549238964 1 3 1 0 0 0 0 0 0 3 0 0 0 0 0 0
-0.014043107245997893 1 3 2 3 3 3 3 3 3 1 3 3 3 3 3 2
0.014043107245997893 1 3 2 3 3 3 3 3 3 2 3 3 3 3 3 1
0.0023042684779642163 1 3 3 1 0 1 3 1 3 3 3 0 0 3 3 0
-0.0017380720217365676 1 3 3 1 0 2 3 2 3 3 3 0 0 3 3 0
-5.068933822466208e-05 1 3 3 1 0 0 1 1 3 3 3 0 0 0 3 0
3.8234138691368056e-05 1 3 3 1 0 0 2 2 3 3 3 0 0 0 3 0
-0.004628308697180657 1 3 3 1 0 0 3 3 3 3 3 0 0 1 3 1
-0.004628308697180657 1 3 3 1 0 0 3 3 3 3 3 0 0 2 3 2
0.0001018136155587304 1 3 3 1 0 0 0 3 3 3 3 0 0 0 1 1
0.0001018136155587304 1 3 3 1 0 0 0 3 3 3 3 0 0 0 2 2
0.0040423404997007835 1 3 3 2 0 2 3 1 3 3 3 0 0 3 3 0
-8.892347691603013e-05 1 3 3 2 0 0 2 1 3 3 3 0 0 0 3 0
0.0015715879725969359 1 3 3 2 0 0 0 0 3 3 1 2 0 0 0 0
-0.0015715879725969359 1 3 3 2 0 0 0 0 3 3 2 1 0 0 0 0
5.0689338224665074e-05 1 3 3 3 1 1 3 1 3 3 3 3 0 3 3 0
-3.823413869136776e-05 1 3 3 3 1 2 3 2 3 3 3 3 0 3 3 0
0.0023042684779642185 1 3 3 3 1 0 1 1 3 3 3 3 0 0 3 0
-0.001738072021736567 1 3 3 3 1 0 2 2 3 3 3 3 0 0 3 0
-0.00010181361555872892 1 3 3 3 1 0 3 3 3 3 3 3 0 1 3 1
-0.00010181361555872892 1 3 3 3 1 0 3 3 3 3 3 3 0 2 3 2
-0.0046283086971806555 1 3 3 3 1 0 0 3 3 3 3 3 0 0 1 1
-0.0046283086971806555 1 3 3 3 1 0 0 3 3 3 3 3 0 0 2 2
8.892347691603283e-05 1 3 3 3 2 2 3 1 3 3 3 3 0 3 3 0
0.004042340499700784 1 3 3 3 2 0 2 1 3 3 3 3 0 0 3 0
6.357947686736119e-05 1 3 3 3 3 2 3 3 3 3 3 3 1 3 3 2
-6.357947686736119e-05 1 3 3 3 3 2 3 3 3 3 3 3 2 3 3 1
0.0028902366754440887 1 3 3 3 3 0 2 3 3 3 3 3 1 0 3 2
-0.0028902366754440887 1 3 3 3 3 0 2 3 3 3 3 3 2 0 3 1
0.000152502953783394 1 3 3 3 3 0 3 1 3 3 3 3 1 1 3 0
0.000152502953783394 1 3 3 3 3 0 3 1 3 3 3 3 2 2 3 0
0.006932577175144875 1 3 3 3 3 0 0 1 3 3 3 3 1 0 1 0
0.006932577175144875 1 3 3 3 3 0 0 1 3 3 3 3 2 0 2 0
0.0028902366754440887 1 3 3 3 0 2 3 3 3 3 3 1 0 3 3 2
-0.0028902366754440887 1 3 3 3 0 2 3 3 3 3 3 2 0 3 3 1
-6.357947686736231e-05 1 3 3 3 0 0 2 3 3 3 3 1 0 0 3 2
6.357947686736231e-05 1 3 3 3 0 0 2 3 3 3 3 2 0 0 3 1
0.006932577175144873 1 3 3 3 0 0 3 1 3 3 3 1 0 1 3 0
0.006932577175144873 1 3 3 3 0 0 3 1 3 3 3 2 0 2 3 0
-0.00015250295378339243 1 3 3 3 0 0 0 1 3 3 3 1 0 0 1 0
-0.00015250295378339243 1 3 3 3 0 0 0 1 3 3 3 2 0 0 2 0
0.0015715879725969363 1 3 3 0 2 0 0 0 3 3 1 0 2 0 0 0
-0.0015715879725969363 1 3 3 0 2 0 0 0 3 3 2 0 1 0 0 0
0.003324450800997426 1 3 3 0 0 2 0 0 3 3 1 0 0 2 0 0
-0.003324450800997426 1 3 3 0 0 2 0 0 3 3 2 0 0 1 0 0
0.0033244508009974247 1 3 3 0 0 0 2 0 3 3 1 0 0 0 2 0
-0.0033244508009974247 1 3 3 0 0 0 2 0 3 3 2 0 0 0 1 0
-0.0038978184817708788 1 3 3 0 0 0 0 2 3 3 1 0 0 0 0 2
0.0038978184817708788 1 3 3 0 0 0 0 2 3 3 2 0 0 0 0 1
-0.0003305608360890296 1 3 0 2 3 3 3 0 3 1 0 3 3 3 2 0
0.0003305608360890296 1 3 0 2 3 3 3 0 3 2 0 3 3 3 1 0
0.015026846696507248 1 3 0 2 3 3 0 0 3 1 0 3 3 2 0 0
-0.015026846696507248 1 3 0 2 3 3 0 0 3 2 0 3 3 1 0 0
-0.006601727643222962 1 3 0 3 3 3 3 1 3 1 1 3 3 3 3 0
-0.006601727643222962 1 3 0 3 3 3 3 1 3 2 2 3 3 3 3 0
0.01502684669650725 1 3 0 0 2 3 3 0 3 1 0 0 3 3 2 0
-0.01502684669650725 1 3 0 0 2 3 3 0 3 2 0 0 3 3 1 0
0.00033056083608902595 1 3 0 0 2 3 0 0 3 1 0 0 3 2 0 0
-0.00033056083608902595 1 3 0 0 2 3 0 0 3 2 0 0 3 1 0 0
0.01184478042054566 1 3 0 0 3 1 0 0 3 1 0 1 3 0 0 0
0.01184478042054566 1 3 0 0 3 1 0 0 3 2 0 2 3 0 0 0
-0.00026056168657238133 1 3 0 0 3 3 1 0 3 1 0 1 3 3 0 0
-0.00026056168657238133 1 3 0 0 3 3 1 0 3 2 0 2 3 3 0 0
0.000260561686572379 1 3 0 0 0 1 0 0 3 1 0 0 1 0 0 0
0.000260561686572379 1 3 0 0 0 1 0 0 3 2 0 0 2 0 0 0
0.011844780420545658 1 3 0 0 0 3 1 0 3 1 0 0 1 3 0 0
0.011844780420545658 1 3 0 0 0 3 1 0 3 2 0 0 2 3 0 0
-0.016758297590963072 1 0 1 0 0 0 0 0 3 3 0 0 0 0 0 0
-0.01638822116852304 1 0 2 0 0 0 0 0 1 0 2 0 0 0 0 0
0.01638822116852304 1 0 2 0 0 0 0 0 2 0 1 0 0 0 0 0
-0.006636355422134302 1 0 3 3 3 3 3 1 1 1 3 3 3 3 3 0
-0.006636355422134302 1 0 3 3 3 3 3 1 2 2 3 3 3 3 3 0
-0.015165955363728837 1 0 0 2 0 0 0 0 1 0 0 2 0 0 0 0
0.015165955363728837 1 0 0 2 0 0 0 0 2 0 0 1 0 0 0 0
-0.01516595536372885 1 0 0 0 2 0 0 0 1 0 0 0 2 0 0 0
0.01516595536372885 1 0 0 0 2 0 0 0 2 0 0 0 1 0 0 0
-0.011140656716863774 1 0 0 0 0 2 0 0 1 0 0 0 0 2 0 0
0.011140656716863774 1 0 0 0 0 2 0 0 2 0 0 0 0 1 0 0
-0.011140656716863763 1 0 0 0 0 0 2 0 1 0 0 0 0 0 2 0
0.011140656716863763 1 0 0 0 0 0 2 0 2 0 0 0 0 0 1 0
-0.012217508136928677 1 0 0 0 0 0 0 2 1 0 0 0 0 0 0 2
0.012217508136928677 1 0 0 0 0 0 0 2 2 0 0 0 0 0 0 1
0.007441379602774932 2 1 1 3 3 3 3 2 3 0 3 3 3 3 3 0
0.006636355422134303 2 1 3 3 3 3 3 3 1 3 3 3 3 3 3 2
-0.006636355422134303 2 1 3 3 3 3 3 3 2 3 3 3 3 3 3 1
-0.003182066275961585 2 1 0 1 3 2 0 0 3 0 0 3 3 0 0 0
6.999914951664828e-05 2 1 0 1 3 3 2 0 3 0 0 3 3 3 0 0
-6.999914951664693e-05 2 1 0 0 1 2 0 0 3 0 0 0 3 0 0 0
-0.003182066275961587 2 1 0 0 1 3 2 0 3 0 0 0 3 3 0 0
0.026703310180961094 2 1 0 0 0 0 0 0 1 2 0 0 0 0 0 0
-0.026703310180961094 2 1 0 0 0 0 0 0 2 1 0 0 0 0 0 0
0.01197442973331163 2 2 1 3 3 3 3 1 3 0 3 3 3 3 3 0
0.019415809336086564 2 2 2 3 3 3 3 2 3 0 3 3 3 3 3 0
-0.015632820600687183 2 2 3 0 0 0 0 0 3 1 1 0 0 0 0 0
-0.015632820600687183 2 2 3 0 0 0 0 0 3 2 2 0 0 0 0 0
-0.014876754385803846 2 2 0 1 3 1 0 0 3 0 0 3 3 0 0 0
0.0003272591028166508 2 2 0 1 3 3 1 0 3 0 0 3 3 3 0 0
-0.018058820661765437 2 2 0 2 3 2 0 0 3 0 0 3 3 0 0 0
0.00039725825233329906 2 2 0 2 3 3 2 0 3 0 0 3 3 3 0 0
0.026017536979309523 2 2 0 3 3 3 3 3 3 0 1 3 3 3 3 1
0.026017536979309523 2 2 0 3 3 3 3 3 3 0 2 3 3 3 3 2
-0.0003272591028166607 2 2 0 0 1 1 0 0 3 0 0 0 3 0 0 0
-0.014876754385803846 2 2 0 0 1 3 1 0 3 0 0 0 3 3 0 0
-0.0003972582523333077 2 2 0 0 2 2 0 0 3 0 0 0 3 0 0 0
-0.018058820661765434 2 2 0 0 2 3 2 0 3 0 0 0 3 3 0 0
0.0006578199389056803 2 2 0 0 3 3 3 0 3 0 0 1 3 3 1 0
0.0006578199389056803 2 2 0 0 3 3 3 0 3 0 0 2 3 3 2 0
-0.029903601082311094 2 2 0 0 3 3 0 0 3 0 0 1 3 1 0 0
-0.029903601082311094 2 2 0 0 3 3 0 0 3 0 0 2 3 2 0 0
-0.029903601082311094 2 2 0 0 0 3 3 0 3 0 0 0 1 3 1 0
-0.029903601082311094 2 2 0 0 0 3 3 0 3 0 0 0 2 3 2 0
-0.0006578199389056865 2 2 0 0 0 3 0 0 3 0 0 0 1 1 0 0
-0.0006578199389056865 2 2 0 0 0 3 0 0 3 0 0 0 2 2 0 0
0.014043107245997893 2 3 1 3 3 3 3 3 3 1 3 3 3 3 3 2
-0.014043107245997893 2 3 1 3 3 3 3 3 3 2 3 3 3 3 3 1
-0.007375843030066505 2 3 2 3 0 0 0 0 3 3 0 0 0 0 0 0
-0.00737584303006651 2 3 2 0 3 0 0 0 3 3 0 0 0 0 0 0
-0.007351774243923042 2 3 2 0 0 3 0 0 3 3 0 0 0 0 0 0
-0.0073517742439230364 2 3 2 0 0 0 3 0 3 3 0 0 0 0 0 0
-0.006388918338224671 2 3 2 0 0 0 0 3 3 3 0 0 0 0 0 0
-0.0011254769902758963 2 3 2 0 0 0 0 0 3 0 0 0 0 0 0 0
-0.06834661902737596 2 3 2 0 0 0 0 0 3 3 0 0 0 0 0 0
-0.0031775427581650063 2 3 2 0 0 0 0 0 3 3 3 0 0 0 0 0
-0.005804255057469569 2 3 2 0 0 0 0 0 3 3 0 3 0 0 0 0
-0.005804255057469574 2 3 2 0 0 0 0 0 3 3 0 0 3 0 0 0
-0.004027323442925616 2 3 2 0 0 0 0 0 3 3 0 0 0 3 0 0
-0.004027323442925612 2 3 2 0 0 0 0 0 3 3 0 0 0 0 3 0
-0.01028673681999555 2 3 2 0 0 0 0 0 3 3 0 0 0 0 0 3
-0.014842567549238964 2 3 2 0 0 0 0 0 0 3 0 0 0 0 0 0
0.0040423404997007835 2 3 3 1 0 1 3 2 3 3 3 0 0 3 3 0
-8.892347691603013e-05 2 3 3 1 0 0 1 2 3 3 3 0 0 0 3 0
-0.0015715879725969359 2 3 3 1 0 0 0 0 3 3 1 2 0 0 0 0
0.0015715879725969359 2 3 3 1 0 0 0 0 3 3 2 1 0 0 0 0
-0.0017380720217365676 2 3 3 2 0 1 3 1 3 3 3 0 0 3 3 0
0.0023042684779642163 2 3 3 2 0 2 3 2 3 3 3 0 0 3 3 0
3.8234138691368056e-05 2 3 3 2 0 0 1 1 3 3 3 0 0 0 3 0
-5.068933822466208e-05 2 3 3 2 0 0 2 2 3 3 3 0 0 0 3 0
-0.004628308697180657 2 3 3 2 0 0 3 3 3 3 3 0 0 1 3 1
-0.004628308697180657 2 3 3 2 0 0 3 3 3 3 3 0 0 2 3 2
0.0001018136155587304 2 3 3 2 0 0 0 3 3 3 3 0 0 0 1 1
0.0001018136155587304 2 3 3 2 0 0 0 3 3 3 3 0 0 0 2 2
8.892347691603283e-05 2 3 3 3 1 1 3 2 3 3 3 3 0 3 3 0
0.004042340499700784 2 3 3 3 1 0 1 2 3 3 3 3 0 0 3 0
-3.823413869136776e-05 2 3 3 3 2 1 3 1 3 3 3 3 0 3 3 0
5.0689338224665074e-05 2 3 3 3 2 2 3 2 3 3 3 3 0 3 3 0
-0.001738072021736567 2 3 3 3 2 0 1 1 3 3 3 3 0 0 3 0
0.0023042684779642185 2 3 3 3 2 0 2 2 3 3 3 3 0 0 3 0
-0.00010181361555872892 2 3 3 3 2 0 3 3 3 3 3 3 0 1 3 1
-0.00010181361555872892 2 3 3 3 2 0 3 3 3 3 3 3 0 2 3 2
-0.0046283086971806555 2 3 3 3 2 0 0 3 3 3 3 3 0 0 1 1
-0.0046283086971806555 2 3 3 3 2 0 0 3 3 3 3 3 0 0 2 2
-6.357947686736119e-05 2 3 3 3 3 1 3 3 3 3 3 3 1 3 3 2
6.357947686736119e-05 2 3 3 3 3 1 3 3 3 3 3 3 2 3 3 1
-0.0028902366754440887 2 3 3 3 3 0 1 3 3 3 3 3 1 0 3 2
0.0028902366754440887 2 3 3 3 3 0 1 3 3 3 3 3 2 0 3 1
0.000152502953783394 2 3 3 3 3 0 3 2 3 3 3 3 1 1 3 0
0.000152502953783394 2 3 3 3 3 0 3 2 3 3 3 3 2 2 3 0
0.006932577175144875 2 3 3 3 3 0 0 2 3 3 3 3 1 0 1 0
0.006932577175144875 2 3 3 3 3 0 0 2 3 3 3 3 2 0 2 0
-0.0028902366754440887 2 3 3 3 0 1 3 3 3 3 3 1 0 3 3 2
0.0028902366754440887 2 3 3 3 0 1 3 3 3 3 3 2 0 3 3 1
6.357947686736231e-05 2 3 3 3 0 0 1 3 3 3 3 1 0 0 3 2
-6.357947686736231e-05 2 3 3 3 0 0 1 3 3 3 3 2 0 0 3 1
0.006932577175144873 2 3 3 3 0 0 3 2 3 3 3 1 0 1 3 0
0.006932577175144873 2 3 3 3 0 0 3 2 3 3 3 2 0 2 3 0
-0.00015250295378339243 2 3 3 3 0 0 0 2 3 3 3 1 0 0 1 0
-0.00015250295378339243 2 3 3 3 0 0 0 2 3 3 3 2 0 0 2 0
-0.0015715879725969363 2 3 3 0 1 0 0 0 3 3 1 0 2 0 0 0
0.0015715879725969363 2 3 3 0 1 0 0 0 3 3 2 0 1 0 0 0
-0.003324450800997426 2 3 3 0 0 1 0 0 3 3 1 0 0 2 0 0
0.003324450800997426 2 3 3 0 0 1 0 0 3 3 2 0 0 1 0 0
-0.0033244508009974247 2 3 3 0 0 0 1 0 3 3 1 0 0 0 2 0
0.0033244508009974247 2 3 3 0 0 0 1 0 3 3 2 0 0 0 1 0
0.0038978184817708788 2 3 3 0 0 0 0 1 3 3 1 0 0 0 0 2
-0.0038978184817708788 2 3 3 0 0 0 0 1 3 3 2 0 0 0 0 1
0.0003305608360890296 2 3 0 1 3 3 3 0 3 1 0 3 3 3 2 0
-0.0003305608360890296 2 3 0 1 3 3 3 0 3 2 0 3 3 3 1 0
-0.015026846696507248 2 3 0 1 3 3 0 0 3 1 0 3 3 2 0 0
0.015026846696507248 2 3 0 1 3 3 0 0 3 2 0 3 3 1 0 0
-0.006601727643222962 2 3 0 3 3 3 3 2 3 1 1 3 3 3 3 0
-0.006601727643222962 2 3 0 3 3 3 3 2 3 2 2 3 3 3 3 0
-0.01502684669650725 2 3 0 0 1 3 3 0 3 1 0 0 3 3 2 0
0.01502684669650725 2 3 0 0 1 3 3 0 3 2 0 0 3 3 1 0
-0.00033056083608902595 2 3 0 0 1 3 0 0 3 1 0 0 3 2 0 0
0.00033056083608902595 2 3 0 0 1 3 0 0 3 2 0 0 3 1 0 0
0.01184478042054566 2 3 0 0 3 2 0 0 3 1 0 1 3 0 0 0
0.01184478042054566 2 3 0 0 3 2 0 0 3 2 0 2 3 0 0 0
-0.00026056168657238133 2 3 0 0 3 3 2 0 3 1 0 1 3 3 0 0
-0.00026056168657238133 2 3 0 0 3 3 2 0 3 2 0 2 3 3 0 0
0.000260561686572379 2 3 0 0 0 2 0 0 3 1 0 0 1 0 0 0
0.000260561686572379 2 3 0 0 0 2 0 0 3 2 0 0 2 0 0 0
0.011844780420545658 2 3 0 0 0 3 2 0 3 1 0 0 1 3 0 0
0.011844780420545658 2 3 0 0 0 3 2 0 3 2 0 0 2 3 0 0
0.01638822116852304 2 0 1 0 0 0 0 0 1 0 2 0 0 0 0 0
-0.01638822116852304 2 0 1 0 0 0 0 0 2 0 1 0 0 0 0 0
-0.016758297590963072 2 0 2 0 0 0 0 0 3 3 0 0 0 0 0 0
-0.006636355422134302 2 0 3 3 3 3 3 2 1 1 3 3 3 3 3 0
-0.006636355422134302 2 0 3 3 3 3 3 2 2 2 3 3 3 3 3 0
0.015165955363728837 2 0 0 1 0 0 0 0 1 0 0 2 0 0 0 0
-0.015165955363728837 2 0 0 1 0 0 0 0 2 0 0 1 0 0 0 0
0.01516595536372885 2 0 0 0 1 0 0 0 1 0 0 0 2 0 0 0
-0.01516595536372885 2 0 0 0 1 0 0 0 2 0 0 0 1 0 0 0
0.011140656716863774 2 0 0 0 0 1 0 0 1 0 0 0 0 2 0 0
-0.011140656716863774 2 0 0 0 0 1 0 0 2 0 0 0 0 1 0 0
0.011140656716863763 2 0 0 0 0 0 1 0 1 0 0 0 0 0 2 0
-0.011140656716863763 2 0 0 0 0 0 1 0 2 0 0 0 0 0 1 0
0.012217508136928677 2 0 0 0 0 0 0 1 1 0 0 0 0 0 0 2
-0.012217508136928677 2 0 0 0 0 0 0 1 2 0 0 0 0 0 0 1
1.33614490803347 3 0 0 0 0 0 0 0 0 0 0 0 0 0 0 0
-0.006271271007908388 3 1 3 3 3 3 3 1 0 3 3 3 3 3 3 0
-0.006271271007908388 3 2 3 3 3 3 3 2 0 3 3 3 3 3 3 0
0.05792917323919098 3 3 0 0 0 0 0 0 0 0 0 0 0 0 0 0
-0.014842567549238964 3 3 3 0 0 0 0 0 1 3 1 0 0 0 0 0
-0.014842567549238964 3 3 3 0 0 0 0 0 2 3 2 0 0 0 0 0
0.07060571715781262 3 0 3 0 0 0 0 0 0 0 0 0 0 0 0 0
-0.01290762643004269 3 0 3 3 3 3 3 3 0 1 3 3 3 3 3 1
-0.01290762643004269 3 0 3 3 3 3 3 3 0 2 3 3 3 3 3 2
0.07272753884125832 3 0 0 3 0 0 0 0 0 0 0 0 0 0 0 0
0.07272753884125836 3 0 0 0 3 0 0 0 0 0 0 0 0 0 0 0
0.07566658288443438 3 0 0 0 0 3 0 0 0 0 0 0 0 0 0 0
0.07566658288443434 3 0 0 0 0 0 3 0 0 0 0 0 0 0 0 0
0.08214532291212101 3 0 0 0 0 0 0 3 0 0 0 0 0 0 0 0
0.09663209959752361 3 0 0 0 0 0 0 0 3 0 0 0 0 0 0 0
0.08463248342015207 3 0 0 0 0 0 0 0 0 3 0 0 0 0 0 0
0.08699393832633566 3 0 0 0 0 0 0 0 0 0 3 0 0 0 0 0
0.08789349420498715 3 0 0 0 0 0 0 0 0 0 0 3 0 0 0 0
0.08789349420498721 3 0 0 0 0 0 0 0 0 0 0 0 3 0 0 0
0.08680723960129816 3 0 0 0 0 0 0 0 0 0 0 0 0 3 0 0
0.0868072396012981 3 0 0 0 0 0 0 0 0 0 0 0 0 0 3 0
0.09436283104904969 3 0 0 0 0 0 0 0 0 0 0 0 0 0 0 3
0.013680053605680604 0 1 1 1 3 1 0 0 0 3 0 3 3 0 0 0
-0.00030093405815389933 0 1 1 1 3 3 1 0 0 3 0 3 3 3 0 0
0.01283424973396521 0 1 1 2 3 2 0 0 0 3 0 3 3 0 0 0
-0.00028232804981107387 0 1 1 2 3 3 2 0 0 3 0 3 3 3 0 0
-0.006601727643222962 0 1 1 3 3 3 3 3 1 0 3 3 3 3 3 1
-0.006601727643222962 0 1 1 3 3 3 3 3 2 0 3 3 3 3 3 2
-0.019079635942925232 0 1 1 3 3 3 3 3 0 3 1 3 3 3 3 1
-0.019079635942925232 0 1 1 3 3 3 3 3 0 3 2 3 3 3 3 2
0.00030093405815390307 0 1 1 0 1 1 0 0 0 3 0 0 3 0 0 0
0.013680053605680614 0 1 1 0 1 3 1 0 0 3 0 0 3 3 0 0
0.0002823280498110773 0 1 1 0 2 2 0 0 0 3 0 0 3 0 0 0
0.012834249733965217 0 1 1 0 2 3 2 0 0 3 0 0 3 3 0 0
-0.00038375929644421787 0 1 1 0 3 3 3 0 0 3 0 1 3 3 1 0
-0.00038375929644421787 0 1 1 0 3 3 3 0 0 3 0 2 3 3 2 0
0.017445176459057875 0 1 1 0 3 3 0 0 0 3 0 1 3 1 0 0
0.017445176459057875 0 1 1 0 3 3 0 0 0 3 0 2 3 2 0 0
0.017445176459057878 0 1 1 0 0 3 3 0 0 3 0 0 1 3 1 0
0.017445176459057878 0 1 1 0 0 3 3 0 0 3 0 0 2 3 2 0
0.00038375929644422096 0 1 1 0 0 3 0 0 0 3 0 0 1 1 0 0
0.00038375929644422096 0 1 1 0 0 3 0 0 0 3 0 0 2 2 0 0
0.0008458038717153917 0 1 2 2 3 1 0 0 0 3 0 3 3 0 0 0
-1.8606008342825316e-05 0 1 2 2 3 3 1 0 0 3 0 3 3 3 0 0
1.8606008342825797e-05 0 1 2 0 2 1 0 0 0 3 0 0 3 0 0 0
0.0008458038717153911 0 1 2 0 2 3 1 0 0 3 0 0 3 3 0 0
0.015632820600687183 0 1 2 0 0 0 0 0 1 2 0 0 0 0 0 0
-0.015632820600687183 0 1 2 0 0 0 0 0 2 1 0 0 0 0 0 0
-0.019895290625575015 0 1 2 0 0 0 0 0 0 1 2 0 0 0 0 0
0.019895290625575015 0 1 2 0 0 0 0 0 0 2 1 0 0 0 0 0
0.0019873025605758616 0 1 3 1 3 3 3 3 0 3 3 1 3 3 3 1
0.0019873025605758616 0 1 3 1 3 3 3 3 0 3 3 2 3 3 3 2
0.0001014312466331439 0 1 3 2 3 3 3 0 0 3 1 3 3 3 2 0
-0.0001014312466331439 0 1 3 2 3 3 3 0 0 3 2 3 3 3 1 0
-0.004610926725092661 0 1 3 2 3 3 0 0 0 3 1 3 3 2 0 0
0.004610926725092661 0 1 3 2 3 3 0 0 0 3 2 3 3 1 0 0
0.0019873025605758638 0 1 3 3 1 3 3 3 0 3 3 3 1 3 3 1
0.0019873025605758638 0 1 3 3 1 3 3 3 0 3 3 3 2 3 3 2
0.002904304927132711 0 1 3 3 3 1 3 3 0 3 3 3 3 1 3 1
0.002904304927132711 0 1 3 3 3 1 3 3 0 3 3 3 3 2 3 2
0.0029043049271327078 0 1 3 3 3 3 1 3 0 3 3 3 3 3 1 1
0.0029043049271327078 0 1 3 3 3 3 1 3 0 3 3 3 3 3 2 2
-0.01290762643004269 0 1 3 3 3 3 3 1 3 3 3 3 3 3 3 0
-0.00559612991701903 0 1 3 3 3 3 3 1 0 3 3 3 3 3 0 0
-0.07096034400130513 0 1 3 3 3 3 3 1 0 3 3 3 3 3 3 0
-0.007337115177284482 0 1 3 3 3 3 3 1 0 3 3 3 3 3 3 3
-0.005596129917019037 0 1 3 3 3 3 3 1 0 3 3 3 3 0 3 0
-0.006873456747973329 0 1 3 3 3 3 3 1 0 3 3 3 0 3 3 0
-0.006873456747973326 0 1 3 3 3 3 3 1 0 3 3 0 3 3 3 0
0.0007060033035032412 0 1 3 3 3 3 3 1 0 3 0 3 3 3 3 0
-0.0013557969440887308 0 1 3 3 3 3 3 1 0 0 3 3 3 3 3 0
-0.002691824989886323 0 1 3 3 3 3 0 1 0 3 3 3 3 3 3 0
-0.0026918249898863255 0 1 3 3 3 0 3 1 0 3 3 3 3 3 3 0
-0.004886154187397466 0 1 3 3 0 3 3 1 0 3 3 3 3 3 3 0
-0.004610926725092661 0 1 3 0 2 3 3 0 0 3 1 0 3 3 2 0
0.004610926725092661 0 1 3 0 2 3 3 0 0 3 2 0 3 3 1 0
-0.00010143124663314374 0 1 3 0 2 3 0 0 0 3 1 0 3 2 0 0
0.00010143124663314374 0 1 3 0 2 3 0 0 0 3 2 0 3 1 0 0
-0.0037651228533772682 0 1 3 0 3 1 0 0 0 3 1 1 3 0 0 0
-0.0037651228533772682 0 1 3 0 3 1 0 0 0 3 2 2 3 0 0 0
8.28252382903186e-05 0 1 3 0 3 3 1 0 0 3 1 1 3 3 0 0
8.28252382903186e-05 0 1 3 0 3 3 1 0 0 3 2 2 3 3 0 0
-0.004886154187397464 0 1 3 0 3 3 3 1 0 3 3 3 3 3 3 0
-8.282523829031795e-05 0 1 3 0 0 1 0 0 0 3 1 0 1 0 0 0
-8.282523829031795e-05 0 1 3 0 0 1 0 0 0 3 2 0 2 0 0 0
-0.0037651228533772704 0 1 3 0 0 3 1 0 0 3 1 0 1 3 0 0
-0.0037651228533772704 0 1 3 0 0 3 1 0 0 3 2 0 2 3 0 0
-0.00026056168657238133 0 1 0 1 3 3 3 0 1 0 0 3 3 3 1 0
-0.00026056168657238133 0 1 0 1 3 3 3 0 2 0 0 3 3 3 2 0
0.01184478042054566 0 1 0 1 3 3 0 0 1 0 0 3 3 1 0 0
0.01184478042054566 0 1 0 1 3 3 0 0 2 0 0 3 3 2 0 0
-0.012924918617337718 0 1 0 2 0 0 0 0 0 1 0 2 0 0 0 0
0.012924918617337718 0 1 0 2 0 0 0 0 0 2 0 1 0 0 0 0
-0.018373632639421995 0 1 0 3 3 3 3 1 0 3 3 3 3 3 3 0
-0.014043107245997893 0 1 0 3 3 3 3 2 1 0 2 3 3 3 3 0
0.014043107245997893 0 1 0 3 3 3 3 2 2 0 1 3 3 3 3 0
0.011844780420545658 0 1 0 0 1 3 3 0 1 0 0 0 3 3 1 0
0.011844780420545658 0 1 0 0 1 3 3 0 2 0 0 0 3 3 2 0
0.000260561686572379 0 1 0 0 1 3 0 0 1 0 0 0 3 1 0 0
0.000260561686572379 0 1 0 0 1 3 0 0 2 0 0 0 3 2 0 0
-0.01292491861733773 0 1 0 0 2 0 0 0 0 1 0 0 2 0 0 0
0.01292491861733773 0 1 0 0 2 0 0 0 0 2 0 0 1 0 0 0
0.015026846696507248 0 1 0 0 3 2 0 0 1 0 0 2 3 0 0 0
-0.015026846696507248 0 1 0 0 3 2 0 0 2 0 0 1 3 0 0 0
-0.0003305608360890296 0 1 0 0 3 3 2 0 1 0 0 2 3 3 0 0
0.0003305608360890296 0 1 0 0 3 3 2 0 2 0 0 1 3 3 0 0
0.00033056083608902595 0 1 0 0 0 2 0 0 1 0 0 0 2 0 0 0
-0.00033056083608902595 0 1 0 0 0 2 0 0 2 0 0 0 1 0 0 0
-0.016039569091244214 0 1 0 0 0 2 0 0 0 1 0 0 0 2 0 0
0.016039569091244214 0 1 0 0 0 2 0 0 0 2 0 0 0 1 0 0
0.01502684669650725 0 1 0 0 0 3 2 0 1 0 0 0 2 3 0 0
-0.01502684669650725 0 1 0 0 0 3 2 0 2 0 0 0 1 3 0 0
-0.016039569091244207 0 1 0 0 0 0 2 0 0 1 0 0 0 0 2 0
0.016039569091244207 0 1 0 0 0 0 2 0 0 2 0 0 0 0 1 0
-0.014504450937089883 0 1 0 0 0 0 0 2 0 1 0 0 0 0 0 2
0.014504450937089883 0 1 0 0 0 0 0 2 0 2 0 0 0 0 0 1
0.0008458038717153917 0 2 1 1 3 2 0 0 0 3 0 3 3 0 0 0
-1.8606008342825316e-05 0 2 1 1 3 3 2 0 0 3 0 3 3 3 0 0
1.8606008342825797e-05 0 2 1 0 1 2 0 0 0 3 0 0 3 0 0 0
0.0008458038717153911 0 2 1 0 1 3 2 0 0 3 0 0 3 3 0 0
-0.015632820600687183 0 2 1 0 0 0 0 0 1 2 0 0 0 0 0 0
0.015632820600687183 0 2 1 0 0 0 0 0 2 1 0 0 0 0 0 0
0.019895290625575015 0 2 1 0 0 0 0 0 0 1 2 0 0 0 0 0
-0.019895290625575015 0 2 1 0 0 0 0 0 0 2 1 0 0 0 0 0
0.01283424973396521 0 2 2 1 3 1 0 0 0 3 0 3 3 0 0 0
-0.00028232804981107387 0 2 2 1 3 3 1 0 0 3 0 3 3 3 0 0
0.013680053605680604 0 2 2 2 3 2 0 0 0 3 0 3 3 0 0 0
-0.00030093405815389933 0 2 2 2 3 3 2 0 0 3 0 3 3 3 0 0
-0.006601727643222962 0 2 2 3 3 3 3 3 1 0 3 3 3 3 3 1
-0.006601727643222962 0 2 2 3 3 3 3 3 2 0 3 3 3 3 3 2
-0.019079635942925232 0 2 2 3 3 3 3 3 0 3 1 3 3 3 3 1
-0.019079635942925232 0 2 2 3 3 3 3 3 0 3 2 3 3 3 3 2
0.0002823280498110773 0 2 2 0 1 1 0 0 0 3 0 0 3 0 0 0
0.012834249733965217 0 2 2 0 1 3 1 0 0 3 0 0 3 3 0 0
0.00030093405815390307 0 2 2 0 2 2 0 0 0 3 0 0 3 0 0 0
0.013680053605680614 0 2 2 0 2 3 2 0 0 3 0 0 3 3 0 0
-0.00038375929644421787 0 2 2 0 3 3 3 0 0 3 0 1 3 3 1 0
-0.00038375929644421787 0 2 2 0 3 3 3 0 0 3 0 2 3 3 2 0
0.017445176459057875 0 2 2 0 3 3 0 0 0 3 0 1 3 1 0 0
0.017445176459057875 0 2 2 0 3 3 0 0 0 3 0 2 3 2 0 0
0.017445176459057878 0 2 2 0 0 3 3 0 0 3 0 0 1 3 1 0
0.017445176459057878 0 2 2 0 0 3 3 0 0 3 0 0 2 3 2 0
0.00038375929644422096 0 2 2 0 0 3 0 0 0 3 0 0 1 1 0 0
0.00038375929644422096 0 2 2 0 0 3 0 0 0 3 0 0 2 2 0 0
-0.0001014312466331439 0 2 3 1 3 3 3 0 0 3 1 3 3 3 2 0
0.0001014312466331439 0 2 3 1 3 3 3 0 0 3 2 3 3 3 1 0
0.004610926725092661 0 2 3 1 3 3 0 0 0 3 1 3 3 2 0 0
-0.004610926725092661 0 2 3 1 3 3 0 0 0 3 2 3 3 1 0 0
0.0019873025605758616 0 2 3 2 3 3 3 3 0 3 3 1 3 3 3 1
0.0019873025605758616 0 2 3 2 3 3 3 3 0 3 3 2 3 3 3 2
0.0019873025605758638 0 2 3 3 2 3 3 3 0 3 3 3 1 3 3 1
0.0019873025605758638 0 2 3 3 2 3 3 3 0 3 3 3 2 3 3 2
0.002904304927132711 0 2 3 3 3 2 3 3 0 3 3 3 3 1 3 1
0.002904304927132711 0 2 3 3 3 2 3 3 0 3 3 3 3 2 3 2
0.0029043049271327078 0 2 3 3 3 3 2 3 0 3 3 3 3 3 1 1
0.0029043049271327078 0 2 3 3 3 3 2 3 0 3 3 3 3 3 2 2
-0.01290762643004269 0 2 3 3 3 3 3 2 3 3 3 3 3 3 3 0
-0.00559612991701903 0 2 3 3 3 3 3 2 0 3 3 3 3 3 0 0
-0.07096034400130513 0 2 3 3 3 3 3 2 0 3 3 3 3 3 3 0
-0.007337115177284482 0 2 3 3 3 3 3 2 0 3 3 3 3 3 3 3
-0.005596129917019037 0 2 3 3 3 3 3 2 0 3 3 3 3 0 3 0
-0.006873456747973329 0 2 3 3 3 3 3 2 0 3 3 3 0 3 3 0
-0.006873456747973326 0 2 3 3 3 3 3 2 0 3 3 0 3 3 3 0
0.0007060033035032412 0 2 3 3 3 3 3 2 0 3 0 3 3 3 3 0
-0.0013557969440887308 0 2 3 3 3 3 3 2 0 0 3 3 3 3 3 0
-0.002691824989886323 0 2 3 3 3 3 0 2 0 3 3 3 3 3 3 0
-0.0026918249898863255 0 2 3 3 3 0 3 2 0 3 3 3 3 3 3 0
-0.004886154187397466 0 2 3 3 0 3 3 2 0 3 3 3 3 3 3 0
0.004610926725092661 0 2 3 0 1 3 3 0 0 3 1 0 3 3 2 0
-0.004610926725092661 0 2 3 0 1 3 3 0 0 3 2 0 3 3 1 0
0.00010143124663314374 0 2 3 0 1 3 0 0 0 3 1 0 3 2 0 0
-0.00010143124663314374 0 2 3 0 1 3 0 0 0 3 2 0 3 1 0 0
-0.0037651228533772682 0 2 3 0 3 2 0 0 0 3 1 1 3 0 0 0
-0.0037651228533772682 0 2 3 0 3 2 0 0 0 3 2 2 3 0 0 0
8.28252382903186e-05 0 2 3 0 3 3 2 0 0 3 1 1 3 3 0 0
8.28252382903186e-05 0 2 3 0 3 3 2 0 0 3 2 2 3 3 0 0
-0.004886154187397464 0 2 3 0 3 3 3 2 0 3 3 3 3 3 3 0
-8.282523829031795e-05 0 2 3 0 0 2 0 0 0 3 1 0 1 0 0 0
-8.282523829031795e-05 0 2 3 0 0 2 0 0 0 3 2 0 2 0 0 0
-0.0037651228533772704 0 2 3 0 0 3 2 0 0 3 1 0 1 3 0 0
-0.0037651228533772704 0 2 3 0 0 3 2 0 0 3 2 0 2 3 0 0
0.012924918617337718 0 2 0 1 0 0 0 0 0 1 0 2 0 0 0 0
-0.012924918617337718 0 2 0 1 0 0 0 0 0 2 0 1 0 0 0 0
-0.00026056168657238133 0 2 0 2 3 3 3 0 1 0 0 3 3 3 1 0
-0.00026056168657238133 0 2 0 2 3 3 3 0 2 0 0 3 3 3 2 0
0.01184478042054566 0 2 0 2 3 3 0 0 1 0 0 3 3 1 0 0
0.01184478042054566 0 2 0 2 3 3 0 0 2 0 0 3 3 2 0 0
0.014043107245997893 0 2 0 3 3 3 3 1 1 0 2 3 3 3 3 0
-0.014043107245997893 0 2 0 3 3 3 3 1 2 0 1 3 3 3 3 0
-0.018373632639421995 0 2 0 3 3 3 3 2 0 3 3 3 3 3 3 0
0.01292491861733773 0 2 0 0 1 0 0 0 0 1 0 0 2 0 0 0
-0.01292491861733773 0 2 0 0 1 0 0 0 0 2 0 0 1 0 0 0
0.011844780420545658 0 2 0 0 2 3 3 0 1 0 0 0 3 3 1 0
0.011844780420545658 0 2 0 0 2 3 3 0 2 0 0 0 3 3 2 0
0.000260561686572379 0 2 0 0 2 3 0 0 1 0 0 0 3 1 0 0
0.000260561686572379 0 2 0 0 2 3 0 0 2 0 0 0 3 2 0 0
-0.015026846696507248 0 2 0 0 3 1 0 0 1 0 0 2 3 0 0 0
0.015026846696507248 0 2 0 0 3 1 0 0 2 0 0 1 3 0 0 0
0.0003305608360890296 0 2 0 0 3 3 1 0 1 0 0 2 3 3 0 0
-0.0003305608360890296 0 2 0 0 3 3 1 0 2 0 0 1 3 3 0 0
-0.00033056083608902595 0 2 0 0 0 1 0 0 1 0 0 0 2 0 0 0
0.00033056083608902595 0 2 0 0 0 1 0 0 2 0 0 0 1 0 0 0
0.016039569091244214 0 2 0 0 0 1 0 0 0 1 0 0 0 2 0 0
-0.016039569091244214 0 2 0 0 0 1 0 0 0 2 0 0 0 1 0 0
-0.01502684669650725 0 2 0 0 0 3 1 0 1 0 0 0 2 3 0 0
0.01502684669650725 0 2 0 0 0 3 1 0 2 0 0 0 1 3 0 0
0.016039569091244207 0 2 0 0 0 0 1 0 0 1 0 0 0 0 2 0
-0.016039569091244207 0 2 0 0 0 0 1 0 0 2 0 0 0 0 1 0
0.014504450937089883 0 2 0 0 0 0 0 1 0 1 0 0 0 0 0 2
-0.014504450937089883 0 2 0 0 0 0 0 1 0 2 0 0 0 0 0 1
1.2236405755921838 0 3 0 0 0 0 0 0 0 0 0 0 0 0 0 0
0.0015715879725969359 0 3 1 1 0 0 0 0 1 3 0 1 0 0 0 0
0.0015715879725969359 0 3 1 1 0 0 0 0 2 3 0 2 0 0 0 0
0.026017536979309523 0 3 1 3 3 3 3 1 1 1 3 3 3 3 3 0
0.026017536979309523 0 3 1 3 3 3 3 1 2 2 3 3 3 3 3 0
0.0015715879725969363 0 3 1 0 1 0 0 0 1 3 0 0 1 0 0 0
0.0015715879725969363 0 3 1 0 1 0 0 0 2 3 0 0 2 0 0 0
0.003324450800997426 0 3 1 0 0 1 0 0 1 3 0 0 0 1 0 0
0.003324450800997426 0 3 1 0 0 1 0 0 2 3 0 0 0 2 0 0
0.0033244508009974247 0 3 1 0 0 0 1 0 1 3 0 0 0 0 1 0
0.0033244508009974247 0 3 1 0 0 0 1 0 2 3 0 0 0 0 2 0
-0.0038978184817708788 0 3 1 0 0 0 0 1 1 3 0 0 0 0 0 1
-0.0038978184817708788 0 3 1 0 0 0 0 1 2 3 0 0 0 0 0 2
0.0015715879725969359 0 3 2 2 0 0 0 0 1 3 0 1 0 0 0 0
0.0015715879725969359 0 3 2 2 0 0 0 0 2 3 0 2 0 0 0 0
0.026017536979309523 0 3 2 3 3 3 3 2 1 1 3 3 3 3 3 0
0.026017536979309523 0 3 2 3 3 3 3 2 2 2 3 3 3 3 3 0
0.0015715879725969363 0 3 2 0 2 0 0 0 1 3 0 0 1 0 0 0
0.0015715879725969363 0 3 2 0 2 0 0 0 2 3 0 0 2 0 0 0
0.003324450800997426 0 3 2 0 0 2 0 0 1 3 0 0 0 1 0 0
0.003324450800997426 0 3 2 0 0 2 0 0 2 3 0 0 0 2 0 0
0.0033244508009974247 0 3 2 0 0 0 2 0 1 3 0 0 0 0 1 0
0.0033244508009974247 0 3 2 0 0 0 2 0 2 3 0 0 0 0 2 0
-0.0038978184817708788 0 3 2 0 0 0 0 2 1 3 0 0 0 0 0 1
-0.0038978184817708788 0 3 2 0 0 0 0 2 2 3 0 0 0 0 0 2
0.06479098664652376 0 3 3 0 0 0 0 0 0 0 0 0 0 0 0 0
0.006932577175144873 0 3 3 1 0 1 3 3 1 3 3 0 0 3 3 1
0.006932577175144873 0 3 3 1 0 1 3 3 2 3 3 0 0 3 3 2
-0.00015250295378339243 0 3 3 1 0 0 1 3 1 3 3 0 0 0 3 1
-0.00015250295378339243 0 3 3 1 0 0 1 3 2 3 3 0 0 0 3 2
0.0028902366754440887 0 3 3 1 0 0 3 2 1 3 3 0 0 2 3 0
-0.0028902366754440887 0 3 3 1 0 0 3 2 2 3 3 0 0 1 3 0
-6.357947686736231e-05 0 3 3 1 0 0 0 2 1 3 3 0 0 0 2 0
6.357947686736231e-05 0 3 3 1 0 0 0 2 2 3 3 0 0 0 1 0
0.006932577175144873 0 3 3 2 0 2 3 3 1 3 3 0 0 3 3 1
0.006932577175144873 0 3 3 2 0 2 3 3 2 3 3 0 0 3 3 2
-0.00015250295378339243 0 3 3 2 0 0 2 3 1 3 3 0 0 0 3 1
-0.00015250295378339243 0 3 3 2 0 0 2 3 2 3 3 0 0 0 3 2
-0.0028902366754440887 0 3 3 2 0 0 3 1 1 3 3 0 0 2 3 0
0.0028902366754440887 0 3 3 2 0 0 3 1 2 3 3 0 0 1 3 0
6.357947686736231e-05 0 3 3 2 0 0 0 1 1 3 3 0 0 0 2 0
-6.357947686736231e-05 0 3 3 2 0 0 0 1 2 3 3 0 0 0 1 0
0.000152502953783394 0 3 3 3 1 1 3 3 1 3 3 3 0 3 3 1
0.000152502953783394 0 3 3 3 1 1 3 3 2 3 3 3 0 3 3 2
0.006932577175144875 0 3 3 3 1 0 1 3 1 3 3 3 0 0 3 1
0.006932577175144875 0 3 3 3 1 0 1 3 2 3 3 3 0 0 3 2
6.357947686736119e-05 0 3 3 3 1 0 3 2 1 3 3 3 0 2 3 0
-6.357947686736119e-05 0 3 3 3 1 0 3 2 2 3 3 3 0 1 3 0
0.0028902366754440887 0 3 3 3 1 0 0 2 1 3 3 3 0 0 2 0
-0.0028902366754440887 0 3 3 3 1 0 0 2 2 3 3 3 0 0 1 0
0.000152502953783394 0 3 3 3 2 2 3 3 1 3 3 3 0 3 3 1
0.000152502953783394 0 3 3 3 2 2 3 3 2 3 3 3 0 3 3 2
0.006932577175144875 0 3 3 3 2 0 2 3 1 3 3 3 0 0 3 1
0.006932577175144875 0 3 3 3 2 0 2 3 2 3 3 3 0 0 3 2
-6.357947686736119e-05 0 3 3 3 2 0 3 1 1 3 3 3 0 2 3 0
6.357947686736119e-05 0 3 3 3 2 0 3 1 2 3 3 3 0 1 3 0
-0.0028902366754440887 0 3 3 3 2 0 0 1 1 3 3 3 0 0 2 0
0.0028902366754440887 0 3 3 3 2 0 0 1 2 3 3 3 0 0 1 0
-0.00010181361555872892 0 3 3 3 3 1 3 1 1 3 3 3 1 3 3 0
-0.00010181361555872892 0 3 3 3 3 1 3 1 2 3 3 3 2 3 3 0
-0.00010181361555872892 0 3 3 3 3 2 3 2 1 3 3 3 1 3 3 0
-0.00010181361555872892 0 3 3 3 3 2 3 2 2 3 3 3 2 3 3 0
-0.0013557969440887308 0 3 3 3 3 3 3 3 0 1 3 3 3 3 3 1
-0.0013557969440887308 0 3 3 3 3 3 3 3 0 2 3 3 3 3 3 2
-0.0046283086971806555 0 3 3 3 3 0 1 1 1 3 3 3 1 0 3 0
-0.0046283086971806555 0 3 3 3 3 0 1 1 2 3 3 3 2 0 3 0
-0.0046283086971806555 0 3 3 3 3 0 2 2 1 3 3 3 1 0 3 0
-0.0046283086971806555 0 3 3 3 3 0 2 2 2 3 3 3 2 0 3 0
5.0689338224665074e-05 0 3 3 3 3 0 3 3 1 3 3 3 1 1 3 1
-3.823413869136776e-05 0 3 3 3 3 0 3 3 1 3 3 3 1 2 3 2
8.892347691603283e-05 0 3 3 3 3 0 3 3 1 3 3 3 2 2 3 1
8.892347691603283e-05 0 3 3 3 3 0 3 3 2 3 3 3 1 1 3 2
-3.823413869136776e-05 0 3 3 3 3 0 3 3 2 3 3 3 2 1 3 1
5.0689338224665074e-05 0 3 3 3 3 0 3 3 2 3 3 3 2 2 3 2
0.0023042684779642185 0 3 3 3 3 0 0 3 1 3 3 3 1 0 1 1
-0.001738072021736567 0 3 3 3 3 0 0 3 1 3 3 3 1 0 2 2
0.004042340499700784 0 3 3 3 3 0 0 3 1 3 3 3 2 0 2 1
0.004042340499700784 0 3 3 3 3 0 0 3 2 3 3 3 1 0 1 2
-0.001738072021736567 0 3 3 3 3 0 0 3 2 3 3 3 2 0 1 1
0.0023042684779642185 0 3 3 3 3 0 0 3 2 3 3 3 2 0 2 2
-0.004628308697180657 0 3 3 3 0 1 3 1 1 3 3 1 0 3 3 0
-0.004628308697180657 0 3 3 3 0 1 3 1 2 3 3 2 0 3 3 0
-0.004628308697180657 0 3 3 3 0 2 3 2 1 3 3 1 0 3 3 0
-0.004628308697180657 0 3 3 3 0 2 3 2 2 3 3 2 0 3 3 0
0.0001018136155587304 0 3 3 3 0 0 1 1 1 3 3 1 0 0 3 0
0.0001018136155587304 0 3 3 3 0 0 1 1 2 3 3 2 0 0 3 0
0.0001018136155587304 0 3 3 3 0 0 2 2 1 3 3 1 0 0 3 0
0.0001018136155587304 0 3 3 3 0 0 2 2 2 3 3 2 0 0 3 0
0.0023042684779642163 0 3 3 3 0 0 3 3 1 3 3 1 0 1 3 1
-0.0017380720217365676 0 3 3 3 0 0 3 3 1 3 3 1 0 2 3 2
0.0040423404997007835 0 3 3 3 0 0 3 3 1 3 3 2 0 2 3 1
0.0040423404997007835 0 3 3 3 0 0 3 3 2 3 3 1 0 1 3 2
-0.0017380720217365676 0 3 3 3 0 0 3 3 2 3 3 2 0 1 3 1
0.0023042684779642163 0 3 3 3 0 0 3 3 2 3 3 2 0 2 3 2
-5.068933822466208e-05 0 3 3 3 0 0 0 3 1 3 3 1 0 0 1 1
3.8234138691368056e-05 0 3 3 3 0 0 0 3 1 3 3 1 0 0 2 2
-8.892347691603013e-05 0 3 3 3 0 0 0 3 1 3 3 2 0 0 2 1
-8.892347691603013e-05 0 3 3 3 0 0 0 3 2 3 3 1 0 0 1 2
3.8234138691368056e-05 0 3 3 3 0 0 0 3 2 3 3 2 0 0 1 1
-5.068933822466208e-05 0 3 3 3 0 0 0 3 2 3 3 2 0 0 2 2
-0.005804255057469569 0 3 3 3 0 0 0 0 1 3 1 0 0 0 0 0
-0.005804255057469569 0 3 3 3 0 0 0 0 2 3 2 0 0 0 0 0
-0.005804255057469574 0 3 3 0 3 0 0 0 1 3 1 0 0 0 0 0
-0.005804255057469574 0 3 3 0 3 0 0 0 2 3 2 0 0 0 0 0
-0.004027323442925616 0 3 3 0 0 3 0 0 1 3 1 0 0 0 0 0
-0.004027323442925616 0 3 3 0 0 3 0 0 2 3 2 0 0 0 0 0
-0.004027323442925612 0 3 3 0 0 0 3 0 1 3 1 0 0 0 0 0
-0.004027323442925612 0 3 3 0 0 0 3 0 2 3 2 0 0 0 0 0
-0.01028673681999555 0 3 3 0 0 0 0 3 1 3 1 0 0 0 0 0
-0.01028673681999555 0 3 3 0 0 0 0 3 2 3 2 0 0 0 0 0
-0.06834661902737593 0 3 3 0 0 0 0 0 1 3 1 0 0 0 0 0
-0.007375843030066505 0 3 3 0 0 0 0 0 1 3 1 3 0 0 0 0
-0.00737584303006651 0 3 3 0 0 0 0 0 1 3 1 0 3 0 0 0
-0.007351774243923042 0 3 3 0 0 0 0 0 1 3 1 0 0 3 0 0
-0.0073517742439230364 0 3 3 0 0 0 0 0 1 3 1 0 0 0 3 0
-0.006388918338224671 0 3 3 0 0 0 0 0 1 3 1 0 0 0 0 3
-0.016758297590963072 0 3 3 0 0 0 0 0 1 0 1 0 0 0 0 0
-0.06834661902737593 0 3 3 0 0 0 0 0 2 3 2 0 0 0 0 0
-0.007375843030066505 0 3 3 0 0 0 0 0 2 3 2 3 0 0 0 0
-0.00737584303006651 0 3 3 0 0 0 0 0 2 3 2 0 3 0 0 0
-0.007351774243923042 0 3 3 0 0 0 0 0 2 3 2 0 0 3 0 0
-0.0073517742439230364 0 3 3 0 0 0 0 0 2 3 2 0 0 0 3 0
-0.006388918338224671 0 3 3 0 0 0 0 0 2 3 2 0 0 0 0 3
-0.016758297590963072 0 3 3 0 0 0 0 0 2 0 2 0 0 0 0 0
-0.029903601082311094 0 3 0 1 3 1 0 0 1 1 0 3 3 0 0 0
-0.029903601082311094 0 3 0 1 3 1 0 0 2 2 0 3 3 0 0 0
0.0006578199389056803 0 3 0 1 3 3 1 0 1 1 0 3 3 3 0 0
0.0006578199389056803 0 3 0 1 3 3 1 0 2 2 0 3 3 3 0 0
-0.029903601082311094 0 3 0 2 3 2 0 0 1 1 0 3 3 0 0 0
-0.029903601082311094 0 3 0 2 3 2 0 0 2 2 0 3 3 0 0 0
0.0006578199389056803 0 3 0 2 3 3 2 0 1 1 0 3 3 3 0 0
0.0006578199389056803 0 3 0 2 3 3 2 0 2 2 0 3 3 3 0 0
0.0705651159008058 0 3 0 3 0 0 0 0 0 0 0 0 0 0 0 0
0.019415809336086564 0 3 0 3 3 3 3 3 1 1 1 3 3 3 3 1
0.01197442973331163 0 3 0 3 3 3 3 3 1 1 2 3 3 3 3 2
0.007441379602774932 0 3 0 3 3 3 3 3 1 2 2 3 3 3 3 1
0.007441379602774932 0 3 0 3 3 3 3 3 2 1 1 3 3 3 3 2
0.01197442973331163 0 3 0 3 3 3 3 3 2 2 1 3 3 3 3 1
0.019415809336086564 0 3 0 3 3 3 3 3 2 2 2 3 3 3 3 2
-0.0006578199389056865 0 3 0 0 1 1 0 0 1 1 0 0 3 0 0 0
-0.0006578199389056865 0 3 0 0 1 1 0 0 2 2 0 0 3 0 0 0
-0.029903601082311094 0 3 0 0 1 3 1 0 1 1 0 0 3 3 0 0
-0.029903601082311094 0 3 0 0 1 3 1 0 2 2 0 0 3 3 0 0
-0.0006578199389056865 0 3 0 0 2 2 0 0 1 1 0 0 3 0 0 0
-0.0006578199389056865 0 3 0 0 2 2 0 0 2 2 0 0 3 0 0 0
-0.029903601082311094 0 3 0 0 2 3 2 0 1 1 0 0 3 3 0 0
-0.029903601082311094 0 3 0 0 2 3 2 0 2 2 0 0 3 3 0 0
0.07056511590080583 0 3 0 0 3 0 0 0 0 0 0 0 0 0 0 0
0.00039725825233329906 0 3 0 0 3 3 3 0 1 1 0 1 3 3 1 0
0.0003272591028166508 0 3 0 0 3 3 3 0 1 1 0 2 3 3 2 0
6.999914951664828e-05 0 3 0 0 3 3 3 0 1 2 0 2 3 3 1 0
6.999914951664828e-05 0 3 0 0 3 3 3 0 2 1 0 1 3 3 2 0
0.0003272591028166508 0 3 0 0 3 3 3 0 2 2 0 1 3 3 1 0
0.00039725825233329906 0 3 0 0 3 3 3 0 2 2 0 2 3 3 2 0
-0.018058820661765437 0 3 0 0 3 3 0 0 1 1 0 1 3 1 0 0
-0.014876754385803846 0 3 0 0 3 3 0 0 1 1 0 2 3 2 0 0
-0.003182066275961585 0 3 0 0 3 3 0 0 1 2 0 2 3 1 0 0
-0.003182066275961585 0 3 0 0 3 3 0 0 2 1 0 1 3 2 0 0
-0.014876754385803846 0 3 0 0 3 3 0 0 2 2 0 1 3 1 0 0
-0.018058820661765437 0 3 0 0 3 3 0 0 2 2 0 2 3 2 0 0
0.06791469709083017 0 3 0 0 0 3 0 0 0 0 0 0 0 0 0 0
-0.018058820661765434 0 3 0 0 0 3 3 0 1 1 0 0 1 3 1 0
-0.014876754385803846 0 3 0 0 0 3 3 0 1 1 0 0 2 3 2 0
-0.003182066275961587 0 3 0 0 0 3 3 0 1 2 0 0 2 3 1 0
-0.003182066275961587 0 3 0 0 0 3 3 0 2 1 0 0 1 3 2 0
-0.014876754385803846 0 3 0 0 0 3 3 0 2 2 0 0 1 3 1 0
-0.018058820661765434 0 3 0 0 0 3 3 0 2 2 0 0 2 3 2 0
-0.0003972582523333077 0 3 0 0 0 3 0 0 1 1 0 0 1 1 0 0
-0.0003272591028166607 0 3 0 0 0 3 0 0 1 1 0 0 2 2 0 0
-6.999914951664693e-05 0 3 0 0 0 3 0 0 1 2 0 0 2 1 0 0
-6.999914951664693e-05 0 3 0 0 0 3 0 0 2 1 0 0 1 2 0 0
-0.0003272591028166607 0 3 0 0 0 3 0 0 2 2 0 0 1 1 0 0
-0.0003972582523333077 0 3 0 0 0 3 0 0 2 2 0 0 2 2 0 0
0.06791469709083012 0 3 0 0 0 0 3 0 0 0 0 0 0 0 0 0
0.07195006629907097 0 3 0 0 0 0 0 3 0 0 0 0 0 0 0 0
-0.0031775427581650067 0 3 0 0 0 0 0 0 1 3 1 0 0 0 0 0
-0.0031775427581650067 0 3 0 0 0 0 0 0 2 3 2 0 0 0 0 0
0.08463248342015207 0 3 0 0 0 0 0 0 3 0 0 0 0 0 0 0
0.084195410237637 0 3 0 0 0 0 0 0 0 3 0 0 0 0 0 0
0.08468627727209878 0 3 0 0 0 0 0 0 0 0 3 0 0 0 0 0
0.08349003451814352 0 3 0 0 0 0 0 0 0 0 0 3 0 0 0 0
0.08349003451814356 0 3 0 0 0 0 0 0 0 0 0 0 3 0 0 0
0.08395426618207438 0 3 0 0 0 0 0 0 0 0 0 0 0 3 0 0
0.08395426618207433 0 3 0 0 0 0 0 0 0 0 0 0 0 0 3 0
0.08645451723616085 0 3 0 0 0 0 0 0 0 0 0 0 0 0 0 3
8.28252382903186e-05 0 0 1 1 3 3 3 0 0 1 0 3 3 3 1 0
8.28252382903186e-05 0 0 1 1 3 3 3 0 0 2 0 3 3 3 2 0
-0.0037651228533772682 0 0 1 1 3 3 0 0 0 1 0 3 3 1 0 0
-0.0037651228533772682 0 0 1 1 3 3 0 0 0 2 0 3 3 2 0 0
0.023658240143667915 0 0 1 1 0 1 3 1 0 0 3 0 0 3 3 0
-0.0006683878017527448 0 0 1 1 0 2 3 2 0 0 3 0 0 3 3 0
-0.0005204343798957831 0 0 1 1 0 0 1 1 0 0 3 0 0 0 3 0
1.4703206537034069e-05 0 0 1 1 0 0 2 2 0 0 3 0 0 0 3 0
-0.003430474482495025 0 0 1 1 0 0 3 3 0 0 3 0 0 1 3 1
-0.003430474482495025 0 0 1 1 0 0 3 3 0 0 3 0 0 2 3 2
7.546363758267464e-05 0 0 1 1 0 0 0 3 0 0 3 0 0 0 1 1
7.546363758267464e-05 0 0 1 1 0 0 0 3 0 0 3 0 0 0 2 2
0.024326627945420655 0 0 1 2 0 2 3 1 0 0 3 0 0 3 3 0
-0.0005351375864328172 0 0 1 2 0 0 2 1 0 0 3 0 0 0 3 0
-0.004784900288816077 0 0 1 2 0 0 0 0 0 0 1 2 0 0 0 0
0.004784900288816077 0 0 1 2 0 0 0 0 0 0 2 1 0 0 0 0
0.0005204343798957887 0 0 1 3 1 1 3 1 0 0 3 3 0 3 3 0
-1.4703206537034387e-05 0 0 1 3 1 2 3 2 0 0 3 3 0 3 3 0
0.023658240143667904 0 0 1 3 1 0 1 1 0 0 3 3 0 0 3 0
-0.0006683878017527457 0 0 1 3 1 0 2 2 0 0 3 3 0 0 3 0
-7.546363758267435e-05 0 0 1 3 1 0 3 3 0 0 3 3 0 1 3 1
-7.546363758267435e-05 0 0 1 3 1 0 3 3 0 0 3 3 0 2 3 2
-0.003430474482495025 0 0 1 3 1 0 0 3 0 0 3 3 0 0 1 1
-0.003430474482495025 0 0 1 3 1 0 0 3 0 0 3 3 0 0 2 2
0.0005351375864328231 0 0 1 3 2 2 3 1 0 0 3 3 0 3 3 0
0.024326627945420648 0 0 1 3 2 0 2 1 0 0 3 3 0 0 3 0
6.076043104563998e-05 0 0 1 3 3 2 3 3 0 0 3 3 1 3 3 2
-6.076043104563998e-05 0 0 1 3 3 2 3 3 0 0 3 3 2 3 3 1
0.019079635942925235 0 0 1 3 3 3 3 2 0 1 2 3 3 3 3 0
-0.019079635942925235 0 0 1 3 3 3 3 2 0 2 1 3 3 3 3 0
0.0027620866807422794 0 0 1 3 3 0 2 3 0 0 3 3 1 0 3 2
-0.0027620866807422794 0 0 1 3 3 0 2 3 0 0 3 3 2 0 3 1
0.0005958980174784629 0 0 1 3 3 0 3 1 0 0 3 3 1 1 3 0
0.0005958980174784629 0 0 1 3 3 0 3 1 0 0 3 3 2 2 3 0
0.02708871462616293 0 0 1 3 3 0 0 1 0 0 3 3 1 0 1 0
0.02708871462616293 0 0 1 3 3 0 0 1 0 0 3 3 2 0 2 0
0.002762086680742279 0 0 1 3 0 2 3 3 0 0 3 1 0 3 3 2
-0.002762086680742279 0 0 1 3 0 2 3 3 0 0 3 2 0 3 3 1
-6.076043104564057e-05 0 0 1 3 0 0 2 3 0 0 3 1 0 0 3 2
6.076043104564057e-05 0 0 1 3 0 0 2 3 0 0 3 2 0 0 3 1
0.027088714626162937 0 0 1 3 0 0 3 1 0 0 3 1 0 1 3 0
0.027088714626162937 0 0 1 3 0 0 3 1 0 0 3 2 0 2 3 0
-0.0005958980174784579 0 0 1 3 0 0 0 1 0 0 3 1 0 0 1 0
-0.0005958980174784579 0 0 1 3 0 0 0 1 0 0 3 2 0 0 2 0
-0.0037651228533772704 0 0 1 0 1 3 3 0 0 1 0 0 3 3 1 0
-0.0037651228533772704 0 0 1 0 1 3 3 0 0 2 0 0 3 3 2 0
-8.282523829031795e-05 0 0 1 0 1 3 0 0 0 1 0 0 3 1 0 0
-8.282523829031795e-05 0 0 1 0 1 3 0 0 0 2 0 0 3 2 0 0
-0.004784900288816081 0 0 1 0 2 0 0 0 0 0 1 0 2 0 0 0
0.004784900288816081 0 0 1 0 2 0 0 0 0 0 2 0 1 0 0 0
-0.004610926725092661 0 0 1 0 3 2 0 0 0 1 0 2 3 0 0 0
0.004610926725092661 0 0 1 0 3 2 0 0 0 2 0 1 3 0 0 0
0.0001014312466331439 0 0 1 0 3 3 2 0 0 1 0 2 3 3 0 0
-0.0001014312466331439 0 0 1 0 3 3 2 0 0 2 0 1 3 3 0 0
-0.00010143124663314374 0 0 1 0 0 2 0 0 0 1 0 0 2 0 0 0
0.00010143124663314374 0 0 1 0 0 2 0 0 0 2 0 0 1 0 0 0
-0.004571090233883566 0 0 1 0 0 2 0 0 0 0 1 0 0 2 0 0
0.004571090233883566 0 0 1 0 0 2 0 0 0 0 2 0 0 1 0 0
-0.004610926725092661 0 0 1 0 0 3 2 0 0 1 0 0 2 3 0 0
0.004610926725092661 0 0 1 0 0 3 2 0 0 2 0 0 1 3 0 0
-0.004571090233883564 0 0 1 0 0 0 2 0 0 0 1 0 0 0 2 0
0.004571090233883564 0 0 1 0 0 0 2 0 0 0 2 0 0 0 1 0
-0.031033017174469876 0 0 1 0 0 0 0 2 0 0 1 0 0 0 0 2
0.031033017174469876 0 0 1 0 0 0 0 2 0 0 2 0 0 0 0 1
0.024326627945420655 0 0 2 1 0 1 3 2 0 0 3 0 0 3 3 0
-0.0005351375864328172 0 0 2 1 0 0 1 2 0 0 3 0 0 0 3 0
0.004784900288816077 0 0 2 1 0 0 0 0 0 0 1 2 0 0 0 0
-0.004784900288816077 0 0 2 1 0 0 0 0 0 0 2 1 0 0 0 0
8.28252382903186e-05 0 0 2 2 3 3 3 0 0 1 0 3 3 3 1 0
8.28252382903186e-05 0 0 2 2 3 3 3 0 0 2 0 3 3 3 2 0
-0.0037651228533772682 0 0 2 2 3 3 0 0 0 1 0 3 3 1 0 0
-0.0037651228533772682 0 0 2 2 3 3 0 0 0 2 0 3 3 2 0 0
-0.0006683878017527448 0 0 2 2 0 1 3 1 0 0 3 0 0 3 3 0
0.023658240143667915 0 0 2 2 0 2 3 2 0 0 3 0 0 3 3 0
1.4703206537034069e-05 0 0 2 2 0 0 1 1 0 0 3 0 0 0 3 0
-0.0005204343798957831 0 0 2 2 0 0 2 2 0 0 3 0 0 0 3 0
-0.003430474482495025 0 0 2 2 0 0 3 3 0 0 3 0 0 1 3 1
-0.003430474482495025 0 0 2 2 0 0 3 3 0 0 3 0 0 2 3 2
7.546363758267464e-05 0 0 2 2 0 0 0 3 0 0 3 0 0 0 1 1
7.546363758267464e-05 0 0 2 2 0 0 0 3 0 0 3 0 0 0 2 2
0.0005351375864328231 0 0 2 3 1 1 3 2 0 0 3 3 0 3 3 0
0.024326627945420648 0 0 2 3 1 0 1 2 0 0 3 3 0 0 3 0
-1.4703206537034387e-05 0 0 2 3 2 1 3 1 0 0 3 3 0 3 3 0
0.0005204343798957887 0 0 2 3 2 2 3 2 0 0 3 3 0 3 3 0
-0.0006683878017527457 0 0 2 3 2 0 1 1 0 0 3 3 0 0 3 0
0.023658240143667904 0 0 2 3 2 0 2 2 0 0 3 3 0 0 3 0
-7.546363758267435e-05 0 0 2 3 2 0 3 3 0 0 3 3 0 1 3 1
-7.546363758267435e-05 0 0 2 3 2 0 3 3 0 0 3 3 0 2 3 2
-0.003430474482495025 0 0 2 3 2 0 0 3 0 0 3 3 0 0 1 1
-0.003430474482495025 0 0 2 3 2 0 0 3 0 0 3 3 0 0 2 2
-6.076043104563998e-05 0 0 2 3 3 1 3 3 0 0 3 3 1 3 3 2
6.076043104563998e-05 0 0 2 3 3 1 3 3 0 0 3 3 2 3 3 1
-0.019079635942925235 0 0 2 3 3 3 3 1 0 1 2 3 3 3 3 0
0.019079635942925235 0 0 2 3 3 3 3 1 0 2 1 3 3 3 3 0
-0.0027620866807422794 0 0 2 3 3 0 1 3 0 0 3 3 1 0 3 2
0.0027620866807422794 0 0 2 3 3 0 1 3 0 0 3 3 2 0 3 1
0.0005958980174784629 0 0 2 3 3 0 3 2 0 0 3 3 1 1 3 0
0.0005958980174784629 0 0 2 3 3 0 3 2 0 0 3 3 2 2 3 0
0.02708871462616293 0 0 2 3 3 0 0 2 0 0 3 3 1 0 1 0
0.02708871462616293 0 0 2 3 3 0 0 2 0 0 3 3 2 0 2 0
-0.002762086680742279 0 0 2 3 0 1 3 3 0 0 3 1 0 3 3 2
0.002762086680742279 0 0 2 3 0 1 3 3 0 0 3 2 0 3 3 1
6.076043104564057e-05 0 0 2 3 0 0 1 3 0 0 3 1 0 0 3 2
-6.076043104564057e-05 0 0 2 3 0 0 1 3 0 0 3 2 0 0 3 1
0.027088714626162937 0 0 2 3 0 0 3 2 0 0 3 1 0 1 3 0
0.027088714626162937 0 0 2 3 0 0 3 2 0 0 3 2 0 2 3 0
-0.0005958980174784579 0 0 2 3 0 0 0 2 0 0 3 1 0 0 1 0
-0.0005958980174784579 0 0 2 3 0 0 0 2 0 0 3 2 0 0 2 0
0.004784900288816081 0 0 2 0 1 0 0 0 0 0 1 0 2 0 0 0
-0.004784900288816081 0 0 2 0 1 0 0 0 0 0 2 0 1 0 0 0
-0.0037651228533772704 0 0 2 0 2 3 3 0 0 1 0 0 3 3 1 0
-0.0037651228533772704 0 0 2 0 2 3 3 0 0 2 0 0 3 3 2 0
-8.282523829031795e-05 0 0 2 0 2 3 0 0 0 1 0 0 3 1 0 0
-8.282523829031795e-05 0 0 2 0 2 3 0 0 0 2 0 0 3 2 0 0
0.004610926725092661 0 0 2 0 3 1 0 0 0 1 0 2 3 0 0 0
-0.004610926725092661 0 0 2 0 3 1 0 0 0 2 0 1 3 0 0 0
-0.0001014312466331439 0 0 2 0 3 3 1 0 0 1 0 2 3 3 0 0
0.0001014312466331439 0 0 2 0 3 3 1 0 0 2 0 1 3 3 0 0
0.00010143124663314374 0 0 2 0 0 1 0 0 0 1 0 0 2 0 0 0
-0.00010143124663314374 0 0 2 0 0 1 0 0 0 2 0 0 1 0 0 0
0.004571090233883566 0 0 2 0 0 1 0 0 0 0 1 0 0 2 0 0
-0.004571090233883566 0 0 2 0 0 1 0 0 0 0 2 0 0 1 0 0
0.004610926725092661 0 0 2 0 0 3 1 0 0 1 0 0 2 3 0 0
-0.004610926725092661 0 0 2 0 0 3 1 0 0 2 0 0 1 3 0 0
0.004571090233883564 0 0 2 0 0 0 1 0 0 0 1 0 0 0 2 0
-0.004571090233883564 0 0 2 0 0 0 1 0 0 0 2 0 0 0 1 0
0.031033017174469876 0 0 2 0 0 0 0 1 0 0 1 0 0 0 0 2
-0.031033017174469876 0 0 2 0 0 0 0 1 0 0 2 0 0 0 0 1
1.084316600954072 0 0 3 0 0 0 0 0 0 0 0 0 0 0 0 0
0.017445176459057875 0 0 3 1 3 1 0 0 0 1 1 3 3 0 0 0
0.017445176459057875 0 0 3 1 3 1 0 0 0 2 2 3 3 0 0 0
-0.00038375929644421787 0 0 3 1 3 3 1 0 0 1 1 3 3 3 0 0
-0.00038375929644421787 0 0 3 1 3 3 1 0 0 2 2 3 3 3 0 0
-0.0019873025605758616 0 0 3 1 3 3 3 2 0 1 3 2 3 3 3 0
0.0019873025605758616 0 0 3 1 3 3 3 2 0 2 3 1 3 3 3 0
0.017445176459057875 0 0 3 2 3 2 0 0 0 1 1 3 3 0 0 0
0.017445176459057875 0 0 3 2 3 2 0 0 0 2 2 3 3 0 0 0
-0.00038375929644421787 0 0 3 2 3 3 2 0 0 1 1 3 3 3 0 0
-0.00038375929644421787 0 0 3 2 3 3 2 0 0 2 2 3 3 3 0 0
0.0019873025605758616 0 0 3 2 3 3 3 1 0 1 3 2 3 3 3 0
-0.0019873025605758616 0 0 3 2 3 3 3 1 0 2 3 1 3 3 3 0
0.07698726860249788 0 0 3 3 0 0 0 0 0 0 0 0 0 0 0 0
-0.0019873025605758638 0 0 3 3 1 3 3 2 0 1 3 3 2 3 3 0
0.0019873025605758638 0 0 3 3 1 3 3 2 0 2 3 3 1 3 3 0
0.0019873025605758638 0 0 3 3 2 3 3 1 0 1 3 3 2 3 3 0
-0.0019873025605758638 0 0 3 3 2 3 3 1 0 2 3 3 1 3 3 0
-0.002904304927132711 0 0 3 3 3 1 3 2 0 1 3 3 3 2 3 0
0.002904304927132711 0 0 3 3 3 1 3 2 0 2 3 3 3 1 3 0
0.002904304927132711 0 0 3 3 3 2 3 1 0 1 3 3 3 2 3 0
-0.002904304927132711 0 0 3 3 3 2 3 1 0 2 3 3 3 1 3 0
-0.0029043049271327078 0 0 3 3 3 3 1 2 0 1 3 3 3 3 2 0
0.0029043049271327078 0 0 3 3 3 3 1 2 0 2 3 3 3 3 1 0
0.0029043049271327078 0 0 3 3 3 3 2 1 0 1 3 3 3 3 2 0
-0.0029043049271327078 0 0 3 3 3 3 2 1 0 2 3 3 3 3 1 0
-0.006271271007908388 0 0 3 3 3 3 3 3 3 1 3 3 3 3 3 1
-0.006271271007908388 0 0 3 3 3 3 3 3 3 2 3 3 3 3 3 2
-0.07096034400130516 0 0 3 3 3 3 3 3 0 1 3 3 3 3 3 1
-0.002691824989886323 0 0 3 3 3 3 3 3 0 1 3 3 3 3 0 1
-0.0026918249898863255 0 0 3 3 3 3 3 3 0 1 3 3 3 0 3 1
-0.004886154187397466 0 0 3 3 3 3 3 3 0 1 3 3 0 3 3 1
-0.004886154187397464 0 0 3 3 3 3 3 3 0 1 3 0 3 3 3 1
-0.018373632639421995 0 0 3 3 3 3 3 3 0 1 0 3 3 3 3 1
-0.07096034400130516 0 0 3 3 3 3 3 3 0 2 3 3 3 3 3 2
-0.002691824989886323 0 0 3 3 3 3 3 3 0 2 3 3 3 3 0 2
-0.0026918249898863255 0 0 3 3 3 3 3 3 0 2 3 3 3 0 3 2
-0.004886154187397466 0 0 3 3 3 3 3 3 0 2 3 3 0 3 3 2
-0.004886154187397464 0 0 3 3 3 3 3 3 0 2 3 0 3 3 3 2
-0.018373632639421995 0 0 3 3 3 3 3 3 0 2 0 3 3 3 3 2
-0.007337115177284482 0 0 3 3 3 3 3 0 0 1 3 3 3 3 3 1
-0.007337115177284482 0 0 3 3 3 3 3 0 0 2 3 3 3 3 3 2
-0.00559612991701903 0 0 3 3 3 3 0 3 0 1 3 3 3 3 3 1
-0.00559612991701903 0 0 3 3 3 3 0 3 0 2 3 3 3 3 3 2
-0.005596129917019037 0 0 3 3 3 0 3 3 0 1 3 3 3 3 3 1
-0.005596129917019037 0 0 3 3 3 0 3 3 0 2 3 3 3 3 3 2
-0.006873456747973329 0 0 3 3 0 3 3 3 0 1 3 3 3 3 3 1
-0.006873456747973329 0 0 3 3 0 3 3 3 0 2 3 3 3 3 3 2
0.00038375929644422096 0 0 3 0 1 1 0 0 0 1 1 0 3 0 0 0
0.00038375929644422096 0 0 3 0 1 1 0 0 0 2 2 0 3 0 0 0
0.017445176459057878 0 0 3 0 1 3 1 0 0 1 1 0 3 3 0 0
0.017445176459057878 0 0 3 0 1 3 1 0 0 2 2 0 3 3 0 0
0.00038375929644422096 0 0 3 0 2 2 0 0 0 1 1 0 3 0 0 0
0.00038375929644422096 0 0 3 0 2 2 0 0 0 2 2 0 3 0 0 0
0.017445176459057878 0 0 3 0 2 3 2 0 0 1 1 0 3 3 0 0
0.017445176459057878 0 0 3 0 2 3 2 0 0 2 2 0 3 3 0 0
0.0769872686024979 0 0 3 0 3 0 0 0 0 0 0 0 0 0 0 0
-0.006873456747973326 0 0 3 0 3 3 3 3 0 1 3 3 3 3 3 1
-0.006873456747973326 0 0 3 0 3 3 3 3 0 2 3 3 3 3 3 2
-0.00030093405815389933 0 0 3 0 3 3 3 0 0 1 1 1 3 3 1 0
-0.00028232804981107387 0 0 3 0 3 3 3 0 0 1 1 2 3 3 2 0
-1.8606008342825316e-05 0 0 3 0 3 3 3 0 0 1 2 2 3 3 1 0
-1.8606008342825316e-05 0 0 3 0 3 3 3 0 0 2 1 1 3 3 2 0
-0.00028232804981107387 0 0 3 0 3 3 3 0 0 2 2 1 3 3 1 0
-0.00030093405815389933 0 0 3 0 3 3 3 0 0 2 2 2 3 3 2 0
0.013680053605680604 0 0 3 0 3 3 0 0 0 1 1 1 3 1 0 0
0.01283424973396521 0 0 3 0 3 3 0 0 0 1 1 2 3 2 0 0
0.0008458038717153917 0 0 3 0 3 3 0 0 0 1 2 2 3 1 0 0
0.0008458038717153917 0 0 3 0 3 3 0 0 0 2 1 1 3 2 0 0
0.01283424973396521 0 0 3 0 3 3 0 0 0 2 2 1 3 1 0 0
0.013680053605680604 0 0 3 0 3 3 0 0 0 2 2 2 3 2 0 0
0.07712460741118655 0 0 3 0 0 3 0 0 0 0 0 0 0 0 0 0
0.013680053605680614 0 0 3 0 0 3 3 0 0 1 1 0 1 3 1 0
0.012834249733965217 0 0 3 0 0 3 3 0 0 1 1 0 2 3 2 0
0.0008458038717153911 0 0 3 0 0 3 3 0 0 1 2 0 2 3 1 0
0.0008458038717153911 0 0 3 0 0 3 3 0 0 2 1 0 1 3 2 0
0.012834249733965217 0 0 3 0 0 3 3 0 0 2 2 0 1 3 1 0
0.013680053605680614 0 0 3 0 0 3 3 0 0 2 2 0 2 3 2 0
0.00030093405815390307 0 0 3 0 0 3 0 0 0 1 1 0 1 1 0 0
0.0002823280498110773 0 0 3 0 0 3 0 0 0 1 1 0 2 2 0 0
1.8606008342825797e-05 0 0 3 0 0 3 0 0 0 1 2 0 2 1 0 0
1.8606008342825797e-05 0 0 3 0 0 3 0 0 0 2 1 0 1 2 0 0
0.0002823280498110773 0 0 3 0 0 3 0 0 0 2 2 0 1 1 0 0
0.00030093405815390307 0 0 3 0 0 3 0 0 0 2 2 0 2 2 0 0
0.07712460741118651 0 0 3 0 0 0 3 0 0 0 0 0 0 0 0 0
0.06102895751077193 0 0 3 0 0 0 0 3 0 0 0 0 0 0 0 0
-0.0011254769902758963 0 0 3 0 0 0 0 0 1 3 1 0 0 0 0 0
-0.0011254769902758963 0 0 3 0 0 0 0 0 2 3 2 0 0 0 0 0
0.08699393832633566 0 0 3 0 0 0 0 0 3 0 0 0 0 0 0 0
0.08468627727209878 0 0 3 0 0 0 0 0 0 3 0 0 0 0 0 0
0.09180173419765682 0 0 3 0 0 0 0 0 0 0 3 0 0 0 0 0
0.08177216889131395 0 0 3 0 0 0 0 0 0 0 0 3 0 0 0 0
0.08177216889131399 0 0 3 0 0 0 0 0 0 0 0 0 3 0 0 0
0.08169569764507012 0 0 3 0 0 0 0 0 0 0 0 0 0 3 0 0
0.08169569764507006 0 0 3 0 0 0 0 0 0 0 0 0 0 0 3 0
0.09206197468524181 0 0 3 0 0 0 0 0 0 0 0 0 0 0 0 3
0.00024900601537978487 0 0 0 1 1 1 1 0 0 0 0 3 0 3 0 0
-0.026535792888658 0 0 0 1 1 2 2 0 0 0 0 3 0 3 0 0
0.0005785371582842172 0 0 0 1 1 3 0 0 0 0 0 3 0 0 0 0
-0.0005785371582842397 0 0 0 1 1 0 3 0 0 0 0 3 0 0 0 0
0.004074303305138958 0 0 0 1 1 0 3 0 0 0 0 3 0 1 1 0
0.004074303305138958 0 0 0 1 1 0 3 0 0 0 0 3 0 2 2 0
-0.00017933997544139425 0 0 0 1 1 0 0 0 0 0 0 3 0 3 0 0
0.00017933997544136395 0 0 0 1 1 0 0 0 0 0 0 3 0 0 3 0
0.026784798904037788 0 0 0 1 2 2 1 0 0 0 0 3 0 3 0 0
-0.003977151173149083 0 0 0 1 2 0 0 0 0 0 0 1 2 0 0 0
0.003977151173149083 0 0 0 1 2 0 0 0 0 0 0 2 1 0 0 0
-0.03061009619379696 0 0 0 1 3 2 3 0 0 0 0 3 1 3 2 0
0.03061009619379696 0 0 0 1 3 2 3 0 0 0 0 3 2 3 1 0
-0.0007578771337256114 0 0 0 1 3 2 0 0 0 0 0 3 1 2 0 0
0.0007578771337256114 0 0 0 1 3 2 0 0 0 0 0 3 2 1 0 0
-0.003825297289759174 0 0 0 1 3 0 1 0 0 0 0 3 1 1 0 0
-0.003825297289759174 0 0 0 1 3 0 1 0 0 0 0 3 2 2 0 0
0.0007578771337256038 0 0 0 1 3 0 2 0 0 0 0 3 1 0 2 0
-0.0007578771337256038 0 0 0 1 3 0 2 0 0 0 0 3 2 0 1 0
0.027088714626162937 0 0 0 1 0 1 3 3 0 0 1 0 0 3 3 1
0.027088714626162937 0 0 0 1 0 1 3 3 0 0 2 0 0 3 3 2
0.0007578771337256113 0 0 0 1 0 2 3 0 0 0 0 1 0 3 2 0
-0.0007578771337256113 0 0 0 1 0 2 3 0 0 0 0 2 0 3 1 0
-0.038294034362164914 0 0 0 1 0 2 0 0 0 0 0 1 0 2 0 0
0.038294034362164914 0 0 0 1 0 2 0 0 0 0 0 2 0 1 0 0
-0.0005958980174784579 0 0 0 1 0 0 1 3 0 0 1 0 0 0 3 1
-0.0005958980174784579 0 0 0 1 0 0 1 3 0 0 2 0 0 0 3 2
0.0007578771337256114 0 0 0 1 0 0 1 0 0 0 0 1 0 1 0 0
0.0007578771337256114 0 0 0 1 0 0 1 0 0 0 0 2 0 2 0 0
-0.003858640878608763 0 0 0 1 0 0 2 0 0 0 0 1 0 0 2 0
0.003858640878608763 0 0 0 1 0 0 2 0 0 0 0 2 0 0 1 0
0.002762086680742279 0 0 0 1 0 0 3 2 0 0 1 0 0 2 3 0
-0.002762086680742279 0 0 0 1 0 0 3 2 0 0 2 0 0 1 3 0
-6.076043104564057e-05 0 0 0 1 0 0 0 2 0 0 1 0 0 0 2 0
6.076043104564057e-05 0 0 0 1 0 0 0 2 0 0 2 0 0 0 1 0
-0.004431765223924891 0 0 0 1 0 0 0 2 0 0 0 1 0 0 0 2
0.004431765223924891 0 0 0 1 0 0 0 2 0 0 0 2 0 0 0 1
0.026784798904037788 0 0 0 2 1 1 2 0 0 0 0 3 0 3 0 0
0.003977151173149083 0 0 0 2 1 0 0 0 0 0 0 1 2 0 0 0
-0.003977151173149083 0 0 0 2 1 0 0 0 0 0 0 2 1 0 0 0
-0.026535792888658 0 0 0 2 2 1 1 0 0 0 0 3 0 3 0 0
0.00024900601537978487 0 0 0 2 2 2 2 0 0 0 0 3 0 3 0 0
0.0005785371582842172 0 0 0 2 2 3 0 0 0 0 0 3 0 0 0 0
-0.0005785371582842397 0 0 0 2 2 0 3 0 0 0 0 3 0 0 0 0
0.004074303305138958 0 0 0 2 2 0 3 0 0 0 0 3 0 1 1 0
0.004074303305138958 0 0 0 2 2 0 3 0 0 0 0 3 0 2 2 0
-0.00017933997544139425 0 0 0 2 2 0 0 0 0 0 0 3 0 3 0 0
0.00017933997544136395 0 0 0 2 2 0 0 0 0 0 0 3 0 0 3 0
0.03061009619379696 0 0 0 2 3 1 3 0 0 0 0 3 1 3 2 0
-0.03061009619379696 0 0 0 2 3 1 3 0 0 0 0 3 2 3 1 0
0.0007578771337256114 0 0 0 2 3 1 0 0 0 0 0 3 1 2 0 0
-0.0007578771337256114 0 0 0 2 3 1 0 0 0 0 0 3 2 1 0 0
-0.0007578771337256038 0 0 0 2 3 0 1 0 0 0 0 3 1 0 2 0
0.0007578771337256038 0 0 0 2 3 0 1 0 0 0 0 3 2 0 1 0
-0.003825297289759174 0 0 0 2 3 0 2 0 0 0 0 3 1 1 0 0
-0.003825297289759174 0 0 0 2 3 0 2 0 0 0 0 3 2 2 0 0
-0.0007578771337256113 0 0 0 2 0 1 3 0 0 0 0 1 0 3 2 0
0.0007578771337256113 0 0 0 2 0 1 3 0 0 0 0 2 0 3 1 0
0.038294034362164914 0 0 0 2 0 1 0 0 0 0 0 1 0 2 0 0
-0.038294034362164914 0 0 0 2 0 1 0 0 0 0 0 2 0 1 0 0
0.027088714626162937 0 0 0 2 0 2 3 3 0 0 1 0 0 3 3 1
0.027088714626162937 0 0 0 2 0 2 3 3 0 0 2 0 0 3 3 2
0.003858640878608763 0 0 0 2 0 0 1 0 0 0 0 1 0 0 2 0
-0.003858640878608763 0 0 0 2 0 0 1 0 0 0 0 2 0 0 1 0
-0.0005958980174784579 0 0 0 2 0 0 2 3 0 0 1 0 0 0 3 1
-0.0005958980174784579 0 0 0 2 0 0 2 3 0 0 2 0 0 0 3 2
0.0007578771337256114 0 0 0 2 0 0 2 0 0 0 0 1 0 1 0 0
0.0007578771337256114 0 0 0 2 0 0 2 0 0 0 0 2 0 2 0 0
-0.002762086680742279 0 0 0 2 0 0 3 1 0 0 1 0 0 2 3 0
0.002762086680742279 0 0 0 2 0 0 3 1 0 0 2 0 0 1 3 0
6.076043104564057e-05 0 0 0 2 0 0 0 1 0 0 1 0 0 0 2 0
-6.076043104564057e-05 0 0 0 2 0 0 0 1 0 0 2 0 0 0 1 0
0.004431765223924891 0 0 0 2 0 0 0 1 0 0 0 1 0 0 0 2
-0.004431765223924891 0 0 0 2 0 0 0 1 0 0 0 2 0 0 0 1
1.0506993124774358 0 0 0 3 0 0 0 0 0 0 0 0 0 0 0 0
0.0005958980174784629 0 0 0 3 1 1 3 3 0 0 1 3 0 3 3 1
0.0005958980174784629 0 0 0 3 1 1 3 3 0 0 2 3 0 3 3 2
0.02708871462616293 0 0 0 3 1 0 1 3 0 0 1 3 0 0 3 1
0.02708871462616293 0 0 0 3 1 0 1 3 0 0 2 3 0 0 3 2
6.076043104563998e-05 0 0 0 3 1 0 3 2 0 0 1 3 0 2 3 0
-6.076043104563998e-05 0 0 0 3 1 0 3 2 0 0 2 3 0 1 3 0
0.0027620866807422794 0 0 0 3 1 0 0 2 0 0 1 3 0 0 2 0
-0.0027620866807422794 0 0 0 3 1 0 0 2 0 0 2 3 0 0 1 0
0.0005958980174784629 0 0 0 3 2 2 3 3 0 0 1 3 0 3 3 1
0.0005958980174784629 0 0 0 3 2 2 3 3 0 0 2 3 0 3 3 2
0.02708871462616293 0 0 0 3 2 0 2 3 0 0 1 3 0 0 3 1
0.02708871462616293 0 0 0 3 2 0 2 3 0 0 2 3 0 0 3 2
-6.076043104563998e-05 0 0 0 3 2 0 3 1 0 0 1 3 0 2 3 0
6.076043104563998e-05 0 0 0 3 2 0 3 1 0 0 2 3 0 1 3 0
-0.0027620866807422794 0 0 0 3 2 0 0 1 0 0 1 3 0 0 2 0
0.0027620866807422794 0 0 0 3 2 0 0 1 0 0 2 3 0 0 1 0
0.07758269872292035 0 0 0 3 3 0 0 0 0 0 0 0 0 0 0 0
-7.546363758267435e-05 0 0 0 3 3 1 3 1 0 0 1 3 1 3 3 0
-7.546363758267435e-05 0 0 0 3 3 1 3 1 0 0 2 3 2 3 3 0
-7.546363758267435e-05 0 0 0 3 3 2 3 2 0 0 1 3 1 3 3 0
-7.546363758267435e-05 0 0 0 3 3 2 3 2 0 0 2 3 2 3 3 0
0.0007060033035032412 0 0 0 3 3 3 3 3 0 1 3 3 3 3 3 1
0.0007060033035032412 0 0 0 3 3 3 3 3 0 2 3 3 3 3 3 2
-0.003430474482495025 0 0 0 3 3 0 1 1 0 0 1 3 1 0 3 0
-0.003430474482495025 0 0 0 3 3 0 1 1 0 0 2 3 2 0 3 0
-0.003430474482495025 0 0 0 3 3 0 2 2 0 0 1 3 1 0 3 0
-0.003430474482495025 0 0 0 3 3 0 2 2 0 0 2 3 2 0 3 0
0.0005204343798957887 0 0 0 3 3 0 3 3 0 0 1 3 1 1 3 1
-1.4703206537034387e-05 0 0 0 3 3 0 3 3 0 0 1 3 1 2 3 2
0.0005351375864328231 0 0 0 3 3 0 3 3 0 0 1 3 2 2 3 1
0.0005351375864328231 0 0 0 3 3 0 3 3 0 0 2 3 1 1 3 2
-1.4703206537034387e-05 0 0 0 3 3 0 3 3 0 0 2 3 2 1 3 1
0.0005204343798957887 0 0 0 3 3 0 3 3 0 0 2 3 2 2 3 2
0.023658240143667904 0 0 0 3 3 0 0 3 0 0 1 3 1 0 1 1
-0.0006683878017527457 0 0 0 3 3 0 0 3 0 0 1 3 1 0 2 2
0.024326627945420648 0 0 0 3 3 0 0 3 0 0 1 3 2 0 2 1
0.024326627945420648 0 0 0 3 3 0 0 3 0 0 2 3 1 0 1 2
-0.0006683878017527457 0 0 0 3 3 0 0 3 0 0 2 3 2 0 1 1
0.023658240143667904 0 0 0 3 3 0 0 3 0 0 2 3 2 0 2 2
-0.0005785371582842321 0 0 0 3 0 1 1 0 0 0 0 0 0 3 0 0
-0.003430474482495025 0 0 0 3 0 1 3 1 0 0 1 1 0 3 3 0
-0.003430474482495025 0 0 0 3 0 1 3 1 0 0 2 2 0 3 3 0
-0.0005785371582842321 0 0 0 3 0 2 2 0 0 0 0 0 0 3 0 0
-0.003430474482495025 0 0 0 3 0 2 3 2 0 0 1 1 0 3 3 0
-0.003430474482495025 0 0 0 3 0 2 3 2 0 0 2 2 0 3 3 0
0.05132930888222313 0 0 0 3 0 3 0 0 0 0 0 0 0 0 0 0
7.546363758267464e-05 0 0 0 3 0 0 1 1 0 0 1 1 0 0 3 0
7.546363758267464e-05 0 0 0 3 0 0 1 1 0 0 2 2 0 0 3 0
7.546363758267464e-05 0 0 0 3 0 0 2 2 0 0 1 1 0 0 3 0
7.546363758267464e-05 0 0 0 3 0 0 2 2 0 0 2 2 0 0 3 0
0.0776160957555013 0 0 0 3 0 0 3 0 0 0 0 0 0 0 0 0
0.023658240143667915 0 0 0 3 0 0 3 3 0 0 1 1 0 1 3 1
-0.0006683878017527448 0 0 0 3 0 0 3 3 0 0 1 1 0 2 3 2
0.024326627945420655 0 0 0 3 0 0 3 3 0 0 1 2 0 2 3 1
0.024326627945420655 0 0 0 3 0 0 3 3 0 0 2 1 0 1 3 2
-0.0006683878017527448 0 0 0 3 0 0 3 3 0 0 2 2 0 1 3 1
0.023658240143667915 0 0 0 3 0 0 3 3 0 0 2 2 0 2 3 2
0.0001793399754413792 0 0 0 3 0 0 3 0 0 0 0 0 0 1 1 0
0.0001793399754413792 0 0 0 3 0 0 3 0 0 0 0 0 0 2 2 0
0.08174488707398765 0 0 0 3 0 0 0 3 0 0 0 0 0 0 0 0
-0.0005204343798957831 0 0 0 3 0 0 0 3 0 0 1 1 0 0 1 1
1.4703206537034069e-05 0 0 0 3 0 0 0 3 0 0 1 1 0 0 2 2
-0.0005351375864328172 0 0 0 3 0 0 0 3 0 0 1 2 0 0 2 1
-0.0005351375864328172 0 0 0 3 0 0 0 3 0 0 2 1 0 0 1 2
1.4703206537034069e-05 0 0 0 3 0 0 0 3 0 0 2 2 0 0 1 1
-0.0005204343798957831 0 0 0 3 0 0 0 3 0 0 2 2 0 0 2 2
0.08789349420498715 0 0 0 3 0 0 0 0 3 0 0 0 0 0 0 0
0.08349003451814352 0 0 0 3 0 0 0 0 0 3 0 0 0 0 0 0
0.08177216889131395 0 0 0 3 0 0 0 0 0 0 3 0 0 0 0 0
0.08951415224236754 0 0 0 3 0 0 0 0 0 0 0 3 0 0 0 0
0.08155984989606943 0 0 0 3 0 0 0 0 0 0 0 0 3 0 0 0
0.08962334324438805 0 0 0 3 0 0 0 0 0 0 0 0 0 3 0 0
0.08147473663411006 0 0 0 3 0 0 0 0 0 0 0 0 0 0 3 0
0.08617665229791255 0 0 0 3 0 0 0 0 0 0 0 0 0 0 0 3
-0.003825297289759174 0 0 0 0 1 1 3 0 0 0 0 1 0 3 1 0
-0.003825297289759174 0 0 0 0 1 1 3 0 0 0 0 2 0 3 2 0
-0.0007578771337256114 0 0 0 0 1 1 0 0 0 0 0 1 0 1 0 0
-0.0007578771337256114 0 0 0 0 1 1 0 0 0 0 0 2 0 2 0 0
-0.0007578771337256154 0 0 0 0 1 2 3 0 0 0 0 0 1 3 2 0
0.0007578771337256154 0 0 0 0 1 2 3 0 0 0 0 0 2 3 1 0
-0.0038586408786087686 0 0 0 0 1 2 0 0 0 0 0 0 1 2 0 0
0.0038586408786087686 0 0 0 0 1 2 0 0 0 0 0 0 2 1 0 0
0.0007578771337256038 0 0 0 0 1 0 1 0 0 0 0 1 0 0 1 0
0.0007578771337256038 0 0 0 0 1 0 1 0 0 0 0 2 0 0 2 0
-0.0007578771337256154 0 0 0 0 1 0 1 0 0 0 0 0 1 1 0 0
-0.0007578771337256154 0 0 0 0 1 0 1 0 0 0 0 0 2 2 0 0
-0.03061009619379696 0 0 0 0 1 0 2 0 0 0 0 1 0 2 0 0
0.03061009619379696 0 0 0 0 1 0 2 0 0 0 0 2 0 1 0 0
-0.03829403436216491 0 0 0 0 1 0 2 0 0 0 0 0 1 0 2 0
0.03829403436216491 0 0 0 0 1 0 2 0 0 0 0 0 2 0 1 0
-0.004431765223924896 0 0 0 0 1 0 0 2 0 0 0 0 1 0 0 2
0.004431765223924896 0 0 0 0 1 0 0 2 0 0 0 0 2 0 0 1
0.0007578771337256154 0 0 0 0 2 1 3 0 0 0 0 0 1 3 2 0
-0.0007578771337256154 0 0 0 0 2 1 3 0 0 0 0 0 2 3 1 0
0.0038586408786087686 0 0 0 0 2 1 0 0 0 0 0 0 1 2 0 0
-0.0038586408786087686 0 0 0 0 2 1 0 0 0 0 0 0 2 1 0 0
-0.003825297289759174 0 0 0 0 2 2 3 0 0 0 0 1 0 3 1 0
-0.003825297289759174 0 0 0 0 2 2 3 0 0 0 0 2 0 3 2 0
-0.0007578771337256114 0 0 0 0 2 2 0 0 0 0 0 1 0 1 0 0
-0.0007578771337256114 0 0 0 0 2 2 0 0 0 0 0 2 0 2 0 0
0.03061009619379696 0 0 0 0 2 0 1 0 0 0 0 1 0 2 0 0
-0.03061009619379696 0 0 0 0 2 0 1 0 0 0 0 2 0 1 0 0
0.03829403436216491 0 0 0 0 2 0 1 0 0 0 0 0 1 0 2 0
-0.03829403436216491 0 0 0 0 2 0 1 0 0 0 0 0 2 0 1 0
0.0007578771337256038 0 0 0 0 2 0 2 0 0 0 0 1 0 0 1 0
0.0007578771337256038 0 0 0 0 2 0 2 0 0 0 0 2 0 0 2 0
-0.0007578771337256154 0 0 0 0 2 0 2 0 0 0 0 0 1 1 0 0
-0.0007578771337256154 0 0 0 0 2 0 2 0 0 0 0 0 2 2 0 0
0.004431765223924896 0 0 0 0 2 0 0 1 0 0 0 0 1 0 0 2
-0.004431765223924896 0 0 0 0 2 0 0 1 0 0 0 0 2 0 0 1
1.050699312477435 0 0 0 0 3 0 0 0 0 0 0 0 0 0 0 0
0.004074303305138958 0 0 0 0 3 1 1 0 0 0 0 1 1 3 0 0
0.004074303305138958 0 0 0 0 3 1 1 0 0 0 0 2 2 3 0 0
0.0005785371582842558 0 0 0 0 3 1 1 0 0 0 0 0 0 3 0 0
0.004074303305138958 0 0 0 0 3 2 2 0 0 0 0 1 1 3 0 0
0.004074303305138958 0 0 0 0 3 2 2 0 0 0 0 2 2 3 0 0
0.0005785371582842558 0 0 0 0 3 2 2 0 0 0 0 0 0 3 0 0
0.07761609575550141 0 0 0 0 3 3 0 0 0 0 0 0 0 0 0 0
-0.00017933997544139425 0 0 0 0 3 3 0 0 0 0 0 1 1 0 0 0
-0.00017933997544139425 0 0 0 0 3 3 0 0 0 0 0 2 2 0 0 0
0.051329308882223104 0 0 0 0 3 0 3 0 0 0 0 0 0 0 0 0
0.00017933997544136395 0 0 0 0 3 0 3 0 0 0 0 1 1 0 0 0
0.00024900601537978487 0 0 0 0 3 0 3 0 0 0 0 1 1 1 1 0
-0.026535792888658 0 0 0 0 3 0 3 0 0 0 0 1 1 2 2 0
0.026784798904037788 0 0 0 0 3 0 3 0 0 0 0 1 2 2 1 0
0.026784798904037788 0 0 0 0 3 0 3 0 0 0 0 2 1 1 2 0
0.00017933997544136395 0 0 0 0 3 0 3 0 0 0 0 2 2 0 0 0
-0.026535792888658 0 0 0 0 3 0 3 0 0 0 0 2 2 1 1 0
0.00024900601537978487 0 0 0 0 3 0 3 0 0 0 0 2 2 2 2 0
-0.00017933997544135978 0 0 0 0 3 0 3 0 0 0 0 0 0 1 1 0
-0.00017933997544135978 0 0 0 0 3 0 3 0 0 0 0 0 0 2 2 0
0.08174488707398771 0 0 0 0 3 0 0 3 0 0 0 0 0 0 0 0
0.08789349420498721 0 0 0 0 3 0 0 0 3 0 0 0 0 0 0 0
0.08349003451814356 0 0 0 0 3 0 0 0 0 3 0 0 0 0 0 0
0.08177216889131399 0 0 0 0 3 0 0 0 0 0 3 0 0 0 0 0
0.0005785371582842172 0 0 0 0 3 0 0 0 0 0 0 1 1 3 0 0
-0.0005785371582842397 0 0 0 0 3 0 0 0 0 0 0 1 1 0 3 0
0.0005785371582842172 0 0 0 0 3 0 0 0 0 0 0 2 2 3 0 0
-0.0005785371582842397 0 0 0 0 3 0 0 0 0 0 0 2 2 0 3 0
0.08155984989606943 0 0 0 0 3 0 0 0 0 0 0 3 0 0 0 0
0.08951415224236764 0 0 0 0 3 0 0 0 0 0 0 0 3 0 0 0
0.08147473663411017 0 0 0 0 3 0 0 0 0 0 0 0 0 3 0 0
0.08962334324438802 0 0 0 0 3 0 0 0 0 0 0 0 0 0 3 0
0.0861766522979126 0 0 0 0 3 0 0 0 0 0 0 0 0 0 0 3
0.0001793399754413792 0 0 0 0 0 1 1 0 0 0 0 3 0 3 0 0
-0.00017933997544135978 0 0 0 0 0 1 1 0 0 0 0 0 3 3 0 0
-0.004232006820421522 0 0 0 0 0 1 2 0 0 0 0 0 0 1 2 0
0.004232006820421522 0 0 0 0 0 1 2 0 0 0 0 0 0 2 1 0
-0.005118909371319418 0 0 0 0 0 1 0 2 0 0 0 0 0 1 0 2
0.005118909371319418 0 0 0 0 0 1 0 2 0 0 0 0 0 2 0 1
0.004232006820421522 0 0 0 0 0 2 1 0 0 0 0 0 0 1 2 0
-0.004232006820421522 0 0 0 0 0 2 1 0 0 0 0 0 0 2 1 0
0.0001793399754413792 0 0 0 0 0 2 2 0 0 0 0 3 0 3 0 0
-0.00017933997544135978 0 0 0 0 0 2 2 0 0 0 0 0 3 3 0 0
0.005118909371319418 0 0 0 0 0 2 0 1 0 0 0 0 0 1 0 2
-0.005118909371319418 0 0 0 0 0 2 0 1 0 0 0 0 0 2 0 1
1.0143666910411913 0 0 0 0 0 3 0 0 0 0 0 0 0 0 0 0
0.07737741696795974 0 0 0 0 0 3 3 0 0 0 0 0 0 0 0 0
0.0804262752020558 0 0 0 0 0 3 0 3 0 0 0 0 0 0 0 0
0.08680723960129816 0 0 0 0 0 3 0 0 3 0 0 0 0 0 0 0
0.08395426618207438 0 0 0 0 0 3 0 0 0 3 0 0 0 0 0 0
0.08169569764507012 0 0 0 0 0 3 0 0 0 0 3 0 0 0 0 0
0.08962334324438805 0 0 0 0 0 3 0 0 0 0 0 3 0 0 0 0
0.08147473663411017 0 0 0 0 0 3 0 0 0 0 0 0 3 0 0 0
0.09007343742922437 0 0 0 0 0 3 0 0 0 0 0 0 0 3 0 0
0.08160942378838126 0 0 0 0 0 3 0 0 0 0 0 0 0 0 3 0
0.08554518457337522 0 0 0 0 0 3 0 0 0 0 0 0 0 0 0 3
-0.005118909371319417 0 0 0 0 0 0 1 2 0 0 0 0 0 0 1 2
0.005118909371319417 0 0 0 0 0 0 1 2 0 0 0 0 0 0 2 1
0.005118909371319417 0 0 0 0 0 0 2 1 0 0 0 0 0 0 1 2
-0.005118909371319417 0 0 0 0 0 0 2 1 0 0 0 0 0 0 2 1
1.0143666910411935 0 0 0 0 0 0 3 0 0 0 0 0 0 0 0 0
0.08042627520205575 0 0 0 0 0 0 3 3 0 0 0 0 0 0 0 0
0.0868072396012981 0 0 0 0 0 0 3 0 3 0 0 0 0 0 0 0
0.08395426618207433 0 0 0 0 0 0 3 0 0 3 0 0 0 0 0 0
0.08169569764507006 0 0 0 0 0 0 3 0 0 0 3 0 0 0 0 0
0.08147473663411006 0 0 0 0 0 0 3 0 0 0 0 3 0 0 0 0
-0.0005785371582842321 0 0 0 0 0 0 3 0 0 0 0 3 0 1 1 0
-0.0005785371582842321 0 0 0 0 0 0 3 0 0 0 0 3 0 2 2 0
0.08962334324438802 0 0 0 0 0 0 3 0 0 0 0 0 3 0 0 0
0.0005785371582842558 0 0 0 0 0 0 3 0 0 0 0 0 3 1 1 0
0.0005785371582842558 0 0 0 0 0 0 3 0 0 0 0 0 3 2 2 0
0.08160942378838126 0 0 0 0 0 0 3 0 0 0 0 0 0 3 0 0
0.09007343742922425 0 0 0 0 0 0 3 0 0 0 0 0 0 0 3 0
0.08554518457337518 0 0 0 0 0 0 3 0 0 0 0 0 0 0 0 3
0.9945443846785723 0 0 0 0 0 0 0 3 0 0 0 0 0 0 0 0
0.09436283104904969 0 0 0 0 0 0 0 3 3 0 0 0 0 0 0 0
0.08645451723616085 0 0 0 0 0 0 0 3 0 3 0 0 0 0 0 0
0.09206197468524181 0 0 0 0 0 0 0 3 0 0 3 0 0 0 0 0
0.08617665229791255 0 0 0 0 0 0 0 3 0 0 0 3 0 0 0 0
0.0861766522979126 0 0 0 0 0 0 0 3 0 0 0 0 3 0 0 0
0.08554518457337522 0 0 0 0 0 0 0 3 0 0 0 0 0 3 0 0
0.08554518457337518 0 0 0 0 0 0 0 3 0 0 0 0 0 0 3 0
0.09784441231789506 0 0 0 0 0 0 0 3 0 0 0 0 0 0 0 3
1.33614490803347 0 0 0 0 0 0 0 0 3 0 0 0 0 0 0 0
0.05792917323919098 0 0 0 0 0 0 0 0 3 3 0 0 0 0 0 0
0.07060571715781262 0 0 0 0 0 0 0 0 3 0 3 0 0 0 0 0
0.07272753884125832 0 0 0 0 0 0 0 0 3 0 0 3 0 0 0 0
0.07272753884125836 0 0 0 0 0 0 0 0 3 0 0 0 3 0 0 0
0.07566658288443438 0 0 0 0 0 0 0 0 3 0 0 0 0 3 0 0
0.07566658288443434 0 0 0 0 0 0 0 0 3 0 0 0 0 0 3 0
0.08214532291212101 0 0 0 0 0 0 0 0 3 0 0 0 0 0 0 3
1.2236405755921835 0 0 0 0 0 0 0 0 0 3 0 0 0 0 0 0
0.06479098664652376 0 0 0 0 0 0 0 0 0 3 3 0 0 0 0 0
0.0705651159008058 0 0 0 0 0 0 0 0 0 3 0 3 0 0 0 0
0.07056511590080583 0 0 0 0 0 0 0 0 0 3 0 0 3 0 0 0
0.06791469709083017 0 0 0 0 0 0 0 0 0 3 0 0 0 3 0 0
0.06791469709083012 0 0 0 0 0 0 0 0 0 3 0 0 0 0 3 0
0.07195006629907097 0 0 0 0 0 0 0 0 0 3 0 0 0 0 0 3
1.0843166009540721 0 0 0 0 0 0 0 0 0 0 3 0 0 0 0 0
0.07698726860249788 0 0 0 0 0 0 0 0 0 0 3 3 0 0 0 0
0.0769872686024979 0 0 0 0 0 0 0 0 0 0 3 0 3 0 0 0
0.07712460741118655 0 0 0 0 0 0 0 0 0 0 3 0 0 3 0 0
0.07712460741118651 0 0 0 0 0 0 0 0 0 0 3 0 0 0 3 0
0.06102895751077193 0 0 0 0 0 0 0 0 0 0 3 0 0 0 0 3
1.0506993124774358 0 0 0 0 0 0 0 0 0 0 0 3 0 0 0 0
0.07758269872292035 0 0 0 0 0 0 0 0 0 0 0 3 3 0 0 0
0.05132930888222313 0 0 0 0 0 0 0 0 0 0 0 3 0 3 0 0
0.0776160957555013 0 0 0 0 0 0 0 0 0 0 0 3 0 0 3 0
0.08174488707398765 0 0 0 0 0 0 0 0 0 0 0 3 0 0 0 3
1.0506993124774349 0 0 0 0 0 0 0 0 0 0 0 0 3 0 0 0
0.07761609575550141 0 0 0 0 0 0 0 0 0 0 0 0 3 3 0 0
0.051329308882223104 0 0 0 0 0 0 0 0 0 0 0 0 3 0 3 0
0.08174488707398771 0 0 0 0 0 0 0 0 0 0 0 0 3 0 0 3
1.014366691041191 0 0 0 0 0 0 0 0 0 0 0 0 0 3 0 0
0.07737741696795974 0 0 0 0 0 0 0 0 0 0 0 0 0 3 3 0
0.0804262752020558 0 0 0 0 0 0 0 0 0 0 0 0 0 3 0 3
1.0143666910411935 0 0 0 0 0 0 0 0 0 0 0 0 0 0 3 0
0.08042627520205575 0 0 0 0 0 0 0 0 0 0 0 0 0 0 3 3
0.9945443846785723 0 0 0 0 0 0 0 0 0 0 0 0 0 0 0 3
