-5074.530038298781 0 0 0 0 0 0 0 0 0 0 0 0 0 0 0 0
-0.0017650325124791122 1 1 3 3 3 0 0 0 3 1 3 3 1 0 0 0
-0.0017650325124791122 1 1 3 3 3 0 0 0 3 2 3 3 2 0 0 0
0.0002190714887882508 1 1 0 1 3 1 0 0 3 0 0 3 3 0 0 0
0.008934152655702672 1 1 0 1 3 3 1 0 3 0 0 3 3 3 0 0
8.266550724227718e-05 1 1 0 2 3 2 0 0 3 0 0 3 3 0 0 0
0.003371256867558137 1 1 0 2 3 3 2 0 3 0 0 3 3 3 0 0
0.01595055800324177 1 1 0 0 3 3 3 0 3 0 0 1 3 3 1 0
0.01595055800324177 1 1 0 0 3 3 3 0 3 0 0 2 3 3 2 0
0.00039111851156282853 1 1 0 0 3 3 0 0 3 0 0 1 3 1 0 0
0.00039111851156282853 1 1 0 0 3 3 0 0 3 0 0 2 3 2 0 0
-8.59058500947578e-05 1 1 0 0 0 1 3 1 3 0 0 0 0 3 3 0
-0.0001778472494841834 1 1 0 0 0 2 3 2 3 0 0 0 0 3 3 0
-0.003503404222109171 1 1 0 0 0 0 1 1 3 0 0 0 0 0 3 0
-0.007252949642499432 1 1 0 0 0 0 2 2 3 0 0 0 0 0 3 0
-0.0003057472387929628 1 1 0 0 0 0 3 3 3 0 0 0 0 1 3 1
-0.0003057472387929628 1 1 0 0 0 0 3 3 3 0 0 0 0 2 3 2
-0.012468954862840446 1 1 0 0 0 0 0 3 3 0 0 0 0 0 1 1
-0.012468954862840446 1 1 0 0 0 0 0 3 3 0 0 0 0 0 2 2
0.00013640598154597363 1 2 0 2 3 1 0 0 3 0 0 3 3 0 0 0
0.005562895788144535 1 2 0 2 3 3 1 0 3 0 0 3 3 3 0 0
9.19413993894256e-05 1 2 0 0 0 2 3 1 3 0 0 0 0 3 3 0
0.0037495454203902603 1 2 0 0 0 0 2 1 3 0 0 0 0 0 3 0
-0.025644172997389948 1 2 0 0 0 0 0 0 1 2 0 0 0 0 0 0
0.025644172997389948 1 2 0 0 0 0 0 0 2 1 0 0 0 0 0 0
0.008934152655702658 1 3 1 1 3 1 0 0 3 3 0 3 3 0 0 0
-0.00021907148878825164 1 3 1 1 3 3 1 0 3 3 0 3 3 3 0 0
0.0033712568675581577 1 3 1 2 3 2 0 0 3 3 0 3 3 0 0 0
-8.266550724226625e-05 1 3 1 2 3 3 2 0 3 3 0 3 3 3 0 0
-0.0017650325124791274 1 3 1 3 3 0 0 0 3 3 1 3 1 0 0 0
-0.0017650325124791274 1 3 1 3 3 0 0 0 3 3 2 3 2 0 0 0
-0.0003911185115628277 1 3 1 0 3 3 3 0 3 3 0 1 3 3 1 0
-0.0003911185115628277 1 3 1 0 3 3 3 0 3 3 0 2 3 3 2 0
0.015950558003241744 1 3 1 0 3 3 0 0 3 3 0 1 3 1 0 0
0.015950558003241744 1 3 1 0 3 3 0 0 3 3 0 2 3 2 0 0
-0.0035034042221091673 1 3 1 0 0 1 3 1 3 3 0 0 0 3 3 0
-0.007252949642499415 1 3 1 0 0 2 3 2 3 3 0 0 0 3 3 0
8.590585009475224e-05 1 3 1 0 0 0 1 1 3 3 0 0 0 0 3 0
0.00017784724948418293 1 3 1 0 0 0 2 2 3 3 0 0 0 0 3 0
-0.012468954862840415 1 3 1 0 0 0 3 3 3 3 0 0 0 1 3 1
-0.012468954862840415 1 3 1 0 0 0 3 3 3 3 0 0 0 2 3 2
0.0003057472387929641 1 3 1 0 0 0 0 3 3 3 0 0 0 0 1 1
0.0003057472387929641 1 3 1 0 0 0 0 3 3 3 0 0 0 0 2 2
0.005562895788144498 1 3 2 2 3 1 0 0 3 3 0 3 3 0 0 0
-0.0001364059815459854 1 3 2 2 3 3 1 0 3 3 0 3 3 3 0 0
0.0037495454203902456 1 3 2 0 0 2 3 1 3 3 0 0 0 3 3 0
-9.194139938943066e-05 1 3 2 0 0 0 2 1 3 3 0 0 0 0 3 0
-0.011698773101984014 1 3 3 1 1 3 3 1 3 3 3 0 3 3 3 0
-0.0029302663871367345 1 3 3 1 2 3 3 2 3 3 3 0 3 3 3 0
-0.013605024669574485 1 3 3 1 3 0 0 0 3 3 3 1 1 0 0 0
-0.013605024669574485 1 3 3 1 3 0 0 0 3 3 3 2 2 0 0 0
-0.0061164538558273135 1 3 3 1 0 3 3 3 3 3 3 0 1 3 3 1
-0.0061164538558273135 1 3 3 1 0 3 3 3 3 3 3 0 2 3 3 2
-0.00876850671484728 1 3 3 2 2 3 3 1 3 3 3 0 3 3 3 0
0.0003084530043205615 1 3 3 2 3 3 3 0 3 3 1 3 3 3 2 0
-0.0003084530043205615 1 3 3 2 3 3 3 0 3 3 2 3 3 3 1 0
-0.012579301135683583 1 3 3 2 3 3 0 0 3 3 1 3 3 2 0 0
0.012579301135683583 1 3 3 2 3 3 0 0 3 3 2 3 3 1 0 0
-0.00819411676289031 1 3 3 3 1 3 0 0 3 3 3 3 0 0 0 0
-0.008194116762890318 1 3 3 3 1 0 3 0 3 3 3 3 0 0 0 0
-0.0022081926515716476 1 3 3 3 1 0 0 3 3 3 3 3 0 0 0 0
4.434886401249771e-05 1 3 3 3 1 0 0 0 3 3 3 0 0 0 0 0
-0.08597896906243385 1 3 3 3 1 0 0 0 3 3 3 3 0 0 0 0
-0.0016580000565143184 1 3 3 3 1 0 0 0 3 3 3 3 3 0 0 0
-0.003003945511379415 1 3 3 3 1 0 0 0 3 3 3 3 0 3 0 0
-0.0030039455113794133 1 3 3 3 1 0 0 0 3 3 3 3 0 0 3 0
-0.0034560207556267974 1 3 3 3 1 0 0 0 3 3 3 3 0 0 0 3
-0.008560412151562363 1 3 3 3 1 0 0 0 3 3 0 3 0 0 0 0
-0.00856041215156235 1 3 3 3 1 0 0 0 3 0 3 3 0 0 0 0
-0.0163010178685557 1 3 3 3 1 0 0 0 0 3 3 3 0 0 0 0
0.0031861874686905794 1 3 3 3 2 3 3 3 3 3 3 1 3 3 3 2
-0.0031861874686905794 1 3 3 3 2 3 3 3 3 3 3 2 3 3 3 1
0.005190171251510895 1 3 3 3 3 2 0 0 3 3 3 3 1 2 0 0
-0.005190171251510895 1 3 3 3 3 2 0 0 3 3 3 3 2 1 0 0
0.0051901712515109045 1 3 3 3 3 0 2 0 3 3 3 3 1 0 2 0
-0.0051901712515109045 1 3 3 3 3 0 2 0 3 3 3 3 2 0 1 0
-0.00124782810405515 1 3 3 3 3 0 0 2 3 3 3 3 1 0 0 2
0.00124782810405515 1 3 3 3 3 0 0 2 3 3 3 3 2 0 0 1
-0.0055823192461567 1 3 3 3 0 3 3 1 3 3 3 1 1 3 3 0
-0.0055823192461567 1 3 3 3 0 3 3 1 3 3 3 2 2 3 3 0
-0.013560675805561988 1 3 3 0 1 0 0 0 3 3 3 3 0 0 0 0
-0.007016405347539086 1 3 3 0 3 1 0 0 3 3 1 1 3 0 0 0
-0.007016405347539086 1 3 3 0 3 1 0 0 3 3 2 2 3 0 0 0
0.00017204702277457613 1 3 3 0 3 3 1 0 3 3 1 1 3 3 0 0
0.00017204702277457613 1 3 3 0 3 3 1 0 3 3 2 2 3 3 0 0
0.005216005220341002 1 3 3 0 0 2 3 3 3 3 1 0 0 3 3 2
-0.005216005220341002 1 3 3 0 0 2 3 3 3 3 2 0 0 3 3 1
-0.0001278999893087812 1 3 3 0 0 0 2 3 3 3 1 0 0 0 3 2
0.0001278999893087812 1 3 3 0 0 0 2 3 3 3 2 0 0 0 3 1
0.008965550640731247 1 3 3 0 0 0 3 1 3 3 1 0 0 1 3 0
0.008965550640731247 1 3 3 0 0 0 3 1 3 3 2 0 0 2 3 0
-0.00021984138869821185 1 3 3 0 0 0 0 1 3 3 1 0 0 0 1 0
-0.00021984138869821185 1 3 3 0 0 0 0 1 3 3 2 0 0 0 2 0
-0.012579301135683634 1 3 0 2 3 3 3 0 3 1 0 3 3 3 2 0
0.012579301135683634 1 3 0 2 3 3 3 0 3 2 0 3 3 3 1 0
-0.0003084530043205514 1 3 0 2 3 3 0 0 3 1 0 3 3 2 0 0
0.0003084530043205514 1 3 0 2 3 3 0 0 3 2 0 3 3 1 0 0
-0.010325444664041492 1 3 0 3 1 0 0 0 3 3 3 3 0 0 0 0
-0.00017204702277457776 1 3 0 0 3 1 0 0 3 1 0 1 3 0 0 0
-0.00017204702277457776 1 3 0 0 3 1 0 0 3 2 0 2 3 0 0 0
-0.007016405347539099 1 3 0 0 3 3 1 0 3 1 0 1 3 3 0 0
-0.007016405347539099 1 3 0 0 3 3 1 0 3 2 0 2 3 3 0 0
0.00012789998930877946 1 3 0 0 0 2 3 3 3 1 0 0 0 3 3 2
-0.00012789998930877946 1 3 0 0 0 2 3 3 3 2 0 0 0 3 3 1
0.0052160052203410155 1 3 0 0 0 0 2 3 3 1 0 0 0 0 3 2
-0.0052160052203410155 1 3 0 0 0 0 2 3 3 2 0 0 0 0 3 1
0.00021984138869820505 1 3 0 0 0 0 3 1 3 1 0 0 0 1 3 0
0.00021984138869820505 1 3 0 0 0 0 3 1 3 2 0 0 0 2 3 0
0.008965550640731276 1 3 0 0 0 0 0 1 3 1 0 0 0 0 1 0
0.008965550640731276 1 3 0 0 0 0 0 1 3 2 0 0 0 0 2 0
-0.02564417299738988 1 0 2 0 0 0 0 0 1 0 2 0 0 0 0 0
0.02564417299738988 1 0 2 0 0 0 0 0 2 0 1 0 0 0 0 0
-0.010325444664041462 1 0 3 3 1 0 0 0 3 3 3 3 0 0 0 0
0.005295147530066881 1 0 0 2 3 3 3 3 1 0 0 3 3 3 3 2
-0.005295147530066881 1 0 0 2 3 3 3 3 2 0 0 3 3 3 3 1
-0.007320251259199674 1 0 0 2 0 0 0 0 1 0 0 2 0 0 0 0
0.007320251259199674 1 0 0 2 0 0 0 0 2 0 0 1 0 0 0 0
-0.006606338711800537 1 0 0 0 2 0 0 0 1 0 0 0 2 0 0 0
0.006606338711800537 1 0 0 0 2 0 0 0 2 0 0 0 1 0 0 0
0.005295147530066881 1 0 0 0 3 3 3 1 1 0 0 1 3 3 3 0
0.005295147530066881 1 0 0 0 3 3 3 1 2 0 0 2 3 3 3 0
-0.006839173868449975 1 0 0 0 0 2 0 0 1 0 0 0 0 2 0 0
0.006839173868449975 1 0 0 0 0 2 0 0 2 0 0 0 0 1 0 0
-0.006839173868449988 1 0 0 0 0 0 2 0 1 0 0 0 0 0 2 0
0.006839173868449988 1 0 0 0 0 0 2 0 2 0 0 0 0 0 1 0
-0.0058223519313285255 1 0 0 0 0 0 0 2 1 0 0 0 0 0 0 2
0.0058223519313285255 1 0 0 0 0 0 0 2 2 0 0 0 0 0 0 1
0.00013640598154597363 2 1 0 1 3 2 0 0 3 0 0 3 3 0 0 0
0.005562895788144535 2 1 0 1 3 3 2 0 3 0 0 3 3 3 0 0
9.19413993894256e-05 2 1 0 0 0 1 3 2 3 0 0 0 0 3 3 0
0.0037495454203902603 2 1 0 0 0 0 1 2 3 0 0 0 0 0 3 0
0.025644172997389948 2 1 0 0 0 0 0 0 1 2 0 0 0 0 0 0
-0.025644172997389948 2 1 0 0 0 0 0 0 2 1 0 0 0 0 0 0
-0.0017650325124791122 2 2 3 3 3 0 0 0 3 1 3 3 1 0 0 0
-0.0017650325124791122 2 2 3 3 3 0 0 0 3 2 3 3 2 0 0 0
8.266550724227718e-05 2 2 0 1 3 1 0 0 3 0 0 3 3 0 0 0
0.003371256867558137 2 2 0 1 3 3 1 0 3 0 0 3 3 3 0 0
0.0002190714887882508 2 2 0 2 3 2 0 0 3 0 0 3 3 0 0 0
0.008934152655702672 2 2 0 2 3 3 2 0 3 0 0 3 3 3 0 0
0.01595055800324177 2 2 0 0 3 3 3 0 3 0 0 1 3 3 1 0
0.01595055800324177 2 2 0 0 3 3 3 0 3 0 0 2 3 3 2 0
0.00039111851156282853 2 2 0 0 3 3 0 0 3 0 0 1 3 1 0 0
0.00039111851156282853 2 2 0 0 3 3 0 0 3 0 0 2 3 2 0 0
-0.0001778472494841834 2 2 0 0 0 1 3 1 3 0 0 0 0 3 3 0
-8.59058500947578e-05 2 2 0 0 0 2 3 2 3 0 0 0 0 3 3 0
-0.007252949642499432 2 2 0 0 0 0 1 1 3 0 0 0 0 0 3 0
-0.003503404222109171 2 2 0 0 0 0 2 2 3 0 0 0 0 0 3 0
-0.0003057472387929628 2 2 0 0 0 0 3 3 3 0 0 0 0 1 3 1
-0.0003057472387929628 2 2 0 0 0 0 3 3 3 0 0 0 0 2 3 2
-0.012468954862840446 2 2 0 0 0 0 0 3 3 0 0 0 0 0 1 1
-0.012468954862840446 2 2 0 0 0 0 0 3 3 0 0 0 0 0 2 2
0.005562895788144498 2 3 1 1 3 2 0 0 3 3 0 3 3 0 0 0
-0.0001364059815459854 2 3 1 1 3 3 2 0 3 3 0 3 3 3 0 0
0.0037495454203902456 2 3 1 0 0 1 3 2 3 3 0 0 0 3 3 0
-9.194139938943066e-05 2 3 1 0 0 0 1 2 3 3 0 0 0 0 3 0
0.0033712568675581577 2 3 2 1 3 1 0 0 3 3 0 3 3 0 0 0
-8.266550724226625e-05 2 3 2 1 3 3 1 0 3 3 0 3 3 3 0 0
0.008934152655702658 2 3 2 2 3 2 0 0 3 3 0 3 3 0 0 0
-0.00021907148878825164 2 3 2 2 3 3 2 0 3 3 0 3 3 3 0 0
-0.0017650325124791274 2 3 2 3 3 0 0 0 3 3 1 3 1 0 0 0
-0.0017650325124791274 2 3 2 3 3 0 0 0 3 3 2 3 2 0 0 0
-0.0003911185115628277 2 3 2 0 3 3 3 0 3 3 0 1 3 3 1 0
-0.0003911185115628277 2 3 2 0 3 3 3 0 3 3 0 2 3 3 2 0
0.015950558003241744 2 3 2 0 3 3 0 0 3 3 0 1 3 1 0 0
0.015950558003241744 2 3 2 0 3 3 0 0 3 3 0 2 3 2 0 0
-0.007252949642499415 2 3 2 0 0 1 3 1 3 3 0 0 0 3 3 0
-0.0035034042221091673 2 3 2 0 0 2 3 2 3 3 0 0 0 3 3 0
0.00017784724948418293 2 3 2 0 0 0 1 1 3 3 0 0 0 0 3 0
8.590585009475224e-05 2 3 2 0 0 0 2 2 3 3 0 0 0 0 3 0
-0.012468954862840415 2 3 2 0 0 0 3 3 3 3 0 0 0 1 3 1
-0.012468954862840415 2 3 2 0 0 0 3 3 3 3 0 0 0 2 3 2
0.0003057472387929641 2 3 2 0 0 0 0 3 3 3 0 0 0 0 1 1
0.0003057472387929641 2 3 2 0 0 0 0 3 3 3 0 0 0 0 2 2
-0.00876850671484728 2 3 3 1 1 3 3 2 3 3 3 0 3 3 3 0
-0.0003084530043205615 2 3 3 1 3 3 3 0 3 3 1 3 3 3 2 0
0.0003084530043205615 2 3 3 1 3 3 3 0 3 3 2 3 3 3 1 0
0.012579301135683583 2 3 3 1 3 3 0 0 3 3 1 3 3 2 0 0
-0.012579301135683583 2 3 3 1 3 3 0 0 3 3 2 3 3 1 0 0
-0.0029302663871367345 2 3 3 2 1 3 3 1 3 3 3 0 3 3 3 0
-0.011698773101984014 2 3 3 2 2 3 3 2 3 3 3 0 3 3 3 0
-0.013605024669574485 2 3 3 2 3 0 0 0 3 3 3 1 1 0 0 0
-0.013605024669574485 2 3 3 2 3 0 0 0 3 3 3 2 2 0 0 0
-0.0061164538558273135 2 3 3 2 0 3 3 3 3 3 3 0 1 3 3 1
-0.0061164538558273135 2 3 3 2 0 3 3 3 3 3 3 0 2 3 3 2
-0.0031861874686905794 2 3 3 3 1 3 3 3 3 3 3 1 3 3 3 2
0.0031861874686905794 2 3 3 3 1 3 3 3 3 3 3 2 3 3 3 1
-0.00819411676289031 2 3 3 3 2 3 0 0 3 3 3 3 0 0 0 0
-0.008194116762890318 2 3 3 3 2 0 3 0 3 3 3 3 0 0 0 0
-0.0022081926515716476 2 3 3 3 2 0 0 3 3 3 3 3 0 0 0 0
4.434886401249771e-05 2 3 3 3 2 0 0 0 3 3 3 0 0 0 0 0
-0.08597896906243385 2 3 3 3 2 0 0 0 3 3 3 3 0 0 0 0
-0.0016580000565143184 2 3 3 3 2 0 0 0 3 3 3 3 3 0 0 0
-0.003003945511379415 2 3 3 3 2 0 0 0 3 3 3 3 0 3 0 0
-0.0030039455113794133 2 3 3 3 2 0 0 0 3 3 3 3 0 0 3 0
-0.0034560207556267974 2 3 3 3 2 0 0 0 3 3 3 3 0 0 0 3
-0.008560412151562363 2 3 3 3 2 0 0 0 3 3 0 3 0 0 0 0
-0.00856041215156235 2 3 3 3 2 0 0 0 3 0 3 3 0 0 0 0
-0.0163010178685557 2 3 3 3 2 0 0 0 0 3 3 3 0 0 0 0
-0.005190171251510895 2 3 3 3 3 1 0 0 3 3 3 3 1 2 0 0
0.005190171251510895 2 3 3 3 3 1 0 0 3 3 3 3 2 1 0 0
-0.0051901712515109045 2 3 3 3 3 0 1 0 3 3 3 3 1 0 2 0
0.0051901712515109045 2 3 3 3 3 0 1 0 3 3 3 3 2 0 1 0
0.00124782810405515 2 3 3 3 3 0 0 1 3 3 3 3 1 0 0 2
-0.00124782810405515 2 3 3 3 3 0 0 1 3 3 3 3 2 0 0 1
-0.0055823192461567 2 3 3 3 0 3 3 2 3 3 3 1 1 3 3 0
-0.0055823192461567 2 3 3 3 0 3 3 2 3 3 3 2 2 3 3 0
-0.013560675805561988 2 3 3 0 2 0 0 0 3 3 3 3 0 0 0 0
-0.007016405347539086 2 3 3 0 3 2 0 0 3 3 1 1 3 0 0 0
-0.007016405347539086 2 3 3 0 3 2 0 0 3 3 2 2 3 0 0 0
0.00017204702277457613 2 3 3 0 3 3 2 0 3 3 1 1 3 3 0 0
0.00017204702277457613 2 3 3 0 3 3 2 0 3 3 2 2 3 3 0 0
-0.005216005220341002 2 3 3 0 0 1 3 3 3 3 1 0 0 3 3 2
0.005216005220341002 2 3 3 0 0 1 3 3 3 3 2 0 0 3 3 1
0.0001278999893087812 2 3 3 0 0 0 1 3 3 3 1 0 0 0 3 2
-0.0001278999893087812 2 3 3 0 0 0 1 3 3 3 2 0 0 0 3 1
0.008965550640731247 2 3 3 0 0 0 3 2 3 3 1 0 0 1 3 0
0.008965550640731247 2 3 3 0 0 0 3 2 3 3 2 0 0 2 3 0
-0.00021984138869821185 2 3 3 0 0 0 0 2 3 3 1 0 0 0 1 0
-0.00021984138869821185 2 3 3 0 0 0 0 2 3 3 2 0 0 0 2 0
0.012579301135683634 2 3 0 1 3 3 3 0 3 1 0 3 3 3 2 0
-0.012579301135683634 2 3 0 1 3 3 3 0 3 2 0 3 3 3 1 0
0.0003084530043205514 2 3 0 1 3 3 0 0 3 1 0 3 3 2 0 0
-0.0003084530043205514 2 3 0 1 3 3 0 0 3 2 0 3 3 1 0 0
-0.010325444664041492 2 3 0 3 2 0 0 0 3 3 3 3 0 0 0 0
-0.00017204702277457776 2 3 0 0 3 2 0 0 3 1 0 1 3 0 0 0
-0.00017204702277457776 2 3 0 0 3 2 0 0 3 2 0 2 3 0 0 0
-0.007016405347539099 2 3 0 0 3 3 2 0 3 1 0 1 3 3 0 0
-0.007016405347539099 2 3 0 0 3 3 2 0 3 2 0 2 3 3 0 0
-0.00012789998930877946 2 3 0 0 0 1 3 3 3 1 0 0 0 3 3 2
0.00012789998930877946 2 3 0 0 0 1 3 3 3 2 0 0 0 3 3 1
-0.0052160052203410155 2 3 0 0 0 0 1 3 3 1 0 0 0 0 3 2
0.0052160052203410155 2 3 0 0 0 0 1 3 3 2 0 0 0 0 3 1
0.00021984138869820505 2 3 0 0 0 0 3 2 3 1 0 0 0 1 3 0
0.00021984138869820505 2 3 0 0 0 0 3 2 3 2 0 0 0 2 3 0
0.008965550640731276 2 3 0 0 0 0 0 2 3 1 0 0 0 0 1 0
0.008965550640731276 2 3 0 0 0 0 0 2 3 2 0 0 0 0 2 0
0.02564417299738988 2 0 1 0 0 0 0 0 1 0 2 0 0 0 0 0
-0.02564417299738988 2 0 1 0 0 0 0 0 2 0 1 0 0 0 0 0
-0.010325444664041462 2 0 3 3 2 0 0 0 3 3 3 3 0 0 0 0
-0.005295147530066881 2 0 0 1 3 3 3 3 1 0 0 3 3 3 3 2
0.005295147530066881 2 0 0 1 3 3 3 3 2 0 0 3 3 3 3 1
0.007320251259199674 2 0 0 1 0 0 0 0 1 0 0 2 0 0 0 0
-0.007320251259199674 2 0 0 1 0 0 0 0 2 0 0 1 0 0 0 0
0.006606338711800537 2 0 0 0 1 0 0 0 1 0 0 0 2 0 0 0
-0.006606338711800537 2 0 0 0 1 0 0 0 2 0 0 0 1 0 0 0
0.005295147530066881 2 0 0 0 3 3 3 2 1 0 0 1 3 3 3 0
0.005295147530066881 2 0 0 0 3 3 3 2 2 0 0 2 3 3 3 0
0.006839173868449975 2 0 0 0 0 1 0 0 1 0 0 0 0 2 0 0
-0.006839173868449975 2 0 0 0 0 1 0 0 2 0 0 0 0 1 0 0
0.006839173868449988 2 0 0 0 0 0 1 0 1 0 0 0 0 0 2 0
-0.006839173868449988 2 0 0 0 0 0 1 0 2 0 0 0 0 0 1 0
0.0058223519313285255 2 0 0 0 0 0 0 1 1 0 0 0 0 0 0 2
-0.0058223519313285255 2 0 0 0 0 0 0 1 2 0 0 0 0 0 0 1
1.8584447729402784 3 0 0 0 0 0 0 0 0 0 0 0 0 0 0 0
0.09087375606569831 3 3 0 0 0 0 0 0 0 0 0 0 0 0 0 0
-0.0163010178685557 3 3 3 3 3 0 0 0 1 3 3 3 1 0 0 0
-0.0163010178685557 3 3 3 3 3 0 0 0 2 3 3 3 2 0 0 0
0.09087375606569843 3 0 3 0 0 0 0 0 0 0 0 0 0 0 0 0
0.0031855329736750373 3 0 0 1 3 3 3 1 0 0 0 3 3 3 3 0
0.0031855329736750373 3 0 0 2 3 3 3 2 0 0 0 3 3 3 3 0
0.08503688613327365 3 0 0 3 0 0 0 0 0 0 0 0 0 0 0 0
0.08816456861001654 3 0 0 0 3 0 0 0 0 0 0 0 0 0 0 0
0.008480680503741919 3 0 0 0 3 3 3 3 0 0 0 1 3 3 3 1
0.008480680503741919 3 0 0 0 3 3 3 3 0 0 0 2 3 3 3 2
0.0962827879380659 3 0 0 0 0 3 0 0 0 0 0 0 0 0 0 0
0.09628278793806598 3 0 0 0 0 0 3 0 0 0 0 0 0 0 0 0
0.09639503354974877 3 0 0 0 0 0 0 3 0 0 0 0 0 0 0 0
0.1362392276285395 3 0 0 0 0 0 0 0 3 0 0 0 0 0 0 0
0.11651792906308825 3 0 0 0 0 0 0 0 0 3 0 0 0 0 0 0
0.1165179290630883 3 0 0 0 0 0 0 0 0 0 3 0 0 0 0 0
0.09235713739247331 3 0 0 0 0 0 0 0 0 0 0 3 0 0 0 0
0.09477090732181706 3 0 0 0 0 0 0 0 0 0 0 0 3 0 0 0
0.10312196180651587 3 0 0 0 0 0 0 0 0 0 0 0 0 3 0 0
0.10312196180651598 3 0 0 0 0 0 0 0 0 0 0 0 0 0 3 0
0.1022173854810773 3 0 0 0 0 0 0 0 0 0 0 0 0 0 0 3
-0.013723888048381268 0 1 1 0 0 1 1 0 0 3 0 0 0 3 0 0
0.001388210269329475 0 1 1 0 0 2 2 0 0 3 0 0 0 3 0 0
0.0003026611733880346 0 1 1 0 0 3 0 0 0 3 0 0 0 0 0 0
-0.000302661173388095 0 1 1 0 0 0 3 0 0 3 0 0 0 0 0 0
0.004682235482493071 0 1 1 0 0 0 3 0 0 3 0 0 0 1 1 0
0.004682235482493071 0 1 1 0 0 0 3 0 0 3 0 0 0 2 2 0
-0.00022976133303634076 0 1 1 0 0 0 0 0 0 3 0 0 0 3 0 0
0.00022976133303629866 0 1 1 0 0 0 0 0 0 3 0 0 0 0 3 0
-0.01511209831771074 0 1 2 0 0 2 1 0 0 3 0 0 0 3 0 0
-0.005724640055419299 0 1 2 0 0 0 0 0 0 1 2 0 0 0 0 0
0.005724640055419299 0 1 2 0 0 0 0 0 0 2 1 0 0 0 0 0
0.0003969030552397732 0 1 3 1 1 1 0 0 0 3 3 0 3 0 0 0
0.016186462714253277 0 1 3 1 1 3 1 0 0 3 3 0 3 3 0 0
-1.5521340019978098e-05 0 1 3 1 2 2 0 0 0 3 3 0 3 0 0 0
-0.000632989814998635 0 1 3 1 2 3 2 0 0 3 3 0 3 3 0 0
-0.0076232512221267095 0 1 3 1 0 3 3 0 0 3 3 0 1 3 1 0
-0.0076232512221267095 0 1 3 1 0 3 3 0 0 3 3 0 2 3 2 0
-0.00018692729562575435 0 1 3 1 0 3 0 0 0 3 3 0 1 1 0 0
-0.00018692729562575435 0 1 3 1 0 3 0 0 0 3 3 0 2 2 0 0
0.0004124243952597513 0 1 3 2 2 1 0 0 0 3 3 0 3 0 0 0
0.01681945252925191 0 1 3 2 2 3 1 0 0 3 3 0 3 3 0 0
-2.7258874012330584e-05 0 1 3 3 1 1 3 1 0 3 3 3 0 3 3 0
0.0002778823963266697 0 1 3 3 1 2 3 2 0 3 3 3 0 3 3 0
-0.0011116688118375398 0 1 3 3 1 0 1 1 0 3 3 3 0 0 3 0
0.011332573503047757 0 1 3 3 1 0 2 2 0 3 3 3 0 0 3 0
2.161476796575393e-05 0 1 3 3 1 0 3 3 0 3 3 3 0 1 3 1
2.161476796575393e-05 0 1 3 3 1 0 3 3 0 3 3 3 0 2 3 2
0.0008814914149339571 0 1 3 3 1 0 0 3 0 3 3 3 0 0 1 1
0.0008814914149339571 0 1 3 3 1 0 0 3 0 3 3 3 0 0 2 2
-0.00030514127033900025 0 1 3 3 2 2 3 1 0 3 3 3 0 3 3 0
0.006990261407128073 0 1 3 3 2 3 3 0 0 3 3 1 3 3 2 0
-0.006990261407128073 0 1 3 3 2 3 3 0 0 3 3 2 3 3 1 0
0.00017140595560577628 0 1 3 3 2 3 0 0 0 3 3 1 3 2 0 0
-0.00017140595560577628 0 1 3 3 2 3 0 0 0 3 3 2 3 1 0 0
-0.012444242314885296 0 1 3 3 2 0 2 1 0 3 3 3 0 0 3 0
0.0017650325124791122 0 1 3 3 2 0 0 0 1 2 3 3 0 0 0 0
-0.0017650325124791122 0 1 3 3 2 0 0 0 2 1 3 3 0 0 0 0
0.0002562676283609158 0 1 3 3 3 2 3 3 0 3 3 3 1 3 3 2
-0.0002562676283609158 0 1 3 3 3 2 3 3 0 3 3 3 2 3 3 1
0.010451082088113801 0 1 3 3 3 0 2 3 0 3 3 3 1 0 3 2
-0.010451082088113801 0 1 3 3 3 0 2 3 0 3 3 3 2 0 3 1
-4.887364197808452e-05 0 1 3 3 3 0 3 1 0 3 3 3 1 1 3 0
-4.887364197808452e-05 0 1 3 3 3 0 3 1 0 3 3 3 2 2 3 0
-0.001993160226771497 0 1 3 3 3 0 0 1 0 3 3 3 1 0 1 0
-0.001993160226771497 0 1 3 3 3 0 0 1 0 3 3 3 2 0 2 0
0.0005838303508655276 0 1 3 3 0 1 0 0 0 3 3 1 1 0 0 0
0.0005838303508655276 0 1 3 3 0 1 0 0 0 3 3 2 2 0 0 0
0.023809713936379984 0 1 3 3 0 3 1 0 0 3 3 1 1 3 0 0
0.023809713936379984 0 1 3 3 0 3 1 0 0 3 3 2 2 3 0 0
-0.0032940252131635965 0 1 3 0 0 2 3 0 0 3 1 0 0 3 2 0
0.0032940252131635965 0 1 3 0 0 2 3 0 0 3 2 0 0 3 1 0
-0.0005324225064243754 0 1 3 0 0 2 0 0 0 3 1 0 0 2 0 0
0.0005324225064243754 0 1 3 0 0 2 0 0 0 3 2 0 0 1 0 0
-0.018406123530874337 0 1 3 0 0 0 1 0 0 3 1 0 0 1 0 0
-0.018406123530874337 0 1 3 0 0 0 1 0 0 3 2 0 0 2 0 0
0.0005324225064243936 0 1 3 0 0 0 2 0 0 3 1 0 0 0 2 0
-0.0005324225064243936 0 1 3 0 0 0 2 0 0 3 2 0 0 0 1 0
-0.007016405347539099 0 1 0 1 3 3 3 0 1 0 0 3 3 3 1 0
-0.007016405347539099 0 1 0 1 3 3 3 0 2 0 0 3 3 3 2 0
-0.00017204702277457776 0 1 0 1 3 3 0 0 1 0 0 3 3 1 0 0
-0.00017204702277457776 0 1 0 1 3 3 0 0 2 0 0 3 3 2 0 0
0.004365662885096105 0 1 0 2 3 3 3 3 0 1 0 3 3 3 3 2
-0.004365662885096105 0 1 0 2 3 3 3 3 0 2 0 3 3 3 3 1
-0.008413362107175465 0 1 0 2 0 0 0 0 0 1 0 2 0 0 0 0
0.008413362107175465 0 1 0 2 0 0 0 0 0 2 0 1 0 0 0 0
-0.004812863688663946 0 1 0 0 2 0 0 0 0 1 0 0 2 0 0 0
0.004812863688663946 0 1 0 0 2 0 0 0 0 2 0 0 1 0 0 0
-0.0003084530043205514 0 1 0 0 3 2 0 0 1 0 0 2 3 0 0 0
0.0003084530043205514 0 1 0 0 3 2 0 0 2 0 0 1 3 0 0 0
-0.012579301135683634 0 1 0 0 3 3 2 0 1 0 0 2 3 3 0 0
0.012579301135683634 0 1 0 0 3 3 2 0 2 0 0 1 3 3 0 0
0.004365662885096105 0 1 0 0 3 3 3 1 0 1 0 1 3 3 3 0
0.004365662885096105 0 1 0 0 3 3 3 1 0 2 0 2 3 3 3 0
0.00021984138869820505 0 1 0 0 0 1 3 3 1 0 0 0 0 3 3 1
0.00021984138869820505 0 1 0 0 0 1 3 3 2 0 0 0 0 3 3 2
-0.0005324225064243949 0 1 0 0 0 2 3 0 0 1 0 0 0 3 2 0
0.0005324225064243949 0 1 0 0 0 2 3 0 0 2 0 0 0 3 1 0
-0.0033201359358346057 0 1 0 0 0 2 0 0 0 1 0 0 0 2 0 0
0.0033201359358346057 0 1 0 0 0 2 0 0 0 2 0 0 0 1 0 0
0.008965550640731276 0 1 0 0 0 0 1 3 1 0 0 0 0 0 3 1
0.008965550640731276 0 1 0 0 0 0 1 3 2 0 0 0 0 0 3 2
-0.0005324225064243949 0 1 0 0 0 0 1 0 0 1 0 0 0 1 0 0
-0.0005324225064243949 0 1 0 0 0 0 1 0 0 2 0 0 0 2 0 0
-0.025020284679872606 0 1 0 0 0 0 2 0 0 1 0 0 0 0 2 0
0.025020284679872606 0 1 0 0 0 0 2 0 0 2 0 0 0 0 1 0
0.00012789998930877946 0 1 0 0 0 0 3 2 1 0 0 0 0 2 3 0
-0.00012789998930877946 0 1 0 0 0 0 3 2 2 0 0 0 0 1 3 0
0.0052160052203410155 0 1 0 0 0 0 0 2 1 0 0 0 0 0 2 0
-0.0052160052203410155 0 1 0 0 0 0 0 2 2 0 0 0 0 0 1 0
-0.005415254353368557 0 1 0 0 0 0 0 2 0 1 0 0 0 0 0 2
0.005415254353368557 0 1 0 0 0 0 0 2 0 2 0 0 0 0 0 1
-0.01511209831771074 0 2 1 0 0 1 2 0 0 3 0 0 0 3 0 0
0.005724640055419299 0 2 1 0 0 0 0 0 0 1 2 0 0 0 0 0
-0.005724640055419299 0 2 1 0 0 0 0 0 0 2 1 0 0 0 0 0
0.001388210269329475 0 2 2 0 0 1 1 0 0 3 0 0 0 3 0 0
-0.013723888048381268 0 2 2 0 0 2 2 0 0 3 0 0 0 3 0 0
0.0003026611733880346 0 2 2 0 0 3 0 0 0 3 0 0 0 0 0 0
-0.000302661173388095 0 2 2 0 0 0 3 0 0 3 0 0 0 0 0 0
0.004682235482493071 0 2 2 0 0 0 3 0 0 3 0 0 0 1 1 0
0.004682235482493071 0 2 2 0 0 0 3 0 0 3 0 0 0 2 2 0
-0.00022976133303634076 0 2 2 0 0 0 0 0 0 3 0 0 0 3 0 0
0.00022976133303629866 0 2 2 0 0 0 0 0 0 3 0 0 0 0 3 0
0.0004124243952597513 0 2 3 1 1 2 0 0 0 3 3 0 3 0 0 0
0.01681945252925191 0 2 3 1 1 3 2 0 0 3 3 0 3 3 0 0
-1.5521340019978098e-05 0 2 3 2 1 1 0 0 0 3 3 0 3 0 0 0
-0.000632989814998635 0 2 3 2 1 3 1 0 0 3 3 0 3 3 0 0
0.0003969030552397732 0 2 3 2 2 2 0 0 0 3 3 0 3 0 0 0
0.016186462714253277 0 2 3 2 2 3 2 0 0 3 3 0 3 3 0 0
-0.0076232512221267095 0 2 3 2 0 3 3 0 0 3 3 0 1 3 1 0
-0.0076232512221267095 0 2 3 2 0 3 3 0 0 3 3 0 2 3 2 0
-0.00018692729562575435 0 2 3 2 0 3 0 0 0 3 3 0 1 1 0 0
-0.00018692729562575435 0 2 3 2 0 3 0 0 0 3 3 0 2 2 0 0
-0.00030514127033900025 0 2 3 3 1 1 3 2 0 3 3 3 0 3 3 0
-0.006990261407128073 0 2 3 3 1 3 3 0 0 3 3 1 3 3 2 0
0.006990261407128073 0 2 3 3 1 3 3 0 0 3 3 2 3 3 1 0
-0.00017140595560577628 0 2 3 3 1 3 0 0 0 3 3 1 3 2 0 0
0.00017140595560577628 0 2 3 3 1 3 0 0 0 3 3 2 3 1 0 0
-0.012444242314885296 0 2 3 3 1 0 1 2 0 3 3 3 0 0 3 0
-0.0017650325124791122 0 2 3 3 1 0 0 0 1 2 3 3 0 0 0 0
0.0017650325124791122 0 2 3 3 1 0 0 0 2 1 3 3 0 0 0 0
0.0002778823963266697 0 2 3 3 2 1 3 1 0 3 3 3 0 3 3 0
-2.7258874012330584e-05 0 2 3 3 2 2 3 2 0 3 3 3 0 3 3 0
0.011332573503047757 0 2 3 3 2 0 1 1 0 3 3 3 0 0 3 0
-0.0011116688118375398 0 2 3 3 2 0 2 2 0 3 3 3 0 0 3 0
2.161476796575393e-05 0 2 3 3 2 0 3 3 0 3 3 3 0 1 3 1
2.161476796575393e-05 0 2 3 3 2 0 3 3 0 3 3 3 0 2 3 2
0.0008814914149339571 0 2 3 3 2 0 0 3 0 3 3 3 0 0 1 1
0.0008814914149339571 0 2 3 3 2 0 0 3 0 3 3 3 0 0 2 2
-0.0002562676283609158 0 2 3 3 3 1 3 3 0 3 3 3 1 3 3 2
0.0002562676283609158 0 2 3 3 3 1 3 3 0 3 3 3 2 3 3 1
-0.010451082088113801 0 2 3 3 3 0 1 3 0 3 3 3 1 0 3 2
0.010451082088113801 0 2 3 3 3 0 1 3 0 3 3 3 2 0 3 1
-4.887364197808452e-05 0 2 3 3 3 0 3 2 0 3 3 3 1 1 3 0
-4.887364197808452e-05 0 2 3 3 3 0 3 2 0 3 3 3 2 2 3 0
-0.001993160226771497 0 2 3 3 3 0 0 2 0 3 3 3 1 0 1 0
-0.001993160226771497 0 2 3 3 3 0 0 2 0 3 3 3 2 0 2 0
0.0005838303508655276 0 2 3 3 0 2 0 0 0 3 3 1 1 0 0 0
0.0005838303508655276 0 2 3 3 0 2 0 0 0 3 3 2 2 0 0 0
0.023809713936379984 0 2 3 3 0 3 2 0 0 3 3 1 1 3 0 0
0.023809713936379984 0 2 3 3 0 3 2 0 0 3 3 2 2 3 0 0
0.0032940252131635965 0 2 3 0 0 1 3 0 0 3 1 0 0 3 2 0
-0.0032940252131635965 0 2 3 0 0 1 3 0 0 3 2 0 0 3 1 0
0.0005324225064243754 0 2 3 0 0 1 0 0 0 3 1 0 0 2 0 0
-0.0005324225064243754 0 2 3 0 0 1 0 0 0 3 2 0 0 1 0 0
-0.0005324225064243936 0 2 3 0 0 0 1 0 0 3 1 0 0 0 2 0
0.0005324225064243936 0 2 3 0 0 0 1 0 0 3 2 0 0 0 1 0
-0.018406123530874337 0 2 3 0 0 0 2 0 0 3 1 0 0 1 0 0
-0.018406123530874337 0 2 3 0 0 0 2 0 0 3 2 0 0 2 0 0
-0.004365662885096105 0 2 0 1 3 3 3 3 0 1 0 3 3 3 3 2
0.004365662885096105 0 2 0 1 3 3 3 3 0 2 0 3 3 3 3 1
0.008413362107175465 0 2 0 1 0 0 0 0 0 1 0 2 0 0 0 0
-0.008413362107175465 0 2 0 1 0 0 0 0 0 2 0 1 0 0 0 0
-0.007016405347539099 0 2 0 2 3 3 3 0 1 0 0 3 3 3 1 0
-0.007016405347539099 0 2 0 2 3 3 3 0 2 0 0 3 3 3 2 0
-0.00017204702277457776 0 2 0 2 3 3 0 0 1 0 0 3 3 1 0 0
-0.00017204702277457776 0 2 0 2 3 3 0 0 2 0 0 3 3 2 0 0
0.004812863688663946 0 2 0 0 1 0 0 0 0 1 0 0 2 0 0 0
-0.004812863688663946 0 2 0 0 1 0 0 0 0 2 0 0 1 0 0 0
0.0003084530043205514 0 2 0 0 3 1 0 0 1 0 0 2 3 0 0 0
-0.0003084530043205514 0 2 0 0 3 1 0 0 2 0 0 1 3 0 0 0
0.012579301135683634 0 2 0 0 3 3 1 0 1 0 0 2 3 3 0 0
-0.012579301135683634 0 2 0 0 3 3 1 0 2 0 0 1 3 3 0 0
0.004365662885096105 0 2 0 0 3 3 3 2 0 1 0 1 3 3 3 0
0.004365662885096105 0 2 0 0 3 3 3 2 0 2 0 2 3 3 3 0
0.0005324225064243949 0 2 0 0 0 1 3 0 0 1 0 0 0 3 2 0
-0.0005324225064243949 0 2 0 0 0 1 3 0 0 2 0 0 0 3 1 0
0.0033201359358346057 0 2 0 0 0 1 0 0 0 1 0 0 0 2 0 0
-0.0033201359358346057 0 2 0 0 0 1 0 0 0 2 0 0 0 1 0 0
0.00021984138869820505 0 2 0 0 0 2 3 3 1 0 0 0 0 3 3 1
0.00021984138869820505 0 2 0 0 0 2 3 3 2 0 0 0 0 3 3 2
0.025020284679872606 0 2 0 0 0 0 1 0 0 1 0 0 0 0 2 0
-0.025020284679872606 0 2 0 0 0 0 1 0 0 2 0 0 0 0 1 0
0.008965550640731276 0 2 0 0 0 0 2 3 1 0 0 0 0 0 3 1
0.008965550640731276 0 2 0 0 0 0 2 3 2 0 0 0 0 0 3 2
-0.0005324225064243949 0 2 0 0 0 0 2 0 0 1 0 0 0 1 0 0
-0.0005324225064243949 0 2 0 0 0 0 2 0 0 2 0 0 0 2 0 0
-0.00012789998930877946 0 2 0 0 0 0 3 1 1 0 0 0 0 2 3 0
0.00012789998930877946 0 2 0 0 0 0 3 1 2 0 0 0 0 1 3 0
-0.0052160052203410155 0 2 0 0 0 0 0 1 1 0 0 0 0 0 2 0
0.0052160052203410155 0 2 0 0 0 0 0 1 2 0 0 0 0 0 1 0
0.005415254353368557 0 2 0 0 0 0 0 1 0 1 0 0 0 0 0 2
-0.005415254353368557 0 2 0 0 0 0 0 1 0 2 0 0 0 0 0 1
1.4450671819698075 0 3 0 0 0 0 0 0 0 0 0 0 0 0 0 0
0.00017204702277457613 0 3 1 1 3 3 3 0 1 3 0 3 3 3 1 0
0.00017204702277457613 0 3 1 1 3 3 3 0 2 3 0 3 3 3 2 0
-0.007016405347539086 0 3 1 1 3 3 0 0 1 3 0 3 3 1 0 0
-0.007016405347539086 0 3 1 1 3 3 0 0 2 3 0 3 3 2 0 0
0.0017650325124791274 0 3 1 3 2 0 0 0 1 3 2 3 0 0 0 0
-0.0017650325124791274 0 3 1 3 2 0 0 0 2 3 1 3 0 0 0 0
-0.012579301135683583 0 3 1 0 3 2 0 0 1 3 0 2 3 0 0 0
0.012579301135683583 0 3 1 0 3 2 0 0 2 3 0 1 3 0 0 0
0.0003084530043205615 0 3 1 0 3 3 2 0 1 3 0 2 3 3 0 0
-0.0003084530043205615 0 3 1 0 3 3 2 0 2 3 0 1 3 3 0 0
0.008965550640731247 0 3 1 0 0 1 3 3 1 3 0 0 0 3 3 1
0.008965550640731247 0 3 1 0 0 1 3 3 2 3 0 0 0 3 3 2
-0.00021984138869821185 0 3 1 0 0 0 1 3 1 3 0 0 0 0 3 1
-0.00021984138869821185 0 3 1 0 0 0 1 3 2 3 0 0 0 0 3 2
0.005216005220341002 0 3 1 0 0 0 3 2 1 3 0 0 0 2 3 0
-0.005216005220341002 0 3 1 0 0 0 3 2 2 3 0 0 0 1 3 0
-0.0001278999893087812 0 3 1 0 0 0 0 2 1 3 0 0 0 0 2 0
0.0001278999893087812 0 3 1 0 0 0 0 2 2 3 0 0 0 0 1 0
0.00017204702277457613 0 3 2 2 3 3 3 0 1 3 0 3 3 3 1 0
0.00017204702277457613 0 3 2 2 3 3 3 0 2 3 0 3 3 3 2 0
-0.007016405347539086 0 3 2 2 3 3 0 0 1 3 0 3 3 1 0 0
-0.007016405347539086 0 3 2 2 3 3 0 0 2 3 0 3 3 2 0 0
-0.0017650325124791274 0 3 2 3 1 0 0 0 1 3 2 3 0 0 0 0
0.0017650325124791274 0 3 2 3 1 0 0 0 2 3 1 3 0 0 0 0
0.012579301135683583 0 3 2 0 3 1 0 0 1 3 0 2 3 0 0 0
-0.012579301135683583 0 3 2 0 3 1 0 0 2 3 0 1 3 0 0 0
-0.0003084530043205615 0 3 2 0 3 3 1 0 1 3 0 2 3 3 0 0
0.0003084530043205615 0 3 2 0 3 3 1 0 2 3 0 1 3 3 0 0
0.008965550640731247 0 3 2 0 0 2 3 3 1 3 0 0 0 3 3 1
0.008965550640731247 0 3 2 0 0 2 3 3 2 3 0 0 0 3 3 2
-0.00021984138869821185 0 3 2 0 0 0 2 3 1 3 0 0 0 0 3 1
-0.00021984138869821185 0 3 2 0 0 0 2 3 2 3 0 0 0 0 3 2
-0.005216005220341002 0 3 2 0 0 0 3 1 1 3 0 0 0 2 3 0
0.005216005220341002 0 3 2 0 0 0 3 1 2 3 0 0 0 1 3 0
0.0001278999893087812 0 3 2 0 0 0 0 1 1 3 0 0 0 0 2 0
-0.0001278999893087812 0 3 2 0 0 0 0 1 2 3 0 0 0 0 1 0
0.09454076450587774 0 3 3 0 0 0 0 0 0 0 0 0 0 0 0 0
-0.0055823192461567 0 3 3 1 1 3 3 3 1 3 3 0 3 3 3 1
-0.0055823192461567 0 3 3 1 1 3 3 3 2 3 3 0 3 3 3 2
0.013605024669574486 0 3 3 1 2 0 0 0 1 3 3 2 0 0 0 0
-0.013605024669574486 0 3 3 1 2 0 0 0 2 3 3 1 0 0 0 0
0.015950558003241744 0 3 3 1 3 1 0 0 1 3 1 3 3 0 0 0
0.015950558003241744 0 3 3 1 3 1 0 0 2 3 2 3 3 0 0 0
-0.0003911185115628277 0 3 3 1 3 3 1 0 1 3 1 3 3 3 0 0
-0.0003911185115628277 0 3 3 1 3 3 1 0 2 3 2 3 3 3 0 0
0.0031861874686905794 0 3 3 1 0 3 3 2 1 3 3 0 2 3 3 0
-0.0031861874686905794 0 3 3 1 0 3 3 2 2 3 3 0 1 3 3 0
-0.013605024669574486 0 3 3 2 1 0 0 0 1 3 3 2 0 0 0 0
0.013605024669574486 0 3 3 2 1 0 0 0 2 3 3 1 0 0 0 0
-0.0055823192461567 0 3 3 2 2 3 3 3 1 3 3 0 3 3 3 1
-0.0055823192461567 0 3 3 2 2 3 3 3 2 3 3 0 3 3 3 2
0.015950558003241744 0 3 3 2 3 2 0 0 1 3 1 3 3 0 0 0
0.015950558003241744 0 3 3 2 3 2 0 0 2 3 2 3 3 0 0 0
-0.0003911185115628277 0 3 3 2 3 3 2 0 1 3 1 3 3 3 0 0
-0.0003911185115628277 0 3 3 2 3 3 2 0 2 3 2 3 3 3 0 0
-0.0031861874686905794 0 3 3 2 0 3 3 1 1 3 3 0 2 3 3 0
0.0031861874686905794 0 3 3 2 0 3 3 1 2 3 3 0 1 3 3 0
0.005190171251510896 0 3 3 3 1 1 0 0 1 3 3 3 0 1 0 0
0.005190171251510896 0 3 3 3 1 1 0 0 2 3 3 3 0 2 0 0
-0.0061164538558273135 0 3 3 3 1 3 3 1 1 3 3 1 3 3 3 0
-0.0061164538558273135 0 3 3 3 1 3 3 1 2 3 3 2 3 3 3 0
0.0051901712515109045 0 3 3 3 1 0 1 0 1 3 3 3 0 0 1 0
0.0051901712515109045 0 3 3 3 1 0 1 0 2 3 3 3 0 0 2 0
-0.0012478281040551502 0 3 3 3 1 0 0 1 1 3 3 3 0 0 0 1
-0.0012478281040551502 0 3 3 3 1 0 0 1 2 3 3 3 0 0 0 2
0.005190171251510896 0 3 3 3 2 2 0 0 1 3 3 3 0 1 0 0
0.005190171251510896 0 3 3 3 2 2 0 0 2 3 3 3 0 2 0 0
-0.0061164538558273135 0 3 3 3 2 3 3 2 1 3 3 1 3 3 3 0
-0.0061164538558273135 0 3 3 3 2 3 3 2 2 3 3 2 3 3 3 0
0.0051901712515109045 0 3 3 3 2 0 2 0 1 3 3 3 0 0 1 0
0.0051901712515109045 0 3 3 3 2 0 2 0 2 3 3 3 0 0 2 0
-0.0012478281040551502 0 3 3 3 2 0 0 2 1 3 3 3 0 0 0 1
-0.0012478281040551502 0 3 3 3 2 0 0 2 2 3 3 3 0 0 0 2
-0.003003945511379415 0 3 3 3 3 3 0 0 1 3 3 3 1 0 0 0
-0.003003945511379415 0 3 3 3 3 3 0 0 2 3 3 3 2 0 0 0
-0.0030039455113794133 0 3 3 3 3 0 3 0 1 3 3 3 1 0 0 0
-0.0030039455113794133 0 3 3 3 3 0 3 0 2 3 3 3 2 0 0 0
-0.0034560207556267974 0 3 3 3 3 0 0 3 1 3 3 3 1 0 0 0
-0.0034560207556267974 0 3 3 3 3 0 0 3 2 3 3 3 2 0 0 0
-0.08597896906243385 0 3 3 3 3 0 0 0 1 3 3 3 1 0 0 0
-0.00819411676289031 0 3 3 3 3 0 0 0 1 3 3 3 1 3 0 0
-0.008194116762890318 0 3 3 3 3 0 0 0 1 3 3 3 1 0 3 0
-0.0022081926515716476 0 3 3 3 3 0 0 0 1 3 3 3 1 0 0 3
-0.013560675805561988 0 3 3 3 3 0 0 0 1 3 3 0 1 0 0 0
-0.010325444664041492 0 3 3 3 3 0 0 0 1 3 0 3 1 0 0 0
-0.010325444664041462 0 3 3 3 3 0 0 0 1 0 3 3 1 0 0 0
-0.08597896906243385 0 3 3 3 3 0 0 0 2 3 3 3 2 0 0 0
-0.00819411676289031 0 3 3 3 3 0 0 0 2 3 3 3 2 3 0 0
-0.008194116762890318 0 3 3 3 3 0 0 0 2 3 3 3 2 0 3 0
-0.0022081926515716476 0 3 3 3 3 0 0 0 2 3 3 3 2 0 0 3
-0.013560675805561988 0 3 3 3 3 0 0 0 2 3 3 0 2 0 0 0
-0.010325444664041492 0 3 3 3 3 0 0 0 2 3 0 3 2 0 0 0
-0.010325444664041462 0 3 3 3 3 0 0 0 2 0 3 3 2 0 0 0
-0.011698773101984014 0 3 3 3 0 3 3 3 1 3 3 1 1 3 3 1
-0.0029302663871367345 0 3 3 3 0 3 3 3 1 3 3 1 2 3 3 2
-0.00876850671484728 0 3 3 3 0 3 3 3 1 3 3 2 2 3 3 1
-0.00876850671484728 0 3 3 3 0 3 3 3 2 3 3 1 1 3 3 2
-0.0029302663871367345 0 3 3 3 0 3 3 3 2 3 3 2 1 3 3 1
-0.011698773101984014 0 3 3 3 0 3 3 3 2 3 3 2 2 3 3 2
-0.0016580000565143186 0 3 3 3 0 0 0 0 1 3 3 3 1 0 0 0
-0.0016580000565143186 0 3 3 3 0 0 0 0 2 3 3 3 2 0 0 0
-0.00021907148878825164 0 3 3 0 3 3 3 0 1 3 1 1 3 3 1 0
-8.266550724226625e-05 0 3 3 0 3 3 3 0 1 3 1 2 3 3 2 0
-0.0001364059815459854 0 3 3 0 3 3 3 0 1 3 2 2 3 3 1 0
-0.0001364059815459854 0 3 3 0 3 3 3 0 2 3 1 1 3 3 2 0
-8.266550724226625e-05 0 3 3 0 3 3 3 0 2 3 2 1 3 3 1 0
-0.00021907148878825164 0 3 3 0 3 3 3 0 2 3 2 2 3 3 2 0
0.008934152655702658 0 3 3 0 3 3 0 0 1 3 1 1 3 1 0 0
0.0033712568675581577 0 3 3 0 3 3 0 0 1 3 1 2 3 2 0 0
0.005562895788144498 0 3 3 0 3 3 0 0 1 3 2 2 3 1 0 0
0.005562895788144498 0 3 3 0 3 3 0 0 2 3 1 1 3 2 0 0
0.0033712568675581577 0 3 3 0 3 3 0 0 2 3 2 1 3 1 0 0
0.008934152655702658 0 3 3 0 3 3 0 0 2 3 2 2 3 2 0 0
4.434886401249771e-05 0 3 3 0 3 0 0 0 1 3 3 3 1 0 0 0
4.434886401249771e-05 0 3 3 0 3 0 0 0 2 3 3 3 2 0 0 0
-0.012468954862840415 0 3 3 0 0 1 3 1 1 3 1 0 0 3 3 0
-0.012468954862840415 0 3 3 0 0 1 3 1 2 3 2 0 0 3 3 0
-0.012468954862840415 0 3 3 0 0 2 3 2 1 3 1 0 0 3 3 0
-0.012468954862840415 0 3 3 0 0 2 3 2 2 3 2 0 0 3 3 0
0.0003057472387929641 0 3 3 0 0 0 1 1 1 3 1 0 0 0 3 0
0.0003057472387929641 0 3 3 0 0 0 1 1 2 3 2 0 0 0 3 0
0.0003057472387929641 0 3 3 0 0 0 2 2 1 3 1 0 0 0 3 0
0.0003057472387929641 0 3 3 0 0 0 2 2 2 3 2 0 0 0 3 0
-0.0035034042221091673 0 3 3 0 0 0 3 3 1 3 1 0 0 1 3 1
-0.007252949642499415 0 3 3 0 0 0 3 3 1 3 1 0 0 2 3 2
0.0037495454203902456 0 3 3 0 0 0 3 3 1 3 2 0 0 2 3 1
0.0037495454203902456 0 3 3 0 0 0 3 3 2 3 1 0 0 1 3 2
-0.007252949642499415 0 3 3 0 0 0 3 3 2 3 2 0 0 1 3 1
-0.0035034042221091673 0 3 3 0 0 0 3 3 2 3 2 0 0 2 3 2
8.590585009475224e-05 0 3 3 0 0 0 0 3 1 3 1 0 0 0 1 1
0.00017784724948418293 0 3 3 0 0 0 0 3 1 3 1 0 0 0 2 2
-9.194139938943066e-05 0 3 3 0 0 0 0 3 1 3 2 0 0 0 2 1
-9.194139938943066e-05 0 3 3 0 0 0 0 3 2 3 1 0 0 0 1 2
0.00017784724948418293 0 3 3 0 0 0 0 3 2 3 2 0 0 0 1 1
8.590585009475224e-05 0 3 3 0 0 0 0 3 2 3 2 0 0 0 2 2
0.00039111851156282853 0 3 0 1 3 1 0 0 1 1 0 3 3 0 0 0
0.00039111851156282853 0 3 0 1 3 1 0 0 2 2 0 3 3 0 0 0
0.01595055800324177 0 3 0 1 3 3 1 0 1 1 0 3 3 3 0 0
0.01595055800324177 0 3 0 1 3 3 1 0 2 2 0 3 3 3 0 0
0.0010702265368141865 0 3 0 1 3 3 3 1 0 0 0 3 3 3 3 0
0.00039111851156282853 0 3 0 2 3 2 0 0 1 1 0 3 3 0 0 0
0.00039111851156282853 0 3 0 2 3 2 0 0 2 2 0 3 3 0 0 0
0.01595055800324177 0 3 0 2 3 3 2 0 1 1 0 3 3 3 0 0
0.01595055800324177 0 3 0 2 3 3 2 0 2 2 0 3 3 3 0 0
0.0010702265368141865 0 3 0 2 3 3 3 2 0 0 0 3 3 3 3 0
0.08280249520720381 0 3 0 3 0 0 0 0 0 0 0 0 0 0 0 0
-0.008560412151562363 0 3 0 3 3 0 0 0 1 3 3 3 1 0 0 0
-0.008560412151562363 0 3 0 3 3 0 0 0 2 3 3 3 2 0 0 0
0.08656072531137246 0 3 0 0 3 0 0 0 0 0 0 0 0 0 0 0
0.0054358894219102925 0 3 0 0 3 3 3 3 0 0 0 1 3 3 3 1
0.0054358894219102925 0 3 0 0 3 3 3 3 0 0 0 2 3 3 3 2
0.008934152655702672 0 3 0 0 3 3 3 0 1 1 0 1 3 3 1 0
0.003371256867558137 0 3 0 0 3 3 3 0 1 1 0 2 3 3 2 0
0.005562895788144535 0 3 0 0 3 3 3 0 1 2 0 2 3 3 1 0
0.005562895788144535 0 3 0 0 3 3 3 0 2 1 0 1 3 3 2 0
0.003371256867558137 0 3 0 0 3 3 3 0 2 2 0 1 3 3 1 0
0.008934152655702672 0 3 0 0 3 3 3 0 2 2 0 2 3 3 2 0
0.0002190714887882508 0 3 0 0 3 3 0 0 1 1 0 1 3 1 0 0
8.266550724227718e-05 0 3 0 0 3 3 0 0 1 1 0 2 3 2 0 0
0.00013640598154597363 0 3 0 0 3 3 0 0 1 2 0 2 3 1 0 0
0.00013640598154597363 0 3 0 0 3 3 0 0 2 1 0 1 3 2 0 0
8.266550724227718e-05 0 3 0 0 3 3 0 0 2 2 0 1 3 1 0 0
0.0002190714887882508 0 3 0 0 3 3 0 0 2 2 0 2 3 2 0 0
0.0003026611733880903 0 3 0 0 0 1 1 0 0 0 0 0 0 3 0 0
-0.0003057472387929628 0 3 0 0 0 1 3 1 1 1 0 0 0 3 3 0
-0.0003057472387929628 0 3 0 0 0 1 3 1 2 2 0 0 0 3 3 0
0.0003026611733880903 0 3 0 0 0 2 2 0 0 0 0 0 0 3 0 0
-0.0003057472387929628 0 3 0 0 0 2 3 2 1 1 0 0 0 3 3 0
-0.0003057472387929628 0 3 0 0 0 2 3 2 2 2 0 0 0 3 3 0
0.09075890056176193 0 3 0 0 0 3 0 0 0 0 0 0 0 0 0 0
-0.012468954862840446 0 3 0 0 0 0 1 1 1 1 0 0 0 0 3 0
-0.012468954862840446 0 3 0 0 0 0 1 1 2 2 0 0 0 0 3 0
-0.012468954862840446 0 3 0 0 0 0 2 2 1 1 0 0 0 0 3 0
-0.012468954862840446 0 3 0 0 0 0 2 2 2 2 0 0 0 0 3 0
0.0784232227827102 0 3 0 0 0 0 3 0 0 0 0 0 0 0 0 0
-8.59058500947578e-05 0 3 0 0 0 0 3 3 1 1 0 0 0 1 3 1
-0.0001778472494841834 0 3 0 0 0 0 3 3 1 1 0 0 0 2 3 2
9.19413993894256e-05 0 3 0 0 0 0 3 3 1 2 0 0 0 2 3 1
9.19413993894256e-05 0 3 0 0 0 0 3 3 2 1 0 0 0 1 3 2
-0.0001778472494841834 0 3 0 0 0 0 3 3 2 2 0 0 0 1 3 1
-8.59058500947578e-05 0 3 0 0 0 0 3 3 2 2 0 0 0 2 3 2
-0.00022976133303630452 0 3 0 0 0 0 3 0 0 0 0 0 0 1 1 0
-0.00022976133303630452 0 3 0 0 0 0 3 0 0 0 0 0 0 2 2 0
0.09177412815869045 0 3 0 0 0 0 0 3 0 0 0 0 0 0 0 0
-0.003503404222109171 0 3 0 0 0 0 0 3 1 1 0 0 0 0 1 1
-0.007252949642499432 0 3 0 0 0 0 0 3 1 1 0 0 0 0 2 2
0.0037495454203902603 0 3 0 0 0 0 0 3 1 2 0 0 0 0 2 1
0.0037495454203902603 0 3 0 0 0 0 0 3 2 1 0 0 0 0 1 2
-0.007252949642499432 0 3 0 0 0 0 0 3 2 2 0 0 0 0 1 1
-0.003503404222109171 0 3 0 0 0 0 0 3 2 2 0 0 0 0 2 2
0.11651792906308825 0 3 0 0 0 0 0 0 3 0 0 0 0 0 0 0
0.1117146846721356 0 3 0 0 0 0 0 0 0 3 0 0 0 0 0 0
0.10026540456129705 0 3 0 0 0 0 0 0 0 0 3 0 0 0 0 0
0.09121585731437928 0 3 0 0 0 0 0 0 0 0 0 3 0 0 0 0
0.09137358900003639 0 3 0 0 0 0 0 0 0 0 0 0 3 0 0 0
0.09407903649759655 0 3 0 0 0 0 0 0 0 0 0 0 0 3 0 0
0.10344350746258281 0 3 0 0 0 0 0 0 0 0 0 0 0 0 3 0
0.097189382512059 0 3 0 0 0 0 0 0 0 0 0 0 0 0 0 3
0.01618646271425318 0 0 1 1 1 1 0 0 0 0 3 0 3 0 0 0
-0.00039690305523979667 0 0 1 1 1 3 1 0 0 0 3 0 3 3 0 0
-0.0006329898149986324 0 0 1 1 2 2 0 0 0 0 3 0 3 0 0 0
1.5521340019978518e-05 0 0 1 1 2 3 2 0 0 0 3 0 3 3 0 0
0.00018692729562575096 0 0 1 1 0 3 3 0 0 0 3 0 1 3 1 0
0.00018692729562575096 0 0 1 1 0 3 3 0 0 0 3 0 2 3 2 0
-0.0076232512221267035 0 0 1 1 0 3 0 0 0 0 3 0 1 1 0 0
-0.0076232512221267035 0 0 1 1 0 3 0 0 0 0 3 0 2 2 0 0
0.016819452529251815 0 0 1 2 2 1 0 0 0 0 3 0 3 0 0 0
-0.0004124243952597752 0 0 1 2 2 3 1 0 0 0 3 0 3 3 0 0
0.004365662885096089 0 0 1 2 3 3 3 3 0 0 1 3 3 3 3 2
-0.004365662885096089 0 0 1 2 3 3 3 3 0 0 2 3 3 3 3 1
-0.008413362107175464 0 0 1 2 0 0 0 0 0 0 1 2 0 0 0 0
0.008413362107175464 0 0 1 2 0 0 0 0 0 0 2 1 0 0 0 0
-0.0011116688118375235 0 0 1 3 1 1 3 1 0 0 3 3 0 3 3 0
0.011332573503047717 0 0 1 3 1 2 3 2 0 0 3 3 0 3 3 0
2.7258874012334568e-05 0 0 1 3 1 0 1 1 0 0 3 3 0 0 3 0
-0.0002778823963266805 0 0 1 3 1 0 2 2 0 0 3 3 0 0 3 0
0.0008814914149339611 0 0 1 3 1 0 3 3 0 0 3 3 0 1 3 1
0.0008814914149339611 0 0 1 3 1 0 3 3 0 0 3 3 0 2 3 2
-2.1614767965752528e-05 0 0 1 3 1 0 0 3 0 0 3 3 0 0 1 1
-2.1614767965752528e-05 0 0 1 3 1 0 0 3 0 0 3 3 0 0 2 2
-0.01244424231488524 0 0 1 3 2 2 3 1 0 0 3 3 0 3 3 0
-0.00017140595560577237 0 0 1 3 2 3 3 0 0 0 3 1 3 3 2 0
0.00017140595560577237 0 0 1 3 2 3 3 0 0 0 3 2 3 3 1 0
0.006990261407128071 0 0 1 3 2 3 0 0 0 0 3 1 3 2 0 0
-0.006990261407128071 0 0 1 3 2 3 0 0 0 0 3 2 3 1 0 0
0.00030514127033901505 0 0 1 3 2 0 2 1 0 0 3 3 0 0 3 0
0.010451082088113753 0 0 1 3 3 2 3 3 0 0 3 3 1 3 3 2
-0.010451082088113753 0 0 1 3 3 2 3 3 0 0 3 3 2 3 3 1
-0.000256267628360928 0 0 1 3 3 0 2 3 0 0 3 3 1 0 3 2
0.000256267628360928 0 0 1 3 3 0 2 3 0 0 3 3 2 0 3 1
-0.0019931602267714843 0 0 1 3 3 0 3 1 0 0 3 3 1 1 3 0
-0.0019931602267714843 0 0 1 3 3 0 3 1 0 0 3 3 2 2 3 0
4.8873641978087096e-05 0 0 1 3 3 0 0 1 0 0 3 3 1 0 1 0
4.8873641978087096e-05 0 0 1 3 3 0 0 1 0 0 3 3 2 0 2 0
0.023809713936379887 0 0 1 3 0 1 0 0 0 0 3 1 1 0 0 0
0.023809713936379887 0 0 1 3 0 1 0 0 0 0 3 2 2 0 0 0
-0.0005838303508655477 0 0 1 3 0 3 1 0 0 0 3 1 1 3 0 0
-0.0005838303508655477 0 0 1 3 0 3 1 0 0 0 3 2 2 3 0 0
-0.0048128636886639485 0 0 1 0 2 0 0 0 0 0 1 0 2 0 0 0
0.0048128636886639485 0 0 1 0 2 0 0 0 0 0 2 0 1 0 0 0
0.004365662885096089 0 0 1 0 3 3 3 1 0 0 1 1 3 3 3 0
0.004365662885096089 0 0 1 0 3 3 3 1 0 0 2 2 3 3 3 0
-0.018406123530874337 0 0 1 0 0 1 3 0 0 1 0 0 0 3 1 0
-0.018406123530874337 0 0 1 0 0 1 3 0 0 2 0 0 0 3 2 0
-0.0005324225064243754 0 0 1 0 0 1 0 0 0 1 0 0 0 1 0 0
-0.0005324225064243754 0 0 1 0 0 1 0 0 0 2 0 0 0 2 0 0
0.0005324225064244074 0 0 1 0 0 2 3 0 0 0 1 0 0 3 2 0
-0.0005324225064244074 0 0 1 0 0 2 3 0 0 0 2 0 0 3 1 0
-0.025020284679872436 0 0 1 0 0 2 0 0 0 0 1 0 0 2 0 0
0.025020284679872436 0 0 1 0 0 2 0 0 0 0 2 0 0 1 0 0
0.0005324225064243936 0 0 1 0 0 0 1 0 0 1 0 0 0 0 1 0
0.0005324225064243936 0 0 1 0 0 0 1 0 0 2 0 0 0 0 2 0
0.0005324225064244074 0 0 1 0 0 0 1 0 0 0 1 0 0 1 0 0
0.0005324225064244074 0 0 1 0 0 0 1 0 0 0 2 0 0 2 0 0
-0.0032940252131635965 0 0 1 0 0 0 2 0 0 1 0 0 0 2 0 0
0.0032940252131635965 0 0 1 0 0 0 2 0 0 2 0 0 0 1 0 0
-0.0033201359358346087 0 0 1 0 0 0 2 0 0 0 1 0 0 0 2 0
0.0033201359358346087 0 0 1 0 0 0 2 0 0 0 2 0 0 0 1 0
-0.005415254353368545 0 0 1 0 0 0 0 2 0 0 1 0 0 0 0 2
0.005415254353368545 0 0 1 0 0 0 0 2 0 0 2 0 0 0 0 1
0.016819452529251815 0 0 2 1 1 2 0 0 0 0 3 0 3 0 0 0
-0.0004124243952597752 0 0 2 1 1 3 2 0 0 0 3 0 3 3 0 0
-0.004365662885096089 0 0 2 1 3 3 3 3 0 0 1 3 3 3 3 2
0.004365662885096089 0 0 2 1 3 3 3 3 0 0 2 3 3 3 3 1
0.008413362107175464 0 0 2 1 0 0 0 0 0 0 1 2 0 0 0 0
-0.008413362107175464 0 0 2 1 0 0 0 0 0 0 2 1 0 0 0 0
-0.0006329898149986324 0 0 2 2 1 1 0 0 0 0 3 0 3 0 0 0
1.5521340019978518e-05 0 0 2 2 1 3 1 0 0 0 3 0 3 3 0 0
0.01618646271425318 0 0 2 2 2 2 0 0 0 0 3 0 3 0 0 0
-0.00039690305523979667 0 0 2 2 2 3 2 0 0 0 3 0 3 3 0 0
0.00018692729562575096 0 0 2 2 0 3 3 0 0 0 3 0 1 3 1 0
0.00018692729562575096 0 0 2 2 0 3 3 0 0 0 3 0 2 3 2 0
-0.0076232512221267035 0 0 2 2 0 3 0 0 0 0 3 0 1 1 0 0
-0.0076232512221267035 0 0 2 2 0 3 0 0 0 0 3 0 2 2 0 0
-0.01244424231488524 0 0 2 3 1 1 3 2 0 0 3 3 0 3 3 0
0.00017140595560577237 0 0 2 3 1 3 3 0 0 0 3 1 3 3 2 0
-0.00017140595560577237 0 0 2 3 1 3 3 0 0 0 3 2 3 3 1 0
-0.006990261407128071 0 0 2 3 1 3 0 0 0 0 3 1 3 2 0 0
0.006990261407128071 0 0 2 3 1 3 0 0 0 0 3 2 3 1 0 0
0.00030514127033901505 0 0 2 3 1 0 1 2 0 0 3 3 0 0 3 0
0.011332573503047717 0 0 2 3 2 1 3 1 0 0 3 3 0 3 3 0
-0.0011116688118375235 0 0 2 3 2 2 3 2 0 0 3 3 0 3 3 0
-0.0002778823963266805 0 0 2 3 2 0 1 1 0 0 3 3 0 0 3 0
2.7258874012334568e-05 0 0 2 3 2 0 2 2 0 0 3 3 0 0 3 0
0.0008814914149339611 0 0 2 3 2 0 3 3 0 0 3 3 0 1 3 1
0.0008814914149339611 0 0 2 3 2 0 3 3 0 0 3 3 0 2 3 2
-2.1614767965752528e-05 0 0 2 3 2 0 0 3 0 0 3 3 0 0 1 1
-2.1614767965752528e-05 0 0 2 3 2 0 0 3 0 0 3 3 0 0 2 2
-0.010451082088113753 0 0 2 3 3 1 3 3 0 0 3 3 1 3 3 2
0.010451082088113753 0 0 2 3 3 1 3 3 0 0 3 3 2 3 3 1
0.000256267628360928 0 0 2 3 3 0 1 3 0 0 3 3 1 0 3 2
-0.000256267628360928 0 0 2 3 3 0 1 3 0 0 3 3 2 0 3 1
-0.0019931602267714843 0 0 2 3 3 0 3 2 0 0 3 3 1 1 3 0
-0.0019931602267714843 0 0 2 3 3 0 3 2 0 0 3 3 2 2 3 0
4.8873641978087096e-05 0 0 2 3 3 0 0 2 0 0 3 3 1 0 1 0
4.8873641978087096e-05 0 0 2 3 3 0 0 2 0 0 3 3 2 0 2 0
0.023809713936379887 0 0 2 3 0 2 0 0 0 0 3 1 1 0 0 0
0.023809713936379887 0 0 2 3 0 2 0 0 0 0 3 2 2 0 0 0
-0.0005838303508655477 0 0 2 3 0 3 2 0 0 0 3 1 1 3 0 0
-0.0005838303508655477 0 0 2 3 0 3 2 0 0 0 3 2 2 3 0 0
0.0048128636886639485 0 0 2 0 1 0 0 0 0 0 1 0 2 0 0 0
-0.0048128636886639485 0 0 2 0 1 0 0 0 0 0 2 0 1 0 0 0
0.004365662885096089 0 0 2 0 3 3 3 2 0 0 1 1 3 3 3 0
0.004365662885096089 0 0 2 0 3 3 3 2 0 0 2 2 3 3 3 0
-0.0005324225064244074 0 0 2 0 0 1 3 0 0 0 1 0 0 3 2 0
0.0005324225064244074 0 0 2 0 0 1 3 0 0 0 2 0 0 3 1 0
0.025020284679872436 0 0 2 0 0 1 0 0 0 0 1 0 0 2 0 0
-0.025020284679872436 0 0 2 0 0 1 0 0 0 0 2 0 0 1 0 0
-0.018406123530874337 0 0 2 0 0 2 3 0 0 1 0 0 0 3 1 0
-0.018406123530874337 0 0 2 0 0 2 3 0 0 2 0 0 0 3 2 0
-0.0005324225064243754 0 0 2 0 0 2 0 0 0 1 0 0 0 1 0 0
-0.0005324225064243754 0 0 2 0 0 2 0 0 0 2 0 0 0 2 0 0
0.0032940252131635965 0 0 2 0 0 0 1 0 0 1 0 0 0 2 0 0
-0.0032940252131635965 0 0 2 0 0 0 1 0 0 2 0 0 0 1 0 0
0.0033201359358346087 0 0 2 0 0 0 1 0 0 0 1 0 0 0 2 0
-0.0033201359358346087 0 0 2 0 0 0 1 0 0 0 2 0 0 0 1 0
0.0005324225064243936 0 0 2 0 0 0 2 0 0 1 0 0 0 0 1 0
0.0005324225064243936 0 0 2 0 0 0 2 0 0 2 0 0 0 0 2 0
0.0005324225064244074 0 0 2 0 0 0 2 0 0 0 1 0 0 1 0 0
0.0005324225064244074 0 0 2 0 0 0 2 0 0 0 2 0 0 2 0 0
0.005415254353368545 0 0 2 0 0 0 0 1 0 0 1 0 0 0 0 2
-0.005415254353368545 0 0 2 0 0 0 0 1 0 0 2 0 0 0 0 1
1.445067181969809 0 0 3 0 0 0 0 0 0 0 0 0 0 0 0 0
0.023809713936379984 0 0 3 1 1 3 3 0 0 1 3 0 3 3 1 0
0.023809713936379984 0 0 3 1 1 3 3 0 0 2 3 0 3 3 2 0
0.0005838303508655276 0 0 3 1 1 3 0 0 0 1 3 0 3 1 0 0
0.0005838303508655276 0 0 3 1 1 3 0 0 0 2 3 0 3 2 0 0
0.0010702265368141947 0 0 3 1 3 3 3 1 0 0 0 3 3 3 3 0
0.00017140595560577628 0 0 3 1 0 2 0 0 0 1 3 0 2 0 0 0
-0.00017140595560577628 0 0 3 1 0 2 0 0 0 2 3 0 1 0 0 0
0.006990261407128073 0 0 3 1 0 3 2 0 0 1 3 0 2 3 0 0
-0.006990261407128073 0 0 3 1 0 3 2 0 0 2 3 0 1 3 0 0
0.023809713936379984 0 0 3 2 2 3 3 0 0 1 3 0 3 3 1 0
0.023809713936379984 0 0 3 2 2 3 3 0 0 2 3 0 3 3 2 0
0.0005838303508655276 0 0 3 2 2 3 0 0 0 1 3 0 3 1 0 0
0.0005838303508655276 0 0 3 2 2 3 0 0 0 2 3 0 3 2 0 0
0.0010702265368141947 0 0 3 2 3 3 3 2 0 0 0 3 3 3 3 0
-0.00017140595560577628 0 0 3 2 0 1 0 0 0 1 3 0 2 0 0 0
0.00017140595560577628 0 0 3 2 0 1 0 0 0 2 3 0 1 0 0 0
-0.006990261407128073 0 0 3 2 0 3 1 0 0 1 3 0 2 3 0 0
0.006990261407128073 0 0 3 2 0 3 1 0 0 2 3 0 1 3 0 0
0.08280249520720388 0 0 3 3 0 0 0 0 0 0 0 0 0 0 0 0
-4.887364197808452e-05 0 0 3 3 1 1 3 3 0 1 3 3 0 3 3 1
-4.887364197808452e-05 0 0 3 3 1 1 3 3 0 2 3 3 0 3 3 2
-0.00018692729562575435 0 0 3 3 1 1 0 0 0 1 3 1 3 0 0 0
-0.00018692729562575435 0 0 3 3 1 1 0 0 0 2 3 2 3 0 0 0
-0.0076232512221267095 0 0 3 3 1 3 1 0 0 1 3 1 3 3 0 0
-0.0076232512221267095 0 0 3 3 1 3 1 0 0 2 3 2 3 3 0 0
-0.001993160226771497 0 0 3 3 1 0 1 3 0 1 3 3 0 0 3 1
-0.001993160226771497 0 0 3 3 1 0 1 3 0 2 3 3 0 0 3 2
0.0002562676283609158 0 0 3 3 1 0 3 2 0 1 3 3 0 2 3 0
-0.0002562676283609158 0 0 3 3 1 0 3 2 0 2 3 3 0 1 3 0
0.010451082088113801 0 0 3 3 1 0 0 2 0 1 3 3 0 0 2 0
-0.010451082088113801 0 0 3 3 1 0 0 2 0 2 3 3 0 0 1 0
-4.887364197808452e-05 0 0 3 3 2 2 3 3 0 1 3 3 0 3 3 1
-4.887364197808452e-05 0 0 3 3 2 2 3 3 0 2 3 3 0 3 3 2
-0.00018692729562575435 0 0 3 3 2 2 0 0 0 1 3 1 3 0 0 0
-0.00018692729562575435 0 0 3 3 2 2 0 0 0 2 3 2 3 0 0 0
-0.0076232512221267095 0 0 3 3 2 3 2 0 0 1 3 1 3 3 0 0
-0.0076232512221267095 0 0 3 3 2 3 2 0 0 2 3 2 3 3 0 0
-0.001993160226771497 0 0 3 3 2 0 2 3 0 1 3 3 0 0 3 1
-0.001993160226771497 0 0 3 3 2 0 2 3 0 2 3 3 0 0 3 2
-0.0002562676283609158 0 0 3 3 2 0 3 1 0 1 3 3 0 2 3 0
0.0002562676283609158 0 0 3 3 2 0 3 1 0 2 3 3 0 1 3 0
-0.010451082088113801 0 0 3 3 2 0 0 1 0 1 3 3 0 0 2 0
0.010451082088113801 0 0 3 3 2 0 0 1 0 2 3 3 0 0 1 0
2.161476796575393e-05 0 0 3 3 3 1 3 1 0 1 3 3 1 3 3 0
2.161476796575393e-05 0 0 3 3 3 1 3 1 0 2 3 3 2 3 3 0
2.161476796575393e-05 0 0 3 3 3 2 3 2 0 1 3 3 1 3 3 0
2.161476796575393e-05 0 0 3 3 3 2 3 2 0 2 3 3 2 3 3 0
0.0008814914149339571 0 0 3 3 3 0 1 1 0 1 3 3 1 0 3 0
0.0008814914149339571 0 0 3 3 3 0 1 1 0 2 3 3 2 0 3 0
0.0008814914149339571 0 0 3 3 3 0 2 2 0 1 3 3 1 0 3 0
0.0008814914149339571 0 0 3 3 3 0 2 2 0 2 3 3 2 0 3 0
-2.7258874012330584e-05 0 0 3 3 3 0 3 3 0 1 3 3 1 1 3 1
0.0002778823963266697 0 0 3 3 3 0 3 3 0 1 3 3 1 2 3 2
-0.00030514127033900025 0 0 3 3 3 0 3 3 0 1 3 3 2 2 3 1
-0.00030514127033900025 0 0 3 3 3 0 3 3 0 2 3 3 1 1 3 2
0.0002778823963266697 0 0 3 3 3 0 3 3 0 2 3 3 2 1 3 1
-2.7258874012330584e-05 0 0 3 3 3 0 3 3 0 2 3 3 2 2 3 2
-0.0011116688118375398 0 0 3 3 3 0 0 3 0 1 3 3 1 0 1 1
0.011332573503047757 0 0 3 3 3 0 0 3 0 1 3 3 1 0 2 2
-0.012444242314885296 0 0 3 3 3 0 0 3 0 1 3 3 2 0 2 1
-0.012444242314885296 0 0 3 3 3 0 0 3 0 2 3 3 1 0 1 2
0.011332573503047757 0 0 3 3 3 0 0 3 0 2 3 3 2 0 1 1
-0.0011116688118375398 0 0 3 3 3 0 0 3 0 2 3 3 2 0 2 2
-0.00856041215156235 0 0 3 3 3 0 0 0 1 3 3 3 1 0 0 0
-0.00856041215156235 0 0 3 3 3 0 0 0 2 3 3 3 2 0 0 0
0.016186462714253277 0 0 3 3 0 3 3 0 0 1 3 1 1 3 1 0
-0.000632989814998635 0 0 3 3 0 3 3 0 0 1 3 1 2 3 2 0
0.01681945252925191 0 0 3 3 0 3 3 0 0 1 3 2 2 3 1 0
0.01681945252925191 0 0 3 3 0 3 3 0 0 2 3 1 1 3 2 0
-0.000632989814998635 0 0 3 3 0 3 3 0 0 2 3 2 1 3 1 0
0.016186462714253277 0 0 3 3 0 3 3 0 0 2 3 2 2 3 2 0
0.0003969030552397732 0 0 3 3 0 3 0 0 0 1 3 1 1 1 0 0
-1.5521340019978098e-05 0 0 3 3 0 3 0 0 0 1 3 1 2 2 0 0
0.0004124243952597513 0 0 3 3 0 3 0 0 0 1 3 2 2 1 0 0
0.0004124243952597513 0 0 3 3 0 3 0 0 0 2 3 1 1 2 0 0
-1.5521340019978098e-05 0 0 3 3 0 3 0 0 0 2 3 2 1 1 0 0
0.0003969030552397732 0 0 3 3 0 3 0 0 0 2 3 2 2 2 0 0
0.08656072531137254 0 0 3 0 3 0 0 0 0 0 0 0 0 0 0 0
0.005435889421910284 0 0 3 0 3 3 3 3 0 0 0 1 3 3 3 1
0.005435889421910284 0 0 3 0 3 3 3 3 0 0 0 2 3 3 3 2
0.004682235482493071 0 0 3 0 0 1 1 0 0 1 1 0 0 3 0 0
0.004682235482493071 0 0 3 0 0 1 1 0 0 2 2 0 0 3 0 0
-0.0003026611733881202 0 0 3 0 0 1 1 0 0 0 0 0 0 3 0 0
0.004682235482493071 0 0 3 0 0 2 2 0 0 1 1 0 0 3 0 0
0.004682235482493071 0 0 3 0 0 2 2 0 0 2 2 0 0 3 0 0
-0.0003026611733881202 0 0 3 0 0 2 2 0 0 0 0 0 0 3 0 0
0.07842322278271033 0 0 3 0 0 3 0 0 0 0 0 0 0 0 0 0
-0.00022976133303634076 0 0 3 0 0 3 0 0 0 1 1 0 0 0 0 0
-0.00022976133303634076 0 0 3 0 0 3 0 0 0 2 2 0 0 0 0 0
0.09075890056176213 0 0 3 0 0 0 3 0 0 0 0 0 0 0 0 0
0.00022976133303629866 0 0 3 0 0 0 3 0 0 1 1 0 0 0 0 0
-0.013723888048381268 0 0 3 0 0 0 3 0 0 1 1 0 0 1 1 0
0.001388210269329475 0 0 3 0 0 0 3 0 0 1 1 0 0 2 2 0
-0.01511209831771074 0 0 3 0 0 0 3 0 0 1 2 0 0 2 1 0
-0.01511209831771074 0 0 3 0 0 0 3 0 0 2 1 0 0 1 2 0
0.00022976133303629866 0 0 3 0 0 0 3 0 0 2 2 0 0 0 0 0
0.001388210269329475 0 0 3 0 0 0 3 0 0 2 2 0 0 1 1 0
-0.013723888048381268 0 0 3 0 0 0 3 0 0 2 2 0 0 2 2 0
0.00022976133303628717 0 0 3 0 0 0 3 0 0 0 0 0 0 1 1 0
0.00022976133303628717 0 0 3 0 0 0 3 0 0 0 0 0 0 2 2 0
0.09177412815869036 0 0 3 0 0 0 0 3 0 0 0 0 0 0 0 0
0.1165179290630883 0 0 3 0 0 0 0 0 3 0 0 0 0 0 0 0
0.0003026611733880346 0 0 3 0 0 0 0 0 0 1 1 0 0 3 0 0
-0.000302661173388095 0 0 3 0 0 0 0 0 0 1 1 0 0 0 3 0
0.0003026611733880346 0 0 3 0 0 0 0 0 0 2 2 0 0 3 0 0
-0.000302661173388095 0 0 3 0 0 0 0 0 0 2 2 0 0 0 3 0
0.10026540456129705 0 0 3 0 0 0 0 0 0 3 0 0 0 0 0 0
0.11171468467213574 0 0 3 0 0 0 0 0 0 0 3 0 0 0 0 0
0.09121585731437935 0 0 3 0 0 0 0 0 0 0 0 3 0 0 0 0
0.09137358900003649 0 0 3 0 0 0 0 0 0 0 0 0 3 0 0 0
0.10344350746258277 0 0 3 0 0 0 0 0 0 0 0 0 0 3 0 0
0.09407903649759673 0 0 3 0 0 0 0 0 0 0 0 0 0 0 3 0
0.09718938251205891 0 0 3 0 0 0 0 0 0 0 0 0 0 0 0 3
0.022775709860382368 0 0 0 1 1 3 3 3 0 0 0 3 1 3 3 1
0.022775709860382368 0 0 0 1 1 3 3 3 0 0 0 3 2 3 3 2
-0.0005838303508655477 0 0 0 1 1 3 3 0 0 0 1 0 3 3 1 0
-0.0005838303508655477 0 0 0 1 1 3 3 0 0 0 2 0 3 3 2 0
0.023809713936379887 0 0 0 1 1 3 0 0 0 0 1 0 3 1 0 0
0.023809713936379887 0 0 0 1 1 3 0 0 0 0 2 0 3 2 0 0
-0.03923387217406827 0 0 0 1 2 0 0 0 0 0 0 1 2 0 0 0
0.03923387217406827 0 0 0 1 2 0 0 0 0 0 0 2 1 0 0 0
-0.007667073594929071 0 0 0 1 3 1 3 3 0 0 0 3 3 1 3 1
-0.007667073594929071 0 0 0 1 3 1 3 3 0 0 0 3 3 2 3 2
-0.007667073594929076 0 0 0 1 3 3 1 3 0 0 0 3 3 3 1 1
-0.007667073594929076 0 0 0 1 3 3 1 3 0 0 0 3 3 3 2 2
0.008480680503741919 0 0 0 1 3 3 3 1 3 0 0 3 3 3 3 0
0.0054358894219102925 0 0 0 1 3 3 3 1 0 3 0 3 3 3 3 0
0.005435889421910284 0 0 0 1 3 3 3 1 0 0 3 3 3 3 3 0
0.0010213858068805319 0 0 0 1 3 3 3 1 0 0 0 3 3 3 0 0
0.010353584068328321 0 0 0 1 3 3 3 1 0 0 0 3 3 3 3 0
-0.0045674377719832834 0 0 0 1 3 3 3 1 0 0 0 3 3 3 3 3
0.0010213858068804564 0 0 0 1 3 3 3 1 0 0 0 3 3 0 3 0
-0.01139858250038759 0 0 0 1 3 3 3 1 0 0 0 3 0 3 3 0
-0.007622239393177868 0 0 0 1 3 3 3 1 0 0 0 0 3 3 3 0
-0.006645687788048544 0 0 0 1 3 3 0 1 0 0 0 3 3 3 3 0
-0.006645687788048614 0 0 0 1 3 0 3 1 0 0 0 3 3 3 3 0
0.006990261407128071 0 0 0 1 0 2 0 0 0 0 1 0 2 0 0 0
-0.006990261407128071 0 0 0 1 0 2 0 0 0 0 2 0 1 0 0 0
-0.017491542771649268 0 0 0 1 0 2 0 0 0 0 0 1 0 2 0 0
0.017491542771649268 0 0 0 1 0 2 0 0 0 0 0 2 0 1 0 0
-0.00017140595560577237 0 0 0 1 0 3 2 0 0 0 1 0 2 3 0 0
0.00017140595560577237 0 0 0 1 0 3 2 0 0 0 2 0 1 3 0 0
0.011377127359994778 0 0 0 1 0 3 3 1 0 0 0 3 3 3 3 0
-0.01749154277164929 0 0 0 1 0 0 2 0 0 0 0 1 0 0 2 0
0.01749154277164929 0 0 0 1 0 0 2 0 0 0 0 2 0 0 1 0
-0.011921103545416149 0 0 0 1 0 0 0 2 0 0 0 1 0 0 0 2
0.011921103545416149 0 0 0 1 0 0 0 2 0 0 0 2 0 0 0 1
0.03923387217406827 0 0 0 2 1 0 0 0 0 0 0 1 2 0 0 0
-0.03923387217406827 0 0 0 2 1 0 0 0 0 0 0 2 1 0 0 0
0.022775709860382368 0 0 0 2 2 3 3 3 0 0 0 3 1 3 3 1
0.022775709860382368 0 0 0 2 2 3 3 3 0 0 0 3 2 3 3 2
-0.0005838303508655477 0 0 0 2 2 3 3 0 0 0 1 0 3 3 1 0
-0.0005838303508655477 0 0 0 2 2 3 3 0 0 0 2 0 3 3 2 0
0.023809713936379887 0 0 0 2 2 3 0 0 0 0 1 0 3 1 0 0
0.023809713936379887 0 0 0 2 2 3 0 0 0 0 2 0 3 2 0 0
-0.007667073594929071 0 0 0 2 3 2 3 3 0 0 0 3 3 1 3 1
-0.007667073594929071 0 0 0 2 3 2 3 3 0 0 0 3 3 2 3 2
-0.007667073594929076 0 0 0 2 3 3 2 3 0 0 0 3 3 3 1 1
-0.007667073594929076 0 0 0 2 3 3 2 3 0 0 0 3 3 3 2 2
0.008480680503741919 0 0 0 2 3 3 3 2 3 0 0 3 3 3 3 0
0.0054358894219102925 0 0 0 2 3 3 3 2 0 3 0 3 3 3 3 0
0.005435889421910284 0 0 0 2 3 3 3 2 0 0 3 3 3 3 3 0
0.0010213858068805319 0 0 0 2 3 3 3 2 0 0 0 3 3 3 0 0
0.010353584068328321 0 0 0 2 3 3 3 2 0 0 0 3 3 3 3 0
-0.0045674377719832834 0 0 0 2 3 3 3 2 0 0 0 3 3 3 3 3
0.0010213858068804564 0 0 0 2 3 3 3 2 0 0 0 3 3 0 3 0
-0.01139858250038759 0 0 0 2 3 3 3 2 0 0 0 3 0 3 3 0
-0.007622239393177868 0 0 0 2 3 3 3 2 0 0 0 0 3 3 3 0
-0.006645687788048544 0 0 0 2 3 3 0 2 0 0 0 3 3 3 3 0
-0.006645687788048614 0 0 0 2 3 0 3 2 0 0 0 3 3 3 3 0
-0.006990261407128071 0 0 0 2 0 1 0 0 0 0 1 0 2 0 0 0
0.006990261407128071 0 0 0 2 0 1 0 0 0 0 2 0 1 0 0 0
0.017491542771649268 0 0 0 2 0 1 0 0 0 0 0 1 0 2 0 0
-0.017491542771649268 0 0 0 2 0 1 0 0 0 0 0 2 0 1 0 0
0.00017140595560577237 0 0 0 2 0 3 1 0 0 0 1 0 2 3 0 0
-0.00017140595560577237 0 0 0 2 0 3 1 0 0 0 2 0 1 3 0 0
0.011377127359994778 0 0 0 2 0 3 3 2 0 0 0 3 3 3 3 0
0.01749154277164929 0 0 0 2 0 0 1 0 0 0 0 1 0 0 2 0
-0.01749154277164929 0 0 0 2 0 0 1 0 0 0 0 2 0 0 1 0
0.011921103545416149 0 0 0 2 0 0 0 1 0 0 0 1 0 0 0 2
-0.011921103545416149 0 0 0 2 0 0 0 1 0 0 0 2 0 0 0 1
1.2985994151004272 0 0 0 3 0 0 0 0 0 0 0 0 0 0 0 0
-0.0019931602267714843 0 0 0 3 1 1 3 3 0 0 1 3 0 3 3 1
-0.0019931602267714843 0 0 0 3 1 1 3 3 0 0 2 3 0 3 3 2
-0.0076232512221267035 0 0 0 3 1 1 0 0 0 0 1 1 3 0 0 0
-0.0076232512221267035 0 0 0 3 1 1 0 0 0 0 2 2 3 0 0 0
0.00018692729562575096 0 0 0 3 1 3 1 0 0 0 1 1 3 3 0 0
0.00018692729562575096 0 0 0 3 1 3 1 0 0 0 2 2 3 3 0 0
4.8873641978087096e-05 0 0 0 3 1 0 1 3 0 0 1 3 0 0 3 1
4.8873641978087096e-05 0 0 0 3 1 0 1 3 0 0 2 3 0 0 3 2
0.010451082088113753 0 0 0 3 1 0 3 2 0 0 1 3 0 2 3 0
-0.010451082088113753 0 0 0 3 1 0 3 2 0 0 2 3 0 1 3 0
-0.000256267628360928 0 0 0 3 1 0 0 2 0 0 1 3 0 0 2 0
0.000256267628360928 0 0 0 3 1 0 0 2 0 0 2 3 0 0 1 0
-0.0019931602267714843 0 0 0 3 2 2 3 3 0 0 1 3 0 3 3 1
-0.0019931602267714843 0 0 0 3 2 2 3 3 0 0 2 3 0 3 3 2
-0.0076232512221267035 0 0 0 3 2 2 0 0 0 0 1 1 3 0 0 0
-0.0076232512221267035 0 0 0 3 2 2 0 0 0 0 2 2 3 0 0 0
0.00018692729562575096 0 0 0 3 2 3 2 0 0 0 1 1 3 3 0 0
0.00018692729562575096 0 0 0 3 2 3 2 0 0 0 2 2 3 3 0 0
4.8873641978087096e-05 0 0 0 3 2 0 2 3 0 0 1 3 0 0 3 1
4.8873641978087096e-05 0 0 0 3 2 0 2 3 0 0 2 3 0 0 3 2
-0.010451082088113753 0 0 0 3 2 0 3 1 0 0 1 3 0 2 3 0
0.010451082088113753 0 0 0 3 2 0 3 1 0 0 2 3 0 1 3 0
0.000256267628360928 0 0 0 3 2 0 0 1 0 0 1 3 0 0 2 0
-0.000256267628360928 0 0 0 3 2 0 0 1 0 0 2 3 0 0 1 0
0.05980472459729562 0 0 0 3 3 0 0 0 0 0 0 0 0 0 0 0
0.0008814914149339611 0 0 0 3 3 1 3 1 0 0 1 3 1 3 3 0
0.0008814914149339611 0 0 0 3 3 1 3 1 0 0 2 3 2 3 3 0
0.0008814914149339611 0 0 0 3 3 2 3 2 0 0 1 3 1 3 3 0
0.0008814914149339611 0 0 0 3 3 2 3 2 0 0 2 3 2 3 3 0
-0.007622239393177868 0 0 0 3 3 3 3 3 0 0 0 1 3 3 3 1
-0.007622239393177868 0 0 0 3 3 3 3 3 0 0 0 2 3 3 3 2
-2.1614767965752528e-05 0 0 0 3 3 0 1 1 0 0 1 3 1 0 3 0
-2.1614767965752528e-05 0 0 0 3 3 0 1 1 0 0 2 3 2 0 3 0
-2.1614767965752528e-05 0 0 0 3 3 0 2 2 0 0 1 3 1 0 3 0
-2.1614767965752528e-05 0 0 0 3 3 0 2 2 0 0 2 3 2 0 3 0
-0.0011116688118375235 0 0 0 3 3 0 3 3 0 0 1 3 1 1 3 1
0.011332573503047717 0 0 0 3 3 0 3 3 0 0 1 3 1 2 3 2
-0.01244424231488524 0 0 0 3 3 0 3 3 0 0 1 3 2 2 3 1
-0.01244424231488524 0 0 0 3 3 0 3 3 0 0 2 3 1 1 3 2
0.011332573503047717 0 0 0 3 3 0 3 3 0 0 2 3 2 1 3 1
-0.0011116688118375235 0 0 0 3 3 0 3 3 0 0 2 3 2 2 3 2
2.7258874012334568e-05 0 0 0 3 3 0 0 3 0 0 1 3 1 0 1 1
-0.0002778823963266805 0 0 0 3 3 0 0 3 0 0 1 3 1 0 2 2
0.00030514127033901505 0 0 0 3 3 0 0 3 0 0 1 3 2 0 2 1
0.00030514127033901505 0 0 0 3 3 0 0 3 0 0 2 3 1 0 1 2
-0.0002778823963266805 0 0 0 3 3 0 0 3 0 0 2 3 2 0 1 1
2.7258874012334568e-05 0 0 0 3 3 0 0 3 0 0 2 3 2 0 2 2
0.07646497490144408 0 0 0 3 0 3 0 0 0 0 0 0 0 0 0 0
-0.00039690305523979667 0 0 0 3 0 3 3 0 0 0 1 1 1 3 1 0
1.5521340019978518e-05 0 0 0 3 0 3 3 0 0 0 1 1 2 3 2 0
-0.0004124243952597752 0 0 0 3 0 3 3 0 0 0 1 2 2 3 1 0
-0.0004124243952597752 0 0 0 3 0 3 3 0 0 0 2 1 1 3 2 0
1.5521340019978518e-05 0 0 0 3 0 3 3 0 0 0 2 2 1 3 1 0
-0.00039690305523979667 0 0 0 3 0 3 3 0 0 0 2 2 2 3 2 0
0.01618646271425318 0 0 0 3 0 3 0 0 0 0 1 1 1 1 0 0
-0.0006329898149986324 0 0 0 3 0 3 0 0 0 0 1 1 2 2 0 0
0.016819452529251815 0 0 0 3 0 3 0 0 0 0 1 2 2 1 0 0
0.016819452529251815 0 0 0 3 0 3 0 0 0 0 2 1 1 2 0 0
-0.0006329898149986324 0 0 0 3 0 3 0 0 0 0 2 2 1 1 0 0
0.01618646271425318 0 0 0 3 0 3 0 0 0 0 2 2 2 2 0 0
0.07646497490144417 0 0 0 3 0 0 3 0 0 0 0 0 0 0 0 0
0.08360430013058437 0 0 0 3 0 0 0 3 0 0 0 0 0 0 0 0
0.09235713739247331 0 0 0 3 0 0 0 0 3 0 0 0 0 0 0 0
0.09121585731437928 0 0 0 3 0 0 0 0 0 3 0 0 0 0 0 0
0.09121585731437935 0 0 0 3 0 0 0 0 0 0 3 0 0 0 0 0
0.09684265575375144 0 0 0 3 0 0 0 0 0 0 0 3 0 0 0 0
0.09903859677136388 0 0 0 3 0 0 0 0 0 0 0 0 3 0 0 0
0.09395651767309335 0 0 0 3 0 0 0 0 0 0 0 0 0 3 0 0
0.09395651767309346 0 0 0 3 0 0 0 0 0 0 0 0 0 0 3 0
0.09552540367600051 0 0 0 3 0 0 0 0 0 0 0 0 0 0 0 3
-0.008333343347729184 0 0 0 0 1 2 0 0 0 0 0 0 1 2 0 0
0.008333343347729184 0 0 0 0 1 2 0 0 0 0 0 0 2 1 0 0
-0.022775709860382368 0 0 0 0 1 3 3 2 0 0 0 1 2 3 3 0
0.022775709860382368 0 0 0 0 1 3 3 2 0 0 0 2 1 3 3 0
-0.008333343347729201 0 0 0 0 1 0 2 0 0 0 0 0 1 0 2 0
0.008333343347729201 0 0 0 0 1 0 2 0 0 0 0 0 2 0 1 0
-0.01682286927622131 0 0 0 0 1 0 0 2 0 0 0 0 1 0 0 2
0.01682286927622131 0 0 0 0 1 0 0 2 0 0 0 0 2 0 0 1
0.008333343347729184 0 0 0 0 2 1 0 0 0 0 0 0 1 2 0 0
-0.008333343347729184 0 0 0 0 2 1 0 0 0 0 0 0 2 1 0 0
0.022775709860382368 0 0 0 0 2 3 3 1 0 0 0 1 2 3 3 0
-0.022775709860382368 0 0 0 0 2 3 3 1 0 0 0 2 1 3 3 0
0.008333343347729201 0 0 0 0 2 0 1 0 0 0 0 0 1 0 2 0
-0.008333343347729201 0 0 0 0 2 0 1 0 0 0 0 0 2 0 1 0
0.01682286927622131 0 0 0 0 2 0 0 1 0 0 0 0 1 0 0 2
-0.01682286927622131 0 0 0 0 2 0 0 1 0 0 0 0 2 0 0 1
1.2168255928059764 0 0 0 0 3 0 0 0 0 0 0 0 0 0 0 0
0.00766707359492907 0 0 0 0 3 1 3 2 0 0 0 1 3 2 3 0
-0.00766707359492907 0 0 0 0 3 1 3 2 0 0 0 2 3 1 3 0
-0.00766707359492907 0 0 0 0 3 2 3 1 0 0 0 1 3 2 3 0
0.00766707359492907 0 0 0 0 3 2 3 1 0 0 0 2 3 1 3 0
0.08519266477010198 0 0 0 0 3 3 0 0 0 0 0 0 0 0 0 0
0.007667073594929076 0 0 0 0 3 3 1 2 0 0 0 1 3 3 2 0
-0.007667073594929076 0 0 0 0 3 3 1 2 0 0 0 2 3 3 1 0
-0.007667073594929076 0 0 0 0 3 3 2 1 0 0 0 1 3 3 2 0
0.007667073594929076 0 0 0 0 3 3 2 1 0 0 0 2 3 3 1 0
0.0031855329736750373 0 0 0 0 3 3 3 3 3 0 0 1 3 3 3 1
0.0031855329736750373 0 0 0 0 3 3 3 3 3 0 0 2 3 3 3 2
0.0010702265368141865 0 0 0 0 3 3 3 3 0 3 0 1 3 3 3 1
0.0010702265368141865 0 0 0 0 3 3 3 3 0 3 0 2 3 3 3 2
0.0010702265368141947 0 0 0 0 3 3 3 3 0 0 3 1 3 3 3 1
0.0010702265368141947 0 0 0 0 3 3 3 3 0 0 3 2 3 3 3 2
0.010353584068328326 0 0 0 0 3 3 3 3 0 0 0 1 3 3 3 1
-0.006645687788048544 0 0 0 0 3 3 3 3 0 0 0 1 3 3 0 1
-0.006645687788048614 0 0 0 0 3 3 3 3 0 0 0 1 3 0 3 1
0.011377127359994778 0 0 0 0 3 3 3 3 0 0 0 1 0 3 3 1
0.010353584068328326 0 0 0 0 3 3 3 3 0 0 0 2 3 3 3 2
-0.006645687788048544 0 0 0 0 3 3 3 3 0 0 0 2 3 3 0 2
-0.006645687788048614 0 0 0 0 3 3 3 3 0 0 0 2 3 0 3 2
0.011377127359994778 0 0 0 0 3 3 3 3 0 0 0 2 0 3 3 2
-0.0045674377719832834 0 0 0 0 3 3 3 0 0 0 0 1 3 3 3 1
-0.0045674377719832834 0 0 0 0 3 3 3 0 0 0 0 2 3 3 3 2
0.0010213858068805319 0 0 0 0 3 3 0 3 0 0 0 1 3 3 3 1
0.0010213858068805319 0 0 0 0 3 3 0 3 0 0 0 2 3 3 3 2
0.08519266477010207 0 0 0 0 3 0 3 0 0 0 0 0 0 0 0 0
0.0010213858068804564 0 0 0 0 3 0 3 3 0 0 0 1 3 3 3 1
0.0010213858068804564 0 0 0 0 3 0 3 3 0 0 0 2 3 3 3 2
0.08098414346503446 0 0 0 0 3 0 0 3 0 0 0 0 0 0 0 0
0.09477090732181706 0 0 0 0 3 0 0 0 3 0 0 0 0 0 0 0
0.09137358900003639 0 0 0 0 3 0 0 0 0 3 0 0 0 0 0 0
0.09137358900003649 0 0 0 0 3 0 0 0 0 0 3 0 0 0 0 0
0.09903859677136388 0 0 0 0 3 0 0 0 0 0 0 3 0 0 0 0
0.10385396706942353 0 0 0 0 3 0 0 0 0 0 0 0 3 0 0 0
0.09352600811783116 0 0 0 0 3 0 0 0 0 0 0 0 0 3 0 0
0.09352600811783127 0 0 0 0 3 0 0 0 0 0 0 0 0 0 3 0
0.09780701274125578 0 0 0 0 3 0 0 0 0 0 0 0 0 0 0 3
-0.00022976133303630452 0 0 0 0 0 1 1 0 0 3 0 0 0 3 0 0
0.00022976133303628717 0 0 0 0 0 1 1 0 0 0 3 0 0 3 0 0
-0.005133649301606047 0 0 0 0 0 1 2 0 0 0 0 0 0 1 2 0
0.005133649301606047 0 0 0 0 0 1 2 0 0 0 0 0 0 2 1 0
-0.008507516469864078 0 0 0 0 0 1 0 2 0 0 0 0 0 1 0 2
0.008507516469864078 0 0 0 0 0 1 0 2 0 0 0 0 0 2 0 1
0.005133649301606047 0 0 0 0 0 2 1 0 0 0 0 0 0 1 2 0
-0.005133649301606047 0 0 0 0 0 2 1 0 0 0 0 0 0 2 1 0
-0.00022976133303630452 0 0 0 0 0 2 2 0 0 3 0 0 0 3 0 0
0.00022976133303628717 0 0 0 0 0 2 2 0 0 0 3 0 0 3 0 0
0.008507516469864078 0 0 0 0 0 2 0 1 0 0 0 0 0 1 0 2
-0.008507516469864078 0 0 0 0 0 2 0 1 0 0 0 0 0 2 0 1
1.133069723810833 0 0 0 0 0 3 0 0 0 0 0 0 0 0 0 0
0.08767361170460945 0 0 0 0 0 3 3 0 0 0 0 0 0 0 0 0
-0.01139858250038759 0 0 0 0 0 3 3 3 0 0 0 1 3 3 3 1
-0.01139858250038759 0 0 0 0 0 3 3 3 0 0 0 2 3 3 3 2
0.08690308778661687 0 0 0 0 0 3 0 3 0 0 0 0 0 0 0 0
0.10312196180651587 0 0 0 0 0 3 0 0 3 0 0 0 0 0 0 0
0.09407903649759655 0 0 0 0 0 3 0 0 0 3 0 0 0 0 0 0
0.10344350746258277 0 0 0 0 0 3 0 0 0 0 3 0 0 0 0 0
0.09395651767309335 0 0 0 0 0 3 0 0 0 0 0 3 0 0 0 0
0.09352600811783116 0 0 0 0 0 3 0 0 0 0 0 0 3 0 0 0
0.10307455960942753 0 0 0 0 0 3 0 0 0 0 0 0 0 3 0 0
0.0928072610062155 0 0 0 0 0 3 0 0 0 0 0 0 0 0 3 0
0.09541060425648096 0 0 0 0 0 3 0 0 0 0 0 0 0 0 0 3
-0.00850751646986407 0 0 0 0 0 0 1 2 0 0 0 0 0 0 1 2
0.00850751646986407 0 0 0 0 0 0 1 2 0 0 0 0 0 0 2 1
0.00850751646986407 0 0 0 0 0 0 2 1 0 0 0 0 0 0 1 2
-0.00850751646986407 0 0 0 0 0 0 2 1 0 0 0 0 0 0 2 1
1.1330697238108354 0 0 0 0 0 0 3 0 0 0 0 0 0 0 0 0
0.08690308778661712 0 0 0 0 0 0 3 3 0 0 0 0 0 0 0 0
0.10312196180651598 0 0 0 0 0 0 3 0 3 0 0 0 0 0 0 0
0.10344350746258281 0 0 0 0 0 0 3 0 0 3 0 0 0 0 0 0
0.0003026611733880903 0 0 0 0 0 0 3 0 0 3 0 0 0 1 1 0
0.0003026611733880903 0 0 0 0 0 0 3 0 0 3 0 0 0 2 2 0
0.09407903649759673 0 0 0 0 0 0 3 0 0 0 3 0 0 0 0 0
-0.0003026611733881202 0 0 0 0 0 0 3 0 0 0 3 0 0 1 1 0
-0.0003026611733881202 0 0 0 0 0 0 3 0 0 0 3 0 0 2 2 0
0.09395651767309346 0 0 0 0 0 0 3 0 0 0 0 3 0 0 0 0
0.09352600811783127 0 0 0 0 0 0 3 0 0 0 0 0 3 0 0 0
0.0928072610062155 0 0 0 0 0 0 3 0 0 0 0 0 0 3 0 0
0.10307455960942778 0 0 0 0 0 0 3 0 0 0 0 0 0 0 3 0
0.09541060425648118 0 0 0 0 0 0 3 0 0 0 0 0 0 0 0 3
0.7454037671418221 0 0 0 0 0 0 0 3 0 0 0 0 0 0 0 0
0.1022173854810773 0 0 0 0 0 0 0 3 3 0 0 0 0 0 0 0
0.097189382512059 0 0 0 0 0 0 0 3 0 3 0 0 0 0 0 0
0.09718938251205891 0 0 0 0 0 0 0 3 0 0 3 0 0 0 0 0
0.09552540367600051 0 0 0 0 0 0 0 3 0 0 0 3 0 0 0 0
0.09780701274125578 0 0 0 0 0 0 0 3 0 0 0 0 3 0 0 0
0.09541060425648096 0 0 0 0 0 0 0 3 0 0 0 0 0 3 0 0
0.09541060425648118 0 0 0 0 0 0 0 3 0 0 0 0 0 0 3 0
0.09983639838007595 0 0 0 0 0 0 0 3 0 0 0 0 0 0 0 3
1.8584447729402787 0 0 0 0 0 0 0 0 3 0 0 0 0 0 0 0
0.09087375606569831 0 0 0 0 0 0 0 0 3 3 0 0 0 0 0 0
0.09087375606569843 0 0 0 0 0 0 0 0 3 0 3 0 0 0 0 0
0.08503688613327365 0 0 0 0 0 0 0 0 3 0 0 3 0 0 0 0
0.08816456861001654 0 0 0 0 0 0 0 0 3 0 0 0 3 0 0 0
0.0962827879380659 0 0 0 0 0 0 0 0 3 0 0 0 0 3 0 0
0.09628278793806598 0 0 0 0 0 0 0 0 3 0 0 0 0 0 3 0
0.09639503354974877 0 0 0 0 0 0 0 0 3 0 0 0 0 0 0 3
1.445067181969808 0 0 0 0 0 0 0 0 0 3 0 0 0 0 0 0
0.09454076450587774 0 0 0 0 0 0 0 0 0 3 3 0 0 0 0 0
0.08280249520720381 0 0 0 0 0 0 0 0 0 3 0 3 0 0 0 0
0.08656072531137246 0 0 0 0 0 0 0 0 0 3 0 0 3 0 0 0
0.09075890056176193 0 0 0 0 0 0 0 0 0 3 0 0 0 3 0 0
0.0784232227827102 0 0 0 0 0 0 0 0 0 3 0 0 0 0 3 0
0.09177412815869045 0 0 0 0 0 0 0 0 0 3 0 0 0 0 0 3
1.445067181969809 0 0 0 0 0 0 0 0 0 0 3 0 0 0 0 0
0.08280249520720388 0 0 0 0 0 0 0 0 0 0 3 3 0 0 0 0
0.08656072531137254 0 0 0 0 0 0 0 0 0 0 3 0 3 0 0 0
0.07842322278271033 0 0 0 0 0 0 0 0 0 0 3 0 0 3 0 0
0.09075890056176213 0 0 0 0 0 0 0 0 0 0 3 0 0 0 3 0
0.09177412815869036 0 0 0 0 0 0 0 0 0 0 3 0 0 0 0 3
1.2985994151004272 0 0 0 0 0 0 0 0 0 0 0 3 0 0 0 0
0.05980472459729562 0 0 0 0 0 0 0 0 0 0 0 3 3 0 0 0
0.07646497490144408 0 0 0 0 0 0 0 0 0 0 0 3 0 3 0 0
0.07646497490144417 0 0 0 0 0 0 0 0 0 0 0 3 0 0 3 0
0.08360430013058437 0 0 0 0 0 0 0 0 0 0 0 3 0 0 0 3
1.2168255928059764 0 0 0 0 0 0 0 0 0 0 0 0 3 0 0 0
0.08519266477010198 0 0 0 0 0 0 0 0 0 0 0 0 3 3 0 0
0.08519266477010207 0 0 0 0 0 0 0 0 0 0 0 0 3 0 3 0
0.08098414346503446 0 0 0 0 0 0 0 0 0 0 0 0 3 0 0 3
1.1330697238108332 0 0 0 0 0 0 0 0 0 0 0 0 0 3 0 0
0.08767361170460945 0 0 0 0 0 0 0 0 0 0 0 0 0 3 3 0
0.08690308778661687 0 0 0 0 0 0 0 0 0 0 0 0 0 3 0 3
1.1330697238108354 0 0 0 0 0 0 0 0 0 0 0 0 0 0 3 0
0.08690308778661712 0 0 0 0 0 0 0 0 0 0 0 0 0 0 3 3
0.7454037671418222 0 0 0 0 0 0 0 0 0 0 0 0 0 0 0 3
