-5085.771826986653 0 0 0 0 0 0 0 0 0 0 0 0
-0.0343693288100494 1 1 0 0 1 1 3 0 0 0 3 0
0.00010335676892376643 1 1 0 0 2 2 3 0 0 0 3 0
0.003990604015568473 1 1 0 0 0 3 3 0 0 0 1 1
0.003990604015568473 1 1 0 0 0 3 3 0 0 0 2 2
-0.034472685578973164 1 2 0 0 2 1 3 0 0 0 3 0
-0.003986231923887233 1 2 0 0 0 0 1 2 0 0 0 0
0.003986231923887233 1 2 0 0 0 0 2 1 0 0 0 0
-0.0343693288100494 1 3 1 1 3 1 3 3 0 3 3 0
0.00010335676892376643 1 3 1 2 3 2 3 3 0 3 3 0
0.003990604015568473 1 3 1 0 3 3 3 3 0 1 3 1
0.003990604015568473 1 3 1 0 3 3 3 3 0 2 3 2
-0.034472685578973164 1 3 2 2 3 1 3 3 0 3 3 0
-0.003887247246644705 1 3 3 2 3 3 3 3 1 3 3 2
0.003887247246644705 1 3 3 2 3 3 3 3 2 3 3 1
-0.03835993282561787 1 3 3 0 3 1 3 3 1 1 3 0
-0.03835993282561787 1 3 3 0 3 1 3 3 2 2 3 0
-0.003887247246644705 1 3 0 0 2 3 3 1 0 0 3 2
0.003887247246644705 1 3 0 0 2 3 3 2 0 0 3 1
-0.03835993282561787 1 3 0 0 0 1 3 1 0 0 1 0
-0.03835993282561787 1 3 0 0 0 1 3 2 0 0 2 0
-0.003986231923887233 1 0 2 0 0 0 1 0 2 0 0 0
0.003986231923887233 1 0 2 0 0 0 2 0 1 0 0 0
-0.003892275056244027 1 0 0 2 0 0 1 0 0 2 0 0
0.003892275056244027 1 0 0 2 0 0 2 0 0 1 0 0
-0.003892275056244027 1 0 0 0 2 0 1 0 0 0 2 0
0.003892275056244027 1 0 0 0 2 0 2 0 0 0 1 0
-0.04523650675842372 1 0 0 0 0 2 1 0 0 0 0 2
0.04523650675842372 1 0 0 0 0 2 2 0 0 0 0 1
-0.034472685578973164 2 1 0 0 1 2 3 0 0 0 3 0
0.003986231923887233 2 1 0 0 0 0 1 2 0 0 0 0
-0.003986231923887233 2 1 0 0 0 0 2 1 0 0 0 0
0.00010335676892376643 2 2 0 0 1 1 3 0 0 0 3 0
-0.0343693288100494 2 2 0 0 2 2 3 0 0 0 3 0
0.003990604015568473 2 2 0 0 0 3 3 0 0 0 1 1
0.003990604015568473 2 2 0 0 0 3 3 0 0 0 2 2
-0.034472685578973164 2 3 1 1 3 2 3 3 0 3 3 0
0.00010335676892376643 2 3 2 1 3 1 3 3 0 3 3 0
-0.0343693288100494 2 3 2 2 3 2 3 3 0 3 3 0
0.003990604015568473 2 3 2 0 3 3 3 3 0 1 3 1
0.003990604015568473 2 3 2 0 3 3 3 3 0 2 3 2
0.003887247246644705 2 3 3 1 3 3 3 3 1 3 3 2
-0.003887247246644705 2 3 3 1 3 3 3 3 2 3 3 1
-0.03835993282561787 2 3 3 0 3 2 3 3 1 1 3 0
-0.03835993282561787 2 3 3 0 3 2 3 3 2 2 3 0
0.003887247246644705 2 3 0 0 1 3 3 1 0 0 3 2
-0.003887247246644705 2 3 0 0 1 3 3 2 0 0 3 1
-0.03835993282561787 2 3 0 0 0 2 3 1 0 0 1 0
-0.03835993282561787 2 3 0 0 0 2 3 2 0 0 2 0
0.003986231923887233 2 0 1 0 0 0 1 0 2 0 0 0
-0.003986231923887233 2 0 1 0 0 0 2 0 1 0 0 0
0.003892275056244027 2 0 0 1 0 0 1 0 0 2 0 0
-0.003892275056244027 2 0 0 1 0 0 2 0 0 1 0 0
0.003892275056244027 2 0 0 0 1 0 1 0 0 0 2 0
-0.003892275056244027 2 0 0 0 1 0 2 0 0 0 1 0
0.04523650675842372 2 0 0 0 0 1 1 0 0 0 0 2
-0.04523650675842372 2 0 0 0 0 1 2 0 0 0 0 1
0.6558784695239825 3 0 0 0 0 0 0 0 0 0 0 0
0.0693980395355155 3 3 0 0 0 0 0 0 0 0 0 0
0.0693980395355155 3 0 3 0 0 0 0 0 0 0 0 0
0.06950387035815479 3 0 0 3 0 0 0 0 0 0 0 0
0.06950387035815479 3 0 0 0 3 0 0 0 0 0 0 0
0.03724772411617676 3 0 0 0 0 3 0 0 0 0 0 0
0.08203340370807123 3 0 0 0 0 0 3 0 0 0 0 0
0.07338427145940274 3 0 0 0 0 0 0 3 0 0 0 0
0.07338427145940274 3 0 0 0 0 0 0 0 3 0 0 0
0.07339614541439882 3 0 0 0 0 0 0 0 0 3 0 0
0.07339614541439882 3 0 0 0 0 0 0 0 0 0 3 0
0.08248423087460048 3 0 0 0 0 0 0 0 0 0 0 3
-0.03519932650666408 0 1 1 1 1 0 0 3 0 3 0 0
2.6459949355099252e-05 0 1 1 2 2 0 0 3 0 3 0 0
0.003971307670249582 0 1 1 0 3 0 0 3 0 1 1 0
0.003971307670249582 0 1 1 0 3 0 0 3 0 2 2 0
-0.03522578645601918 0 1 2 2 1 0 0 3 0 3 0 0
-0.003964872620207407 0 1 2 0 0 0 0 1 2 0 0 0
0.003964872620207407 0 1 2 0 0 0 0 2 1 0 0 0
-0.003944847720894482 0 1 3 2 3 0 0 3 1 3 2 0
0.003944847720894482 0 1 3 2 3 0 0 3 2 3 1 0
-0.03917063417691367 0 1 3 0 1 0 0 3 1 1 0 0
-0.03917063417691367 0 1 3 0 1 0 0 3 2 2 0 0
-0.003944847720894482 0 1 0 2 0 0 0 1 0 2 0 0
0.003944847720894482 0 1 0 2 0 0 0 2 0 1 0 0
-0.03835993282561787 0 1 0 0 1 3 1 0 0 0 3 1
-0.03835993282561787 0 1 0 0 1 3 2 0 0 0 3 2
-0.047060329618702615 0 1 0 0 2 0 0 1 0 0 2 0
0.047060329618702615 0 1 0 0 2 0 0 2 0 0 1 0
-0.003887247246644705 0 1 0 0 0 2 1 0 0 0 2 0
0.003887247246644705 0 1 0 0 0 2 2 0 0 0 1 0
-0.003943804937881239 0 1 0 0 0 2 0 1 0 0 0 2
0.003943804937881239 0 1 0 0 0 2 0 2 0 0 0 1
-0.03522578645601918 0 2 1 1 2 0 0 3 0 3 0 0
0.003964872620207407 0 2 1 0 0 0 0 1 2 0 0 0
-0.003964872620207407 0 2 1 0 0 0 0 2 1 0 0 0
2.6459949355099252e-05 0 2 2 1 1 0 0 3 0 3 0 0
-0.03519932650666408 0 2 2 2 2 0 0 3 0 3 0 0
0.003971307670249582 0 2 2 0 3 0 0 3 0 1 1 0
0.003971307670249582 0 2 2 0 3 0 0 3 0 2 2 0
0.003944847720894482 0 2 3 1 3 0 0 3 1 3 2 0
-0.003944847720894482 0 2 3 1 3 0 0 3 2 3 1 0
-0.03917063417691367 0 2 3 0 2 0 0 3 1 1 0 0
-0.03917063417691367 0 2 3 0 2 0 0 3 2 2 0 0
0.003944847720894482 0 2 0 1 0 0 0 1 0 2 0 0
-0.003944847720894482 0 2 0 1 0 0 0 2 0 1 0 0
0.047060329618702615 0 2 0 0 1 0 0 1 0 0 2 0
-0.047060329618702615 0 2 0 0 1 0 0 2 0 0 1 0
-0.03835993282561787 0 2 0 0 2 3 1 0 0 0 3 1
-0.03835993282561787 0 2 0 0 2 3 2 0 0 0 3 2
0.003887247246644705 0 2 0 0 0 1 1 0 0 0 2 0
-0.003887247246644705 0 2 0 0 0 1 2 0 0 0 1 0
0.003943804937881239 0 2 0 0 0 1 0 1 0 0 0 2
-0.003943804937881239 0 2 0 0 0 1 0 2 0 0 0 1
0.6456449325610595 0 3 0 0 0 0 0 0 0 0 0 0
-0.03835993282561787 0 3 1 1 3 3 1 3 0 3 3 1
-0.03835993282561787 0 3 1 1 3 3 2 3 0 3 3 2
-0.003887247246644705 0 3 1 0 3 2 1 3 0 2 3 0
0.003887247246644705 0 3 1 0 3 2 2 3 0 1 3 0
-0.03835993282561787 0 3 2 2 3 3 1 3 0 3 3 1
-0.03835993282561787 0 3 2 2 3 3 2 3 0 3 3 2
0.003887247246644705 0 3 2 0 3 1 1 3 0 2 3 0
-0.003887247246644705 0 3 2 0 3 1 2 3 0 1 3 0
0.06891331841704426 0 3 3 0 0 0 0 0 0 0 0 0
0.003990604015568473 0 3 3 1 3 1 1 3 1 3 3 0
0.003990604015568473 0 3 3 1 3 1 2 3 2 3 3 0
0.003990604015568473 0 3 3 2 3 2 1 3 1 3 3 0
0.003990604015568473 0 3 3 2 3 2 2 3 2 3 3 0
-0.0343693288100494 0 3 3 0 3 3 1 3 1 1 3 1
0.00010335676892376643 0 3 3 0 3 3 1 3 1 2 3 2
-0.034472685578973164 0 3 3 0 3 3 1 3 2 2 3 1
-0.034472685578973164 0 3 3 0 3 3 2 3 1 1 3 2
0.00010335676892376643 0 3 3 0 3 3 2 3 2 1 3 1
-0.0343693288100494 0 3 3 0 3 3 2 3 2 2 3 2
0.06895801704877341 0 3 0 3 0 0 0 0 0 0 0 0
0.003990604015568473 0 3 0 0 1 1 1 1 0 0 3 0
0.003990604015568473 0 3 0 0 1 1 2 2 0 0 3 0
0.003990604015568473 0 3 0 0 2 2 1 1 0 0 3 0
0.003990604015568473 0 3 0 0 2 2 2 2 0 0 3 0
0.033785150491464425 0 3 0 0 3 0 0 0 0 0 0 0
0.06998761717450923 0 3 0 0 0 3 0 0 0 0 0 0
-0.0343693288100494 0 3 0 0 0 3 1 1 0 0 1 1
0.00010335676892376643 0 3 0 0 0 3 1 1 0 0 2 2
-0.034472685578973164 0 3 0 0 0 3 1 2 0 0 2 1
-0.034472685578973164 0 3 0 0 0 3 2 1 0 0 1 2
0.00010335676892376643 0 3 0 0 0 3 2 2 0 0 1 1
-0.0343693288100494 0 3 0 0 0 3 2 2 0 0 2 2
0.07338427145940274 0 3 0 0 0 0 3 0 0 0 0 0
0.08080793627766646 0 3 0 0 0 0 0 3 0 0 0 0
0.07287819103725166 0 3 0 0 0 0 0 0 3 0 0 0
0.0729028647696679 0 3 0 0 0 0 0 0 0 3 0 0
0.08084548011016705 0 3 0 0 0 0 0 0 0 0 3 0
0.07393142211239045 0 3 0 0 0 0 0 0 0 0 0 3
-0.03917063417691367 0 0 1 1 3 0 0 1 0 3 1 0
-0.03917063417691367 0 0 1 1 3 0 0 2 0 3 2 0
-0.047060329618702615 0 0 1 2 0 0 0 0 1 2 0 0
0.047060329618702615 0 0 1 2 0 0 0 0 2 1 0 0
-0.003944847720894482 0 0 1 0 2 0 0 1 0 2 0 0
0.003944847720894482 0 0 1 0 2 0 0 2 0 1 0 0
-0.003944847720894482 0 0 1 0 2 0 0 0 1 0 2 0
0.003944847720894482 0 0 1 0 2 0 0 0 2 0 1 0
-0.003943804937881239 0 0 1 0 0 2 0 0 1 0 0 2
0.003943804937881239 0 0 1 0 0 2 0 0 2 0 0 1
0.047060329618702615 0 0 2 1 0 0 0 0 1 2 0 0
-0.047060329618702615 0 0 2 1 0 0 0 0 2 1 0 0
-0.03917063417691367 0 0 2 2 3 0 0 1 0 3 1 0
-0.03917063417691367 0 0 2 2 3 0 0 2 0 3 2 0
0.003944847720894482 0 0 2 0 1 0 0 1 0 2 0 0
-0.003944847720894482 0 0 2 0 1 0 0 2 0 1 0 0
0.003944847720894482 0 0 2 0 1 0 0 0 1 0 2 0
-0.003944847720894482 0 0 2 0 1 0 0 0 2 0 1 0
0.003943804937881239 0 0 2 0 0 1 0 0 1 0 0 2
-0.003943804937881239 0 0 2 0 0 1 0 0 2 0 0 1
0.6456449325610595 0 0 3 0 0 0 0 0 0 0 0 0
0.003971307670249582 0 0 3 1 1 0 0 1 1 3 0 0
0.003971307670249582 0 0 3 1 1 0 0 2 2 3 0 0
0.003971307670249582 0 0 3 2 2 0 0 1 1 3 0 0
0.003971307670249582 0 0 3 2 2 0 0 2 2 3 0 0
0.033785150491464425 0 0 3 3 0 0 0 0 0 0 0 0
0.06895801704877341 0 0 3 0 3 0 0 0 0 0 0 0
-0.03519932650666408 0 0 3 0 3 0 0 1 1 1 1 0
2.6459949355099252e-05 0 0 3 0 3 0 0 1 1 2 2 0
-0.03522578645601918 0 0 3 0 3 0 0 1 2 2 1 0
-0.03522578645601918 0 0 3 0 3 0 0 2 1 1 2 0
2.6459949355099252e-05 0 0 3 0 3 0 0 2 2 1 1 0
-0.03519932650666408 0 0 3 0 3 0 0 2 2 2 2 0
0.06998761717450923 0 0 3 0 0 3 0 0 0 0 0 0
0.07338427145940274 0 0 3 0 0 0 3 0 0 0 0 0
0.07287819103725166 0 0 3 0 0 0 0 3 0 0 0 0
0.08080793627766646 0 0 3 0 0 0 0 0 3 0 0 0
0.08084548011016705 0 0 3 0 0 0 0 0 0 3 0 0
0.0729028647696679 0 0 3 0 0 0 0 0 0 0 3 0
0.07393142211239045 0 0 3 0 0 0 0 0 0 0 0 3
-0.003977780149459296 0 0 0 1 2 0 0 0 0 1 2 0
0.003977780149459296 0 0 0 1 2 0 0 0 0 2 1 0
-0.004057122534325264 0 0 0 1 0 2 0 0 0 1 0 2
0.004057122534325264 0 0 0 1 0 2 0 0 0 2 0 1
0.003977780149459296 0 0 0 2 1 0 0 0 0 1 2 0
-0.003977780149459296 0 0 0 2 1 0 0 0 0 2 1 0
0.004057122534325264 0 0 0 2 0 1 0 0 0 1 0 2
-0.004057122534325264 0 0 0 2 0 1 0 0 0 2 0 1
0.6445896392341075 0 0 0 3 0 0 0 0 0 0 0 0
0.06894996774005252 0 0 0 3 3 0 0 0 0 0 0 0
0.06988504193907014 0 0 0 3 0 3 0 0 0 0 0 0
0.07339614541439882 0 0 0 3 0 0 3 0 0 0 0 0
0.0729028647696679 0 0 0 3 0 0 0 3 0 0 0 0
0.08084548011016705 0 0 0 3 0 0 0 0 3 0 0 0
0.08088330818843041 0 0 0 3 0 0 0 0 0 3 0 0
0.07292774788951181 0 0 0 3 0 0 0 0 0 0 3 0
0.07394216447339541 0 0 0 3 0 0 0 0 0 0 0 3
-0.004057122534325264 0 0 0 0 1 2 0 0 0 0 1 2
0.004057122534325264 0 0 0 0 1 2 0 0 0 0 2 1
0.004057122534325264 0 0 0 0 2 1 0 0 0 0 1 2
-0.004057122534325264 0 0 0 0 2 1 0 0 0 0 2 1
0.6445896392341076 0 0 0 0 3 0 0 0 0 0 0 0
0.06988504193907014 0 0 0 0 3 3 0 0 0 0 0 0
0.07339614541439882 0 0 0 0 3 0 3 0 0 0 0 0
0.08084548011016705 0 0 0 0 3 0 0 3 0 0 0 0
0.0729028647696679 0 0 0 0 3 0 0 0 3 0 0 0
0.07292774788951181 0 0 0 0 3 0 0 0 0 3 0 0
0.08088330818843041 0 0 0 0 3 0 0 0 0 0 3 0
0.07394216447339541 0 0 0 0 3 0 0 0 0 0 0 3
0.6475313003606231 0 0 0 0 0 3 0 0 0 0 0 0
0.08248423087460048 0 0 0 0 0 3 3 0 0 0 0 0
0.07393142211239045 0 0 0 0 0 3 0 3 0 0 0 0
0.07393142211239045 0 0 0 0 0 3 0 0 3 0 0 0
0.07394216447339541 0 0 0 0 0 3 0 0 0 3 0 0
0.07394216447339541 0 0 0 0 0 3 0 0 0 0 3 0
0.08313875651437388 0 0 0 0 0 3 0 0 0 0 0 3
0.6558784695239824 0 0 0 0 0 0 3 0 0 0 0 0
0.0693980395355155 0 0 0 0 0 0 3 3 0 0 0 0
0.0693980395355155 0 0 0 0 0 0 3 0 3 0 0 0
0.06950387035815479 0 0 0 0 0 0 3 0 0 3 0 0
0.06950387035815479 0 0 0 0 0 0 3 0 0 0 3 0
0.03724772411617676 0 0 0 0 0 0 3 0 0 0 0 3
0.6456449325610594 0 0 0 0 0 0 0 3 0 0 0 0
0.06891331841704426 0 0 0 0 0 0 0 3 3 0 0 0
0.06895801704877341 0 0 0 0 0 0 0 3 0 3 0 0
0.033785150491464425 0 0 0 0 0 0 0 3 0 0 3 0
0.06998761717450923 0 0 0 0 0 0 0 3 0 0 0 3
0.6456449325610594 0 0 0 0 0 0 0 0 3 0 0 0
0.033785150491464425 0 0 0 0 0 0 0 0 3 3 0 0
0.06895801704877341 0 0 0 0 0 0 0 0 3 0 3 0
0.06998761717450923 0 0 0 0 0 0 0 0 3 0 0 3
0.6445896392341077 0 0 0 0 0 0 0 0 0 3 0 0
0.06894996774005252 0 0 0 0 0 0 0 0 0 3 3 0
0.06988504193907014 0 0 0 0 0 0 0 0 0 3 0 3
0.6445896392341078 0 0 0 0 0 0 0 0 0 0 3 0
0.06988504193907014 0 0 0 0 0 0 0 0 0 0 3 3
0.647531300360623 0 0 0 0 0 0 0 0 0 0 0 3
