-5079.374927763476 0 0 0 0 0 0 0 0 0 0 0 0 0 0 0 0
-0.010284626010747007 1 1 1 3 3 1 0 0 3 0 3 3 3 0 0 0
0.002360430595300059 1 1 1 3 3 3 1 0 3 0 3 3 3 3 0 0
-0.004504986746935545 1 1 2 3 3 2 0 0 3 0 3 3 3 0 0 0
0.0010339421713318677 1 1 2 3 3 3 2 0 3 0 3 3 3 3 0 0
-0.016192946142459703 1 1 3 3 3 0 0 0 3 1 3 3 1 0 0 0
-0.016192946142459703 1 1 3 3 3 0 0 0 3 2 3 3 2 0 0 0
0.0023604305953000546 1 1 0 1 3 1 0 0 3 0 0 3 3 0 0 0
0.010284626010747012 1 1 0 1 3 3 1 0 3 0 0 3 3 3 0 0
0.0010339421713318618 1 1 0 2 3 2 0 0 3 0 0 3 3 0 0 0
0.004504986746935547 1 1 0 2 3 3 2 0 3 0 0 3 3 3 0 0
0.004431779612760825 1 1 0 3 3 3 3 0 3 0 1 3 3 3 1 0
0.004431779612760825 1 1 0 3 3 3 3 0 3 0 2 3 3 3 2 0
-0.019309695430169707 1 1 0 3 3 3 0 0 3 0 1 3 3 1 0 0
-0.019309695430169707 1 1 0 3 3 3 0 0 3 0 2 3 3 2 0 0
0.015952185059599937 1 1 0 0 1 3 3 1 3 0 0 0 3 3 3 0
0.005058927938978059 1 1 0 0 2 3 3 2 3 0 0 0 3 3 3 0
0.019309695430169714 1 1 0 0 3 3 3 0 3 0 0 1 3 3 1 0
0.019309695430169714 1 1 0 0 3 3 3 0 3 0 0 2 3 3 2 0
0.0044317796127608215 1 1 0 0 3 3 0 0 3 0 0 1 3 1 0 0
0.0044317796127608215 1 1 0 0 3 3 0 0 3 0 0 2 3 2 0 0
0.013741830456273543 1 1 0 0 0 3 3 3 3 0 0 0 1 3 3 1
0.013741830456273543 1 1 0 0 0 3 3 3 3 0 0 0 2 3 3 2
-0.005779639263811462 1 2 2 3 3 1 0 0 3 0 3 3 3 0 0 0
0.0013264884239681915 1 2 2 3 3 3 1 0 3 0 3 3 3 3 0 0
-0.008678485294961298 1 2 3 3 3 3 3 3 1 3 3 3 3 3 3 2
0.008678485294961298 1 2 3 3 3 3 3 3 2 3 3 3 3 3 3 1
0.001326488423968193 1 2 0 2 3 1 0 0 3 0 0 3 3 0 0 0
0.005779639263811465 1 2 0 2 3 3 1 0 3 0 0 3 3 3 0 0
0.010893257120621879 1 2 0 0 2 3 3 1 3 0 0 0 3 3 3 0
-0.014078986725584023 1 2 0 0 0 0 0 0 1 2 0 0 0 0 0 0
0.014078986725584023 1 2 0 0 0 0 0 0 2 1 0 0 0 0 0 0
-0.0021672526619284337 1 3 1 3 3 0 0 0 3 3 1 3 1 0 0 0
-0.0021672526619284337 1 3 1 3 3 0 0 0 3 3 2 3 2 0 0 0
0.0023229560063770427 1 3 1 0 0 1 3 1 3 3 0 0 0 3 3 0
-0.004011840001130174 1 3 1 0 0 2 3 2 3 3 0 0 0 3 3 0
-0.0005331430061976749 1 3 1 0 0 0 1 1 3 3 0 0 0 0 3 0
0.0009207597701871559 1 3 1 0 0 0 2 2 3 3 0 0 0 0 3 0
-0.008524720374994963 1 3 1 0 0 0 3 3 3 3 0 0 0 1 3 1
-0.008524720374994963 1 3 1 0 0 0 3 3 3 3 0 0 0 2 3 2
0.001956513612501728 1 3 1 0 0 0 0 3 3 3 0 0 0 0 1 1
0.001956513612501728 1 3 1 0 0 0 0 3 3 3 0 0 0 0 2 2
-0.0033978374414289575 1 3 2 3 3 3 3 0 3 1 3 3 3 3 2 0
0.0033978374414289575 1 3 2 3 3 3 3 0 3 2 3 3 3 3 1 0
0.014804708683234162 1 3 2 3 3 3 0 0 3 1 3 3 3 2 0 0
-0.014804708683234162 1 3 2 3 3 3 0 0 3 2 3 3 3 1 0 0
0.006334796007507216 1 3 2 0 0 2 3 1 3 3 0 0 0 3 3 0
-0.0014539027763848305 1 3 2 0 0 0 2 1 3 3 0 0 0 0 3 0
-0.0021672526619284354 1 3 3 1 3 0 0 0 3 3 3 1 1 0 0 0
-0.0021672526619284354 1 3 3 1 3 0 0 0 3 3 3 2 2 0 0 0
-0.0005331430061976687 1 3 3 1 0 1 3 1 3 3 3 0 0 3 3 0
0.0009207597701871577 1 3 3 1 0 2 3 2 3 3 3 0 0 3 3 0
-0.0023229560063770483 1 3 3 1 0 0 1 1 3 3 3 0 0 0 3 0
0.004011840001130177 1 3 3 1 0 0 2 2 3 3 3 0 0 0 3 0
0.0019565136125017295 1 3 3 1 0 0 3 3 3 3 3 0 0 1 3 1
0.0019565136125017295 1 3 3 1 0 0 3 3 3 3 3 0 0 2 3 2
0.008524720374994969 1 3 3 1 0 0 0 3 3 3 3 0 0 0 1 1
0.008524720374994969 1 3 3 1 0 0 0 3 3 3 3 0 0 0 2 2
-0.0014539027763848264 1 3 3 2 0 2 3 1 3 3 3 0 0 3 3 0
-0.006334796007507226 1 3 3 2 0 0 2 1 3 3 3 0 0 0 3 0
-0.008625098269235066 1 3 3 3 1 3 0 0 3 3 3 3 0 0 0 0
-0.008625098269235073 1 3 3 3 1 0 3 0 3 3 3 3 0 0 0 0
-0.0048403761339094456 1 3 3 3 1 0 0 3 3 3 3 3 0 0 0 0
-0.007924799555029224 1 3 3 3 1 0 0 0 3 3 3 0 0 0 0 0
-0.08599726708207286 1 3 3 3 1 0 0 0 3 3 3 3 0 0 0 0
-0.001552328035836914 1 3 3 3 1 0 0 0 3 3 3 3 3 0 0 0
-0.0038593948616089334 1 3 3 3 1 0 0 0 3 3 3 3 0 3 0 0
-0.00385939486160894 1 3 3 3 1 0 0 0 3 3 3 3 0 0 3 0
-0.00930488112899966 1 3 3 3 1 0 0 0 3 3 3 3 0 0 0 3
-0.007924799555029208 1 3 3 3 1 0 0 0 3 3 0 3 0 0 0 0
-0.000585145941936308 1 3 3 3 1 0 0 0 3 0 3 3 0 0 0 0
-0.020224291464399555 1 3 3 3 1 0 0 0 0 3 3 3 0 0 0 0
0.004765703407626135 1 3 3 3 3 2 0 0 3 3 3 3 1 2 0 0
-0.004765703407626135 1 3 3 3 3 2 0 0 3 3 3 3 2 1 0 0
0.004765703407626133 1 3 3 3 3 0 2 0 3 3 3 3 1 0 2 0
-0.004765703407626133 1 3 3 3 3 0 2 0 3 3 3 3 2 0 1 0
-0.0044645049950902144 1 3 3 3 3 0 0 2 3 3 3 3 1 0 0 2
0.0044645049950902144 1 3 3 3 3 0 0 2 3 3 3 3 2 0 0 1
-0.0010357538423145718 1 3 3 3 0 2 3 3 3 3 3 1 0 3 3 2
0.0010357538423145718 1 3 3 3 0 2 3 3 3 3 3 2 0 3 3 1
-0.004512880373864791 1 3 3 3 0 0 2 3 3 3 3 1 0 0 3 2
0.004512880373864791 1 3 3 3 0 0 2 3 3 3 3 2 0 0 3 1
-0.002489656618699398 1 3 3 3 0 0 3 1 3 3 3 1 0 1 3 0
-0.002489656618699398 1 3 3 3 0 0 3 1 3 3 3 2 0 2 3 0
-0.010847676381372018 1 3 3 3 0 0 0 1 3 3 3 1 0 0 1 0
-0.010847676381372018 1 3 3 3 0 0 0 1 3 3 3 2 0 0 2 0
-0.01009205221695766 1 3 3 0 1 0 0 0 3 3 3 3 0 0 0 0
0.004512880373864789 1 3 3 0 0 2 3 3 3 3 1 0 0 3 3 2
-0.004512880373864789 1 3 3 0 0 2 3 3 3 3 2 0 0 3 3 1
-0.001035753842314572 1 3 3 0 0 0 2 3 3 3 1 0 0 0 3 2
0.001035753842314572 1 3 3 0 0 0 2 3 3 3 2 0 0 0 3 1
0.010847676381372006 1 3 3 0 0 0 3 1 3 3 1 0 0 1 3 0
0.010847676381372006 1 3 3 0 0 0 3 1 3 3 2 0 0 2 3 0
-0.0024896566186994027 1 3 3 0 0 0 0 1 3 3 1 0 0 0 1 0
-0.0024896566186994027 1 3 3 0 0 0 0 1 3 3 2 0 0 0 2 0
-0.01480470868323417 1 3 0 2 3 3 3 0 3 1 0 3 3 3 2 0
0.01480470868323417 1 3 0 2 3 3 3 0 3 2 0 3 3 3 1 0
-0.0033978374414289593 1 3 0 2 3 3 0 0 3 1 0 3 3 2 0 0
0.0033978374414289593 1 3 0 2 3 3 0 0 3 2 0 3 3 1 0 0
-0.010092052216957642 1 3 0 3 1 0 0 0 3 3 3 3 0 0 0 0
0.0090250694194227 1 3 0 3 3 1 0 0 3 1 1 3 3 0 0 0
0.0090250694194227 1 3 0 3 3 1 0 0 3 2 2 3 3 0 0 0
-0.0020713490174607656 1 3 0 3 3 3 1 0 3 1 1 3 3 3 0 0
-0.0020713490174607656 1 3 0 3 3 3 1 0 3 2 2 3 3 3 0 0
-0.00868290251729548 1 3 0 0 2 3 3 3 3 1 0 0 3 3 3 2
0.00868290251729548 1 3 0 0 2 3 3 3 3 2 0 0 3 3 3 1
-0.002071349017460766 1 3 0 0 3 1 0 0 3 1 0 1 3 0 0 0
-0.002071349017460766 1 3 0 0 3 1 0 0 3 2 0 2 3 0 0 0
-0.009025069419422703 1 3 0 0 3 3 1 0 3 1 0 1 3 3 0 0
-0.009025069419422703 1 3 0 0 3 3 1 0 3 2 0 2 3 3 0 0
0.0022103546033263957 1 3 0 0 0 3 3 1 3 1 0 0 1 3 3 0
0.0022103546033263957 1 3 0 0 0 3 3 1 3 2 0 0 2 3 3 0
-0.018317154626104892 1 0 2 0 0 0 0 0 1 0 2 0 0 0 0 0
0.018317154626104892 1 0 2 0 0 0 0 0 2 0 1 0 0 0 0 0
-0.01677809208439601 1 0 3 3 1 0 0 0 3 3 3 3 0 0 0 0
-0.008678485294961298 1 0 3 3 3 3 3 1 1 1 3 3 3 3 3 0
-0.008678485294961298 1 0 3 3 3 3 3 1 2 2 3 3 3 3 3 0
-0.018317154626104917 1 0 0 2 0 0 0 0 1 0 0 2 0 0 0 0
0.018317154626104917 1 0 0 2 0 0 0 0 2 0 0 1 0 0 0 0
-0.011187407248378804 1 0 0 0 2 0 0 0 1 0 0 0 2 0 0 0
0.011187407248378804 1 0 0 0 2 0 0 0 2 0 0 0 1 0 0 0
-0.00824050315848554 1 0 0 0 0 2 0 0 1 0 0 0 0 2 0 0
0.00824050315848554 1 0 0 0 0 2 0 0 2 0 0 0 0 1 0 0
-0.008240503158485539 1 0 0 0 0 0 2 0 1 0 0 0 0 0 2 0
0.008240503158485539 1 0 0 0 0 0 2 0 2 0 0 0 0 0 1 0
-0.011271473854406784 1 0 0 0 0 0 0 2 1 0 0 0 0 0 0 2
0.011271473854406784 1 0 0 0 0 0 0 2 2 0 0 0 0 0 0 1
-0.005779639263811462 2 1 1 3 3 2 0 0 3 0 3 3 3 0 0 0
0.0013264884239681915 2 1 1 3 3 3 2 0 3 0 3 3 3 3 0 0
0.008678485294961298 2 1 3 3 3 3 3 3 1 3 3 3 3 3 3 2
-0.008678485294961298 2 1 3 3 3 3 3 3 2 3 3 3 3 3 3 1
0.001326488423968193 2 1 0 1 3 2 0 0 3 0 0 3 3 0 0 0
0.005779639263811465 2 1 0 1 3 3 2 0 3 0 0 3 3 3 0 0
0.010893257120621879 2 1 0 0 1 3 3 2 3 0 0 0 3 3 3 0
0.014078986725584023 2 1 0 0 0 0 0 0 1 2 0 0 0 0 0 0
-0.014078986725584023 2 1 0 0 0 0 0 0 2 1 0 0 0 0 0 0
-0.004504986746935545 2 2 1 3 3 1 0 0 3 0 3 3 3 0 0 0
0.0010339421713318677 2 2 1 3 3 3 1 0 3 0 3 3 3 3 0 0
-0.010284626010747007 2 2 2 3 3 2 0 0 3 0 3 3 3 0 0 0
0.002360430595300059 2 2 2 3 3 3 2 0 3 0 3 3 3 3 0 0
-0.016192946142459703 2 2 3 3 3 0 0 0 3 1 3 3 1 0 0 0
-0.016192946142459703 2 2 3 3 3 0 0 0 3 2 3 3 2 0 0 0
0.0010339421713318618 2 2 0 1 3 1 0 0 3 0 0 3 3 0 0 0
0.004504986746935547 2 2 0 1 3 3 1 0 3 0 0 3 3 3 0 0
0.0023604305953000546 2 2 0 2 3 2 0 0 3 0 0 3 3 0 0 0
0.010284626010747012 2 2 0 2 3 3 2 0 3 0 0 3 3 3 0 0
0.004431779612760825 2 2 0 3 3 3 3 0 3 0 1 3 3 3 1 0
0.004431779612760825 2 2 0 3 3 3 3 0 3 0 2 3 3 3 2 0
-0.019309695430169707 2 2 0 3 3 3 0 0 3 0 1 3 3 1 0 0
-0.019309695430169707 2 2 0 3 3 3 0 0 3 0 2 3 3 2 0 0
0.005058927938978059 2 2 0 0 1 3 3 1 3 0 0 0 3 3 3 0
0.015952185059599937 2 2 0 0 2 3 3 2 3 0 0 0 3 3 3 0
0.019309695430169714 2 2 0 0 3 3 3 0 3 0 0 1 3 3 1 0
0.019309695430169714 2 2 0 0 3 3 3 0 3 0 0 2 3 3 2 0
0.0044317796127608215 2 2 0 0 3 3 0 0 3 0 0 1 3 1 0 0
0.0044317796127608215 2 2 0 0 3 3 0 0 3 0 0 2 3 2 0 0
0.013741830456273543 2 2 0 0 0 3 3 3 3 0 0 0 1 3 3 1
0.013741830456273543 2 2 0 0 0 3 3 3 3 0 0 0 2 3 3 2
0.0033978374414289575 2 3 1 3 3 3 3 0 3 1 3 3 3 3 2 0
-0.0033978374414289575 2 3 1 3 3 3 3 0 3 2 3 3 3 3 1 0
-0.014804708683234162 2 3 1 3 3 3 0 0 3 1 3 3 3 2 0 0
0.014804708683234162 2 3 1 3 3 3 0 0 3 2 3 3 3 1 0 0
0.006334796007507216 2 3 1 0 0 1 3 2 3 3 0 0 0 3 3 0
-0.0014539027763848305 2 3 1 0 0 0 1 2 3 3 0 0 0 0 3 0
-0.0021672526619284337 2 3 2 3 3 0 0 0 3 3 1 3 1 0 0 0
-0.0021672526619284337 2 3 2 3 3 0 0 0 3 3 2 3 2 0 0 0
-0.004011840001130174 2 3 2 0 0 1 3 1 3 3 0 0 0 3 3 0
0.0023229560063770427 2 3 2 0 0 2 3 2 3 3 0 0 0 3 3 0
0.0009207597701871559 2 3 2 0 0 0 1 1 3 3 0 0 0 0 3 0
-0.0005331430061976749 2 3 2 0 0 0 2 2 3 3 0 0 0 0 3 0
-0.008524720374994963 2 3 2 0 0 0 3 3 3 3 0 0 0 1 3 1
-0.008524720374994963 2 3 2 0 0 0 3 3 3 3 0 0 0 2 3 2
0.001956513612501728 2 3 2 0 0 0 0 3 3 3 0 0 0 0 1 1
0.001956513612501728 2 3 2 0 0 0 0 3 3 3 0 0 0 0 2 2
-0.0014539027763848264 2 3 3 1 0 1 3 2 3 3 3 0 0 3 3 0
-0.006334796007507226 2 3 3 1 0 0 1 2 3 3 3 0 0 0 3 0
-0.0021672526619284354 2 3 3 2 3 0 0 0 3 3 3 1 1 0 0 0
-0.0021672526619284354 2 3 3 2 3 0 0 0 3 3 3 2 2 0 0 0
0.0009207597701871577 2 3 3 2 0 1 3 1 3 3 3 0 0 3 3 0
-0.0005331430061976687 2 3 3 2 0 2 3 2 3 3 3 0 0 3 3 0
0.004011840001130177 2 3 3 2 0 0 1 1 3 3 3 0 0 0 3 0
-0.0023229560063770483 2 3 3 2 0 0 2 2 3 3 3 0 0 0 3 0
0.0019565136125017295 2 3 3 2 0 0 3 3 3 3 3 0 0 1 3 1
0.0019565136125017295 2 3 3 2 0 0 3 3 3 3 3 0 0 2 3 2
0.008524720374994969 2 3 3 2 0 0 0 3 3 3 3 0 0 0 1 1
0.008524720374994969 2 3 3 2 0 0 0 3 3 3 3 0 0 0 2 2
-0.008625098269235066 2 3 3 3 2 3 0 0 3 3 3 3 0 0 0 0
-0.008625098269235073 2 3 3 3 2 0 3 0 3 3 3 3 0 0 0 0
-0.0048403761339094456 2 3 3 3 2 0 0 3 3 3 3 3 0 0 0 0
-0.007924799555029224 2 3 3 3 2 0 0 0 3 3 3 0 0 0 0 0
-0.08599726708207286 2 3 3 3 2 0 0 0 3 3 3 3 0 0 0 0
-0.001552328035836914 2 3 3 3 2 0 0 0 3 3 3 3 3 0 0 0
-0.0038593948616089334 2 3 3 3 2 0 0 0 3 3 3 3 0 3 0 0
-0.00385939486160894 2 3 3 3 2 0 0 0 3 3 3 3 0 0 3 0
-0.00930488112899966 2 3 3 3 2 0 0 0 3 3 3 3 0 0 0 3
-0.007924799555029208 2 3 3 3 2 0 0 0 3 3 0 3 0 0 0 0
-0.000585145941936308 2 3 3 3 2 0 0 0 3 0 3 3 0 0 0 0
-0.020224291464399555 2 3 3 3 2 0 0 0 0 3 3 3 0 0 0 0
-0.004765703407626135 2 3 3 3 3 1 0 0 3 3 3 3 1 2 0 0
0.004765703407626135 2 3 3 3 3 1 0 0 3 3 3 3 2 1 0 0
-0.004765703407626133 2 3 3 3 3 0 1 0 3 3 3 3 1 0 2 0
0.004765703407626133 2 3 3 3 3 0 1 0 3 3 3 3 2 0 1 0
0.0044645049950902144 2 3 3 3 3 0 0 1 3 3 3 3 1 0 0 2
-0.0044645049950902144 2 3 3 3 3 0 0 1 3 3 3 3 2 0 0 1
0.0010357538423145718 2 3 3 3 0 1 3 3 3 3 3 1 0 3 3 2
-0.0010357538423145718 2 3 3 3 0 1 3 3 3 3 3 2 0 3 3 1
0.004512880373864791 2 3 3 3 0 0 1 3 3 3 3 1 0 0 3 2
-0.004512880373864791 2 3 3 3 0 0 1 3 3 3 3 2 0 0 3 1
-0.002489656618699398 2 3 3 3 0 0 3 2 3 3 3 1 0 1 3 0
-0.002489656618699398 2 3 3 3 0 0 3 2 3 3 3 2 0 2 3 0
-0.010847676381372018 2 3 3 3 0 0 0 2 3 3 3 1 0 0 1 0
-0.010847676381372018 2 3 3 3 0 0 0 2 3 3 3 2 0 0 2 0
-0.01009205221695766 2 3 3 0 2 0 0 0 3 3 3 3 0 0 0 0
-0.004512880373864789 2 3 3 0 0 1 3 3 3 3 1 0 0 3 3 2
0.004512880373864789 2 3 3 0 0 1 3 3 3 3 2 0 0 3 3 1
0.001035753842314572 2 3 3 0 0 0 1 3 3 3 1 0 0 0 3 2
-0.001035753842314572 2 3 3 0 0 0 1 3 3 3 2 0 0 0 3 1
0.010847676381372006 2 3 3 0 0 0 3 2 3 3 1 0 0 1 3 0
0.010847676381372006 2 3 3 0 0 0 3 2 3 3 2 0 0 2 3 0
-0.0024896566186994027 2 3 3 0 0 0 0 2 3 3 1 0 0 0 1 0
-0.0024896566186994027 2 3 3 0 0 0 0 2 3 3 2 0 0 0 2 0
0.01480470868323417 2 3 0 1 3 3 3 0 3 1 0 3 3 3 2 0
-0.01480470868323417 2 3 0 1 3 3 3 0 3 2 0 3 3 3 1 0
0.0033978374414289593 2 3 0 1 3 3 0 0 3 1 0 3 3 2 0 0
-0.0033978374414289593 2 3 0 1 3 3 0 0 3 2 0 3 3 1 0 0
-0.010092052216957642 2 3 0 3 2 0 0 0 3 3 3 3 0 0 0 0
0.0090250694194227 2 3 0 3 3 2 0 0 3 1 1 3 3 0 0 0
0.0090250694194227 2 3 0 3 3 2 0 0 3 2 2 3 3 0 0 0
-0.0020713490174607656 2 3 0 3 3 3 2 0 3 1 1 3 3 3 0 0
-0.0020713490174607656 2 3 0 3 3 3 2 0 3 2 2 3 3 3 0 0
0.00868290251729548 2 3 0 0 1 3 3 3 3 1 0 0 3 3 3 2
-0.00868290251729548 2 3 0 0 1 3 3 3 3 2 0 0 3 3 3 1
-0.002071349017460766 2 3 0 0 3 2 0 0 3 1 0 1 3 0 0 0
-0.002071349017460766 2 3 0 0 3 2 0 0 3 2 0 2 3 0 0 0
-0.009025069419422703 2 3 0 0 3 3 2 0 3 1 0 1 3 3 0 0
-0.009025069419422703 2 3 0 0 3 3 2 0 3 2 0 2 3 3 0 0
0.0022103546033263957 2 3 0 0 0 3 3 2 3 1 0 0 1 3 3 0
0.0022103546033263957 2 3 0 0 0 3 3 2 3 2 0 0 2 3 3 0
0.018317154626104892 2 0 1 0 0 0 0 0 1 0 2 0 0 0 0 0
-0.018317154626104892 2 0 1 0 0 0 0 0 2 0 1 0 0 0 0 0
-0.01677809208439601 2 0 3 3 2 0 0 0 3 3 3 3 0 0 0 0
-0.008678485294961298 2 0 3 3 3 3 3 2 1 1 3 3 3 3 3 0
-0.008678485294961298 2 0 3 3 3 3 3 2 2 2 3 3 3 3 3 0
0.018317154626104917 2 0 0 1 0 0 0 0 1 0 0 2 0 0 0 0
-0.018317154626104917 2 0 0 1 0 0 0 0 2 0 0 1 0 0 0 0
0.011187407248378804 2 0 0 0 1 0 0 0 1 0 0 0 2 0 0 0
-0.011187407248378804 2 0 0 0 1 0 0 0 2 0 0 0 1 0 0 0
0.00824050315848554 2 0 0 0 0 1 0 0 1 0 0 0 0 2 0 0
-0.00824050315848554 2 0 0 0 0 1 0 0 2 0 0 0 0 1 0 0
0.008240503158485539 2 0 0 0 0 0 1 0 1 0 0 0 0 0 2 0
-0.008240503158485539 2 0 0 0 0 0 1 0 2 0 0 0 0 0 1 0
0.011271473854406784 2 0 0 0 0 0 0 1 1 0 0 0 0 0 0 2
-0.011271473854406784 2 0 0 0 0 0 0 1 2 0 0 0 0 0 0 1
1.577146756745107 3 0 0 0 0 0 0 0 0 0 0 0 0 0 0 0
-0.008259571097577613 3 1 3 3 3 3 3 1 0 3 3 3 3 3 3 0
-0.008259571097577613 3 2 3 3 3 3 3 2 0 3 3 3 3 3 3 0
0.0750073555310553 3 3 0 0 0 0 0 0 0 0 0 0 0 0 0 0
-0.020224291464399555 3 3 3 3 3 0 0 0 1 3 3 3 1 0 0 0
-0.020224291464399555 3 3 3 3 3 0 0 0 2 3 3 3 2 0 0 0
0.08385239180681893 3 0 3 0 0 0 0 0 0 0 0 0 0 0 0 0
-0.01693805639253891 3 0 3 3 3 3 3 3 0 1 3 3 3 3 3 1
-0.01693805639253891 3 0 3 3 3 3 3 3 0 2 3 3 3 3 3 2
0.08385239180681904 3 0 0 3 0 0 0 0 0 0 0 0 0 0 0 0
0.07863516586267333 3 0 0 0 3 0 0 0 0 0 0 0 0 0 0 0
0.08756740476296042 3 0 0 0 0 3 0 0 0 0 0 0 0 0 0 0
0.08756740476296042 3 0 0 0 0 0 3 0 0 0 0 0 0 0 0 0
0.09456212307318972 3 0 0 0 0 0 0 3 0 0 0 0 0 0 0 0
0.12456493332307303 3 0 0 0 0 0 0 0 3 0 0 0 0 0 0 0
0.08908634225663933 3 0 0 0 0 0 0 0 0 3 0 0 0 0 0 0
0.10216954643292382 3 0 0 0 0 0 0 0 0 0 3 0 0 0 0 0
0.10216954643292395 3 0 0 0 0 0 0 0 0 0 0 3 0 0 0 0
0.08982257311105213 3 0 0 0 0 0 0 0 0 0 0 0 3 0 0 0
0.09580790792144597 3 0 0 0 0 0 0 0 0 0 0 0 0 3 0 0
0.09580790792144595 3 0 0 0 0 0 0 0 0 0 0 0 0 0 3 0
0.1058335969275965 3 0 0 0 0 0 0 0 0 0 0 0 0 0 0 3
0.003610567403763035 0 1 1 3 3 3 3 3 0 3 1 3 3 3 3 1
0.003610567403763035 0 1 1 3 3 3 3 3 0 3 2 3 3 3 3 2
-0.0020713490174607656 0 1 1 3 3 3 3 0 1 0 3 3 3 3 1 0
-0.0020713490174607656 0 1 1 3 3 3 3 0 2 0 3 3 3 3 2 0
0.0090250694194227 0 1 1 3 3 3 0 0 1 0 3 3 3 1 0 0
0.0090250694194227 0 1 1 3 3 3 0 0 2 0 3 3 3 2 0 0
0.0006665306073564796 0 1 1 0 1 1 0 0 0 3 0 0 3 0 0 0
-0.0001529758337020841 0 1 1 0 1 3 1 0 0 3 0 0 3 3 0 0
-0.015793597472251224 0 1 1 0 2 2 0 0 0 3 0 0 3 0 0 0
0.0036247978919602655 0 1 1 0 2 3 2 0 0 3 0 0 3 3 0 0
-0.0016410404765399363 0 1 1 0 0 3 3 0 0 3 0 0 1 3 1 0
-0.0016410404765399363 0 1 1 0 0 3 3 0 0 3 0 0 2 3 2 0
0.007150173194381022 0 1 1 0 0 3 0 0 0 3 0 0 1 1 0 0
0.007150173194381022 0 1 1 0 0 3 0 0 0 3 0 0 2 2 0 0
0.016460128079607703 0 1 2 0 2 1 0 0 0 3 0 0 3 0 0 0
-0.003777773725662349 0 1 2 0 2 3 1 0 0 3 0 0 3 3 0 0
-0.011392527948855135 0 1 2 0 0 0 0 0 0 1 2 0 0 0 0 0
0.011392527948855135 0 1 2 0 0 0 0 0 0 2 1 0 0 0 0 0
-0.00015297583370208444 0 1 3 1 1 1 0 0 0 3 3 0 3 0 0 0
-0.0006665306073564805 0 1 3 1 1 3 1 0 0 3 3 0 3 3 0 0
0.0036247978919602603 0 1 3 1 2 2 0 0 0 3 3 0 3 0 0 0
0.015793597472251238 0 1 3 1 2 3 2 0 0 3 3 0 3 3 0 0
0.0036105674037630407 0 1 3 1 3 3 3 3 0 3 3 1 3 3 3 1
0.0036105674037630407 0 1 3 1 3 3 3 3 0 3 3 2 3 3 3 2
-0.007150173194381027 0 1 3 1 0 3 3 0 0 3 3 0 1 3 1 0
-0.007150173194381027 0 1 3 1 0 3 3 0 0 3 3 0 2 3 2 0
-0.0016410404765399376 0 1 3 1 0 3 0 0 0 3 3 0 1 1 0 0
-0.0016410404765399376 0 1 3 1 0 3 0 0 0 3 3 0 2 2 0 0
-0.0037777737256623448 0 1 3 2 2 1 0 0 0 3 3 0 3 0 0 0
-0.016460128079607717 0 1 3 2 2 3 1 0 0 3 3 0 3 3 0 0
-0.024166098258372955 0 1 3 3 1 3 3 3 0 3 3 3 1 3 3 1
-0.024166098258372955 0 1 3 3 1 3 3 3 0 3 3 3 2 3 3 2
0.022943770666632262 0 1 3 3 2 3 3 0 0 3 3 1 3 3 2 0
-0.022943770666632262 0 1 3 3 2 3 3 0 0 3 3 2 3 3 1 0
0.0052658383685001975 0 1 3 3 2 3 0 0 0 3 3 1 3 2 0 0
-0.0052658383685001975 0 1 3 3 2 3 0 0 0 3 3 2 3 1 0 0
0.016192946142459703 0 1 3 3 2 0 0 0 1 2 3 3 0 0 0 0
-0.016192946142459703 0 1 3 3 2 0 0 0 2 1 3 3 0 0 0 0
0.005257509135291551 0 1 3 3 3 1 3 3 0 3 3 3 3 1 3 1
0.005257509135291551 0 1 3 3 3 1 3 3 0 3 3 3 3 2 3 2
0.005257509135291548 0 1 3 3 3 3 1 3 0 3 3 3 3 3 1 1
0.005257509135291548 0 1 3 3 3 3 1 3 0 3 3 3 3 3 2 2
-0.01693805639253891 0 1 3 3 3 3 3 1 3 3 3 3 3 3 3 0
-0.005824936151986088 0 1 3 3 3 3 3 1 0 3 3 3 3 3 0 0
-0.07456370155636073 0 1 3 3 3 3 3 1 0 3 3 3 3 3 3 0
-0.00501080990175572 0 1 3 3 3 3 3 1 0 3 3 3 3 3 3 3
-0.005824936151986093 0 1 3 3 3 3 3 1 0 3 3 3 3 0 3 0
0.005494644239891443 0 1 3 3 3 3 3 1 0 3 3 3 0 3 3 0
-0.009062628875152107 0 1 3 3 3 3 3 1 0 3 3 0 3 3 3 0
-0.009062628875152103 0 1 3 3 3 3 3 1 0 3 0 3 3 3 3 0
0.000614076288482632 0 1 3 3 3 3 3 1 0 0 3 3 3 3 3 0
-0.00056742701669454 0 1 3 3 3 3 0 1 0 3 3 3 3 3 3 0
-0.0005674270166945417 0 1 3 3 3 0 3 1 0 3 3 3 3 3 3 0
0.0014880646428378527 0 1 3 3 0 1 0 0 0 3 3 1 1 0 0 0
0.0014880646428378527 0 1 3 3 0 1 0 0 0 3 3 2 2 0 0 0
0.006483642587024545 0 1 3 3 0 3 1 0 0 3 3 1 1 3 0 0
0.006483642587024545 0 1 3 3 0 3 1 0 0 3 3 2 2 3 0 0
-0.018671454018481515 0 1 3 3 0 3 3 1 0 3 3 3 3 3 3 0
0.005265838368500201 0 1 3 0 2 3 3 0 0 3 1 0 3 3 2 0
-0.005265838368500201 0 1 3 0 2 3 3 0 0 3 2 0 3 3 1 0
-0.02294377066663225 0 1 3 0 2 3 0 0 0 3 1 0 3 2 0 0
0.02294377066663225 0 1 3 0 2 3 0 0 0 3 2 0 3 1 0 0
-0.005452061471389066 0 1 3 0 3 3 3 1 0 3 3 3 3 3 3 0
-0.006483642587024543 0 1 3 0 0 1 0 0 0 3 1 0 1 0 0 0
-0.006483642587024543 0 1 3 0 0 1 0 0 0 3 2 0 2 0 0 0
0.0014880646428378523 0 1 3 0 0 3 1 0 0 3 1 0 1 3 0 0
0.0014880646428378523 0 1 3 0 0 3 1 0 0 3 2 0 2 3 0 0
-0.009025069419422703 0 1 0 1 3 3 3 0 1 0 0 3 3 3 1 0
-0.009025069419422703 0 1 0 1 3 3 3 0 2 0 0 3 3 3 2 0
-0.002071349017460766 0 1 0 1 3 3 0 0 1 0 0 3 3 1 0 0
-0.002071349017460766 0 1 0 1 3 3 0 0 2 0 0 3 3 2 0 0
-0.011392527948855147 0 1 0 2 0 0 0 0 0 1 0 2 0 0 0 0
0.011392527948855147 0 1 0 2 0 0 0 0 0 2 0 1 0 0 0 0
0.014804708683234162 0 1 0 3 3 2 0 0 1 0 2 3 3 0 0 0
-0.014804708683234162 0 1 0 3 3 2 0 0 2 0 1 3 3 0 0 0
-0.0033978374414289575 0 1 0 3 3 3 2 0 1 0 2 3 3 3 0 0
0.0033978374414289575 0 1 0 3 3 3 2 0 2 0 1 3 3 3 0 0
-0.0054520614713890695 0 1 0 3 3 3 3 1 0 3 3 3 3 3 3 0
0.0022103546033263957 0 1 0 0 1 3 3 3 1 0 0 0 3 3 3 1
0.0022103546033263957 0 1 0 0 1 3 3 3 2 0 0 0 3 3 3 2
-0.030333779556383052 0 1 0 0 2 0 0 0 0 1 0 0 2 0 0 0
0.030333779556383052 0 1 0 0 2 0 0 0 0 2 0 0 1 0 0 0
-0.0033978374414289593 0 1 0 0 3 2 0 0 1 0 0 2 3 0 0 0
0.0033978374414289593 0 1 0 0 3 2 0 0 2 0 0 1 3 0 0 0
-0.01480470868323417 0 1 0 0 3 3 2 0 1 0 0 2 3 3 0 0
0.01480470868323417 0 1 0 0 3 3 2 0 2 0 0 1 3 3 0 0
-0.01721410017360653 0 1 0 0 0 2 0 0 0 1 0 0 0 2 0 0
0.01721410017360653 0 1 0 0 0 2 0 0 0 2 0 0 0 1 0 0
-0.00868290251729548 0 1 0 0 0 3 3 2 1 0 0 0 2 3 3 0
0.00868290251729548 0 1 0 0 0 3 3 2 2 0 0 0 1 3 3 0
-0.017214100173606525 0 1 0 0 0 0 2 0 0 1 0 0 0 0 2 0
0.017214100173606525 0 1 0 0 0 0 2 0 0 2 0 0 0 0 1 0
-0.012953879000581718 0 1 0 0 0 0 0 2 0 1 0 0 0 0 0 2
0.012953879000581718 0 1 0 0 0 0 0 2 0 2 0 0 0 0 0 1
0.016460128079607703 0 2 1 0 1 2 0 0 0 3 0 0 3 0 0 0
-0.003777773725662349 0 2 1 0 1 3 2 0 0 3 0 0 3 3 0 0
0.011392527948855135 0 2 1 0 0 0 0 0 0 1 2 0 0 0 0 0
-0.011392527948855135 0 2 1 0 0 0 0 0 0 2 1 0 0 0 0 0
0.003610567403763035 0 2 2 3 3 3 3 3 0 3 1 3 3 3 3 1
0.003610567403763035 0 2 2 3 3 3 3 3 0 3 2 3 3 3 3 2
-0.0020713490174607656 0 2 2 3 3 3 3 0 1 0 3 3 3 3 1 0
-0.0020713490174607656 0 2 2 3 3 3 3 0 2 0 3 3 3 3 2 0
0.0090250694194227 0 2 2 3 3 3 0 0 1 0 3 3 3 1 0 0
0.0090250694194227 0 2 2 3 3 3 0 0 2 0 3 3 3 2 0 0
-0.015793597472251224 0 2 2 0 1 1 0 0 0 3 0 0 3 0 0 0
0.0036247978919602655 0 2 2 0 1 3 1 0 0 3 0 0 3 3 0 0
0.0006665306073564796 0 2 2 0 2 2 0 0 0 3 0 0 3 0 0 0
-0.0001529758337020841 0 2 2 0 2 3 2 0 0 3 0 0 3 3 0 0
-0.0016410404765399363 0 2 2 0 0 3 3 0 0 3 0 0 1 3 1 0
-0.0016410404765399363 0 2 2 0 0 3 3 0 0 3 0 0 2 3 2 0
0.007150173194381022 0 2 2 0 0 3 0 0 0 3 0 0 1 1 0 0
0.007150173194381022 0 2 2 0 0 3 0 0 0 3 0 0 2 2 0 0
-0.0037777737256623448 0 2 3 1 1 2 0 0 0 3 3 0 3 0 0 0
-0.016460128079607717 0 2 3 1 1 3 2 0 0 3 3 0 3 3 0 0
0.0036247978919602603 0 2 3 2 1 1 0 0 0 3 3 0 3 0 0 0
0.015793597472251238 0 2 3 2 1 3 1 0 0 3 3 0 3 3 0 0
-0.00015297583370208444 0 2 3 2 2 2 0 0 0 3 3 0 3 0 0 0
-0.0006665306073564805 0 2 3 2 2 3 2 0 0 3 3 0 3 3 0 0
0.0036105674037630407 0 2 3 2 3 3 3 3 0 3 3 1 3 3 3 1
0.0036105674037630407 0 2 3 2 3 3 3 3 0 3 3 2 3 3 3 2
-0.007150173194381027 0 2 3 2 0 3 3 0 0 3 3 0 1 3 1 0
-0.007150173194381027 0 2 3 2 0 3 3 0 0 3 3 0 2 3 2 0
-0.0016410404765399376 0 2 3 2 0 3 0 0 0 3 3 0 1 1 0 0
-0.0016410404765399376 0 2 3 2 0 3 0 0 0 3 3 0 2 2 0 0
-0.022943770666632262 0 2 3 3 1 3 3 0 0 3 3 1 3 3 2 0
0.022943770666632262 0 2 3 3 1 3 3 0 0 3 3 2 3 3 1 0
-0.0052658383685001975 0 2 3 3 1 3 0 0 0 3 3 1 3 2 0 0
0.0052658383685001975 0 2 3 3 1 3 0 0 0 3 3 2 3 1 0 0
-0.016192946142459703 0 2 3 3 1 0 0 0 1 2 3 3 0 0 0 0
0.016192946142459703 0 2 3 3 1 0 0 0 2 1 3 3 0 0 0 0
-0.024166098258372955 0 2 3 3 2 3 3 3 0 3 3 3 1 3 3 1
-0.024166098258372955 0 2 3 3 2 3 3 3 0 3 3 3 2 3 3 2
0.005257509135291551 0 2 3 3 3 2 3 3 0 3 3 3 3 1 3 1
0.005257509135291551 0 2 3 3 3 2 3 3 0 3 3 3 3 2 3 2
0.005257509135291548 0 2 3 3 3 3 2 3 0 3 3 3 3 3 1 1
0.005257509135291548 0 2 3 3 3 3 2 3 0 3 3 3 3 3 2 2
-0.01693805639253891 0 2 3 3 3 3 3 2 3 3 3 3 3 3 3 0
-0.005824936151986088 0 2 3 3 3 3 3 2 0 3 3 3 3 3 0 0
-0.07456370155636073 0 2 3 3 3 3 3 2 0 3 3 3 3 3 3 0
-0.00501080990175572 0 2 3 3 3 3 3 2 0 3 3 3 3 3 3 3
-0.005824936151986093 0 2 3 3 3 3 3 2 0 3 3 3 3 0 3 0
0.005494644239891443 0 2 3 3 3 3 3 2 0 3 3 3 0 3 3 0
-0.009062628875152107 0 2 3 3 3 3 3 2 0 3 3 0 3 3 3 0
-0.009062628875152103 0 2 3 3 3 3 3 2 0 3 0 3 3 3 3 0
0.000614076288482632 0 2 3 3 3 3 3 2 0 0 3 3 3 3 3 0
-0.00056742701669454 0 2 3 3 3 3 0 2 0 3 3 3 3 3 3 0
-0.0005674270166945417 0 2 3 3 3 0 3 2 0 3 3 3 3 3 3 0
0.0014880646428378527 0 2 3 3 0 2 0 0 0 3 3 1 1 0 0 0
0.0014880646428378527 0 2 3 3 0 2 0 0 0 3 3 2 2 0 0 0
0.006483642587024545 0 2 3 3 0 3 2 0 0 3 3 1 1 3 0 0
0.006483642587024545 0 2 3 3 0 3 2 0 0 3 3 2 2 3 0 0
-0.018671454018481515 0 2 3 3 0 3 3 2 0 3 3 3 3 3 3 0
-0.005265838368500201 0 2 3 0 1 3 3 0 0 3 1 0 3 3 2 0
0.005265838368500201 0 2 3 0 1 3 3 0 0 3 2 0 3 3 1 0
0.02294377066663225 0 2 3 0 1 3 0 0 0 3 1 0 3 2 0 0
-0.02294377066663225 0 2 3 0 1 3 0 0 0 3 2 0 3 1 0 0
-0.005452061471389066 0 2 3 0 3 3 3 2 0 3 3 3 3 3 3 0
-0.006483642587024543 0 2 3 0 0 2 0 0 0 3 1 0 1 0 0 0
-0.006483642587024543 0 2 3 0 0 2 0 0 0 3 2 0 2 0 0 0
0.0014880646428378523 0 2 3 0 0 3 2 0 0 3 1 0 1 3 0 0
0.0014880646428378523 0 2 3 0 0 3 2 0 0 3 2 0 2 3 0 0
0.011392527948855147 0 2 0 1 0 0 0 0 0 1 0 2 0 0 0 0
-0.011392527948855147 0 2 0 1 0 0 0 0 0 2 0 1 0 0 0 0
-0.009025069419422703 0 2 0 2 3 3 3 0 1 0 0 3 3 3 1 0
-0.009025069419422703 0 2 0 2 3 3 3 0 2 0 0 3 3 3 2 0
-0.002071349017460766 0 2 0 2 3 3 0 0 1 0 0 3 3 1 0 0
-0.002071349017460766 0 2 0 2 3 3 0 0 2 0 0 3 3 2 0 0
-0.014804708683234162 0 2 0 3 3 1 0 0 1 0 2 3 3 0 0 0
0.014804708683234162 0 2 0 3 3 1 0 0 2 0 1 3 3 0 0 0
0.0033978374414289575 0 2 0 3 3 3 1 0 1 0 2 3 3 3 0 0
-0.0033978374414289575 0 2 0 3 3 3 1 0 2 0 1 3 3 3 0 0
-0.0054520614713890695 0 2 0 3 3 3 3 2 0 3 3 3 3 3 3 0
0.030333779556383052 0 2 0 0 1 0 0 0 0 1 0 0 2 0 0 0
-0.030333779556383052 0 2 0 0 1 0 0 0 0 2 0 0 1 0 0 0
0.0022103546033263957 0 2 0 0 2 3 3 3 1 0 0 0 3 3 3 1
0.0022103546033263957 0 2 0 0 2 3 3 3 2 0 0 0 3 3 3 2
0.0033978374414289593 0 2 0 0 3 1 0 0 1 0 0 2 3 0 0 0
-0.0033978374414289593 0 2 0 0 3 1 0 0 2 0 0 1 3 0 0 0
0.01480470868323417 0 2 0 0 3 3 1 0 1 0 0 2 3 3 0 0
-0.01480470868323417 0 2 0 0 3 3 1 0 2 0 0 1 3 3 0 0
0.01721410017360653 0 2 0 0 0 1 0 0 0 1 0 0 0 2 0 0
-0.01721410017360653 0 2 0 0 0 1 0 0 0 2 0 0 0 1 0 0
0.00868290251729548 0 2 0 0 0 3 3 1 1 0 0 0 2 3 3 0
-0.00868290251729548 0 2 0 0 0 3 3 1 2 0 0 0 1 3 3 0
0.017214100173606525 0 2 0 0 0 0 1 0 0 1 0 0 0 0 2 0
-0.017214100173606525 0 2 0 0 0 0 1 0 0 2 0 0 0 0 1 0
0.012953879000581718 0 2 0 0 0 0 0 1 0 1 0 0 0 0 0 2
-0.012953879000581718 0 2 0 0 0 0 0 1 0 2 0 0 0 0 0 1
1.2574953444807557 0 3 0 0 0 0 0 0 0 0 0 0 0 0 0 0
0.0021672526619284332 0 3 1 3 2 0 0 0 1 3 2 3 0 0 0 0
-0.0021672526619284332 0 3 1 3 2 0 0 0 2 3 1 3 0 0 0 0
-0.019309695430169707 0 3 1 3 3 1 0 0 1 1 3 3 3 0 0 0
-0.019309695430169707 0 3 1 3 3 1 0 0 2 2 3 3 3 0 0 0
0.004431779612760825 0 3 1 3 3 3 1 0 1 1 3 3 3 3 0 0
0.004431779612760825 0 3 1 3 3 3 1 0 2 2 3 3 3 3 0 0
0.010847676381372006 0 3 1 0 0 1 3 3 1 3 0 0 0 3 3 1
0.010847676381372006 0 3 1 0 0 1 3 3 2 3 0 0 0 3 3 2
-0.0024896566186994027 0 3 1 0 0 0 1 3 1 3 0 0 0 0 3 1
-0.0024896566186994027 0 3 1 0 0 0 1 3 2 3 0 0 0 0 3 2
0.004512880373864789 0 3 1 0 0 0 3 2 1 3 0 0 0 2 3 0
-0.004512880373864789 0 3 1 0 0 0 3 2 2 3 0 0 0 1 3 0
-0.001035753842314572 0 3 1 0 0 0 0 2 1 3 0 0 0 0 2 0
0.001035753842314572 0 3 1 0 0 0 0 2 2 3 0 0 0 0 1 0
-0.0021672526619284332 0 3 2 3 1 0 0 0 1 3 2 3 0 0 0 0
0.0021672526619284332 0 3 2 3 1 0 0 0 2 3 1 3 0 0 0 0
-0.019309695430169707 0 3 2 3 3 2 0 0 1 1 3 3 3 0 0 0
-0.019309695430169707 0 3 2 3 3 2 0 0 2 2 3 3 3 0 0 0
0.004431779612760825 0 3 2 3 3 3 2 0 1 1 3 3 3 3 0 0
0.004431779612760825 0 3 2 3 3 3 2 0 2 2 3 3 3 3 0 0
0.010847676381372006 0 3 2 0 0 2 3 3 1 3 0 0 0 3 3 1
0.010847676381372006 0 3 2 0 0 2 3 3 2 3 0 0 0 3 3 2
-0.0024896566186994027 0 3 2 0 0 0 2 3 1 3 0 0 0 0 3 1
-0.0024896566186994027 0 3 2 0 0 0 2 3 2 3 0 0 0 0 3 2
-0.004512880373864789 0 3 2 0 0 0 3 1 1 3 0 0 0 2 3 0
0.004512880373864789 0 3 2 0 0 0 3 1 2 3 0 0 0 1 3 0
0.001035753842314572 0 3 2 0 0 0 0 1 1 3 0 0 0 0 2 0
-0.001035753842314572 0 3 2 0 0 0 0 1 2 3 0 0 0 0 1 0
0.0761744360193965 0 3 3 0 0 0 0 0 0 0 0 0 0 0 0 0
0.0021672526619284354 0 3 3 1 2 0 0 0 1 3 3 2 0 0 0 0
-0.0021672526619284354 0 3 3 1 2 0 0 0 2 3 3 1 0 0 0 0
-0.002489656618699398 0 3 3 1 0 1 3 3 1 3 3 0 0 3 3 1
-0.002489656618699398 0 3 3 1 0 1 3 3 2 3 3 0 0 3 3 2
-0.010847676381372018 0 3 3 1 0 0 1 3 1 3 3 0 0 0 3 1
-0.010847676381372018 0 3 3 1 0 0 1 3 2 3 3 0 0 0 3 2
-0.0010357538423145718 0 3 3 1 0 0 3 2 1 3 3 0 0 2 3 0
0.0010357538423145718 0 3 3 1 0 0 3 2 2 3 3 0 0 1 3 0
-0.004512880373864791 0 3 3 1 0 0 0 2 1 3 3 0 0 0 2 0
0.004512880373864791 0 3 3 1 0 0 0 2 2 3 3 0 0 0 1 0
-0.0021672526619284354 0 3 3 2 1 0 0 0 1 3 3 2 0 0 0 0
0.0021672526619284354 0 3 3 2 1 0 0 0 2 3 3 1 0 0 0 0
-0.002489656618699398 0 3 3 2 0 2 3 3 1 3 3 0 0 3 3 1
-0.002489656618699398 0 3 3 2 0 2 3 3 2 3 3 0 0 3 3 2
-0.010847676381372018 0 3 3 2 0 0 2 3 1 3 3 0 0 0 3 1
-0.010847676381372018 0 3 3 2 0 0 2 3 2 3 3 0 0 0 3 2
0.0010357538423145718 0 3 3 2 0 0 3 1 1 3 3 0 0 2 3 0
-0.0010357538423145718 0 3 3 2 0 0 3 1 2 3 3 0 0 1 3 0
0.004512880373864791 0 3 3 2 0 0 0 1 1 3 3 0 0 0 2 0
-0.004512880373864791 0 3 3 2 0 0 0 1 2 3 3 0 0 0 1 0
0.004765703407626133 0 3 3 3 1 1 0 0 1 3 3 3 0 1 0 0
0.004765703407626133 0 3 3 3 1 1 0 0 2 3 3 3 0 2 0 0
0.004765703407626132 0 3 3 3 1 0 1 0 1 3 3 3 0 0 1 0
0.004765703407626132 0 3 3 3 1 0 1 0 2 3 3 3 0 0 2 0
-0.0044645049950902144 0 3 3 3 1 0 0 1 1 3 3 3 0 0 0 1
-0.0044645049950902144 0 3 3 3 1 0 0 1 2 3 3 3 0 0 0 2
0.004765703407626133 0 3 3 3 2 2 0 0 1 3 3 3 0 1 0 0
0.004765703407626133 0 3 3 3 2 2 0 0 2 3 3 3 0 2 0 0
0.004765703407626132 0 3 3 3 2 0 2 0 1 3 3 3 0 0 1 0
0.004765703407626132 0 3 3 3 2 0 2 0 2 3 3 3 0 0 2 0
-0.0044645049950902144 0 3 3 3 2 0 0 2 1 3 3 3 0 0 0 1
-0.0044645049950902144 0 3 3 3 2 0 0 2 2 3 3 3 0 0 0 2
0.000614076288482632 0 3 3 3 3 3 3 3 0 1 3 3 3 3 3 1
0.000614076288482632 0 3 3 3 3 3 3 3 0 2 3 3 3 3 3 2
-0.0038593948616089334 0 3 3 3 3 3 0 0 1 3 3 3 1 0 0 0
-0.0038593948616089334 0 3 3 3 3 3 0 0 2 3 3 3 2 0 0 0
-0.00385939486160894 0 3 3 3 3 0 3 0 1 3 3 3 1 0 0 0
-0.00385939486160894 0 3 3 3 3 0 3 0 2 3 3 3 2 0 0 0
-0.00930488112899966 0 3 3 3 3 0 0 3 1 3 3 3 1 0 0 0
-0.00930488112899966 0 3 3 3 3 0 0 3 2 3 3 3 2 0 0 0
-0.08599726708207285 0 3 3 3 3 0 0 0 1 3 3 3 1 0 0 0
-0.008625098269235066 0 3 3 3 3 0 0 0 1 3 3 3 1 3 0 0
-0.008625098269235073 0 3 3 3 3 0 0 0 1 3 3 3 1 0 3 0
-0.0048403761339094456 0 3 3 3 3 0 0 0 1 3 3 3 1 0 0 3
-0.01009205221695766 0 3 3 3 3 0 0 0 1 3 3 0 1 0 0 0
-0.010092052216957642 0 3 3 3 3 0 0 0 1 3 0 3 1 0 0 0
-0.01677809208439601 0 3 3 3 3 0 0 0 1 0 3 3 1 0 0 0
-0.08599726708207285 0 3 3 3 3 0 0 0 2 3 3 3 2 0 0 0
-0.008625098269235066 0 3 3 3 3 0 0 0 2 3 3 3 2 3 0 0
-0.008625098269235073 0 3 3 3 3 0 0 0 2 3 3 3 2 0 3 0
-0.0048403761339094456 0 3 3 3 3 0 0 0 2 3 3 3 2 0 0 3
-0.01009205221695766 0 3 3 3 3 0 0 0 2 3 3 0 2 0 0 0
-0.010092052216957642 0 3 3 3 3 0 0 0 2 3 0 3 2 0 0 0
-0.01677809208439601 0 3 3 3 3 0 0 0 2 0 3 3 2 0 0 0
0.0019565136125017295 0 3 3 3 0 1 3 1 1 3 3 1 0 3 3 0
0.0019565136125017295 0 3 3 3 0 1 3 1 2 3 3 2 0 3 3 0
0.0019565136125017295 0 3 3 3 0 2 3 2 1 3 3 1 0 3 3 0
0.0019565136125017295 0 3 3 3 0 2 3 2 2 3 3 2 0 3 3 0
0.008524720374994969 0 3 3 3 0 0 1 1 1 3 3 1 0 0 3 0
0.008524720374994969 0 3 3 3 0 0 1 1 2 3 3 2 0 0 3 0
0.008524720374994969 0 3 3 3 0 0 2 2 1 3 3 1 0 0 3 0
0.008524720374994969 0 3 3 3 0 0 2 2 2 3 3 2 0 0 3 0
-0.0005331430061976687 0 3 3 3 0 0 3 3 1 3 3 1 0 1 3 1
0.0009207597701871577 0 3 3 3 0 0 3 3 1 3 3 1 0 2 3 2
-0.0014539027763848264 0 3 3 3 0 0 3 3 1 3 3 2 0 2 3 1
-0.0014539027763848264 0 3 3 3 0 0 3 3 2 3 3 1 0 1 3 2
0.0009207597701871577 0 3 3 3 0 0 3 3 2 3 3 2 0 1 3 1
-0.0005331430061976687 0 3 3 3 0 0 3 3 2 3 3 2 0 2 3 2
-0.0023229560063770483 0 3 3 3 0 0 0 3 1 3 3 1 0 0 1 1
0.004011840001130177 0 3 3 3 0 0 0 3 1 3 3 1 0 0 2 2
-0.006334796007507226 0 3 3 3 0 0 0 3 1 3 3 2 0 0 2 1
-0.006334796007507226 0 3 3 3 0 0 0 3 2 3 3 1 0 0 1 2
0.004011840001130177 0 3 3 3 0 0 0 3 2 3 3 2 0 0 1 1
-0.0023229560063770483 0 3 3 3 0 0 0 3 2 3 3 2 0 0 2 2
-0.001552328035836914 0 3 3 3 0 0 0 0 1 3 3 3 1 0 0 0
-0.001552328035836914 0 3 3 3 0 0 0 0 2 3 3 3 2 0 0 0
-0.007924799555029224 0 3 3 0 3 0 0 0 1 3 3 3 1 0 0 0
-0.007924799555029224 0 3 3 0 3 0 0 0 2 3 3 3 2 0 0 0
-0.008524720374994963 0 3 3 0 0 1 3 1 1 3 1 0 0 3 3 0
-0.008524720374994963 0 3 3 0 0 1 3 1 2 3 2 0 0 3 3 0
-0.008524720374994963 0 3 3 0 0 2 3 2 1 3 1 0 0 3 3 0
-0.008524720374994963 0 3 3 0 0 2 3 2 2 3 2 0 0 3 3 0
0.001956513612501728 0 3 3 0 0 0 1 1 1 3 1 0 0 0 3 0
0.001956513612501728 0 3 3 0 0 0 1 1 2 3 2 0 0 0 3 0
0.001956513612501728 0 3 3 0 0 0 2 2 1 3 1 0 0 0 3 0
0.001956513612501728 0 3 3 0 0 0 2 2 2 3 2 0 0 0 3 0
0.0023229560063770427 0 3 3 0 0 0 3 3 1 3 1 0 0 1 3 1
-0.004011840001130174 0 3 3 0 0 0 3 3 1 3 1 0 0 2 3 2
0.006334796007507216 0 3 3 0 0 0 3 3 1 3 2 0 0 2 3 1
0.006334796007507216 0 3 3 0 0 0 3 3 2 3 1 0 0 1 3 2
-0.004011840001130174 0 3 3 0 0 0 3 3 2 3 2 0 0 1 3 1
0.0023229560063770427 0 3 3 0 0 0 3 3 2 3 2 0 0 2 3 2
-0.0005331430061976749 0 3 3 0 0 0 0 3 1 3 1 0 0 0 1 1
0.0009207597701871559 0 3 3 0 0 0 0 3 1 3 1 0 0 0 2 2
-0.0014539027763848305 0 3 3 0 0 0 0 3 1 3 2 0 0 0 2 1
-0.0014539027763848305 0 3 3 0 0 0 0 3 2 3 1 0 0 0 1 2
0.0009207597701871559 0 3 3 0 0 0 0 3 2 3 2 0 0 0 1 1
-0.0005331430061976749 0 3 3 0 0 0 0 3 2 3 2 0 0 0 2 2
0.0044317796127608215 0 3 0 1 3 1 0 0 1 1 0 3 3 0 0 0
0.0044317796127608215 0 3 0 1 3 1 0 0 2 2 0 3 3 0 0 0
0.019309695430169714 0 3 0 1 3 3 1 0 1 1 0 3 3 3 0 0
0.019309695430169714 0 3 0 1 3 3 1 0 2 2 0 3 3 3 0 0
0.0044317796127608215 0 3 0 2 3 2 0 0 1 1 0 3 3 0 0 0
0.0044317796127608215 0 3 0 2 3 2 0 0 2 2 0 3 3 0 0 0
0.019309695430169714 0 3 0 2 3 3 2 0 1 1 0 3 3 3 0 0
0.019309695430169714 0 3 0 2 3 3 2 0 2 2 0 3 3 3 0 0
0.0761744360193966 0 3 0 3 0 0 0 0 0 0 0 0 0 0 0 0
0.002360430595300059 0 3 0 3 3 3 3 0 1 1 1 3 3 3 1 0
0.0010339421713318677 0 3 0 3 3 3 3 0 1 1 2 3 3 3 2 0
0.0013264884239681915 0 3 0 3 3 3 3 0 1 2 2 3 3 3 1 0
0.0013264884239681915 0 3 0 3 3 3 3 0 2 1 1 3 3 3 2 0
0.0010339421713318677 0 3 0 3 3 3 3 0 2 2 1 3 3 3 1 0
0.002360430595300059 0 3 0 3 3 3 3 0 2 2 2 3 3 3 2 0
-0.010284626010747007 0 3 0 3 3 3 0 0 1 1 1 3 3 1 0 0
-0.004504986746935545 0 3 0 3 3 3 0 0 1 1 2 3 3 2 0 0
-0.005779639263811462 0 3 0 3 3 3 0 0 1 2 2 3 3 1 0 0
-0.005779639263811462 0 3 0 3 3 3 0 0 2 1 1 3 3 2 0 0
-0.004504986746935545 0 3 0 3 3 3 0 0 2 2 1 3 3 1 0 0
-0.010284626010747007 0 3 0 3 3 3 0 0 2 2 2 3 3 2 0 0
-0.007924799555029208 0 3 0 3 3 0 0 0 1 3 3 3 1 0 0 0
-0.007924799555029208 0 3 0 3 3 0 0 0 2 3 3 3 2 0 0 0
0.013741830456273543 0 3 0 0 1 3 3 1 1 1 0 0 3 3 3 0
0.013741830456273543 0 3 0 0 1 3 3 1 2 2 0 0 3 3 3 0
0.013741830456273543 0 3 0 0 2 3 3 2 1 1 0 0 3 3 3 0
0.013741830456273543 0 3 0 0 2 3 3 2 2 2 0 0 3 3 3 0
0.0600783009402653 0 3 0 0 3 0 0 0 0 0 0 0 0 0 0 0
0.010284626010747012 0 3 0 0 3 3 3 0 1 1 0 1 3 3 1 0
0.004504986746935547 0 3 0 0 3 3 3 0 1 1 0 2 3 3 2 0
0.005779639263811465 0 3 0 0 3 3 3 0 1 2 0 2 3 3 1 0
0.005779639263811465 0 3 0 0 3 3 3 0 2 1 0 1 3 3 2 0
0.004504986746935547 0 3 0 0 3 3 3 0 2 2 0 1 3 3 1 0
0.010284626010747012 0 3 0 0 3 3 3 0 2 2 0 2 3 3 2 0
0.0023604305953000546 0 3 0 0 3 3 0 0 1 1 0 1 3 1 0 0
0.0010339421713318618 0 3 0 0 3 3 0 0 1 1 0 2 3 2 0 0
0.001326488423968193 0 3 0 0 3 3 0 0 1 2 0 2 3 1 0 0
0.001326488423968193 0 3 0 0 3 3 0 0 2 1 0 1 3 2 0 0
0.0010339421713318618 0 3 0 0 3 3 0 0 2 2 0 1 3 1 0 0
0.0023604305953000546 0 3 0 0 3 3 0 0 2 2 0 2 3 2 0 0
0.07149227044443214 0 3 0 0 0 3 0 0 0 0 0 0 0 0 0 0
0.015952185059599937 0 3 0 0 0 3 3 3 1 1 0 0 1 3 3 1
0.005058927938978059 0 3 0 0 0 3 3 3 1 1 0 0 2 3 3 2
0.010893257120621879 0 3 0 0 0 3 3 3 1 2 0 0 2 3 3 1
0.010893257120621879 0 3 0 0 0 3 3 3 2 1 0 0 1 3 3 2
0.005058927938978059 0 3 0 0 0 3 3 3 2 2 0 0 1 3 3 1
0.015952185059599937 0 3 0 0 0 3 3 3 2 2 0 0 2 3 3 2
0.07149227044443215 0 3 0 0 0 0 3 0 0 0 0 0 0 0 0 0
0.07819766789942306 0 3 0 0 0 0 0 3 0 0 0 0 0 0 0 0
0.08908634225663933 0 3 0 0 0 0 0 0 3 0 0 0 0 0 0 0
0.0892058110847891 0 3 0 0 0 0 0 0 0 3 0 0 0 0 0 0
0.08756696396825164 0 3 0 0 0 0 0 0 0 0 3 0 0 0 0 0
0.08756696396825174 0 3 0 0 0 0 0 0 0 0 0 3 0 0 0 0
0.09041208049664835 0 3 0 0 0 0 0 0 0 0 0 0 3 0 0 0
0.08870637061803867 0 3 0 0 0 0 0 0 0 0 0 0 0 3 0 0
0.08870637061803868 0 3 0 0 0 0 0 0 0 0 0 0 0 0 3 0
0.09115154690000479 0 3 0 0 0 0 0 0 0 0 0 0 0 0 0 3
-0.0016385742057894953 0 0 1 1 0 1 1 0 0 0 3 0 0 3 0 0
0.019467918755713996 0 0 1 1 0 2 2 0 0 0 3 0 0 3 0 0
-0.004319556528680305 0 0 1 1 0 3 0 0 0 0 3 0 0 0 0 0
0.0043195565286802615 0 0 1 1 0 0 3 0 0 0 3 0 0 0 0 0
-0.00386519382224534 0 0 1 1 0 0 3 0 0 0 3 0 0 1 1 0
-0.00386519382224534 0 0 1 1 0 0 3 0 0 0 3 0 0 2 2 0
0.001872858888642094 0 0 1 1 0 0 0 0 0 0 3 0 0 3 0 0
-0.001872858888642151 0 0 1 1 0 0 0 0 0 0 3 0 0 0 3 0
-0.021106492961503492 0 0 1 2 0 2 1 0 0 0 3 0 0 3 0 0
-0.0043966775924577225 0 0 1 2 0 0 0 0 0 0 1 2 0 0 0 0
0.0043966775924577225 0 0 1 2 0 0 0 0 0 0 2 1 0 0 0 0
-0.0009275529679394702 0 0 1 3 1 1 3 1 0 0 3 3 0 3 3 0
0.016708513024287476 0 0 1 3 1 2 3 2 0 0 3 3 0 3 3 0
0.00021288322997820605 0 0 1 3 1 0 1 1 0 0 3 3 0 0 3 0
-0.003834780701144139 0 0 1 3 1 0 2 2 0 0 3 3 0 0 3 0
-0.0014717582852749088 0 0 1 3 1 0 3 3 0 0 3 3 0 1 3 1
-0.0014717582852749088 0 0 1 3 1 0 3 3 0 0 3 3 0 2 3 2
0.000337784114057144 0 0 1 3 1 0 0 3 0 0 3 3 0 0 1 1
0.000337784114057144 0 0 1 3 1 0 0 3 0 0 3 3 0 0 2 2
-0.01763606599222694 0 0 1 3 2 2 3 1 0 0 3 3 0 3 3 0
0.004047663931122345 0 0 1 3 2 0 2 1 0 0 3 3 0 0 3 0
0.01818027130956238 0 0 1 3 3 2 3 3 0 0 3 3 1 3 3 2
-0.01818027130956238 0 0 1 3 3 2 3 3 0 0 3 3 2 3 3 1
-0.003610567403763035 0 0 1 3 3 3 3 2 0 1 2 3 3 3 3 0
0.003610567403763035 0 0 1 3 3 3 3 2 0 2 1 3 3 3 3 0
-0.004172564815201283 0 0 1 3 3 0 2 3 0 0 3 3 1 0 3 2
0.004172564815201283 0 0 1 3 3 0 2 3 0 0 3 3 2 0 3 1
0.0005442053173354382 0 0 1 3 3 0 3 1 0 0 3 3 1 1 3 0
0.0005442053173354382 0 0 1 3 3 0 3 1 0 0 3 3 2 2 3 0
-0.00012490088407893812 0 0 1 3 3 0 0 1 0 0 3 3 1 0 1 0
-0.00012490088407893812 0 0 1 3 3 0 0 1 0 0 3 3 2 0 2 0
0.023333112577959336 0 0 1 3 0 2 3 0 0 0 3 1 0 3 2 0
-0.023333112577959336 0 0 1 3 0 2 3 0 0 0 3 2 0 3 1 0
0.006192415417322399 0 0 1 3 0 2 0 0 0 0 3 1 0 2 0 0
-0.006192415417322399 0 0 1 3 0 2 0 0 0 0 3 2 0 1 0 0
0.0022266196164558443 0 0 1 3 0 0 1 0 0 0 3 1 0 1 0 0
0.0022266196164558443 0 0 1 3 0 0 1 0 0 0 3 2 0 2 0 0
-0.006192415417322413 0 0 1 3 0 0 2 0 0 0 3 1 0 0 2 0
0.006192415417322413 0 0 1 3 0 0 2 0 0 0 3 2 0 0 1 0
0.0014880646428378523 0 0 1 0 1 3 3 0 0 1 0 0 3 3 1 0
0.0014880646428378523 0 0 1 0 1 3 3 0 0 2 0 0 3 3 2 0
-0.006483642587024543 0 0 1 0 1 3 0 0 0 1 0 0 3 1 0 0
-0.006483642587024543 0 0 1 0 1 3 0 0 0 2 0 0 3 2 0 0
-0.005510102436779242 0 0 1 0 2 0 0 0 0 0 1 0 2 0 0 0
0.005510102436779242 0 0 1 0 2 0 0 0 0 0 2 0 1 0 0 0
0.006192415417322403 0 0 1 0 0 2 3 0 0 0 1 0 0 3 2 0
-0.006192415417322403 0 0 1 0 0 2 3 0 0 0 2 0 0 3 1 0
-0.02294377066663225 0 0 1 0 0 2 0 0 0 1 0 0 2 0 0 0
0.02294377066663225 0 0 1 0 0 2 0 0 0 2 0 0 1 0 0 0
-0.030628801656802533 0 0 1 0 0 2 0 0 0 0 1 0 0 2 0 0
0.030628801656802533 0 0 1 0 0 2 0 0 0 0 2 0 0 1 0 0
0.005265838368500201 0 0 1 0 0 3 2 0 0 1 0 0 2 3 0 0
-0.005265838368500201 0 0 1 0 0 3 2 0 0 2 0 0 1 3 0 0
0.006192415417322403 0 0 1 0 0 0 1 0 0 0 1 0 0 1 0 0
0.006192415417322403 0 0 1 0 0 0 1 0 0 0 2 0 0 2 0 0
-0.005069069462387361 0 0 1 0 0 0 2 0 0 0 1 0 0 0 2 0
0.005069069462387361 0 0 1 0 0 0 2 0 0 0 2 0 0 0 1 0
-0.005259455419937504 0 0 1 0 0 0 0 2 0 0 1 0 0 0 0 2
0.005259455419937504 0 0 1 0 0 0 0 2 0 0 2 0 0 0 0 1
-0.021106492961503492 0 0 2 1 0 1 2 0 0 0 3 0 0 3 0 0
0.0043966775924577225 0 0 2 1 0 0 0 0 0 0 1 2 0 0 0 0
-0.0043966775924577225 0 0 2 1 0 0 0 0 0 0 2 1 0 0 0 0
0.019467918755713996 0 0 2 2 0 1 1 0 0 0 3 0 0 3 0 0
-0.0016385742057894953 0 0 2 2 0 2 2 0 0 0 3 0 0 3 0 0
-0.004319556528680305 0 0 2 2 0 3 0 0 0 0 3 0 0 0 0 0
0.0043195565286802615 0 0 2 2 0 0 3 0 0 0 3 0 0 0 0 0
-0.00386519382224534 0 0 2 2 0 0 3 0 0 0 3 0 0 1 1 0
-0.00386519382224534 0 0 2 2 0 0 3 0 0 0 3 0 0 2 2 0
0.001872858888642094 0 0 2 2 0 0 0 0 0 0 3 0 0 3 0 0
-0.001872858888642151 0 0 2 2 0 0 0 0 0 0 3 0 0 0 3 0
-0.01763606599222694 0 0 2 3 1 1 3 2 0 0 3 3 0 3 3 0
0.004047663931122345 0 0 2 3 1 0 1 2 0 0 3 3 0 0 3 0
0.016708513024287476 0 0 2 3 2 1 3 1 0 0 3 3 0 3 3 0
-0.0009275529679394702 0 0 2 3 2 2 3 2 0 0 3 3 0 3 3 0
-0.003834780701144139 0 0 2 3 2 0 1 1 0 0 3 3 0 0 3 0
0.00021288322997820605 0 0 2 3 2 0 2 2 0 0 3 3 0 0 3 0
-0.0014717582852749088 0 0 2 3 2 0 3 3 0 0 3 3 0 1 3 1
-0.0014717582852749088 0 0 2 3 2 0 3 3 0 0 3 3 0 2 3 2
0.000337784114057144 0 0 2 3 2 0 0 3 0 0 3 3 0 0 1 1
0.000337784114057144 0 0 2 3 2 0 0 3 0 0 3 3 0 0 2 2
-0.01818027130956238 0 0 2 3 3 1 3 3 0 0 3 3 1 3 3 2
0.01818027130956238 0 0 2 3 3 1 3 3 0 0 3 3 2 3 3 1
0.003610567403763035 0 0 2 3 3 3 3 1 0 1 2 3 3 3 3 0
-0.003610567403763035 0 0 2 3 3 3 3 1 0 2 1 3 3 3 3 0
0.004172564815201283 0 0 2 3 3 0 1 3 0 0 3 3 1 0 3 2
-0.004172564815201283 0 0 2 3 3 0 1 3 0 0 3 3 2 0 3 1
0.0005442053173354382 0 0 2 3 3 0 3 2 0 0 3 3 1 1 3 0
0.0005442053173354382 0 0 2 3 3 0 3 2 0 0 3 3 2 2 3 0
-0.00012490088407893812 0 0 2 3 3 0 0 2 0 0 3 3 1 0 1 0
-0.00012490088407893812 0 0 2 3 3 0 0 2 0 0 3 3 2 0 2 0
-0.023333112577959336 0 0 2 3 0 1 3 0 0 0 3 1 0 3 2 0
0.023333112577959336 0 0 2 3 0 1 3 0 0 0 3 2 0 3 1 0
-0.006192415417322399 0 0 2 3 0 1 0 0 0 0 3 1 0 2 0 0
0.006192415417322399 0 0 2 3 0 1 0 0 0 0 3 2 0 1 0 0
0.006192415417322413 0 0 2 3 0 0 1 0 0 0 3 1 0 0 2 0
-0.006192415417322413 0 0 2 3 0 0 1 0 0 0 3 2 0 0 1 0
0.0022266196164558443 0 0 2 3 0 0 2 0 0 0 3 1 0 1 0 0
0.0022266196164558443 0 0 2 3 0 0 2 0 0 0 3 2 0 2 0 0
0.005510102436779242 0 0 2 0 1 0 0 0 0 0 1 0 2 0 0 0
-0.005510102436779242 0 0 2 0 1 0 0 0 0 0 2 0 1 0 0 0
0.0014880646428378523 0 0 2 0 2 3 3 0 0 1 0 0 3 3 1 0
0.0014880646428378523 0 0 2 0 2 3 3 0 0 2 0 0 3 3 2 0
-0.006483642587024543 0 0 2 0 2 3 0 0 0 1 0 0 3 1 0 0
-0.006483642587024543 0 0 2 0 2 3 0 0 0 2 0 0 3 2 0 0
-0.006192415417322403 0 0 2 0 0 1 3 0 0 0 1 0 0 3 2 0
0.006192415417322403 0 0 2 0 0 1 3 0 0 0 2 0 0 3 1 0
0.02294377066663225 0 0 2 0 0 1 0 0 0 1 0 0 2 0 0 0
-0.02294377066663225 0 0 2 0 0 1 0 0 0 2 0 0 1 0 0 0
0.030628801656802533 0 0 2 0 0 1 0 0 0 0 1 0 0 2 0 0
-0.030628801656802533 0 0 2 0 0 1 0 0 0 0 2 0 0 1 0 0
-0.005265838368500201 0 0 2 0 0 3 1 0 0 1 0 0 2 3 0 0
0.005265838368500201 0 0 2 0 0 3 1 0 0 2 0 0 1 3 0 0
0.005069069462387361 0 0 2 0 0 0 1 0 0 0 1 0 0 0 2 0
-0.005069069462387361 0 0 2 0 0 0 1 0 0 0 2 0 0 0 1 0
0.006192415417322403 0 0 2 0 0 0 2 0 0 0 1 0 0 1 0 0
0.006192415417322403 0 0 2 0 0 0 2 0 0 0 2 0 0 2 0 0
0.005259455419937504 0 0 2 0 0 0 0 1 0 0 1 0 0 0 0 2
-0.005259455419937504 0 0 2 0 0 0 0 1 0 0 2 0 0 0 0 1
1.1937305047388058 0 0 3 0 0 0 0 0 0 0 0 0 0 0 0 0
0.006483642587024545 0 0 3 1 1 3 3 0 0 1 3 0 3 3 1 0
0.006483642587024545 0 0 3 1 1 3 3 0 0 2 3 0 3 3 2 0
0.0014880646428378527 0 0 3 1 1 3 0 0 0 1 3 0 3 1 0 0
0.0014880646428378527 0 0 3 1 1 3 0 0 0 2 3 0 3 2 0 0
-0.0036105674037630407 0 0 3 1 3 3 3 2 0 1 3 2 3 3 3 0
0.0036105674037630407 0 0 3 1 3 3 3 2 0 2 3 1 3 3 3 0
0.0052658383685001975 0 0 3 1 0 2 0 0 0 1 3 0 2 0 0 0
-0.0052658383685001975 0 0 3 1 0 2 0 0 0 2 3 0 1 0 0 0
0.022943770666632262 0 0 3 1 0 3 2 0 0 1 3 0 2 3 0 0
-0.022943770666632262 0 0 3 1 0 3 2 0 0 2 3 0 1 3 0 0
0.006483642587024545 0 0 3 2 2 3 3 0 0 1 3 0 3 3 1 0
0.006483642587024545 0 0 3 2 2 3 3 0 0 2 3 0 3 3 2 0
0.0014880646428378527 0 0 3 2 2 3 0 0 0 1 3 0 3 1 0 0
0.0014880646428378527 0 0 3 2 2 3 0 0 0 2 3 0 3 2 0 0
0.0036105674037630407 0 0 3 2 3 3 3 1 0 1 3 2 3 3 3 0
-0.0036105674037630407 0 0 3 2 3 3 3 1 0 2 3 1 3 3 3 0
-0.0052658383685001975 0 0 3 2 0 1 0 0 0 1 3 0 2 0 0 0
0.0052658383685001975 0 0 3 2 0 1 0 0 0 2 3 0 1 0 0 0
-0.022943770666632262 0 0 3 2 0 3 1 0 0 1 3 0 2 3 0 0
0.022943770666632262 0 0 3 2 0 3 1 0 0 2 3 0 1 3 0 0
0.08501831011441996 0 0 3 3 0 0 0 0 0 0 0 0 0 0 0 0
-0.0016410404765399376 0 0 3 3 1 1 0 0 0 1 3 1 3 0 0 0
-0.0016410404765399376 0 0 3 3 1 1 0 0 0 2 3 2 3 0 0 0
-0.007150173194381027 0 0 3 3 1 3 1 0 0 1 3 1 3 3 0 0
-0.007150173194381027 0 0 3 3 1 3 1 0 0 2 3 2 3 3 0 0
0.024166098258372955 0 0 3 3 1 3 3 2 0 1 3 3 2 3 3 0
-0.024166098258372955 0 0 3 3 1 3 3 2 0 2 3 3 1 3 3 0
-0.0016410404765399376 0 0 3 3 2 2 0 0 0 1 3 1 3 0 0 0
-0.0016410404765399376 0 0 3 3 2 2 0 0 0 2 3 2 3 0 0 0
-0.007150173194381027 0 0 3 3 2 3 2 0 0 1 3 1 3 3 0 0
-0.007150173194381027 0 0 3 3 2 3 2 0 0 2 3 2 3 3 0 0
-0.024166098258372955 0 0 3 3 2 3 3 1 0 1 3 3 2 3 3 0
0.024166098258372955 0 0 3 3 2 3 3 1 0 2 3 3 1 3 3 0
-0.005257509135291551 0 0 3 3 3 1 3 2 0 1 3 3 3 2 3 0
0.005257509135291551 0 0 3 3 3 1 3 2 0 2 3 3 3 1 3 0
0.005257509135291551 0 0 3 3 3 2 3 1 0 1 3 3 3 2 3 0
-0.005257509135291551 0 0 3 3 3 2 3 1 0 2 3 3 3 1 3 0
-0.005257509135291548 0 0 3 3 3 3 1 2 0 1 3 3 3 3 2 0
0.005257509135291548 0 0 3 3 3 3 1 2 0 2 3 3 3 3 1 0
0.005257509135291548 0 0 3 3 3 3 2 1 0 1 3 3 3 3 2 0
-0.005257509135291548 0 0 3 3 3 3 2 1 0 2 3 3 3 3 1 0
-0.008259571097577613 0 0 3 3 3 3 3 3 3 1 3 3 3 3 3 1
-0.008259571097577613 0 0 3 3 3 3 3 3 3 2 3 3 3 3 3 2
-0.07456370155636072 0 0 3 3 3 3 3 3 0 1 3 3 3 3 3 1
-0.00056742701669454 0 0 3 3 3 3 3 3 0 1 3 3 3 3 0 1
-0.0005674270166945417 0 0 3 3 3 3 3 3 0 1 3 3 3 0 3 1
-0.018671454018481515 0 0 3 3 3 3 3 3 0 1 3 3 0 3 3 1
-0.005452061471389066 0 0 3 3 3 3 3 3 0 1 3 0 3 3 3 1
-0.0054520614713890695 0 0 3 3 3 3 3 3 0 1 0 3 3 3 3 1
-0.07456370155636072 0 0 3 3 3 3 3 3 0 2 3 3 3 3 3 2
-0.00056742701669454 0 0 3 3 3 3 3 3 0 2 3 3 3 3 0 2
-0.0005674270166945417 0 0 3 3 3 3 3 3 0 2 3 3 3 0 3 2
-0.018671454018481515 0 0 3 3 3 3 3 3 0 2 3 3 0 3 3 2
-0.005452061471389066 0 0 3 3 3 3 3 3 0 2 3 0 3 3 3 2
-0.0054520614713890695 0 0 3 3 3 3 3 3 0 2 0 3 3 3 3 2
-0.00501080990175572 0 0 3 3 3 3 3 0 0 1 3 3 3 3 3 1
-0.00501080990175572 0 0 3 3 3 3 3 0 0 2 3 3 3 3 3 2
-0.005824936151986088 0 0 3 3 3 3 0 3 0 1 3 3 3 3 3 1
-0.005824936151986088 0 0 3 3 3 3 0 3 0 2 3 3 3 3 3 2
-0.005824936151986093 0 0 3 3 3 0 3 3 0 1 3 3 3 3 3 1
-0.005824936151986093 0 0 3 3 3 0 3 3 0 2 3 3 3 3 3 2
-0.000585145941936308 0 0 3 3 3 0 0 0 1 3 3 3 1 0 0 0
-0.000585145941936308 0 0 3 3 3 0 0 0 2 3 3 3 2 0 0 0
0.005494644239891443 0 0 3 3 0 3 3 3 0 1 3 3 3 3 3 1
0.005494644239891443 0 0 3 3 0 3 3 3 0 2 3 3 3 3 3 2
-0.0006665306073564805 0 0 3 3 0 3 3 0 0 1 3 1 1 3 1 0
0.015793597472251238 0 0 3 3 0 3 3 0 0 1 3 1 2 3 2 0
-0.016460128079607717 0 0 3 3 0 3 3 0 0 1 3 2 2 3 1 0
-0.016460128079607717 0 0 3 3 0 3 3 0 0 2 3 1 1 3 2 0
0.015793597472251238 0 0 3 3 0 3 3 0 0 2 3 2 1 3 1 0
-0.0006665306073564805 0 0 3 3 0 3 3 0 0 2 3 2 2 3 2 0
-0.00015297583370208444 0 0 3 3 0 3 0 0 0 1 3 1 1 1 0 0
0.0036247978919602603 0 0 3 3 0 3 0 0 0 1 3 1 2 2 0 0
-0.0037777737256623448 0 0 3 3 0 3 0 0 0 1 3 2 2 1 0 0
-0.0037777737256623448 0 0 3 3 0 3 0 0 0 2 3 1 1 2 0 0
0.0036247978919602603 0 0 3 3 0 3 0 0 0 2 3 2 1 1 0 0
-0.00015297583370208444 0 0 3 3 0 3 0 0 0 2 3 2 2 2 0 0
0.007150173194381022 0 0 3 0 1 1 0 0 0 1 1 0 3 0 0 0
0.007150173194381022 0 0 3 0 1 1 0 0 0 2 2 0 3 0 0 0
-0.0016410404765399363 0 0 3 0 1 3 1 0 0 1 1 0 3 3 0 0
-0.0016410404765399363 0 0 3 0 1 3 1 0 0 2 2 0 3 3 0 0
0.007150173194381022 0 0 3 0 2 2 0 0 0 1 1 0 3 0 0 0
0.007150173194381022 0 0 3 0 2 2 0 0 0 2 2 0 3 0 0 0
-0.0016410404765399363 0 0 3 0 2 3 2 0 0 1 1 0 3 3 0 0
-0.0016410404765399363 0 0 3 0 2 3 2 0 0 2 2 0 3 3 0 0
0.08017372933176113 0 0 3 0 3 0 0 0 0 0 0 0 0 0 0 0
-0.009062628875152107 0 0 3 0 3 3 3 3 0 1 3 3 3 3 3 1
-0.009062628875152107 0 0 3 0 3 3 3 3 0 2 3 3 3 3 3 2
-0.004319556528680282 0 0 3 0 0 1 1 0 0 0 0 0 0 3 0 0
-0.004319556528680282 0 0 3 0 0 2 2 0 0 0 0 0 0 3 0 0
0.06500855267712483 0 0 3 0 0 3 0 0 0 0 0 0 0 0 0 0
-0.0001529758337020841 0 0 3 0 0 3 3 0 0 1 1 0 1 3 1 0
0.0036247978919602655 0 0 3 0 0 3 3 0 0 1 1 0 2 3 2 0
-0.003777773725662349 0 0 3 0 0 3 3 0 0 1 2 0 2 3 1 0
-0.003777773725662349 0 0 3 0 0 3 3 0 0 2 1 0 1 3 2 0
0.0036247978919602655 0 0 3 0 0 3 3 0 0 2 2 0 1 3 1 0
-0.0001529758337020841 0 0 3 0 0 3 3 0 0 2 2 0 2 3 2 0
0.0006665306073564796 0 0 3 0 0 3 0 0 0 1 1 0 1 1 0 0
-0.015793597472251224 0 0 3 0 0 3 0 0 0 1 1 0 2 2 0 0
0.016460128079607703 0 0 3 0 0 3 0 0 0 1 2 0 2 1 0 0
0.016460128079607703 0 0 3 0 0 3 0 0 0 2 1 0 1 2 0 0
-0.015793597472251224 0 0 3 0 0 3 0 0 0 2 2 0 1 1 0 0
0.0006665306073564796 0 0 3 0 0 3 0 0 0 2 2 0 2 2 0 0
0.08283789722704928 0 0 3 0 0 0 3 0 0 0 0 0 0 0 0 0
0.0018728588886421196 0 0 3 0 0 0 3 0 0 0 0 0 0 1 1 0
0.0018728588886421196 0 0 3 0 0 0 3 0 0 0 0 0 0 2 2 0
0.0889883644954175 0 0 3 0 0 0 0 3 0 0 0 0 0 0 0 0
0.10216954643292382 0 0 3 0 0 0 0 0 3 0 0 0 0 0 0 0
0.08756696396825164 0 0 3 0 0 0 0 0 0 3 0 0 0 0 0 0
0.098208342891793 0 0 3 0 0 0 0 0 0 0 3 0 0 0 0 0
0.08941498770687768 0 0 3 0 0 0 0 0 0 0 0 3 0 0 0 0
0.08568383176854037 0 0 3 0 0 0 0 0 0 0 0 0 3 0 0 0
0.09563735433392735 0 0 3 0 0 0 0 0 0 0 0 0 0 3 0 0
0.08790696668943665 0 0 3 0 0 0 0 0 0 0 0 0 0 0 3 0
0.094247819915355 0 0 3 0 0 0 0 0 0 0 0 0 0 0 0 3
0.00021288322997820591 0 0 0 1 1 1 3 1 0 0 0 3 0 3 3 0
-0.003834780701144136 0 0 0 1 1 2 3 2 0 0 0 3 0 3 3 0
0.0009275529679394715 0 0 0 1 1 0 1 1 0 0 0 3 0 0 3 0
-0.016708513024287483 0 0 0 1 1 0 2 2 0 0 0 3 0 0 3 0
0.00033778411405714463 0 0 0 1 1 0 3 3 0 0 0 3 0 1 3 1
0.00033778411405714463 0 0 0 1 1 0 3 3 0 0 0 3 0 2 3 2
0.00147175828527491 0 0 0 1 1 0 0 3 0 0 0 3 0 0 1 1
0.00147175828527491 0 0 0 1 1 0 0 3 0 0 0 3 0 0 2 2
0.004047663931122342 0 0 0 1 2 2 3 1 0 0 0 3 0 3 3 0
0.01763606599222695 0 0 0 1 2 0 2 1 0 0 0 3 0 0 3 0
-0.005510102436779249 0 0 0 1 2 0 0 0 0 0 0 1 2 0 0 0
0.005510102436779249 0 0 0 1 2 0 0 0 0 0 0 2 1 0 0 0
-0.004172564815201282 0 0 0 1 3 2 3 3 0 0 0 3 1 3 3 2
0.004172564815201282 0 0 0 1 3 2 3 3 0 0 0 3 2 3 3 1
-0.018180271309562387 0 0 0 1 3 0 2 3 0 0 0 3 1 0 3 2
0.018180271309562387 0 0 0 1 3 0 2 3 0 0 0 3 2 0 3 1
-0.00012490088407893866 0 0 0 1 3 0 3 1 0 0 0 3 1 1 3 0
-0.00012490088407893866 0 0 0 1 3 0 3 1 0 0 0 3 2 2 3 0
-0.0005442053173354386 0 0 0 1 3 0 0 1 0 0 0 3 1 0 1 0
-0.0005442053173354386 0 0 0 1 3 0 0 1 0 0 0 3 2 0 2 0
0.0022266196164558443 0 0 0 1 0 1 3 0 0 0 1 0 0 3 1 0
0.0022266196164558443 0 0 0 1 0 1 3 0 0 0 2 0 0 3 2 0
0.006192415417322399 0 0 0 1 0 1 0 0 0 0 1 0 0 1 0 0
0.006192415417322399 0 0 0 1 0 1 0 0 0 0 2 0 0 2 0 0
-0.006192415417322404 0 0 0 1 0 2 3 0 0 0 0 1 0 3 2 0
0.006192415417322404 0 0 0 1 0 2 3 0 0 0 0 2 0 3 1 0
-0.005069069462387367 0 0 0 1 0 2 0 0 0 0 0 1 0 2 0 0
0.005069069462387367 0 0 0 1 0 2 0 0 0 0 0 2 0 1 0 0
-0.0061924154173224125 0 0 0 1 0 0 1 0 0 0 1 0 0 0 1 0
-0.0061924154173224125 0 0 0 1 0 0 1 0 0 0 2 0 0 0 2 0
-0.006192415417322404 0 0 0 1 0 0 1 0 0 0 0 1 0 1 0 0
-0.006192415417322404 0 0 0 1 0 0 1 0 0 0 0 2 0 2 0 0
0.023333112577959336 0 0 0 1 0 0 2 0 0 0 1 0 0 2 0 0
-0.023333112577959336 0 0 0 1 0 0 2 0 0 0 2 0 0 1 0 0
-0.030628801656802547 0 0 0 1 0 0 2 0 0 0 0 1 0 0 2 0
0.030628801656802547 0 0 0 1 0 0 2 0 0 0 0 2 0 0 1 0
-0.005259455419937513 0 0 0 1 0 0 0 2 0 0 0 1 0 0 0 2
0.005259455419937513 0 0 0 1 0 0 0 2 0 0 0 2 0 0 0 1
0.004047663931122342 0 0 0 2 1 1 3 2 0 0 0 3 0 3 3 0
0.01763606599222695 0 0 0 2 1 0 1 2 0 0 0 3 0 0 3 0
0.005510102436779249 0 0 0 2 1 0 0 0 0 0 0 1 2 0 0 0
-0.005510102436779249 0 0 0 2 1 0 0 0 0 0 0 2 1 0 0 0
-0.003834780701144136 0 0 0 2 2 1 3 1 0 0 0 3 0 3 3 0
0.00021288322997820591 0 0 0 2 2 2 3 2 0 0 0 3 0 3 3 0
-0.016708513024287483 0 0 0 2 2 0 1 1 0 0 0 3 0 0 3 0
0.0009275529679394715 0 0 0 2 2 0 2 2 0 0 0 3 0 0 3 0
0.00033778411405714463 0 0 0 2 2 0 3 3 0 0 0 3 0 1 3 1
0.00033778411405714463 0 0 0 2 2 0 3 3 0 0 0 3 0 2 3 2
0.00147175828527491 0 0 0 2 2 0 0 3 0 0 0 3 0 0 1 1
0.00147175828527491 0 0 0 2 2 0 0 3 0 0 0 3 0 0 2 2
0.004172564815201282 0 0 0 2 3 1 3 3 0 0 0 3 1 3 3 2
-0.004172564815201282 0 0 0 2 3 1 3 3 0 0 0 3 2 3 3 1
0.018180271309562387 0 0 0 2 3 0 1 3 0 0 0 3 1 0 3 2
-0.018180271309562387 0 0 0 2 3 0 1 3 0 0 0 3 2 0 3 1
-0.00012490088407893866 0 0 0 2 3 0 3 2 0 0 0 3 1 1 3 0
-0.00012490088407893866 0 0 0 2 3 0 3 2 0 0 0 3 2 2 3 0
-0.0005442053173354386 0 0 0 2 3 0 0 2 0 0 0 3 1 0 1 0
-0.0005442053173354386 0 0 0 2 3 0 0 2 0 0 0 3 2 0 2 0
0.006192415417322404 0 0 0 2 0 1 3 0 0 0 0 1 0 3 2 0
-0.006192415417322404 0 0 0 2 0 1 3 0 0 0 0 2 0 3 1 0
0.005069069462387367 0 0 0 2 0 1 0 0 0 0 0 1 0 2 0 0
-0.005069069462387367 0 0 0 2 0 1 0 0 0 0 0 2 0 1 0 0
0.0022266196164558443 0 0 0 2 0 2 3 0 0 0 1 0 0 3 1 0
0.0022266196164558443 0 0 0 2 0 2 3 0 0 0 2 0 0 3 2 0
0.006192415417322399 0 0 0 2 0 2 0 0 0 0 1 0 0 1 0 0
0.006192415417322399 0 0 0 2 0 2 0 0 0 0 2 0 0 2 0 0
-0.023333112577959336 0 0 0 2 0 0 1 0 0 0 1 0 0 2 0 0
0.023333112577959336 0 0 0 2 0 0 1 0 0 0 2 0 0 1 0 0
0.030628801656802547 0 0 0 2 0 0 1 0 0 0 0 1 0 0 2 0
-0.030628801656802547 0 0 0 2 0 0 1 0 0 0 0 2 0 0 1 0
-0.0061924154173224125 0 0 0 2 0 0 2 0 0 0 1 0 0 0 1 0
-0.0061924154173224125 0 0 0 2 0 0 2 0 0 0 2 0 0 0 2 0
-0.006192415417322404 0 0 0 2 0 0 2 0 0 0 0 1 0 1 0 0
-0.006192415417322404 0 0 0 2 0 0 2 0 0 0 0 2 0 2 0 0
0.005259455419937513 0 0 0 2 0 0 0 1 0 0 0 1 0 0 0 2
-0.005259455419937513 0 0 0 2 0 0 0 1 0 0 0 2 0 0 0 1
1.193730504738809 0 0 0 3 0 0 0 0 0 0 0 0 0 0 0 0
0.0005442053173354382 0 0 0 3 1 1 3 3 0 0 1 3 0 3 3 1
0.0005442053173354382 0 0 0 3 1 1 3 3 0 0 2 3 0 3 3 2
-0.00012490088407893812 0 0 0 3 1 0 1 3 0 0 1 3 0 0 3 1
-0.00012490088407893812 0 0 0 3 1 0 1 3 0 0 2 3 0 0 3 2
0.01818027130956238 0 0 0 3 1 0 3 2 0 0 1 3 0 2 3 0
-0.01818027130956238 0 0 0 3 1 0 3 2 0 0 2 3 0 1 3 0
-0.004172564815201283 0 0 0 3 1 0 0 2 0 0 1 3 0 0 2 0
0.004172564815201283 0 0 0 3 1 0 0 2 0 0 2 3 0 0 1 0
0.0005442053173354382 0 0 0 3 2 2 3 3 0 0 1 3 0 3 3 1
0.0005442053173354382 0 0 0 3 2 2 3 3 0 0 2 3 0 3 3 2
-0.00012490088407893812 0 0 0 3 2 0 2 3 0 0 1 3 0 0 3 1
-0.00012490088407893812 0 0 0 3 2 0 2 3 0 0 2 3 0 0 3 2
-0.01818027130956238 0 0 0 3 2 0 3 1 0 0 1 3 0 2 3 0
0.01818027130956238 0 0 0 3 2 0 3 1 0 0 2 3 0 1 3 0
0.004172564815201283 0 0 0 3 2 0 0 1 0 0 1 3 0 0 2 0
-0.004172564815201283 0 0 0 3 2 0 0 1 0 0 2 3 0 0 1 0
0.08017372933176123 0 0 0 3 3 0 0 0 0 0 0 0 0 0 0 0
-0.0014717582852749088 0 0 0 3 3 1 3 1 0 0 1 3 1 3 3 0
-0.0014717582852749088 0 0 0 3 3 1 3 1 0 0 2 3 2 3 3 0
-0.0014717582852749088 0 0 0 3 3 2 3 2 0 0 1 3 1 3 3 0
-0.0014717582852749088 0 0 0 3 3 2 3 2 0 0 2 3 2 3 3 0
-0.009062628875152103 0 0 0 3 3 3 3 3 0 1 3 3 3 3 3 1
-0.009062628875152103 0 0 0 3 3 3 3 3 0 2 3 3 3 3 3 2
0.000337784114057144 0 0 0 3 3 0 1 1 0 0 1 3 1 0 3 0
0.000337784114057144 0 0 0 3 3 0 1 1 0 0 2 3 2 0 3 0
0.000337784114057144 0 0 0 3 3 0 2 2 0 0 1 3 1 0 3 0
0.000337784114057144 0 0 0 3 3 0 2 2 0 0 2 3 2 0 3 0
-0.0009275529679394702 0 0 0 3 3 0 3 3 0 0 1 3 1 1 3 1
0.016708513024287476 0 0 0 3 3 0 3 3 0 0 1 3 1 2 3 2
-0.01763606599222694 0 0 0 3 3 0 3 3 0 0 1 3 2 2 3 1
-0.01763606599222694 0 0 0 3 3 0 3 3 0 0 2 3 1 1 3 2
0.016708513024287476 0 0 0 3 3 0 3 3 0 0 2 3 2 1 3 1
-0.0009275529679394702 0 0 0 3 3 0 3 3 0 0 2 3 2 2 3 2
0.00021288322997820605 0 0 0 3 3 0 0 3 0 0 1 3 1 0 1 1
-0.003834780701144139 0 0 0 3 3 0 0 3 0 0 1 3 1 0 2 2
0.004047663931122345 0 0 0 3 3 0 0 3 0 0 1 3 2 0 2 1
0.004047663931122345 0 0 0 3 3 0 0 3 0 0 2 3 1 0 1 2
-0.003834780701144139 0 0 0 3 3 0 0 3 0 0 2 3 2 0 1 1
0.00021288322997820605 0 0 0 3 3 0 0 3 0 0 2 3 2 0 2 2
-0.00386519382224534 0 0 0 3 0 1 1 0 0 0 1 1 0 3 0 0
-0.00386519382224534 0 0 0 3 0 1 1 0 0 0 2 2 0 3 0 0
0.0043195565286802875 0 0 0 3 0 1 1 0 0 0 0 0 0 3 0 0
-0.00386519382224534 0 0 0 3 0 2 2 0 0 0 1 1 0 3 0 0
-0.00386519382224534 0 0 0 3 0 2 2 0 0 0 2 2 0 3 0 0
0.0043195565286802875 0 0 0 3 0 2 2 0 0 0 0 0 0 3 0 0
0.08283789722704941 0 0 0 3 0 3 0 0 0 0 0 0 0 0 0 0
0.001872858888642094 0 0 0 3 0 3 0 0 0 0 1 1 0 0 0 0
0.001872858888642094 0 0 0 3 0 3 0 0 0 0 2 2 0 0 0 0
0.06500855267712488 0 0 0 3 0 0 3 0 0 0 0 0 0 0 0 0
-0.001872858888642151 0 0 0 3 0 0 3 0 0 0 1 1 0 0 0 0
-0.0016385742057894953 0 0 0 3 0 0 3 0 0 0 1 1 0 1 1 0
0.019467918755713996 0 0 0 3 0 0 3 0 0 0 1 1 0 2 2 0
-0.021106492961503492 0 0 0 3 0 0 3 0 0 0 1 2 0 2 1 0
-0.021106492961503492 0 0 0 3 0 0 3 0 0 0 2 1 0 1 2 0
-0.001872858888642151 0 0 0 3 0 0 3 0 0 0 2 2 0 0 0 0
0.019467918755713996 0 0 0 3 0 0 3 0 0 0 2 2 0 1 1 0
-0.0016385742057894953 0 0 0 3 0 0 3 0 0 0 2 2 0 2 2 0
-0.0018728588886421159 0 0 0 3 0 0 3 0 0 0 0 0 0 1 1 0
-0.0018728588886421159 0 0 0 3 0 0 3 0 0 0 0 0 0 2 2 0
0.08898836449541757 0 0 0 3 0 0 0 3 0 0 0 0 0 0 0 0
0.10216954643292395 0 0 0 3 0 0 0 0 3 0 0 0 0 0 0 0
0.08756696396825174 0 0 0 3 0 0 0 0 0 3 0 0 0 0 0 0
-0.004319556528680305 0 0 0 3 0 0 0 0 0 0 1 1 0 3 0 0
0.0043195565286802615 0 0 0 3 0 0 0 0 0 0 1 1 0 0 3 0
-0.004319556528680305 0 0 0 3 0 0 0 0 0 0 2 2 0 3 0 0
0.0043195565286802615 0 0 0 3 0 0 0 0 0 0 2 2 0 0 3 0
0.08941498770687768 0 0 0 3 0 0 0 0 0 0 3 0 0 0 0 0
0.09820834289179325 0 0 0 3 0 0 0 0 0 0 0 3 0 0 0 0
0.08568383176854047 0 0 0 3 0 0 0 0 0 0 0 0 3 0 0 0
0.08790696668943679 0 0 0 3 0 0 0 0 0 0 0 0 0 3 0 0
0.09563735433392744 0 0 0 3 0 0 0 0 0 0 0 0 0 0 3 0
0.0942478199153551 0 0 0 3 0 0 0 0 0 0 0 0 0 0 0 3
-0.00012490088407893866 0 0 0 0 1 1 3 3 0 0 0 1 0 3 3 1
-0.00012490088407893866 0 0 0 0 1 1 3 3 0 0 0 2 0 3 3 2
-0.006750980469816661 0 0 0 0 1 2 0 0 0 0 0 0 1 2 0 0
0.006750980469816661 0 0 0 0 1 2 0 0 0 0 0 0 2 1 0 0
-0.0005442053173354386 0 0 0 0 1 0 1 3 0 0 0 1 0 0 3 1
-0.0005442053173354386 0 0 0 0 1 0 1 3 0 0 0 2 0 0 3 2
-0.00675098046981666 0 0 0 0 1 0 2 0 0 0 0 0 1 0 2 0
0.00675098046981666 0 0 0 0 1 0 2 0 0 0 0 0 2 0 1 0
-0.004172564815201282 0 0 0 0 1 0 3 2 0 0 0 1 0 2 3 0
0.004172564815201282 0 0 0 0 1 0 3 2 0 0 0 2 0 1 3 0
-0.018180271309562387 0 0 0 0 1 0 0 2 0 0 0 1 0 0 2 0
0.018180271309562387 0 0 0 0 1 0 0 2 0 0 0 2 0 0 1 0
-0.022615308533887657 0 0 0 0 1 0 0 2 0 0 0 0 1 0 0 2
0.022615308533887657 0 0 0 0 1 0 0 2 0 0 0 0 2 0 0 1
0.006750980469816661 0 0 0 0 2 1 0 0 0 0 0 0 1 2 0 0
-0.006750980469816661 0 0 0 0 2 1 0 0 0 0 0 0 2 1 0 0
-0.00012490088407893866 0 0 0 0 2 2 3 3 0 0 0 1 0 3 3 1
-0.00012490088407893866 0 0 0 0 2 2 3 3 0 0 0 2 0 3 3 2
0.00675098046981666 0 0 0 0 2 0 1 0 0 0 0 0 1 0 2 0
-0.00675098046981666 0 0 0 0 2 0 1 0 0 0 0 0 2 0 1 0
-0.0005442053173354386 0 0 0 0 2 0 2 3 0 0 0 1 0 0 3 1
-0.0005442053173354386 0 0 0 0 2 0 2 3 0 0 0 2 0 0 3 2
0.004172564815201282 0 0 0 0 2 0 3 1 0 0 0 1 0 2 3 0
-0.004172564815201282 0 0 0 0 2 0 3 1 0 0 0 2 0 1 3 0
0.018180271309562387 0 0 0 0 2 0 0 1 0 0 0 1 0 0 2 0
-0.018180271309562387 0 0 0 0 2 0 0 1 0 0 0 2 0 0 1 0
0.022615308533887657 0 0 0 0 2 0 0 1 0 0 0 0 1 0 0 2
-0.022615308533887657 0 0 0 0 2 0 0 1 0 0 0 0 2 0 0 1
1.155034364480028 0 0 0 0 3 0 0 0 0 0 0 0 0 0 0 0
0.00033778411405714463 0 0 0 0 3 1 3 1 0 0 0 1 1 3 3 0
0.00033778411405714463 0 0 0 0 3 1 3 1 0 0 0 2 2 3 3 0
0.00033778411405714463 0 0 0 0 3 2 3 2 0 0 0 1 1 3 3 0
0.00033778411405714463 0 0 0 0 3 2 3 2 0 0 0 2 2 3 3 0
0.07985464675198556 0 0 0 0 3 3 0 0 0 0 0 0 0 0 0 0
0.00147175828527491 0 0 0 0 3 0 1 1 0 0 0 1 1 0 3 0
0.00147175828527491 0 0 0 0 3 0 1 1 0 0 0 2 2 0 3 0
0.00147175828527491 0 0 0 0 3 0 2 2 0 0 0 1 1 0 3 0
0.00147175828527491 0 0 0 0 3 0 2 2 0 0 0 2 2 0 3 0
0.07985464675198553 0 0 0 0 3 0 3 0 0 0 0 0 0 0 0 0
0.00021288322997820591 0 0 0 0 3 0 3 3 0 0 0 1 1 1 3 1
-0.003834780701144136 0 0 0 0 3 0 3 3 0 0 0 1 1 2 3 2
0.004047663931122342 0 0 0 0 3 0 3 3 0 0 0 1 2 2 3 1
0.004047663931122342 0 0 0 0 3 0 3 3 0 0 0 2 1 1 3 2
-0.003834780701144136 0 0 0 0 3 0 3 3 0 0 0 2 2 1 3 1
0.00021288322997820591 0 0 0 0 3 0 3 3 0 0 0 2 2 2 3 2
0.07182847945469942 0 0 0 0 3 0 0 3 0 0 0 0 0 0 0 0
0.0009275529679394715 0 0 0 0 3 0 0 3 0 0 0 1 1 0 1 1
-0.016708513024287483 0 0 0 0 3 0 0 3 0 0 0 1 1 0 2 2
0.01763606599222695 0 0 0 0 3 0 0 3 0 0 0 1 2 0 2 1
0.01763606599222695 0 0 0 0 3 0 0 3 0 0 0 2 1 0 1 2
-0.016708513024287483 0 0 0 0 3 0 0 3 0 0 0 2 2 0 1 1
0.0009275529679394715 0 0 0 0 3 0 0 3 0 0 0 2 2 0 2 2
0.08982257311105213 0 0 0 0 3 0 0 0 3 0 0 0 0 0 0 0
0.09041208049664835 0 0 0 0 3 0 0 0 0 3 0 0 0 0 0 0
0.08568383176854037 0 0 0 0 3 0 0 0 0 0 3 0 0 0 0 0
0.08568383176854047 0 0 0 0 3 0 0 0 0 0 0 3 0 0 0 0
0.09685986564323287 0 0 0 0 3 0 0 0 0 0 0 0 3 0 0 0
0.08660562722180222 0 0 0 0 3 0 0 0 0 0 0 0 0 3 0 0
0.08660562722180219 0 0 0 0 3 0 0 0 0 0 0 0 0 0 3 0
0.09444378798858707 0 0 0 0 3 0 0 0 0 0 0 0 0 0 0 3
0.0018728588886421196 0 0 0 0 0 1 1 0 0 0 3 0 0 3 0 0
-0.0018728588886421159 0 0 0 0 0 1 1 0 0 0 0 3 0 3 0 0
-0.004604221841365598 0 0 0 0 0 1 2 0 0 0 0 0 0 1 2 0
0.004604221841365598 0 0 0 0 0 1 2 0 0 0 0 0 0 2 1 0
-0.006674011504916233 0 0 0 0 0 1 0 2 0 0 0 0 0 1 0 2
0.006674011504916233 0 0 0 0 0 1 0 2 0 0 0 0 0 2 0 1
0.004604221841365598 0 0 0 0 0 2 1 0 0 0 0 0 0 1 2 0
-0.004604221841365598 0 0 0 0 0 2 1 0 0 0 0 0 0 2 1 0
0.0018728588886421196 0 0 0 0 0 2 2 0 0 0 3 0 0 3 0 0
-0.0018728588886421159 0 0 0 0 0 2 2 0 0 0 0 3 0 3 0 0
0.006674011504916233 0 0 0 0 0 2 0 1 0 0 0 0 0 1 0 2
-0.006674011504916233 0 0 0 0 0 2 0 1 0 0 0 0 0 2 0 1
1.0684514459755714 0 0 0 0 0 3 0 0 0 0 0 0 0 0 0 0
0.08250189657756948 0 0 0 0 0 3 3 0 0 0 0 0 0 0 0 0
0.08536881230331299 0 0 0 0 0 3 0 3 0 0 0 0 0 0 0 0
0.09580790792144597 0 0 0 0 0 3 0 0 3 0 0 0 0 0 0 0
0.08870637061803867 0 0 0 0 0 3 0 0 0 3 0 0 0 0 0 0
0.09563735433392735 0 0 0 0 0 3 0 0 0 0 3 0 0 0 0 0
0.08790696668943679 0 0 0 0 0 3 0 0 0 0 0 3 0 0 0 0
0.08660562722180222 0 0 0 0 0 3 0 0 0 0 0 0 3 0 0 0
0.09631456210166632 0 0 0 0 0 3 0 0 0 0 0 0 0 3 0 0
0.08710611841893509 0 0 0 0 0 3 0 0 0 0 0 0 0 0 3 0
0.09204282380822922 0 0 0 0 0 3 0 0 0 0 0 0 0 0 0 3
-0.0066740115049162265 0 0 0 0 0 0 1 2 0 0 0 0 0 0 1 2
0.0066740115049162265 0 0 0 0 0 0 1 2 0 0 0 0 0 0 2 1
0.0066740115049162265 0 0 0 0 0 0 2 1 0 0 0 0 0 0 1 2
-0.0066740115049162265 0 0 0 0 0 0 2 1 0 0 0 0 0 0 2 1
1.0684514459755714 0 0 0 0 0 0 3 0 0 0 0 0 0 0 0 0
0.08536881230331296 0 0 0 0 0 0 3 3 0 0 0 0 0 0 0 0
0.09580790792144595 0 0 0 0 0 0 3 0 3 0 0 0 0 0 0 0
0.08870637061803868 0 0 0 0 0 0 3 0 0 3 0 0 0 0 0 0
0.08790696668943665 0 0 0 0 0 0 3 0 0 0 3 0 0 0 0 0
-0.004319556528680282 0 0 0 0 0 0 3 0 0 0 3 0 0 1 1 0
-0.004319556528680282 0 0 0 0 0 0 3 0 0 0 3 0 0 2 2 0
0.09563735433392744 0 0 0 0 0 0 3 0 0 0 0 3 0 0 0 0
0.0043195565286802875 0 0 0 0 0 0 3 0 0 0 0 3 0 1 1 0
0.0043195565286802875 0 0 0 0 0 0 3 0 0 0 0 3 0 2 2 0
0.08660562722180219 0 0 0 0 0 0 3 0 0 0 0 0 3 0 0 0
0.08710611841893509 0 0 0 0 0 0 3 0 0 0 0 0 0 3 0 0
0.09631456210166629 0 0 0 0 0 0 3 0 0 0 0 0 0 0 3 0
0.0920428238082292 0 0 0 0 0 0 3 0 0 0 0 0 0 0 0 3
0.9664423928842806 0 0 0 0 0 0 0 3 0 0 0 0 0 0 0 0
0.1058335969275965 0 0 0 0 0 0 0 3 3 0 0 0 0 0 0 0
0.09115154690000479 0 0 0 0 0 0 0 3 0 3 0 0 0 0 0 0
0.094247819915355 0 0 0 0 0 0 0 3 0 0 3 0 0 0 0 0
0.0942478199153551 0 0 0 0 0 0 0 3 0 0 0 3 0 0 0 0
0.09444378798858707 0 0 0 0 0 0 0 3 0 0 0 0 3 0 0 0
0.09204282380822922 0 0 0 0 0 0 0 3 0 0 0 0 0 3 0 0
0.0920428238082292 0 0 0 0 0 0 0 3 0 0 0 0 0 0 3 0
0.10250015302620749 0 0 0 0 0 0 0 3 0 0 0 0 0 0 0 3
1.577146756745107 0 0 0 0 0 0 0 0 3 0 0 0 0 0 0 0
0.0750073555310553 0 0 0 0 0 0 0 0 3 3 0 0 0 0 0 0
0.08385239180681893 0 0 0 0 0 0 0 0 3 0 3 0 0 0 0 0
0.08385239180681904 0 0 0 0 0 0 0 0 3 0 0 3 0 0 0 0
0.07863516586267333 0 0 0 0 0 0 0 0 3 0 0 0 3 0 0 0
0.08756740476296042 0 0 0 0 0 0 0 0 3 0 0 0 0 3 0 0
0.08756740476296042 0 0 0 0 0 0 0 0 3 0 0 0 0 0 3 0
0.09456212307318972 0 0 0 0 0 0 0 0 3 0 0 0 0 0 0 3
1.2574953444807557 0 0 0 0 0 0 0 0 0 3 0 0 0 0 0 0
0.0761744360193965 0 0 0 0 0 0 0 0 0 3 3 0 0 0 0 0
0.0761744360193966 0 0 0 0 0 0 0 0 0 3 0 3 0 0 0 0
0.0600783009402653 0 0 0 0 0 0 0 0 0 3 0 0 3 0 0 0
0.07149227044443214 0 0 0 0 0 0 0 0 0 3 0 0 0 3 0 0
0.07149227044443215 0 0 0 0 0 0 0 0 0 3 0 0 0 0 3 0
0.07819766789942306 0 0 0 0 0 0 0 0 0 3 0 0 0 0 0 3
1.1937305047388058 0 0 0 0 0 0 0 0 0 0 3 0 0 0 0 0
0.08501831011441996 0 0 0 0 0 0 0 0 0 0 3 3 0 0 0 0
0.08017372933176113 0 0 0 0 0 0 0 0 0 0 3 0 3 0 0 0
0.06500855267712483 0 0 0 0 0 0 0 0 0 0 3 0 0 3 0 0
0.08283789722704928 0 0 0 0 0 0 0 0 0 0 3 0 0 0 3 0
0.0889883644954175 0 0 0 0 0 0 0 0 0 0 3 0 0 0 0 3
1.1937305047388092 0 0 0 0 0 0 0 0 0 0 0 3 0 0 0 0
0.08017372933176123 0 0 0 0 0 0 0 0 0 0 0 3 3 0 0 0
0.08283789722704941 0 0 0 0 0 0 0 0 0 0 0 3 0 3 0 0
0.06500855267712488 0 0 0 0 0 0 0 0 0 0 0 3 0 0 3 0
0.08898836449541757 0 0 0 0 0 0 0 0 0 0 0 3 0 0 0 3
1.1550343644800278 0 0 0 0 0 0 0 0 0 0 0 0 3 0 0 0
0.07985464675198556 0 0 0 0 0 0 0 0 0 0 0 0 3 3 0 0
0.07985464675198553 0 0 0 0 0 0 0 0 0 0 0 0 3 0 3 0
0.07182847945469942 0 0 0 0 0 0 0 0 0 0 0 0 3 0 0 3
1.0684514459755714 0 0 0 0 0 0 0 0 0 0 0 0 0 3 0 0
0.08250189657756948 0 0 0 0 0 0 0 0 0 0 0 0 0 3 3 0
0.08536881230331299 0 0 0 0 0 0 0 0 0 0 0 0 0 3 0 3
1.0684514459755714 0 0 0 0 0 0 0 0 0 0 0 0 0 0 3 0
0.08536881230331296 0 0 0 0 0 0 0 0 0 0 0 0 0 0 3 3
0.9664423928842806 0 0 0 0 0 0 0 0 0 0 0 0 0 0 0 3
