-5085.740487858348 0 0 0 0 0 0 0 0 0 0 0 0
-0.03333583567236311 1 1 0 0 1 1 3 0 0 0 3 0
0.0001344631135490196 1 1 0 0 2 2 3 0 0 0 3 0
0.003993544159574779 1 1 0 0 0 3 3 0 0 0 1 1
0.003993544159574779 1 1 0 0 0 3 3 0 0 0 2 2
-0.03347029878591214 1 2 0 0 2 1 3 0 0 0 3 0
-0.003994654025115158 1 2 0 0 0 0 1 2 0 0 0 0
0.003994654025115158 1 2 0 0 0 0 2 1 0 0 0 0
-0.03333583567236311 1 3 1 1 3 1 3 3 0 3 3 0
0.0001344631135490196 1 3 1 2 3 2 3 3 0 3 3 0
0.003993544159574779 1 3 1 0 3 3 3 3 0 1 3 1
0.003993544159574779 1 3 1 0 3 3 3 3 0 2 3 2
-0.03347029878591214 1 3 2 2 3 1 3 3 0 3 3 0
-0.003859081046025758 1 3 3 2 3 3 3 3 1 3 3 2
0.003859081046025758 1 3 3 2 3 3 3 3 2 3 3 1
-0.037329379831937896 1 3 3 0 3 1 3 3 1 1 3 0
-0.037329379831937896 1 3 3 0 3 1 3 3 2 2 3 0
-0.003859081046025758 1 3 0 0 2 3 3 1 0 0 3 2
0.003859081046025758 1 3 0 0 2 3 3 2 0 0 3 1
-0.037329379831937896 1 3 0 0 0 1 3 1 0 0 1 0
-0.037329379831937896 1 3 0 0 0 1 3 2 0 0 2 0
-0.003994654025115158 1 0 2 0 0 0 1 0 2 0 0 0
0.003994654025115158 1 0 2 0 0 0 2 0 1 0 0 0
-0.003872554265125825 1 0 0 2 0 0 1 0 0 2 0 0
0.003872554265125825 1 0 0 2 0 0 2 0 0 1 0 0
-0.003872554265125825 1 0 0 0 2 0 1 0 0 0 2 0
0.003872554265125825 1 0 0 0 2 0 2 0 0 0 1 0
-0.04398514016012161 1 0 0 0 0 2 1 0 0 0 0 2
0.04398514016012161 1 0 0 0 0 2 2 0 0 0 0 1
-0.03347029878591214 2 1 0 0 1 2 3 0 0 0 3 0
0.003994654025115158 2 1 0 0 0 0 1 2 0 0 0 0
-0.003994654025115158 2 1 0 0 0 0 2 1 0 0 0 0
0.0001344631135490196 2 2 0 0 1 1 3 0 0 0 3 0
-0.03333583567236311 2 2 0 0 2 2 3 0 0 0 3 0
0.003993544159574779 2 2 0 0 0 3 3 0 0 0 1 1
0.003993544159574779 2 2 0 0 0 3 3 0 0 0 2 2
-0.03347029878591214 2 3 1 1 3 2 3 3 0 3 3 0
0.0001344631135490196 2 3 2 1 3 1 3 3 0 3 3 0
-0.03333583567236311 2 3 2 2 3 2 3 3 0 3 3 0
0.003993544159574779 2 3 2 0 3 3 3 3 0 1 3 1
0.003993544159574779 2 3 2 0 3 3 3 3 0 2 3 2
0.003859081046025758 2 3 3 1 3 3 3 3 1 3 3 2
-0.003859081046025758 2 3 3 1 3 3 3 3 2 3 3 1
-0.037329379831937896 2 3 3 0 3 2 3 3 1 1 3 0
-0.037329379831937896 2 3 3 0 3 2 3 3 2 2 3 0
0.003859081046025758 2 3 0 0 1 3 3 1 0 0 3 2
-0.003859081046025758 2 3 0 0 1 3 3 2 0 0 3 1
-0.037329379831937896 2 3 0 0 0 2 3 1 0 0 1 0
-0.037329379831937896 2 3 0 0 0 2 3 2 0 0 2 0
0.003994654025115158 2 0 1 0 0 0 1 0 2 0 0 0
-0.003994654025115158 2 0 1 0 0 0 2 0 1 0 0 0
0.003872554265125825 2 0 0 1 0 0 1 0 0 2 0 0
-0.003872554265125825 2 0 0 1 0 0 2 0 0 1 0 0
0.003872554265125825 2 0 0 0 1 0 1 0 0 0 2 0
-0.003872554265125825 2 0 0 0 1 0 2 0 0 0 1 0
0.04398514016012161 2 0 0 0 0 1 1 0 0 0 0 2
-0.04398514016012161 2 0 0 0 0 1 2 0 0 0 0 1
0.6668058978254418 3 0 0 0 0 0 0 0 0 0 0 0
0.0702745148804358 3 3 0 0 0 0 0 0 0 0 0 0
0.0702745148804358 3 0 3 0 0 0 0 0 0 0 0 0
0.07041144668606111 3 0 0 3 0 0 0 0 0 0 0 0
0.07041144668606111 3 0 0 0 3 0 0 0 0 0 0 0
0.03964203456097472 3 0 0 0 0 3 0 0 0 0 0 0
0.08304063765349942 3 0 0 0 0 0 3 0 0 0 0 0
0.07426916890555096 3 0 0 0 0 0 0 3 0 0 0 0
0.07426916890555096 3 0 0 0 0 0 0 0 3 0 0 0
0.07428400095118694 3 0 0 0 0 0 0 0 0 3 0 0
0.07428400095118694 3 0 0 0 0 0 0 0 0 0 3 0
0.08362717472109632 3 0 0 0 0 0 0 0 0 0 0 3
-0.03432166844279837 0 1 1 1 1 0 0 3 0 3 0 0
3.4653526212915196e-05 0 1 1 2 2 0 0 3 0 3 0 0
0.003975426919453733 0 1 1 0 3 0 0 3 0 1 1 0
0.003975426919453733 0 1 1 0 3 0 0 3 0 2 2 0
-0.03435632196901129 0 1 2 2 1 0 0 3 0 3 0 0
-0.00396401355144409 0 1 2 0 0 0 0 1 2 0 0 0
0.00396401355144409 0 1 2 0 0 0 0 2 1 0 0 0
-0.003940773393240819 0 1 3 2 3 0 0 3 1 3 2 0
0.003940773393240819 0 1 3 2 3 0 0 3 2 3 1 0
-0.038297095362252113 0 1 3 0 1 0 0 3 1 1 0 0
-0.038297095362252113 0 1 3 0 1 0 0 3 2 2 0 0
-0.003940773393240819 0 1 0 2 0 0 0 1 0 2 0 0
0.003940773393240819 0 1 0 2 0 0 0 2 0 1 0 0
-0.037329379831937896 0 1 0 0 1 3 1 0 0 0 3 1
-0.037329379831937896 0 1 0 0 1 3 2 0 0 0 3 2
-0.04617864214873373 0 1 0 0 2 0 0 1 0 0 2 0
0.04617864214873373 0 1 0 0 2 0 0 2 0 0 1 0
-0.003859081046025758 0 1 0 0 0 2 1 0 0 0 2 0
0.003859081046025758 0 1 0 0 0 2 2 0 0 0 1 0
-0.00395455202722222 0 1 0 0 0 2 0 1 0 0 0 2
0.00395455202722222 0 1 0 0 0 2 0 2 0 0 0 1
-0.03435632196901129 0 2 1 1 2 0 0 3 0 3 0 0
0.00396401355144409 0 2 1 0 0 0 0 1 2 0 0 0
-0.00396401355144409 0 2 1 0 0 0 0 2 1 0 0 0
3.4653526212915196e-05 0 2 2 1 1 0 0 3 0 3 0 0
-0.03432166844279837 0 2 2 2 2 0 0 3 0 3 0 0
0.003975426919453733 0 2 2 0 3 0 0 3 0 1 1 0
0.003975426919453733 0 2 2 0 3 0 0 3 0 2 2 0
0.003940773393240819 0 2 3 1 3 0 0 3 1 3 2 0
-0.003940773393240819 0 2 3 1 3 0 0 3 2 3 1 0
-0.038297095362252113 0 2 3 0 2 0 0 3 1 1 0 0
-0.038297095362252113 0 2 3 0 2 0 0 3 2 2 0 0
0.003940773393240819 0 2 0 1 0 0 0 1 0 2 0 0
-0.003940773393240819 0 2 0 1 0 0 0 2 0 1 0 0
0.04617864214873373 0 2 0 0 1 0 0 1 0 0 2 0
-0.04617864214873373 0 2 0 0 1 0 0 2 0 0 1 0
-0.037329379831937896 0 2 0 0 2 3 1 0 0 0 3 1
-0.037329379831937896 0 2 0 0 2 3 2 0 0 0 3 2
0.003859081046025758 0 2 0 0 0 1 1 0 0 0 2 0
-0.003859081046025758 0 2 0 0 0 1 2 0 0 0 1 0
0.00395455202722222 0 2 0 0 0 1 0 1 0 0 0 2
-0.00395455202722222 0 2 0 0 0 1 0 2 0 0 0 1
0.6533510543168312 0 3 0 0 0 0 0 0 0 0 0 0
-0.037329379831937896 0 3 1 1 3 3 1 3 0 3 3 1
-0.037329379831937896 0 3 1 1 3 3 2 3 0 3 3 2
-0.003859081046025758 0 3 1 0 3 2 1 3 0 2 3 0
0.003859081046025758 0 3 1 0 3 2 2 3 0 1 3 0
-0.037329379831937896 0 3 2 2 3 3 1 3 0 3 3 1
-0.037329379831937896 0 3 2 2 3 3 2 3 0 3 3 2
0.003859081046025758 0 3 2 0 3 1 1 3 0 2 3 0
-0.003859081046025758 0 3 2 0 3 1 2 3 0 1 3 0
0.06977225689934519 0 3 3 0 0 0 0 0 0 0 0 0
0.003993544159574779 0 3 3 1 3 1 1 3 1 3 3 0
0.003993544159574779 0 3 3 1 3 1 2 3 2 3 3 0
0.003993544159574779 0 3 3 2 3 2 1 3 1 3 3 0
0.003993544159574779 0 3 3 2 3 2 2 3 2 3 3 0
-0.03333583567236311 0 3 3 0 3 3 1 3 1 1 3 1
0.0001344631135490196 0 3 3 0 3 3 1 3 1 2 3 2
-0.03347029878591214 0 3 3 0 3 3 1 3 2 2 3 1
-0.03347029878591214 0 3 3 0 3 3 2 3 1 1 3 2
0.0001344631135490196 0 3 3 0 3 3 2 3 2 1 3 1
-0.03333583567236311 0 3 3 0 3 3 2 3 2 2 3 2
0.0698355167255283 0 3 0 3 0 0 0 0 0 0 0 0
0.003993544159574779 0 3 0 0 1 1 1 1 0 0 3 0
0.003993544159574779 0 3 0 0 1 1 2 2 0 0 3 0
0.003993544159574779 0 3 0 0 2 2 1 1 0 0 3 0
0.003993544159574779 0 3 0 0 2 2 2 2 0 0 3 0
0.03554850180894284 0 3 0 0 3 0 0 0 0 0 0 0
0.07109159871240688 0 3 0 0 0 3 0 0 0 0 0 0
-0.03333583567236311 0 3 0 0 0 3 1 1 0 0 1 1
0.0001344631135490196 0 3 0 0 0 3 1 1 0 0 2 2
-0.03347029878591214 0 3 0 0 0 3 1 2 0 0 2 1
-0.03347029878591214 0 3 0 0 0 3 2 1 0 0 1 2
0.0001344631135490196 0 3 0 0 0 3 2 2 0 0 1 1
-0.03333583567236311 0 3 0 0 0 3 2 2 0 0 2 2
0.07426916890555096 0 3 0 0 0 0 3 0 0 0 0 0
0.08166429755367745 0 3 0 0 0 0 0 3 0 0 0 0
0.07373627045078927 0 3 0 0 0 0 0 0 3 0 0 0
0.07377629011876911 0 3 0 0 0 0 0 0 0 3 0 0
0.08172714395767658 0 3 0 0 0 0 0 0 0 0 3 0
0.0750461507396291 0 3 0 0 0 0 0 0 0 0 0 3
-0.038297095362252113 0 0 1 1 3 0 0 1 0 3 1 0
-0.038297095362252113 0 0 1 1 3 0 0 2 0 3 2 0
-0.04617864214873373 0 0 1 2 0 0 0 0 1 2 0 0
0.04617864214873373 0 0 1 2 0 0 0 0 2 1 0 0
-0.003940773393240819 0 0 1 0 2 0 0 1 0 2 0 0
0.003940773393240819 0 0 1 0 2 0 0 2 0 1 0 0
-0.003940773393240819 0 0 1 0 2 0 0 0 1 0 2 0
0.003940773393240819 0 0 1 0 2 0 0 0 2 0 1 0
-0.00395455202722222 0 0 1 0 0 2 0 0 1 0 0 2
0.00395455202722222 0 0 1 0 0 2 0 0 2 0 0 1
0.04617864214873373 0 0 2 1 0 0 0 0 1 2 0 0
-0.04617864214873373 0 0 2 1 0 0 0 0 2 1 0 0
-0.038297095362252113 0 0 2 2 3 0 0 1 0 3 1 0
-0.038297095362252113 0 0 2 2 3 0 0 2 0 3 2 0
0.003940773393240819 0 0 2 0 1 0 0 1 0 2 0 0
-0.003940773393240819 0 0 2 0 1 0 0 2 0 1 0 0
0.003940773393240819 0 0 2 0 1 0 0 0 1 0 2 0
-0.003940773393240819 0 0 2 0 1 0 0 0 2 0 1 0
0.00395455202722222 0 0 2 0 0 1 0 0 1 0 0 2
-0.00395455202722222 0 0 2 0 0 1 0 0 2 0 0 1
0.6533510543168305 0 0 3 0 0 0 0 0 0 0 0 0
0.003975426919453733 0 0 3 1 1 0 0 1 1 3 0 0
0.003975426919453733 0 0 3 1 1 0 0 2 2 3 0 0
0.003975426919453733 0 0 3 2 2 0 0 1 1 3 0 0
0.003975426919453733 0 0 3 2 2 0 0 2 2 3 0 0
0.03554850180894284 0 0 3 3 0 0 0 0 0 0 0 0
0.0698355167255283 0 0 3 0 3 0 0 0 0 0 0 0
-0.03432166844279837 0 0 3 0 3 0 0 1 1 1 1 0
3.4653526212915196e-05 0 0 3 0 3 0 0 1 1 2 2 0
-0.03435632196901129 0 0 3 0 3 0 0 1 2 2 1 0
-0.03435632196901129 0 0 3 0 3 0 0 2 1 1 2 0
3.4653526212915196e-05 0 0 3 0 3 0 0 2 2 1 1 0
-0.03432166844279837 0 0 3 0 3 0 0 2 2 2 2 0
0.07109159871240688 0 0 3 0 0 3 0 0 0 0 0 0
0.07426916890555096 0 0 3 0 0 0 3 0 0 0 0 0
0.07373627045078927 0 0 3 0 0 0 0 3 0 0 0 0
0.08166429755367745 0 0 3 0 0 0 0 0 3 0 0 0
0.08172714395767658 0 0 3 0 0 0 0 0 0 3 0 0
0.07377629011876911 0 0 3 0 0 0 0 0 0 0 3 0
0.0750461507396291 0 0 3 0 0 0 0 0 0 0 0 3
-0.003986968046695158 0 0 0 1 2 0 0 0 0 1 2 0
0.003986968046695158 0 0 0 1 2 0 0 0 0 2 1 0
-0.004101087107240675 0 0 0 1 0 2 0 0 0 1 0 2
0.004101087107240675 0 0 0 1 0 2 0 0 0 2 0 1
0.003986968046695158 0 0 0 2 1 0 0 0 0 1 2 0
-0.003986968046695158 0 0 0 2 1 0 0 0 0 2 1 0
0.004101087107240675 0 0 0 2 0 1 0 0 0 1 0 2
-0.004101087107240675 0 0 0 2 0 1 0 0 0 2 0 1
0.6514932661335728 0 0 0 3 0 0 0 0 0 0 0 0
0.06983003226253759 0 0 0 3 3 0 0 0 0 0 0 0
0.07095763717817416 0 0 0 3 0 3 0 0 0 0 0 0
0.07428400095118694 0 0 0 3 0 0 3 0 0 0 0 0
0.07377629011876911 0 0 0 3 0 0 0 3 0 0 0 0
0.08172714395767658 0 0 0 3 0 0 0 0 3 0 0 0
0.08179093640262304 0 0 0 3 0 0 0 0 0 3 0 0
0.07381700030923274 0 0 0 3 0 0 0 0 0 0 3 0
0.07505872428541482 0 0 0 3 0 0 0 0 0 0 0 3
-0.004101087107240675 0 0 0 0 1 2 0 0 0 0 1 2
0.004101087107240675 0 0 0 0 1 2 0 0 0 0 2 1
0.004101087107240675 0 0 0 0 2 1 0 0 0 0 1 2
-0.004101087107240675 0 0 0 0 2 1 0 0 0 0 2 1
0.651493266133573 0 0 0 0 3 0 0 0 0 0 0 0
0.07095763717817416 0 0 0 0 3 3 0 0 0 0 0 0
0.07428400095118694 0 0 0 0 3 0 3 0 0 0 0 0
0.08172714395767658 0 0 0 0 3 0 0 3 0 0 0 0
0.07377629011876911 0 0 0 0 3 0 0 0 3 0 0 0
0.07381700030923274 0 0 0 0 3 0 0 0 0 3 0 0
0.08179093640262304 0 0 0 0 3 0 0 0 0 0 3 0
0.07505872428541482 0 0 0 0 3 0 0 0 0 0 0 3
0.65327165769517 0 0 0 0 0 3 0 0 0 0 0 0
0.08362717472109632 0 0 0 0 0 3 3 0 0 0 0 0
0.0750461507396291 0 0 0 0 0 3 0 3 0 0 0 0
0.0750461507396291 0 0 0 0 0 3 0 0 3 0 0 0
0.07505872428541482 0 0 0 0 0 3 0 0 0 3 0 0
0.07505872428541482 0 0 0 0 0 3 0 0 0 0 3 0
0.08454900384231154 0 0 0 0 0 3 0 0 0 0 0 3
0.6668058978254418 0 0 0 0 0 0 3 0 0 0 0 0
0.0702745148804358 0 0 0 0 0 0 3 3 0 0 0 0
0.0702745148804358 0 0 0 0 0 0 3 0 3 0 0 0
0.07041144668606111 0 0 0 0 0 0 3 0 0 3 0 0
0.07041144668606111 0 0 0 0 0 0 3 0 0 0 3 0
0.03964203456097472 0 0 0 0 0 0 3 0 0 0 0 3
0.6533510543168309 0 0 0 0 0 0 0 3 0 0 0 0
0.06977225689934519 0 0 0 0 0 0 0 3 3 0 0 0
0.0698355167255283 0 0 0 0 0 0 0 3 0 3 0 0
0.03554850180894284 0 0 0 0 0 0 0 3 0 0 3 0
0.07109159871240688 0 0 0 0 0 0 0 3 0 0 0 3
0.6533510543168305 0 0 0 0 0 0 0 0 3 0 0 0
0.03554850180894284 0 0 0 0 0 0 0 0 3 3 0 0
0.0698355167255283 0 0 0 0 0 0 0 0 3 0 3 0
0.07109159871240688 0 0 0 0 0 0 0 0 3 0 0 3
0.6514932661335731 0 0 0 0 0 0 0 0 0 3 0 0
0.06983003226253759 0 0 0 0 0 0 0 0 0 3 3 0
0.07095763717817416 0 0 0 0 0 0 0 0 0 3 0 3
0.6514932661335732 0 0 0 0 0 0 0 0 0 0 3 0
0.07095763717817416 0 0 0 0 0 0 0 0 0 0 3 3
0.6532716576951701 0 0 0 0 0 0 0 0 0 0 0 3
