-903.9907368393393 0 0 0 0 0 0 0 0 0 0 0 0
0.001834599443337673 1 1 0 1 1 0 3 0 0 3 0 0
-0.02531711683932851 1 1 0 2 2 0 3 0 0 3 0 0
-0.005801808513316676 1 1 0 3 0 0 3 0 0 0 0 0
0.005801808513316695 1 1 0 0 3 0 3 0 0 0 0 0
0.004009050869159038 1 1 0 0 3 0 3 0 0 1 1 0
0.004009050869159038 1 1 0 0 3 0 3 0 0 2 2 0
0.0019810265714508 1 1 0 0 0 0 3 0 0 3 0 0
-0.001981026571450771 1 1 0 0 0 0 3 0 0 0 3 0
0.027151716282666178 1 2 0 2 1 0 3 0 0 3 0 0
-0.004436874601492467 1 2 0 0 0 0 1 2 0 0 0 0
0.004436874601492467 1 2 0 0 0 0 2 1 0 0 0 0
-0.0009328100439926753 1 3 1 1 3 1 3 3 0 3 3 0
0.02261651786991327 1 3 1 2 3 2 3 3 0 3 3 0
-0.00021789352136151598 1 3 1 0 1 1 3 3 0 0 3 0
0.005282954178449803 1 3 1 0 2 2 3 3 0 0 3 0
-0.0026557510604445188 1 3 1 0 3 3 3 3 0 1 3 1
-0.0026557510604445188 1 3 1 0 3 3 3 3 0 2 3 2
-0.0006203524009486115 1 3 1 0 0 3 3 3 0 0 1 1
-0.0006203524009486115 1 3 1 0 0 3 3 3 0 0 2 2
-0.023549327913905946 1 3 2 2 3 1 3 3 0 3 3 0
-0.00550084769981132 1 3 2 0 2 1 3 3 0 0 3 0
0.025272268930357788 1 3 3 2 3 3 3 3 1 3 3 2
-0.025272268930357788 1 3 3 2 3 3 3 3 2 3 3 1
0.005903306579398414 1 3 3 0 2 3 3 3 1 0 3 2
-0.005903306579398414 1 3 3 0 2 3 3 3 2 0 3 1
0.0017229410164518431 1 3 3 0 3 1 3 3 1 1 3 0
0.0017229410164518431 1 3 3 0 3 1 3 3 2 2 3 0
0.0004024588795870955 1 3 3 0 0 1 3 3 1 0 1 0
0.0004024588795870955 1 3 3 0 0 1 3 3 2 0 2 0
-0.029326167708487547 1 3 0 2 3 0 3 1 0 3 2 0
0.029326167708487547 1 3 0 2 3 0 3 2 0 3 1 0
0.007782835084767474 1 3 0 2 0 0 3 1 0 2 0 0
-0.007782835084767474 1 3 0 2 0 0 3 2 0 1 0 0
-0.0021744514258213664 1 3 0 0 1 0 3 1 0 1 0 0
-0.0021744514258213664 1 3 0 0 1 0 3 2 0 2 0 0
-0.007782835084767466 1 3 0 0 2 0 3 1 0 0 2 0
0.007782835084767466 1 3 0 0 2 0 3 2 0 0 1 0
-0.005586057667603211 1 0 2 0 0 0 1 0 2 0 0 0
0.005586057667603211 1 0 2 0 0 0 2 0 1 0 0 0
-0.007782835084767471 1 0 0 2 3 0 1 0 0 3 2 0
0.007782835084767471 1 0 0 2 3 0 2 0 0 3 1 0
-0.03731102914294598 1 0 0 2 0 0 1 0 0 2 0 0
0.03731102914294598 1 0 0 2 0 0 2 0 0 1 0 0
-0.007782835084767471 1 0 0 0 1 0 1 0 0 1 0 0
-0.007782835084767471 1 0 0 0 1 0 2 0 0 2 0 0
-0.00581041000863708 1 0 0 0 2 0 1 0 0 0 2 0
0.00581041000863708 1 0 0 0 2 0 2 0 0 0 1 0
-0.005166138237822189 1 0 0 0 0 2 1 0 0 0 0 2
0.005166138237822189 1 0 0 0 0 2 2 0 0 0 0 1
0.027151716282666178 2 1 0 1 2 0 3 0 0 3 0 0
0.004436874601492467 2 1 0 0 0 0 1 2 0 0 0 0
-0.004436874601492467 2 1 0 0 0 0 2 1 0 0 0 0
-0.02531711683932851 2 2 0 1 1 0 3 0 0 3 0 0
0.001834599443337673 2 2 0 2 2 0 3 0 0 3 0 0
-0.005801808513316676 2 2 0 3 0 0 3 0 0 0 0 0
0.005801808513316695 2 2 0 0 3 0 3 0 0 0 0 0
0.004009050869159038 2 2 0 0 3 0 3 0 0 1 1 0
0.004009050869159038 2 2 0 0 3 0 3 0 0 2 2 0
0.0019810265714508 2 2 0 0 0 0 3 0 0 3 0 0
-0.001981026571450771 2 2 0 0 0 0 3 0 0 0 3 0
-0.023549327913905946 2 3 1 1 3 2 3 3 0 3 3 0
-0.00550084769981132 2 3 1 0 1 2 3 3 0 0 3 0
0.02261651786991327 2 3 2 1 3 1 3 3 0 3 3 0
-0.0009328100439926753 2 3 2 2 3 2 3 3 0 3 3 0
0.005282954178449803 2 3 2 0 1 1 3 3 0 0 3 0
-0.00021789352136151598 2 3 2 0 2 2 3 3 0 0 3 0
-0.0026557510604445188 2 3 2 0 3 3 3 3 0 1 3 1
-0.0026557510604445188 2 3 2 0 3 3 3 3 0 2 3 2
-0.0006203524009486115 2 3 2 0 0 3 3 3 0 0 1 1
-0.0006203524009486115 2 3 2 0 0 3 3 3 0 0 2 2
-0.025272268930357788 2 3 3 1 3 3 3 3 1 3 3 2
0.025272268930357788 2 3 3 1 3 3 3 3 2 3 3 1
-0.005903306579398414 2 3 3 0 1 3 3 3 1 0 3 2
0.005903306579398414 2 3 3 0 1 3 3 3 2 0 3 1
0.0017229410164518431 2 3 3 0 3 2 3 3 1 1 3 0
0.0017229410164518431 2 3 3 0 3 2 3 3 2 2 3 0
0.0004024588795870955 2 3 3 0 0 2 3 3 1 0 1 0
0.0004024588795870955 2 3 3 0 0 2 3 3 2 0 2 0
0.029326167708487547 2 3 0 1 3 0 3 1 0 3 2 0
-0.029326167708487547 2 3 0 1 3 0 3 2 0 3 1 0
-0.007782835084767474 2 3 0 1 0 0 3 1 0 2 0 0
0.007782835084767474 2 3 0 1 0 0 3 2 0 1 0 0
0.007782835084767466 2 3 0 0 1 0 3 1 0 0 2 0
-0.007782835084767466 2 3 0 0 1 0 3 2 0 0 1 0
-0.0021744514258213664 2 3 0 0 2 0 3 1 0 1 0 0
-0.0021744514258213664 2 3 0 0 2 0 3 2 0 2 0 0
0.005586057667603211 2 0 1 0 0 0 1 0 2 0 0 0
-0.005586057667603211 2 0 1 0 0 0 2 0 1 0 0 0
0.007782835084767471 2 0 0 1 3 0 1 0 0 3 2 0
-0.007782835084767471 2 0 0 1 3 0 2 0 0 3 1 0
0.03731102914294598 2 0 0 1 0 0 1 0 0 2 0 0
-0.03731102914294598 2 0 0 1 0 0 2 0 0 1 0 0
0.00581041000863708 2 0 0 0 1 0 1 0 0 0 2 0
-0.00581041000863708 2 0 0 0 1 0 2 0 0 0 1 0
-0.007782835084767471 2 0 0 0 2 0 1 0 0 1 0 0
-0.007782835084767471 2 0 0 0 2 0 2 0 0 2 0 0
0.005166138237822189 2 0 0 0 0 1 1 0 0 0 0 2
-0.005166138237822189 2 0 0 0 0 1 2 0 0 0 0 1
0.9211195266958725 3 0 0 0 0 0 0 0 0 0 0 0
0.09222501219880702 3 3 0 0 0 0 0 0 0 0 0 0
0.08935728286409335 3 0 3 0 0 0 0 0 0 0 0 0
0.005801808513316702 3 0 0 1 1 0 0 0 0 3 0 0
0.005801808513316702 3 0 0 2 2 0 0 0 0 3 0 0
0.0673012831096268 3 0 0 3 0 0 0 0 0 0 0 0
0.09078380050561768 3 0 0 0 3 0 0 0 0 0 0 0
-0.0019810265714507685 3 0 0 0 3 0 0 0 0 1 1 0
-0.0019810265714507685 3 0 0 0 3 0 0 0 0 2 2 0
0.09857349340609425 3 0 0 0 0 3 0 0 0 0 0 0
0.10553563600328442 3 0 0 0 0 0 3 0 0 0 0 0
0.0966618868002995 3 0 0 0 0 0 0 3 0 0 0 0
0.09494334053169656 3 0 0 0 0 0 0 0 3 0 0 0
0.10461231225257278 3 0 0 0 0 0 0 0 0 3 0 0
0.09659421051425476 3 0 0 0 0 0 0 0 0 0 3 0
0.10373963164391645 3 0 0 0 0 0 0 0 0 0 0 3
0.00021789352136151625 0 1 1 1 3 1 0 3 0 3 3 0
-0.00528295417844981 0 1 1 2 3 2 0 3 0 3 3 0
-0.0009328100439926761 0 1 1 0 1 1 0 3 0 0 3 0
0.02261651786991327 0 1 1 0 2 2 0 3 0 0 3 0
0.000620352400948612 0 1 1 0 3 3 0 3 0 1 3 1
0.000620352400948612 0 1 1 0 3 3 0 3 0 2 3 2
-0.0026557510604445188 0 1 1 0 0 3 0 3 0 0 1 1
-0.0026557510604445188 0 1 1 0 0 3 0 3 0 0 2 2
0.005500847699811326 0 1 2 2 3 1 0 3 0 3 3 0
-0.023549327913905946 0 1 2 0 2 1 0 3 0 0 3 0
-0.0055860576676032125 0 1 2 0 0 0 0 1 2 0 0 0
0.0055860576676032125 0 1 2 0 0 0 0 2 1 0 0 0
-0.005903306579398422 0 1 3 2 3 3 0 3 1 3 3 2
0.005903306579398422 0 1 3 2 3 3 0 3 2 3 3 1
0.02527226893035779 0 1 3 0 2 3 0 3 1 0 3 2
-0.02527226893035779 0 1 3 0 2 3 0 3 2 0 3 1
-0.0004024588795870956 0 1 3 0 3 1 0 3 1 1 3 0
-0.0004024588795870956 0 1 3 0 3 1 0 3 2 2 3 0
0.0017229410164518435 0 1 3 0 0 1 0 3 1 0 1 0
0.0017229410164518435 0 1 3 0 0 1 0 3 2 0 2 0
-0.0021744514258213664 0 1 0 1 3 0 1 0 0 3 1 0
-0.0021744514258213664 0 1 0 1 3 0 2 0 0 3 2 0
0.007782835084767474 0 1 0 1 0 0 1 0 0 1 0 0
0.007782835084767474 0 1 0 1 0 0 2 0 0 2 0 0
0.007782835084767487 0 1 0 2 3 0 0 1 0 3 2 0
-0.007782835084767487 0 1 0 2 3 0 0 2 0 3 1 0
-0.005810410008637085 0 1 0 2 0 0 0 1 0 2 0 0
0.005810410008637085 0 1 0 2 0 0 0 2 0 1 0 0
-0.007782835084767466 0 1 0 0 1 0 1 0 0 0 1 0
-0.007782835084767466 0 1 0 0 1 0 2 0 0 0 2 0
0.007782835084767487 0 1 0 0 1 0 0 1 0 1 0 0
0.007782835084767487 0 1 0 0 1 0 0 2 0 2 0 0
-0.029326167708487547 0 1 0 0 2 0 1 0 0 2 0 0
0.029326167708487547 0 1 0 0 2 0 2 0 0 1 0 0
-0.03731102914294601 0 1 0 0 2 0 0 1 0 0 2 0
0.03731102914294601 0 1 0 0 2 0 0 2 0 0 1 0
-0.00516613823782219 0 1 0 0 0 2 0 1 0 0 0 2
0.00516613823782219 0 1 0 0 0 2 0 2 0 0 0 1
0.005500847699811326 0 2 1 1 3 2 0 3 0 3 3 0
-0.023549327913905946 0 2 1 0 1 2 0 3 0 0 3 0
0.0055860576676032125 0 2 1 0 0 0 0 1 2 0 0 0
-0.0055860576676032125 0 2 1 0 0 0 0 2 1 0 0 0
-0.00528295417844981 0 2 2 1 3 1 0 3 0 3 3 0
0.00021789352136151625 0 2 2 2 3 2 0 3 0 3 3 0
0.02261651786991327 0 2 2 0 1 1 0 3 0 0 3 0
-0.0009328100439926761 0 2 2 0 2 2 0 3 0 0 3 0
0.000620352400948612 0 2 2 0 3 3 0 3 0 1 3 1
0.000620352400948612 0 2 2 0 3 3 0 3 0 2 3 2
-0.0026557510604445188 0 2 2 0 0 3 0 3 0 0 1 1
-0.0026557510604445188 0 2 2 0 0 3 0 3 0 0 2 2
0.005903306579398422 0 2 3 1 3 3 0 3 1 3 3 2
-0.005903306579398422 0 2 3 1 3 3 0 3 2 3 3 1
-0.02527226893035779 0 2 3 0 1 3 0 3 1 0 3 2
0.02527226893035779 0 2 3 0 1 3 0 3 2 0 3 1
-0.0004024588795870956 0 2 3 0 3 2 0 3 1 1 3 0
-0.0004024588795870956 0 2 3 0 3 2 0 3 2 2 3 0
0.0017229410164518435 0 2 3 0 0 2 0 3 1 0 1 0
0.0017229410164518435 0 2 3 0 0 2 0 3 2 0 2 0
-0.007782835084767487 0 2 0 1 3 0 0 1 0 3 2 0
0.007782835084767487 0 2 0 1 3 0 0 2 0 3 1 0
0.005810410008637085 0 2 0 1 0 0 0 1 0 2 0 0
-0.005810410008637085 0 2 0 1 0 0 0 2 0 1 0 0
-0.0021744514258213664 0 2 0 2 3 0 1 0 0 3 1 0
-0.0021744514258213664 0 2 0 2 3 0 2 0 0 3 2 0
0.007782835084767474 0 2 0 2 0 0 1 0 0 1 0 0
0.007782835084767474 0 2 0 2 0 0 2 0 0 2 0 0
0.029326167708487547 0 2 0 0 1 0 1 0 0 2 0 0
-0.029326167708487547 0 2 0 0 1 0 2 0 0 1 0 0
0.03731102914294601 0 2 0 0 1 0 0 1 0 0 2 0
-0.03731102914294601 0 2 0 0 1 0 0 2 0 0 1 0
-0.007782835084767466 0 2 0 0 2 0 1 0 0 0 1 0
-0.007782835084767466 0 2 0 0 2 0 2 0 0 0 2 0
0.007782835084767487 0 2 0 0 2 0 0 1 0 1 0 0
0.007782835084767487 0 2 0 0 2 0 0 2 0 2 0 0
0.00516613823782219 0 2 0 0 0 1 0 1 0 0 0 2
-0.00516613823782219 0 2 0 0 0 1 0 2 0 0 0 1
0.92111952669587 0 3 0 0 0 0 0 0 0 0 0 0
0.0017229410164518431 0 3 1 1 3 3 1 3 0 3 3 1
0.0017229410164518431 0 3 1 1 3 3 2 3 0 3 3 2
0.0004024588795870955 0 3 1 0 1 3 1 3 0 0 3 1
0.0004024588795870955 0 3 1 0 1 3 2 3 0 0 3 2
0.025272268930357788 0 3 1 0 3 2 1 3 0 2 3 0
-0.025272268930357788 0 3 1 0 3 2 2 3 0 1 3 0
0.005903306579398414 0 3 1 0 0 2 1 3 0 0 2 0
-0.005903306579398414 0 3 1 0 0 2 2 3 0 0 1 0
0.0017229410164518431 0 3 2 2 3 3 1 3 0 3 3 1
0.0017229410164518431 0 3 2 2 3 3 2 3 0 3 3 2
0.0004024588795870955 0 3 2 0 2 3 1 3 0 0 3 1
0.0004024588795870955 0 3 2 0 2 3 2 3 0 0 3 2
-0.025272268930357788 0 3 2 0 3 1 1 3 0 2 3 0
0.025272268930357788 0 3 2 0 3 1 2 3 0 1 3 0
-0.005903306579398414 0 3 2 0 0 1 1 3 0 0 2 0
0.005903306579398414 0 3 2 0 0 1 2 3 0 0 1 0
0.08935728286409335 0 3 3 0 0 0 0 0 0 0 0 0
-0.0026557510604445188 0 3 3 1 3 1 1 3 1 3 3 0
-0.0026557510604445188 0 3 3 1 3 1 2 3 2 3 3 0
-0.0026557510604445188 0 3 3 2 3 2 1 3 1 3 3 0
-0.0026557510604445188 0 3 3 2 3 2 2 3 2 3 3 0
-0.0006203524009486115 0 3 3 0 1 1 1 3 1 0 3 0
-0.0006203524009486115 0 3 3 0 1 1 2 3 2 0 3 0
-0.0006203524009486115 0 3 3 0 2 2 1 3 1 0 3 0
-0.0006203524009486115 0 3 3 0 2 2 2 3 2 0 3 0
-0.0009328100439926753 0 3 3 0 3 3 1 3 1 1 3 1
0.02261651786991327 0 3 3 0 3 3 1 3 1 2 3 2
-0.023549327913905946 0 3 3 0 3 3 1 3 2 2 3 1
-0.023549327913905946 0 3 3 0 3 3 2 3 1 1 3 2
0.02261651786991327 0 3 3 0 3 3 2 3 2 1 3 1
-0.0009328100439926753 0 3 3 0 3 3 2 3 2 2 3 2
-0.00021789352136151598 0 3 3 0 0 3 1 3 1 0 1 1
0.005282954178449803 0 3 3 0 0 3 1 3 1 0 2 2
-0.00550084769981132 0 3 3 0 0 3 1 3 2 0 2 1
-0.00550084769981132 0 3 3 0 0 3 2 3 1 0 1 2
0.005282954178449803 0 3 3 0 0 3 2 3 2 0 1 1
-0.00021789352136151598 0 3 3 0 0 3 2 3 2 0 2 2
0.004009050869159038 0 3 0 1 1 0 1 1 0 3 0 0
0.004009050869159038 0 3 0 1 1 0 2 2 0 3 0 0
-0.00580180851331668 0 3 0 1 1 0 0 0 0 3 0 0
0.004009050869159038 0 3 0 2 2 0 1 1 0 3 0 0
0.004009050869159038 0 3 0 2 2 0 2 2 0 3 0 0
-0.00580180851331668 0 3 0 2 2 0 0 0 0 3 0 0
0.09078380050561763 0 3 0 3 0 0 0 0 0 0 0 0
0.0019810265714508 0 3 0 3 0 0 1 1 0 0 0 0
0.0019810265714508 0 3 0 3 0 0 2 2 0 0 0 0
0.06730128310962684 0 3 0 0 3 0 0 0 0 0 0 0
-0.001981026571450771 0 3 0 0 3 0 1 1 0 0 0 0
0.001834599443337673 0 3 0 0 3 0 1 1 0 1 1 0
-0.02531711683932851 0 3 0 0 3 0 1 1 0 2 2 0
0.027151716282666178 0 3 0 0 3 0 1 2 0 2 1 0
0.027151716282666178 0 3 0 0 3 0 2 1 0 1 2 0
-0.001981026571450771 0 3 0 0 3 0 2 2 0 0 0 0
-0.02531711683932851 0 3 0 0 3 0 2 2 0 1 1 0
0.001834599443337673 0 3 0 0 3 0 2 2 0 2 2 0
0.0019810265714508084 0 3 0 0 3 0 0 0 0 1 1 0
0.0019810265714508084 0 3 0 0 3 0 0 0 0 2 2 0
0.09857349340609428 0 3 0 0 0 3 0 0 0 0 0 0
-0.005801808513316676 0 3 0 0 0 0 1 1 0 3 0 0
0.005801808513316695 0 3 0 0 0 0 1 1 0 0 3 0
-0.005801808513316676 0 3 0 0 0 0 2 2 0 3 0 0
0.005801808513316695 0 3 0 0 0 0 2 2 0 0 3 0
0.0966618868002995 0 3 0 0 0 0 3 0 0 0 0 0
0.10553563600328443 0 3 0 0 0 0 0 3 0 0 0 0
0.09494334053169656 0 3 0 0 0 0 0 0 3 0 0 0
0.09659421051425471 0 3 0 0 0 0 0 0 0 3 0 0
0.10461231225257285 0 3 0 0 0 0 0 0 0 0 3 0
0.10373963164391647 0 3 0 0 0 0 0 0 0 0 0 3
-0.0004024588795870956 0 0 1 1 3 3 0 1 0 3 3 1
-0.0004024588795870956 0 0 1 1 3 3 0 2 0 3 3 2
-0.006213523322963253 0 0 1 2 0 0 0 0 1 2 0 0
0.006213523322963253 0 0 1 2 0 0 0 0 2 1 0 0
0.0017229410164518435 0 0 1 0 1 3 0 1 0 0 3 1
0.0017229410164518435 0 0 1 0 1 3 0 2 0 0 3 2
-0.006213523322963258 0 0 1 0 2 0 0 0 1 0 2 0
0.006213523322963258 0 0 1 0 2 0 0 0 2 0 1 0
-0.005903306579398422 0 0 1 0 3 2 0 1 0 2 3 0
0.005903306579398422 0 0 1 0 3 2 0 2 0 1 3 0
0.02527226893035779 0 0 1 0 0 2 0 1 0 0 2 0
-0.02527226893035779 0 0 1 0 0 2 0 2 0 0 1 0
-0.02994262823220678 0 0 1 0 0 2 0 0 1 0 0 2
0.02994262823220678 0 0 1 0 0 2 0 0 2 0 0 1
0.006213523322963253 0 0 2 1 0 0 0 0 1 2 0 0
-0.006213523322963253 0 0 2 1 0 0 0 0 2 1 0 0
-0.0004024588795870956 0 0 2 2 3 3 0 1 0 3 3 1
-0.0004024588795870956 0 0 2 2 3 3 0 2 0 3 3 2
0.006213523322963258 0 0 2 0 1 0 0 0 1 0 2 0
-0.006213523322963258 0 0 2 0 1 0 0 0 2 0 1 0
0.0017229410164518435 0 0 2 0 2 3 0 1 0 0 3 1
0.0017229410164518435 0 0 2 0 2 3 0 2 0 0 3 2
0.005903306579398422 0 0 2 0 3 1 0 1 0 2 3 0
-0.005903306579398422 0 0 2 0 3 1 0 2 0 1 3 0
-0.02527226893035779 0 0 2 0 0 1 0 1 0 0 2 0
0.02527226893035779 0 0 2 0 0 1 0 2 0 0 1 0
0.02994262823220678 0 0 2 0 0 1 0 0 1 0 0 2
-0.02994262823220678 0 0 2 0 0 1 0 0 2 0 0 1
0.946317180153438 0 0 3 0 0 0 0 0 0 0 0 0
0.000620352400948612 0 0 3 1 3 1 0 1 1 3 3 0
0.000620352400948612 0 0 3 1 3 1 0 2 2 3 3 0
0.000620352400948612 0 0 3 2 3 2 0 1 1 3 3 0
0.000620352400948612 0 0 3 2 3 2 0 2 2 3 3 0
0.08974221203573059 0 0 3 3 0 0 0 0 0 0 0 0
-0.0026557510604445188 0 0 3 0 1 1 0 1 1 0 3 0
-0.0026557510604445188 0 0 3 0 1 1 0 2 2 0 3 0
-0.0026557510604445188 0 0 3 0 2 2 0 1 1 0 3 0
-0.0026557510604445188 0 0 3 0 2 2 0 2 2 0 3 0
0.08974221203573063 0 0 3 0 3 0 0 0 0 0 0 0
0.00021789352136151625 0 0 3 0 3 3 0 1 1 1 3 1
-0.00528295417844981 0 0 3 0 3 3 0 1 1 2 3 2
0.005500847699811326 0 0 3 0 3 3 0 1 2 2 3 1
0.005500847699811326 0 0 3 0 3 3 0 2 1 1 3 2
-0.00528295417844981 0 0 3 0 3 3 0 2 2 1 3 1
0.00021789352136151625 0 0 3 0 3 3 0 2 2 2 3 2
0.07674429907243463 0 0 3 0 0 3 0 0 0 0 0 0
-0.0009328100439926761 0 0 3 0 0 3 0 1 1 0 1 1
0.02261651786991327 0 0 3 0 0 3 0 1 1 0 2 2
-0.023549327913905946 0 0 3 0 0 3 0 1 2 0 2 1
-0.023549327913905946 0 0 3 0 0 3 0 2 1 0 1 2
0.02261651786991327 0 0 3 0 0 3 0 2 2 0 1 1
-0.0009328100439926761 0 0 3 0 0 3 0 2 2 0 2 2
0.09494334053169656 0 0 3 0 0 0 3 0 0 0 0 0
0.09494334053169656 0 0 3 0 0 0 0 3 0 0 0 0
0.10659630738322541 0 0 3 0 0 0 0 0 3 0 0 0
0.09595573535869384 0 0 3 0 0 0 0 0 0 3 0 0
0.0959557353586939 0 0 3 0 0 0 0 0 0 0 3 0
0.10668692730464141 0 0 3 0 0 0 0 0 0 0 0 3
-0.0019810265714507685 0 0 0 1 1 0 3 0 0 3 0 0
0.0019810265714508084 0 0 0 1 1 0 0 3 0 3 0 0
-0.004752329225310305 0 0 0 1 2 0 0 0 0 1 2 0
0.004752329225310305 0 0 0 1 2 0 0 0 0 2 1 0
-0.0062285125656085395 0 0 0 1 0 2 0 0 0 1 0 2
0.0062285125656085395 0 0 0 1 0 2 0 0 0 2 0 1
0.004752329225310305 0 0 0 2 1 0 0 0 0 1 2 0
-0.004752329225310305 0 0 0 2 1 0 0 0 0 2 1 0
-0.0019810265714507685 0 0 0 2 2 0 3 0 0 3 0 0
0.0019810265714508084 0 0 0 2 2 0 0 3 0 3 0 0
0.0062285125656085395 0 0 0 2 0 1 0 0 0 1 0 2
-0.0062285125656085395 0 0 0 2 0 1 0 0 0 2 0 1
0.8366289057741403 0 0 0 3 0 0 0 0 0 0 0 0
0.09182268376810802 0 0 0 3 3 0 0 0 0 0 0 0
0.09649562946086768 0 0 0 3 0 3 0 0 0 0 0 0
0.10461231225257278 0 0 0 3 0 0 3 0 0 0 0 0
0.09659421051425471 0 0 0 3 0 0 0 3 0 0 0 0
0.09595573535869384 0 0 0 3 0 0 0 0 3 0 0 0
0.10607967144403886 0 0 0 3 0 0 0 0 0 3 0 0
0.09657501299341831 0 0 0 3 0 0 0 0 0 0 3 0
0.10272414202647623 0 0 0 3 0 0 0 0 0 0 0 3
-0.006228512565608544 0 0 0 0 1 2 0 0 0 0 1 2
0.006228512565608544 0 0 0 0 1 2 0 0 0 0 2 1
0.006228512565608544 0 0 0 0 2 1 0 0 0 0 1 2
-0.006228512565608544 0 0 0 0 2 1 0 0 0 0 2 1
0.8366289057741412 0 0 0 0 3 0 0 0 0 0 0 0
0.09649562946086775 0 0 0 0 3 3 0 0 0 0 0 0
0.09659421051425476 0 0 0 0 3 0 3 0 0 0 0 0
0.005801808513316702 0 0 0 0 3 0 3 0 0 1 1 0
0.005801808513316702 0 0 0 0 3 0 3 0 0 2 2 0
0.10461231225257285 0 0 0 0 3 0 0 3 0 0 0 0
-0.00580180851331668 0 0 0 0 3 0 0 3 0 1 1 0
-0.00580180851331668 0 0 0 0 3 0 0 3 0 2 2 0
0.0959557353586939 0 0 0 0 3 0 0 0 3 0 0 0
0.09657501299341831 0 0 0 0 3 0 0 0 0 3 0 0
0.10607967144403899 0 0 0 0 3 0 0 0 0 0 3 0
0.10272414202647628 0 0 0 0 3 0 0 0 0 0 0 3
0.7555143317749677 0 0 0 0 0 3 0 0 0 0 0 0
0.10373963164391645 0 0 0 0 0 3 3 0 0 0 0 0
0.10373963164391647 0 0 0 0 0 3 0 3 0 0 0 0
0.10668692730464141 0 0 0 0 0 3 0 0 3 0 0 0
0.10272414202647623 0 0 0 0 0 3 0 0 0 3 0 0
0.10272414202647628 0 0 0 0 0 3 0 0 0 0 3 0
0.11800393165397353 0 0 0 0 0 3 0 0 0 0 0 3
0.9211195266958725 0 0 0 0 0 0 3 0 0 0 0 0
0.09222501219880702 0 0 0 0 0 0 3 3 0 0 0 0
0.08935728286409335 0 0 0 0 0 0 3 0 3 0 0 0
0.0673012831096268 0 0 0 0 0 0 3 0 0 3 0 0
0.09078380050561768 0 0 0 0 0 0 3 0 0 0 3 0
0.09857349340609425 0 0 0 0 0 0 3 0 0 0 0 3
0.9211195266958696 0 0 0 0 0 0 0 3 0 0 0 0
0.08935728286409335 0 0 0 0 0 0 0 3 3 0 0 0
0.09078380050561763 0 0 0 0 0 0 0 3 0 3 0 0
0.06730128310962684 0 0 0 0 0 0 0 3 0 0 3 0
0.09857349340609428 0 0 0 0 0 0 0 3 0 0 0 3
0.946317180153438 0 0 0 0 0 0 0 0 3 0 0 0
0.08974221203573059 0 0 0 0 0 0 0 0 3 3 0 0
0.08974221203573063 0 0 0 0 0 0 0 0 3 0 3 0
0.07674429907243463 0 0 0 0 0 0 0 0 3 0 0 3
0.8366289057741403 0 0 0 0 0 0 0 0 0 3 0 0
0.09182268376810802 0 0 0 0 0 0 0 0 0 3 3 0
0.09649562946086768 0 0 0 0 0 0 0 0 0 3 0 3
0.836628905774141 0 0 0 0 0 0 0 0 0 0 3 0
0.09649562946086775 0 0 0 0 0 0 0 0 0 0 3 3
0.7555143317749676 0 0 0 0 0 0 0 0 0 0 0 3
