-904.6882513342036 0 0 0 0 0 0 0 0 0 0 0 0
0.0008623377479942466 1 1 1 1 0 0 3 0 3 0 0 0
-0.03437208915441152 1 1 2 2 0 0 3 0 3 0 0 0
-0.005078216283962831 1 1 3 0 0 0 3 0 0 0 0 0
0.005078216283962839 1 1 0 3 0 0 3 0 0 0 0 0
0.0040889143895970195 1 1 0 3 0 0 3 0 1 1 0 0
0.0040889143895970195 1 1 0 3 0 0 3 0 2 2 0 0
0.0012393044272483097 1 1 0 0 0 0 3 0 3 0 0 0
-0.0012393044272482998 1 1 0 0 0 0 3 0 0 3 0 0
0.03523442690240577 1 2 2 1 0 0 3 0 3 0 0 0
-0.004194069876270592 1 2 0 0 0 0 1 2 0 0 0 0
0.004194069876270592 1 2 0 0 0 0 2 1 0 0 0 0
-0.03318741685423707 1 3 1 0 1 1 3 3 0 0 3 0
-0.032799017253839484 1 3 1 0 2 2 3 3 0 0 3 0
-0.036936439845272485 1 3 1 0 0 3 3 3 0 0 1 1
-0.036936439845272485 1 3 1 0 0 3 3 3 0 0 2 2
-0.03846100354400855 1 3 2 3 0 0 3 1 3 2 0 0
0.03846100354400855 1 3 2 3 0 0 3 2 3 1 0 0
-0.0003883996003975743 1 3 2 0 2 1 3 3 0 0 3 0
0.0063175207112111395 1 3 2 0 0 0 3 1 2 0 0 0
-0.0063175207112111395 1 3 2 0 0 0 3 2 1 0 0 0
-0.004918884189575945 1 3 3 1 1 1 3 3 3 0 3 0
-0.004861317411720821 1 3 3 1 2 2 3 3 3 0 3 0
-0.005474546897461765 1 3 3 1 0 3 3 3 3 0 1 1
-0.005474546897461765 1 3 3 1 0 3 3 3 3 0 2 2
-5.7566777855123585e-05 1 3 3 2 2 1 3 3 3 0 3 0
0.0006132294857409433 1 3 3 3 2 3 3 3 3 1 3 2
-0.0006132294857409433 1 3 3 3 2 3 3 3 3 2 3 1
0.0005556627078858199 1 3 3 3 0 1 3 3 3 1 1 0
0.0005556627078858199 1 3 3 3 0 1 3 3 3 2 2 0
0.004137422591432998 1 3 3 0 2 3 3 3 1 0 3 2
-0.004137422591432998 1 3 3 0 2 3 3 3 2 0 3 1
0.003749022991035424 1 3 3 0 0 1 3 3 1 0 1 0
0.003749022991035424 1 3 3 0 0 1 3 3 2 0 2 0
-0.0032265766416027736 1 3 0 1 0 0 3 1 1 0 0 0
-0.0032265766416027736 1 3 0 1 0 0 3 2 2 0 0 0
-0.006317520711211139 1 3 0 2 0 0 3 1 0 2 0 0
0.006317520711211139 1 3 0 2 0 0 3 2 0 1 0 0
-0.0063175207112111395 1 0 2 3 0 0 1 0 3 2 0 0
0.0063175207112111395 1 0 2 3 0 0 2 0 3 1 0 0
-0.04678686375587808 1 0 2 0 0 0 1 0 2 0 0 0
0.04678686375587808 1 0 2 0 0 0 2 0 1 0 0 0
-0.006317520711211139 1 0 0 1 0 0 1 0 1 0 0 0
-0.006317520711211139 1 0 0 1 0 0 2 0 2 0 0 0
-0.005099283570266771 1 0 0 2 0 0 1 0 0 2 0 0
0.005099283570266771 1 0 0 2 0 0 2 0 0 1 0 0
-0.004483865815120531 1 0 0 0 2 0 1 0 0 0 2 0
0.004483865815120531 1 0 0 0 2 0 2 0 0 0 1 0
-0.0044081653367235496 1 0 0 0 0 2 1 0 0 0 0 2
0.0044081653367235496 1 0 0 0 0 2 2 0 0 0 0 1
0.03523442690240577 2 1 1 2 0 0 3 0 3 0 0 0
0.004194069876270592 2 1 0 0 0 0 1 2 0 0 0 0
-0.004194069876270592 2 1 0 0 0 0 2 1 0 0 0 0
-0.03437208915441152 2 2 1 1 0 0 3 0 3 0 0 0
0.0008623377479942466 2 2 2 2 0 0 3 0 3 0 0 0
-0.005078216283962831 2 2 3 0 0 0 3 0 0 0 0 0
0.005078216283962839 2 2 0 3 0 0 3 0 0 0 0 0
0.0040889143895970195 2 2 0 3 0 0 3 0 1 1 0 0
0.0040889143895970195 2 2 0 3 0 0 3 0 2 2 0 0
0.0012393044272483097 2 2 0 0 0 0 3 0 3 0 0 0
-0.0012393044272482998 2 2 0 0 0 0 3 0 0 3 0 0
0.03846100354400855 2 3 1 3 0 0 3 1 3 2 0 0
-0.03846100354400855 2 3 1 3 0 0 3 2 3 1 0 0
-0.0003883996003975743 2 3 1 0 1 2 3 3 0 0 3 0
-0.0063175207112111395 2 3 1 0 0 0 3 1 2 0 0 0
0.0063175207112111395 2 3 1 0 0 0 3 2 1 0 0 0
-0.032799017253839484 2 3 2 0 1 1 3 3 0 0 3 0
-0.03318741685423707 2 3 2 0 2 2 3 3 0 0 3 0
-0.036936439845272485 2 3 2 0 0 3 3 3 0 0 1 1
-0.036936439845272485 2 3 2 0 0 3 3 3 0 0 2 2
-5.7566777855123585e-05 2 3 3 1 1 2 3 3 3 0 3 0
-0.004861317411720821 2 3 3 2 1 1 3 3 3 0 3 0
-0.004918884189575945 2 3 3 2 2 2 3 3 3 0 3 0
-0.005474546897461765 2 3 3 2 0 3 3 3 3 0 1 1
-0.005474546897461765 2 3 3 2 0 3 3 3 3 0 2 2
-0.0006132294857409433 2 3 3 3 1 3 3 3 3 1 3 2
0.0006132294857409433 2 3 3 3 1 3 3 3 3 2 3 1
0.0005556627078858199 2 3 3 3 0 2 3 3 3 1 1 0
0.0005556627078858199 2 3 3 3 0 2 3 3 3 2 2 0
-0.004137422591432998 2 3 3 0 1 3 3 3 1 0 3 2
0.004137422591432998 2 3 3 0 1 3 3 3 2 0 3 1
0.003749022991035424 2 3 3 0 0 2 3 3 1 0 1 0
0.003749022991035424 2 3 3 0 0 2 3 3 2 0 2 0
0.006317520711211139 2 3 0 1 0 0 3 1 0 2 0 0
-0.006317520711211139 2 3 0 1 0 0 3 2 0 1 0 0
-0.0032265766416027736 2 3 0 2 0 0 3 1 1 0 0 0
-0.0032265766416027736 2 3 0 2 0 0 3 2 2 0 0 0
0.0063175207112111395 2 0 1 3 0 0 1 0 3 2 0 0
-0.0063175207112111395 2 0 1 3 0 0 2 0 3 1 0 0
0.04678686375587808 2 0 1 0 0 0 1 0 2 0 0 0
-0.04678686375587808 2 0 1 0 0 0 2 0 1 0 0 0
0.005099283570266771 2 0 0 1 0 0 1 0 0 2 0 0
-0.005099283570266771 2 0 0 1 0 0 2 0 0 1 0 0
-0.006317520711211139 2 0 0 2 0 0 1 0 1 0 0 0
-0.006317520711211139 2 0 0 2 0 0 2 0 2 0 0 0
0.004483865815120531 2 0 0 0 1 0 1 0 0 0 2 0
-0.004483865815120531 2 0 0 0 1 0 2 0 0 0 1 0
0.0044081653367235496 2 0 0 0 0 1 1 0 0 0 0 2
-0.0044081653367235496 2 0 0 0 0 1 2 0 0 0 0 1
0.8078481569765386 3 0 0 0 0 0 0 0 0 0 0 0
0.08313444312886524 3 3 0 0 0 0 0 0 0 0 0 0
0.005078216283962825 3 0 1 1 0 0 0 0 3 0 0 0
0.005078216283962825 3 0 2 2 0 0 0 0 3 0 0 0
0.04916327919434314 3 0 3 0 0 0 0 0 0 0 0 0
0.08267303060076035 3 0 0 3 0 0 0 0 0 0 0 0
-0.0012393044272483154 3 0 0 3 0 0 0 0 1 1 0 0
-0.0012393044272483154 3 0 0 3 0 0 0 0 2 2 0 0
0.08359631029168234 3 0 0 0 3 0 0 0 0 0 0 0
0.08646453393489903 3 0 0 0 0 3 0 0 0 0 0 0
0.09571665275767702 3 0 0 0 0 0 3 0 0 0 0 0
0.08732851300513583 3 0 0 0 0 0 0 3 0 0 0 0
0.09595014295022121 3 0 0 0 0 0 0 0 3 0 0 0
0.08777231417102711 3 0 0 0 0 0 0 0 0 3 0 0
0.08808017610680287 3 0 0 0 0 0 0 0 0 0 3 0
0.09087269927162259 3 0 0 0 0 0 0 0 0 0 0 3
-0.0032265766416027736 0 1 1 3 0 0 1 0 3 1 0 0
-0.0032265766416027736 0 1 1 3 0 0 2 0 3 2 0 0
0.004918884189575945 0 1 1 0 1 1 0 3 0 0 3 0
0.004861317411720822 0 1 1 0 2 2 0 3 0 0 3 0
0.005474546897461766 0 1 1 0 0 3 0 3 0 0 1 1
0.005474546897461766 0 1 1 0 0 3 0 3 0 0 2 2
0.0063175207112111395 0 1 1 0 0 0 1 0 1 0 0 0
0.0063175207112111395 0 1 1 0 0 0 2 0 2 0 0 0
0.0063175207112111395 0 1 2 3 0 0 0 1 3 2 0 0
-0.0063175207112111395 0 1 2 3 0 0 0 2 3 1 0 0
5.75667778551231e-05 0 1 2 0 2 1 0 3 0 0 3 0
-0.0050992835702667735 0 1 2 0 0 0 0 1 2 0 0 0
0.0050992835702667735 0 1 2 0 0 0 0 2 1 0 0 0
-0.03318741685423706 0 1 3 1 1 1 0 3 3 0 3 0
-0.032799017253839484 0 1 3 1 2 2 0 3 3 0 3 0
-0.03693643984527248 0 1 3 1 0 3 0 3 3 0 1 1
-0.03693643984527248 0 1 3 1 0 3 0 3 3 0 2 2
-0.0003883996003975735 0 1 3 2 2 1 0 3 3 0 3 0
0.004137422591432997 0 1 3 3 2 3 0 3 3 1 3 2
-0.004137422591432997 0 1 3 3 2 3 0 3 3 2 3 1
0.0037490229910354224 0 1 3 3 0 1 0 3 3 1 1 0
0.0037490229910354224 0 1 3 3 0 1 0 3 3 2 2 0
-0.0006132294857409432 0 1 3 0 2 3 0 3 1 0 3 2
0.0006132294857409432 0 1 3 0 2 3 0 3 2 0 3 1
-0.00055566270788582 0 1 3 0 0 1 0 3 1 0 1 0
-0.00055566270788582 0 1 3 0 0 1 0 3 2 0 2 0
-0.006317520711211139 0 1 0 1 0 0 1 0 0 1 0 0
-0.006317520711211139 0 1 0 1 0 0 2 0 0 2 0 0
0.006317520711211139 0 1 0 1 0 0 0 1 1 0 0 0
0.006317520711211139 0 1 0 1 0 0 0 2 2 0 0 0
-0.03846100354400855 0 1 0 2 0 0 1 0 2 0 0 0
0.03846100354400855 0 1 0 2 0 0 2 0 1 0 0 0
-0.04678686375587805 0 1 0 2 0 0 0 1 0 2 0 0
0.04678686375587805 0 1 0 2 0 0 0 2 0 1 0 0
-0.004483865815120531 0 1 0 0 2 0 0 1 0 0 2 0
0.004483865815120531 0 1 0 0 2 0 0 2 0 0 1 0
-0.0044081653367235496 0 1 0 0 0 2 0 1 0 0 0 2
0.0044081653367235496 0 1 0 0 0 2 0 2 0 0 0 1
-0.0063175207112111395 0 2 1 3 0 0 0 1 3 2 0 0
0.0063175207112111395 0 2 1 3 0 0 0 2 3 1 0 0
5.75667778551231e-05 0 2 1 0 1 2 0 3 0 0 3 0
0.0050992835702667735 0 2 1 0 0 0 0 1 2 0 0 0
-0.0050992835702667735 0 2 1 0 0 0 0 2 1 0 0 0
-0.0032265766416027736 0 2 2 3 0 0 1 0 3 1 0 0
-0.0032265766416027736 0 2 2 3 0 0 2 0 3 2 0 0
0.004861317411720822 0 2 2 0 1 1 0 3 0 0 3 0
0.004918884189575945 0 2 2 0 2 2 0 3 0 0 3 0
0.005474546897461766 0 2 2 0 0 3 0 3 0 0 1 1
0.005474546897461766 0 2 2 0 0 3 0 3 0 0 2 2
0.0063175207112111395 0 2 2 0 0 0 1 0 1 0 0 0
0.0063175207112111395 0 2 2 0 0 0 2 0 2 0 0 0
-0.0003883996003975735 0 2 3 1 1 2 0 3 3 0 3 0
-0.032799017253839484 0 2 3 2 1 1 0 3 3 0 3 0
-0.03318741685423706 0 2 3 2 2 2 0 3 3 0 3 0
-0.03693643984527248 0 2 3 2 0 3 0 3 3 0 1 1
-0.03693643984527248 0 2 3 2 0 3 0 3 3 0 2 2
-0.004137422591432997 0 2 3 3 1 3 0 3 3 1 3 2
0.004137422591432997 0 2 3 3 1 3 0 3 3 2 3 1
0.0037490229910354224 0 2 3 3 0 2 0 3 3 1 1 0
0.0037490229910354224 0 2 3 3 0 2 0 3 3 2 2 0
0.0006132294857409432 0 2 3 0 1 3 0 3 1 0 3 2
-0.0006132294857409432 0 2 3 0 1 3 0 3 2 0 3 1
-0.00055566270788582 0 2 3 0 0 2 0 3 1 0 1 0
-0.00055566270788582 0 2 3 0 0 2 0 3 2 0 2 0
0.03846100354400855 0 2 0 1 0 0 1 0 2 0 0 0
-0.03846100354400855 0 2 0 1 0 0 2 0 1 0 0 0
0.04678686375587805 0 2 0 1 0 0 0 1 0 2 0 0
-0.04678686375587805 0 2 0 1 0 0 0 2 0 1 0 0
-0.006317520711211139 0 2 0 2 0 0 1 0 0 1 0 0
-0.006317520711211139 0 2 0 2 0 0 2 0 0 2 0 0
0.006317520711211139 0 2 0 2 0 0 0 1 1 0 0 0
0.006317520711211139 0 2 0 2 0 0 0 2 2 0 0 0
0.004483865815120531 0 2 0 0 1 0 0 1 0 0 2 0
-0.004483865815120531 0 2 0 0 1 0 0 2 0 0 1 0
0.0044081653367235496 0 2 0 0 0 1 0 1 0 0 0 2
-0.0044081653367235496 0 2 0 0 0 1 0 2 0 0 0 1
0.8078481569765379 0 3 0 0 0 0 0 0 0 0 0 0
0.0040889143895970195 0 3 1 1 0 0 1 1 3 0 0 0
0.0040889143895970195 0 3 1 1 0 0 2 2 3 0 0 0
-0.005078216283962835 0 3 1 1 0 0 0 0 3 0 0 0
0.003749022991035424 0 3 1 0 1 3 1 3 0 0 3 1
0.003749022991035424 0 3 1 0 1 3 2 3 0 0 3 2
0.004137422591432998 0 3 1 0 0 2 1 3 0 0 2 0
-0.004137422591432998 0 3 1 0 0 2 2 3 0 0 1 0
0.0040889143895970195 0 3 2 2 0 0 1 1 3 0 0 0
0.0040889143895970195 0 3 2 2 0 0 2 2 3 0 0 0
-0.005078216283962835 0 3 2 2 0 0 0 0 3 0 0 0
0.003749022991035424 0 3 2 0 2 3 1 3 0 0 3 1
0.003749022991035424 0 3 2 0 2 3 2 3 0 0 3 2
-0.004137422591432998 0 3 2 0 0 1 1 3 0 0 2 0
0.004137422591432998 0 3 2 0 0 1 2 3 0 0 1 0
0.08267303060076041 0 3 3 0 0 0 0 0 0 0 0 0
0.0005556627078858199 0 3 3 1 1 3 1 3 3 0 3 1
0.0005556627078858199 0 3 3 1 1 3 2 3 3 0 3 2
0.0006132294857409433 0 3 3 1 0 2 1 3 3 0 2 0
-0.0006132294857409433 0 3 3 1 0 2 2 3 3 0 1 0
0.0005556627078858199 0 3 3 2 2 3 1 3 3 0 3 1
0.0005556627078858199 0 3 3 2 2 3 2 3 3 0 3 2
-0.0006132294857409433 0 3 3 2 0 1 1 3 3 0 2 0
0.0006132294857409433 0 3 3 2 0 1 2 3 3 0 1 0
-0.005474546897461765 0 3 3 3 1 1 1 3 3 1 3 0
-0.005474546897461765 0 3 3 3 1 1 2 3 3 2 3 0
-0.005474546897461765 0 3 3 3 2 2 1 3 3 1 3 0
-0.005474546897461765 0 3 3 3 2 2 2 3 3 2 3 0
-0.004918884189575945 0 3 3 3 0 3 1 3 3 1 1 1
-0.004861317411720821 0 3 3 3 0 3 1 3 3 1 2 2
-5.7566777855123585e-05 0 3 3 3 0 3 1 3 3 2 2 1
-5.7566777855123585e-05 0 3 3 3 0 3 2 3 3 1 1 2
-0.004861317411720821 0 3 3 3 0 3 2 3 3 2 1 1
-0.004918884189575945 0 3 3 3 0 3 2 3 3 2 2 2
-0.036936439845272485 0 3 3 0 1 1 1 3 1 0 3 0
-0.036936439845272485 0 3 3 0 1 1 2 3 2 0 3 0
-0.036936439845272485 0 3 3 0 2 2 1 3 1 0 3 0
-0.036936439845272485 0 3 3 0 2 2 2 3 2 0 3 0
-0.03318741685423707 0 3 3 0 0 3 1 3 1 0 1 1
-0.032799017253839484 0 3 3 0 0 3 1 3 1 0 2 2
-0.0003883996003975743 0 3 3 0 0 3 1 3 2 0 2 1
-0.0003883996003975743 0 3 3 0 0 3 2 3 1 0 1 2
-0.032799017253839484 0 3 3 0 0 3 2 3 2 0 1 1
-0.03318741685423707 0 3 3 0 0 3 2 3 2 0 2 2
0.0012393044272483097 0 3 3 0 0 0 1 1 0 0 0 0
0.0012393044272483097 0 3 3 0 0 0 2 2 0 0 0 0
0.04916327919434314 0 3 0 3 0 0 0 0 0 0 0 0
-0.0012393044272482998 0 3 0 3 0 0 1 1 0 0 0 0
0.0008623377479942466 0 3 0 3 0 0 1 1 1 1 0 0
-0.03437208915441152 0 3 0 3 0 0 1 1 2 2 0 0
0.03523442690240577 0 3 0 3 0 0 1 2 2 1 0 0
0.03523442690240577 0 3 0 3 0 0 2 1 1 2 0 0
-0.0012393044272482998 0 3 0 3 0 0 2 2 0 0 0 0
-0.03437208915441152 0 3 0 3 0 0 2 2 1 1 0 0
0.0008623377479942466 0 3 0 3 0 0 2 2 2 2 0 0
0.0012393044272483041 0 3 0 3 0 0 0 0 1 1 0 0
0.0012393044272483041 0 3 0 3 0 0 0 0 2 2 0 0
0.08359631029168235 0 3 0 0 3 0 0 0 0 0 0 0
0.08646453393489906 0 3 0 0 0 3 0 0 0 0 0 0
-0.005078216283962831 0 3 0 0 0 0 1 1 3 0 0 0
0.005078216283962839 0 3 0 0 0 0 1 1 0 3 0 0
-0.005078216283962831 0 3 0 0 0 0 2 2 3 0 0 0
0.005078216283962839 0 3 0 0 0 0 2 2 0 3 0 0
0.08732851300513583 0 3 0 0 0 0 3 0 0 0 0 0
0.09571665275767706 0 3 0 0 0 0 0 3 0 0 0 0
0.08777231417102718 0 3 0 0 0 0 0 0 3 0 0 0
0.0959501429502212 0 3 0 0 0 0 0 0 0 3 0 0
0.08808017610680288 0 3 0 0 0 0 0 0 0 0 3 0
0.0908726992716226 0 3 0 0 0 0 0 0 0 0 0 3
-0.0012393044272483154 0 0 1 1 0 0 3 0 3 0 0 0
0.0012393044272483041 0 0 1 1 0 0 0 3 3 0 0 0
-0.004361905030640509 0 0 1 2 0 0 0 0 1 2 0 0
0.004361905030640509 0 0 1 2 0 0 0 0 2 1 0 0
-0.00055566270788582 0 0 1 0 1 3 0 1 0 0 3 1
-0.00055566270788582 0 0 1 0 1 3 0 2 0 0 3 2
-0.004170957013406552 0 0 1 0 2 0 0 0 1 0 2 0
0.004170957013406552 0 0 1 0 2 0 0 0 2 0 1 0
-0.0006132294857409432 0 0 1 0 0 2 0 1 0 0 2 0
0.0006132294857409432 0 0 1 0 0 2 0 2 0 0 1 0
-0.004768016296016055 0 0 1 0 0 2 0 0 1 0 0 2
0.004768016296016055 0 0 1 0 0 2 0 0 2 0 0 1
0.004361905030640509 0 0 2 1 0 0 0 0 1 2 0 0
-0.004361905030640509 0 0 2 1 0 0 0 0 2 1 0 0
-0.0012393044272483154 0 0 2 2 0 0 3 0 3 0 0 0
0.0012393044272483041 0 0 2 2 0 0 0 3 3 0 0 0
0.004170957013406552 0 0 2 0 1 0 0 0 1 0 2 0
-0.004170957013406552 0 0 2 0 1 0 0 0 2 0 1 0
-0.00055566270788582 0 0 2 0 2 3 0 1 0 0 3 1
-0.00055566270788582 0 0 2 0 2 3 0 2 0 0 3 2
0.0006132294857409432 0 0 2 0 0 1 0 1 0 0 2 0
-0.0006132294857409432 0 0 2 0 0 1 0 2 0 0 1 0
0.004768016296016055 0 0 2 0 0 1 0 0 1 0 0 2
-0.004768016296016055 0 0 2 0 0 1 0 0 2 0 0 1
0.7943519590197121 0 0 3 0 0 0 0 0 0 0 0 0
0.0037490229910354224 0 0 3 1 1 3 0 1 3 0 3 1
0.0037490229910354224 0 0 3 1 1 3 0 2 3 0 3 2
0.004137422591432997 0 0 3 1 0 2 0 1 3 0 2 0
-0.004137422591432997 0 0 3 1 0 2 0 2 3 0 1 0
0.0037490229910354224 0 0 3 2 2 3 0 1 3 0 3 1
0.0037490229910354224 0 0 3 2 2 3 0 2 3 0 3 2
-0.004137422591432997 0 0 3 2 0 1 0 1 3 0 2 0
0.004137422591432997 0 0 3 2 0 1 0 2 3 0 1 0
0.08353810533055393 0 0 3 3 0 0 0 0 0 0 0 0
-0.03693643984527248 0 0 3 3 1 1 0 1 3 1 3 0
-0.03693643984527248 0 0 3 3 1 1 0 2 3 2 3 0
-0.03693643984527248 0 0 3 3 2 2 0 1 3 1 3 0
-0.03693643984527248 0 0 3 3 2 2 0 2 3 2 3 0
-0.03318741685423706 0 0 3 3 0 3 0 1 3 1 1 1
-0.032799017253839484 0 0 3 3 0 3 0 1 3 1 2 2
-0.0003883996003975735 0 0 3 3 0 3 0 1 3 2 2 1
-0.0003883996003975735 0 0 3 3 0 3 0 2 3 1 1 2
-0.032799017253839484 0 0 3 3 0 3 0 2 3 2 1 1
-0.03318741685423706 0 0 3 3 0 3 0 2 3 2 2 2
0.005474546897461766 0 0 3 0 1 1 0 1 1 0 3 0
0.005474546897461766 0 0 3 0 1 1 0 2 2 0 3 0
0.005474546897461766 0 0 3 0 2 2 0 1 1 0 3 0
0.005474546897461766 0 0 3 0 2 2 0 2 2 0 3 0
0.08398725660934413 0 0 3 0 3 0 0 0 0 0 0 0
0.08614472684769596 0 0 3 0 0 3 0 0 0 0 0 0
0.004918884189575945 0 0 3 0 0 3 0 1 1 0 1 1
0.004861317411720822 0 0 3 0 0 3 0 1 1 0 2 2
5.75667778551231e-05 0 0 3 0 0 3 0 1 2 0 2 1
5.75667778551231e-05 0 0 3 0 0 3 0 2 1 0 1 2
0.004861317411720822 0 0 3 0 0 3 0 2 2 0 1 1
0.004918884189575945 0 0 3 0 0 3 0 2 2 0 2 2
0.09595014295022121 0 0 3 0 0 0 3 0 0 0 0 0
0.08777231417102718 0 0 3 0 0 0 0 3 0 0 0 0
0.09662382042247551 0 0 3 0 0 0 0 0 3 0 0 0
0.08790001036119445 0 0 3 0 0 0 0 0 0 3 0 0
0.08815821362275067 0 0 3 0 0 0 0 0 0 0 3 0
0.09091274314371202 0 0 3 0 0 0 0 0 0 0 0 3
-0.0041709570134065505 0 0 0 1 2 0 0 0 0 1 2 0
0.0041709570134065505 0 0 0 1 2 0 0 0 0 2 1 0
-0.004768016296016053 0 0 0 1 0 2 0 0 0 1 0 2
0.004768016296016053 0 0 0 1 0 2 0 0 0 2 0 1
0.0041709570134065505 0 0 0 2 1 0 0 0 0 1 2 0
-0.0041709570134065505 0 0 0 2 1 0 0 0 0 2 1 0
0.004768016296016053 0 0 0 2 0 1 0 0 0 1 0 2
-0.004768016296016053 0 0 0 2 0 1 0 0 0 2 0 1
0.7943519590197115 0 0 0 3 0 0 0 0 0 0 0 0
0.0839872566093441 0 0 0 3 3 0 0 0 0 0 0 0
0.08614472684769593 0 0 0 3 0 3 0 0 0 0 0 0
0.08777231417102711 0 0 0 3 0 0 3 0 0 0 0 0
0.005078216283962825 0 0 0 3 0 0 3 0 1 1 0 0
0.005078216283962825 0 0 0 3 0 0 3 0 2 2 0 0
0.0959501429502212 0 0 0 3 0 0 0 3 0 0 0 0
-0.005078216283962835 0 0 0 3 0 0 0 3 1 1 0 0
-0.005078216283962835 0 0 0 3 0 0 0 3 2 2 0 0
0.08790001036119445 0 0 0 3 0 0 0 0 3 0 0 0
0.09662382042247544 0 0 0 3 0 0 0 0 0 3 0 0
0.08815821362275064 0 0 0 3 0 0 0 0 0 0 3 0
0.09091274314371198 0 0 0 3 0 0 0 0 0 0 0 3
-0.04312929157656936 0 0 0 0 1 2 0 0 0 0 1 2
0.04312929157656936 0 0 0 0 1 2 0 0 0 0 2 1
0.04312929157656936 0 0 0 0 2 1 0 0 0 0 1 2
-0.04312929157656936 0 0 0 0 2 1 0 0 0 0 2 1
0.8418793876172174 0 0 0 0 3 0 0 0 0 0 0 0
0.056486259401196684 0 0 0 0 3 3 0 0 0 0 0 0
0.08808017610680287 0 0 0 0 3 0 3 0 0 0 0 0
0.08808017610680288 0 0 0 0 3 0 0 3 0 0 0 0
0.08815821362275067 0 0 0 0 3 0 0 0 3 0 0 0
0.08815821362275064 0 0 0 0 3 0 0 0 0 3 0 0
0.09819912978153196 0 0 0 0 3 0 0 0 0 0 3 0
0.09961555097776605 0 0 0 0 3 0 0 0 0 0 0 3
0.7841890732349119 0 0 0 0 0 3 0 0 0 0 0 0
0.09087269927162259 0 0 0 0 0 3 3 0 0 0 0 0
0.0908726992716226 0 0 0 0 0 3 0 3 0 0 0 0
0.09091274314371202 0 0 0 0 0 3 0 0 3 0 0 0
0.09091274314371198 0 0 0 0 0 3 0 0 0 3 0 0
0.09961555097776605 0 0 0 0 0 3 0 0 0 0 3 0
0.10317389897001182 0 0 0 0 0 3 0 0 0 0 0 3
0.8078481569765386 0 0 0 0 0 0 3 0 0 0 0 0
0.08313444312886524 0 0 0 0 0 0 3 3 0 0 0 0
0.04916327919434314 0 0 0 0 0 0 3 0 3 0 0 0
0.08267303060076035 0 0 0 0 0 0 3 0 0 3 0 0
0.08359631029168234 0 0 0 0 0 0 3 0 0 0 3 0
0.08646453393489903 0 0 0 0 0 0 3 0 0 0 0 3
0.807848156976538 0 0 0 0 0 0 0 3 0 0 0 0
0.08267303060076041 0 0 0 0 0 0 0 3 3 0 0 0
0.04916327919434314 0 0 0 0 0 0 0 3 0 3 0 0
0.08359631029168235 0 0 0 0 0 0 0 3 0 0 3 0
0.08646453393489906 0 0 0 0 0 0 0 3 0 0 0 3
0.7943519590197121 0 0 0 0 0 0 0 0 3 0 0 0
0.08353810533055393 0 0 0 0 0 0 0 0 3 3 0 0
0.08398725660934413 0 0 0 0 0 0 0 0 3 0 3 0
0.08614472684769596 0 0 0 0 0 0 0 0 3 0 0 3
0.7943519590197113 0 0 0 0 0 0 0 0 0 3 0 0
0.0839872566093441 0 0 0 0 0 0 0 0 0 3 3 0
0.08614472684769593 0 0 0 0 0 0 0 0 0 3 0 3
0.841879387617217 0 0 0 0 0 0 0 0 0 0 3 0
0.056486259401196684 0 0 0 0 0 0 0 0 0 0 3 3
0.784189073234912 0 0 0 0 0 0 0 0 0 0 0 3
