-904.5812083255616 0 0 0 0 0 0 0 0 0 0
0.0007823187277785767 1 1 1 3 1 3 0 3 3 0
-0.01442731503895709 1 1 2 3 2 3 0 3 3 0
-0.0006037746814736812 1 1 0 1 1 3 0 0 3 0
0.011134652965424409 1 1 0 2 2 3 0 0 3 0
0.00048005013690251866 1 1 0 3 3 3 0 1 3 1
0.00048005013690251866 1 1 0 3 3 3 0 2 3 2
-0.0003704910904059947 1 1 0 0 3 3 0 0 1 1
-0.0003704910904059947 1 1 0 0 3 3 0 0 2 2
0.015209633766735668 1 2 2 3 1 3 0 3 3 0
-0.01173842764689809 1 2 0 2 1 3 0 0 3 0
-0.005883988711288501 1 2 0 0 0 1 2 0 0 0
0.005883988711288501 1 2 0 0 0 2 1 0 0 0
-0.01490736517585961 1 3 2 3 3 3 1 3 3 2
0.01490736517585961 1 3 2 3 3 3 2 3 3 1
0.011505144055830403 1 3 0 2 3 3 1 0 3 2
-0.011505144055830403 1 3 0 2 3 3 2 0 3 1
0.00030226859087605817 1 3 0 3 1 3 1 1 3 0
0.00030226859087605817 1 3 0 3 1 3 2 2 3 0
-0.00023328359106768637 1 3 0 0 1 3 1 0 1 0
-0.00023328359106768637 1 3 0 0 1 3 2 0 2 0
0.014429587419724416 1 0 2 3 0 1 0 3 2 0
-0.014429587419724416 1 0 2 3 0 2 0 3 1 0
-0.022496137701688814 1 0 2 0 0 1 0 2 0 0
0.022496137701688814 1 0 2 0 0 2 0 1 0 0
0.014429587419724416 1 0 0 1 0 1 0 1 0 0
0.014429587419724416 1 0 0 1 0 2 0 2 0 0
-0.014935939859563678 1 0 0 2 0 1 0 0 2 0
0.014935939859563678 1 0 0 2 0 2 0 0 1 0
-0.005960415235549021 1 0 0 0 2 1 0 0 0 2
0.005960415235549021 1 0 0 0 2 2 0 0 0 1
0.015209633766735668 2 1 1 3 2 3 0 3 3 0
-0.01173842764689809 2 1 0 1 2 3 0 0 3 0
0.005883988711288501 2 1 0 0 0 1 2 0 0 0
-0.005883988711288501 2 1 0 0 0 2 1 0 0 0
-0.01442731503895709 2 2 1 3 1 3 0 3 3 0
0.0007823187277785767 2 2 2 3 2 3 0 3 3 0
0.011134652965424409 2 2 0 1 1 3 0 0 3 0
-0.0006037746814736812 2 2 0 2 2 3 0 0 3 0
0.00048005013690251866 2 2 0 3 3 3 0 1 3 1
0.00048005013690251866 2 2 0 3 3 3 0 2 3 2
-0.0003704910904059947 2 2 0 0 3 3 0 0 1 1
-0.0003704910904059947 2 2 0 0 3 3 0 0 2 2
0.01490736517585961 2 3 1 3 3 3 1 3 3 2
-0.01490736517585961 2 3 1 3 3 3 2 3 3 1
-0.011505144055830403 2 3 0 1 3 3 1 0 3 2
0.011505144055830403 2 3 0 1 3 3 2 0 3 1
0.00030226859087605817 2 3 0 3 2 3 1 1 3 0
0.00030226859087605817 2 3 0 3 2 3 2 2 3 0
-0.00023328359106768637 2 3 0 0 2 3 1 0 1 0
-0.00023328359106768637 2 3 0 0 2 3 2 0 2 0
-0.014429587419724416 2 0 1 3 0 1 0 3 2 0
0.014429587419724416 2 0 1 3 0 2 0 3 1 0
0.022496137701688814 2 0 1 0 0 1 0 2 0 0
-0.022496137701688814 2 0 1 0 0 2 0 1 0 0
0.014935939859563678 2 0 0 1 0 1 0 0 2 0
-0.014935939859563678 2 0 0 1 0 2 0 0 1 0
0.014429587419724416 2 0 0 2 0 1 0 1 0 0
0.014429587419724416 2 0 0 2 0 2 0 2 0 0
0.005960415235549021 2 0 0 0 1 1 0 0 0 2
-0.005960415235549021 2 0 0 0 1 2 0 0 0 1
0.8435952309066272 3 0 0 0 0 0 0 0 0 0
0.09242312033249454 3 3 0 0 0 0 0 0 0 0
-0.009855195771421101 3 0 1 1 0 0 0 3 0 0
-0.009855195771421101 3 0 2 2 0 0 0 3 0 0
0.08531252361229484 3 0 3 0 0 0 0 0 0 0
0.09047602743520876 3 0 0 3 0 0 0 0 0 0
0.004574391648303315 3 0 0 3 0 0 0 1 1 0
0.004574391648303315 3 0 0 3 0 0 0 2 2 0
0.10495919974098414 3 0 0 0 3 0 0 0 0 0
0.11474082713607071 3 0 0 0 0 3 0 0 0 0
0.09830710904378305 3 0 0 0 0 0 3 0 0 0
0.10780866131398366 3 0 0 0 0 0 0 3 0 0
0.10541196729477242 3 0 0 0 0 0 0 0 3 0
0.11091961497653316 3 0 0 0 0 0 0 0 0 3
0.00030226859087605817 0 1 1 3 3 1 0 3 3 1
0.00030226859087605817 0 1 1 3 3 2 0 3 3 2
-0.008284975173158335 0 1 2 0 0 0 1 2 0 0
0.008284975173158335 0 1 2 0 0 0 2 1 0 0
-0.00023328359106768637 0 1 0 1 3 1 0 0 3 1
-0.00023328359106768637 0 1 0 1 3 2 0 0 3 2
-0.008284975173158328 0 1 0 2 0 0 1 0 2 0
0.008284975173158328 0 1 0 2 0 0 2 0 1 0
-0.01490736517585961 0 1 0 3 2 1 0 2 3 0
0.01490736517585961 0 1 0 3 2 2 0 1 3 0
0.011505144055830403 0 1 0 0 2 1 0 0 2 0
-0.011505144055830403 0 1 0 0 2 2 0 0 1 0
-0.023742168748838922 0 1 0 0 2 0 1 0 0 2
0.023742168748838922 0 1 0 0 2 0 2 0 0 1
0.008284975173158335 0 2 1 0 0 0 1 2 0 0
-0.008284975173158335 0 2 1 0 0 0 2 1 0 0
0.00030226859087605817 0 2 2 3 3 1 0 3 3 1
0.00030226859087605817 0 2 2 3 3 2 0 3 3 2
0.008284975173158328 0 2 0 1 0 0 1 0 2 0
-0.008284975173158328 0 2 0 1 0 0 2 0 1 0
-0.00023328359106768637 0 2 0 2 3 1 0 0 3 1
-0.00023328359106768637 0 2 0 2 3 2 0 0 3 2
0.01490736517585961 0 2 0 3 1 1 0 2 3 0
-0.01490736517585961 0 2 0 3 1 2 0 1 3 0
-0.011505144055830403 0 2 0 0 1 1 0 0 2 0
0.011505144055830403 0 2 0 0 1 2 0 0 1 0
0.023742168748838922 0 2 0 0 1 0 1 0 0 2
-0.023742168748838922 0 2 0 0 1 0 2 0 0 1
0.8034177559119298 0 3 0 0 0 0 0 0 0 0
0.00048005013690251866 0 3 1 3 1 1 1 3 3 0
0.00048005013690251866 0 3 1 3 1 2 2 3 3 0
0.00048005013690251866 0 3 2 3 2 1 1 3 3 0
0.00048005013690251866 0 3 2 3 2 2 2 3 3 0
0.09268301244697064 0 3 3 0 0 0 0 0 0 0
-0.0003704910904059947 0 3 0 1 1 1 1 0 3 0
-0.0003704910904059947 0 3 0 1 1 2 2 0 3 0
-0.0003704910904059947 0 3 0 2 2 1 1 0 3 0
-0.0003704910904059947 0 3 0 2 2 2 2 0 3 0
0.09268301244697057 0 3 0 3 0 0 0 0 0 0
0.0007823187277785767 0 3 0 3 3 1 1 1 3 1
-0.01442731503895709 0 3 0 3 3 1 1 2 3 2
0.015209633766735668 0 3 0 3 3 1 2 2 3 1
0.015209633766735668 0 3 0 3 3 2 1 1 3 2
-0.01442731503895709 0 3 0 3 3 2 2 1 3 1
0.0007823187277785767 0 3 0 3 3 2 2 2 3 2
0.086021282372942 0 3 0 0 3 0 0 0 0 0
-0.0006037746814736812 0 3 0 0 3 1 1 0 1 1
0.011134652965424409 0 3 0 0 3 1 1 0 2 2
-0.01173842764689809 0 3 0 0 3 1 2 0 2 1
-0.01173842764689809 0 3 0 0 3 2 1 0 1 2
0.011134652965424409 0 3 0 0 3 2 2 0 1 1
-0.0006037746814736812 0 3 0 0 3 2 2 0 2 2
0.09830710904378305 0 3 0 0 0 3 0 0 0 0
0.11151855372398826 0 3 0 0 0 0 3 0 0 0
0.10096798762012898 0 3 0 0 0 0 0 3 0 0
0.1009679876201289 0 3 0 0 0 0 0 0 3 0
0.10976345112178093 0 3 0 0 0 0 0 0 0 3
0.004574391648303315 0 0 1 1 0 3 0 3 0 0
-0.005280804123117703 0 0 1 1 0 0 0 3 0 0
-0.005117608056140043 0 0 1 2 0 0 0 1 2 0
0.005117608056140043 0 0 1 2 0 0 0 2 1 0
-0.007797419295260102 0 0 1 0 2 0 0 1 0 2
0.007797419295260102 0 0 1 0 2 0 0 2 0 1
0.005117608056140043 0 0 2 1 0 0 0 1 2 0
-0.005117608056140043 0 0 2 1 0 0 0 2 1 0
0.004574391648303315 0 0 2 2 0 3 0 3 0 0
-0.005280804123117703 0 0 2 2 0 0 0 3 0 0
0.007797419295260102 0 0 2 0 1 0 0 1 0 2
-0.007797419295260102 0 0 2 0 1 0 0 2 0 1
0.6646108160180185 0 0 3 0 0 0 0 0 0 0
0.09683424922557883 0 0 3 3 0 0 0 0 0 0
0.1010228518427716 0 0 3 0 3 0 0 0 0 0
0.10780866131398366 0 0 3 0 0 3 0 0 0 0
0.10096798762012898 0 0 3 0 0 0 3 0 0 0
0.11218707339399904 0 0 3 0 0 0 0 3 0 0
0.10195185728171888 0 0 3 0 0 0 0 0 3 0
0.1088202711380317 0 0 3 0 0 0 0 0 0 3
-0.007797419295260093 0 0 0 1 2 0 0 0 1 2
0.007797419295260093 0 0 0 1 2 0 0 0 2 1
0.007797419295260093 0 0 0 2 1 0 0 0 1 2
-0.007797419295260093 0 0 0 2 1 0 0 0 2 1
0.6673776258217213 0 0 0 3 0 0 0 0 0 0
0.10102285184277159 0 0 0 3 3 0 0 0 0 0
0.10541196729477242 0 0 0 3 0 3 0 0 0 0
-0.009855195771421101 0 0 0 3 0 3 0 1 1 0
-0.009855195771421101 0 0 0 3 0 3 0 2 2 0
0.1009679876201289 0 0 0 3 0 0 3 0 0 0
-0.005280804123117705 0 0 0 3 0 0 0 1 1 0
-0.005280804123117705 0 0 0 3 0 0 0 2 2 0
0.10195185728171888 0 0 0 3 0 0 0 3 0 0
0.11218707339399887 0 0 0 3 0 0 0 0 3 0
0.1088202711380317 0 0 0 3 0 0 0 0 0 3
0.4589395877944241 0 0 0 0 3 0 0 0 0 0
0.11091961497653316 0 0 0 0 3 3 0 0 0 0
0.10976345112178093 0 0 0 0 3 0 3 0 0 0
0.1088202711380317 0 0 0 0 3 0 0 3 0 0
0.1088202711380317 0 0 0 0 3 0 0 0 3 0
0.12173927860846367 0 0 0 0 3 0 0 0 0 3
0.8435952309066271 0 0 0 0 0 3 0 0 0 0
0.09242312033249454 0 0 0 0 0 3 3 0 0 0
0.08531252361229484 0 0 0 0 0 3 0 3 0 0
0.09047602743520876 0 0 0 0 0 3 0 0 3 0
0.10495919974098414 0 0 0 0 0 3 0 0 0 3
0.8034177559119298 0 0 0 0 0 0 3 0 0 0
0.09268301244697064 0 0 0 0 0 0 3 3 0 0
0.09268301244697057 0 0 0 0 0 0 3 0 3 0
0.086021282372942 0 0 0 0 0 0 3 0 0 3
0.6646108160180189 0 0 0 0 0 0 0 3 0 0
0.09683424922557883 0 0 0 0 0 0 0 3 3 0
0.1010228518427716 0 0 0 0 0 0 0 3 0 3
0.6673776258217216 0 0 0 0 0 0 0 0 3 0
0.10102285184277159 0 0 0 0 0 0 0 0 3 3
0.4589395877944241 0 0 0 0 0 0 0 0 0 3
