-904.2884995145653 0 0 0 0 0 0 0 0 0 0 0 0
-0.004767767277640954 1 1 0 1 3 1 3 0 0 3 3 0
0.00015344850235379348 1 1 0 2 3 2 3 0 0 3 3 0
-0.025563084620246868 1 1 0 0 1 1 3 0 0 0 3 0
0.0008227366861876368 1 1 0 0 2 2 3 0 0 0 3 0
0.0006267084849023237 1 1 0 0 3 3 3 0 0 1 3 1
0.0006267084849023237 1 1 0 0 3 3 3 0 0 2 3 2
0.0033601896021467842 1 1 0 0 0 3 3 0 0 0 1 1
0.0033601896021467842 1 1 0 0 0 3 3 0 0 0 2 2
-0.004921215779994746 1 2 0 2 3 1 3 0 0 3 3 0
-0.026385821306434513 1 2 0 0 2 1 3 0 0 0 3 0
-0.0052803520513645735 1 2 0 0 0 0 1 2 0 0 0 0
0.0052803520513645735 1 2 0 0 0 0 2 1 0 0 0 0
-0.025563084620246892 1 3 1 1 3 1 3 3 0 3 3 0
0.000822736686187639 1 3 1 2 3 2 3 3 0 3 3 0
0.0047677672776409545 1 3 1 0 1 1 3 3 0 0 3 0
-0.0001534485023537938 1 3 1 0 2 2 3 3 0 0 3 0
0.0033601896021467877 1 3 1 0 3 3 3 3 0 1 3 1
0.0033601896021467877 1 3 1 0 3 3 3 3 0 2 3 2
-0.0006267084849023245 1 3 1 0 0 3 3 3 0 0 1 1
-0.0006267084849023245 1 3 1 0 0 3 3 3 0 0 2 2
-0.026385821306434538 1 3 2 2 3 1 3 3 0 3 3 0
0.004921215779994748 1 3 2 0 2 1 3 3 0 0 3 0
-0.0025374529159591496 1 3 3 2 3 3 3 3 1 3 3 2
0.0025374529159591496 1 3 3 2 3 3 3 3 2 3 3 1
0.0004732599825485307 1 3 3 0 2 3 3 3 1 0 3 2
-0.0004732599825485307 1 3 3 0 2 3 3 3 2 0 3 1
-0.028923274222393682 1 3 3 0 3 1 3 3 1 1 3 0
-0.028923274222393682 1 3 3 0 3 1 3 3 2 2 3 0
0.005394475762543279 1 3 3 0 0 1 3 3 1 0 1 0
0.005394475762543279 1 3 3 0 0 1 3 3 2 0 2 0
-0.00047325998254853035 1 3 0 2 3 3 3 1 0 3 3 2
0.00047325998254853035 1 3 0 2 3 3 3 2 0 3 3 1
-0.002537452915959147 1 3 0 0 2 3 3 1 0 0 3 2
0.002537452915959147 1 3 0 0 2 3 3 2 0 0 3 1
-0.005394475762543277 1 3 0 0 3 1 3 1 0 1 3 0
-0.005394475762543277 1 3 0 0 3 1 3 2 0 2 3 0
-0.028923274222393654 1 3 0 0 0 1 3 1 0 0 1 0
-0.028923274222393654 1 3 0 0 0 1 3 2 0 0 2 0
-0.005280352051364575 1 0 2 0 0 0 1 0 2 0 0 0
0.005280352051364575 1 0 2 0 0 0 2 0 1 0 0 0
-0.0053398154566972065 1 0 0 2 0 0 1 0 0 2 0 0
0.0053398154566972065 1 0 0 2 0 0 2 0 0 1 0 0
-0.0053398154566972 1 0 0 0 2 0 1 0 0 0 2 0
0.0053398154566972 1 0 0 0 2 0 2 0 0 0 1 0
-0.03368445181416938 1 0 0 0 0 2 1 0 0 0 0 2
0.03368445181416938 1 0 0 0 0 2 2 0 0 0 0 1
-0.004921215779994746 2 1 0 1 3 2 3 0 0 3 3 0
-0.026385821306434513 2 1 0 0 1 2 3 0 0 0 3 0
0.0052803520513645735 2 1 0 0 0 0 1 2 0 0 0 0
-0.0052803520513645735 2 1 0 0 0 0 2 1 0 0 0 0
0.00015344850235379348 2 2 0 1 3 1 3 0 0 3 3 0
-0.004767767277640954 2 2 0 2 3 2 3 0 0 3 3 0
0.0008227366861876368 2 2 0 0 1 1 3 0 0 0 3 0
-0.025563084620246868 2 2 0 0 2 2 3 0 0 0 3 0
0.0006267084849023237 2 2 0 0 3 3 3 0 0 1 3 1
0.0006267084849023237 2 2 0 0 3 3 3 0 0 2 3 2
0.0033601896021467842 2 2 0 0 0 3 3 0 0 0 1 1
0.0033601896021467842 2 2 0 0 0 3 3 0 0 0 2 2
-0.026385821306434538 2 3 1 1 3 2 3 3 0 3 3 0
0.004921215779994748 2 3 1 0 1 2 3 3 0 0 3 0
0.000822736686187639 2 3 2 1 3 1 3 3 0 3 3 0
-0.025563084620246892 2 3 2 2 3 2 3 3 0 3 3 0
-0.0001534485023537938 2 3 2 0 1 1 3 3 0 0 3 0
0.0047677672776409545 2 3 2 0 2 2 3 3 0 0 3 0
0.0033601896021467877 2 3 2 0 3 3 3 3 0 1 3 1
0.0033601896021467877 2 3 2 0 3 3 3 3 0 2 3 2
-0.0006267084849023245 2 3 2 0 0 3 3 3 0 0 1 1
-0.0006267084849023245 2 3 2 0 0 3 3 3 0 0 2 2
0.0025374529159591496 2 3 3 1 3 3 3 3 1 3 3 2
-0.0025374529159591496 2 3 3 1 3 3 3 3 2 3 3 1
-0.0004732599825485307 2 3 3 0 1 3 3 3 1 0 3 2
0.0004732599825485307 2 3 3 0 1 3 3 3 2 0 3 1
-0.028923274222393682 2 3 3 0 3 2 3 3 1 1 3 0
-0.028923274222393682 2 3 3 0 3 2 3 3 2 2 3 0
0.005394475762543279 2 3 3 0 0 2 3 3 1 0 1 0
0.005394475762543279 2 3 3 0 0 2 3 3 2 0 2 0
0.00047325998254853035 2 3 0 1 3 3 3 1 0 3 3 2
-0.00047325998254853035 2 3 0 1 3 3 3 2 0 3 3 1
0.002537452915959147 2 3 0 0 1 3 3 1 0 0 3 2
-0.002537452915959147 2 3 0 0 1 3 3 2 0 0 3 1
-0.005394475762543277 2 3 0 0 3 2 3 1 0 1 3 0
-0.005394475762543277 2 3 0 0 3 2 3 2 0 2 3 0
-0.028923274222393654 2 3 0 0 0 2 3 1 0 0 1 0
-0.028923274222393654 2 3 0 0 0 2 3 2 0 0 2 0
0.005280352051364575 2 0 1 0 0 0 1 0 2 0 0 0
-0.005280352051364575 2 0 1 0 0 0 2 0 1 0 0 0
0.0053398154566972065 2 0 0 1 0 0 1 0 0 2 0 0
-0.0053398154566972065 2 0 0 1 0 0 2 0 0 1 0 0
0.0053398154566972 2 0 0 0 1 0 1 0 0 0 2 0
-0.0053398154566972 2 0 0 0 1 0 2 0 0 0 1 0
0.03368445181416938 2 0 0 0 0 1 1 0 0 0 0 2
-0.03368445181416938 2 0 0 0 0 1 2 0 0 0 0 1
0.9207315400650328 3 0 0 0 0 0 0 0 0 0 0 0
0.08808971890898754 3 3 0 0 0 0 0 0 0 0 0 0
0.08808971890898756 3 0 3 0 0 0 0 0 0 0 0 0
0.0885046457651798 3 0 0 3 0 0 0 0 0 0 0 0
0.08850464576517969 3 0 0 0 3 0 0 0 0 0 0 0
0.07163119269870137 3 0 0 0 0 3 0 0 0 0 0 0
0.10439924163832628 3 0 0 0 0 0 3 0 0 0 0 0
0.0933700709603521 3 0 0 0 0 0 0 3 0 0 0 0
0.09337007096035214 3 0 0 0 0 0 0 0 3 0 0 0
0.093844461221877 3 0 0 0 0 0 0 0 0 3 0 0
0.0938444612218769 3 0 0 0 0 0 0 0 0 0 3 0
0.10531564451287075 3 0 0 0 0 0 0 0 0 0 0 3
-0.028164664580750485 0 1 1 1 1 0 0 3 0 3 0 0
0.0013009450434894646 0 1 1 2 2 0 0 3 0 3 0 0
0.0051909194566629934 0 1 1 3 0 0 0 3 0 0 0 0
-0.005190919456663003 0 1 1 0 3 0 0 3 0 0 0 0
0.004095776575357548 0 1 1 0 3 0 0 3 0 1 1 0
0.004095776575357548 0 1 1 0 3 0 0 3 0 2 2 0
-0.0015828669061019932 0 1 1 0 0 0 0 3 0 3 0 0
0.0015828669061019804 0 1 1 0 0 0 0 3 0 0 3 0
-0.02946560962423995 0 1 2 2 1 0 0 3 0 3 0 0
-0.004290371377571854 0 1 2 0 0 0 0 1 2 0 0 0
0.004290371377571854 0 1 2 0 0 0 0 2 1 0 0 0
-0.0027948315318680837 0 1 3 2 3 0 0 3 1 3 2 0
0.0027948315318680837 0 1 3 2 3 0 0 3 2 3 1 0
-0.006773786362764987 0 1 3 2 0 0 0 3 1 2 0 0
0.006773786362764987 0 1 3 2 0 0 0 3 2 1 0 0
-0.03226044115610804 0 1 3 0 1 0 0 3 1 1 0 0
-0.03226044115610804 0 1 3 0 1 0 0 3 2 2 0 0
0.006773786362764983 0 1 3 0 2 0 0 3 1 0 2 0
-0.006773786362764983 0 1 3 0 2 0 0 3 2 0 1 0
-0.005394475762543277 0 1 0 1 3 3 1 0 0 3 3 1
-0.005394475762543277 0 1 0 1 3 3 2 0 0 3 3 2
-0.006773786362764981 0 1 0 2 3 0 0 1 0 3 2 0
0.006773786362764981 0 1 0 2 3 0 0 2 0 3 1 0
-0.00532158739454218 0 1 0 2 0 0 0 1 0 2 0 0
0.00532158739454218 0 1 0 2 0 0 0 2 0 1 0 0
-0.028923274222393654 0 1 0 0 1 3 1 0 0 0 3 1
-0.028923274222393654 0 1 0 0 1 3 2 0 0 0 3 2
-0.006773786362764981 0 1 0 0 1 0 0 1 0 1 0 0
-0.006773786362764981 0 1 0 0 1 0 0 2 0 2 0 0
-0.04037686008251828 0 1 0 0 2 0 0 1 0 0 2 0
0.04037686008251828 0 1 0 0 2 0 0 2 0 0 1 0
-0.00047325998254853035 0 1 0 0 3 2 1 0 0 2 3 0
0.00047325998254853035 0 1 0 0 3 2 2 0 0 1 3 0
-0.002537452915959147 0 1 0 0 0 2 1 0 0 0 2 0
0.002537452915959147 0 1 0 0 0 2 2 0 0 0 1 0
-0.004872780283442576 0 1 0 0 0 2 0 1 0 0 0 2
0.004872780283442576 0 1 0 0 0 2 0 2 0 0 0 1
-0.02946560962423995 0 2 1 1 2 0 0 3 0 3 0 0
0.004290371377571854 0 2 1 0 0 0 0 1 2 0 0 0
-0.004290371377571854 0 2 1 0 0 0 0 2 1 0 0 0
0.0013009450434894646 0 2 2 1 1 0 0 3 0 3 0 0
-0.028164664580750485 0 2 2 2 2 0 0 3 0 3 0 0
0.0051909194566629934 0 2 2 3 0 0 0 3 0 0 0 0
-0.005190919456663003 0 2 2 0 3 0 0 3 0 0 0 0
0.004095776575357548 0 2 2 0 3 0 0 3 0 1 1 0
0.004095776575357548 0 2 2 0 3 0 0 3 0 2 2 0
-0.0015828669061019932 0 2 2 0 0 0 0 3 0 3 0 0
0.0015828669061019804 0 2 2 0 0 0 0 3 0 0 3 0
0.0027948315318680837 0 2 3 1 3 0 0 3 1 3 2 0
-0.0027948315318680837 0 2 3 1 3 0 0 3 2 3 1 0
0.006773786362764987 0 2 3 1 0 0 0 3 1 2 0 0
-0.006773786362764987 0 2 3 1 0 0 0 3 2 1 0 0
-0.006773786362764983 0 2 3 0 1 0 0 3 1 0 2 0
0.006773786362764983 0 2 3 0 1 0 0 3 2 0 1 0
-0.03226044115610804 0 2 3 0 2 0 0 3 1 1 0 0
-0.03226044115610804 0 2 3 0 2 0 0 3 2 2 0 0
0.006773786362764981 0 2 0 1 3 0 0 1 0 3 2 0
-0.006773786362764981 0 2 0 1 3 0 0 2 0 3 1 0
0.00532158739454218 0 2 0 1 0 0 0 1 0 2 0 0
-0.00532158739454218 0 2 0 1 0 0 0 2 0 1 0 0
-0.005394475762543277 0 2 0 2 3 3 1 0 0 3 3 1
-0.005394475762543277 0 2 0 2 3 3 2 0 0 3 3 2
0.04037686008251828 0 2 0 0 1 0 0 1 0 0 2 0
-0.04037686008251828 0 2 0 0 1 0 0 2 0 0 1 0
-0.028923274222393654 0 2 0 0 2 3 1 0 0 0 3 1
-0.028923274222393654 0 2 0 0 2 3 2 0 0 0 3 2
-0.006773786362764981 0 2 0 0 2 0 0 1 0 1 0 0
-0.006773786362764981 0 2 0 0 2 0 0 2 0 2 0 0
0.00047325998254853035 0 2 0 0 3 1 1 0 0 2 3 0
-0.00047325998254853035 0 2 0 0 3 1 2 0 0 1 3 0
0.002537452915959147 0 2 0 0 0 1 1 0 0 0 2 0
-0.002537452915959147 0 2 0 0 0 1 2 0 0 0 1 0
0.004872780283442576 0 2 0 0 0 1 0 1 0 0 0 2
-0.004872780283442576 0 2 0 0 0 1 0 2 0 0 0 1
0.8810523528876217 0 3 0 0 0 0 0 0 0 0 0 0
-0.028923274222393682 0 3 1 1 3 3 1 3 0 3 3 1
-0.028923274222393682 0 3 1 1 3 3 2 3 0 3 3 2
0.005394475762543279 0 3 1 0 1 3 1 3 0 0 3 1
0.005394475762543279 0 3 1 0 1 3 2 3 0 0 3 2
-0.0025374529159591496 0 3 1 0 3 2 1 3 0 2 3 0
0.0025374529159591496 0 3 1 0 3 2 2 3 0 1 3 0
0.0004732599825485307 0 3 1 0 0 2 1 3 0 0 2 0
-0.0004732599825485307 0 3 1 0 0 2 2 3 0 0 1 0
-0.028923274222393682 0 3 2 2 3 3 1 3 0 3 3 1
-0.028923274222393682 0 3 2 2 3 3 2 3 0 3 3 2
0.005394475762543279 0 3 2 0 2 3 1 3 0 0 3 1
0.005394475762543279 0 3 2 0 2 3 2 3 0 0 3 2
0.0025374529159591496 0 3 2 0 3 1 1 3 0 2 3 0
-0.0025374529159591496 0 3 2 0 3 1 2 3 0 1 3 0
-0.0004732599825485307 0 3 2 0 0 1 1 3 0 0 2 0
0.0004732599825485307 0 3 2 0 0 1 2 3 0 0 1 0
0.08934080078061622 0 3 3 0 0 0 0 0 0 0 0 0
0.0033601896021467877 0 3 3 1 3 1 1 3 1 3 3 0
0.0033601896021467877 0 3 3 1 3 1 2 3 2 3 3 0
0.0033601896021467877 0 3 3 2 3 2 1 3 1 3 3 0
0.0033601896021467877 0 3 3 2 3 2 2 3 2 3 3 0
-0.0006267084849023245 0 3 3 0 1 1 1 3 1 0 3 0
-0.0006267084849023245 0 3 3 0 1 1 2 3 2 0 3 0
-0.0006267084849023245 0 3 3 0 2 2 1 3 1 0 3 0
-0.0006267084849023245 0 3 3 0 2 2 2 3 2 0 3 0
-0.025563084620246892 0 3 3 0 3 3 1 3 1 1 3 1
0.000822736686187639 0 3 3 0 3 3 1 3 1 2 3 2
-0.026385821306434538 0 3 3 0 3 3 1 3 2 2 3 1
-0.026385821306434538 0 3 3 0 3 3 2 3 1 1 3 2
0.000822736686187639 0 3 3 0 3 3 2 3 2 1 3 1
-0.025563084620246892 0 3 3 0 3 3 2 3 2 2 3 2
0.0047677672776409545 0 3 3 0 0 3 1 3 1 0 1 1
-0.0001534485023537938 0 3 3 0 0 3 1 3 1 0 2 2
0.004921215779994748 0 3 3 0 0 3 1 3 2 0 2 1
0.004921215779994748 0 3 3 0 0 3 2 3 1 0 1 2
-0.0001534485023537938 0 3 3 0 0 3 2 3 2 0 1 1
0.0047677672776409545 0 3 3 0 0 3 2 3 2 0 2 2
0.005190919456663001 0 3 0 1 1 0 0 0 0 3 0 0
0.0006267084849023237 0 3 0 1 3 1 1 1 0 3 3 0
0.0006267084849023237 0 3 0 1 3 1 2 2 0 3 3 0
0.005190919456663001 0 3 0 2 2 0 0 0 0 3 0 0
0.0006267084849023237 0 3 0 2 3 2 1 1 0 3 3 0
0.0006267084849023237 0 3 0 2 3 2 2 2 0 3 3 0
0.08857403196595443 0 3 0 3 0 0 0 0 0 0 0 0
0.0033601896021467842 0 3 0 0 1 1 1 1 0 0 3 0
0.0033601896021467842 0 3 0 0 1 1 2 2 0 0 3 0
0.0033601896021467842 0 3 0 0 2 2 1 1 0 0 3 0
0.0033601896021467842 0 3 0 0 2 2 2 2 0 0 3 0
0.06171031242869334 0 3 0 0 3 0 0 0 0 0 0 0
-0.004767767277640954 0 3 0 0 3 3 1 1 0 1 3 1
0.00015344850235379348 0 3 0 0 3 3 1 1 0 2 3 2
-0.004921215779994746 0 3 0 0 3 3 1 2 0 2 3 1
-0.004921215779994746 0 3 0 0 3 3 2 1 0 1 3 2
0.00015344850235379348 0 3 0 0 3 3 2 2 0 1 3 1
-0.004767767277640954 0 3 0 0 3 3 2 2 0 2 3 2
-0.0015828669061019787 0 3 0 0 3 0 0 0 0 1 1 0
-0.0015828669061019787 0 3 0 0 3 0 0 0 0 2 2 0
0.09506828546405002 0 3 0 0 0 3 0 0 0 0 0 0
-0.025563084620246868 0 3 0 0 0 3 1 1 0 0 1 1
0.0008227366861876368 0 3 0 0 0 3 1 1 0 0 2 2
-0.026385821306434513 0 3 0 0 0 3 1 2 0 0 2 1
-0.026385821306434513 0 3 0 0 0 3 2 1 0 0 1 2
0.0008227366861876368 0 3 0 0 0 3 2 2 0 0 1 1
-0.025563084620246868 0 3 0 0 0 3 2 2 0 0 2 2
0.0933700709603521 0 3 0 0 0 0 3 0 0 0 0 0
0.10221191491333173 0 3 0 0 0 0 0 3 0 0 0 0
0.09363117215818806 0 3 0 0 0 0 0 0 3 0 0 0
0.09389561936049662 0 3 0 0 0 0 0 0 0 3 0 0
0.1020871725112116 0 3 0 0 0 0 0 0 0 0 3 0
0.09994106574749259 0 3 0 0 0 0 0 0 0 0 0 3
-0.03226044115610804 0 0 1 1 3 0 0 1 0 3 1 0
-0.03226044115610804 0 0 1 1 3 0 0 2 0 3 2 0
-0.006773786362764987 0 0 1 1 0 0 0 1 0 1 0 0
-0.006773786362764987 0 0 1 1 0 0 0 2 0 2 0 0
0.006773786362764991 0 0 1 2 3 0 0 0 1 3 2 0
-0.006773786362764991 0 0 1 2 3 0 0 0 2 3 1 0
-0.04037686008251834 0 0 1 2 0 0 0 0 1 2 0 0
0.04037686008251834 0 0 1 2 0 0 0 0 2 1 0 0
0.006773786362764983 0 0 1 0 1 0 0 1 0 0 1 0
0.006773786362764983 0 0 1 0 1 0 0 2 0 0 2 0
0.00677378636276499 0 0 1 0 1 0 0 0 1 1 0 0
0.00677378636276499 0 0 1 0 1 0 0 0 2 2 0 0
-0.0027948315318680837 0 0 1 0 2 0 0 1 0 2 0 0
0.0027948315318680837 0 0 1 0 2 0 0 2 0 1 0 0
-0.0053215873945421785 0 0 1 0 2 0 0 0 1 0 2 0
0.0053215873945421785 0 0 1 0 2 0 0 0 2 0 1 0
-0.004872780283442579 0 0 1 0 0 2 0 0 1 0 0 2
0.004872780283442579 0 0 1 0 0 2 0 0 2 0 0 1
-0.006773786362764991 0 0 2 1 3 0 0 0 1 3 2 0
0.006773786362764991 0 0 2 1 3 0 0 0 2 3 1 0
0.04037686008251834 0 0 2 1 0 0 0 0 1 2 0 0
-0.04037686008251834 0 0 2 1 0 0 0 0 2 1 0 0
-0.03226044115610804 0 0 2 2 3 0 0 1 0 3 1 0
-0.03226044115610804 0 0 2 2 3 0 0 2 0 3 2 0
-0.006773786362764987 0 0 2 2 0 0 0 1 0 1 0 0
-0.006773786362764987 0 0 2 2 0 0 0 2 0 2 0 0
0.0027948315318680837 0 0 2 0 1 0 0 1 0 2 0 0
-0.0027948315318680837 0 0 2 0 1 0 0 2 0 1 0 0
0.0053215873945421785 0 0 2 0 1 0 0 0 1 0 2 0
-0.0053215873945421785 0 0 2 0 1 0 0 0 2 0 1 0
0.006773786362764983 0 0 2 0 2 0 0 1 0 0 1 0
0.006773786362764983 0 0 2 0 2 0 0 2 0 0 2 0
0.00677378636276499 0 0 2 0 2 0 0 0 1 1 0 0
0.00677378636276499 0 0 2 0 2 0 0 0 2 2 0 0
0.004872780283442579 0 0 2 0 0 1 0 0 1 0 0 2
-0.004872780283442579 0 0 2 0 0 1 0 0 2 0 0 1
0.881052352887622 0 0 3 0 0 0 0 0 0 0 0 0
0.004095776575357548 0 0 3 1 1 0 0 1 1 3 0 0
0.004095776575357548 0 0 3 1 1 0 0 2 2 3 0 0
-0.005190919456662968 0 0 3 1 1 0 0 0 0 3 0 0
0.004095776575357548 0 0 3 2 2 0 0 1 1 3 0 0
0.004095776575357548 0 0 3 2 2 0 0 2 2 3 0 0
-0.005190919456662968 0 0 3 2 2 0 0 0 0 3 0 0
0.06171031242869343 0 0 3 3 0 0 0 0 0 0 0 0
-0.0015828669061019932 0 0 3 3 0 0 0 1 1 0 0 0
-0.0015828669061019932 0 0 3 3 0 0 0 2 2 0 0 0
0.08857403196595438 0 0 3 0 3 0 0 0 0 0 0 0
0.0015828669061019804 0 0 3 0 3 0 0 1 1 0 0 0
-0.028164664580750485 0 0 3 0 3 0 0 1 1 1 1 0
0.0013009450434894646 0 0 3 0 3 0 0 1 1 2 2 0
-0.02946560962423995 0 0 3 0 3 0 0 1 2 2 1 0
-0.02946560962423995 0 0 3 0 3 0 0 2 1 1 2 0
0.0015828669061019804 0 0 3 0 3 0 0 2 2 0 0 0
0.0013009450434894646 0 0 3 0 3 0 0 2 2 1 1 0
-0.028164664580750485 0 0 3 0 3 0 0 2 2 2 2 0
0.0015828669061020216 0 0 3 0 3 0 0 0 0 1 1 0
0.0015828669061020216 0 0 3 0 3 0 0 0 0 2 2 0
0.09506828546405005 0 0 3 0 0 3 0 0 0 0 0 0
0.09337007096035214 0 0 3 0 0 0 3 0 0 0 0 0
0.0051909194566629934 0 0 3 0 0 0 0 1 1 3 0 0
-0.005190919456663003 0 0 3 0 0 0 0 1 1 0 3 0
0.0051909194566629934 0 0 3 0 0 0 0 2 2 3 0 0
-0.005190919456663003 0 0 3 0 0 0 0 2 2 0 3 0
0.09363117215818806 0 0 3 0 0 0 0 3 0 0 0 0
0.10221191491333181 0 0 3 0 0 0 0 0 3 0 0 0
0.10208717251121177 0 0 3 0 0 0 0 0 0 3 0 0
0.09389561936049655 0 0 3 0 0 0 0 0 0 0 3 0
0.09994106574749262 0 0 3 0 0 0 0 0 0 0 0 3
-0.0015828669061019787 0 0 0 1 1 0 0 3 0 3 0 0
0.0015828669061020216 0 0 0 1 1 0 0 0 3 3 0 0
-0.0046159630070856765 0 0 0 1 2 0 0 0 0 1 2 0
0.0046159630070856765 0 0 0 1 2 0 0 0 0 2 1 0
-0.0056834889212494235 0 0 0 1 0 2 0 0 0 1 0 2
0.0056834889212494235 0 0 0 1 0 2 0 0 0 2 0 1
0.0046159630070856765 0 0 0 2 1 0 0 0 0 1 2 0
-0.0046159630070856765 0 0 0 2 1 0 0 0 0 2 1 0
-0.0015828669061019787 0 0 0 2 2 0 0 3 0 3 0 0
0.0015828669061020216 0 0 0 2 2 0 0 0 3 3 0 0
0.0056834889212494235 0 0 0 2 0 1 0 0 0 1 0 2
-0.0056834889212494235 0 0 0 2 0 1 0 0 0 2 0 1
0.8262053587451628 0 0 0 3 0 0 0 0 0 0 0 0
0.08947153153144452 0 0 0 3 3 0 0 0 0 0 0 0
0.09371842939442575 0 0 0 3 0 3 0 0 0 0 0 0
0.093844461221877 0 0 0 3 0 0 3 0 0 0 0 0
0.09389561936049662 0 0 0 3 0 0 0 3 0 0 0 0
0.10208717251121177 0 0 0 3 0 0 0 0 3 0 0 0
0.10331942055270166 0 0 0 3 0 0 0 0 0 3 0 0
0.09408749453853019 0 0 0 3 0 0 0 0 0 0 3 0
0.09940191831567517 0 0 0 3 0 0 0 0 0 0 0 3
-0.005683488921249417 0 0 0 0 1 2 0 0 0 0 1 2
0.005683488921249417 0 0 0 0 1 2 0 0 0 0 2 1
0.005683488921249417 0 0 0 0 2 1 0 0 0 0 1 2
-0.005683488921249417 0 0 0 0 2 1 0 0 0 0 2 1
0.8262053587451614 0 0 0 0 3 0 0 0 0 0 0 0
0.09371842939442565 0 0 0 0 3 3 0 0 0 0 0 0
0.0938444612218769 0 0 0 0 3 0 3 0 0 0 0 0
0.1020871725112116 0 0 0 0 3 0 0 3 0 0 0 0
0.005190919456663001 0 0 0 0 3 0 0 3 0 1 1 0
0.005190919456663001 0 0 0 0 3 0 0 3 0 2 2 0
0.09389561936049655 0 0 0 0 3 0 0 0 3 0 0 0
-0.005190919456662968 0 0 0 0 3 0 0 0 3 1 1 0
-0.005190919456662968 0 0 0 0 3 0 0 0 3 2 2 0
0.09408749453853019 0 0 0 0 3 0 0 0 0 3 0 0
0.10331942055270141 0 0 0 0 3 0 0 0 0 0 3 0
0.09940191831567508 0 0 0 0 3 0 0 0 0 0 0 3
0.7748000979600398 0 0 0 0 0 3 0 0 0 0 0 0
0.10531564451287075 0 0 0 0 0 3 3 0 0 0 0 0
0.09994106574749259 0 0 0 0 0 3 0 3 0 0 0 0
0.09994106574749262 0 0 0 0 0 3 0 0 3 0 0 0
0.09940191831567517 0 0 0 0 0 3 0 0 0 3 0 0
0.09940191831567508 0 0 0 0 0 3 0 0 0 0 3 0
0.1142582927818929 0 0 0 0 0 3 0 0 0 0 0 3
0.9207315400650328 0 0 0 0 0 0 3 0 0 0 0 0
0.08808971890898754 0 0 0 0 0 0 3 3 0 0 0 0
0.08808971890898756 0 0 0 0 0 0 3 0 3 0 0 0
0.0885046457651798 0 0 0 0 0 0 3 0 0 3 0 0
0.08850464576517969 0 0 0 0 0 0 3 0 0 0 3 0
0.07163119269870137 0 0 0 0 0 0 3 0 0 0 0 3
0.8810523528876217 0 0 0 0 0 0 0 3 0 0 0 0
0.08934080078061622 0 0 0 0 0 0 0 3 3 0 0 0
0.08857403196595443 0 0 0 0 0 0 0 3 0 3 0 0
0.06171031242869334 0 0 0 0 0 0 0 3 0 0 3 0
0.09506828546405002 0 0 0 0 0 0 0 3 0 0 0 3
0.881052352887622 0 0 0 0 0 0 0 0 3 0 0 0
0.06171031242869343 0 0 0 0 0 0 0 0 3 3 0 0
0.08857403196595438 0 0 0 0 0 0 0 0 3 0 3 0
0.09506828546405005 0 0 0 0 0 0 0 0 3 0 0 3
0.8262053587451628 0 0 0 0 0 0 0 0 0 3 0 0
0.08947153153144452 0 0 0 0 0 0 0 0 0 3 3 0
0.09371842939442575 0 0 0 0 0 0 0 0 0 3 0 3
0.8262053587451612 0 0 0 0 0 0 0 0 0 0 3 0
0.09371842939442565 0 0 0 0 0 0 0 0 0 0 3 3
0.7748000979600398 0 0 0 0 0 0 0 0 0 0 0 3
