-906.1551394869036 0 0 0 0 0 0 0 0 0 0
-0.00037505174007144575 1 1 1 3 1 3 0 3 3 0
0.022146165807281376 1 1 2 3 2 3 0 3 3 0
-0.0003679448686406788 1 1 0 1 1 3 0 0 3 0
0.021726517166145123 1 1 0 2 2 3 0 0 3 0
-0.0029056959473238958 1 1 0 3 3 3 0 1 3 1
-0.0029056959473238958 1 1 0 3 3 3 0 2 3 2
-0.002850635790795641 1 1 0 0 3 3 0 0 1 1
-0.002850635790795641 1 1 0 0 3 3 0 0 2 2
-0.02252121754735282 1 2 2 3 1 3 0 3 3 0
-0.022094462034785798 1 2 0 2 1 3 0 0 3 0
-0.0046856869903225936 1 2 0 0 0 1 2 0 0 0
0.0046856869903225936 1 2 0 0 0 2 1 0 0 0
0.025051861754605272 1 3 2 3 3 3 1 3 3 2
-0.025051861754605272 1 3 2 3 3 3 2 3 3 1
0.024577152956940764 1 3 0 2 3 3 1 0 3 2
-0.024577152956940764 1 3 0 2 3 3 2 0 3 1
0.002530644207252451 1 3 0 3 1 3 1 1 3 0
0.002530644207252451 1 3 0 3 1 3 2 2 3 0
0.0024826909221549623 1 3 0 0 1 3 1 0 1 0
0.0024826909221549623 1 3 0 0 1 3 2 0 2 0
-0.02089400448728049 1 0 2 3 0 1 0 3 2 0
0.02089400448728049 1 0 2 3 0 2 0 3 1 0
-0.025437298894846784 1 0 2 0 0 1 0 2 0 0
0.025437298894846784 1 0 2 0 0 2 0 1 0 0
-0.02089400448728049 1 0 0 1 0 1 0 1 0 0
-0.02089400448728049 1 0 0 1 0 2 0 2 0 0
-0.024637808890129148 1 0 0 2 0 1 0 0 2 0
0.024637808890129148 1 0 0 2 0 2 0 0 1 0
-0.004512411895388764 1 0 0 0 2 1 0 0 0 2
0.004512411895388764 1 0 0 0 2 2 0 0 0 1
-0.02252121754735282 2 1 1 3 2 3 0 3 3 0
-0.022094462034785798 2 1 0 1 2 3 0 0 3 0
0.0046856869903225936 2 1 0 0 0 1 2 0 0 0
-0.0046856869903225936 2 1 0 0 0 2 1 0 0 0
0.022146165807281376 2 2 1 3 1 3 0 3 3 0
-0.00037505174007144575 2 2 2 3 2 3 0 3 3 0
0.021726517166145123 2 2 0 1 1 3 0 0 3 0
-0.0003679448686406788 2 2 0 2 2 3 0 0 3 0
-0.0029056959473238958 2 2 0 3 3 3 0 1 3 1
-0.0029056959473238958 2 2 0 3 3 3 0 2 3 2
-0.002850635790795641 2 2 0 0 3 3 0 0 1 1
-0.002850635790795641 2 2 0 0 3 3 0 0 2 2
-0.025051861754605272 2 3 1 3 3 3 1 3 3 2
0.025051861754605272 2 3 1 3 3 3 2 3 3 1
-0.024577152956940764 2 3 0 1 3 3 1 0 3 2
0.024577152956940764 2 3 0 1 3 3 2 0 3 1
0.002530644207252451 2 3 0 3 2 3 1 1 3 0
0.002530644207252451 2 3 0 3 2 3 2 2 3 0
0.0024826909221549623 2 3 0 0 2 3 1 0 1 0
0.0024826909221549623 2 3 0 0 2 3 2 0 2 0
0.02089400448728049 2 0 1 3 0 1 0 3 2 0
-0.02089400448728049 2 0 1 3 0 2 0 3 1 0
0.025437298894846784 2 0 1 0 0 1 0 2 0 0
-0.025437298894846784 2 0 1 0 0 2 0 1 0 0
0.024637808890129148 2 0 0 1 0 1 0 0 2 0
-0.024637808890129148 2 0 0 1 0 2 0 0 1 0
-0.02089400448728049 2 0 0 2 0 1 0 1 0 0
-0.02089400448728049 2 0 0 2 0 2 0 2 0 0
0.004512411895388764 2 0 0 0 1 1 0 0 0 2
-0.004512411895388764 2 0 0 0 1 2 0 0 0 1
0.6529571650364355 3 0 0 0 0 0 0 0 0 0
0.08514448384177024 3 3 0 0 0 0 0 0 0 0
0.0165972015742422 3 0 1 1 0 0 0 3 0 0
0.0165972015742422 3 0 2 2 0 0 0 3 0 0
0.06829001034638445 3 0 3 0 0 0 0 0 0 0
0.06892508711077237 3 0 0 3 0 0 0 0 0 0
-0.004296802913038292 3 0 0 3 0 0 0 1 1 0
-0.004296802913038292 3 0 0 3 0 0 0 2 2 0
0.08896294616766634 3 0 0 0 3 0 0 0 0 0
0.09746518868976688 3 0 0 0 0 3 0 0 0 0
0.08983017083209284 3 0 0 0 0 0 3 0 0 0
0.09372730924123124 3 0 0 0 0 0 0 3 0 0
0.09356289600090154 3 0 0 0 0 0 0 0 3 0
0.0934753580630551 3 0 0 0 0 0 0 0 0 3
0.002530644207252451 0 1 1 3 3 1 0 3 3 1
0.002530644207252451 0 1 1 3 3 2 0 3 3 2
-0.004356682269922955 0 1 2 0 0 0 1 2 0 0
0.004356682269922955 0 1 2 0 0 0 2 1 0 0
0.0024826909221549623 0 1 0 1 3 1 0 0 3 1
0.0024826909221549623 0 1 0 1 3 2 0 0 3 2
-0.004356682269922953 0 1 0 2 0 0 1 0 2 0
0.004356682269922953 0 1 0 2 0 0 2 0 1 0
0.025051861754605272 0 1 0 3 2 1 0 2 3 0
-0.025051861754605272 0 1 0 3 2 2 0 1 3 0
0.024577152956940764 0 1 0 0 2 1 0 0 2 0
-0.024577152956940764 0 1 0 0 2 2 0 0 1 0
-0.04036141902334356 0 1 0 0 2 0 1 0 0 2
0.04036141902334356 0 1 0 0 2 0 2 0 0 1
0.004356682269922955 0 2 1 0 0 0 1 2 0 0
-0.004356682269922955 0 2 1 0 0 0 2 1 0 0
0.002530644207252451 0 2 2 3 3 1 0 3 3 1
0.002530644207252451 0 2 2 3 3 2 0 3 3 2
0.004356682269922953 0 2 0 1 0 0 1 0 2 0
-0.004356682269922953 0 2 0 1 0 0 2 0 1 0
0.0024826909221549623 0 2 0 2 3 1 0 0 3 1
0.0024826909221549623 0 2 0 2 3 2 0 0 3 2
-0.025051861754605272 0 2 0 3 1 1 0 2 3 0
0.025051861754605272 0 2 0 3 1 2 0 1 3 0
-0.024577152956940764 0 2 0 0 1 1 0 0 2 0
0.024577152956940764 0 2 0 0 1 2 0 0 1 0
0.04036141902334356 0 2 0 0 1 0 1 0 0 2
-0.04036141902334356 0 2 0 0 1 0 2 0 0 1
0.6920337139768962 0 3 0 0 0 0 0 0 0 0
-0.0029056959473238958 0 3 1 3 1 1 1 3 3 0
-0.0029056959473238958 0 3 1 3 1 2 2 3 3 0
-0.0029056959473238958 0 3 2 3 2 1 1 3 3 0
-0.0029056959473238958 0 3 2 3 2 2 2 3 3 0
0.0855743671309269 0 3 3 0 0 0 0 0 0 0
-0.002850635790795641 0 3 0 1 1 1 1 0 3 0
-0.002850635790795641 0 3 0 1 1 2 2 0 3 0
-0.002850635790795641 0 3 0 2 2 1 1 0 3 0
-0.002850635790795641 0 3 0 2 2 2 2 0 3 0
0.08557436713092685 0 3 0 3 0 0 0 0 0 0
-0.00037505174007144575 0 3 0 3 3 1 1 1 3 1
0.022146165807281376 0 3 0 3 3 1 1 2 3 2
-0.02252121754735282 0 3 0 3 3 1 2 2 3 1
-0.02252121754735282 0 3 0 3 3 2 1 1 3 2
0.022146165807281376 0 3 0 3 3 2 2 1 3 1
-0.00037505174007144575 0 3 0 3 3 2 2 2 3 2
0.0613273956198411 0 3 0 0 3 0 0 0 0 0
-0.0003679448686406788 0 3 0 0 3 1 1 0 1 1
0.021726517166145123 0 3 0 0 3 1 1 0 2 2
-0.022094462034785798 0 3 0 0 3 1 2 0 2 1
-0.022094462034785798 0 3 0 0 3 2 1 0 1 2
0.021726517166145123 0 3 0 0 3 2 2 0 1 1
-0.0003679448686406788 0 3 0 0 3 2 2 0 2 2
0.08983017083209284 0 3 0 0 0 3 0 0 0 0
0.1002333611370092 0 3 0 0 0 0 3 0 0 0
0.08993104940084987 0 3 0 0 0 0 0 3 0 0
0.08993104940084981 0 3 0 0 0 0 0 0 3 0
0.10168881464318466 0 3 0 0 0 0 0 0 0 3
-0.004296802913038292 0 0 1 1 0 3 0 3 0 0
0.012300398661203705 0 0 1 1 0 0 0 3 0 0
-0.0044246065377567196 0 0 1 2 0 0 0 1 2 0
0.0044246065377567196 0 0 1 2 0 0 0 2 1 0
-0.004984264017851816 0 0 1 0 2 0 0 1 0 2
0.004984264017851816 0 0 1 0 2 0 0 2 0 1
0.0044246065377567196 0 0 2 1 0 0 0 1 2 0
-0.0044246065377567196 0 0 2 1 0 0 0 2 1 0
-0.004296802913038292 0 0 2 2 0 3 0 3 0 0
0.012300398661203705 0 0 2 2 0 0 0 3 0 0
0.004984264017851816 0 0 2 0 1 0 0 1 0 2
-0.004984264017851816 0 0 2 0 1 0 0 2 0 1
0.6425312043126781 0 0 3 0 0 0 0 0 0 0
0.08531688933185017 0 0 3 3 0 0 0 0 0 0
0.08844653807145142 0 0 3 0 3 0 0 0 0 0
0.09372730924123124 0 0 3 0 0 3 0 0 0 0
0.08993104940084987 0 0 3 0 0 0 3 0 0 0
0.09859070894512038 0 0 3 0 0 0 0 3 0 0
0.08974149586960689 0 0 3 0 0 0 0 0 3 0
0.09343080208930324 0 0 3 0 0 0 0 0 0 3
-0.0049842640178518124 0 0 0 1 2 0 0 0 1 2
0.0049842640178518124 0 0 0 1 2 0 0 0 2 1
0.0049842640178518124 0 0 0 2 1 0 0 0 1 2
-0.0049842640178518124 0 0 0 2 1 0 0 0 2 1
0.6430018678367371 0 0 0 3 0 0 0 0 0 0
0.08844653807145138 0 0 0 3 3 0 0 0 0 0
0.09356289600090154 0 0 0 3 0 3 0 0 0 0
0.0165972015742422 0 0 0 3 0 3 0 1 1 0
0.0165972015742422 0 0 0 3 0 3 0 2 2 0
0.08993104940084981 0 0 0 3 0 0 3 0 0 0
0.012300398661203705 0 0 0 3 0 0 0 1 1 0
0.012300398661203705 0 0 0 3 0 0 0 2 2 0
0.08974149586960689 0 0 0 3 0 0 0 3 0 0
0.09859070894512026 0 0 0 3 0 0 0 0 3 0
0.09343080208930318 0 0 0 3 0 0 0 0 0 3
0.603891204912891 0 0 0 0 3 0 0 0 0 0
0.0934753580630551 0 0 0 0 3 3 0 0 0 0
0.10168881464318466 0 0 0 0 3 0 3 0 0 0
0.09343080208930324 0 0 0 0 3 0 0 3 0 0
0.09343080208930318 0 0 0 0 3 0 0 0 3 0
0.10654713364648598 0 0 0 0 3 0 0 0 0 3
0.6529571650364353 0 0 0 0 0 3 0 0 0 0
0.08514448384177024 0 0 0 0 0 3 3 0 0 0
0.06829001034638445 0 0 0 0 0 3 0 3 0 0
0.06892508711077237 0 0 0 0 0 3 0 0 3 0
0.08896294616766634 0 0 0 0 0 3 0 0 0 3
0.692033713976896 0 0 0 0 0 0 3 0 0 0
0.0855743671309269 0 0 0 0 0 0 3 3 0 0
0.08557436713092685 0 0 0 0 0 0 3 0 3 0
0.0613273956198411 0 0 0 0 0 0 3 0 0 3
0.6425312043126781 0 0 0 0 0 0 0 3 0 0
0.08531688933185017 0 0 0 0 0 0 0 3 3 0
0.08844653807145142 0 0 0 0 0 0 0 3 0 3
0.6430018678367372 0 0 0 0 0 0 0 0 3 0
0.08844653807145138 0 0 0 0 0 0 0 0 3 3
0.6038912049128909 0 0 0 0 0 0 0 0 0 3
