-906.0760879405626 0 0 0 0 0 0 0 0 0 0
3.2834487363429796e-05 1 1 1 3 1 3 0 3 3 0
-0.001381308281757993 1 1 2 3 2 3 0 3 3 0
0.0006798773088429427 1 1 0 1 1 3 0 0 3 0
-0.02860163909030773 1 1 0 2 2 3 0 0 3 0
0.00018530053992104343 1 1 0 3 3 3 0 1 3 1
0.00018530053992104343 1 1 0 3 3 3 0 2 3 2
0.0038368691739947207 1 1 0 0 3 3 0 0 1 1
0.0038368691739947207 1 1 0 0 3 3 0 0 2 2
0.0014141427691214228 1 2 2 3 1 3 0 3 3 0
0.029281516399150664 1 2 0 2 1 3 0 0 3 0
-0.004960650603156089 1 2 0 0 0 1 2 0 0 0
0.004960650603156089 1 2 0 0 0 2 1 0 0 0
-0.0015666088216790362 1 3 2 3 3 3 1 3 3 2
0.0015666088216790362 1 3 2 3 3 3 2 3 3 1
-0.032438508264302446 1 3 0 2 3 3 1 0 3 2
0.032438508264302446 1 3 0 2 3 3 2 0 3 1
-0.00015246605255761362 1 3 0 3 1 3 1 1 3 0
-0.00015246605255761362 1 3 0 3 1 3 2 2 3 0
-0.0031569918651517775 1 3 0 0 1 3 1 0 1 0
-0.0031569918651517775 1 3 0 0 1 3 2 0 2 0
-0.0019179621420290956 1 0 2 3 0 1 0 3 2 0
0.0019179621420290956 1 0 2 3 0 2 0 3 1 0
-0.0041986842712956225 1 0 2 0 0 1 0 2 0 0
0.0041986842712956225 1 0 2 0 0 2 0 1 0 0
-0.001917962142029096 1 0 0 1 0 1 0 1 0 0
-0.001917962142029096 1 0 0 1 0 2 0 2 0 0
-0.04381975556255782 1 0 0 2 0 1 0 0 2 0
0.04381975556255782 1 0 0 2 0 2 0 0 1 0
-0.004661280278414829 1 0 0 0 2 1 0 0 0 2
0.004661280278414829 1 0 0 0 2 2 0 0 0 1
0.0014141427691214228 2 1 1 3 2 3 0 3 3 0
0.029281516399150664 2 1 0 1 2 3 0 0 3 0
0.004960650603156089 2 1 0 0 0 1 2 0 0 0
-0.004960650603156089 2 1 0 0 0 2 1 0 0 0
-0.001381308281757993 2 2 1 3 1 3 0 3 3 0
3.2834487363429796e-05 2 2 2 3 2 3 0 3 3 0
-0.02860163909030773 2 2 0 1 1 3 0 0 3 0
0.0006798773088429427 2 2 0 2 2 3 0 0 3 0
0.00018530053992104343 2 2 0 3 3 3 0 1 3 1
0.00018530053992104343 2 2 0 3 3 3 0 2 3 2
0.0038368691739947207 2 2 0 0 3 3 0 0 1 1
0.0038368691739947207 2 2 0 0 3 3 0 0 2 2
0.0015666088216790362 2 3 1 3 3 3 1 3 3 2
-0.0015666088216790362 2 3 1 3 3 3 2 3 3 1
0.032438508264302446 2 3 0 1 3 3 1 0 3 2
-0.032438508264302446 2 3 0 1 3 3 2 0 3 1
-0.00015246605255761362 2 3 0 3 2 3 1 1 3 0
-0.00015246605255761362 2 3 0 3 2 3 2 2 3 0
-0.0031569918651517775 2 3 0 0 2 3 1 0 1 0
-0.0031569918651517775 2 3 0 0 2 3 2 0 2 0
0.0019179621420290956 2 0 1 3 0 1 0 3 2 0
-0.0019179621420290956 2 0 1 3 0 2 0 3 1 0
0.0041986842712956225 2 0 1 0 0 1 0 2 0 0
-0.0041986842712956225 2 0 1 0 0 2 0 1 0 0
0.04381975556255782 2 0 0 1 0 1 0 0 2 0
-0.04381975556255782 2 0 0 1 0 2 0 0 1 0
-0.001917962142029096 2 0 0 2 0 1 0 1 0 0
-0.001917962142029096 2 0 0 2 0 2 0 2 0 0
0.004661280278414829 2 0 0 0 1 1 0 0 0 2
-0.004661280278414829 2 0 0 0 1 2 0 0 0 1
0.6725904145943744 3 0 0 0 0 0 0 0 0 0
0.08667994238381176 3 3 0 0 0 0 0 0 0 0
0.0015002060714276217 3 0 1 1 0 0 0 3 0 0
0.0015002060714276217 3 0 2 2 0 0 0 3 0 0
0.0871642063729864 3 0 3 0 0 0 0 0 0 0
0.05617309846470751 3 0 0 3 0 0 0 0 0 0
-0.00041775607060147413 3 0 0 3 0 0 0 1 1 0
-0.00041775607060147413 3 0 0 3 0 0 0 2 2 0
0.09183180665015062 3 0 0 0 3 0 0 0 0 0
0.09958044010729761 3 0 0 0 0 3 0 0 0 0
0.09164059298696785 3 0 0 0 0 0 3 0 0 0
0.09136289064428202 3 0 0 0 0 0 0 3 0 0
0.09999285402726533 3 0 0 0 0 0 0 0 3 0
0.09649308692856545 3 0 0 0 0 0 0 0 0 3
-0.00015246605255761362 0 1 1 3 3 1 0 3 3 1
-0.00015246605255761362 0 1 1 3 3 2 0 3 3 2
-0.004724579111832255 0 1 2 0 0 0 1 2 0 0
0.004724579111832255 0 1 2 0 0 0 2 1 0 0
-0.0031569918651517775 0 1 0 1 3 1 0 0 3 1
-0.0031569918651517775 0 1 0 1 3 2 0 0 3 2
-0.0047245791118322505 0 1 0 2 0 0 1 0 2 0
0.0047245791118322505 0 1 0 2 0 0 2 0 1 0
-0.0015666088216790362 0 1 0 3 2 1 0 2 3 0
0.0015666088216790362 0 1 0 3 2 2 0 1 3 0
-0.032438508264302446 0 1 0 0 2 1 0 0 2 0
0.032438508264302446 0 1 0 0 2 2 0 0 1 0
-0.037210092375095254 0 1 0 0 2 0 1 0 0 2
0.037210092375095254 0 1 0 0 2 0 2 0 0 1
0.004724579111832255 0 2 1 0 0 0 1 2 0 0
-0.004724579111832255 0 2 1 0 0 0 2 1 0 0
-0.00015246605255761362 0 2 2 3 3 1 0 3 3 1
-0.00015246605255761362 0 2 2 3 3 2 0 3 3 2
0.0047245791118322505 0 2 0 1 0 0 1 0 2 0
-0.0047245791118322505 0 2 0 1 0 0 2 0 1 0
-0.0031569918651517775 0 2 0 2 3 1 0 0 3 1
-0.0031569918651517775 0 2 0 2 3 2 0 0 3 2
0.0015666088216790362 0 2 0 3 1 1 0 2 3 0
-0.0015666088216790362 0 2 0 3 1 2 0 1 3 0
0.032438508264302446 0 2 0 0 1 1 0 0 2 0
-0.032438508264302446 0 2 0 0 1 2 0 0 1 0
0.037210092375095254 0 2 0 0 1 0 1 0 0 2
-0.037210092375095254 0 2 0 0 1 0 2 0 0 1
0.7155096766565548 0 3 0 0 0 0 0 0 0 0
0.00018530053992104343 0 3 1 3 1 1 1 3 3 0
0.00018530053992104343 0 3 1 3 1 2 2 3 3 0
0.00018530053992104343 0 3 2 3 2 1 1 3 3 0
0.00018530053992104343 0 3 2 3 2 2 2 3 3 0
0.08711630848937195 0 3 3 0 0 0 0 0 0 0
0.0038368691739947207 0 3 0 1 1 1 1 0 3 0
0.0038368691739947207 0 3 0 1 1 2 2 0 3 0
0.0038368691739947207 0 3 0 2 2 1 1 0 3 0
0.0038368691739947207 0 3 0 2 2 2 2 0 3 0
0.08711630848937187 0 3 0 3 0 0 0 0 0 0
3.2834487363429796e-05 0 3 0 3 3 1 1 1 3 1
-0.001381308281757993 0 3 0 3 3 1 1 2 3 2
0.0014141427691214228 0 3 0 3 3 1 2 2 3 1
0.0014141427691214228 0 3 0 3 3 2 1 1 3 2
-0.001381308281757993 0 3 0 3 3 2 2 1 3 1
3.2834487363429796e-05 0 3 0 3 3 2 2 2 3 2
0.0664372938378888 0 3 0 0 3 0 0 0 0 0
0.0006798773088429427 0 3 0 0 3 1 1 0 1 1
-0.02860163909030773 0 3 0 0 3 1 1 0 2 2
0.029281516399150664 0 3 0 0 3 1 2 0 2 1
0.029281516399150664 0 3 0 0 3 2 1 0 1 2
-0.02860163909030773 0 3 0 0 3 2 2 0 1 1
0.0006798773088429427 0 3 0 0 3 2 2 0 2 2
0.09164059298696785 0 3 0 0 0 3 0 0 0 0
0.10230631437008603 0 3 0 0 0 0 3 0 0 0
0.0918408876012042 0 3 0 0 0 0 0 3 0 0
0.09184088760120412 0 3 0 0 0 0 0 0 3 0
0.10364738621298406 0 3 0 0 0 0 0 0 0 3
-0.00041775607060147413 0 0 1 1 0 3 0 3 0 0
0.0010824500008263342 0 0 1 1 0 0 0 3 0 0
-0.004507963190759789 0 0 1 2 0 0 0 1 2 0
0.004507963190759789 0 0 1 2 0 0 0 2 1 0
-0.005279905803686118 0 0 1 0 2 0 0 1 0 2
0.005279905803686118 0 0 1 0 2 0 0 2 0 1
0.004507963190759789 0 0 2 1 0 0 0 1 2 0
-0.004507963190759789 0 0 2 1 0 0 0 2 1 0
-0.00041775607060147413 0 0 2 2 0 3 0 3 0 0
0.0010824500008263342 0 0 2 2 0 0 0 3 0 0
0.005279905803686118 0 0 2 0 1 0 0 1 0 2
-0.005279905803686118 0 0 2 0 1 0 0 2 0 1
0.659537033283953 0 0 3 0 0 0 0 0 0 0
0.08729561468278725 0 0 3 3 0 0 0 0 0 0
0.09098962850110592 0 0 3 0 3 0 0 0 0 0
0.09136289064428202 0 0 3 0 0 3 0 0 0 0
0.0918408876012042 0 0 3 0 0 0 3 0 0 0
0.10081950425506672 0 0 3 0 0 0 0 3 0 0
0.09180357787354704 0 0 3 0 0 0 0 0 3 0
0.09626953430479204 0 0 3 0 0 0 0 0 0 3
-0.005279905803686113 0 0 0 1 2 0 0 0 1 2
0.005279905803686113 0 0 0 1 2 0 0 0 2 1
0.005279905803686113 0 0 0 2 1 0 0 0 1 2
-0.005279905803686113 0 0 0 2 1 0 0 0 2 1
0.6371758887586572 0 0 0 3 0 0 0 0 0 0
0.09098962850110584 0 0 0 3 3 0 0 0 0 0
0.09999285402726533 0 0 0 3 0 3 0 0 0 0
0.0015002060714276217 0 0 0 3 0 3 0 1 1 0
0.0015002060714276217 0 0 0 3 0 3 0 2 2 0
0.09184088760120412 0 0 0 3 0 0 3 0 0 0
0.001082450000826334 0 0 0 3 0 0 0 1 1 0
0.001082450000826334 0 0 0 3 0 0 0 2 2 0
0.09180357787354704 0 0 0 3 0 0 0 3 0 0
0.10081950425506654 0 0 0 3 0 0 0 0 3 0
0.09626953430479196 0 0 0 3 0 0 0 0 0 3
0.5956865729605242 0 0 0 0 3 0 0 0 0 0
0.09649308692856545 0 0 0 0 3 3 0 0 0 0
0.10364738621298406 0 0 0 0 3 0 3 0 0 0
0.09626953430479204 0 0 0 0 3 0 0 3 0 0
0.09626953430479196 0 0 0 0 3 0 0 0 3 0
0.11030139980997308 0 0 0 0 3 0 0 0 0 3
0.6725904145943744 0 0 0 0 0 3 0 0 0 0
0.08667994238381176 0 0 0 0 0 3 3 0 0 0
0.0871642063729864 0 0 0 0 0 3 0 3 0 0
0.05617309846470751 0 0 0 0 0 3 0 0 3 0
0.09183180665015062 0 0 0 0 0 3 0 0 0 3
0.7155096766565546 0 0 0 0 0 0 3 0 0 0
0.08711630848937195 0 0 0 0 0 0 3 3 0 0
0.08711630848937187 0 0 0 0 0 0 3 0 3 0
0.0664372938378888 0 0 0 0 0 0 3 0 0 3
0.659537033283953 0 0 0 0 0 0 0 3 0 0
0.08729561468278725 0 0 0 0 0 0 0 3 3 0
0.09098962850110592 0 0 0 0 0 0 0 3 0 3
0.6371758887586572 0 0 0 0 0 0 0 0 3 0
0.09098962850110584 0 0 0 0 0 0 0 0 3 3
0.5956865729605243 0 0 0 0 0 0 0 0 0 3
