-903.4864783026751 0 0 0 0 0 0 0 0 0 0 0 0
0.0047899493118995825 1 1 0 1 1 0 3 0 0 3 0 0
-0.019919229049019008 1 1 0 2 2 0 3 0 0 3 0 0
-0.008895596156340047 1 1 0 3 0 0 3 0 0 0 0 0
0.008895596156340098 1 1 0 0 3 0 3 0 0 0 0 0
0.002969310776086344 1 1 0 0 3 0 3 0 0 1 1 0
0.002969310776086344 1 1 0 0 3 0 3 0 0 2 2 0
0.003491744482974589 1 1 0 0 0 0 3 0 0 3 0 0
-0.003491744482974543 1 1 0 0 0 0 3 0 0 0 3 0
0.02470917836091859 1 2 0 2 1 0 3 0 0 3 0 0
-0.004698269569563255 1 2 0 0 0 0 1 2 0 0 0 0
0.004698269569563255 1 2 0 0 0 0 2 1 0 0 0 0
-0.0009157152410582282 1 3 1 1 3 1 3 3 0 3 3 0
0.018633134970918563 1 3 1 2 3 2 3 3 0 3 3 0
-0.0004233411098813975 1 3 1 0 1 1 3 3 0 0 3 0
0.008614219448878822 1 3 1 0 2 2 3 3 0 0 3 0
-0.0015933620654469233 1 3 1 0 3 3 3 3 0 1 3 1
-0.0015933620654469233 1 3 1 0 3 3 3 3 0 2 3 2
-0.000736621642826107 1 3 1 0 0 3 3 3 0 0 1 1
-0.000736621642826107 1 3 1 0 0 3 3 3 0 0 2 2
-0.019548850211976786 1 3 2 2 3 1 3 3 0 3 3 0
-0.009037560558760219 1 3 2 0 2 1 3 3 0 0 3 0
0.020226497036365487 1 3 3 2 3 3 3 3 1 3 3 2
-0.020226497036365487 1 3 3 2 3 3 3 3 2 3 3 1
0.009350841091704927 1 3 3 0 2 3 3 3 1 0 3 2
-0.009350841091704927 1 3 3 0 2 3 3 3 2 0 3 1
0.000677646824388695 1 3 3 0 3 1 3 3 1 1 3 0
0.000677646824388695 1 3 3 0 3 1 3 3 2 2 3 0
0.0003132805329447096 1 3 3 0 0 1 3 3 1 0 1 0
0.0003132805329447096 1 3 3 0 0 1 3 3 2 0 2 0
-0.02288853982510535 1 3 0 2 3 0 3 1 0 3 2 0
0.02288853982510535 1 3 0 2 3 0 3 2 0 3 1 0
0.012387340639314638 1 3 0 2 0 0 3 1 0 2 0 0
-0.012387340639314638 1 3 0 2 0 0 3 2 0 1 0 0
0.0018206385358132383 1 3 0 0 1 0 3 1 0 1 0 0
0.0018206385358132383 1 3 0 0 1 0 3 2 0 2 0 0
-0.01238734063931464 1 3 0 0 2 0 3 1 0 0 2 0
0.01238734063931464 1 3 0 0 2 0 3 2 0 0 1 0
-0.005807884474254932 1 0 2 0 0 0 1 0 2 0 0 0
0.005807884474254932 1 0 2 0 0 0 2 0 1 0 0 0
-0.012387340639314647 1 0 0 2 3 0 1 0 0 3 2 0
0.012387340639314647 1 0 0 2 3 0 2 0 0 3 1 0
-0.030700758992476065 1 0 0 2 0 0 1 0 0 2 0 0
0.030700758992476065 1 0 0 2 0 0 2 0 0 1 0 0
-0.012387340639314647 1 0 0 0 1 0 1 0 0 1 0 0
-0.012387340639314647 1 0 0 0 1 0 2 0 0 2 0 0
-0.009632857703183935 1 0 0 0 2 0 1 0 0 0 2 0
0.009632857703183935 1 0 0 0 2 0 2 0 0 0 1 0
-0.0055454203837501 1 0 0 0 0 2 1 0 0 0 0 2
0.0055454203837501 1 0 0 0 0 2 2 0 0 0 0 1
0.02470917836091859 2 1 0 1 2 0 3 0 0 3 0 0
0.004698269569563255 2 1 0 0 0 0 1 2 0 0 0 0
-0.004698269569563255 2 1 0 0 0 0 2 1 0 0 0 0
-0.019919229049019008 2 2 0 1 1 0 3 0 0 3 0 0
0.0047899493118995825 2 2 0 2 2 0 3 0 0 3 0 0
-0.008895596156340047 2 2 0 3 0 0 3 0 0 0 0 0
0.008895596156340098 2 2 0 0 3 0 3 0 0 0 0 0
0.002969310776086344 2 2 0 0 3 0 3 0 0 1 1 0
0.002969310776086344 2 2 0 0 3 0 3 0 0 2 2 0
0.003491744482974589 2 2 0 0 0 0 3 0 0 3 0 0
-0.003491744482974543 2 2 0 0 0 0 3 0 0 0 3 0
-0.019548850211976786 2 3 1 1 3 2 3 3 0 3 3 0
-0.009037560558760219 2 3 1 0 1 2 3 3 0 0 3 0
0.018633134970918563 2 3 2 1 3 1 3 3 0 3 3 0
-0.0009157152410582282 2 3 2 2 3 2 3 3 0 3 3 0
0.008614219448878822 2 3 2 0 1 1 3 3 0 0 3 0
-0.0004233411098813975 2 3 2 0 2 2 3 3 0 0 3 0
-0.0015933620654469233 2 3 2 0 3 3 3 3 0 1 3 1
-0.0015933620654469233 2 3 2 0 3 3 3 3 0 2 3 2
-0.000736621642826107 2 3 2 0 0 3 3 3 0 0 1 1
-0.000736621642826107 2 3 2 0 0 3 3 3 0 0 2 2
-0.020226497036365487 2 3 3 1 3 3 3 3 1 3 3 2
0.020226497036365487 2 3 3 1 3 3 3 3 2 3 3 1
-0.009350841091704927 2 3 3 0 1 3 3 3 1 0 3 2
0.009350841091704927 2 3 3 0 1 3 3 3 2 0 3 1
0.000677646824388695 2 3 3 0 3 2 3 3 1 1 3 0
0.000677646824388695 2 3 3 0 3 2 3 3 2 2 3 0
0.0003132805329447096 2 3 3 0 0 2 3 3 1 0 1 0
0.0003132805329447096 2 3 3 0 0 2 3 3 2 0 2 0
0.02288853982510535 2 3 0 1 3 0 3 1 0 3 2 0
-0.02288853982510535 2 3 0 1 3 0 3 2 0 3 1 0
-0.012387340639314638 2 3 0 1 0 0 3 1 0 2 0 0
0.012387340639314638 2 3 0 1 0 0 3 2 0 1 0 0
0.01238734063931464 2 3 0 0 1 0 3 1 0 0 2 0
-0.01238734063931464 2 3 0 0 1 0 3 2 0 0 1 0
0.0018206385358132383 2 3 0 0 2 0 3 1 0 1 0 0
0.0018206385358132383 2 3 0 0 2 0 3 2 0 2 0 0
0.005807884474254932 2 0 1 0 0 0 1 0 2 0 0 0
-0.005807884474254932 2 0 1 0 0 0 2 0 1 0 0 0
0.012387340639314647 2 0 0 1 3 0 1 0 0 3 2 0
-0.012387340639314647 2 0 0 1 3 0 2 0 0 3 1 0
0.030700758992476065 2 0 0 1 0 0 1 0 0 2 0 0
-0.030700758992476065 2 0 0 1 0 0 2 0 0 1 0 0
0.009632857703183935 2 0 0 0 1 0 1 0 0 0 2 0
-0.009632857703183935 2 0 0 0 1 0 2 0 0 0 1 0
-0.012387340639314647 2 0 0 0 2 0 1 0 0 1 0 0
-0.012387340639314647 2 0 0 0 2 0 2 0 0 2 0 0
0.0055454203837501 2 0 0 0 0 1 1 0 0 0 0 2
-0.0055454203837501 2 0 0 0 0 1 2 0 0 0 0 1
0.9750241472789551 3 0 0 0 0 0 0 0 0 0 0 0
0.09560781395843716 3 3 0 0 0 0 0 0 0 0 0 0
0.09067779687138454 3 0 3 0 0 0 0 0 0 0 0 0
0.008895596156340047 3 0 0 1 1 0 0 0 0 3 0 0
0.008895596156340047 3 0 0 2 2 0 0 0 0 3 0 0
0.07576709511308798 3 0 0 3 0 0 0 0 0 0 0 0
0.0908963748502075 3 0 0 0 3 0 0 0 0 0 0 0
-0.003491744482974599 3 0 0 0 3 0 0 0 0 1 1 0
-0.003491744482974599 3 0 0 0 3 0 0 0 0 2 2 0
0.10205896222753463 3 0 0 0 0 3 0 0 0 0 0 0
0.10970262266712706 3 0 0 0 0 0 3 0 0 0 0 0
0.10030608352800041 3 0 0 0 0 0 0 3 0 0 0 0
0.09648568134563948 3 0 0 0 0 0 0 0 3 0 0 0
0.10646785410556404 3 0 0 0 0 0 0 0 0 3 0 0
0.10052923255339144 3 0 0 0 0 0 0 0 0 0 3 0
0.10760438261128473 3 0 0 0 0 0 0 0 0 0 0 3
0.000423341109881397 0 1 1 1 3 1 0 3 0 3 3 0
-0.008614219448878812 0 1 1 2 3 2 0 3 0 3 3 0
-0.0009157152410582271 0 1 1 0 1 1 0 3 0 0 3 0
0.01863313497091855 0 1 1 0 2 2 0 3 0 0 3 0
0.0007366216428261065 0 1 1 0 3 3 0 3 0 1 3 1
0.0007366216428261065 0 1 1 0 3 3 0 3 0 2 3 2
-0.001593362065446922 0 1 1 0 0 3 0 3 0 0 1 1
-0.001593362065446922 0 1 1 0 0 3 0 3 0 0 2 2
0.009037560558760208 0 1 2 2 3 1 0 3 0 3 3 0
-0.019548850211976773 0 1 2 0 2 1 0 3 0 0 3 0
-0.0058078844742549245 0 1 2 0 0 0 0 1 2 0 0 0
0.0058078844742549245 0 1 2 0 0 0 0 2 1 0 0 0
-0.00935084109170492 0 1 3 2 3 3 0 3 1 3 3 2
0.00935084109170492 0 1 3 2 3 3 0 3 2 3 3 1
0.020226497036365473 0 1 3 0 2 3 0 3 1 0 3 2
-0.020226497036365473 0 1 3 0 2 3 0 3 2 0 3 1
-0.0003132805329447091 0 1 3 0 3 1 0 3 1 1 3 0
-0.0003132805329447091 0 1 3 0 3 1 0 3 2 2 3 0
0.0006776468243886949 0 1 3 0 0 1 0 3 1 0 1 0
0.0006776468243886949 0 1 3 0 0 1 0 3 2 0 2 0
0.0018206385358132383 0 1 0 1 3 0 1 0 0 3 1 0
0.0018206385358132383 0 1 0 1 3 0 2 0 0 3 2 0
0.012387340639314638 0 1 0 1 0 0 1 0 0 1 0 0
0.012387340639314638 0 1 0 1 0 0 2 0 0 2 0 0
0.012387340639314622 0 1 0 2 3 0 0 1 0 3 2 0
-0.012387340639314622 0 1 0 2 3 0 0 2 0 3 1 0
-0.009632857703183917 0 1 0 2 0 0 0 1 0 2 0 0
0.009632857703183917 0 1 0 2 0 0 0 2 0 1 0 0
-0.01238734063931464 0 1 0 0 1 0 1 0 0 0 1 0
-0.01238734063931464 0 1 0 0 1 0 2 0 0 0 2 0
0.012387340639314622 0 1 0 0 1 0 0 1 0 1 0 0
0.012387340639314622 0 1 0 0 1 0 0 2 0 2 0 0
-0.02288853982510535 0 1 0 0 2 0 1 0 0 2 0 0
0.02288853982510535 0 1 0 0 2 0 2 0 0 1 0 0
-0.030700758992476037 0 1 0 0 2 0 0 1 0 0 2 0
0.030700758992476037 0 1 0 0 2 0 0 2 0 0 1 0
-0.005545420383750093 0 1 0 0 0 2 0 1 0 0 0 2
0.005545420383750093 0 1 0 0 0 2 0 2 0 0 0 1
0.009037560558760208 0 2 1 1 3 2 0 3 0 3 3 0
-0.019548850211976773 0 2 1 0 1 2 0 3 0 0 3 0
0.0058078844742549245 0 2 1 0 0 0 0 1 2 0 0 0
-0.0058078844742549245 0 2 1 0 0 0 0 2 1 0 0 0
-0.008614219448878812 0 2 2 1 3 1 0 3 0 3 3 0
0.000423341109881397 0 2 2 2 3 2 0 3 0 3 3 0
0.01863313497091855 0 2 2 0 1 1 0 3 0 0 3 0
-0.0009157152410582271 0 2 2 0 2 2 0 3 0 0 3 0
0.0007366216428261065 0 2 2 0 3 3 0 3 0 1 3 1
0.0007366216428261065 0 2 2 0 3 3 0 3 0 2 3 2
-0.001593362065446922 0 2 2 0 0 3 0 3 0 0 1 1
-0.001593362065446922 0 2 2 0 0 3 0 3 0 0 2 2
0.00935084109170492 0 2 3 1 3 3 0 3 1 3 3 2
-0.00935084109170492 0 2 3 1 3 3 0 3 2 3 3 1
-0.020226497036365473 0 2 3 0 1 3 0 3 1 0 3 2
0.020226497036365473 0 2 3 0 1 3 0 3 2 0 3 1
-0.0003132805329447091 0 2 3 0 3 2 0 3 1 1 3 0
-0.0003132805329447091 0 2 3 0 3 2 0 3 2 2 3 0
0.0006776468243886949 0 2 3 0 0 2 0 3 1 0 1 0
0.0006776468243886949 0 2 3 0 0 2 0 3 2 0 2 0
-0.012387340639314622 0 2 0 1 3 0 0 1 0 3 2 0
0.012387340639314622 0 2 0 1 3 0 0 2 0 3 1 0
0.009632857703183917 0 2 0 1 0 0 0 1 0 2 0 0
-0.009632857703183917 0 2 0 1 0 0 0 2 0 1 0 0
0.0018206385358132383 0 2 0 2 3 0 1 0 0 3 1 0
0.0018206385358132383 0 2 0 2 3 0 2 0 0 3 2 0
0.012387340639314638 0 2 0 2 0 0 1 0 0 1 0 0
0.012387340639314638 0 2 0 2 0 0 2 0 0 2 0 0
0.02288853982510535 0 2 0 0 1 0 1 0 0 2 0 0
-0.02288853982510535 0 2 0 0 1 0 2 0 0 1 0 0
0.030700758992476037 0 2 0 0 1 0 0 1 0 0 2 0
-0.030700758992476037 0 2 0 0 1 0 0 2 0 0 1 0
-0.01238734063931464 0 2 0 0 2 0 1 0 0 0 1 0
-0.01238734063931464 0 2 0 0 2 0 2 0 0 0 2 0
0.012387340639314622 0 2 0 0 2 0 0 1 0 1 0 0
0.012387340639314622 0 2 0 0 2 0 0 2 0 2 0 0
0.005545420383750093 0 2 0 0 0 1 0 1 0 0 0 2
-0.005545420383750093 0 2 0 0 0 1 0 2 0 0 0 1
0.9750241472789538 0 3 0 0 0 0 0 0 0 0 0 0
0.000677646824388695 0 3 1 1 3 3 1 3 0 3 3 1
0.000677646824388695 0 3 1 1 3 3 2 3 0 3 3 2
0.0003132805329447096 0 3 1 0 1 3 1 3 0 0 3 1
0.0003132805329447096 0 3 1 0 1 3 2 3 0 0 3 2
0.020226497036365487 0 3 1 0 3 2 1 3 0 2 3 0
-0.020226497036365487 0 3 1 0 3 2 2 3 0 1 3 0
0.009350841091704927 0 3 1 0 0 2 1 3 0 0 2 0
-0.009350841091704927 0 3 1 0 0 2 2 3 0 0 1 0
0.000677646824388695 0 3 2 2 3 3 1 3 0 3 3 1
0.000677646824388695 0 3 2 2 3 3 2 3 0 3 3 2
0.0003132805329447096 0 3 2 0 2 3 1 3 0 0 3 1
0.0003132805329447096 0 3 2 0 2 3 2 3 0 0 3 2
-0.020226497036365487 0 3 2 0 3 1 1 3 0 2 3 0
0.020226497036365487 0 3 2 0 3 1 2 3 0 1 3 0
-0.009350841091704927 0 3 2 0 0 1 1 3 0 0 2 0
0.009350841091704927 0 3 2 0 0 1 2 3 0 0 1 0
0.09067779687138443 0 3 3 0 0 0 0 0 0 0 0 0
-0.0015933620654469233 0 3 3 1 3 1 1 3 1 3 3 0
-0.0015933620654469233 0 3 3 1 3 1 2 3 2 3 3 0
-0.0015933620654469233 0 3 3 2 3 2 1 3 1 3 3 0
-0.0015933620654469233 0 3 3 2 3 2 2 3 2 3 3 0
-0.000736621642826107 0 3 3 0 1 1 1 3 1 0 3 0
-0.000736621642826107 0 3 3 0 1 1 2 3 2 0 3 0
-0.000736621642826107 0 3 3 0 2 2 1 3 1 0 3 0
-0.000736621642826107 0 3 3 0 2 2 2 3 2 0 3 0
-0.0009157152410582282 0 3 3 0 3 3 1 3 1 1 3 1
0.018633134970918563 0 3 3 0 3 3 1 3 1 2 3 2
-0.019548850211976786 0 3 3 0 3 3 1 3 2 2 3 1
-0.019548850211976786 0 3 3 0 3 3 2 3 1 1 3 2
0.018633134970918563 0 3 3 0 3 3 2 3 2 1 3 1
-0.0009157152410582282 0 3 3 0 3 3 2 3 2 2 3 2
-0.0004233411098813975 0 3 3 0 0 3 1 3 1 0 1 1
0.008614219448878822 0 3 3 0 0 3 1 3 1 0 2 2
-0.009037560558760219 0 3 3 0 0 3 1 3 2 0 2 1
-0.009037560558760219 0 3 3 0 0 3 2 3 1 0 1 2
0.008614219448878822 0 3 3 0 0 3 2 3 2 0 1 1
-0.0004233411098813975 0 3 3 0 0 3 2 3 2 0 2 2
0.002969310776086344 0 3 0 1 1 0 1 1 0 3 0 0
0.002969310776086344 0 3 0 1 1 0 2 2 0 3 0 0
-0.00889559615634009 0 3 0 1 1 0 0 0 0 3 0 0
0.002969310776086344 0 3 0 2 2 0 1 1 0 3 0 0
0.002969310776086344 0 3 0 2 2 0 2 2 0 3 0 0
-0.00889559615634009 0 3 0 2 2 0 0 0 0 3 0 0
0.09089637485020731 0 3 0 3 0 0 0 0 0 0 0 0
0.003491744482974589 0 3 0 3 0 0 1 1 0 0 0 0
0.003491744482974589 0 3 0 3 0 0 2 2 0 0 0 0
0.07576709511308793 0 3 0 0 3 0 0 0 0 0 0 0
-0.003491744482974543 0 3 0 0 3 0 1 1 0 0 0 0
0.0047899493118995825 0 3 0 0 3 0 1 1 0 1 1 0
-0.019919229049019008 0 3 0 0 3 0 1 1 0 2 2 0
0.02470917836091859 0 3 0 0 3 0 1 2 0 2 1 0
0.02470917836091859 0 3 0 0 3 0 2 1 0 1 2 0
-0.003491744482974543 0 3 0 0 3 0 2 2 0 0 0 0
-0.019919229049019008 0 3 0 0 3 0 2 2 0 1 1 0
0.0047899493118995825 0 3 0 0 3 0 2 2 0 2 2 0
0.00349174448297453 0 3 0 0 3 0 0 0 0 1 1 0
0.00349174448297453 0 3 0 0 3 0 0 0 0 2 2 0
0.10205896222753451 0 3 0 0 0 3 0 0 0 0 0 0
-0.008895596156340047 0 3 0 0 0 0 1 1 0 3 0 0
0.008895596156340098 0 3 0 0 0 0 1 1 0 0 3 0
-0.008895596156340047 0 3 0 0 0 0 2 2 0 3 0 0
0.008895596156340098 0 3 0 0 0 0 2 2 0 0 3 0
0.10030608352800041 0 3 0 0 0 0 3 0 0 0 0 0
0.10970262266712677 0 3 0 0 0 0 0 3 0 0 0 0
0.09648568134563935 0 3 0 0 0 0 0 0 3 0 0 0
0.10052923255339123 0 3 0 0 0 0 0 0 0 3 0 0
0.10646785410556397 0 3 0 0 0 0 0 0 0 0 3 0
0.1076043826112846 0 3 0 0 0 0 0 0 0 0 0 3
-0.0003132805329447091 0 0 1 1 3 3 0 1 0 3 3 1
-0.0003132805329447091 0 0 1 1 3 3 0 2 0 3 3 2
-0.007254658500934668 0 0 1 2 0 0 0 0 1 2 0 0
0.007254658500934668 0 0 1 2 0 0 0 0 2 1 0 0
0.0006776468243886949 0 0 1 0 1 3 0 1 0 0 3 1
0.0006776468243886949 0 0 1 0 1 3 0 2 0 0 3 2
-0.007254658500934674 0 0 1 0 2 0 0 0 1 0 2 0
0.007254658500934674 0 0 1 0 2 0 0 0 2 0 1 0
-0.00935084109170492 0 0 1 0 3 2 0 1 0 2 3 0
0.00935084109170492 0 0 1 0 3 2 0 2 0 1 3 0
0.020226497036365473 0 0 1 0 0 2 0 1 0 0 2 0
-0.020226497036365473 0 0 1 0 0 2 0 2 0 0 1 0
-0.026414770336231262 0 0 1 0 0 2 0 0 1 0 0 2
0.026414770336231262 0 0 1 0 0 2 0 0 2 0 0 1
0.007254658500934668 0 0 2 1 0 0 0 0 1 2 0 0
-0.007254658500934668 0 0 2 1 0 0 0 0 2 1 0 0
-0.0003132805329447091 0 0 2 2 3 3 0 1 0 3 3 1
-0.0003132805329447091 0 0 2 2 3 3 0 2 0 3 3 2
0.007254658500934674 0 0 2 0 1 0 0 0 1 0 2 0
-0.007254658500934674 0 0 2 0 1 0 0 0 2 0 1 0
0.0006776468243886949 0 0 2 0 2 3 0 1 0 0 3 1
0.0006776468243886949 0 0 2 0 2 3 0 2 0 0 3 2
0.00935084109170492 0 0 2 0 3 1 0 1 0 2 3 0
-0.00935084109170492 0 0 2 0 3 1 0 2 0 1 3 0
-0.020226497036365473 0 0 2 0 0 1 0 1 0 0 2 0
0.020226497036365473 0 0 2 0 0 1 0 2 0 0 1 0
0.026414770336231262 0 0 2 0 0 1 0 0 1 0 0 2
-0.026414770336231262 0 0 2 0 0 1 0 0 2 0 0 1
0.9704230204950826 0 0 3 0 0 0 0 0 0 0 0 0
0.0007366216428261065 0 0 3 1 3 1 0 1 1 3 3 0
0.0007366216428261065 0 0 3 1 3 1 0 2 2 3 3 0
0.0007366216428261065 0 0 3 2 3 2 0 1 1 3 3 0
0.0007366216428261065 0 0 3 2 3 2 0 2 2 3 3 0
0.0910283398863665 0 0 3 3 0 0 0 0 0 0 0 0
-0.001593362065446922 0 0 3 0 1 1 0 1 1 0 3 0
-0.001593362065446922 0 0 3 0 1 1 0 2 2 0 3 0
-0.001593362065446922 0 0 3 0 2 2 0 1 1 0 3 0
-0.001593362065446922 0 0 3 0 2 2 0 2 2 0 3 0
0.09102833988636654 0 0 3 0 3 0 0 0 0 0 0 0
0.000423341109881397 0 0 3 0 3 3 0 1 1 1 3 1
-0.008614219448878812 0 0 3 0 3 3 0 1 1 2 3 2
0.009037560558760208 0 0 3 0 3 3 0 1 2 2 3 1
0.009037560558760208 0 0 3 0 3 3 0 2 1 1 3 2
-0.008614219448878812 0 0 3 0 3 3 0 2 2 1 3 1
0.000423341109881397 0 0 3 0 3 3 0 2 2 2 3 2
0.08162281746822835 0 0 3 0 0 3 0 0 0 0 0 0
-0.0009157152410582271 0 0 3 0 0 3 0 1 1 0 1 1
0.01863313497091855 0 0 3 0 0 3 0 1 1 0 2 2
-0.019548850211976773 0 0 3 0 0 3 0 1 2 0 2 1
-0.019548850211976773 0 0 3 0 0 3 0 2 1 0 1 2
0.01863313497091855 0 0 3 0 0 3 0 2 2 0 1 1
-0.0009157152410582271 0 0 3 0 0 3 0 2 2 0 2 2
0.09648568134563948 0 0 3 0 0 0 3 0 0 0 0 0
0.09648568134563935 0 0 3 0 0 0 0 3 0 0 0 0
0.10896345278697567 0 0 3 0 0 0 0 0 3 0 0 0
0.09828299838730117 0 0 3 0 0 0 0 0 0 3 0 0
0.0982829983873012 0 0 3 0 0 0 0 0 0 0 3 0
0.1080375878044596 0 0 3 0 0 0 0 0 0 0 0 3
-0.003491744482974599 0 0 0 1 1 0 3 0 0 3 0 0
0.00349174448297453 0 0 0 1 1 0 0 3 0 3 0 0
-0.00491956884536554 0 0 0 1 2 0 0 0 0 1 2 0
0.00491956884536554 0 0 0 1 2 0 0 0 0 2 1 0
-0.006939855230511478 0 0 0 1 0 2 0 0 0 1 0 2
0.006939855230511478 0 0 0 1 0 2 0 0 0 2 0 1
0.00491956884536554 0 0 0 2 1 0 0 0 0 1 2 0
-0.00491956884536554 0 0 0 2 1 0 0 0 0 2 1 0
-0.003491744482974599 0 0 0 2 2 0 3 0 0 3 0 0
0.00349174448297453 0 0 0 2 2 0 0 3 0 3 0 0
0.006939855230511478 0 0 0 2 0 1 0 0 0 1 0 2
-0.006939855230511478 0 0 0 2 0 1 0 0 0 2 0 1
0.8476113978863922 0 0 0 3 0 0 0 0 0 0 0 0
0.09430140521674617 0 0 0 3 3 0 0 0 0 0 0 0
0.09905964456030154 0 0 0 3 0 3 0 0 0 0 0 0
0.10646785410556404 0 0 0 3 0 0 3 0 0 0 0 0
0.10052923255339123 0 0 0 3 0 0 0 3 0 0 0 0
0.09828299838730117 0 0 0 3 0 0 0 0 3 0 0 0
0.10906011175284273 0 0 0 3 0 0 0 0 0 3 0 0
0.09922097406211171 0 0 0 3 0 0 0 0 0 0 3 0
0.10599949979081302 0 0 0 3 0 0 0 0 0 0 0 3
-0.0069398552305114805 0 0 0 0 1 2 0 0 0 0 1 2
0.0069398552305114805 0 0 0 0 1 2 0 0 0 0 2 1
0.0069398552305114805 0 0 0 0 2 1 0 0 0 0 1 2
-0.0069398552305114805 0 0 0 0 2 1 0 0 0 0 2 1
0.8476113978863927 0 0 0 0 3 0 0 0 0 0 0 0
0.09905964456030159 0 0 0 0 3 3 0 0 0 0 0 0
0.10052923255339144 0 0 0 0 3 0 3 0 0 0 0 0
0.008895596156340047 0 0 0 0 3 0 3 0 0 1 1 0
0.008895596156340047 0 0 0 0 3 0 3 0 0 2 2 0
0.10646785410556397 0 0 0 0 3 0 0 3 0 0 0 0
-0.00889559615634009 0 0 0 0 3 0 0 3 0 1 1 0
-0.00889559615634009 0 0 0 0 3 0 0 3 0 2 2 0
0.0982829983873012 0 0 0 0 3 0 0 0 3 0 0 0
0.09922097406211171 0 0 0 0 3 0 0 0 0 3 0 0
0.10906011175284289 0 0 0 0 3 0 0 0 0 0 3 0
0.10599949979081308 0 0 0 0 3 0 0 0 0 0 0 3
0.7226915159627988 0 0 0 0 0 3 0 0 0 0 0 0
0.10760438261128473 0 0 0 0 0 3 3 0 0 0 0 0
0.1076043826112846 0 0 0 0 0 3 0 3 0 0 0 0
0.1080375878044596 0 0 0 0 0 3 0 0 3 0 0 0
0.10599949979081302 0 0 0 0 0 3 0 0 0 3 0 0
0.10599949979081308 0 0 0 0 0 3 0 0 0 0 3 0
0.1208014905329282 0 0 0 0 0 3 0 0 0 0 0 3
0.9750241472789551 0 0 0 0 0 0 3 0 0 0 0 0
0.09560781395843716 0 0 0 0 0 0 3 3 0 0 0 0
0.09067779687138454 0 0 0 0 0 0 3 0 3 0 0 0
0.07576709511308798 0 0 0 0 0 0 3 0 0 3 0 0
0.0908963748502075 0 0 0 0 0 0 3 0 0 0 3 0
0.10205896222753463 0 0 0 0 0 0 3 0 0 0 0 3
0.9750241472789538 0 0 0 0 0 0 0 3 0 0 0 0
0.09067779687138443 0 0 0 0 0 0 0 3 3 0 0 0
0.09089637485020731 0 0 0 0 0 0 0 3 0 3 0 0
0.07576709511308793 0 0 0 0 0 0 0 3 0 0 3 0
0.10205896222753451 0 0 0 0 0 0 0 3 0 0 0 3
0.9704230204950828 0 0 0 0 0 0 0 0 3 0 0 0
0.0910283398863665 0 0 0 0 0 0 0 0 3 3 0 0
0.09102833988636654 0 0 0 0 0 0 0 0 3 0 3 0
0.08162281746822835 0 0 0 0 0 0 0 0 3 0 0 3
0.8476113978863923 0 0 0 0 0 0 0 0 0 3 0 0
0.09430140521674617 0 0 0 0 0 0 0 0 0 3 3 0
0.09905964456030154 0 0 0 0 0 0 0 0 0 3 0 3
0.8476113978863926 0 0 0 0 0 0 0 0 0 0 3 0
0.09905964456030159 0 0 0 0 0 0 0 0 0 0 3 3
0.7226915159627989 0 0 0 0 0 0 0 0 0 0 0 3
