-900.9917394474626 0 0 0 0 0 0 0 0 0 0 0 0
0.0037205312683405893 1 1 0 1 1 0 3 0 0 3 0 0
-0.01612933665033045 1 1 0 2 2 0 3 0 0 3 0 0
-0.006097685694335938 1 1 0 3 0 0 3 0 0 0 0 0
0.006097685694335977 1 1 0 0 3 0 3 0 0 0 0 0
0.0034974134521448836 1 1 0 0 3 0 3 0 0 1 1 0
0.0034974134521448836 1 1 0 0 3 0 3 0 0 2 2 0
0.0034372572246599707 1 1 0 0 0 0 3 0 0 3 0 0
-0.0034372572246599347 1 1 0 0 0 0 3 0 0 0 3 0
0.01984986791867104 1 2 0 2 1 0 3 0 0 3 0 0
-0.0056520920279842365 1 2 0 0 0 0 1 2 0 0 0 0
0.0056520920279842365 1 2 0 0 0 0 2 1 0 0 0 0
-0.0008942954248251042 1 3 1 1 3 1 3 3 0 3 3 0
0.01520878867107974 1 3 1 2 3 2 3 3 0 3 3 0
-0.0003658931441374346 1 3 1 0 1 1 3 3 0 0 3 0
0.006222542742485203 1 3 1 0 2 2 3 3 0 0 3 0
0.0004462300187251794 1 3 1 0 3 3 3 3 0 1 3 1
0.0004462300187251794 1 3 1 0 3 3 3 3 0 2 3 2
0.00018257110573029417 1 3 1 0 0 3 3 3 0 0 1 1
0.00018257110573029417 1 3 1 0 0 3 3 3 0 0 2 2
-0.016103084095904843 1 3 2 2 3 1 3 3 0 3 3 0
-0.006588435886622638 1 3 2 0 2 1 3 3 0 0 3 0
0.01476255865235456 1 3 3 2 3 3 3 3 1 3 3 2
-0.01476255865235456 1 3 3 2 3 3 3 3 2 3 3 1
0.006039971636754909 1 3 3 0 2 3 3 3 1 0 3 2
-0.006039971636754909 1 3 3 0 2 3 3 3 2 0 3 1
-0.0013405254435502835 1 3 3 0 3 1 3 3 1 1 3 0
-0.0013405254435502835 1 3 3 0 3 1 3 3 2 2 3 0
-0.0005484642498677289 1 3 3 0 0 1 3 3 1 0 1 0
-0.0005484642498677289 1 3 3 0 0 1 3 3 2 0 2 0
-0.019626750102475332 1 3 0 2 3 0 3 1 0 3 2 0
0.019626750102475332 1 3 0 2 3 0 3 2 0 3 1 0
0.00953494291899591 1 3 0 2 0 0 3 1 0 2 0 0
-0.00953494291899591 1 3 0 2 0 0 3 2 0 1 0 0
0.00022311781619570523 1 3 0 0 1 0 3 1 0 1 0 0
0.00022311781619570523 1 3 0 0 1 0 3 2 0 2 0 0
-0.009534942918995912 1 3 0 0 2 0 3 1 0 0 2 0
0.009534942918995912 1 3 0 0 2 0 3 2 0 0 1 0
-0.005735356724545101 1 0 2 0 0 0 1 0 2 0 0 0
0.005735356724545101 1 0 2 0 0 0 2 0 1 0 0 0
-0.009534942918995915 1 0 0 2 3 0 1 0 0 3 2 0
0.009534942918995915 1 0 0 2 3 0 2 0 0 3 1 0
-0.026982791317211232 1 0 0 2 0 0 1 0 0 2 0 0
0.026982791317211232 1 0 0 2 0 0 2 0 0 1 0 0
-0.009534942918995915 1 0 0 0 1 0 1 0 0 1 0 0
-0.009534942918995915 1 0 0 0 1 0 2 0 0 2 0 0
-0.007579159030931592 1 0 0 0 2 0 1 0 0 0 2 0
0.007579159030931592 1 0 0 0 2 0 2 0 0 0 1 0
-0.006247902749553737 1 0 0 0 0 2 1 0 0 0 0 2
0.006247902749553737 1 0 0 0 0 2 2 0 0 0 0 1
0.01984986791867104 2 1 0 1 2 0 3 0 0 3 0 0
0.0056520920279842365 2 1 0 0 0 0 1 2 0 0 0 0
-0.0056520920279842365 2 1 0 0 0 0 2 1 0 0 0 0
-0.01612933665033045 2 2 0 1 1 0 3 0 0 3 0 0
0.0037205312683405893 2 2 0 2 2 0 3 0 0 3 0 0
-0.006097685694335938 2 2 0 3 0 0 3 0 0 0 0 0
0.006097685694335977 2 2 0 0 3 0 3 0 0 0 0 0
0.0034974134521448836 2 2 0 0 3 0 3 0 0 1 1 0
0.0034974134521448836 2 2 0 0 3 0 3 0 0 2 2 0
0.0034372572246599707 2 2 0 0 0 0 3 0 0 3 0 0
-0.0034372572246599347 2 2 0 0 0 0 3 0 0 0 3 0
-0.016103084095904843 2 3 1 1 3 2 3 3 0 3 3 0
-0.006588435886622638 2 3 1 0 1 2 3 3 0 0 3 0
0.01520878867107974 2 3 2 1 3 1 3 3 0 3 3 0
-0.0008942954248251042 2 3 2 2 3 2 3 3 0 3 3 0
0.006222542742485203 2 3 2 0 1 1 3 3 0 0 3 0
-0.0003658931441374346 2 3 2 0 2 2 3 3 0 0 3 0
0.0004462300187251794 2 3 2 0 3 3 3 3 0 1 3 1
0.0004462300187251794 2 3 2 0 3 3 3 3 0 2 3 2
0.00018257110573029417 2 3 2 0 0 3 3 3 0 0 1 1
0.00018257110573029417 2 3 2 0 0 3 3 3 0 0 2 2
-0.01476255865235456 2 3 3 1 3 3 3 3 1 3 3 2
0.01476255865235456 2 3 3 1 3 3 3 3 2 3 3 1
-0.006039971636754909 2 3 3 0 1 3 3 3 1 0 3 2
0.006039971636754909 2 3 3 0 1 3 3 3 2 0 3 1
-0.0013405254435502835 2 3 3 0 3 2 3 3 1 1 3 0
-0.0013405254435502835 2 3 3 0 3 2 3 3 2 2 3 0
-0.0005484642498677289 2 3 3 0 0 2 3 3 1 0 1 0
-0.0005484642498677289 2 3 3 0 0 2 3 3 2 0 2 0
0.019626750102475332 2 3 0 1 3 0 3 1 0 3 2 0
-0.019626750102475332 2 3 0 1 3 0 3 2 0 3 1 0
-0.00953494291899591 2 3 0 1 0 0 3 1 0 2 0 0
0.00953494291899591 2 3 0 1 0 0 3 2 0 1 0 0
0.009534942918995912 2 3 0 0 1 0 3 1 0 0 2 0
-0.009534942918995912 2 3 0 0 1 0 3 2 0 0 1 0
0.00022311781619570523 2 3 0 0 2 0 3 1 0 1 0 0
0.00022311781619570523 2 3 0 0 2 0 3 2 0 2 0 0
0.005735356724545101 2 0 1 0 0 0 1 0 2 0 0 0
-0.005735356724545101 2 0 1 0 0 0 2 0 1 0 0 0
0.009534942918995915 2 0 0 1 3 0 1 0 0 3 2 0
-0.009534942918995915 2 0 0 1 3 0 2 0 0 3 1 0
0.026982791317211232 2 0 0 1 0 0 1 0 0 2 0 0
-0.026982791317211232 2 0 0 1 0 0 2 0 0 1 0 0
0.007579159030931592 2 0 0 0 1 0 1 0 0 0 2 0
-0.007579159030931592 2 0 0 0 1 0 2 0 0 0 1 0
-0.009534942918995915 2 0 0 0 2 0 1 0 0 1 0 0
-0.009534942918995915 2 0 0 0 2 0 2 0 0 2 0 0
0.006247902749553737 2 0 0 0 0 1 1 0 0 0 0 2
-0.006247902749553737 2 0 0 0 0 1 2 0 0 0 0 1
1.1424527024093747 3 0 0 0 0 0 0 0 0 0 0 0
0.10348675391424704 3 3 0 0 0 0 0 0 0 0 0 0
0.0949901255156965 3 0 3 0 0 0 0 0 0 0 0 0
0.006097685694335952 3 0 0 1 1 0 0 0 0 3 0 0
0.006097685694335952 3 0 0 2 2 0 0 0 0 3 0 0
0.08632856793547966 3 0 0 3 0 0 0 0 0 0 0 0
0.09873737331746965 3 0 0 0 3 0 0 0 0 0 0 0
-0.0034372572246599647 3 0 0 0 3 0 0 0 0 1 1 0
-0.0034372572246599647 3 0 0 0 3 0 0 0 0 2 2 0
0.10654388344475647 3 0 0 0 0 3 0 0 0 0 0 0
0.12044302999819977 3 0 0 0 0 0 3 0 0 0 0 0
0.10913884594223128 3 0 0 0 0 0 0 3 0 0 0 0
0.10072548224024158 3 0 0 0 0 0 0 0 3 0 0 0
0.1133113592526909 3 0 0 0 0 0 0 0 0 3 0 0
0.10631653234840124 3 0 0 0 0 0 0 0 0 0 3 0
0.11279178619431021 3 0 0 0 0 0 0 0 0 0 0 3
0.0003658931441374361 0 1 1 1 3 1 0 3 0 3 3 0
-0.006222542742485204 0 1 1 2 3 2 0 3 0 3 3 0
-0.0008942954248251044 0 1 1 0 1 1 0 3 0 0 3 0
0.015208788671079743 0 1 1 0 2 2 0 3 0 0 3 0
-0.00018257110573029355 0 1 1 0 3 3 0 3 0 1 3 1
-0.00018257110573029355 0 1 1 0 3 3 0 3 0 2 3 2
0.0004462300187251783 0 1 1 0 0 3 0 3 0 0 1 1
0.0004462300187251783 0 1 1 0 0 3 0 3 0 0 2 2
0.00658843588662264 0 1 2 2 3 1 0 3 0 3 3 0
-0.01610308409590485 0 1 2 0 2 1 0 3 0 0 3 0
-0.0057353567245451 0 1 2 0 0 0 0 1 2 0 0 0
0.0057353567245451 0 1 2 0 0 0 0 2 1 0 0 0
-0.006039971636754911 0 1 3 2 3 3 0 3 1 3 3 2
0.006039971636754911 0 1 3 2 3 3 0 3 2 3 3 1
0.014762558652354565 0 1 3 0 2 3 0 3 1 0 3 2
-0.014762558652354565 0 1 3 0 2 3 0 3 2 0 3 1
0.0005484642498677297 0 1 3 0 3 1 0 3 1 1 3 0
0.0005484642498677297 0 1 3 0 3 1 0 3 2 2 3 0
-0.0013405254435502828 0 1 3 0 0 1 0 3 1 0 1 0
-0.0013405254435502828 0 1 3 0 0 1 0 3 2 0 2 0
0.00022311781619570523 0 1 0 1 3 0 1 0 0 3 1 0
0.00022311781619570523 0 1 0 1 3 0 2 0 0 3 2 0
0.00953494291899591 0 1 0 1 0 0 1 0 0 1 0 0
0.00953494291899591 0 1 0 1 0 0 2 0 0 2 0 0
0.00953494291899591 0 1 0 2 3 0 0 1 0 3 2 0
-0.00953494291899591 0 1 0 2 3 0 0 2 0 3 1 0
-0.007579159030931585 0 1 0 2 0 0 0 1 0 2 0 0
0.007579159030931585 0 1 0 2 0 0 0 2 0 1 0 0
-0.009534942918995912 0 1 0 0 1 0 1 0 0 0 1 0
-0.009534942918995912 0 1 0 0 1 0 2 0 0 0 2 0
0.00953494291899591 0 1 0 0 1 0 0 1 0 1 0 0
0.00953494291899591 0 1 0 0 1 0 0 2 0 2 0 0
-0.019626750102475332 0 1 0 0 2 0 1 0 0 2 0 0
0.019626750102475332 0 1 0 0 2 0 2 0 0 1 0 0
-0.02698279131721124 0 1 0 0 2 0 0 1 0 0 2 0
0.02698279131721124 0 1 0 0 2 0 0 2 0 0 1 0
-0.006247902749553738 0 1 0 0 0 2 0 1 0 0 0 2
0.006247902749553738 0 1 0 0 0 2 0 2 0 0 0 1
0.00658843588662264 0 2 1 1 3 2 0 3 0 3 3 0
-0.01610308409590485 0 2 1 0 1 2 0 3 0 0 3 0
0.0057353567245451 0 2 1 0 0 0 0 1 2 0 0 0
-0.0057353567245451 0 2 1 0 0 0 0 2 1 0 0 0
-0.006222542742485204 0 2 2 1 3 1 0 3 0 3 3 0
0.0003658931441374361 0 2 2 2 3 2 0 3 0 3 3 0
0.015208788671079743 0 2 2 0 1 1 0 3 0 0 3 0
-0.0008942954248251044 0 2 2 0 2 2 0 3 0 0 3 0
-0.00018257110573029355 0 2 2 0 3 3 0 3 0 1 3 1
-0.00018257110573029355 0 2 2 0 3 3 0 3 0 2 3 2
0.0004462300187251783 0 2 2 0 0 3 0 3 0 0 1 1
0.0004462300187251783 0 2 2 0 0 3 0 3 0 0 2 2
0.006039971636754911 0 2 3 1 3 3 0 3 1 3 3 2
-0.006039971636754911 0 2 3 1 3 3 0 3 2 3 3 1
-0.014762558652354565 0 2 3 0 1 3 0 3 1 0 3 2
0.014762558652354565 0 2 3 0 1 3 0 3 2 0 3 1
0.0005484642498677297 0 2 3 0 3 2 0 3 1 1 3 0
0.0005484642498677297 0 2 3 0 3 2 0 3 2 2 3 0
-0.0013405254435502828 0 2 3 0 0 2 0 3 1 0 1 0
-0.0013405254435502828 0 2 3 0 0 2 0 3 2 0 2 0
-0.00953494291899591 0 2 0 1 3 0 0 1 0 3 2 0
0.00953494291899591 0 2 0 1 3 0 0 2 0 3 1 0
0.007579159030931585 0 2 0 1 0 0 0 1 0 2 0 0
-0.007579159030931585 0 2 0 1 0 0 0 2 0 1 0 0
0.00022311781619570523 0 2 0 2 3 0 1 0 0 3 1 0
0.00022311781619570523 0 2 0 2 3 0 2 0 0 3 2 0
0.00953494291899591 0 2 0 2 0 0 1 0 0 1 0 0
0.00953494291899591 0 2 0 2 0 0 2 0 0 2 0 0
0.019626750102475332 0 2 0 0 1 0 1 0 0 2 0 0
-0.019626750102475332 0 2 0 0 1 0 2 0 0 1 0 0
0.02698279131721124 0 2 0 0 1 0 0 1 0 0 2 0
-0.02698279131721124 0 2 0 0 1 0 0 2 0 0 1 0
-0.009534942918995912 0 2 0 0 2 0 1 0 0 0 1 0
-0.009534942918995912 0 2 0 0 2 0 2 0 0 0 2 0
0.00953494291899591 0 2 0 0 2 0 0 1 0 1 0 0
0.00953494291899591 0 2 0 0 2 0 0 2 0 2 0 0
0.006247902749553738 0 2 0 0 0 1 0 1 0 0 0 2
-0.006247902749553738 0 2 0 0 0 1 0 2 0 0 0 1
1.142452702409373 0 3 0 0 0 0 0 0 0 0 0 0
-0.0013405254435502835 0 3 1 1 3 3 1 3 0 3 3 1
-0.0013405254435502835 0 3 1 1 3 3 2 3 0 3 3 2
-0.0005484642498677289 0 3 1 0 1 3 1 3 0 0 3 1
-0.0005484642498677289 0 3 1 0 1 3 2 3 0 0 3 2
0.01476255865235456 0 3 1 0 3 2 1 3 0 2 3 0
-0.01476255865235456 0 3 1 0 3 2 2 3 0 1 3 0
0.006039971636754909 0 3 1 0 0 2 1 3 0 0 2 0
-0.006039971636754909 0 3 1 0 0 2 2 3 0 0 1 0
-0.0013405254435502835 0 3 2 2 3 3 1 3 0 3 3 1
-0.0013405254435502835 0 3 2 2 3 3 2 3 0 3 3 2
-0.0005484642498677289 0 3 2 0 2 3 1 3 0 0 3 1
-0.0005484642498677289 0 3 2 0 2 3 2 3 0 0 3 2
-0.01476255865235456 0 3 2 0 3 1 1 3 0 2 3 0
0.01476255865235456 0 3 2 0 3 1 2 3 0 1 3 0
-0.006039971636754909 0 3 2 0 0 1 1 3 0 0 2 0
0.006039971636754909 0 3 2 0 0 1 2 3 0 0 1 0
0.09499012551569648 0 3 3 0 0 0 0 0 0 0 0 0
0.0004462300187251794 0 3 3 1 3 1 1 3 1 3 3 0
0.0004462300187251794 0 3 3 1 3 1 2 3 2 3 3 0
0.0004462300187251794 0 3 3 2 3 2 1 3 1 3 3 0
0.0004462300187251794 0 3 3 2 3 2 2 3 2 3 3 0
0.00018257110573029417 0 3 3 0 1 1 1 3 1 0 3 0
0.00018257110573029417 0 3 3 0 1 1 2 3 2 0 3 0
0.00018257110573029417 0 3 3 0 2 2 1 3 1 0 3 0
0.00018257110573029417 0 3 3 0 2 2 2 3 2 0 3 0
-0.0008942954248251042 0 3 3 0 3 3 1 3 1 1 3 1
0.01520878867107974 0 3 3 0 3 3 1 3 1 2 3 2
-0.016103084095904843 0 3 3 0 3 3 1 3 2 2 3 1
-0.016103084095904843 0 3 3 0 3 3 2 3 1 1 3 2
0.01520878867107974 0 3 3 0 3 3 2 3 2 1 3 1
-0.0008942954248251042 0 3 3 0 3 3 2 3 2 2 3 2
-0.0003658931441374346 0 3 3 0 0 3 1 3 1 0 1 1
0.006222542742485203 0 3 3 0 0 3 1 3 1 0 2 2
-0.006588435886622638 0 3 3 0 0 3 1 3 2 0 2 1
-0.006588435886622638 0 3 3 0 0 3 2 3 1 0 1 2
0.006222542742485203 0 3 3 0 0 3 2 3 2 0 1 1
-0.0003658931441374346 0 3 3 0 0 3 2 3 2 0 2 2
0.0034974134521448836 0 3 0 1 1 0 1 1 0 3 0 0
0.0034974134521448836 0 3 0 1 1 0 2 2 0 3 0 0
-0.006097685694335973 0 3 0 1 1 0 0 0 0 3 0 0
0.0034974134521448836 0 3 0 2 2 0 1 1 0 3 0 0
0.0034974134521448836 0 3 0 2 2 0 2 2 0 3 0 0
-0.006097685694335973 0 3 0 2 2 0 0 0 0 3 0 0
0.09873737331746954 0 3 0 3 0 0 0 0 0 0 0 0
0.0034372572246599707 0 3 0 3 0 0 1 1 0 0 0 0
0.0034372572246599707 0 3 0 3 0 0 2 2 0 0 0 0
0.08632856793547974 0 3 0 0 3 0 0 0 0 0 0 0
-0.0034372572246599347 0 3 0 0 3 0 1 1 0 0 0 0
0.0037205312683405893 0 3 0 0 3 0 1 1 0 1 1 0
-0.01612933665033045 0 3 0 0 3 0 1 1 0 2 2 0
0.01984986791867104 0 3 0 0 3 0 1 2 0 2 1 0
0.01984986791867104 0 3 0 0 3 0 2 1 0 1 2 0
-0.0034372572246599347 0 3 0 0 3 0 2 2 0 0 0 0
-0.01612933665033045 0 3 0 0 3 0 2 2 0 1 1 0
0.0037205312683405893 0 3 0 0 3 0 2 2 0 2 2 0
0.003437257224659936 0 3 0 0 3 0 0 0 0 1 1 0
0.003437257224659936 0 3 0 0 3 0 0 0 0 2 2 0
0.1065438834447566 0 3 0 0 0 3 0 0 0 0 0 0
-0.006097685694335938 0 3 0 0 0 0 1 1 0 3 0 0
0.006097685694335977 0 3 0 0 0 0 1 1 0 0 3 0
-0.006097685694335938 0 3 0 0 0 0 2 2 0 3 0 0
0.006097685694335977 0 3 0 0 0 0 2 2 0 0 3 0
0.10913884594223128 0 3 0 0 0 0 3 0 0 0 0 0
0.12044302999819974 0 3 0 0 0 0 0 3 0 0 0 0
0.10072548224024158 0 3 0 0 0 0 0 0 3 0 0 0
0.10631653234840113 0 3 0 0 0 0 0 0 0 3 0 0
0.11331135925269098 0 3 0 0 0 0 0 0 0 0 3 0
0.11279178619431032 0 3 0 0 0 0 0 0 0 0 0 3
0.0005484642498677297 0 0 1 1 3 3 0 1 0 3 3 1
0.0005484642498677297 0 0 1 1 3 3 0 2 0 3 3 2
-0.009087890793782706 0 0 1 2 0 0 0 0 1 2 0 0
0.009087890793782706 0 0 1 2 0 0 0 0 2 1 0 0
-0.0013405254435502828 0 0 1 0 1 3 0 1 0 0 3 1
-0.0013405254435502828 0 0 1 0 1 3 0 2 0 0 3 2
-0.00908789079378271 0 0 1 0 2 0 0 0 1 0 2 0
0.00908789079378271 0 0 1 0 2 0 0 0 2 0 1 0
-0.006039971636754911 0 0 1 0 3 2 0 1 0 2 3 0
0.006039971636754911 0 0 1 0 3 2 0 2 0 1 3 0
0.014762558652354565 0 0 1 0 0 2 0 1 0 0 2 0
-0.014762558652354565 0 0 1 0 0 2 0 2 0 0 1 0
-0.022268210743525228 0 0 1 0 0 2 0 0 1 0 0 2
0.022268210743525228 0 0 1 0 0 2 0 0 2 0 0 1
0.009087890793782706 0 0 2 1 0 0 0 0 1 2 0 0
-0.009087890793782706 0 0 2 1 0 0 0 0 2 1 0 0
0.0005484642498677297 0 0 2 2 3 3 0 1 0 3 3 1
0.0005484642498677297 0 0 2 2 3 3 0 2 0 3 3 2
0.00908789079378271 0 0 2 0 1 0 0 0 1 0 2 0
-0.00908789079378271 0 0 2 0 1 0 0 0 2 0 1 0
-0.0013405254435502828 0 0 2 0 2 3 0 1 0 0 3 1
-0.0013405254435502828 0 0 2 0 2 3 0 2 0 0 3 2
0.006039971636754911 0 0 2 0 3 1 0 1 0 2 3 0
-0.006039971636754911 0 0 2 0 3 1 0 2 0 1 3 0
-0.014762558652354565 0 0 2 0 0 1 0 1 0 0 2 0
0.014762558652354565 0 0 2 0 0 1 0 2 0 0 1 0
0.022268210743525228 0 0 2 0 0 1 0 0 1 0 0 2
-0.022268210743525228 0 0 2 0 0 1 0 0 2 0 0 1
1.0179523774425645 0 0 3 0 0 0 0 0 0 0 0 0
-0.00018257110573029355 0 0 3 1 3 1 0 1 1 3 3 0
-0.00018257110573029355 0 0 3 1 3 1 0 2 2 3 3 0
-0.00018257110573029355 0 0 3 2 3 2 0 1 1 3 3 0
-0.00018257110573029355 0 0 3 2 3 2 0 2 2 3 3 0
0.09499594261128508 0 0 3 3 0 0 0 0 0 0 0 0
0.0004462300187251783 0 0 3 0 1 1 0 1 1 0 3 0
0.0004462300187251783 0 0 3 0 1 1 0 2 2 0 3 0
0.0004462300187251783 0 0 3 0 2 2 0 1 1 0 3 0
0.0004462300187251783 0 0 3 0 2 2 0 2 2 0 3 0
0.09499594261128515 0 0 3 0 3 0 0 0 0 0 0 0
0.0003658931441374361 0 0 3 0 3 3 0 1 1 1 3 1
-0.006222542742485204 0 0 3 0 3 3 0 1 1 2 3 2
0.00658843588662264 0 0 3 0 3 3 0 1 2 2 3 1
0.00658843588662264 0 0 3 0 3 3 0 2 1 1 3 2
-0.006222542742485204 0 0 3 0 3 3 0 2 2 1 3 1
0.0003658931441374361 0 0 3 0 3 3 0 2 2 2 3 2
0.08973666842384313 0 0 3 0 0 3 0 0 0 0 0 0
-0.0008942954248251044 0 0 3 0 0 3 0 1 1 0 1 1
0.015208788671079743 0 0 3 0 0 3 0 1 1 0 2 2
-0.01610308409590485 0 0 3 0 0 3 0 1 2 0 2 1
-0.01610308409590485 0 0 3 0 0 3 0 2 1 0 1 2
0.015208788671079743 0 0 3 0 0 3 0 2 2 0 1 1
-0.0008942954248251044 0 0 3 0 0 3 0 2 2 0 2 2
0.10072548224024158 0 0 3 0 0 0 3 0 0 0 0 0
0.10072548224024158 0 0 3 0 0 0 0 3 0 0 0 0
0.11441877359706785 0 0 3 0 0 0 0 0 3 0 0 0
0.10408383340506777 0 0 3 0 0 0 0 0 0 3 0 0
0.10408383340506785 0 0 3 0 0 0 0 0 0 0 3 0
0.11200487916736836 0 0 3 0 0 0 0 0 0 0 0 3
-0.0034372572246599647 0 0 0 1 1 0 3 0 0 3 0 0
0.003437257224659936 0 0 0 1 1 0 0 3 0 3 0 0
-0.005342461184474309 0 0 0 1 2 0 0 0 0 1 2 0
0.005342461184474309 0 0 0 1 2 0 0 0 0 2 1 0
-0.00867668505327999 0 0 0 1 0 2 0 0 0 1 0 2
0.00867668505327999 0 0 0 1 0 2 0 0 0 2 0 1
0.005342461184474309 0 0 0 2 1 0 0 0 0 1 2 0
-0.005342461184474309 0 0 0 2 1 0 0 0 0 2 1 0
-0.0034372572246599647 0 0 0 2 2 0 3 0 0 3 0 0
0.003437257224659936 0 0 0 2 2 0 0 3 0 3 0 0
0.00867668505327999 0 0 0 2 0 1 0 0 0 1 0 2
-0.00867668505327999 0 0 0 2 0 1 0 0 0 2 0 1
0.8777385000166703 0 0 0 3 0 0 0 0 0 0 0 0
0.09933546514929063 0 0 0 3 3 0 0 0 0 0 0 0
0.10203550571472332 0 0 0 3 0 3 0 0 0 0 0 0
0.1133113592526909 0 0 0 3 0 0 3 0 0 0 0 0
0.10631653234840113 0 0 0 3 0 0 0 3 0 0 0 0
0.10408383340506777 0 0 0 3 0 0 0 0 3 0 0 0
0.11536284870271343 0 0 0 3 0 0 0 0 0 3 0 0
0.10467792633376494 0 0 0 3 0 0 0 0 0 0 3 0
0.11071219076800332 0 0 0 3 0 0 0 0 0 0 0 3
-0.008676685053279995 0 0 0 0 1 2 0 0 0 0 1 2
0.008676685053279995 0 0 0 0 1 2 0 0 0 0 2 1
0.008676685053279995 0 0 0 0 2 1 0 0 0 0 1 2
-0.008676685053279995 0 0 0 0 2 1 0 0 0 0 2 1
0.8777385000166712 0 0 0 0 3 0 0 0 0 0 0 0
0.10203550571472342 0 0 0 0 3 3 0 0 0 0 0 0
0.10631653234840124 0 0 0 0 3 0 3 0 0 0 0 0
0.006097685694335952 0 0 0 0 3 0 3 0 0 1 1 0
0.006097685694335952 0 0 0 0 3 0 3 0 0 2 2 0
0.11331135925269098 0 0 0 0 3 0 0 3 0 0 0 0
-0.006097685694335973 0 0 0 0 3 0 0 3 0 1 1 0
-0.006097685694335973 0 0 0 0 3 0 0 3 0 2 2 0
0.10408383340506785 0 0 0 0 3 0 0 0 3 0 0 0
0.10467792633376494 0 0 0 0 3 0 0 0 0 3 0 0
0.11536284870271363 0 0 0 0 3 0 0 0 0 0 3 0
0.11071219076800343 0 0 0 0 3 0 0 0 0 0 0 3
0.6094944337082193 0 0 0 0 0 3 0 0 0 0 0 0
0.11279178619431021 0 0 0 0 0 3 3 0 0 0 0 0
0.11279178619431032 0 0 0 0 0 3 0 3 0 0 0 0
0.11200487916736836 0 0 0 0 0 3 0 0 3 0 0 0
0.11071219076800332 0 0 0 0 0 3 0 0 0 3 0 0
0.11071219076800343 0 0 0 0 0 3 0 0 0 0 3 0
0.1205853767985868 0 0 0 0 0 3 0 0 0 0 0 3
1.1424527024093747 0 0 0 0 0 0 3 0 0 0 0 0
0.10348675391424704 0 0 0 0 0 0 3 3 0 0 0 0
0.0949901255156965 0 0 0 0 0 0 3 0 3 0 0 0
0.08632856793547966 0 0 0 0 0 0 3 0 0 3 0 0
0.09873737331746965 0 0 0 0 0 0 3 0 0 0 3 0
0.10654388344475647 0 0 0 0 0 0 3 0 0 0 0 3
1.1424527024093727 0 0 0 0 0 0 0 3 0 0 0 0
0.09499012551569648 0 0 0 0 0 0 0 3 3 0 0 0
0.09873737331746954 0 0 0 0 0 0 0 3 0 3 0 0
0.08632856793547974 0 0 0 0 0 0 0 3 0 0 3 0
0.1065438834447566 0 0 0 0 0 0 0 3 0 0 0 3
1.0179523774425643 0 0 0 0 0 0 0 0 3 0 0 0
0.09499594261128508 0 0 0 0 0 0 0 0 3 3 0 0
0.09499594261128515 0 0 0 0 0 0 0 0 3 0 3 0
0.08973666842384313 0 0 0 0 0 0 0 0 3 0 0 3
0.8777385000166703 0 0 0 0 0 0 0 0 0 3 0 0
0.09933546514929063 0 0 0 0 0 0 0 0 0 3 3 0
0.10203550571472332 0 0 0 0 0 0 0 0 0 3 0 3
0.8777385000166714 0 0 0 0 0 0 0 0 0 0 3 0
0.10203550571472342 0 0 0 0 0 0 0 0 0 0 3 3
0.6094944337082191 0 0 0 0 0 0 0 0 0 0 0 3
