-898.1429649452763 0 0 0 0 0 0 0 0 0 0 0 0
-0.004234740541934324 1 1 1 1 0 0 3 0 3 0 0 0
0.018096211274221768 1 1 1 3 1 0 3 0 3 3 0 0
7.462579771596613e-05 1 1 2 2 0 0 3 0 3 0 0 0
-0.00031889656251728833 1 1 2 3 2 0 3 0 3 3 0 0
-0.008199221485046914 1 1 0 3 3 0 3 0 1 3 1 0
-0.008199221485046914 1 1 0 3 3 0 3 0 2 3 2 0
0.0019187207260609497 1 1 0 3 0 0 3 0 1 1 0 0
0.0019187207260609497 1 1 0 3 0 0 3 0 2 2 0 0
-0.00430936633965029 1 2 2 1 0 0 3 0 3 0 0 0
0.018415107836739053 1 2 2 3 1 0 3 0 3 3 0 0
0.004857388777023718 1 2 3 3 3 3 1 3 3 3 3 2
-0.004857388777023718 1 2 3 3 3 3 2 3 3 3 3 1
-0.009141956633573804 1 2 0 0 0 0 1 2 0 0 0 0
0.009141956633573804 1 2 0 0 0 0 2 1 0 0 0 0
0.0002464057330603904 1 3 1 1 3 1 3 3 0 3 3 0
-0.003241906524219837 1 3 1 2 3 2 3 3 0 3 3 0
-0.0010529594813389852 1 3 1 0 1 1 3 3 0 0 3 0
0.01385355839693615 1 3 1 0 2 2 3 3 0 0 3 0
-0.00027166820530564464 1 3 1 0 3 3 3 3 0 1 3 1
-0.00027166820530564464 1 3 1 0 3 3 3 3 0 2 3 2
0.001160912974718874 1 3 1 0 0 3 3 3 0 0 1 1
0.001160912974718874 1 3 1 0 0 3 3 3 0 0 2 2
0.003488312257280226 1 3 2 2 3 1 3 3 0 3 3 0
0.007880324922529625 1 3 2 3 3 0 3 1 3 3 2 0
-0.007880324922529625 1 3 2 3 3 0 3 2 3 3 1 0
-0.001844094928344984 1 3 2 3 0 0 3 1 3 2 0 0
0.001844094928344984 1 3 2 3 0 0 3 2 3 1 0 0
-0.014906517878275133 1 3 2 0 2 1 3 3 0 0 3 0
-0.0029702383189141915 1 3 3 2 3 3 3 3 1 3 3 2
0.0029702383189141915 1 3 3 2 3 3 3 3 2 3 3 1
0.01269264542221727 1 3 3 0 2 3 3 3 1 0 3 2
-0.01269264542221727 1 3 3 0 2 3 3 3 2 0 3 1
0.0005180739383660351 1 3 3 0 3 1 3 3 1 1 3 0
0.0005180739383660351 1 3 3 0 3 1 3 3 2 2 3 0
-0.0022138724560578594 1 3 3 0 0 1 3 3 1 0 1 0
-0.0022138724560578594 1 3 3 0 0 1 3 3 2 0 2 0
-0.0061534612679952725 1 3 0 1 0 0 3 1 1 0 0 0
-0.0061534612679952725 1 3 0 1 0 0 3 2 2 0 0 0
0.02629543275926868 1 3 0 3 1 0 3 1 1 3 0 0
0.02629543275926868 1 3 0 3 1 0 3 2 2 3 0 0
-0.0052418384434996185 1 0 2 0 0 0 1 0 2 0 0 0
0.0052418384434996185 1 0 2 0 0 0 2 0 1 0 0 0
0.004857388777023718 1 0 3 3 3 1 1 1 3 3 3 0
0.004857388777023718 1 0 3 3 3 1 2 2 3 3 3 0
0.005500075102351006 1 0 0 2 3 0 1 0 0 3 2 0
-0.005500075102351006 1 0 0 2 3 0 2 0 0 3 1 0
-0.004841461668147226 1 0 0 2 0 0 1 0 0 2 0 0
0.004841461668147226 1 0 0 2 0 0 2 0 0 1 0 0
0.0055000751023510045 1 0 0 0 1 0 1 0 0 1 0 0
0.0055000751023510045 1 0 0 0 1 0 2 0 0 2 0 0
-0.02705770900226478 1 0 0 0 2 0 1 0 0 0 2 0
0.02705770900226478 1 0 0 0 2 0 2 0 0 0 1 0
-0.006026551990731105 1 0 0 0 0 2 1 0 0 0 0 2
0.006026551990731105 1 0 0 0 0 2 2 0 0 0 0 1
-0.00430936633965029 2 1 1 2 0 0 3 0 3 0 0 0
0.018415107836739053 2 1 1 3 2 0 3 0 3 3 0 0
-0.004857388777023718 2 1 3 3 3 3 1 3 3 3 3 2
0.004857388777023718 2 1 3 3 3 3 2 3 3 3 3 1
0.009141956633573804 2 1 0 0 0 0 1 2 0 0 0 0
-0.009141956633573804 2 1 0 0 0 0 2 1 0 0 0 0
7.462579771596613e-05 2 2 1 1 0 0 3 0 3 0 0 0
-0.00031889656251728833 2 2 1 3 1 0 3 0 3 3 0 0
-0.004234740541934324 2 2 2 2 0 0 3 0 3 0 0 0
0.018096211274221768 2 2 2 3 2 0 3 0 3 3 0 0
-0.008199221485046914 2 2 0 3 3 0 3 0 1 3 1 0
-0.008199221485046914 2 2 0 3 3 0 3 0 2 3 2 0
0.0019187207260609497 2 2 0 3 0 0 3 0 1 1 0 0
0.0019187207260609497 2 2 0 3 0 0 3 0 2 2 0 0
0.003488312257280226 2 3 1 1 3 2 3 3 0 3 3 0
-0.007880324922529625 2 3 1 3 3 0 3 1 3 3 2 0
0.007880324922529625 2 3 1 3 3 0 3 2 3 3 1 0
0.001844094928344984 2 3 1 3 0 0 3 1 3 2 0 0
-0.001844094928344984 2 3 1 3 0 0 3 2 3 1 0 0
-0.014906517878275133 2 3 1 0 1 2 3 3 0 0 3 0
-0.003241906524219837 2 3 2 1 3 1 3 3 0 3 3 0
0.0002464057330603904 2 3 2 2 3 2 3 3 0 3 3 0
0.01385355839693615 2 3 2 0 1 1 3 3 0 0 3 0
-0.0010529594813389852 2 3 2 0 2 2 3 3 0 0 3 0
-0.00027166820530564464 2 3 2 0 3 3 3 3 0 1 3 1
-0.00027166820530564464 2 3 2 0 3 3 3 3 0 2 3 2
0.001160912974718874 2 3 2 0 0 3 3 3 0 0 1 1
0.001160912974718874 2 3 2 0 0 3 3 3 0 0 2 2
0.0029702383189141915 2 3 3 1 3 3 3 3 1 3 3 2
-0.0029702383189141915 2 3 3 1 3 3 3 3 2 3 3 1
-0.01269264542221727 2 3 3 0 1 3 3 3 1 0 3 2
0.01269264542221727 2 3 3 0 1 3 3 3 2 0 3 1
0.0005180739383660351 2 3 3 0 3 2 3 3 1 1 3 0
0.0005180739383660351 2 3 3 0 3 2 3 3 2 2 3 0
-0.0022138724560578594 2 3 3 0 0 2 3 3 1 0 1 0
-0.0022138724560578594 2 3 3 0 0 2 3 3 2 0 2 0
-0.0061534612679952725 2 3 0 2 0 0 3 1 1 0 0 0
-0.0061534612679952725 2 3 0 2 0 0 3 2 2 0 0 0
0.02629543275926868 2 3 0 3 2 0 3 1 1 3 0 0
0.02629543275926868 2 3 0 3 2 0 3 2 2 3 0 0
0.0052418384434996185 2 0 1 0 0 0 1 0 2 0 0 0
-0.0052418384434996185 2 0 1 0 0 0 2 0 1 0 0 0
0.004857388777023718 2 0 3 3 3 2 1 1 3 3 3 0
0.004857388777023718 2 0 3 3 3 2 2 2 3 3 3 0
-0.005500075102351006 2 0 0 1 3 0 1 0 0 3 2 0
0.005500075102351006 2 0 0 1 3 0 2 0 0 3 1 0
0.004841461668147226 2 0 0 1 0 0 1 0 0 2 0 0
-0.004841461668147226 2 0 0 1 0 0 2 0 0 1 0 0
0.02705770900226478 2 0 0 0 1 0 1 0 0 0 2 0
-0.02705770900226478 2 0 0 0 1 0 2 0 0 0 1 0
0.0055000751023510045 2 0 0 0 2 0 1 0 0 1 0 0
0.0055000751023510045 2 0 0 0 2 0 2 0 0 2 0 0
0.006026551990731105 2 0 0 0 0 1 1 0 0 0 0 2
-0.006026551990731105 2 0 0 0 0 1 2 0 0 0 0 1
1.2359874599526255 3 0 0 0 0 0 0 0 0 0 0 0
0.0005899039515628035 3 1 3 3 3 1 0 3 3 3 3 0
0.0005899039515628035 3 2 3 3 3 2 0 3 3 3 3 0
0.09496886107463778 3 3 0 0 0 0 0 0 0 0 0 0
0.09869441826414471 3 0 3 0 0 0 0 0 0 0 0 0
0.005447292728586521 3 0 3 3 3 3 0 1 3 3 3 1
0.005447292728586521 3 0 3 3 3 3 0 2 3 3 3 2
-0.0032369585136699085 3 0 0 1 1 0 0 0 0 3 0 0
-0.0032369585136699085 3 0 0 2 2 0 0 0 0 3 0 0
0.10353565999508897 3 0 0 3 0 0 0 0 0 0 0 0
0.09046073472375431 3 0 0 0 3 0 0 0 0 0 0 0
0.002263116588681097 3 0 0 0 3 0 0 0 0 1 1 0
0.002263116588681097 3 0 0 0 3 0 0 0 0 2 2 0
0.10675772835218045 3 0 0 0 0 3 0 0 0 0 0 0
0.12632395062495483 3 0 0 0 0 0 3 0 0 0 0 0
0.1041108177082116 3 0 0 0 0 0 0 3 0 0 0 0
0.10393625670764434 3 0 0 0 0 0 0 0 3 0 0 0
0.1083771216632362 3 0 0 0 0 0 0 0 0 3 0 0
0.11751844372601909 3 0 0 0 0 0 0 0 0 0 3 0
0.11278428034291155 3 0 0 0 0 0 0 0 0 0 0 3
0.026188645290062967 0 1 1 3 3 3 0 3 1 3 3 1
0.026188645290062967 0 1 1 3 3 3 0 3 2 3 3 2
0.02629543275926868 0 1 1 3 3 0 1 0 3 3 1 0
0.02629543275926868 0 1 1 3 3 0 2 0 3 3 2 0
-0.0061534612679952725 0 1 1 3 0 0 1 0 3 1 0 0
-0.0061534612679952725 0 1 1 3 0 0 2 0 3 2 0 0
-0.04349316302322892 0 1 2 0 0 0 0 1 2 0 0 0
0.04349316302322892 0 1 2 0 0 0 0 2 1 0 0 0
-0.00824502341454914 0 1 3 1 3 3 0 3 3 1 3 1
-0.00824502341454914 0 1 3 1 3 3 0 3 3 2 3 2
-0.00824502341454915 0 1 3 3 1 3 0 3 3 3 1 1
-0.00824502341454915 0 1 3 3 1 3 0 3 3 3 2 2
0.005447292728586521 0 1 3 3 3 1 3 3 3 3 3 0
0.00022354984623879456 0 1 3 3 3 1 0 3 3 3 0 0
-0.012029328360230216 0 1 3 3 3 1 0 3 3 3 3 0
-0.006464543355914781 0 1 3 3 3 1 0 3 3 3 3 3
0.00022354984623883153 0 1 3 3 3 1 0 3 3 0 3 0
-0.013172021390169604 0 1 3 3 3 1 0 3 0 3 3 0
-0.008779823238991489 0 1 3 3 3 1 0 0 3 3 3 0
-0.008021473568310355 0 1 3 3 0 1 0 3 3 3 3 0
-0.00802147356831031 0 1 3 0 3 1 0 3 3 3 3 0
-0.001844094928344984 0 1 0 2 0 0 1 0 2 0 0 0
0.001844094928344984 0 1 0 2 0 0 2 0 1 0 0 0
-0.019500368739489047 0 1 0 2 0 0 0 1 0 2 0 0
0.019500368739489047 0 1 0 2 0 0 0 2 0 1 0 0
0.007880324922529625 0 1 0 3 2 0 1 0 2 3 0 0
-0.007880324922529625 0 1 0 3 2 0 2 0 1 3 0 0
0.013016623899893366 0 1 0 3 3 1 0 3 3 3 3 0
-0.019500368739489075 0 1 0 0 2 0 0 1 0 0 2 0
0.019500368739489075 0 1 0 0 2 0 0 2 0 0 1 0
-0.013314300794830175 0 1 0 0 0 2 0 1 0 0 0 2
0.013314300794830175 0 1 0 0 0 2 0 2 0 0 0 1
0.04349316302322892 0 2 1 0 0 0 0 1 2 0 0 0
-0.04349316302322892 0 2 1 0 0 0 0 2 1 0 0 0
0.026188645290062967 0 2 2 3 3 3 0 3 1 3 3 1
0.026188645290062967 0 2 2 3 3 3 0 3 2 3 3 2
0.02629543275926868 0 2 2 3 3 0 1 0 3 3 1 0
0.02629543275926868 0 2 2 3 3 0 2 0 3 3 2 0
-0.0061534612679952725 0 2 2 3 0 0 1 0 3 1 0 0
-0.0061534612679952725 0 2 2 3 0 0 2 0 3 2 0 0
-0.00824502341454914 0 2 3 2 3 3 0 3 3 1 3 1
-0.00824502341454914 0 2 3 2 3 3 0 3 3 2 3 2
-0.00824502341454915 0 2 3 3 2 3 0 3 3 3 1 1
-0.00824502341454915 0 2 3 3 2 3 0 3 3 3 2 2
0.005447292728586521 0 2 3 3 3 2 3 3 3 3 3 0
0.00022354984623879456 0 2 3 3 3 2 0 3 3 3 0 0
-0.012029328360230216 0 2 3 3 3 2 0 3 3 3 3 0
-0.006464543355914781 0 2 3 3 3 2 0 3 3 3 3 3
0.00022354984623883153 0 2 3 3 3 2 0 3 3 0 3 0
-0.013172021390169604 0 2 3 3 3 2 0 3 0 3 3 0
-0.008779823238991489 0 2 3 3 3 2 0 0 3 3 3 0
-0.008021473568310355 0 2 3 3 0 2 0 3 3 3 3 0
-0.00802147356831031 0 2 3 0 3 2 0 3 3 3 3 0
0.001844094928344984 0 2 0 1 0 0 1 0 2 0 0 0
-0.001844094928344984 0 2 0 1 0 0 2 0 1 0 0 0
0.019500368739489047 0 2 0 1 0 0 0 1 0 2 0 0
-0.019500368739489047 0 2 0 1 0 0 0 2 0 1 0 0
-0.007880324922529625 0 2 0 3 1 0 1 0 2 3 0 0
0.007880324922529625 0 2 0 3 1 0 2 0 1 3 0 0
0.013016623899893366 0 2 0 3 3 2 0 3 3 3 3 0
0.019500368739489075 0 2 0 0 1 0 0 1 0 0 2 0
-0.019500368739489075 0 2 0 0 1 0 0 2 0 0 1 0
0.013314300794830175 0 2 0 0 0 1 0 1 0 0 0 2
-0.013314300794830175 0 2 0 0 0 1 0 2 0 0 0 1
1.1045838258021567 0 3 0 0 0 0 0 0 0 0 0 0
0.0005180739383660351 0 3 1 1 3 3 1 3 0 3 3 1
0.0005180739383660351 0 3 1 1 3 3 2 3 0 3 3 2
0.0019187207260609497 0 3 1 1 0 0 1 1 3 0 0 0
0.0019187207260609497 0 3 1 1 0 0 2 2 3 0 0 0
-0.008199221485046914 0 3 1 3 1 0 1 1 3 3 0 0
-0.008199221485046914 0 3 1 3 1 0 2 2 3 3 0 0
-0.0022138724560578594 0 3 1 0 1 3 1 3 0 0 3 1
-0.0022138724560578594 0 3 1 0 1 3 2 3 0 0 3 2
-0.0029702383189141915 0 3 1 0 3 2 1 3 0 2 3 0
0.0029702383189141915 0 3 1 0 3 2 2 3 0 1 3 0
0.01269264542221727 0 3 1 0 0 2 1 3 0 0 2 0
-0.01269264542221727 0 3 1 0 0 2 2 3 0 0 1 0
0.0005180739383660351 0 3 2 2 3 3 1 3 0 3 3 1
0.0005180739383660351 0 3 2 2 3 3 2 3 0 3 3 2
0.0019187207260609497 0 3 2 2 0 0 1 1 3 0 0 0
0.0019187207260609497 0 3 2 2 0 0 2 2 3 0 0 0
-0.008199221485046914 0 3 2 3 2 0 1 1 3 3 0 0
-0.008199221485046914 0 3 2 3 2 0 2 2 3 3 0 0
-0.0022138724560578594 0 3 2 0 2 3 1 3 0 0 3 1
-0.0022138724560578594 0 3 2 0 2 3 2 3 0 0 3 2
0.0029702383189141915 0 3 2 0 3 1 1 3 0 2 3 0
-0.0029702383189141915 0 3 2 0 3 1 2 3 0 1 3 0
-0.01269264542221727 0 3 2 0 0 1 1 3 0 0 2 0
0.01269264542221727 0 3 2 0 0 1 2 3 0 0 1 0
0.06903284255409027 0 3 3 0 0 0 0 0 0 0 0 0
-0.00027166820530564464 0 3 3 1 3 1 1 3 1 3 3 0
-0.00027166820530564464 0 3 3 1 3 1 2 3 2 3 3 0
-0.00027166820530564464 0 3 3 2 3 2 1 3 1 3 3 0
-0.00027166820530564464 0 3 3 2 3 2 2 3 2 3 3 0
-0.008779823238991489 0 3 3 3 3 3 0 1 3 3 3 1
-0.008779823238991489 0 3 3 3 3 3 0 2 3 3 3 2
0.001160912974718874 0 3 3 0 1 1 1 3 1 0 3 0
0.001160912974718874 0 3 3 0 1 1 2 3 2 0 3 0
0.001160912974718874 0 3 3 0 2 2 1 3 1 0 3 0
0.001160912974718874 0 3 3 0 2 2 2 3 2 0 3 0
0.0002464057330603904 0 3 3 0 3 3 1 3 1 1 3 1
-0.003241906524219837 0 3 3 0 3 3 1 3 1 2 3 2
0.003488312257280226 0 3 3 0 3 3 1 3 2 2 3 1
0.003488312257280226 0 3 3 0 3 3 2 3 1 1 3 2
-0.003241906524219837 0 3 3 0 3 3 2 3 2 1 3 1
0.0002464057330603904 0 3 3 0 3 3 2 3 2 2 3 2
-0.0010529594813389852 0 3 3 0 0 3 1 3 1 0 1 1
0.01385355839693615 0 3 3 0 0 3 1 3 1 0 2 2
-0.014906517878275133 0 3 3 0 0 3 1 3 2 0 2 1
-0.014906517878275133 0 3 3 0 0 3 2 3 1 0 1 2
0.01385355839693615 0 3 3 0 0 3 2 3 2 0 1 1
-0.0010529594813389852 0 3 3 0 0 3 2 3 2 0 2 2
0.08837253253379869 0 3 0 3 0 0 0 0 0 0 0 0
0.018096211274221768 0 3 0 3 3 0 1 1 1 3 1 0
-0.00031889656251728833 0 3 0 3 3 0 1 1 2 3 2 0
0.018415107836739053 0 3 0 3 3 0 1 2 2 3 1 0
0.018415107836739053 0 3 0 3 3 0 2 1 1 3 2 0
-0.00031889656251728833 0 3 0 3 3 0 2 2 1 3 1 0
0.018096211274221768 0 3 0 3 3 0 2 2 2 3 2 0
-0.004234740541934324 0 3 0 3 0 0 1 1 1 1 0 0
7.462579771596613e-05 0 3 0 3 0 0 1 1 2 2 0 0
-0.00430936633965029 0 3 0 3 0 0 1 2 2 1 0 0
-0.00430936633965029 0 3 0 3 0 0 2 1 1 2 0 0
7.462579771596613e-05 0 3 0 3 0 0 2 2 1 1 0 0
-0.004234740541934324 0 3 0 3 0 0 2 2 2 2 0 0
0.08837253253379876 0 3 0 0 3 0 0 0 0 0 0 0
0.0977669409950007 0 3 0 0 0 3 0 0 0 0 0 0
0.1041108177082116 0 3 0 0 0 0 3 0 0 0 0 0
0.10992297063171233 0 3 0 0 0 0 0 3 0 0 0 0
0.11252600557731919 0 3 0 0 0 0 0 0 3 0 0 0
0.10787290127328772 0 3 0 0 0 0 0 0 0 3 0 0
0.10787290127328783 0 3 0 0 0 0 0 0 0 0 3 0
0.11108124178983089 0 3 0 0 0 0 0 0 0 0 0 3
-0.009401042985518542 0 0 1 2 0 0 0 0 1 2 0 0
0.009401042985518542 0 0 1 2 0 0 0 0 2 1 0 0
-0.02618864529006297 0 0 1 3 3 2 0 1 2 3 3 0
0.02618864529006297 0 0 1 3 3 2 0 2 1 3 3 0
-0.009401042985518556 0 0 1 0 2 0 0 0 1 0 2 0
0.009401042985518556 0 0 1 0 2 0 0 0 2 0 1 0
-0.02013339357873586 0 0 1 0 0 2 0 0 1 0 0 2
0.02013339357873586 0 0 1 0 0 2 0 0 2 0 0 1
0.009401042985518542 0 0 2 1 0 0 0 0 1 2 0 0
-0.009401042985518542 0 0 2 1 0 0 0 0 2 1 0 0
0.02618864529006297 0 0 2 3 3 1 0 1 2 3 3 0
-0.02618864529006297 0 0 2 3 3 1 0 2 1 3 3 0
0.009401042985518556 0 0 2 0 1 0 0 0 1 0 2 0
-0.009401042985518556 0 0 2 0 1 0 0 0 2 0 1 0
0.02013339357873586 0 0 2 0 0 1 0 0 1 0 0 2
-0.02013339357873586 0 0 2 0 0 1 0 0 2 0 0 1
1.014836205013124 0 0 3 0 0 0 0 0 0 0 0 0
0.00824502341454914 0 0 3 1 3 2 0 1 3 2 3 0
-0.00824502341454914 0 0 3 1 3 2 0 2 3 1 3 0
-0.00824502341454914 0 0 3 2 3 1 0 1 3 2 3 0
0.00824502341454914 0 0 3 2 3 1 0 2 3 1 3 0
0.09819955277886254 0 0 3 3 0 0 0 0 0 0 0 0
0.00824502341454915 0 0 3 3 1 2 0 1 3 3 2 0
-0.00824502341454915 0 0 3 3 1 2 0 2 3 3 1 0
-0.00824502341454915 0 0 3 3 2 1 0 1 3 3 2 0
0.00824502341454915 0 0 3 3 2 1 0 2 3 3 1 0
0.0005899039515628035 0 0 3 3 3 3 3 1 3 3 3 1
0.0005899039515628035 0 0 3 3 3 3 3 2 3 3 3 2
-0.012029328360230209 0 0 3 3 3 3 0 1 3 3 3 1
-0.008021473568310355 0 0 3 3 3 3 0 1 3 3 0 1
-0.00802147356831031 0 0 3 3 3 3 0 1 3 0 3 1
0.013016623899893366 0 0 3 3 3 3 0 1 0 3 3 1
-0.012029328360230209 0 0 3 3 3 3 0 2 3 3 3 2
-0.008021473568310355 0 0 3 3 3 3 0 2 3 3 0 2
-0.00802147356831031 0 0 3 3 3 3 0 2 3 0 3 2
0.013016623899893366 0 0 3 3 3 3 0 2 0 3 3 2
-0.006464543355914781 0 0 3 3 3 0 0 1 3 3 3 1
-0.006464543355914781 0 0 3 3 3 0 0 2 3 3 3 2
0.00022354984623879456 0 0 3 3 0 3 0 1 3 3 3 1
0.00022354984623879456 0 0 3 3 0 3 0 2 3 3 3 2
0.09819955277886265 0 0 3 0 3 0 0 0 0 0 0 0
0.00022354984623883153 0 0 3 0 3 3 0 1 3 3 3 1
0.00022354984623883153 0 0 3 0 3 3 0 2 3 3 3 2
0.09393726214047306 0 0 3 0 0 3 0 0 0 0 0 0
0.10393625670764434 0 0 3 0 0 0 3 0 0 0 0 0
0.11252600557731919 0 0 3 0 0 0 0 3 0 0 0 0
0.1180275634661714 0 0 3 0 0 0 0 0 3 0 0 0
0.10760059576438108 0 0 3 0 0 0 0 0 0 3 0 0
0.10760059576438122 0 0 3 0 0 0 0 0 0 0 3 0
0.11407065571920892 0 0 3 0 0 0 0 0 0 0 0 3
0.002263116588681097 0 0 0 1 1 0 3 0 0 3 0 0
-0.0009738419249889723 0 0 0 1 1 0 0 0 0 3 0 0
-0.005585024846592179 0 0 0 1 2 0 0 0 0 1 2 0
0.005585024846592179 0 0 0 1 2 0 0 0 0 2 1 0
-0.009197999066884411 0 0 0 1 0 2 0 0 0 1 0 2
0.009197999066884411 0 0 0 1 0 2 0 0 0 2 0 1
0.005585024846592179 0 0 0 2 1 0 0 0 0 1 2 0
-0.005585024846592179 0 0 0 2 1 0 0 0 0 2 1 0
0.002263116588681097 0 0 0 2 2 0 3 0 0 3 0 0
-0.0009738419249889723 0 0 0 2 2 0 0 0 0 3 0 0
0.009197999066884411 0 0 0 2 0 1 0 0 0 1 0 2
-0.009197999066884411 0 0 0 2 0 1 0 0 0 2 0 1
0.890307521080511 0 0 0 3 0 0 0 0 0 0 0 0
0.10173672508543566 0 0 0 3 3 0 0 0 0 0 0 0
-0.013172021390169604 0 0 0 3 3 3 0 1 3 3 3 1
-0.013172021390169604 0 0 0 3 3 3 0 2 3 3 3 2
0.10239202432061006 0 0 0 3 0 3 0 0 0 0 0 0
0.1083771216632362 0 0 0 3 0 0 3 0 0 0 0 0
0.10787290127328772 0 0 0 3 0 0 0 3 0 0 0 0
0.10760059576438108 0 0 0 3 0 0 0 0 3 0 0 0
0.11849179962521224 0 0 0 3 0 0 0 0 0 3 0 0
0.10732174993202784 0 0 0 3 0 0 0 0 0 0 3 0
0.11159002338749448 0 0 0 3 0 0 0 0 0 0 0 3
-0.009197999066884406 0 0 0 0 1 2 0 0 0 0 1 2
0.009197999066884406 0 0 0 0 1 2 0 0 0 0 2 1
0.009197999066884406 0 0 0 0 2 1 0 0 0 0 1 2
-0.009197999066884406 0 0 0 0 2 1 0 0 0 0 2 1
0.8863739178719612 0 0 0 0 3 0 0 0 0 0 0 0
0.10239202432061031 0 0 0 0 3 3 0 0 0 0 0 0
0.11751844372601909 0 0 0 0 3 0 3 0 0 0 0 0
-0.0032369585136699085 0 0 0 0 3 0 3 0 0 1 1 0
-0.0032369585136699085 0 0 0 0 3 0 3 0 0 2 2 0
0.10787290127328783 0 0 0 0 3 0 0 3 0 0 0 0
0.10760059576438122 0 0 0 0 3 0 0 0 3 0 0 0
-0.0009738419249889722 0 0 0 0 3 0 0 0 0 1 1 0
-0.0009738419249889722 0 0 0 0 3 0 0 0 0 2 2 0
0.10732174993202784 0 0 0 0 3 0 0 0 0 3 0 0
0.11849179962521258 0 0 0 0 3 0 0 0 0 0 3 0
0.11159002338749471 0 0 0 0 3 0 0 0 0 0 0 3
0.4279505746771399 0 0 0 0 0 3 0 0 0 0 0 0
0.11278428034291155 0 0 0 0 0 3 3 0 0 0 0 0
0.11108124178983089 0 0 0 0 0 3 0 3 0 0 0 0
0.11407065571920892 0 0 0 0 0 3 0 0 3 0 0 0
0.11159002338749448 0 0 0 0 0 3 0 0 0 3 0 0
0.11159002338749471 0 0 0 0 0 3 0 0 0 0 3 0
0.11878009339635952 0 0 0 0 0 3 0 0 0 0 0 3
1.235987459952625 0 0 0 0 0 0 3 0 0 0 0 0
0.09496886107463778 0 0 0 0 0 0 3 3 0 0 0 0
0.09869441826414471 0 0 0 0 0 0 3 0 3 0 0 0
0.10353565999508897 0 0 0 0 0 0 3 0 0 3 0 0
0.09046073472375431 0 0 0 0 0 0 3 0 0 0 3 0
0.10675772835218045 0 0 0 0 0 0 3 0 0 0 0 3
1.104583825802157 0 0 0 0 0 0 0 3 0 0 0 0
0.06903284255409027 0 0 0 0 0 0 0 3 3 0 0 0
0.08837253253379869 0 0 0 0 0 0 0 3 0 3 0 0
0.08837253253379876 0 0 0 0 0 0 0 3 0 0 3 0
0.0977669409950007 0 0 0 0 0 0 0 3 0 0 0 3
1.014836205013124 0 0 0 0 0 0 0 0 3 0 0 0
0.09819955277886254 0 0 0 0 0 0 0 0 3 3 0 0
0.09819955277886265 0 0 0 0 0 0 0 0 3 0 3 0
0.09393726214047306 0 0 0 0 0 0 0 0 3 0 0 3
0.890307521080511 0 0 0 0 0 0 0 0 0 3 0 0
0.10173672508543566 0 0 0 0 0 0 0 0 0 3 3 0
0.10239202432061006 0 0 0 0 0 0 0 0 0 3 0 3
0.8863739178719611 0 0 0 0 0 0 0 0 0 0 3 0
0.10239202432061031 0 0 0 0 0 0 0 0 0 0 3 3
0.42795057467714 0 0 0 0 0 0 0 0 0 0 0 3
