-906.2469223809946 0 0 0 0 0 0 0 0 0 0
0.03481884202063471 1 1 0 1 1 3 0 0 3 0
0.034534160444543584 1 1 0 2 2 3 0 0 3 0
0.038704039246833674 1 1 0 0 3 3 0 0 1 1
0.038704039246833674 1 1 0 0 3 3 0 0 2 2
-0.007583397337709956 1 2 3 0 0 1 3 2 0 0
0.007583397337709956 1 2 3 0 0 2 3 1 0 0
0.0002846815760911283 1 2 0 2 1 3 0 0 3 0
-0.04798836979445861 1 2 0 0 0 1 2 0 0 0
0.04798836979445861 1 2 0 0 0 2 1 0 0 0
0.006027105958094903 1 3 1 1 1 3 3 0 3 0
0.005977827868306567 1 3 1 2 2 3 3 0 3 0
0.006699629626071 1 3 1 0 3 3 3 0 1 1
0.006699629626071 1 3 1 0 3 3 3 0 2 2
4.927808978833521e-05 1 3 2 2 1 3 3 0 3 0
-0.0007218017577644323 1 3 3 2 3 3 3 1 3 2
0.0007218017577644323 1 3 3 2 3 3 3 2 3 1
-0.000672523667976097 1 3 3 0 1 3 3 1 1 0
-0.000672523667976097 1 3 3 0 1 3 3 2 2 0
-0.0041698788022900835 1 3 0 2 3 3 1 0 3 2
0.0041698788022900835 1 3 0 2 3 3 2 0 3 1
-0.0038851972261989554 1 3 0 0 1 3 1 0 1 0
-0.0038851972261989554 1 3 0 0 1 3 2 0 2 0
-0.007583397337709956 1 0 1 0 0 1 1 0 0 0
-0.007583397337709956 1 0 1 0 0 2 2 0 0 0
-0.005491446013934906 1 0 2 0 0 1 0 2 0 0
0.005491446013934906 1 0 2 0 0 2 0 1 0 0
-0.00435504326207812 1 0 0 2 0 1 0 0 2 0
0.00435504326207812 1 0 0 2 0 2 0 0 1 0
-0.0043354239022877885 1 0 0 0 2 1 0 0 0 2
0.0043354239022877885 1 0 0 0 2 2 0 0 0 1
0.007583397337709956 2 1 3 0 0 1 3 2 0 0
-0.007583397337709956 2 1 3 0 0 2 3 1 0 0
0.0002846815760911283 2 1 0 1 2 3 0 0 3 0
0.04798836979445861 2 1 0 0 0 1 2 0 0 0
-0.04798836979445861 2 1 0 0 0 2 1 0 0 0
0.034534160444543584 2 2 0 1 1 3 0 0 3 0
0.03481884202063471 2 2 0 2 2 3 0 0 3 0
0.038704039246833674 2 2 0 0 3 3 0 0 1 1
0.038704039246833674 2 2 0 0 3 3 0 0 2 2
4.927808978833521e-05 2 3 1 1 2 3 3 0 3 0
0.005977827868306567 2 3 2 1 1 3 3 0 3 0
0.006027105958094903 2 3 2 2 2 3 3 0 3 0
0.006699629626071 2 3 2 0 3 3 3 0 1 1
0.006699629626071 2 3 2 0 3 3 3 0 2 2
0.0007218017577644323 2 3 3 1 3 3 3 1 3 2
-0.0007218017577644323 2 3 3 1 3 3 3 2 3 1
-0.000672523667976097 2 3 3 0 2 3 3 1 1 0
-0.000672523667976097 2 3 3 0 2 3 3 2 2 0
0.0041698788022900835 2 3 0 1 3 3 1 0 3 2
-0.0041698788022900835 2 3 0 1 3 3 2 0 3 1
-0.0038851972261989554 2 3 0 0 2 3 1 0 1 0
-0.0038851972261989554 2 3 0 0 2 3 2 0 2 0
0.005491446013934906 2 0 1 0 0 1 0 2 0 0
-0.005491446013934906 2 0 1 0 0 2 0 1 0 0
-0.007583397337709956 2 0 2 0 0 1 1 0 0 0
-0.007583397337709956 2 0 2 0 0 2 2 0 0 0
0.00435504326207812 2 0 0 1 0 1 0 0 2 0
-0.00435504326207812 2 0 0 1 0 2 0 0 1 0
0.0043354239022877885 2 0 0 0 1 1 0 0 0 2
-0.0043354239022877885 2 0 0 0 1 2 0 0 0 1
0.6247193638171412 3 0 0 0 0 0 0 0 0 0
0.006152855607647908 3 1 1 0 0 0 3 0 0 0
0.006152855607647908 3 2 2 0 0 0 3 0 0 0
0.04631150596423168 3 3 0 0 0 0 0 0 0 0
0.08079175592957816 3 0 3 0 0 0 0 0 0 0
-0.0014305417300620473 3 0 3 0 0 0 1 1 0 0
-0.0014305417300620473 3 0 3 0 0 0 2 2 0 0
0.08213252794403565 3 0 0 3 0 0 0 0 0 0
0.08430167482747322 3 0 0 0 3 0 0 0 0 0
0.09422607925772858 3 0 0 0 0 3 0 0 0 0
0.09429987575869028 3 0 0 0 0 0 3 0 0 0
0.08628320194351308 3 0 0 0 0 0 0 3 0 0
0.08648757120611378 3 0 0 0 0 0 0 0 3 0
0.088637098729761 3 0 0 0 0 0 0 0 0 3
-0.0014305417300620473 0 1 1 0 0 3 3 0 0 0
0.00472231387758537 0 1 1 0 0 0 3 0 0 0
-0.004316035938704604 0 1 2 0 0 0 1 2 0 0
0.004316035938704604 0 1 2 0 0 0 2 1 0 0
-0.0038851972261989554 0 1 0 1 3 1 0 0 3 1
-0.0038851972261989554 0 1 0 1 3 2 0 0 3 2
-0.004098351071020399 0 1 0 2 0 0 1 0 2 0
0.004098351071020399 0 1 0 2 0 0 2 0 1 0
-0.0041698788022900835 0 1 0 0 2 1 0 0 2 0
0.0041698788022900835 0 1 0 0 2 2 0 0 1 0
-0.004609920870935061 0 1 0 0 2 0 1 0 0 2
0.004609920870935061 0 1 0 0 2 0 2 0 0 1
0.004316035938704604 0 2 1 0 0 0 1 2 0 0
-0.004316035938704604 0 2 1 0 0 0 2 1 0 0
-0.0014305417300620473 0 2 2 0 0 3 3 0 0 0
0.00472231387758537 0 2 2 0 0 0 3 0 0 0
0.004098351071020399 0 2 0 1 0 0 1 0 2 0
-0.004098351071020399 0 2 0 1 0 0 2 0 1 0
-0.0038851972261989554 0 2 0 2 3 1 0 0 3 1
-0.0038851972261989554 0 2 0 2 3 2 0 0 3 2
0.0041698788022900835 0 2 0 0 1 1 0 0 2 0
-0.0041698788022900835 0 2 0 0 1 2 0 0 1 0
0.004609920870935061 0 2 0 0 1 0 1 0 0 2
-0.004609920870935061 0 2 0 0 1 0 2 0 0 1
0.616893507593502 0 3 0 0 0 0 0 0 0 0
-0.000672523667976097 0 3 1 1 3 1 3 0 3 1
-0.000672523667976097 0 3 1 1 3 2 3 0 3 2
-0.0007218017577644323 0 3 1 0 2 1 3 0 2 0
0.0007218017577644323 0 3 1 0 2 2 3 0 1 0
-0.000672523667976097 0 3 2 2 3 1 3 0 3 1
-0.000672523667976097 0 3 2 2 3 2 3 0 3 2
0.0007218017577644323 0 3 2 0 1 1 3 0 2 0
-0.0007218017577644323 0 3 2 0 1 2 3 0 1 0
0.08194995950969192 0 3 3 0 0 0 0 0 0 0
0.006699629626071 0 3 3 1 1 1 3 1 3 0
0.006699629626071 0 3 3 1 1 2 3 2 3 0
0.006699629626071 0 3 3 2 2 1 3 1 3 0
0.006699629626071 0 3 3 2 2 2 3 2 3 0
0.006027105958094903 0 3 3 0 3 1 3 1 1 1
0.005977827868306567 0 3 3 0 3 1 3 1 2 2
4.927808978833521e-05 0 3 3 0 3 1 3 2 2 1
4.927808978833521e-05 0 3 3 0 3 2 3 1 1 2
0.005977827868306567 0 3 3 0 3 2 3 2 1 1
0.006027105958094903 0 3 3 0 3 2 3 2 2 2
0.038704039246833674 0 3 0 1 1 1 1 0 3 0
0.038704039246833674 0 3 0 1 1 2 2 0 3 0
0.038704039246833674 0 3 0 2 2 1 1 0 3 0
0.038704039246833674 0 3 0 2 2 2 2 0 3 0
0.08246277478403902 0 3 0 3 0 0 0 0 0 0
0.08409533473650033 0 3 0 0 3 0 0 0 0 0
0.03481884202063471 0 3 0 0 3 1 1 0 1 1
0.034534160444543584 0 3 0 0 3 1 1 0 2 2
0.0002846815760911283 0 3 0 0 3 1 2 0 2 1
0.0002846815760911283 0 3 0 0 3 2 1 0 1 2
0.034534160444543584 0 3 0 0 3 2 2 0 1 1
0.03481884202063471 0 3 0 0 3 2 2 0 2 2
0.09429987575869028 0 3 0 0 0 3 0 0 0 0
0.09489806732580575 0 3 0 0 0 0 3 0 0 0
0.08626599544839653 0 3 0 0 0 0 0 3 0 0
0.08656112585505943 0 3 0 0 0 0 0 0 3 0
0.08870525560743539 0 3 0 0 0 0 0 0 0 3
-0.004098351071020398 0 0 1 2 0 0 0 1 2 0
0.004098351071020398 0 0 1 2 0 0 0 2 1 0
-0.00460992087093506 0 0 1 0 2 0 0 1 0 2
0.00460992087093506 0 0 1 0 2 0 0 2 0 1
0.004098351071020398 0 0 2 1 0 0 0 1 2 0
-0.004098351071020398 0 0 2 1 0 0 0 2 1 0
0.00460992087093506 0 0 2 0 1 0 0 1 0 2
-0.00460992087093506 0 0 2 0 1 0 0 2 0 1
0.6433570837436707 0 0 3 0 0 0 0 0 0 0
0.08246277478403899 0 0 3 3 0 0 0 0 0 0
0.08409533473650031 0 0 3 0 3 0 0 0 0 0
0.08628320194351308 0 0 3 0 0 3 0 0 0 0
0.006152855607647908 0 0 3 0 0 3 1 1 0 0
0.006152855607647908 0 0 3 0 0 3 2 2 0 0
0.004722313877585369 0 0 3 0 0 0 1 1 0 0
0.004722313877585369 0 0 3 0 0 0 2 2 0 0
0.08626599544839653 0 0 3 0 0 0 3 0 0 0
0.09489806732580572 0 0 3 0 0 0 0 3 0 0
0.0865611258550594 0 0 3 0 0 0 0 0 3 0
0.08870525560743536 0 0 3 0 0 0 0 0 0 3
-0.04554302666813488 0 0 0 1 2 0 0 0 1 2
0.04554302666813488 0 0 0 1 2 0 0 0 2 1
0.04554302666813488 0 0 0 2 1 0 0 0 1 2
-0.04554302666813488 0 0 0 2 1 0 0 0 2 1
0.6508785308650163 0 0 0 3 0 0 0 0 0 0
0.05206044184987378 0 0 0 3 3 0 0 0 0 0
0.08648757120611378 0 0 0 3 0 3 0 0 0 0
0.08656112585505943 0 0 0 3 0 0 3 0 0 0
0.0865611258550594 0 0 0 3 0 0 0 3 0 0
0.09629987524185737 0 0 0 3 0 0 0 0 3 0
0.09760346851800866 0 0 0 3 0 0 0 0 0 3
0.6064150473361739 0 0 0 0 3 0 0 0 0 0
0.088637098729761 0 0 0 0 3 3 0 0 0 0
0.08870525560743539 0 0 0 0 3 0 3 0 0 0
0.08870525560743536 0 0 0 0 3 0 0 3 0 0
0.09760346851800866 0 0 0 0 3 0 0 0 3 0
0.10022772325210966 0 0 0 0 3 0 0 0 0 3
0.6247193638171411 0 0 0 0 0 3 0 0 0 0
0.04631150596423168 0 0 0 0 0 3 3 0 0 0
0.08079175592957816 0 0 0 0 0 3 0 3 0 0
0.08213252794403565 0 0 0 0 0 3 0 0 3 0
0.08430167482747322 0 0 0 0 0 3 0 0 0 3
0.6168935075935025 0 0 0 0 0 0 3 0 0 0
0.08194995950969192 0 0 0 0 0 0 3 3 0 0
0.08246277478403902 0 0 0 0 0 0 3 0 3 0
0.08409533473650033 0 0 0 0 0 0 3 0 0 3
0.6433570837436708 0 0 0 0 0 0 0 3 0 0
0.08246277478403899 0 0 0 0 0 0 0 3 3 0
0.08409533473650031 0 0 0 0 0 0 0 3 0 3
0.6508785308650165 0 0 0 0 0 0 0 0 3 0
0.05206044184987378 0 0 0 0 0 0 0 0 3 3
0.6064150473361739 0 0 0 0 0 0 0 0 0 3
