-904.8121109897526 0 0 0 0 0 0 0 0 0 0 0 0
-0.00956874699992755 1 1 1 1 0 0 3 0 3 0 0 0
0.028559333690327086 1 1 2 2 0 0 3 0 3 0 0 0
-0.016467390103007858 1 1 3 0 0 0 3 0 0 0 0 0
0.016467390103007854 1 1 0 3 0 0 3 0 0 0 0 0
-0.0021203570409165707 1 1 0 3 0 0 3 0 1 1 0 0
-0.0021203570409165707 1 1 0 3 0 0 3 0 2 2 0 0
0.0036772688616391594 1 1 0 0 0 0 3 0 3 0 0 0
-0.0036772688616391546 1 1 0 0 0 0 3 0 0 3 0 0
-0.03812808069025464 1 2 2 1 0 0 3 0 3 0 0 0
-0.0042076319776520954 1 2 0 0 0 0 1 2 0 0 0 0
0.0042076319776520954 1 2 0 0 0 0 2 1 0 0 0 0
0.03197456345647295 1 3 1 0 1 1 3 3 0 0 3 0
0.03179100903042414 1 3 1 0 2 2 3 3 0 0 3 0
0.03547094621289158 1 3 1 0 0 3 3 3 0 0 1 1
0.03547094621289158 1 3 1 0 0 3 3 3 0 0 2 2
0.03067969073124366 1 3 2 3 0 0 3 1 3 2 0 0
-0.03067969073124366 1 3 2 3 0 0 3 2 3 1 0 0
0.00018355442604880675 1 3 2 0 2 1 3 3 0 0 3 0
0.020144658964647014 1 3 2 0 0 0 3 1 2 0 0 0
-0.020144658964647014 1 3 2 0 0 0 3 2 1 0 0 0
-0.01847233275533564 1 3 3 1 1 1 3 3 3 0 3 0
-0.018366289761463213 1 3 3 1 2 2 3 3 3 0 3 0
-0.02049226168429519 1 3 3 1 0 3 3 3 3 0 1 1
-0.02049226168429519 1 3 3 1 0 3 3 3 3 0 2 2
-0.00010604299387242434 1 3 3 2 2 1 3 3 3 0 3 0
0.0021259719228319774 1 3 3 3 2 3 3 3 3 1 3 2
-0.0021259719228319774 1 3 3 3 2 3 3 3 3 2 3 1
0.0020199289289595528 1 3 3 3 0 1 3 3 3 1 1 0
0.0020199289289595528 1 3 3 3 0 1 3 3 3 2 2 0
-0.0036799371824674434 1 3 3 0 2 3 3 3 1 0 3 2
0.0036799371824674434 1 3 3 0 2 3 3 3 2 0 3 1
-0.0034963827564186358 1 3 3 0 0 1 3 3 1 0 1 0
-0.0034963827564186358 1 3 3 0 0 1 3 3 2 0 2 0
-0.007448389959010978 1 3 0 1 0 0 3 1 1 0 0 0
-0.007448389959010978 1 3 0 1 0 0 3 2 2 0 0 0
-0.020144658964647007 1 3 0 2 0 0 3 1 0 2 0 0
0.020144658964647007 1 3 0 2 0 0 3 2 0 1 0 0
0.020144658964646983 1 0 2 3 0 0 1 0 3 2 0 0
-0.020144658964646983 1 0 2 3 0 0 2 0 3 1 0 0
-0.03905884039044832 1 0 2 0 0 0 1 0 2 0 0 0
0.03905884039044832 1 0 2 0 0 0 2 0 1 0 0 0
0.020144658964646983 1 0 0 1 0 0 1 0 1 0 0 0
0.020144658964646983 1 0 0 1 0 0 2 0 2 0 0 0
-0.01582753961821566 1 0 0 2 0 0 1 0 0 2 0 0
0.01582753961821566 1 0 0 2 0 0 2 0 0 1 0 0
-0.0042832737964884635 1 0 0 0 2 0 1 0 0 0 2 0
0.0042832737964884635 1 0 0 0 2 0 2 0 0 0 1 0
-0.004285201531245801 1 0 0 0 0 2 1 0 0 0 0 2
0.004285201531245801 1 0 0 0 0 2 2 0 0 0 0 1
-0.03812808069025464 2 1 1 2 0 0 3 0 3 0 0 0
0.0042076319776520954 2 1 0 0 0 0 1 2 0 0 0 0
-0.0042076319776520954 2 1 0 0 0 0 2 1 0 0 0 0
0.028559333690327086 2 2 1 1 0 0 3 0 3 0 0 0
-0.00956874699992755 2 2 2 2 0 0 3 0 3 0 0 0
-0.016467390103007858 2 2 3 0 0 0 3 0 0 0 0 0
0.016467390103007854 2 2 0 3 0 0 3 0 0 0 0 0
-0.0021203570409165707 2 2 0 3 0 0 3 0 1 1 0 0
-0.0021203570409165707 2 2 0 3 0 0 3 0 2 2 0 0
0.0036772688616391594 2 2 0 0 0 0 3 0 3 0 0 0
-0.0036772688616391546 2 2 0 0 0 0 3 0 0 3 0 0
-0.03067969073124366 2 3 1 3 0 0 3 1 3 2 0 0
0.03067969073124366 2 3 1 3 0 0 3 2 3 1 0 0
0.00018355442604880675 2 3 1 0 1 2 3 3 0 0 3 0
-0.020144658964647014 2 3 1 0 0 0 3 1 2 0 0 0
0.020144658964647014 2 3 1 0 0 0 3 2 1 0 0 0
0.03179100903042414 2 3 2 0 1 1 3 3 0 0 3 0
0.03197456345647295 2 3 2 0 2 2 3 3 0 0 3 0
0.03547094621289158 2 3 2 0 0 3 3 3 0 0 1 1
0.03547094621289158 2 3 2 0 0 3 3 3 0 0 2 2
-0.00010604299387242434 2 3 3 1 1 2 3 3 3 0 3 0
-0.018366289761463213 2 3 3 2 1 1 3 3 3 0 3 0
-0.01847233275533564 2 3 3 2 2 2 3 3 3 0 3 0
-0.02049226168429519 2 3 3 2 0 3 3 3 3 0 1 1
-0.02049226168429519 2 3 3 2 0 3 3 3 3 0 2 2
-0.0021259719228319774 2 3 3 3 1 3 3 3 3 1 3 2
0.0021259719228319774 2 3 3 3 1 3 3 3 3 2 3 1
0.0020199289289595528 2 3 3 3 0 2 3 3 3 1 1 0
0.0020199289289595528 2 3 3 3 0 2 3 3 3 2 2 0
0.0036799371824674434 2 3 3 0 1 3 3 3 1 0 3 2
-0.0036799371824674434 2 3 3 0 1 3 3 3 2 0 3 1
-0.0034963827564186358 2 3 3 0 0 2 3 3 1 0 1 0
-0.0034963827564186358 2 3 3 0 0 2 3 3 2 0 2 0
0.020144658964647007 2 3 0 1 0 0 3 1 0 2 0 0
-0.020144658964647007 2 3 0 1 0 0 3 2 0 1 0 0
-0.007448389959010978 2 3 0 2 0 0 3 1 1 0 0 0
-0.007448389959010978 2 3 0 2 0 0 3 2 2 0 0 0
-0.020144658964646983 2 0 1 3 0 0 1 0 3 2 0 0
0.020144658964646983 2 0 1 3 0 0 2 0 3 1 0 0
0.03905884039044832 2 0 1 0 0 0 1 0 2 0 0 0
-0.03905884039044832 2 0 1 0 0 0 2 0 1 0 0 0
0.01582753961821566 2 0 0 1 0 0 1 0 0 2 0 0
-0.01582753961821566 2 0 0 1 0 0 2 0 0 1 0 0
0.020144658964646983 2 0 0 2 0 0 1 0 1 0 0 0
0.020144658964646983 2 0 0 2 0 0 2 0 2 0 0 0
0.0042832737964884635 2 0 0 0 1 0 1 0 0 0 2 0
-0.0042832737964884635 2 0 0 0 1 0 2 0 0 0 1 0
0.004285201531245801 2 0 0 0 0 1 1 0 0 0 0 2
-0.004285201531245801 2 0 0 0 0 1 2 0 0 0 0 1
0.7789994964030365 3 0 0 0 0 0 0 0 0 0 0 0
0.08029845124698158 3 3 0 0 0 0 0 0 0 0 0 0
-0.016467390103007865 3 0 1 1 0 0 0 0 3 0 0 0
-0.016467390103007865 3 0 2 2 0 0 0 0 3 0 0 0
0.05196541115048981 3 0 3 0 0 0 0 0 0 0 0 0
0.07095599784088932 3 0 0 3 0 0 0 0 0 0 0 0
0.003677268861639118 3 0 0 3 0 0 0 0 1 1 0 0
0.003677268861639118 3 0 0 3 0 0 0 0 2 2 0 0
0.08079829090751228 3 0 0 0 3 0 0 0 0 0 0 0
0.08243018336688764 3 0 0 0 0 3 0 0 0 0 0 0
0.09292134717993782 3 0 0 0 0 0 3 0 0 0 0 0
0.08450608322463367 3 0 0 0 0 0 0 3 0 0 0 0
0.09102425154093813 3 0 0 0 0 0 0 0 3 0 0 0
0.086783537459105 3 0 0 0 0 0 0 0 0 3 0 0
0.08508156470400075 3 0 0 0 0 0 0 0 0 0 3 0
0.08671538489813344 3 0 0 0 0 0 0 0 0 0 0 3
-0.007448389959010978 0 1 1 3 0 0 1 0 3 1 0 0
-0.007448389959010978 0 1 1 3 0 0 2 0 3 2 0 0
-0.018472332755335653 0 1 1 0 1 1 0 3 0 0 3 0
-0.018366289761463223 0 1 1 0 2 2 0 3 0 0 3 0
-0.020492261684295205 0 1 1 0 0 3 0 3 0 0 1 1
-0.020492261684295205 0 1 1 0 0 3 0 3 0 0 2 2
0.020144658964647014 0 1 1 0 0 0 1 0 1 0 0 0
0.020144658964647014 0 1 1 0 0 0 2 0 2 0 0 0
-0.020144658964647018 0 1 2 3 0 0 0 1 3 2 0 0
0.020144658964647018 0 1 2 3 0 0 0 2 3 1 0 0
-0.00010604299387242364 0 1 2 0 2 1 0 3 0 0 3 0
-0.015827539618215692 0 1 2 0 0 0 0 1 2 0 0 0
0.015827539618215692 0 1 2 0 0 0 0 2 1 0 0 0
-0.031974563456472975 0 1 3 1 1 1 0 3 3 0 3 0
-0.03179100903042416 0 1 3 1 2 2 0 3 3 0 3 0
-0.03547094621289161 0 1 3 1 0 3 0 3 3 0 1 1
-0.03547094621289161 0 1 3 1 0 3 0 3 3 0 2 2
-0.00018355442604880718 0 1 3 2 2 1 0 3 3 0 3 0
0.003679937182467445 0 1 3 3 2 3 0 3 3 1 3 2
-0.003679937182467445 0 1 3 3 2 3 0 3 3 2 3 1
0.003496382756418639 0 1 3 3 0 1 0 3 3 1 1 0
0.003496382756418639 0 1 3 3 0 1 0 3 3 2 2 0
0.0021259719228319796 0 1 3 0 2 3 0 3 1 0 3 2
-0.0021259719228319796 0 1 3 0 2 3 0 3 2 0 3 1
0.002019928928959555 0 1 3 0 0 1 0 3 1 0 1 0
0.002019928928959555 0 1 3 0 0 1 0 3 2 0 2 0
-0.020144658964647007 0 1 0 1 0 0 1 0 0 1 0 0
-0.020144658964647007 0 1 0 1 0 0 2 0 0 2 0 0
-0.020144658964647014 0 1 0 1 0 0 0 1 1 0 0 0
-0.020144658964647014 0 1 0 1 0 0 0 2 2 0 0 0
0.03067969073124366 0 1 0 2 0 0 1 0 2 0 0 0
-0.03067969073124366 0 1 0 2 0 0 2 0 1 0 0 0
-0.03905884039044836 0 1 0 2 0 0 0 1 0 2 0 0
0.03905884039044836 0 1 0 2 0 0 0 2 0 1 0 0
-0.004283273796488466 0 1 0 0 2 0 0 1 0 0 2 0
0.004283273796488466 0 1 0 0 2 0 0 2 0 0 1 0
-0.004285201531245804 0 1 0 0 0 2 0 1 0 0 0 2
0.004285201531245804 0 1 0 0 0 2 0 2 0 0 0 1
0.020144658964647018 0 2 1 3 0 0 0 1 3 2 0 0
-0.020144658964647018 0 2 1 3 0 0 0 2 3 1 0 0
-0.00010604299387242364 0 2 1 0 1 2 0 3 0 0 3 0
0.015827539618215692 0 2 1 0 0 0 0 1 2 0 0 0
-0.015827539618215692 0 2 1 0 0 0 0 2 1 0 0 0
-0.007448389959010978 0 2 2 3 0 0 1 0 3 1 0 0
-0.007448389959010978 0 2 2 3 0 0 2 0 3 2 0 0
-0.018366289761463223 0 2 2 0 1 1 0 3 0 0 3 0
-0.018472332755335653 0 2 2 0 2 2 0 3 0 0 3 0
-0.020492261684295205 0 2 2 0 0 3 0 3 0 0 1 1
-0.020492261684295205 0 2 2 0 0 3 0 3 0 0 2 2
0.020144658964647014 0 2 2 0 0 0 1 0 1 0 0 0
0.020144658964647014 0 2 2 0 0 0 2 0 2 0 0 0
-0.00018355442604880718 0 2 3 1 1 2 0 3 3 0 3 0
-0.03179100903042416 0 2 3 2 1 1 0 3 3 0 3 0
-0.031974563456472975 0 2 3 2 2 2 0 3 3 0 3 0
-0.03547094621289161 0 2 3 2 0 3 0 3 3 0 1 1
-0.03547094621289161 0 2 3 2 0 3 0 3 3 0 2 2
-0.003679937182467445 0 2 3 3 1 3 0 3 3 1 3 2
0.003679937182467445 0 2 3 3 1 3 0 3 3 2 3 1
0.003496382756418639 0 2 3 3 0 2 0 3 3 1 1 0
0.003496382756418639 0 2 3 3 0 2 0 3 3 2 2 0
-0.0021259719228319796 0 2 3 0 1 3 0 3 1 0 3 2
0.0021259719228319796 0 2 3 0 1 3 0 3 2 0 3 1
0.002019928928959555 0 2 3 0 0 2 0 3 1 0 1 0
0.002019928928959555 0 2 3 0 0 2 0 3 2 0 2 0
-0.03067969073124366 0 2 0 1 0 0 1 0 2 0 0 0
0.03067969073124366 0 2 0 1 0 0 2 0 1 0 0 0
0.03905884039044836 0 2 0 1 0 0 0 1 0 2 0 0
-0.03905884039044836 0 2 0 1 0 0 0 2 0 1 0 0
-0.020144658964647007 0 2 0 2 0 0 1 0 0 1 0 0
-0.020144658964647007 0 2 0 2 0 0 2 0 0 2 0 0
-0.020144658964647014 0 2 0 2 0 0 0 1 1 0 0 0
-0.020144658964647014 0 2 0 2 0 0 0 2 2 0 0 0
0.004283273796488466 0 2 0 0 1 0 0 1 0 0 2 0
-0.004283273796488466 0 2 0 0 1 0 0 2 0 0 1 0
0.004285201531245804 0 2 0 0 0 1 0 1 0 0 0 2
-0.004285201531245804 0 2 0 0 0 1 0 2 0 0 0 1
0.7789994964030359 0 3 0 0 0 0 0 0 0 0 0 0
-0.0021203570409165707 0 3 1 1 0 0 1 1 3 0 0 0
-0.0021203570409165707 0 3 1 1 0 0 2 2 3 0 0 0
0.016467390103007826 0 3 1 1 0 0 0 0 3 0 0 0
-0.0034963827564186358 0 3 1 0 1 3 1 3 0 0 3 1
-0.0034963827564186358 0 3 1 0 1 3 2 3 0 0 3 2
-0.0036799371824674434 0 3 1 0 0 2 1 3 0 0 2 0
0.0036799371824674434 0 3 1 0 0 2 2 3 0 0 1 0
-0.0021203570409165707 0 3 2 2 0 0 1 1 3 0 0 0
-0.0021203570409165707 0 3 2 2 0 0 2 2 3 0 0 0
0.016467390103007826 0 3 2 2 0 0 0 0 3 0 0 0
-0.0034963827564186358 0 3 2 0 2 3 1 3 0 0 3 1
-0.0034963827564186358 0 3 2 0 2 3 2 3 0 0 3 2
0.0036799371824674434 0 3 2 0 0 1 1 3 0 0 2 0
-0.0036799371824674434 0 3 2 0 0 1 2 3 0 0 1 0
0.07095599784088934 0 3 3 0 0 0 0 0 0 0 0 0
0.0020199289289595528 0 3 3 1 1 3 1 3 3 0 3 1
0.0020199289289595528 0 3 3 1 1 3 2 3 3 0 3 2
0.0021259719228319774 0 3 3 1 0 2 1 3 3 0 2 0
-0.0021259719228319774 0 3 3 1 0 2 2 3 3 0 1 0
0.0020199289289595528 0 3 3 2 2 3 1 3 3 0 3 1
0.0020199289289595528 0 3 3 2 2 3 2 3 3 0 3 2
-0.0021259719228319774 0 3 3 2 0 1 1 3 3 0 2 0
0.0021259719228319774 0 3 3 2 0 1 2 3 3 0 1 0
-0.02049226168429519 0 3 3 3 1 1 1 3 3 1 3 0
-0.02049226168429519 0 3 3 3 1 1 2 3 3 2 3 0
-0.02049226168429519 0 3 3 3 2 2 1 3 3 1 3 0
-0.02049226168429519 0 3 3 3 2 2 2 3 3 2 3 0
-0.01847233275533564 0 3 3 3 0 3 1 3 3 1 1 1
-0.018366289761463213 0 3 3 3 0 3 1 3 3 1 2 2
-0.00010604299387242434 0 3 3 3 0 3 1 3 3 2 2 1
-0.00010604299387242434 0 3 3 3 0 3 2 3 3 1 1 2
-0.018366289761463213 0 3 3 3 0 3 2 3 3 2 1 1
-0.01847233275533564 0 3 3 3 0 3 2 3 3 2 2 2
0.03547094621289158 0 3 3 0 1 1 1 3 1 0 3 0
0.03547094621289158 0 3 3 0 1 1 2 3 2 0 3 0
0.03547094621289158 0 3 3 0 2 2 1 3 1 0 3 0
0.03547094621289158 0 3 3 0 2 2 2 3 2 0 3 0
0.03197456345647295 0 3 3 0 0 3 1 3 1 0 1 1
0.03179100903042414 0 3 3 0 0 3 1 3 1 0 2 2
0.00018355442604880675 0 3 3 0 0 3 1 3 2 0 2 1
0.00018355442604880675 0 3 3 0 0 3 2 3 1 0 1 2
0.03179100903042414 0 3 3 0 0 3 2 3 2 0 1 1
0.03197456345647295 0 3 3 0 0 3 2 3 2 0 2 2
0.0036772688616391594 0 3 3 0 0 0 1 1 0 0 0 0
0.0036772688616391594 0 3 3 0 0 0 2 2 0 0 0 0
0.05196541115048983 0 3 0 3 0 0 0 0 0 0 0 0
-0.0036772688616391546 0 3 0 3 0 0 1 1 0 0 0 0
-0.00956874699992755 0 3 0 3 0 0 1 1 1 1 0 0
0.028559333690327086 0 3 0 3 0 0 1 1 2 2 0 0
-0.03812808069025464 0 3 0 3 0 0 1 2 2 1 0 0
-0.03812808069025464 0 3 0 3 0 0 2 1 1 2 0 0
-0.0036772688616391546 0 3 0 3 0 0 2 2 0 0 0 0
0.028559333690327086 0 3 0 3 0 0 2 2 1 1 0 0
-0.00956874699992755 0 3 0 3 0 0 2 2 2 2 0 0
-0.003677268861639194 0 3 0 3 0 0 0 0 1 1 0 0
-0.003677268861639194 0 3 0 3 0 0 0 0 2 2 0 0
0.08079829090751234 0 3 0 0 3 0 0 0 0 0 0 0
0.08243018336688769 0 3 0 0 0 3 0 0 0 0 0 0
-0.016467390103007858 0 3 0 0 0 0 1 1 3 0 0 0
0.016467390103007854 0 3 0 0 0 0 1 1 0 3 0 0
-0.016467390103007858 0 3 0 0 0 0 2 2 3 0 0 0
0.016467390103007854 0 3 0 0 0 0 2 2 0 3 0 0
0.08450608322463367 0 3 0 0 0 0 3 0 0 0 0 0
0.09292134717993791 0 3 0 0 0 0 0 3 0 0 0 0
0.08678353745910503 0 3 0 0 0 0 0 0 3 0 0 0
0.09102425154093818 0 3 0 0 0 0 0 0 0 3 0 0
0.0850815647040008 0 3 0 0 0 0 0 0 0 0 3 0
0.08671538489813349 0 3 0 0 0 0 0 0 0 0 0 3
0.003677268861639118 0 0 1 1 0 0 3 0 3 0 0 0
-0.003677268861639194 0 0 1 1 0 0 0 3 3 0 0 0
-0.0042834728260327005 0 0 1 2 0 0 0 0 1 2 0 0
0.0042834728260327005 0 0 1 2 0 0 0 0 2 1 0 0
0.002019928928959555 0 0 1 0 1 3 0 1 0 0 3 1
0.002019928928959555 0 0 1 0 1 3 0 2 0 0 3 2
-0.004086640432731507 0 0 1 0 2 0 0 0 1 0 2 0
0.004086640432731507 0 0 1 0 2 0 0 0 2 0 1 0
0.0021259719228319796 0 0 1 0 0 2 0 1 0 0 2 0
-0.0021259719228319796 0 0 1 0 0 2 0 2 0 0 1 0
-0.004494715653372289 0 0 1 0 0 2 0 0 1 0 0 2
0.004494715653372289 0 0 1 0 0 2 0 0 2 0 0 1
0.0042834728260327005 0 0 2 1 0 0 0 0 1 2 0 0
-0.0042834728260327005 0 0 2 1 0 0 0 0 2 1 0 0
0.003677268861639118 0 0 2 2 0 0 3 0 3 0 0 0
-0.003677268861639194 0 0 2 2 0 0 0 3 3 0 0 0
0.004086640432731507 0 0 2 0 1 0 0 0 1 0 2 0
-0.004086640432731507 0 0 2 0 1 0 0 0 2 0 1 0
0.002019928928959555 0 0 2 0 2 3 0 1 0 0 3 1
0.002019928928959555 0 0 2 0 2 3 0 2 0 0 3 2
-0.0021259719228319796 0 0 2 0 0 1 0 1 0 0 2 0
0.0021259719228319796 0 0 2 0 0 1 0 2 0 0 1 0
0.004494715653372289 0 0 2 0 0 1 0 0 1 0 0 2
-0.004494715653372289 0 0 2 0 0 1 0 0 2 0 0 1
0.7740847714409795 0 0 3 0 0 0 0 0 0 0 0 0
0.003496382756418639 0 0 3 1 1 3 0 1 3 0 3 1
0.003496382756418639 0 0 3 1 1 3 0 2 3 0 3 2
0.003679937182467445 0 0 3 1 0 2 0 1 3 0 2 0
-0.003679937182467445 0 0 3 1 0 2 0 2 3 0 1 0
0.003496382756418639 0 0 3 2 2 3 0 1 3 0 3 1
0.003496382756418639 0 0 3 2 2 3 0 2 3 0 3 2
-0.003679937182467445 0 0 3 2 0 1 0 1 3 0 2 0
0.003679937182467445 0 0 3 2 0 1 0 2 3 0 1 0
0.08053653788158184 0 0 3 3 0 0 0 0 0 0 0 0
-0.03547094621289161 0 0 3 3 1 1 0 1 3 1 3 0
-0.03547094621289161 0 0 3 3 1 1 0 2 3 2 3 0
-0.03547094621289161 0 0 3 3 2 2 0 1 3 1 3 0
-0.03547094621289161 0 0 3 3 2 2 0 2 3 2 3 0
-0.031974563456472975 0 0 3 3 0 3 0 1 3 1 1 1
-0.03179100903042416 0 0 3 3 0 3 0 1 3 1 2 2
-0.00018355442604880718 0 0 3 3 0 3 0 1 3 2 2 1
-0.00018355442604880718 0 0 3 3 0 3 0 2 3 1 1 2
-0.03179100903042416 0 0 3 3 0 3 0 2 3 2 1 1
-0.031974563456472975 0 0 3 3 0 3 0 2 3 2 2 2
-0.020492261684295205 0 0 3 0 1 1 0 1 1 0 3 0
-0.020492261684295205 0 0 3 0 1 1 0 2 2 0 3 0
-0.020492261684295205 0 0 3 0 2 2 0 1 1 0 3 0
-0.020492261684295205 0 0 3 0 2 2 0 2 2 0 3 0
0.08106106712061202 0 0 3 0 3 0 0 0 0 0 0 0
0.08228788980832549 0 0 3 0 0 3 0 0 0 0 0 0
-0.018472332755335653 0 0 3 0 0 3 0 1 1 0 1 1
-0.018366289761463223 0 0 3 0 0 3 0 1 1 0 2 2
-0.00010604299387242364 0 0 3 0 0 3 0 1 2 0 2 1
-0.00010604299387242364 0 0 3 0 0 3 0 2 1 0 1 2
-0.018366289761463223 0 0 3 0 0 3 0 2 2 0 1 1
-0.018472332755335653 0 0 3 0 0 3 0 2 2 0 2 2
0.09102425154093813 0 0 3 0 0 0 3 0 0 0 0 0
0.08678353745910503 0 0 3 0 0 0 0 3 0 0 0 0
0.09338695635967993 0 0 3 0 0 0 0 0 3 0 0 0
0.08482001070761454 0 0 3 0 0 0 0 0 0 3 0 0
0.08514770755334353 0 0 3 0 0 0 0 0 0 0 3 0
0.08678260546169778 0 0 3 0 0 0 0 0 0 0 0 3
-0.004086640432731507 0 0 0 1 2 0 0 0 0 1 2 0
0.004086640432731507 0 0 0 1 2 0 0 0 0 2 1 0
-0.004494715653372289 0 0 0 1 0 2 0 0 0 1 0 2
0.004494715653372289 0 0 0 1 0 2 0 0 0 2 0 1
0.004086640432731507 0 0 0 2 1 0 0 0 0 1 2 0
-0.004086640432731507 0 0 0 2 1 0 0 0 0 2 1 0
0.004494715653372289 0 0 0 2 0 1 0 0 0 1 0 2
-0.004494715653372289 0 0 0 2 0 1 0 0 0 2 0 1
0.7740847714409779 0 0 0 3 0 0 0 0 0 0 0 0
0.08106106712061202 0 0 0 3 3 0 0 0 0 0 0 0
0.08228788980832549 0 0 0 3 0 3 0 0 0 0 0 0
0.086783537459105 0 0 0 3 0 0 3 0 0 0 0 0
-0.016467390103007865 0 0 0 3 0 0 3 0 1 1 0 0
-0.016467390103007865 0 0 0 3 0 0 3 0 2 2 0 0
0.09102425154093818 0 0 0 3 0 0 0 3 0 0 0 0
0.016467390103007826 0 0 0 3 0 0 0 3 1 1 0 0
0.016467390103007826 0 0 0 3 0 0 0 3 2 2 0 0
0.08482001070761454 0 0 0 3 0 0 0 0 3 0 0 0
0.09338695635967995 0 0 0 3 0 0 0 0 0 3 0 0
0.08514770755334354 0 0 0 3 0 0 0 0 0 0 3 0
0.08678260546169778 0 0 0 3 0 0 0 0 0 0 0 3
-0.04763449952860133 0 0 0 0 1 2 0 0 0 0 1 2
0.04763449952860133 0 0 0 0 1 2 0 0 0 0 2 1
0.04763449952860133 0 0 0 0 2 1 0 0 0 0 1 2
-0.04763449952860133 0 0 0 0 2 1 0 0 0 0 2 1
0.8002254425088837 0 0 0 0 3 0 0 0 0 0 0 0
0.048121707641108236 0 0 0 0 3 3 0 0 0 0 0 0
0.08508156470400075 0 0 0 0 3 0 3 0 0 0 0 0
0.0850815647040008 0 0 0 0 3 0 0 3 0 0 0 0
0.08514770755334353 0 0 0 0 3 0 0 0 3 0 0 0
0.08514770755334354 0 0 0 0 3 0 0 0 0 3 0 0
0.0946151141554445 0 0 0 0 3 0 0 0 0 0 3 0
0.09575620716970956 0 0 0 0 3 0 0 0 0 0 0 3
0.7730372670888225 0 0 0 0 0 3 0 0 0 0 0 0
0.08671538489813344 0 0 0 0 0 3 3 0 0 0 0 0
0.08671538489813349 0 0 0 0 0 3 0 3 0 0 0 0
0.08678260546169778 0 0 0 0 0 3 0 0 3 0 0 0
0.08678260546169778 0 0 0 0 0 3 0 0 0 3 0 0
0.09575620716970956 0 0 0 0 0 3 0 0 0 0 3 0
0.09769150554234175 0 0 0 0 0 3 0 0 0 0 0 3
0.7789994964030366 0 0 0 0 0 0 3 0 0 0 0 0
0.08029845124698158 0 0 0 0 0 0 3 3 0 0 0 0
0.05196541115048981 0 0 0 0 0 0 3 0 3 0 0 0
0.07095599784088932 0 0 0 0 0 0 3 0 0 3 0 0
0.08079829090751228 0 0 0 0 0 0 3 0 0 0 3 0
0.08243018336688764 0 0 0 0 0 0 3 0 0 0 0 3
0.7789994964030358 0 0 0 0 0 0 0 3 0 0 0 0
0.07095599784088934 0 0 0 0 0 0 0 3 3 0 0 0
0.05196541115048983 0 0 0 0 0 0 0 3 0 3 0 0
0.08079829090751234 0 0 0 0 0 0 0 3 0 0 3 0
0.08243018336688769 0 0 0 0 0 0 0 3 0 0 0 3
0.7740847714409795 0 0 0 0 0 0 0 0 3 0 0 0
0.08053653788158184 0 0 0 0 0 0 0 0 3 3 0 0
0.08106106712061202 0 0 0 0 0 0 0 0 3 0 3 0
0.08228788980832549 0 0 0 0 0 0 0 0 3 0 0 3
0.7740847714409776 0 0 0 0 0 0 0 0 0 3 0 0
0.08106106712061202 0 0 0 0 0 0 0 0 0 3 3 0
0.08228788980832549 0 0 0 0 0 0 0 0 0 3 0 3
0.8002254425088839 0 0 0 0 0 0 0 0 0 0 3 0
0.048121707641108236 0 0 0 0 0 0 0 0 0 0 3 3
0.7730372670888223 0 0 0 0 0 0 0 0 0 0 0 3
