-189.40826675698935 0 0 0 0 0 0 0 0 0 0 0 0
0.00024416604238891647 1 1 1 1 0 0 3 0 3 0 0 0
-0.06508298104143354 1 1 2 2 0 0 3 0 3 0 0 0
0.0024988364937212444 1 1 3 0 0 0 3 0 0 0 0 0
-0.0024988364937213463 1 1 0 3 0 0 3 0 0 0 0 0
0.006777215893266781 1 1 0 3 0 0 3 0 1 1 0 0
0.006777215893266781 1 1 0 3 0 0 3 0 2 2 0 0
-0.0005223770483829538 1 1 0 0 0 0 3 0 3 0 0 0
0.0005223770483828415 1 1 0 0 0 0 3 0 0 3 0 0
0.06532714708382245 1 2 2 1 0 0 3 0 3 0 0 0
-0.00663791533176846 1 2 0 0 0 0 1 2 0 0 0 0
0.00663791533176846 1 2 0 0 0 0 2 1 0 0 0 0
0.0622818751431009 1 3 1 0 1 1 3 3 0 0 3 0
0.06175217025483724 1 3 1 0 2 2 3 3 0 0 3 0
0.0682263936382104 1 3 1 0 0 3 3 3 0 0 1 1
0.0682263936382104 1 3 1 0 0 3 3 3 0 0 2 2
-0.07186019693470035 1 3 2 3 0 0 3 1 3 2 0 0
0.07186019693470035 1 3 2 3 0 0 3 2 3 1 0 0
0.0005297048882636582 1 3 2 0 2 1 3 3 0 0 3 0
-0.0030212135421041975 1 3 2 0 0 0 3 1 2 0 0 0
0.0030212135421041975 1 3 2 0 0 0 3 2 1 0 0 0
-0.002396739525307994 1 3 3 1 1 1 3 3 3 0 3 0
-0.0023763553503046986 1 3 3 1 2 2 3 3 3 0 3 0
-0.0026254972883557165 1 3 3 1 0 3 3 3 3 0 1 1
-0.0026254972883557165 1 3 3 1 0 3 3 3 3 0 2 2
-2.038417500329587e-05 1 3 3 2 2 1 3 3 3 0 3 0
0.0002491419380510184 1 3 3 3 2 3 3 3 3 1 3 2
-0.0002491419380510184 1 3 3 3 2 3 3 3 3 2 3 1
0.00022875776304772253 1 3 3 3 0 1 3 3 3 1 1 0
0.00022875776304772253 1 3 3 3 0 1 3 3 3 2 2 0
-0.006474223383373154 1 3 3 0 2 3 3 3 1 0 3 2
0.006474223383373154 1 3 3 0 2 3 3 3 2 0 3 1
-0.005944518495109496 1 3 3 0 0 1 3 3 1 0 1 0
-0.005944518495109496 1 3 3 0 0 1 3 3 2 0 2 0
-0.006533049850877861 1 3 0 1 0 0 3 1 1 0 0 0
-0.006533049850877861 1 3 0 1 0 0 3 2 2 0 0 0
0.0030212135421041875 1 3 0 2 0 0 3 1 0 2 0 0
-0.0030212135421041875 1 3 0 2 0 0 3 2 0 1 0 0
0.003021213542104215 1 0 2 3 0 0 1 0 3 2 0 0
-0.003021213542104215 1 0 2 3 0 0 2 0 3 1 0 0
-0.08515882213104396 1 0 2 0 0 0 1 0 2 0 0 0
0.08515882213104396 1 0 2 0 0 0 2 0 1 0 0 0
0.003021213542104215 1 0 0 1 0 0 1 0 1 0 0 0
0.003021213542104215 1 0 0 1 0 0 2 0 2 0 0 0
-0.006765575345465805 1 0 0 2 0 0 1 0 0 2 0 0
0.006765575345465805 1 0 0 2 0 0 2 0 0 1 0 0
-0.007128181554692095 1 0 0 0 2 0 1 0 0 0 2 0
0.007128181554692095 1 0 0 0 2 0 2 0 0 0 1 0
-0.007218533277363487 1 0 0 0 0 2 1 0 0 0 0 2
0.007218533277363487 1 0 0 0 0 2 2 0 0 0 0 1
0.06532714708382245 2 1 1 2 0 0 3 0 3 0 0 0
0.00663791533176846 2 1 0 0 0 0 1 2 0 0 0 0
-0.00663791533176846 2 1 0 0 0 0 2 1 0 0 0 0
-0.06508298104143354 2 2 1 1 0 0 3 0 3 0 0 0
0.00024416604238891647 2 2 2 2 0 0 3 0 3 0 0 0
0.0024988364937212444 2 2 3 0 0 0 3 0 0 0 0 0
-0.0024988364937213463 2 2 0 3 0 0 3 0 0 0 0 0
0.006777215893266781 2 2 0 3 0 0 3 0 1 1 0 0
0.006777215893266781 2 2 0 3 0 0 3 0 2 2 0 0
-0.0005223770483829538 2 2 0 0 0 0 3 0 3 0 0 0
0.0005223770483828415 2 2 0 0 0 0 3 0 0 3 0 0
0.07186019693470035 2 3 1 3 0 0 3 1 3 2 0 0
-0.07186019693470035 2 3 1 3 0 0 3 2 3 1 0 0
0.0005297048882636582 2 3 1 0 1 2 3 3 0 0 3 0
0.0030212135421041975 2 3 1 0 0 0 3 1 2 0 0 0
-0.0030212135421041975 2 3 1 0 0 0 3 2 1 0 0 0
0.06175217025483724 2 3 2 0 1 1 3 3 0 0 3 0
0.0622818751431009 2 3 2 0 2 2 3 3 0 0 3 0
0.0682263936382104 2 3 2 0 0 3 3 3 0 0 1 1
0.0682263936382104 2 3 2 0 0 3 3 3 0 0 2 2
-2.038417500329587e-05 2 3 3 1 1 2 3 3 3 0 3 0
-0.0023763553503046986 2 3 3 2 1 1 3 3 3 0 3 0
-0.002396739525307994 2 3 3 2 2 2 3 3 3 0 3 0
-0.0026254972883557165 2 3 3 2 0 3 3 3 3 0 1 1
-0.0026254972883557165 2 3 3 2 0 3 3 3 3 0 2 2
-0.0002491419380510184 2 3 3 3 1 3 3 3 3 1 3 2
0.0002491419380510184 2 3 3 3 1 3 3 3 3 2 3 1
0.00022875776304772253 2 3 3 3 0 2 3 3 3 1 1 0
0.00022875776304772253 2 3 3 3 0 2 3 3 3 2 2 0
0.006474223383373154 2 3 3 0 1 3 3 3 1 0 3 2
-0.006474223383373154 2 3 3 0 1 3 3 3 2 0 3 1
-0.005944518495109496 2 3 3 0 0 2 3 3 1 0 1 0
-0.005944518495109496 2 3 3 0 0 2 3 3 2 0 2 0
-0.0030212135421041875 2 3 0 1 0 0 3 1 0 2 0 0
0.0030212135421041875 2 3 0 1 0 0 3 2 0 1 0 0
-0.006533049850877861 2 3 0 2 0 0 3 1 1 0 0 0
-0.006533049850877861 2 3 0 2 0 0 3 2 2 0 0 0
-0.003021213542104215 2 0 1 3 0 0 1 0 3 2 0 0
0.003021213542104215 2 0 1 3 0 0 2 0 3 1 0 0
0.08515882213104396 2 0 1 0 0 0 1 0 2 0 0 0
-0.08515882213104396 2 0 1 0 0 0 2 0 1 0 0 0
0.006765575345465805 2 0 0 1 0 0 1 0 0 2 0 0
-0.006765575345465805 2 0 0 1 0 0 2 0 0 1 0 0
0.003021213542104215 2 0 0 2 0 0 1 0 1 0 0 0
0.003021213542104215 2 0 0 2 0 0 2 0 2 0 0 0
0.007128181554692095 2 0 0 0 1 0 1 0 0 0 2 0
-0.007128181554692095 2 0 0 0 1 0 2 0 0 0 1 0
0.007218533277363487 2 0 0 0 0 1 1 0 0 0 0 2
-0.007218533277363487 2 0 0 0 0 1 2 0 0 0 0 1
1.2612677714466813 3 0 0 0 0 0 0 0 0 0 0 0
0.14288522015917163 3 3 0 0 0 0 0 0 0 0 0 0
-0.002498836493721274 3 0 1 1 0 0 0 0 3 0 0 0
-0.002498836493721274 3 0 2 2 0 0 0 0 3 0 0 0
0.07899114538122044 3 0 3 0 0 0 0 0 0 0 0 0
0.14382996038026508 3 0 0 3 0 0 0 0 0 0 0 0
0.0005223770483829411 3 0 0 3 0 0 0 0 1 1 0 0
0.0005223770483829411 3 0 0 3 0 0 0 0 2 2 0 0
0.14297685266106014 3 0 0 0 3 0 0 0 0 0 0 0
0.1497528278043835 3 0 0 0 0 3 0 0 0 0 0 0
0.1627989661544771 3 0 0 0 0 0 3 0 0 0 0 0
0.14952313549094007 3 0 0 0 0 0 0 3 0 0 0 0
0.1641499675122644 3 0 0 0 0 0 0 0 3 0 0 0
0.15059553572573087 3 0 0 0 0 0 0 0 0 3 0 0
0.15010503421575225 3 0 0 0 0 0 0 0 0 0 3 0
0.15697136108174703 3 0 0 0 0 0 0 0 0 0 0 3
-0.006533049850877861 0 1 1 3 0 0 1 0 3 1 0 0
-0.006533049850877861 0 1 1 3 0 0 2 0 3 2 0 0
0.0023967395253080004 0 1 1 0 1 1 0 3 0 0 3 0
0.0023763553503047046 0 1 1 0 2 2 0 3 0 0 3 0
0.002625497288355723 0 1 1 0 0 3 0 3 0 0 1 1
0.002625497288355723 0 1 1 0 0 3 0 3 0 0 2 2
-0.0030212135421041975 0 1 1 0 0 0 1 0 1 0 0 0
-0.0030212135421041975 0 1 1 0 0 0 2 0 2 0 0 0
-0.0030212135421042135 0 1 2 3 0 0 0 1 3 2 0 0
0.0030212135421042135 0 1 2 3 0 0 0 2 3 1 0 0
2.038417500329569e-05 0 1 2 0 2 1 0 3 0 0 3 0
-0.0067655753454657986 0 1 2 0 0 0 0 1 2 0 0 0
0.0067655753454657986 0 1 2 0 0 0 0 2 1 0 0 0
0.06228187514310086 0 1 3 1 1 1 0 3 3 0 3 0
0.06175217025483721 0 1 3 1 2 2 0 3 3 0 3 0
0.06822639363821037 0 1 3 1 0 3 0 3 3 0 1 1
0.06822639363821037 0 1 3 1 0 3 0 3 3 0 2 2
0.0005297048882636623 0 1 3 2 2 1 0 3 3 0 3 0
-0.006474223383373153 0 1 3 3 2 3 0 3 3 1 3 2
0.006474223383373153 0 1 3 3 2 3 0 3 3 2 3 1
-0.005944518495109492 0 1 3 3 0 1 0 3 3 1 1 0
-0.005944518495109492 0 1 3 3 0 1 0 3 3 2 2 0
-0.0002491419380510186 0 1 3 0 2 3 0 3 1 0 3 2
0.0002491419380510186 0 1 3 0 2 3 0 3 2 0 3 1
-0.0002287577630477229 0 1 3 0 0 1 0 3 1 0 1 0
-0.0002287577630477229 0 1 3 0 0 1 0 3 2 0 2 0
0.003021213542104188 0 1 0 1 0 0 1 0 0 1 0 0
0.003021213542104188 0 1 0 1 0 0 2 0 0 2 0 0
-0.0030212135421042135 0 1 0 1 0 0 0 1 1 0 0 0
-0.0030212135421042135 0 1 0 1 0 0 0 2 2 0 0 0
-0.07186019693470035 0 1 0 2 0 0 1 0 2 0 0 0
0.07186019693470035 0 1 0 2 0 0 2 0 1 0 0 0
-0.08515882213104388 0 1 0 2 0 0 0 1 0 2 0 0
0.08515882213104388 0 1 0 2 0 0 0 2 0 1 0 0
-0.007128181554692089 0 1 0 0 2 0 0 1 0 0 2 0
0.007128181554692089 0 1 0 0 2 0 0 2 0 0 1 0
-0.007218533277363484 0 1 0 0 0 2 0 1 0 0 0 2
0.007218533277363484 0 1 0 0 0 2 0 2 0 0 0 1
0.0030212135421042135 0 2 1 3 0 0 0 1 3 2 0 0
-0.0030212135421042135 0 2 1 3 0 0 0 2 3 1 0 0
2.038417500329569e-05 0 2 1 0 1 2 0 3 0 0 3 0
0.0067655753454657986 0 2 1 0 0 0 0 1 2 0 0 0
-0.0067655753454657986 0 2 1 0 0 0 0 2 1 0 0 0
-0.006533049850877861 0 2 2 3 0 0 1 0 3 1 0 0
-0.006533049850877861 0 2 2 3 0 0 2 0 3 2 0 0
0.0023763553503047046 0 2 2 0 1 1 0 3 0 0 3 0
0.0023967395253080004 0 2 2 0 2 2 0 3 0 0 3 0
0.002625497288355723 0 2 2 0 0 3 0 3 0 0 1 1
0.002625497288355723 0 2 2 0 0 3 0 3 0 0 2 2
-0.0030212135421041975 0 2 2 0 0 0 1 0 1 0 0 0
-0.0030212135421041975 0 2 2 0 0 0 2 0 2 0 0 0
0.0005297048882636623 0 2 3 1 1 2 0 3 3 0 3 0
0.06175217025483721 0 2 3 2 1 1 0 3 3 0 3 0
0.06228187514310086 0 2 3 2 2 2 0 3 3 0 3 0
0.06822639363821037 0 2 3 2 0 3 0 3 3 0 1 1
0.06822639363821037 0 2 3 2 0 3 0 3 3 0 2 2
0.006474223383373153 0 2 3 3 1 3 0 3 3 1 3 2
-0.006474223383373153 0 2 3 3 1 3 0 3 3 2 3 1
-0.005944518495109492 0 2 3 3 0 2 0 3 3 1 1 0
-0.005944518495109492 0 2 3 3 0 2 0 3 3 2 2 0
0.0002491419380510186 0 2 3 0 1 3 0 3 1 0 3 2
-0.0002491419380510186 0 2 3 0 1 3 0 3 2 0 3 1
-0.0002287577630477229 0 2 3 0 0 2 0 3 1 0 1 0
-0.0002287577630477229 0 2 3 0 0 2 0 3 2 0 2 0
0.07186019693470035 0 2 0 1 0 0 1 0 2 0 0 0
-0.07186019693470035 0 2 0 1 0 0 2 0 1 0 0 0
0.08515882213104388 0 2 0 1 0 0 0 1 0 2 0 0
-0.08515882213104388 0 2 0 1 0 0 0 2 0 1 0 0
0.003021213542104188 0 2 0 2 0 0 1 0 0 1 0 0
0.003021213542104188 0 2 0 2 0 0 2 0 0 2 0 0
-0.0030212135421042135 0 2 0 2 0 0 0 1 1 0 0 0
-0.0030212135421042135 0 2 0 2 0 0 0 2 2 0 0 0
0.007128181554692089 0 2 0 0 1 0 0 1 0 0 2 0
-0.007128181554692089 0 2 0 0 1 0 0 2 0 0 1 0
0.007218533277363484 0 2 0 0 0 1 0 1 0 0 0 2
-0.007218533277363484 0 2 0 0 0 1 0 2 0 0 0 1
1.2612677714466793 0 3 0 0 0 0 0 0 0 0 0 0
0.006777215893266781 0 3 1 1 0 0 1 1 3 0 0 0
0.006777215893266781 0 3 1 1 0 0 2 2 3 0 0 0
0.0024988364937213376 0 3 1 1 0 0 0 0 3 0 0 0
-0.005944518495109496 0 3 1 0 1 3 1 3 0 0 3 1
-0.005944518495109496 0 3 1 0 1 3 2 3 0 0 3 2
-0.006474223383373154 0 3 1 0 0 2 1 3 0 0 2 0
0.006474223383373154 0 3 1 0 0 2 2 3 0 0 1 0
0.006777215893266781 0 3 2 2 0 0 1 1 3 0 0 0
0.006777215893266781 0 3 2 2 0 0 2 2 3 0 0 0
0.0024988364937213376 0 3 2 2 0 0 0 0 3 0 0 0
-0.005944518495109496 0 3 2 0 2 3 1 3 0 0 3 1
-0.005944518495109496 0 3 2 0 2 3 2 3 0 0 3 2
0.006474223383373154 0 3 2 0 0 1 1 3 0 0 2 0
-0.006474223383373154 0 3 2 0 0 1 2 3 0 0 1 0
0.143829960380265 0 3 3 0 0 0 0 0 0 0 0 0
0.00022875776304772253 0 3 3 1 1 3 1 3 3 0 3 1
0.00022875776304772253 0 3 3 1 1 3 2 3 3 0 3 2
0.0002491419380510184 0 3 3 1 0 2 1 3 3 0 2 0
-0.0002491419380510184 0 3 3 1 0 2 2 3 3 0 1 0
0.00022875776304772253 0 3 3 2 2 3 1 3 3 0 3 1
0.00022875776304772253 0 3 3 2 2 3 2 3 3 0 3 2
-0.0002491419380510184 0 3 3 2 0 1 1 3 3 0 2 0
0.0002491419380510184 0 3 3 2 0 1 2 3 3 0 1 0
-0.0026254972883557165 0 3 3 3 1 1 1 3 3 1 3 0
-0.0026254972883557165 0 3 3 3 1 1 2 3 3 2 3 0
-0.0026254972883557165 0 3 3 3 2 2 1 3 3 1 3 0
-0.0026254972883557165 0 3 3 3 2 2 2 3 3 2 3 0
-0.002396739525307994 0 3 3 3 0 3 1 3 3 1 1 1
-0.0023763553503046986 0 3 3 3 0 3 1 3 3 1 2 2
-2.038417500329587e-05 0 3 3 3 0 3 1 3 3 2 2 1
-2.038417500329587e-05 0 3 3 3 0 3 2 3 3 1 1 2
-0.0023763553503046986 0 3 3 3 0 3 2 3 3 2 1 1
-0.002396739525307994 0 3 3 3 0 3 2 3 3 2 2 2
0.0682263936382104 0 3 3 0 1 1 1 3 1 0 3 0
0.0682263936382104 0 3 3 0 1 1 2 3 2 0 3 0
0.0682263936382104 0 3 3 0 2 2 1 3 1 0 3 0
0.0682263936382104 0 3 3 0 2 2 2 3 2 0 3 0
0.0622818751431009 0 3 3 0 0 3 1 3 1 0 1 1
0.06175217025483724 0 3 3 0 0 3 1 3 1 0 2 2
0.0005297048882636582 0 3 3 0 0 3 1 3 2 0 2 1
0.0005297048882636582 0 3 3 0 0 3 2 3 1 0 1 2
0.06175217025483724 0 3 3 0 0 3 2 3 2 0 1 1
0.0622818751431009 0 3 3 0 0 3 2 3 2 0 2 2
-0.0005223770483829538 0 3 3 0 0 0 1 1 0 0 0 0
-0.0005223770483829538 0 3 3 0 0 0 2 2 0 0 0 0
0.07899114538122037 0 3 0 3 0 0 0 0 0 0 0 0
0.0005223770483828415 0 3 0 3 0 0 1 1 0 0 0 0
0.00024416604238891647 0 3 0 3 0 0 1 1 1 1 0 0
-0.06508298104143354 0 3 0 3 0 0 1 1 2 2 0 0
0.06532714708382245 0 3 0 3 0 0 1 2 2 1 0 0
0.06532714708382245 0 3 0 3 0 0 2 1 1 2 0 0
0.0005223770483828415 0 3 0 3 0 0 2 2 0 0 0 0
-0.06508298104143354 0 3 0 3 0 0 2 2 1 1 0 0
0.00024416604238891647 0 3 0 3 0 0 2 2 2 2 0 0
-0.0005223770483828759 0 3 0 3 0 0 0 0 1 1 0 0
-0.0005223770483828759 0 3 0 3 0 0 0 0 2 2 0 0
0.14297685266106006 0 3 0 0 3 0 0 0 0 0 0 0
0.1497528278043834 0 3 0 0 0 3 0 0 0 0 0 0
0.0024988364937212444 0 3 0 0 0 0 1 1 3 0 0 0
-0.0024988364937213463 0 3 0 0 0 0 1 1 0 3 0 0
0.0024988364937212444 0 3 0 0 0 0 2 2 3 0 0 0
-0.0024988364937213463 0 3 0 0 0 0 2 2 0 3 0 0
0.14952313549094007 0 3 0 0 0 0 3 0 0 0 0 0
0.16279896615447684 0 3 0 0 0 0 0 3 0 0 0 0
0.15059553572573076 0 3 0 0 0 0 0 0 3 0 0 0
0.16414996751226427 0 3 0 0 0 0 0 0 0 3 0 0
0.15010503421575214 0 3 0 0 0 0 0 0 0 0 3 0
0.1569713610817469 0 3 0 0 0 0 0 0 0 0 0 3
0.0005223770483829411 0 0 1 1 0 0 3 0 3 0 0 0
-0.0005223770483828759 0 0 1 1 0 0 0 3 3 0 0 0
-0.006981663436851797 0 0 1 2 0 0 0 0 1 2 0 0
0.006981663436851797 0 0 1 2 0 0 0 0 2 1 0 0
-0.0002287577630477229 0 0 1 0 1 3 0 1 0 0 3 1
-0.0002287577630477229 0 0 1 0 1 3 0 2 0 0 3 2
-0.0068352178920227085 0 0 1 0 2 0 0 0 1 0 2 0
0.0068352178920227085 0 0 1 0 2 0 0 0 2 0 1 0
-0.0002491419380510186 0 0 1 0 0 2 0 1 0 0 2 0
0.0002491419380510186 0 0 1 0 0 2 0 2 0 0 1 0
-0.007738004445217863 0 0 1 0 0 2 0 0 1 0 0 2
0.007738004445217863 0 0 1 0 0 2 0 0 2 0 0 1
0.006981663436851797 0 0 2 1 0 0 0 0 1 2 0 0
-0.006981663436851797 0 0 2 1 0 0 0 0 2 1 0 0
0.0005223770483829411 0 0 2 2 0 0 3 0 3 0 0 0
-0.0005223770483828759 0 0 2 2 0 0 0 3 3 0 0 0
0.0068352178920227085 0 0 2 0 1 0 0 0 1 0 2 0
-0.0068352178920227085 0 0 2 0 1 0 0 0 2 0 1 0
-0.0002287577630477229 0 0 2 0 2 3 0 1 0 0 3 1
-0.0002287577630477229 0 0 2 0 2 3 0 2 0 0 3 2
0.0002491419380510186 0 0 2 0 0 1 0 1 0 0 2 0
-0.0002491419380510186 0 0 2 0 0 1 0 2 0 0 1 0
0.007738004445217863 0 0 2 0 0 1 0 0 1 0 0 2
-0.007738004445217863 0 0 2 0 0 1 0 0 2 0 0 1
1.2305801701799473 0 0 3 0 0 0 0 0 0 0 0 0
-0.005944518495109492 0 0 3 1 1 3 0 1 3 0 3 1
-0.005944518495109492 0 0 3 1 1 3 0 2 3 0 3 2
-0.006474223383373153 0 0 3 1 0 2 0 1 3 0 2 0
0.006474223383373153 0 0 3 1 0 2 0 2 3 0 1 0
-0.005944518495109492 0 0 3 2 2 3 0 1 3 0 3 1
-0.005944518495109492 0 0 3 2 2 3 0 2 3 0 3 2
0.006474223383373153 0 0 3 2 0 1 0 1 3 0 2 0
-0.006474223383373153 0 0 3 2 0 1 0 2 3 0 1 0
0.14477146551683734 0 0 3 3 0 0 0 0 0 0 0 0
0.06822639363821037 0 0 3 3 1 1 0 1 3 1 3 0
0.06822639363821037 0 0 3 3 1 1 0 2 3 2 3 0
0.06822639363821037 0 0 3 3 2 2 0 1 3 1 3 0
0.06822639363821037 0 0 3 3 2 2 0 2 3 2 3 0
0.06228187514310086 0 0 3 3 0 3 0 1 3 1 1 1
0.06175217025483721 0 0 3 3 0 3 0 1 3 1 2 2
0.0005297048882636623 0 0 3 3 0 3 0 1 3 2 2 1
0.0005297048882636623 0 0 3 3 0 3 0 2 3 1 1 2
0.06175217025483721 0 0 3 3 0 3 0 2 3 2 1 1
0.06228187514310086 0 0 3 3 0 3 0 2 3 2 2 2
0.002625497288355723 0 0 3 0 1 1 0 1 1 0 3 0
0.002625497288355723 0 0 3 0 1 1 0 2 2 0 3 0
0.002625497288355723 0 0 3 0 2 2 0 1 1 0 3 0
0.002625497288355723 0 0 3 0 2 2 0 2 2 0 3 0
0.1441333911473241 0 0 3 0 3 0 0 0 0 0 0 0
0.15002778031500685 0 0 3 0 0 3 0 0 0 0 0 0
0.0023967395253080004 0 0 3 0 0 3 0 1 1 0 1 1
0.0023763553503047046 0 0 3 0 0 3 0 1 1 0 2 2
2.038417500329569e-05 0 0 3 0 0 3 0 1 2 0 2 1
2.038417500329569e-05 0 0 3 0 0 3 0 2 1 0 1 2
0.0023763553503047046 0 0 3 0 0 3 0 2 2 0 1 1
0.0023967395253080004 0 0 3 0 0 3 0 2 2 0 2 2
0.1641499675122644 0 0 3 0 0 0 3 0 0 0 0 0
0.15059553572573076 0 0 3 0 0 0 0 3 0 0 0 0
0.1657164558273927 0 0 3 0 0 0 0 0 3 0 0 0
0.15175312895368914 0 0 3 0 0 0 0 0 0 3 0 0
0.15096860903934678 0 0 3 0 0 0 0 0 0 0 3 0
0.15776578476022474 0 0 3 0 0 0 0 0 0 0 0 3
-0.0068352178920227085 0 0 0 1 2 0 0 0 0 1 2 0
0.0068352178920227085 0 0 0 1 2 0 0 0 0 2 1 0
-0.007738004445217864 0 0 0 1 0 2 0 0 0 1 0 2
0.007738004445217864 0 0 0 1 0 2 0 0 0 2 0 1
0.0068352178920227085 0 0 0 2 1 0 0 0 0 1 2 0
-0.0068352178920227085 0 0 0 2 1 0 0 0 0 2 1 0
0.007738004445217864 0 0 0 2 0 1 0 0 0 1 0 2
-0.007738004445217864 0 0 0 2 0 1 0 0 0 2 0 1
1.230580170179948 0 0 0 3 0 0 0 0 0 0 0 0
0.1441333911473241 0 0 0 3 3 0 0 0 0 0 0 0
0.15002778031500688 0 0 0 3 0 3 0 0 0 0 0 0
0.15059553572573087 0 0 0 3 0 0 3 0 0 0 0 0
-0.002498836493721274 0 0 0 3 0 0 3 0 1 1 0 0
-0.002498836493721274 0 0 0 3 0 0 3 0 2 2 0 0
0.16414996751226427 0 0 0 3 0 0 0 3 0 0 0 0
0.0024988364937213376 0 0 0 3 0 0 0 3 1 1 0 0
0.0024988364937213376 0 0 0 3 0 0 0 3 2 2 0 0
0.15175312895368914 0 0 0 3 0 0 0 0 3 0 0 0
0.16571645582739267 0 0 0 3 0 0 0 0 0 3 0 0
0.1509686090393468 0 0 0 3 0 0 0 0 0 0 3 0
0.15776578476022474 0 0 0 3 0 0 0 0 0 0 0 3
-0.07734466722177509 0 0 0 0 1 2 0 0 0 0 1 2
0.07734466722177509 0 0 0 0 1 2 0 0 0 0 2 1
0.07734466722177509 0 0 0 0 2 1 0 0 0 0 1 2
-0.07734466722177509 0 0 0 0 2 1 0 0 0 0 2 1
1.3152182469215976 0 0 0 0 3 0 0 0 0 0 0 0
0.0923144533201205 0 0 0 0 3 3 0 0 0 0 0 0
0.15010503421575225 0 0 0 0 3 0 3 0 0 0 0 0
0.15010503421575214 0 0 0 0 3 0 0 3 0 0 0 0
0.15096860903934678 0 0 0 0 3 0 0 0 3 0 0 0
0.1509686090393468 0 0 0 0 3 0 0 0 0 3 0 0
0.16530001850384538 0 0 0 0 3 0 0 0 0 0 3 0
0.16965912054189558 0 0 0 0 3 0 0 0 0 0 0 3
1.2045532952282838 0 0 0 0 0 3 0 0 0 0 0 0
0.15697136108174703 0 0 0 0 0 3 3 0 0 0 0 0
0.1569713610817469 0 0 0 0 0 3 0 3 0 0 0 0
0.15776578476022474 0 0 0 0 0 3 0 0 3 0 0 0
0.15776578476022474 0 0 0 0 0 3 0 0 0 3 0 0
0.16965912054189558 0 0 0 0 0 3 0 0 0 0 3 0
0.17968772150450468 0 0 0 0 0 3 0 0 0 0 0 3
1.2612677714466813 0 0 0 0 0 0 3 0 0 0 0 0
0.14288522015917163 0 0 0 0 0 0 3 3 0 0 0 0
0.07899114538122044 0 0 0 0 0 0 3 0 3 0 0 0
0.14382996038026508 0 0 0 0 0 0 3 0 0 3 0 0
0.14297685266106014 0 0 0 0 0 0 3 0 0 0 3 0
0.1497528278043835 0 0 0 0 0 0 3 0 0 0 0 3
1.2612677714466793 0 0 0 0 0 0 0 3 0 0 0 0
0.143829960380265 0 0 0 0 0 0 0 3 3 0 0 0
0.07899114538122037 0 0 0 0 0 0 0 3 0 3 0 0
0.14297685266106006 0 0 0 0 0 0 0 3 0 0 3 0
0.1497528278043834 0 0 0 0 0 0 0 3 0 0 0 3
1.2305801701799475 0 0 0 0 0 0 0 0 3 0 0 0
0.14477146551683734 0 0 0 0 0 0 0 0 3 3 0 0
0.1441333911473241 0 0 0 0 0 0 0 0 3 0 3 0
0.15002778031500685 0 0 0 0 0 0 0 0 3 0 0 3
1.2305801701799477 0 0 0 0 0 0 0 0 0 3 0 0
0.1441333911473241 0 0 0 0 0 0 0 0 0 3 3 0
0.15002778031500688 0 0 0 0 0 0 0 0 0 3 0 3
1.3152182469215974 0 0 0 0 0 0 0 0 0 0 3 0
0.0923144533201205 0 0 0 0 0 0 0 0 0 0 3 3
1.2045532952282827 0 0 0 0 0 0 0 0 0 0 0 3
