-189.90820237225617 0 0 0 0 0 0 0 0 0 0 0 0
0.0012195305957846184 1 1 1 1 0 0 3 0 3 0 0 0
-0.07636442339402344 1 1 2 2 0 0 3 0 3 0 0 0
-0.009565985562071142 1 1 3 0 0 0 3 0 0 0 0 0
0.009565985562071153 1 1 0 3 0 0 3 0 0 0 0 0
0.006523630209570064 1 1 0 3 0 0 3 0 1 1 0 0
0.006523630209570064 1 1 0 3 0 0 3 0 2 2 0 0
0.0016609233195552962 1 1 0 0 0 0 3 0 3 0 0 0
-0.0016609233195553049 1 1 0 0 0 0 3 0 0 3 0 0
0.07758395398980808 1 2 2 1 0 0 3 0 3 0 0 0
-0.006719001194342782 1 2 0 0 0 0 1 2 0 0 0 0
0.006719001194342782 1 2 0 0 0 0 2 1 0 0 0 0
-0.07609028891097941 1 3 1 0 1 1 3 3 0 0 3 0
-0.07600777046314518 1 3 1 0 2 2 3 3 0 0 3 0
-0.08270192067933807 1 3 1 0 0 3 3 3 0 0 1 1
-0.08270192067933807 1 3 1 0 0 3 3 3 0 0 2 2
-0.08288805360359351 1 3 2 3 0 0 3 1 3 2 0 0
0.08288805360359351 1 3 2 3 0 0 3 2 3 1 0 0
-8.251844783422463e-05 1 3 2 0 2 1 3 3 0 0 3 0
0.011226908881626436 1 3 2 0 0 0 3 1 2 0 0 0
-0.011226908881626436 1 3 2 0 0 0 3 2 1 0 0 0
-0.009534254170917966 1 3 3 1 1 1 3 3 3 0 3 0
-0.009523914456524693 1 3 3 1 2 2 3 3 3 0 3 0
-0.01036270388068049 1 3 3 1 0 3 3 3 3 0 1 1
-0.01036270388068049 1 3 3 1 0 3 3 3 3 0 2 2
-1.0339714393272617e-05 1 3 3 2 2 1 3 3 3 0 3 0
0.0008387894241557959 1 3 3 3 2 3 3 3 3 1 3 2
-0.0008387894241557959 1 3 3 3 2 3 3 3 3 2 3 1
0.0008284497097625232 1 3 3 3 0 1 3 3 3 1 1 0
0.0008284497097625232 1 3 3 3 0 1 3 3 3 2 2 0
0.006694150216192899 1 3 3 0 2 3 3 3 1 0 3 2
-0.006694150216192899 1 3 3 0 2 3 3 3 2 0 3 1
0.006611631768358673 1 3 3 0 0 1 3 3 1 0 1 0
0.006611631768358673 1 3 3 0 0 1 3 3 2 0 2 0
-0.00530409961378544 1 3 0 1 0 0 3 1 1 0 0 0
-0.00530409961378544 1 3 0 1 0 0 3 2 2 0 0 0
-0.011226908881626458 1 3 0 2 0 0 3 1 0 2 0 0
0.011226908881626458 1 3 0 2 0 0 3 2 0 1 0 0
-0.01122690888162645 1 0 2 3 0 0 1 0 3 2 0 0
0.01122690888162645 1 0 2 3 0 0 2 0 3 1 0 0
-0.09630975779646668 1 0 2 0 0 0 1 0 2 0 0 0
0.09630975779646668 1 0 2 0 0 0 2 0 1 0 0 0
-0.01122690888162645 1 0 0 1 0 0 1 0 1 0 0 0
-0.01122690888162645 1 0 0 1 0 0 2 0 2 0 0 0
-0.008117604579087724 1 0 0 2 0 0 1 0 0 2 0 0
0.008117604579087724 1 0 0 2 0 0 2 0 0 1 0 0
-0.006715460679137856 1 0 0 0 2 0 1 0 0 0 2 0
0.006715460679137856 1 0 0 0 2 0 2 0 0 0 1 0
-0.0067452783797332045 1 0 0 0 0 2 1 0 0 0 0 2
0.0067452783797332045 1 0 0 0 0 2 2 0 0 0 0 1
0.07758395398980808 2 1 1 2 0 0 3 0 3 0 0 0
0.006719001194342782 2 1 0 0 0 0 1 2 0 0 0 0
-0.006719001194342782 2 1 0 0 0 0 2 1 0 0 0 0
-0.07636442339402344 2 2 1 1 0 0 3 0 3 0 0 0
0.0012195305957846184 2 2 2 2 0 0 3 0 3 0 0 0
-0.009565985562071142 2 2 3 0 0 0 3 0 0 0 0 0
0.009565985562071153 2 2 0 3 0 0 3 0 0 0 0 0
0.006523630209570064 2 2 0 3 0 0 3 0 1 1 0 0
0.006523630209570064 2 2 0 3 0 0 3 0 2 2 0 0
0.0016609233195552962 2 2 0 0 0 0 3 0 3 0 0 0
-0.0016609233195553049 2 2 0 0 0 0 3 0 0 3 0 0
0.08288805360359351 2 3 1 3 0 0 3 1 3 2 0 0
-0.08288805360359351 2 3 1 3 0 0 3 2 3 1 0 0
-8.251844783422463e-05 2 3 1 0 1 2 3 3 0 0 3 0
-0.011226908881626436 2 3 1 0 0 0 3 1 2 0 0 0
0.011226908881626436 2 3 1 0 0 0 3 2 1 0 0 0
-0.07600777046314518 2 3 2 0 1 1 3 3 0 0 3 0
-0.07609028891097941 2 3 2 0 2 2 3 3 0 0 3 0
-0.08270192067933807 2 3 2 0 0 3 3 3 0 0 1 1
-0.08270192067933807 2 3 2 0 0 3 3 3 0 0 2 2
-1.0339714393272617e-05 2 3 3 1 1 2 3 3 3 0 3 0
-0.009523914456524693 2 3 3 2 1 1 3 3 3 0 3 0
-0.009534254170917966 2 3 3 2 2 2 3 3 3 0 3 0
-0.01036270388068049 2 3 3 2 0 3 3 3 3 0 1 1
-0.01036270388068049 2 3 3 2 0 3 3 3 3 0 2 2
-0.0008387894241557959 2 3 3 3 1 3 3 3 3 1 3 2
0.0008387894241557959 2 3 3 3 1 3 3 3 3 2 3 1
0.0008284497097625232 2 3 3 3 0 2 3 3 3 1 1 0
0.0008284497097625232 2 3 3 3 0 2 3 3 3 2 2 0
-0.006694150216192899 2 3 3 0 1 3 3 3 1 0 3 2
0.006694150216192899 2 3 3 0 1 3 3 3 2 0 3 1
0.006611631768358673 2 3 3 0 0 2 3 3 1 0 1 0
0.006611631768358673 2 3 3 0 0 2 3 3 2 0 2 0
0.011226908881626458 2 3 0 1 0 0 3 1 0 2 0 0
-0.011226908881626458 2 3 0 1 0 0 3 2 0 1 0 0
-0.00530409961378544 2 3 0 2 0 0 3 1 1 0 0 0
-0.00530409961378544 2 3 0 2 0 0 3 2 2 0 0 0
0.01122690888162645 2 0 1 3 0 0 1 0 3 2 0 0
-0.01122690888162645 2 0 1 3 0 0 2 0 3 1 0 0
0.09630975779646668 2 0 1 0 0 0 1 0 2 0 0 0
-0.09630975779646668 2 0 1 0 0 0 2 0 1 0 0 0
0.008117604579087724 2 0 0 1 0 0 1 0 0 2 0 0
-0.008117604579087724 2 0 0 1 0 0 2 0 0 1 0 0
-0.01122690888162645 2 0 0 2 0 0 1 0 1 0 0 0
-0.01122690888162645 2 0 0 2 0 0 2 0 2 0 0 0
0.006715460679137856 2 0 0 0 1 0 1 0 0 0 2 0
-0.006715460679137856 2 0 0 0 1 0 2 0 0 0 1 0
0.0067452783797332045 2 0 0 0 0 1 1 0 0 0 0 2
-0.0067452783797332045 2 0 0 0 0 1 2 0 0 0 0 1
1.1447219175690355 3 0 0 0 0 0 0 0 0 0 0 0
0.13138627975439 3 3 0 0 0 0 0 0 0 0 0 0
0.009565985562071147 3 0 1 1 0 0 0 0 3 0 0 0
0.009565985562071147 3 0 2 2 0 0 0 0 3 0 0 0
0.05514414929399066 3 0 3 0 0 0 0 0 0 0 0 0
0.1302890420922295 3 0 0 3 0 0 0 0 0 0 0 0
-0.0016609233195553025 3 0 0 3 0 0 0 0 1 1 0 0
-0.0016609233195553025 3 0 0 3 0 0 0 0 2 2 0 0
0.13179680290453294 3 0 0 0 3 0 0 0 0 0 0 0
0.13284664174505334 3 0 0 0 0 3 0 0 0 0 0 0
0.15154328333741848 3 0 0 0 0 0 3 0 0 0 0 0
0.13810528094873278 3 0 0 0 0 0 0 3 0 0 0 0
0.15145390709045736 3 0 0 0 0 0 0 0 3 0 0 0
0.13840664667131722 3 0 0 0 0 0 0 0 0 3 0 0
0.1385122635836708 3 0 0 0 0 0 0 0 0 0 3 0
0.13959192012478655 3 0 0 0 0 0 0 0 0 0 0 3
-0.00530409961378544 0 1 1 3 0 0 1 0 3 1 0 0
-0.00530409961378544 0 1 1 3 0 0 2 0 3 2 0 0
0.00953425417091795 0 1 1 0 1 1 0 3 0 0 3 0
0.009523914456524677 0 1 1 0 2 2 0 3 0 0 3 0
0.010362703880680472 0 1 1 0 0 3 0 3 0 0 1 1
0.010362703880680472 0 1 1 0 0 3 0 3 0 0 2 2
0.011226908881626436 0 1 1 0 0 0 1 0 1 0 0 0
0.011226908881626436 0 1 1 0 0 0 2 0 2 0 0 0
0.011226908881626425 0 1 2 3 0 0 0 1 3 2 0 0
-0.011226908881626425 0 1 2 3 0 0 0 2 3 1 0 0
1.0339714393272753e-05 0 1 2 0 2 1 0 3 0 0 3 0
-0.008117604579087714 0 1 2 0 0 0 0 1 2 0 0 0
0.008117604579087714 0 1 2 0 0 0 0 2 1 0 0 0
-0.07609028891097941 0 1 3 1 1 1 0 3 3 0 3 0
-0.07600777046314518 0 1 3 1 2 2 0 3 3 0 3 0
-0.08270192067933807 0 1 3 1 0 3 0 3 3 0 1 1
-0.08270192067933807 0 1 3 1 0 3 0 3 3 0 2 2
-8.25184478342242e-05 0 1 3 2 2 1 0 3 3 0 3 0
0.006694150216192899 0 1 3 3 2 3 0 3 3 1 3 2
-0.006694150216192899 0 1 3 3 2 3 0 3 3 2 3 1
0.006611631768358674 0 1 3 3 0 1 0 3 3 1 1 0
0.006611631768358674 0 1 3 3 0 1 0 3 3 2 2 0
-0.0008387894241557943 0 1 3 0 2 3 0 3 1 0 3 2
0.0008387894241557943 0 1 3 0 2 3 0 3 2 0 3 1
-0.0008284497097625216 0 1 3 0 0 1 0 3 1 0 1 0
-0.0008284497097625216 0 1 3 0 0 1 0 3 2 0 2 0
-0.01122690888162646 0 1 0 1 0 0 1 0 0 1 0 0
-0.01122690888162646 0 1 0 1 0 0 2 0 0 2 0 0
0.011226908881626429 0 1 0 1 0 0 0 1 1 0 0 0
0.011226908881626429 0 1 0 1 0 0 0 2 2 0 0 0
-0.08288805360359351 0 1 0 2 0 0 1 0 2 0 0 0
0.08288805360359351 0 1 0 2 0 0 2 0 1 0 0 0
-0.0963097577964667 0 1 0 2 0 0 0 1 0 2 0 0
0.0963097577964667 0 1 0 2 0 0 0 2 0 1 0 0
-0.006715460679137851 0 1 0 0 2 0 0 1 0 0 2 0
0.006715460679137851 0 1 0 0 2 0 0 2 0 0 1 0
-0.006745278379733203 0 1 0 0 0 2 0 1 0 0 0 2
0.006745278379733203 0 1 0 0 0 2 0 2 0 0 0 1
-0.011226908881626425 0 2 1 3 0 0 0 1 3 2 0 0
0.011226908881626425 0 2 1 3 0 0 0 2 3 1 0 0
1.0339714393272753e-05 0 2 1 0 1 2 0 3 0 0 3 0
0.008117604579087714 0 2 1 0 0 0 0 1 2 0 0 0
-0.008117604579087714 0 2 1 0 0 0 0 2 1 0 0 0
-0.00530409961378544 0 2 2 3 0 0 1 0 3 1 0 0
-0.00530409961378544 0 2 2 3 0 0 2 0 3 2 0 0
0.009523914456524677 0 2 2 0 1 1 0 3 0 0 3 0
0.00953425417091795 0 2 2 0 2 2 0 3 0 0 3 0
0.010362703880680472 0 2 2 0 0 3 0 3 0 0 1 1
0.010362703880680472 0 2 2 0 0 3 0 3 0 0 2 2
0.011226908881626436 0 2 2 0 0 0 1 0 1 0 0 0
0.011226908881626436 0 2 2 0 0 0 2 0 2 0 0 0
-8.25184478342242e-05 0 2 3 1 1 2 0 3 3 0 3 0
-0.07600777046314518 0 2 3 2 1 1 0 3 3 0 3 0
-0.07609028891097941 0 2 3 2 2 2 0 3 3 0 3 0
-0.08270192067933807 0 2 3 2 0 3 0 3 3 0 1 1
-0.08270192067933807 0 2 3 2 0 3 0 3 3 0 2 2
-0.006694150216192899 0 2 3 3 1 3 0 3 3 1 3 2
0.006694150216192899 0 2 3 3 1 3 0 3 3 2 3 1
0.006611631768358674 0 2 3 3 0 2 0 3 3 1 1 0
0.006611631768358674 0 2 3 3 0 2 0 3 3 2 2 0
0.0008387894241557943 0 2 3 0 1 3 0 3 1 0 3 2
-0.0008387894241557943 0 2 3 0 1 3 0 3 2 0 3 1
-0.0008284497097625216 0 2 3 0 0 2 0 3 1 0 1 0
-0.0008284497097625216 0 2 3 0 0 2 0 3 2 0 2 0
0.08288805360359351 0 2 0 1 0 0 1 0 2 0 0 0
-0.08288805360359351 0 2 0 1 0 0 2 0 1 0 0 0
0.0963097577964667 0 2 0 1 0 0 0 1 0 2 0 0
-0.0963097577964667 0 2 0 1 0 0 0 2 0 1 0 0
-0.01122690888162646 0 2 0 2 0 0 1 0 0 1 0 0
-0.01122690888162646 0 2 0 2 0 0 2 0 0 2 0 0
0.011226908881626429 0 2 0 2 0 0 0 1 1 0 0 0
0.011226908881626429 0 2 0 2 0 0 0 2 2 0 0 0
0.006715460679137851 0 2 0 0 1 0 0 1 0 0 2 0
-0.006715460679137851 0 2 0 0 1 0 0 2 0 0 1 0
0.006745278379733203 0 2 0 0 0 1 0 1 0 0 0 2
-0.006745278379733203 0 2 0 0 0 1 0 2 0 0 0 1
1.144721917569033 0 3 0 0 0 0 0 0 0 0 0 0
0.006523630209570064 0 3 1 1 0 0 1 1 3 0 0 0
0.006523630209570064 0 3 1 1 0 0 2 2 3 0 0 0
-0.009565985562071166 0 3 1 1 0 0 0 0 3 0 0 0
0.006611631768358673 0 3 1 0 1 3 1 3 0 0 3 1
0.006611631768358673 0 3 1 0 1 3 2 3 0 0 3 2
0.006694150216192899 0 3 1 0 0 2 1 3 0 0 2 0
-0.006694150216192899 0 3 1 0 0 2 2 3 0 0 1 0
0.006523630209570064 0 3 2 2 0 0 1 1 3 0 0 0
0.006523630209570064 0 3 2 2 0 0 2 2 3 0 0 0
-0.009565985562071166 0 3 2 2 0 0 0 0 3 0 0 0
0.006611631768358673 0 3 2 0 2 3 1 3 0 0 3 1
0.006611631768358673 0 3 2 0 2 3 2 3 0 0 3 2
-0.006694150216192899 0 3 2 0 0 1 1 3 0 0 2 0
0.006694150216192899 0 3 2 0 0 1 2 3 0 0 1 0
0.13028904209222936 0 3 3 0 0 0 0 0 0 0 0 0
0.0008284497097625232 0 3 3 1 1 3 1 3 3 0 3 1
0.0008284497097625232 0 3 3 1 1 3 2 3 3 0 3 2
0.0008387894241557959 0 3 3 1 0 2 1 3 3 0 2 0
-0.0008387894241557959 0 3 3 1 0 2 2 3 3 0 1 0
0.0008284497097625232 0 3 3 2 2 3 1 3 3 0 3 1
0.0008284497097625232 0 3 3 2 2 3 2 3 3 0 3 2
-0.0008387894241557959 0 3 3 2 0 1 1 3 3 0 2 0
0.0008387894241557959 0 3 3 2 0 1 2 3 3 0 1 0
-0.01036270388068049 0 3 3 3 1 1 1 3 3 1 3 0
-0.01036270388068049 0 3 3 3 1 1 2 3 3 2 3 0
-0.01036270388068049 0 3 3 3 2 2 1 3 3 1 3 0
-0.01036270388068049 0 3 3 3 2 2 2 3 3 2 3 0
-0.009534254170917966 0 3 3 3 0 3 1 3 3 1 1 1
-0.009523914456524693 0 3 3 3 0 3 1 3 3 1 2 2
-1.0339714393272617e-05 0 3 3 3 0 3 1 3 3 2 2 1
-1.0339714393272617e-05 0 3 3 3 0 3 2 3 3 1 1 2
-0.009523914456524693 0 3 3 3 0 3 2 3 3 2 1 1
-0.009534254170917966 0 3 3 3 0 3 2 3 3 2 2 2
-0.08270192067933807 0 3 3 0 1 1 1 3 1 0 3 0
-0.08270192067933807 0 3 3 0 1 1 2 3 2 0 3 0
-0.08270192067933807 0 3 3 0 2 2 1 3 1 0 3 0
-0.08270192067933807 0 3 3 0 2 2 2 3 2 0 3 0
-0.07609028891097941 0 3 3 0 0 3 1 3 1 0 1 1
-0.07600777046314518 0 3 3 0 0 3 1 3 1 0 2 2
-8.251844783422463e-05 0 3 3 0 0 3 1 3 2 0 2 1
-8.251844783422463e-05 0 3 3 0 0 3 2 3 1 0 1 2
-0.07600777046314518 0 3 3 0 0 3 2 3 2 0 1 1
-0.07609028891097941 0 3 3 0 0 3 2 3 2 0 2 2
0.0016609233195552962 0 3 3 0 0 0 1 1 0 0 0 0
0.0016609233195552962 0 3 3 0 0 0 2 2 0 0 0 0
0.05514414929399065 0 3 0 3 0 0 0 0 0 0 0 0
-0.0016609233195553049 0 3 0 3 0 0 1 1 0 0 0 0
0.0012195305957846184 0 3 0 3 0 0 1 1 1 1 0 0
-0.07636442339402344 0 3 0 3 0 0 1 1 2 2 0 0
0.07758395398980808 0 3 0 3 0 0 1 2 2 1 0 0
0.07758395398980808 0 3 0 3 0 0 2 1 1 2 0 0
-0.0016609233195553049 0 3 0 3 0 0 2 2 0 0 0 0
-0.07636442339402344 0 3 0 3 0 0 2 2 1 1 0 0
0.0012195305957846184 0 3 0 3 0 0 2 2 2 2 0 0
0.0016609233195552637 0 3 0 3 0 0 0 0 1 1 0 0
0.0016609233195552637 0 3 0 3 0 0 0 0 2 2 0 0
0.13179680290453288 0 3 0 0 3 0 0 0 0 0 0 0
0.13284664174505328 0 3 0 0 0 3 0 0 0 0 0 0
-0.009565985562071142 0 3 0 0 0 0 1 1 3 0 0 0
0.009565985562071153 0 3 0 0 0 0 1 1 0 3 0 0
-0.009565985562071142 0 3 0 0 0 0 2 2 3 0 0 0
0.009565985562071153 0 3 0 0 0 0 2 2 0 3 0 0
0.13810528094873278 0 3 0 0 0 0 3 0 0 0 0 0
0.15154328333741834 0 3 0 0 0 0 0 3 0 0 0 0
0.13840664667131708 0 3 0 0 0 0 0 0 3 0 0 0
0.15145390709045736 0 3 0 0 0 0 0 0 0 3 0 0
0.13851226358367075 0 3 0 0 0 0 0 0 0 0 3 0
0.1395919201247865 0 3 0 0 0 0 0 0 0 0 0 3
-0.0016609233195553025 0 0 1 1 0 0 3 0 3 0 0 0
0.0016609233195552637 0 0 1 1 0 0 0 3 3 0 0 0
-0.006744564065301059 0 0 1 2 0 0 0 0 1 2 0 0
0.006744564065301059 0 0 1 2 0 0 0 0 2 1 0 0
-0.0008284497097625216 0 0 1 0 1 3 0 1 0 0 3 1
-0.0008284497097625216 0 0 1 0 1 3 0 2 0 0 3 2
-0.006640549058150048 0 0 1 0 2 0 0 0 1 0 2 0
0.006640549058150048 0 0 1 0 2 0 0 0 2 0 1 0
-0.0008387894241557943 0 0 1 0 0 2 0 1 0 0 2 0
0.0008387894241557943 0 0 1 0 0 2 0 2 0 0 1 0
-0.0068359811258541505 0 0 1 0 0 2 0 0 1 0 0 2
0.0068359811258541505 0 0 1 0 0 2 0 0 2 0 0 1
0.006744564065301059 0 0 2 1 0 0 0 0 1 2 0 0
-0.006744564065301059 0 0 2 1 0 0 0 0 2 1 0 0
-0.0016609233195553025 0 0 2 2 0 0 3 0 3 0 0 0
0.0016609233195552637 0 0 2 2 0 0 0 3 3 0 0 0
0.006640549058150048 0 0 2 0 1 0 0 0 1 0 2 0
-0.006640549058150048 0 0 2 0 1 0 0 0 2 0 1 0
-0.0008284497097625216 0 0 2 0 2 3 0 1 0 0 3 1
-0.0008284497097625216 0 0 2 0 2 3 0 2 0 0 3 2
0.0008387894241557943 0 0 2 0 0 1 0 1 0 0 2 0
-0.0008387894241557943 0 0 2 0 0 1 0 2 0 0 1 0
0.0068359811258541505 0 0 2 0 0 1 0 0 1 0 0 2
-0.0068359811258541505 0 0 2 0 0 1 0 0 2 0 0 1
1.142992218903839 0 0 3 0 0 0 0 0 0 0 0 0
0.006611631768358674 0 0 3 1 1 3 0 1 3 0 3 1
0.006611631768358674 0 0 3 1 1 3 0 2 3 0 3 2
0.006694150216192899 0 0 3 1 0 2 0 1 3 0 2 0
-0.006694150216192899 0 0 3 1 0 2 0 2 3 0 1 0
0.006611631768358674 0 0 3 2 2 3 0 1 3 0 3 1
0.006611631768358674 0 0 3 2 2 3 0 2 3 0 3 2
-0.006694150216192899 0 0 3 2 0 1 0 1 3 0 2 0
0.006694150216192899 0 0 3 2 0 1 0 2 3 0 1 0
0.13154766520635494 0 0 3 3 0 0 0 0 0 0 0 0
-0.08270192067933807 0 0 3 3 1 1 0 1 3 1 3 0
-0.08270192067933807 0 0 3 3 1 1 0 2 3 2 3 0
-0.08270192067933807 0 0 3 3 2 2 0 1 3 1 3 0
-0.08270192067933807 0 0 3 3 2 2 0 2 3 2 3 0
-0.07609028891097941 0 0 3 3 0 3 0 1 3 1 1 1
-0.07600777046314518 0 0 3 3 0 3 0 1 3 1 2 2
-8.25184478342242e-05 0 0 3 3 0 3 0 1 3 2 2 1
-8.25184478342242e-05 0 0 3 3 0 3 0 2 3 1 1 2
-0.07600777046314518 0 0 3 3 0 3 0 2 3 2 1 1
-0.07609028891097941 0 0 3 3 0 3 0 2 3 2 2 2
0.010362703880680472 0 0 3 0 1 1 0 1 1 0 3 0
0.010362703880680472 0 0 3 0 1 1 0 2 2 0 3 0
0.010362703880680472 0 0 3 0 2 2 0 1 1 0 3 0
0.010362703880680472 0 0 3 0 2 2 0 2 2 0 3 0
0.1319492591616257 0 0 3 0 3 0 0 0 0 0 0 0
0.1328344260147968 0 0 3 0 0 3 0 0 0 0 0 0
0.00953425417091795 0 0 3 0 0 3 0 1 1 0 1 1
0.009523914456524677 0 0 3 0 0 3 0 1 1 0 2 2
1.0339714393272753e-05 0 0 3 0 0 3 0 1 2 0 2 1
1.0339714393272753e-05 0 0 3 0 0 3 0 2 1 0 1 2
0.009523914456524677 0 0 3 0 0 3 0 2 2 0 1 1
0.00953425417091795 0 0 3 0 0 3 0 2 2 0 2 2
0.15145390709045736 0 0 3 0 0 0 3 0 0 0 0 0
0.13840664667131708 0 0 3 0 0 0 0 3 0 0 0 0
0.15178135740225812 0 0 3 0 0 0 0 0 3 0 0 0
0.13829222927165596 0 0 3 0 0 0 0 0 0 3 0 0
0.13858980821977573 0 0 3 0 0 0 0 0 0 0 3 0
0.13967040714065096 0 0 3 0 0 0 0 0 0 0 0 3
-0.00664054905815005 0 0 0 1 2 0 0 0 0 1 2 0
0.00664054905815005 0 0 0 1 2 0 0 0 0 2 1 0
-0.006835981125854152 0 0 0 1 0 2 0 0 0 1 0 2
0.006835981125854152 0 0 0 1 0 2 0 0 0 2 0 1
0.00664054905815005 0 0 0 2 1 0 0 0 0 1 2 0
-0.00664054905815005 0 0 0 2 1 0 0 0 0 2 1 0
0.006835981125854152 0 0 0 2 0 1 0 0 0 1 0 2
-0.006835981125854152 0 0 0 2 0 1 0 0 0 2 0 1
1.1429922189038413 0 0 0 3 0 0 0 0 0 0 0 0
0.13194925916162578 0 0 0 3 3 0 0 0 0 0 0 0
0.1328344260147969 0 0 0 3 0 3 0 0 0 0 0 0
0.13840664667131722 0 0 0 3 0 0 3 0 0 0 0 0
0.009565985562071147 0 0 0 3 0 0 3 0 1 1 0 0
0.009565985562071147 0 0 0 3 0 0 3 0 2 2 0 0
0.15145390709045736 0 0 0 3 0 0 0 3 0 0 0 0
-0.009565985562071166 0 0 0 3 0 0 0 3 1 1 0 0
-0.009565985562071166 0 0 0 3 0 0 0 3 2 2 0 0
0.13829222927165596 0 0 0 3 0 0 0 0 3 0 0 0
0.15178135740225826 0 0 0 3 0 0 0 0 0 3 0 0
0.13858980821977585 0 0 0 3 0 0 0 0 0 0 3 0
0.13967040714065104 0 0 0 3 0 0 0 0 0 0 0 3
-0.09566494283044814 0 0 0 0 1 2 0 0 0 0 1 2
0.09566494283044814 0 0 0 0 1 2 0 0 0 0 2 1
0.09566494283044814 0 0 0 0 2 1 0 0 0 0 1 2
-0.09566494283044814 0 0 0 0 2 1 0 0 0 0 2 1
1.1575560652509722 0 0 0 0 3 0 0 0 0 0 0 0
0.05787023731195273 0 0 0 0 3 3 0 0 0 0 0 0
0.1385122635836708 0 0 0 0 3 0 3 0 0 0 0 0
0.13851226358367075 0 0 0 0 3 0 0 3 0 0 0 0
0.13858980821977573 0 0 0 0 3 0 0 0 3 0 0 0
0.13858980821977585 0 0 0 0 3 0 0 0 0 3 0 0
0.1524694156768817 0 0 0 0 3 0 0 0 0 0 3 0
0.1535351801424009 0 0 0 0 3 0 0 0 0 0 0 3
1.1451266103207138 0 0 0 0 0 3 0 0 0 0 0 0
0.13959192012478655 0 0 0 0 0 3 3 0 0 0 0 0
0.1395919201247865 0 0 0 0 0 3 0 3 0 0 0 0
0.13967040714065096 0 0 0 0 0 3 0 0 3 0 0 0
0.13967040714065104 0 0 0 0 0 3 0 0 0 3 0 0
0.1535351801424009 0 0 0 0 0 3 0 0 0 0 3 0
0.15481396376189693 0 0 0 0 0 3 0 0 0 0 0 3
1.1447219175690353 0 0 0 0 0 0 3 0 0 0 0 0
0.13138627975439 0 0 0 0 0 0 3 3 0 0 0 0
0.05514414929399066 0 0 0 0 0 0 3 0 3 0 0 0
0.1302890420922295 0 0 0 0 0 0 3 0 0 3 0 0
0.13179680290453294 0 0 0 0 0 0 3 0 0 0 3 0
0.13284664174505334 0 0 0 0 0 0 3 0 0 0 0 3
1.144721917569032 0 0 0 0 0 0 0 3 0 0 0 0
0.13028904209222936 0 0 0 0 0 0 0 3 3 0 0 0
0.05514414929399065 0 0 0 0 0 0 0 3 0 3 0 0
0.13179680290453288 0 0 0 0 0 0 0 3 0 0 3 0
0.13284664174505328 0 0 0 0 0 0 0 3 0 0 0 3
1.1429922189038393 0 0 0 0 0 0 0 0 3 0 0 0
0.13154766520635494 0 0 0 0 0 0 0 0 3 3 0 0
0.1319492591616257 0 0 0 0 0 0 0 0 3 0 3 0
0.1328344260147968 0 0 0 0 0 0 0 0 3 0 0 3
1.1429922189038408 0 0 0 0 0 0 0 0 0 3 0 0
0.13194925916162578 0 0 0 0 0 0 0 0 0 3 3 0
0.1328344260147969 0 0 0 0 0 0 0 0 0 3 0 3
1.1575560652509724 0 0 0 0 0 0 0 0 0 0 3 0
0.05787023731195273 0 0 0 0 0 0 0 0 0 0 3 3
1.1451266103207138 0 0 0 0 0 0 0 0 0 0 0 3
