-189.1129322018316 0 0 0 0 0 0 0 0 0 0 0 0
0.010773144890398599 1 1 0 1 1 0 3 0 0 3 0 0
-0.04980675481122767 1 1 0 2 2 0 3 0 0 3 0 0
-0.02281965193156253 1 1 0 3 0 0 3 0 0 0 0 0
0.022819651931562324 1 1 0 0 3 0 3 0 0 0 0 0
0.0044586816756039494 1 1 0 0 3 0 3 0 0 1 1 0
0.0044586816756039494 1 1 0 0 3 0 3 0 0 2 2 0
0.005213228503194219 1 1 0 0 0 0 3 0 0 3 0 0
-0.005213228503194492 1 1 0 0 0 0 3 0 0 0 3 0
0.06057989970162628 1 2 0 2 1 0 3 0 0 3 0 0
-0.006645800737999668 1 2 0 0 0 0 1 2 0 0 0 0
0.006645800737999668 1 2 0 0 0 0 2 1 0 0 0 0
0.0007538670827081022 1 3 1 1 3 1 3 3 0 3 3 0
-0.05035842393219353 1 3 1 2 3 2 3 3 0 3 3 0
0.0003472252556847804 1 3 1 0 1 1 3 3 0 0 3 0
-0.023194694431974496 1 3 1 0 2 2 3 3 0 0 3 0
0.005434122193079533 1 3 1 0 3 3 3 3 0 1 3 1
0.005434122193079533 1 3 1 0 3 3 3 3 0 2 3 2
0.002502913990005022 1 3 1 0 0 3 3 3 0 0 1 1
0.002502913990005022 1 3 1 0 0 3 3 3 0 0 2 2
0.05111229101490163 1 3 2 2 3 1 3 3 0 3 3 0
0.02354191968765927 1 3 2 0 2 1 3 3 0 0 3 0
-0.05579254612527307 1 3 3 2 3 3 3 3 1 3 3 2
0.05579254612527307 1 3 3 2 3 3 3 3 2 3 3 1
-0.025697608421979514 1 3 3 0 2 3 3 3 1 0 3 2
0.025697608421979514 1 3 3 0 2 3 3 3 2 0 3 1
-0.004680255110371432 1 3 3 0 3 1 3 3 1 1 3 0
-0.004680255110371432 1 3 3 0 3 1 3 3 2 2 3 0
-0.002155688734320241 1 3 3 0 0 1 3 3 1 0 1 0
-0.002155688734320241 1 3 3 0 0 1 3 3 2 0 2 0
-0.054265436486831624 1 3 0 2 3 0 3 1 0 3 2 0
0.054265436486831624 1 3 0 2 3 0 3 2 0 3 1 0
0.028032880434756744 1 3 0 2 0 0 3 1 0 2 0 0
-0.028032880434756744 1 3 0 2 0 0 3 2 0 1 0 0
0.006314463214794649 1 3 0 0 1 0 3 1 0 1 0 0
0.006314463214794649 1 3 0 0 1 0 3 2 0 2 0 0
-0.02803288043475682 1 3 0 0 2 0 3 1 0 0 2 0
0.02803288043475682 1 3 0 0 2 0 3 2 0 0 1 0
-0.007611812386588707 1 0 2 0 0 0 1 0 2 0 0 0
0.007611812386588707 1 0 2 0 0 0 2 0 1 0 0 0
-0.028032880434756772 1 0 0 2 3 0 1 0 0 3 2 0
0.028032880434756772 1 0 0 2 3 0 2 0 0 3 1 0
-0.06745995904396031 1 0 0 2 0 0 1 0 0 2 0 0
0.06745995904396031 1 0 0 2 0 0 2 0 0 1 0 0
-0.028032880434756772 1 0 0 0 1 0 1 0 0 1 0 0
-0.028032880434756772 1 0 0 0 1 0 2 0 0 2 0 0
-0.01950898577192336 1 0 0 0 2 0 1 0 0 0 2 0
0.01950898577192336 1 0 0 0 2 0 2 0 0 0 1 0
-0.007636237688807646 1 0 0 0 0 2 1 0 0 0 0 2
0.007636237688807646 1 0 0 0 0 2 2 0 0 0 0 1
0.06057989970162628 2 1 0 1 2 0 3 0 0 3 0 0
0.006645800737999668 2 1 0 0 0 0 1 2 0 0 0 0
-0.006645800737999668 2 1 0 0 0 0 2 1 0 0 0 0
-0.04980675481122767 2 2 0 1 1 0 3 0 0 3 0 0
0.010773144890398599 2 2 0 2 2 0 3 0 0 3 0 0
-0.02281965193156253 2 2 0 3 0 0 3 0 0 0 0 0
0.022819651931562324 2 2 0 0 3 0 3 0 0 0 0 0
0.0044586816756039494 2 2 0 0 3 0 3 0 0 1 1 0
0.0044586816756039494 2 2 0 0 3 0 3 0 0 2 2 0
0.005213228503194219 2 2 0 0 0 0 3 0 0 3 0 0
-0.005213228503194492 2 2 0 0 0 0 3 0 0 0 3 0
0.05111229101490163 2 3 1 1 3 2 3 3 0 3 3 0
0.02354191968765927 2 3 1 0 1 2 3 3 0 0 3 0
-0.05035842393219353 2 3 2 1 3 1 3 3 0 3 3 0
0.0007538670827081022 2 3 2 2 3 2 3 3 0 3 3 0
-0.023194694431974496 2 3 2 0 1 1 3 3 0 0 3 0
0.0003472252556847804 2 3 2 0 2 2 3 3 0 0 3 0
0.005434122193079533 2 3 2 0 3 3 3 3 0 1 3 1
0.005434122193079533 2 3 2 0 3 3 3 3 0 2 3 2
0.002502913990005022 2 3 2 0 0 3 3 3 0 0 1 1
0.002502913990005022 2 3 2 0 0 3 3 3 0 0 2 2
0.05579254612527307 2 3 3 1 3 3 3 3 1 3 3 2
-0.05579254612527307 2 3 3 1 3 3 3 3 2 3 3 1
0.025697608421979514 2 3 3 0 1 3 3 3 1 0 3 2
-0.025697608421979514 2 3 3 0 1 3 3 3 2 0 3 1
-0.004680255110371432 2 3 3 0 3 2 3 3 1 1 3 0
-0.004680255110371432 2 3 3 0 3 2 3 3 2 2 3 0
-0.002155688734320241 2 3 3 0 0 2 3 3 1 0 1 0
-0.002155688734320241 2 3 3 0 0 2 3 3 2 0 2 0
0.054265436486831624 2 3 0 1 3 0 3 1 0 3 2 0
-0.054265436486831624 2 3 0 1 3 0 3 2 0 3 1 0
-0.028032880434756744 2 3 0 1 0 0 3 1 0 2 0 0
0.028032880434756744 2 3 0 1 0 0 3 2 0 1 0 0
0.02803288043475682 2 3 0 0 1 0 3 1 0 0 2 0
-0.02803288043475682 2 3 0 0 1 0 3 2 0 0 1 0
0.006314463214794649 2 3 0 0 2 0 3 1 0 1 0 0
0.006314463214794649 2 3 0 0 2 0 3 2 0 2 0 0
0.007611812386588707 2 0 1 0 0 0 1 0 2 0 0 0
-0.007611812386588707 2 0 1 0 0 0 2 0 1 0 0 0
0.028032880434756772 2 0 0 1 3 0 1 0 0 3 2 0
-0.028032880434756772 2 0 0 1 3 0 2 0 0 3 1 0
0.06745995904396031 2 0 0 1 0 0 1 0 0 2 0 0
-0.06745995904396031 2 0 0 1 0 0 2 0 0 1 0 0
0.01950898577192336 2 0 0 0 1 0 1 0 0 0 2 0
-0.01950898577192336 2 0 0 0 1 0 2 0 0 0 1 0
-0.028032880434756772 2 0 0 0 2 0 1 0 0 1 0 0
-0.028032880434756772 2 0 0 0 2 0 2 0 0 2 0 0
0.007636237688807646 2 0 0 0 0 1 1 0 0 0 0 2
-0.007636237688807646 2 0 0 0 0 1 2 0 0 0 0 1
1.3161977264812998 3 0 0 0 0 0 0 0 0 0 0 0
0.147403129794727 3 3 0 0 0 0 0 0 0 0 0 0
0.14688660854998237 3 0 3 0 0 0 0 0 0 0 0 0
0.02281965193156243 3 0 0 1 1 0 0 0 0 3 0 0
0.02281965193156243 3 0 0 2 2 0 0 0 0 3 0 0
0.09938028800140877 3 0 0 3 0 0 0 0 0 0 0 0
0.1384138979222377 3 0 0 0 3 0 0 0 0 0 0 0
-0.0052132285031943415 3 0 0 0 3 0 0 0 0 1 1 0
-0.0052132285031943415 3 0 0 0 3 0 0 0 0 2 2 0
0.15734166712394032 3 0 0 0 0 3 0 0 0 0 0 0
0.16734053200872595 3 0 0 0 0 0 3 0 0 0 0 0
0.15404893053272667 3 0 0 0 0 0 0 3 0 0 0 0
0.15449842093657107 3 0 0 0 0 0 0 0 3 0 0 0
0.16684024704536907 3 0 0 0 0 0 0 0 0 3 0 0
0.15792288369416108 3 0 0 0 0 0 0 0 0 0 3 0
0.164977904812748 3 0 0 0 0 0 0 0 0 0 0 3
-0.00034722525568477906 0 1 1 1 3 1 0 3 0 3 3 0
0.023194694431974455 0 1 1 2 3 2 0 3 0 3 3 0
0.0007538670827081027 0 1 1 0 1 1 0 3 0 0 3 0
-0.050358423932193544 0 1 1 0 2 2 0 3 0 0 3 0
-0.002502913990005018 0 1 1 0 3 3 0 3 0 1 3 1
-0.002502913990005018 0 1 1 0 3 3 0 3 0 2 3 2
0.005434122193079536 0 1 1 0 0 3 0 3 0 0 1 1
0.005434122193079536 0 1 1 0 0 3 0 3 0 0 2 2
-0.02354191968765924 0 1 2 2 3 1 0 3 0 3 3 0
0.05111229101490164 0 1 2 0 2 1 0 3 0 0 3 0
-0.007611812386588709 0 1 2 0 0 0 0 1 2 0 0 0
0.007611812386588709 0 1 2 0 0 0 0 2 1 0 0 0
0.025697608421979476 0 1 3 2 3 3 0 3 1 3 3 2
-0.025697608421979476 0 1 3 2 3 3 0 3 2 3 3 1
-0.055792546125273075 0 1 3 0 2 3 0 3 1 0 3 2
0.055792546125273075 0 1 3 0 2 3 0 3 2 0 3 1
0.002155688734320238 0 1 3 0 3 1 0 3 1 1 3 0
0.002155688734320238 0 1 3 0 3 1 0 3 2 2 3 0
-0.004680255110371434 0 1 3 0 0 1 0 3 1 0 1 0
-0.004680255110371434 0 1 3 0 0 1 0 3 2 0 2 0
0.006314463214794649 0 1 0 1 3 0 1 0 0 3 1 0
0.006314463214794649 0 1 0 1 3 0 2 0 0 3 2 0
0.028032880434756744 0 1 0 1 0 0 1 0 0 1 0 0
0.028032880434756744 0 1 0 1 0 0 2 0 0 2 0 0
0.02803288043475674 0 1 0 2 3 0 0 1 0 3 2 0
-0.02803288043475674 0 1 0 2 3 0 0 2 0 3 1 0
-0.01950898577192332 0 1 0 2 0 0 0 1 0 2 0 0
0.01950898577192332 0 1 0 2 0 0 0 2 0 1 0 0
-0.02803288043475682 0 1 0 0 1 0 1 0 0 0 1 0
-0.02803288043475682 0 1 0 0 1 0 2 0 0 0 2 0
0.028032880434756744 0 1 0 0 1 0 0 1 0 1 0 0
0.028032880434756744 0 1 0 0 1 0 0 2 0 2 0 0
-0.054265436486831624 0 1 0 0 2 0 1 0 0 2 0 0
0.054265436486831624 0 1 0 0 2 0 2 0 0 1 0 0
-0.06745995904396039 0 1 0 0 2 0 0 1 0 0 2 0
0.06745995904396039 0 1 0 0 2 0 0 2 0 0 1 0
-0.007636237688807647 0 1 0 0 0 2 0 1 0 0 0 2
0.007636237688807647 0 1 0 0 0 2 0 2 0 0 0 1
-0.02354191968765924 0 2 1 1 3 2 0 3 0 3 3 0
0.05111229101490164 0 2 1 0 1 2 0 3 0 0 3 0
0.007611812386588709 0 2 1 0 0 0 0 1 2 0 0 0
-0.007611812386588709 0 2 1 0 0 0 0 2 1 0 0 0
0.023194694431974455 0 2 2 1 3 1 0 3 0 3 3 0
-0.00034722525568477906 0 2 2 2 3 2 0 3 0 3 3 0
-0.050358423932193544 0 2 2 0 1 1 0 3 0 0 3 0
0.0007538670827081027 0 2 2 0 2 2 0 3 0 0 3 0
-0.002502913990005018 0 2 2 0 3 3 0 3 0 1 3 1
-0.002502913990005018 0 2 2 0 3 3 0 3 0 2 3 2
0.005434122193079536 0 2 2 0 0 3 0 3 0 0 1 1
0.005434122193079536 0 2 2 0 0 3 0 3 0 0 2 2
-0.025697608421979476 0 2 3 1 3 3 0 3 1 3 3 2
0.025697608421979476 0 2 3 1 3 3 0 3 2 3 3 1
0.055792546125273075 0 2 3 0 1 3 0 3 1 0 3 2
-0.055792546125273075 0 2 3 0 1 3 0 3 2 0 3 1
0.002155688734320238 0 2 3 0 3 2 0 3 1 1 3 0
0.002155688734320238 0 2 3 0 3 2 0 3 2 2 3 0
-0.004680255110371434 0 2 3 0 0 2 0 3 1 0 1 0
-0.004680255110371434 0 2 3 0 0 2 0 3 2 0 2 0
-0.02803288043475674 0 2 0 1 3 0 0 1 0 3 2 0
0.02803288043475674 0 2 0 1 3 0 0 2 0 3 1 0
0.01950898577192332 0 2 0 1 0 0 0 1 0 2 0 0
-0.01950898577192332 0 2 0 1 0 0 0 2 0 1 0 0
0.006314463214794649 0 2 0 2 3 0 1 0 0 3 1 0
0.006314463214794649 0 2 0 2 3 0 2 0 0 3 2 0
0.028032880434756744 0 2 0 2 0 0 1 0 0 1 0 0
0.028032880434756744 0 2 0 2 0 0 2 0 0 2 0 0
0.054265436486831624 0 2 0 0 1 0 1 0 0 2 0 0
-0.054265436486831624 0 2 0 0 1 0 2 0 0 1 0 0
0.06745995904396039 0 2 0 0 1 0 0 1 0 0 2 0
-0.06745995904396039 0 2 0 0 1 0 0 2 0 0 1 0
-0.02803288043475682 0 2 0 0 2 0 1 0 0 0 1 0
-0.02803288043475682 0 2 0 0 2 0 2 0 0 0 2 0
0.028032880434756744 0 2 0 0 2 0 0 1 0 1 0 0
0.028032880434756744 0 2 0 0 2 0 0 2 0 2 0 0
0.007636237688807647 0 2 0 0 0 1 0 1 0 0 0 2
-0.007636237688807647 0 2 0 0 0 1 0 2 0 0 0 1
1.3161977264812994 0 3 0 0 0 0 0 0 0 0 0 0
-0.004680255110371432 0 3 1 1 3 3 1 3 0 3 3 1
-0.004680255110371432 0 3 1 1 3 3 2 3 0 3 3 2
-0.002155688734320241 0 3 1 0 1 3 1 3 0 0 3 1
-0.002155688734320241 0 3 1 0 1 3 2 3 0 0 3 2
-0.05579254612527307 0 3 1 0 3 2 1 3 0 2 3 0
0.05579254612527307 0 3 1 0 3 2 2 3 0 1 3 0
-0.025697608421979514 0 3 1 0 0 2 1 3 0 0 2 0
0.025697608421979514 0 3 1 0 0 2 2 3 0 0 1 0
-0.004680255110371432 0 3 2 2 3 3 1 3 0 3 3 1
-0.004680255110371432 0 3 2 2 3 3 2 3 0 3 3 2
-0.002155688734320241 0 3 2 0 2 3 1 3 0 0 3 1
-0.002155688734320241 0 3 2 0 2 3 2 3 0 0 3 2
0.05579254612527307 0 3 2 0 3 1 1 3 0 2 3 0
-0.05579254612527307 0 3 2 0 3 1 2 3 0 1 3 0
0.025697608421979514 0 3 2 0 0 1 1 3 0 0 2 0
-0.025697608421979514 0 3 2 0 0 1 2 3 0 0 1 0
0.14688660854998242 0 3 3 0 0 0 0 0 0 0 0 0
0.005434122193079533 0 3 3 1 3 1 1 3 1 3 3 0
0.005434122193079533 0 3 3 1 3 1 2 3 2 3 3 0
0.005434122193079533 0 3 3 2 3 2 1 3 1 3 3 0
0.005434122193079533 0 3 3 2 3 2 2 3 2 3 3 0
0.002502913990005022 0 3 3 0 1 1 1 3 1 0 3 0
0.002502913990005022 0 3 3 0 1 1 2 3 2 0 3 0
0.002502913990005022 0 3 3 0 2 2 1 3 1 0 3 0
0.002502913990005022 0 3 3 0 2 2 2 3 2 0 3 0
0.0007538670827081022 0 3 3 0 3 3 1 3 1 1 3 1
-0.05035842393219353 0 3 3 0 3 3 1 3 1 2 3 2
0.05111229101490163 0 3 3 0 3 3 1 3 2 2 3 1
0.05111229101490163 0 3 3 0 3 3 2 3 1 1 3 2
-0.05035842393219353 0 3 3 0 3 3 2 3 2 1 3 1
0.0007538670827081022 0 3 3 0 3 3 2 3 2 2 3 2
0.0003472252556847804 0 3 3 0 0 3 1 3 1 0 1 1
-0.023194694431974496 0 3 3 0 0 3 1 3 1 0 2 2
0.02354191968765927 0 3 3 0 0 3 1 3 2 0 2 1
0.02354191968765927 0 3 3 0 0 3 2 3 1 0 1 2
-0.023194694431974496 0 3 3 0 0 3 2 3 2 0 1 1
0.0003472252556847804 0 3 3 0 0 3 2 3 2 0 2 2
0.0044586816756039494 0 3 0 1 1 0 1 1 0 3 0 0
0.0044586816756039494 0 3 0 1 1 0 2 2 0 3 0 0
-0.022819651931562414 0 3 0 1 1 0 0 0 0 3 0 0
0.0044586816756039494 0 3 0 2 2 0 1 1 0 3 0 0
0.0044586816756039494 0 3 0 2 2 0 2 2 0 3 0 0
-0.022819651931562414 0 3 0 2 2 0 0 0 0 3 0 0
0.13841389792223788 0 3 0 3 0 0 0 0 0 0 0 0
0.005213228503194219 0 3 0 3 0 0 1 1 0 0 0 0
0.005213228503194219 0 3 0 3 0 0 2 2 0 0 0 0
0.0993802880014087 0 3 0 0 3 0 0 0 0 0 0 0
-0.005213228503194492 0 3 0 0 3 0 1 1 0 0 0 0
0.010773144890398599 0 3 0 0 3 0 1 1 0 1 1 0
-0.04980675481122767 0 3 0 0 3 0 1 1 0 2 2 0
0.06057989970162628 0 3 0 0 3 0 1 2 0 2 1 0
0.06057989970162628 0 3 0 0 3 0 2 1 0 1 2 0
-0.005213228503194492 0 3 0 0 3 0 2 2 0 0 0 0
-0.04980675481122767 0 3 0 0 3 0 2 2 0 1 1 0
0.010773144890398599 0 3 0 0 3 0 2 2 0 2 2 0
0.00521322850319433 0 3 0 0 3 0 0 0 0 1 1 0
0.00521322850319433 0 3 0 0 3 0 0 0 0 2 2 0
0.15734166712394035 0 3 0 0 0 3 0 0 0 0 0 0
-0.02281965193156253 0 3 0 0 0 0 1 1 0 3 0 0
0.022819651931562324 0 3 0 0 0 0 1 1 0 0 3 0
-0.02281965193156253 0 3 0 0 0 0 2 2 0 3 0 0
0.022819651931562324 0 3 0 0 0 0 2 2 0 0 3 0
0.15404893053272667 0 3 0 0 0 0 3 0 0 0 0 0
0.16734053200872603 0 3 0 0 0 0 0 3 0 0 0 0
0.15449842093657112 0 3 0 0 0 0 0 0 3 0 0 0
0.1579228836941612 0 3 0 0 0 0 0 0 0 3 0 0
0.16684024704536907 0 3 0 0 0 0 0 0 0 0 3 0
0.164977904812748 0 3 0 0 0 0 0 0 0 0 0 3
0.002155688734320238 0 0 1 1 3 3 0 1 0 3 3 1
0.002155688734320238 0 0 1 1 3 3 0 2 0 3 3 2
-0.0074732359722311315 0 0 1 2 0 0 0 0 1 2 0 0
0.0074732359722311315 0 0 1 2 0 0 0 0 2 1 0 0
-0.004680255110371434 0 0 1 0 1 3 0 1 0 0 3 1
-0.004680255110371434 0 0 1 0 1 3 0 2 0 0 3 2
-0.00747323597223113 0 0 1 0 2 0 0 0 1 0 2 0
0.00747323597223113 0 0 1 0 2 0 0 0 2 0 1 0
0.025697608421979476 0 0 1 0 3 2 0 1 0 2 3 0
-0.025697608421979476 0 0 1 0 3 2 0 2 0 1 3 0
-0.055792546125273075 0 0 1 0 0 2 0 1 0 0 2 0
0.055792546125273075 0 0 1 0 0 2 0 2 0 0 1 0
-0.06849166222049717 0 0 1 0 0 2 0 0 1 0 0 2
0.06849166222049717 0 0 1 0 0 2 0 0 2 0 0 1
0.0074732359722311315 0 0 2 1 0 0 0 0 1 2 0 0
-0.0074732359722311315 0 0 2 1 0 0 0 0 2 1 0 0
0.002155688734320238 0 0 2 2 3 3 0 1 0 3 3 1
0.002155688734320238 0 0 2 2 3 3 0 2 0 3 3 2
0.00747323597223113 0 0 2 0 1 0 0 0 1 0 2 0
-0.00747323597223113 0 0 2 0 1 0 0 0 2 0 1 0
-0.004680255110371434 0 0 2 0 2 3 0 1 0 0 3 1
-0.004680255110371434 0 0 2 0 2 3 0 2 0 0 3 2
-0.025697608421979476 0 0 2 0 3 1 0 1 0 2 3 0
0.025697608421979476 0 0 2 0 3 1 0 2 0 1 3 0
0.055792546125273075 0 0 2 0 0 1 0 1 0 0 2 0
-0.055792546125273075 0 0 2 0 0 1 0 2 0 0 1 0
0.06849166222049717 0 0 2 0 0 1 0 0 1 0 0 2
-0.06849166222049717 0 0 2 0 0 1 0 0 2 0 0 1
1.3784707387100652 0 0 3 0 0 0 0 0 0 0 0 0
-0.002502913990005018 0 0 3 1 3 1 0 1 1 3 3 0
-0.002502913990005018 0 0 3 1 3 1 0 2 2 3 3 0
-0.002502913990005018 0 0 3 2 3 2 0 1 1 3 3 0
-0.002502913990005018 0 0 3 2 3 2 0 2 2 3 3 0
0.14858130280192938 0 0 3 3 0 0 0 0 0 0 0 0
0.005434122193079536 0 0 3 0 1 1 0 1 1 0 3 0
0.005434122193079536 0 0 3 0 1 1 0 2 2 0 3 0
0.005434122193079536 0 0 3 0 2 2 0 1 1 0 3 0
0.005434122193079536 0 0 3 0 2 2 0 2 2 0 3 0
0.14858130280192935 0 0 3 0 3 0 0 0 0 0 0 0
-0.00034722525568477906 0 0 3 0 3 3 0 1 1 1 3 1
0.023194694431974455 0 0 3 0 3 3 0 1 1 2 3 2
-0.02354191968765924 0 0 3 0 3 3 0 1 2 2 3 1
-0.02354191968765924 0 0 3 0 3 3 0 2 1 1 3 2
0.023194694431974455 0 0 3 0 3 3 0 2 2 1 3 1
-0.00034722525568477906 0 0 3 0 3 3 0 2 2 2 3 2
0.1071428282688278 0 0 3 0 0 3 0 0 0 0 0 0
0.0007538670827081027 0 0 3 0 0 3 0 1 1 0 1 1
-0.050358423932193544 0 0 3 0 0 3 0 1 1 0 2 2
0.05111229101490164 0 0 3 0 0 3 0 1 2 0 2 1
0.05111229101490164 0 0 3 0 0 3 0 2 1 0 1 2
-0.050358423932193544 0 0 3 0 0 3 0 2 2 0 1 1
0.0007538670827081027 0 0 3 0 0 3 0 2 2 0 2 2
0.15449842093657107 0 0 3 0 0 0 3 0 0 0 0 0
0.15449842093657112 0 0 3 0 0 0 0 3 0 0 0 0
0.17080569844028734 0 0 3 0 0 0 0 0 3 0 0 0
0.15605453877416053 0 0 3 0 0 0 0 0 0 3 0 0
0.15605453877416048 0 0 3 0 0 0 0 0 0 0 3 0
0.17563449048932495 0 0 3 0 0 0 0 0 0 0 0 3
-0.0052132285031943415 0 0 0 1 1 0 3 0 0 3 0 0
0.00521322850319433 0 0 0 1 1 0 0 3 0 3 0 0
-0.007153072880828206 0 0 0 1 2 0 0 0 0 1 2 0
0.007153072880828206 0 0 0 1 2 0 0 0 0 2 1 0
-0.008484240771820235 0 0 0 1 0 2 0 0 0 1 0 2
0.008484240771820235 0 0 0 1 0 2 0 0 0 2 0 1
0.007153072880828206 0 0 0 2 1 0 0 0 0 1 2 0
-0.007153072880828206 0 0 0 2 1 0 0 0 0 2 1 0
-0.0052132285031943415 0 0 0 2 2 0 3 0 0 3 0 0
0.00521322850319433 0 0 0 2 2 0 0 3 0 3 0 0
0.008484240771820235 0 0 0 2 0 1 0 0 0 1 0 2
-0.008484240771820235 0 0 0 2 0 1 0 0 0 2 0 1
1.2565627330075864 0 0 0 3 0 0 0 0 0 0 0 0
0.15021267644492903 0 0 0 3 3 0 0 0 0 0 0 0
0.15758670675390654 0 0 0 3 0 3 0 0 0 0 0 0
0.16684024704536907 0 0 0 3 0 0 3 0 0 0 0 0
0.1579228836941612 0 0 0 3 0 0 0 3 0 0 0 0
0.15605453877416053 0 0 0 3 0 0 0 0 3 0 0 0
0.17167189508741376 0 0 0 3 0 0 0 0 0 3 0 0
0.15736574932575725 0 0 0 3 0 0 0 0 0 0 3 0
0.16607094752572676 0 0 0 3 0 0 0 0 0 0 0 3
-0.008484240771820228 0 0 0 0 1 2 0 0 0 0 1 2
0.008484240771820228 0 0 0 0 1 2 0 0 0 0 2 1
0.008484240771820228 0 0 0 0 2 1 0 0 0 0 1 2
-0.008484240771820228 0 0 0 0 2 1 0 0 0 0 2 1
1.2565627330075864 0 0 0 0 3 0 0 0 0 0 0 0
0.15758670675390646 0 0 0 0 3 3 0 0 0 0 0 0
0.15792288369416108 0 0 0 0 3 0 3 0 0 0 0 0
0.02281965193156243 0 0 0 0 3 0 3 0 0 1 1 0
0.02281965193156243 0 0 0 0 3 0 3 0 0 2 2 0
0.16684024704536907 0 0 0 0 3 0 0 3 0 0 0 0
-0.022819651931562414 0 0 0 0 3 0 0 3 0 1 1 0
-0.022819651931562414 0 0 0 0 3 0 0 3 0 2 2 0
0.15605453877416048 0 0 0 0 3 0 0 0 3 0 0 0
0.15736574932575725 0 0 0 0 3 0 0 0 0 3 0 0
0.17167189508741365 0 0 0 0 3 0 0 0 0 0 3 0
0.1660709475257267 0 0 0 0 3 0 0 0 0 0 0 3
1.203122910051481 0 0 0 0 0 3 0 0 0 0 0 0
0.164977904812748 0 0 0 0 0 3 3 0 0 0 0 0
0.164977904812748 0 0 0 0 0 3 0 3 0 0 0 0
0.17563449048932495 0 0 0 0 0 3 0 0 3 0 0 0
0.16607094752572676 0 0 0 0 0 3 0 0 0 3 0 0
0.1660709475257267 0 0 0 0 0 3 0 0 0 0 3 0
0.19246767965932415 0 0 0 0 0 3 0 0 0 0 0 3
1.3161977264813 0 0 0 0 0 0 3 0 0 0 0 0
0.147403129794727 0 0 0 0 0 0 3 3 0 0 0 0
0.14688660854998237 0 0 0 0 0 0 3 0 3 0 0 0
0.09938028800140877 0 0 0 0 0 0 3 0 0 3 0 0
0.1384138979222377 0 0 0 0 0 0 3 0 0 0 3 0
0.15734166712394032 0 0 0 0 0 0 3 0 0 0 0 3
1.3161977264812992 0 0 0 0 0 0 0 3 0 0 0 0
0.14688660854998242 0 0 0 0 0 0 0 3 3 0 0 0
0.13841389792223788 0 0 0 0 0 0 0 3 0 3 0 0
0.0993802880014087 0 0 0 0 0 0 0 3 0 0 3 0
0.15734166712394035 0 0 0 0 0 0 0 3 0 0 0 3
1.3784707387100652 0 0 0 0 0 0 0 0 3 0 0 0
0.14858130280192938 0 0 0 0 0 0 0 0 3 3 0 0
0.14858130280192935 0 0 0 0 0 0 0 0 3 0 3 0
0.1071428282688278 0 0 0 0 0 0 0 0 3 0 0 3
1.2565627330075864 0 0 0 0 0 0 0 0 0 3 0 0
0.15021267644492903 0 0 0 0 0 0 0 0 0 3 3 0
0.15758670675390654 0 0 0 0 0 0 0 0 0 3 0 3
1.2565627330075868 0 0 0 0 0 0 0 0 0 0 3 0
0.15758670675390646 0 0 0 0 0 0 0 0 0 0 3 3
1.2031229100514809 0 0 0 0 0 0 0 0 0 0 0 3
