-190.08528308562433 0 0 0 0 0 0 0 0 0 0 0 0
-0.0667249371875789 1 1 1 1 0 0 3 0 3 0 0 0
0.016068687976539018 1 1 2 2 0 0 3 0 3 0 0 0
-0.03273553049244401 1 1 3 0 0 0 3 0 0 0 0 0
0.032735530492444015 1 1 0 3 0 0 3 0 0 0 0 0
0.004115118691129929 1 1 0 3 0 0 3 0 1 1 0 0
0.004115118691129929 1 1 0 3 0 0 3 0 2 2 0 0
0.005318616971907679 1 1 0 0 0 0 3 0 3 0 0 0
-0.005318616971907655 1 1 0 0 0 0 3 0 0 3 0 0
-0.0827936251641179 1 2 2 1 0 0 3 0 3 0 0 0
-0.006723947513229662 1 2 0 0 0 0 1 2 0 0 0 0
0.006723947513229662 1 2 0 0 0 0 2 1 0 0 0 0
5.120604507736508e-08 1 3 1 3 0 0 3 3 0 0 0 0
0.03626738610677688 1 3 1 0 1 1 3 3 0 0 3 0
0.03625533735016361 1 3 1 0 2 2 3 3 0 0 3 0
0.039220954228875275 1 3 1 0 0 3 3 3 0 0 1 1
0.039220954228875275 1 3 1 0 0 3 3 3 0 0 2 2
-5.1210641185418704e-08 1 3 1 0 0 0 3 0 0 0 0 0
5.8892943075280717e-08 1 3 1 0 0 0 3 3 3 0 0 0
5.120604507736508e-08 1 3 1 0 0 0 3 3 0 3 0 0
-5.889658311980827e-08 1 3 1 0 0 0 0 3 0 0 0 0
0.011953569285409091 1 3 2 3 0 0 3 1 3 2 0 0
-0.011953569285409091 1 3 2 3 0 0 3 2 3 1 0 0
1.2048756613269125e-05 1 3 2 0 2 1 3 3 0 0 3 0
0.03805414746435168 1 3 2 0 0 0 3 1 2 0 0 0
-0.03805414746435168 1 3 2 0 0 0 3 2 1 0 0 0
-0.07391633879972133 1 3 3 1 1 1 3 3 3 0 3 0
-0.07389178230223019 1 3 3 1 2 2 3 3 3 0 3 0
-0.07993598800571382 1 3 3 1 0 3 3 3 3 0 1 1
-0.07993598800571382 1 3 3 1 0 3 3 3 3 0 2 2
-1.0436447669448353e-07 1 3 3 1 0 0 3 3 0 0 0 0
-1.2002744211031192e-07 1 3 3 1 0 0 3 3 3 3 0 0
1.0437192990694188e-07 1 3 3 1 0 0 3 0 3 0 0 0
1.2003676514815588e-07 1 3 3 1 0 0 0 3 3 0 0 0
-2.4556497491155164e-05 1 3 3 2 2 1 3 3 3 0 3 0
0.006044205703483642 1 3 3 3 2 3 3 3 3 1 3 2
-0.006044205703483642 1 3 3 3 2 3 3 3 3 2 3 1
0.006019649205992485 1 3 3 3 0 1 3 3 3 1 1 0
0.006019649205992485 1 3 3 3 0 1 3 3 3 2 2 0
-0.002965616878711673 1 3 3 0 2 3 3 3 1 0 3 2
0.002965616878711673 1 3 3 0 2 3 3 3 2 0 3 1
-0.0029535681220984027 1 3 3 0 0 1 3 3 1 0 1 0
-0.0029535681220984027 1 3 3 0 0 1 3 3 2 0 2 0
-0.0708400558787088 1 3 0 1 0 0 3 1 1 0 0 0
-0.0708400558787088 1 3 0 1 0 0 3 2 2 0 0 0
-9.653224821120087e-08 1 3 0 1 0 0 3 3 3 0 0 0
-0.03805414746435167 1 3 0 2 0 0 3 1 0 2 0 0
0.03805414746435167 1 3 0 2 0 0 3 2 0 1 0 0
-5.1210641185418704e-08 1 0 1 0 0 0 3 3 0 0 0 0
0.038054147464351734 1 0 2 3 0 0 1 0 3 2 0 0
-0.038054147464351734 1 0 2 3 0 0 2 0 3 1 0 0
-0.025389310014751008 1 0 2 0 0 0 1 0 2 0 0 0
0.025389310014751008 1 0 2 0 0 0 2 0 1 0 0 0
9.653883320398678e-08 1 0 3 1 0 0 3 3 3 0 0 0
0.038054147464351734 1 0 0 1 0 0 1 0 1 0 0 0
0.038054147464351734 1 0 0 1 0 0 2 0 2 0 0 0
-0.08427579660805083 1 0 0 2 0 0 1 0 0 2 0 0
0.08427579660805083 1 0 0 2 0 0 2 0 0 1 0 0
-0.00672990523290489 1 0 0 0 2 0 1 0 0 0 2 0
0.00672990523290489 1 0 0 0 2 0 2 0 0 0 1 0
-0.006713740847313828 1 0 0 0 0 2 1 0 0 0 0 2
0.006713740847313828 1 0 0 0 0 2 2 0 0 0 0 1
-0.0827936251641179 2 1 1 2 0 0 3 0 3 0 0 0
0.006723947513229662 2 1 0 0 0 0 1 2 0 0 0 0
-0.006723947513229662 2 1 0 0 0 0 2 1 0 0 0 0
0.016068687976539018 2 2 1 1 0 0 3 0 3 0 0 0
-0.0667249371875789 2 2 2 2 0 0 3 0 3 0 0 0
-0.03273553049244401 2 2 3 0 0 0 3 0 0 0 0 0
0.032735530492444015 2 2 0 3 0 0 3 0 0 0 0 0
0.004115118691129929 2 2 0 3 0 0 3 0 1 1 0 0
0.004115118691129929 2 2 0 3 0 0 3 0 2 2 0 0
0.005318616971907679 2 2 0 0 0 0 3 0 3 0 0 0
-0.005318616971907655 2 2 0 0 0 0 3 0 0 3 0 0
-0.011953569285409091 2 3 1 3 0 0 3 1 3 2 0 0
0.011953569285409091 2 3 1 3 0 0 3 2 3 1 0 0
1.2048756613269125e-05 2 3 1 0 1 2 3 3 0 0 3 0
-0.03805414746435168 2 3 1 0 0 0 3 1 2 0 0 0
0.03805414746435168 2 3 1 0 0 0 3 2 1 0 0 0
5.120604507736508e-08 2 3 2 3 0 0 3 3 0 0 0 0
0.03625533735016361 2 3 2 0 1 1 3 3 0 0 3 0
0.03626738610677688 2 3 2 0 2 2 3 3 0 0 3 0
0.039220954228875275 2 3 2 0 0 3 3 3 0 0 1 1
0.039220954228875275 2 3 2 0 0 3 3 3 0 0 2 2
-5.1210641185418704e-08 2 3 2 0 0 0 3 0 0 0 0 0
5.8892943075280717e-08 2 3 2 0 0 0 3 3 3 0 0 0
5.120604507736508e-08 2 3 2 0 0 0 3 3 0 3 0 0
-5.889658311980827e-08 2 3 2 0 0 0 0 3 0 0 0 0
-2.4556497491155164e-05 2 3 3 1 1 2 3 3 3 0 3 0
-0.07389178230223019 2 3 3 2 1 1 3 3 3 0 3 0
-0.07391633879972133 2 3 3 2 2 2 3 3 3 0 3 0
-0.07993598800571382 2 3 3 2 0 3 3 3 3 0 1 1
-0.07993598800571382 2 3 3 2 0 3 3 3 3 0 2 2
-1.0436447669448353e-07 2 3 3 2 0 0 3 3 0 0 0 0
-1.2002744211031192e-07 2 3 3 2 0 0 3 3 3 3 0 0
1.0437192990694188e-07 2 3 3 2 0 0 3 0 3 0 0 0
1.2003676514815588e-07 2 3 3 2 0 0 0 3 3 0 0 0
-0.006044205703483642 2 3 3 3 1 3 3 3 3 1 3 2
0.006044205703483642 2 3 3 3 1 3 3 3 3 2 3 1
0.006019649205992485 2 3 3 3 0 2 3 3 3 1 1 0
0.006019649205992485 2 3 3 3 0 2 3 3 3 2 2 0
0.002965616878711673 2 3 3 0 1 3 3 3 1 0 3 2
-0.002965616878711673 2 3 3 0 1 3 3 3 2 0 3 1
-0.0029535681220984027 2 3 3 0 0 2 3 3 1 0 1 0
-0.0029535681220984027 2 3 3 0 0 2 3 3 2 0 2 0
0.03805414746435167 2 3 0 1 0 0 3 1 0 2 0 0
-0.03805414746435167 2 3 0 1 0 0 3 2 0 1 0 0
-0.0708400558787088 2 3 0 2 0 0 3 1 1 0 0 0
-0.0708400558787088 2 3 0 2 0 0 3 2 2 0 0 0
-9.653224821120087e-08 2 3 0 2 0 0 3 3 3 0 0 0
-0.038054147464351734 2 0 1 3 0 0 1 0 3 2 0 0
0.038054147464351734 2 0 1 3 0 0 2 0 3 1 0 0
0.025389310014751008 2 0 1 0 0 0 1 0 2 0 0 0
-0.025389310014751008 2 0 1 0 0 0 2 0 1 0 0 0
-5.1210641185418704e-08 2 0 2 0 0 0 3 3 0 0 0 0
9.653883320398678e-08 2 0 3 2 0 0 3 3 3 0 0 0
0.08427579660805083 2 0 0 1 0 0 1 0 0 2 0 0
-0.08427579660805083 2 0 0 1 0 0 2 0 0 1 0 0
0.038054147464351734 2 0 0 2 0 0 1 0 1 0 0 0
0.038054147464351734 2 0 0 2 0 0 2 0 2 0 0 0
0.00672990523290489 2 0 0 0 1 0 1 0 0 0 2 0
-0.00672990523290489 2 0 0 0 1 0 2 0 0 0 1 0
0.006713740847313828 2 0 0 0 0 1 1 0 0 0 0 2
-0.006713740847313828 2 0 0 0 0 1 2 0 0 0 0 1
1.1010618800481824 3 0 0 0 0 0 0 0 0 0 0 0
9.849531918137803e-08 3 1 1 0 0 0 0 3 0 0 0 0
5.1209723546711494e-08 3 1 3 1 0 0 0 3 3 0 0 0
9.849531918137803e-08 3 2 2 0 0 0 0 3 0 0 0 0
5.1209723546711494e-08 3 2 3 2 0 0 0 3 3 0 0 0
0.1262513498649614 3 3 0 0 0 0 0 0 0 0 0 0
1.2003676514815588e-07 3 3 3 3 0 0 1 3 3 1 0 0
1.2003676514815588e-07 3 3 3 3 0 0 2 3 3 2 0 0
-5.889658311980827e-08 3 3 3 0 0 0 1 3 1 0 0 0
-5.889658311980827e-08 3 3 3 0 0 0 2 3 2 0 0 0
-0.03273553049244403 3 0 1 1 0 0 0 0 3 0 0 0
-0.03273553049244403 3 0 2 2 0 0 0 0 3 0 0 0
0.11020201969193807 3 0 3 0 0 0 0 0 0 0 0 0
5.1209723546711494e-08 3 0 3 3 0 0 0 1 3 1 0 0
5.1209723546711494e-08 3 0 3 3 0 0 0 2 3 2 0 0
1.0437039280248453e-07 3 0 3 0 0 0 0 1 1 0 0 0
1.0437039280248453e-07 3 0 3 0 0 0 0 2 2 0 0 0
0.059545770480898194 3 0 0 3 0 0 0 0 0 0 0 0
0.005318616971907702 3 0 0 3 0 0 0 0 1 1 0 0
0.005318616971907702 3 0 0 3 0 0 0 0 2 2 0 0
-1.0909517822952525e-07 3 0 0 0 1 1 0 0 0 0 3 0
-1.0909517822952525e-07 3 0 0 0 2 2 0 0 0 0 3 0
0.1266248588779129 3 0 0 0 3 0 0 0 0 0 0 0
0.12680696746038542 3 0 0 0 0 3 0 0 0 0 0 0
-1.1563974648755669e-07 3 0 0 0 0 3 0 0 0 0 1 1
-1.1563974648755669e-07 3 0 0 0 0 3 0 0 0 0 2 2
0.14642319240465065 3 0 0 0 0 0 3 0 0 0 0 0
0.13297529737819108 3 0 0 0 0 0 0 3 0 0 0 0
0.13559132970668908 3 0 0 0 0 0 0 0 3 0 0 0
0.143821567088949 3 0 0 0 0 0 0 0 0 3 0 0
0.13335476411081781 3 0 0 0 0 0 0 0 0 0 3 0
0.13352070830769927 3 0 0 0 0 0 0 0 0 0 0 3
1.2003861398889382e-07 0 1 1 0 0 0 0 0 0 0 0 0
-0.0708400558787088 0 1 1 3 0 0 1 0 3 1 0 0
-0.0708400558787088 0 1 1 3 0 0 2 0 3 2 0 0
-9.848849740843244e-08 0 1 1 3 0 0 0 3 0 0 0 0
-0.07391633879972126 0 1 1 0 1 1 0 3 0 0 3 0
-0.0738917823022301 0 1 1 0 2 2 0 3 0 0 3 0
-0.07993598800571375 0 1 1 0 0 3 0 3 0 0 1 1
-0.07993598800571375 0 1 1 0 0 3 0 3 0 0 2 2
0.038054147464351686 0 1 1 0 0 0 1 0 1 0 0 0
0.038054147464351686 0 1 1 0 0 0 2 0 2 0 0 0
1.0437039280248453e-07 0 1 1 0 0 0 3 3 0 0 0 0
-1.2002934720486673e-07 0 1 1 0 0 0 0 3 3 0 0 0
-1.0436286784820604e-07 0 1 1 0 0 0 0 3 0 3 0 0
-0.03805414746435165 0 1 2 3 0 0 0 1 3 2 0 0
0.03805414746435165 0 1 2 3 0 0 0 2 3 1 0 0
-2.4556497491161236e-05 0 1 2 0 2 1 0 3 0 0 3 0
-0.08427579660805064 0 1 2 0 0 0 0 1 2 0 0 0
0.08427579660805064 0 1 2 0 0 0 0 2 1 0 0 0
-0.03626738610677682 0 1 3 1 1 1 0 3 3 0 3 0
-0.03625533735016356 0 1 3 1 2 2 0 3 3 0 3 0
-0.03922095422887523 0 1 3 1 0 3 0 3 3 0 1 1
-0.03922095422887523 0 1 3 1 0 3 0 3 3 0 2 2
5.1209723546711494e-08 0 1 3 1 0 0 3 3 3 0 0 0
-5.120697158124481e-08 0 1 3 1 0 0 0 3 0 0 0 0
-5.8892007409153496e-08 0 1 3 1 0 0 0 3 3 3 0 0
5.8897487386490216e-08 0 1 3 1 0 0 0 0 3 0 0 0
-1.2048756613272215e-05 0 1 3 2 2 1 0 3 3 0 3 0
0.00296561687871167 0 1 3 3 2 3 0 3 3 1 3 2
-0.00296561687871167 0 1 3 3 2 3 0 3 3 2 3 1
0.0029535681220983993 0 1 3 3 0 1 0 3 3 1 1 0
0.0029535681220983993 0 1 3 3 0 1 0 3 3 2 2 0
0.006044205703483636 0 1 3 0 2 3 0 3 1 0 3 2
-0.006044205703483636 0 1 3 0 2 3 0 3 2 0 3 1
0.00601964920599248 0 1 3 0 0 1 0 3 1 0 1 0
0.00601964920599248 0 1 3 0 0 1 0 3 2 0 2 0
-0.03805414746435168 0 1 0 1 0 0 1 0 0 1 0 0
-0.03805414746435168 0 1 0 1 0 0 2 0 0 2 0 0
-0.03805414746435165 0 1 0 1 0 0 0 1 1 0 0 0
-0.03805414746435165 0 1 0 1 0 0 0 2 2 0 0 0
-5.120697158124481e-08 0 1 0 1 0 0 0 3 3 0 0 0
0.011953569285409091 0 1 0 2 0 0 1 0 2 0 0 0
-0.011953569285409091 0 1 0 2 0 0 2 0 1 0 0 0
-0.025389310014750952 0 1 0 2 0 0 0 1 0 2 0 0
0.025389310014750952 0 1 0 2 0 0 0 2 0 1 0 0
-0.006729905232904879 0 1 0 0 2 0 0 1 0 0 2 0
0.006729905232904879 0 1 0 0 2 0 0 2 0 0 1 0
-0.006713740847313818 0 1 0 0 0 2 0 1 0 0 0 2
0.006713740847313818 0 1 0 0 0 2 0 2 0 0 0 1
0.03805414746435165 0 2 1 3 0 0 0 1 3 2 0 0
-0.03805414746435165 0 2 1 3 0 0 0 2 3 1 0 0
-2.4556497491161236e-05 0 2 1 0 1 2 0 3 0 0 3 0
0.08427579660805064 0 2 1 0 0 0 0 1 2 0 0 0
-0.08427579660805064 0 2 1 0 0 0 0 2 1 0 0 0
1.2003861398889382e-07 0 2 2 0 0 0 0 0 0 0 0 0
-0.0708400558787088 0 2 2 3 0 0 1 0 3 1 0 0
-0.0708400558787088 0 2 2 3 0 0 2 0 3 2 0 0
-9.848849740843244e-08 0 2 2 3 0 0 0 3 0 0 0 0
-0.0738917823022301 0 2 2 0 1 1 0 3 0 0 3 0
-0.07391633879972126 0 2 2 0 2 2 0 3 0 0 3 0
-0.07993598800571375 0 2 2 0 0 3 0 3 0 0 1 1
-0.07993598800571375 0 2 2 0 0 3 0 3 0 0 2 2
0.038054147464351686 0 2 2 0 0 0 1 0 1 0 0 0
0.038054147464351686 0 2 2 0 0 0 2 0 2 0 0 0
1.0437039280248453e-07 0 2 2 0 0 0 3 3 0 0 0 0
-1.2002934720486673e-07 0 2 2 0 0 0 0 3 3 0 0 0
-1.0436286784820604e-07 0 2 2 0 0 0 0 3 0 3 0 0
-1.2048756613272215e-05 0 2 3 1 1 2 0 3 3 0 3 0
-0.03625533735016356 0 2 3 2 1 1 0 3 3 0 3 0
-0.03626738610677682 0 2 3 2 2 2 0 3 3 0 3 0
-0.03922095422887523 0 2 3 2 0 3 0 3 3 0 1 1
-0.03922095422887523 0 2 3 2 0 3 0 3 3 0 2 2
5.1209723546711494e-08 0 2 3 2 0 0 3 3 3 0 0 0
-5.120697158124481e-08 0 2 3 2 0 0 0 3 0 0 0 0
-5.8892007409153496e-08 0 2 3 2 0 0 0 3 3 3 0 0
5.8897487386490216e-08 0 2 3 2 0 0 0 0 3 0 0 0
-0.00296561687871167 0 2 3 3 1 3 0 3 3 1 3 2
0.00296561687871167 0 2 3 3 1 3 0 3 3 2 3 1
0.0029535681220983993 0 2 3 3 0 2 0 3 3 1 1 0
0.0029535681220983993 0 2 3 3 0 2 0 3 3 2 2 0
-0.006044205703483636 0 2 3 0 1 3 0 3 1 0 3 2
0.006044205703483636 0 2 3 0 1 3 0 3 2 0 3 1
0.00601964920599248 0 2 3 0 0 2 0 3 1 0 1 0
0.00601964920599248 0 2 3 0 0 2 0 3 2 0 2 0
-0.011953569285409091 0 2 0 1 0 0 1 0 2 0 0 0
0.011953569285409091 0 2 0 1 0 0 2 0 1 0 0 0
0.025389310014750952 0 2 0 1 0 0 0 1 0 2 0 0
-0.025389310014750952 0 2 0 1 0 0 0 2 0 1 0 0
-0.03805414746435168 0 2 0 2 0 0 1 0 0 1 0 0
-0.03805414746435168 0 2 0 2 0 0 2 0 0 2 0 0
-0.03805414746435165 0 2 0 2 0 0 0 1 1 0 0 0
-0.03805414746435165 0 2 0 2 0 0 0 2 2 0 0 0
-5.120697158124481e-08 0 2 0 2 0 0 0 3 3 0 0 0
0.006729905232904879 0 2 0 0 1 0 0 1 0 0 2 0
-0.006729905232904879 0 2 0 0 1 0 0 2 0 0 1 0
0.006713740847313818 0 2 0 0 0 1 0 1 0 0 0 2
-0.006713740847313818 0 2 0 0 0 1 0 2 0 0 0 1
1.1010618800481815 0 3 0 0 0 0 0 0 0 0 0 0
0.004115118691129929 0 3 1 1 0 0 1 1 3 0 0 0
0.004115118691129929 0 3 1 1 0 0 2 2 3 0 0 0
0.032735530492444 0 3 1 1 0 0 0 0 3 0 0 0
-0.0029535681220984027 0 3 1 0 1 3 1 3 0 0 3 1
-0.0029535681220984027 0 3 1 0 1 3 2 3 0 0 3 2
-0.002965616878711673 0 3 1 0 0 2 1 3 0 0 2 0
0.002965616878711673 0 3 1 0 0 2 2 3 0 0 1 0
0.004115118691129929 0 3 2 2 0 0 1 1 3 0 0 0
0.004115118691129929 0 3 2 2 0 0 2 2 3 0 0 0
0.032735530492444 0 3 2 2 0 0 0 0 3 0 0 0
-0.0029535681220984027 0 3 2 0 2 3 1 3 0 0 3 1
-0.0029535681220984027 0 3 2 0 2 3 2 3 0 0 3 2
0.002965616878711673 0 3 2 0 0 1 1 3 0 0 2 0
-0.002965616878711673 0 3 2 0 0 1 2 3 0 0 1 0
0.05954577048089811 0 3 3 0 0 0 0 0 0 0 0 0
0.006019649205992485 0 3 3 1 1 3 1 3 3 0 3 1
0.006019649205992485 0 3 3 1 1 3 2 3 3 0 3 2
0.006044205703483642 0 3 3 1 0 2 1 3 3 0 2 0
-0.006044205703483642 0 3 3 1 0 2 2 3 3 0 1 0
0.006019649205992485 0 3 3 2 2 3 1 3 3 0 3 1
0.006019649205992485 0 3 3 2 2 3 2 3 3 0 3 2
-0.006044205703483642 0 3 3 2 0 1 1 3 3 0 2 0
0.006044205703483642 0 3 3 2 0 1 2 3 3 0 1 0
-0.07993598800571382 0 3 3 3 1 1 1 3 3 1 3 0
-0.07993598800571382 0 3 3 3 1 1 2 3 3 2 3 0
-0.07993598800571382 0 3 3 3 2 2 1 3 3 1 3 0
-0.07993598800571382 0 3 3 3 2 2 2 3 3 2 3 0
-0.07391633879972133 0 3 3 3 0 3 1 3 3 1 1 1
-0.07389178230223019 0 3 3 3 0 3 1 3 3 1 2 2
-2.4556497491155164e-05 0 3 3 3 0 3 1 3 3 2 2 1
-2.4556497491155164e-05 0 3 3 3 0 3 2 3 3 1 1 2
-0.07389178230223019 0 3 3 3 0 3 2 3 3 2 1 1
-0.07391633879972133 0 3 3 3 0 3 2 3 3 2 2 2
5.120604507736508e-08 0 3 3 3 0 0 1 3 1 0 0 0
-9.653224821120087e-08 0 3 3 3 0 0 1 3 0 1 0 0
9.653883320398678e-08 0 3 3 3 0 0 1 0 3 1 0 0
5.120604507736508e-08 0 3 3 3 0 0 2 3 2 0 0 0
-9.653224821120087e-08 0 3 3 3 0 0 2 3 0 2 0 0
9.653883320398678e-08 0 3 3 3 0 0 2 0 3 2 0 0
5.8897487386490216e-08 0 3 3 3 0 0 0 1 3 1 0 0
5.8897487386490216e-08 0 3 3 3 0 0 0 2 3 2 0 0
0.039220954228875275 0 3 3 0 1 1 1 3 1 0 3 0
0.039220954228875275 0 3 3 0 1 1 2 3 2 0 3 0
0.039220954228875275 0 3 3 0 2 2 1 3 1 0 3 0
0.039220954228875275 0 3 3 0 2 2 2 3 2 0 3 0
0.03626738610677688 0 3 3 0 0 3 1 3 1 0 1 1
0.03625533735016361 0 3 3 0 0 3 1 3 1 0 2 2
1.2048756613269125e-05 0 3 3 0 0 3 1 3 2 0 2 1
1.2048756613269125e-05 0 3 3 0 0 3 2 3 1 0 1 2
0.03625533735016361 0 3 3 0 0 3 2 3 2 0 1 1
0.03626738610677688 0 3 3 0 0 3 2 3 2 0 2 2
0.005318616971907679 0 3 3 0 0 0 1 1 0 0 0 0
5.120604507736508e-08 0 3 3 0 0 0 1 3 1 3 0 0
-1.200274421103119e-07 0 3 3 0 0 0 1 3 3 1 0 0
-5.1210641185418704e-08 0 3 3 0 0 0 1 0 1 0 0 0
0.005318616971907679 0 3 3 0 0 0 2 2 0 0 0 0
5.120604507736508e-08 0 3 3 0 0 0 2 3 2 3 0 0
-1.200274421103119e-07 0 3 3 0 0 0 2 3 3 2 0 0
-5.1210641185418704e-08 0 3 3 0 0 0 2 0 2 0 0 0
1.2003861398889382e-07 0 3 3 0 0 0 0 1 1 0 0 0
1.2003861398889382e-07 0 3 3 0 0 0 0 2 2 0 0 0
0.11020201969193796 0 3 0 3 0 0 0 0 0 0 0 0
-0.005318616971907655 0 3 0 3 0 0 1 1 0 0 0 0
-0.0667249371875789 0 3 0 3 0 0 1 1 1 1 0 0
0.016068687976539018 0 3 0 3 0 0 1 1 2 2 0 0
-0.0827936251641179 0 3 0 3 0 0 1 2 2 1 0 0
-1.0436447669448353e-07 0 3 0 3 0 0 1 3 3 1 0 0
-0.0827936251641179 0 3 0 3 0 0 2 1 1 2 0 0
-0.005318616971907655 0 3 0 3 0 0 2 2 0 0 0 0
0.016068687976539018 0 3 0 3 0 0 2 2 1 1 0 0
-0.0667249371875789 0 3 0 3 0 0 2 2 2 2 0 0
-1.0436447669448353e-07 0 3 0 3 0 0 2 3 3 2 0 0
-0.005318616971907653 0 3 0 3 0 0 0 0 1 1 0 0
-0.005318616971907653 0 3 0 3 0 0 0 0 2 2 0 0
-1.0909685511794603e-07 0 3 0 0 1 1 0 0 0 0 3 0
-1.0909685511794603e-07 0 3 0 0 2 2 0 0 0 0 3 0
0.12662485887791267 0 3 0 0 3 0 0 0 0 0 0 0
0.12680696746038522 0 3 0 0 0 3 0 0 0 0 0 0
-1.1564152397164444e-07 0 3 0 0 0 3 0 0 0 0 1 1
-1.1564152397164444e-07 0 3 0 0 0 3 0 0 0 0 2 2
-0.03273553049244401 0 3 0 0 0 0 1 1 3 0 0 0
0.032735530492444015 0 3 0 0 0 0 1 1 0 3 0 0
5.8892943075280717e-08 0 3 0 0 0 0 1 3 1 0 0 0
-0.03273553049244401 0 3 0 0 0 0 2 2 3 0 0 0
0.032735530492444015 0 3 0 0 0 0 2 2 0 3 0 0
5.8892943075280717e-08 0 3 0 0 0 0 2 3 2 0 0 0
0.13297529737819108 0 3 0 0 0 0 3 0 0 0 0 0
0.14642319240465024 0 3 0 0 0 0 0 3 0 0 0 0
0.14382156708894878 0 3 0 0 0 0 0 0 3 0 0 0
0.1355913297066889 0 3 0 0 0 0 0 0 0 3 0 0
0.13335476411081756 0 3 0 0 0 0 0 0 0 0 3 0
0.13352070830769905 0 3 0 0 0 0 0 0 0 0 0 3
0.005318616971907702 0 0 1 1 0 0 3 0 3 0 0 0
-0.005318616971907653 0 0 1 1 0 0 0 3 3 0 0 0
-0.006725497071849691 0 0 1 2 0 0 0 0 1 2 0 0
0.006725497071849691 0 0 1 2 0 0 0 0 2 1 0 0
0.00601964920599248 0 0 1 0 1 3 0 1 0 0 3 1
0.00601964920599248 0 0 1 0 1 3 0 2 0 0 3 2
-0.006704371860982479 0 0 1 0 2 0 0 0 1 0 2 0
0.006704371860982479 0 0 1 0 2 0 0 0 2 0 1 0
0.006044205703483636 0 0 1 0 0 2 0 1 0 0 2 0
-0.006044205703483636 0 0 1 0 0 2 0 2 0 0 1 0
-0.006743002514423973 0 0 1 0 0 2 0 0 1 0 0 2
0.006743002514423973 0 0 1 0 0 2 0 0 2 0 0 1
0.006725497071849691 0 0 2 1 0 0 0 0 1 2 0 0
-0.006725497071849691 0 0 2 1 0 0 0 0 2 1 0 0
0.005318616971907702 0 0 2 2 0 0 3 0 3 0 0 0
-0.005318616971907653 0 0 2 2 0 0 0 3 3 0 0 0
0.006704371860982479 0 0 2 0 1 0 0 0 1 0 2 0
-0.006704371860982479 0 0 2 0 1 0 0 0 2 0 1 0
0.00601964920599248 0 0 2 0 2 3 0 1 0 0 3 1
0.00601964920599248 0 0 2 0 2 3 0 2 0 0 3 2
-0.006044205703483636 0 0 2 0 0 1 0 1 0 0 2 0
0.006044205703483636 0 0 2 0 0 1 0 2 0 0 1 0
0.006743002514423973 0 0 2 0 0 1 0 0 1 0 0 2
-0.006743002514423973 0 0 2 0 0 1 0 0 2 0 0 1
1.100919354911425 0 0 3 0 0 0 0 0 0 0 0 0
0.0029535681220983993 0 0 3 1 1 3 0 1 3 0 3 1
0.0029535681220983993 0 0 3 1 1 3 0 2 3 0 3 2
0.00296561687871167 0 0 3 1 0 2 0 1 3 0 2 0
-0.00296561687871167 0 0 3 1 0 2 0 2 3 0 1 0
0.0029535681220983993 0 0 3 2 2 3 0 1 3 0 3 1
0.0029535681220983993 0 0 3 2 2 3 0 2 3 0 3 2
-0.00296561687871167 0 0 3 2 0 1 0 1 3 0 2 0
0.00296561687871167 0 0 3 2 0 1 0 2 3 0 1 0
0.1262626597029383 0 0 3 3 0 0 0 0 0 0 0 0
-0.03922095422887523 0 0 3 3 1 1 0 1 3 1 3 0
-0.03922095422887523 0 0 3 3 1 1 0 2 3 2 3 0
-0.03922095422887523 0 0 3 3 2 2 0 1 3 1 3 0
-0.03922095422887523 0 0 3 3 2 2 0 2 3 2 3 0
-0.03626738610677682 0 0 3 3 0 3 0 1 3 1 1 1
-0.03625533735016356 0 0 3 3 0 3 0 1 3 1 2 2
-1.2048756613272215e-05 0 0 3 3 0 3 0 1 3 2 2 1
-1.2048756613272215e-05 0 0 3 3 0 3 0 2 3 1 1 2
-0.03625533735016356 0 0 3 3 0 3 0 2 3 2 1 1
-0.03626738610677682 0 0 3 3 0 3 0 2 3 2 2 2
1.0437192990694188e-07 0 0 3 3 0 0 1 3 3 1 0 0
1.0437192990694188e-07 0 0 3 3 0 0 2 3 3 2 0 0
5.1209723546711494e-08 0 0 3 3 0 0 3 1 3 1 0 0
5.1209723546711494e-08 0 0 3 3 0 0 3 2 3 2 0 0
-1.0436286784820604e-07 0 0 3 3 0 0 0 1 1 0 0 0
-5.120697158124481e-08 0 0 3 3 0 0 0 1 0 1 0 0
-1.0436286784820604e-07 0 0 3 3 0 0 0 2 2 0 0 0
-5.120697158124481e-08 0 0 3 3 0 0 0 2 0 2 0 0
-0.07993598800571375 0 0 3 0 1 1 0 1 1 0 3 0
-0.07993598800571375 0 0 3 0 1 1 0 2 2 0 3 0
1.0909659877137582e-07 0 0 3 0 1 1 0 0 0 0 3 0
-0.07993598800571375 0 0 3 0 2 2 0 1 1 0 3 0
-0.07993598800571375 0 0 3 0 2 2 0 2 2 0 3 0
1.0909659877137582e-07 0 0 3 0 2 2 0 0 0 0 3 0
0.12665624649767798 0 0 3 0 3 0 0 0 0 0 0 0
0.12678353392150357 0 0 3 0 0 3 0 0 0 0 0 0
-0.07391633879972126 0 0 3 0 0 3 0 1 1 0 1 1
-0.0738917823022301 0 0 3 0 0 3 0 1 1 0 2 2
-2.4556497491161236e-05 0 0 3 0 0 3 0 1 2 0 2 1
-2.4556497491161236e-05 0 0 3 0 0 3 0 2 1 0 1 2
-0.0738917823022301 0 0 3 0 0 3 0 2 2 0 1 1
-0.07391633879972126 0 0 3 0 0 3 0 2 2 0 2 2
1.1564125529521933e-07 0 0 3 0 0 3 0 0 0 0 1 1
1.1564125529521933e-07 0 0 3 0 0 3 0 0 0 0 2 2
-5.1210641185418704e-08 0 0 3 0 0 0 1 3 1 0 0 0
-5.1210641185418704e-08 0 0 3 0 0 0 2 3 2 0 0 0
0.13559132970668908 0 0 3 0 0 0 3 0 0 0 0 0
9.849531918137803e-08 0 0 3 0 0 0 3 1 1 0 0 0
9.849531918137803e-08 0 0 3 0 0 0 3 2 2 0 0 0
-9.848849740843244e-08 0 0 3 0 0 0 0 1 1 3 0 0
-5.8892007409153496e-08 0 0 3 0 0 0 0 1 3 1 0 0
-9.848849740843244e-08 0 0 3 0 0 0 0 2 2 3 0 0
-5.8892007409153496e-08 0 0 3 0 0 0 0 2 3 2 0 0
0.14382156708894878 0 0 3 0 0 0 0 3 0 0 0 0
0.14643915091848736 0 0 3 0 0 0 0 0 3 0 0 0
0.13298815677478798 0 0 3 0 0 0 0 0 0 3 0 0
0.13336061835866048 0 0 3 0 0 0 0 0 0 0 3 0
0.13352653643592755 0 0 3 0 0 0 0 0 0 0 0 3
-0.0067043718609824795 0 0 0 1 2 0 0 0 0 1 2 0
0.0067043718609824795 0 0 0 1 2 0 0 0 0 2 1 0
-0.0067430025144239744 0 0 0 1 0 2 0 0 0 1 0 2
0.0067430025144239744 0 0 0 1 0 2 0 0 0 2 0 1
0.0067043718609824795 0 0 0 2 1 0 0 0 0 1 2 0
-0.0067043718609824795 0 0 0 2 1 0 0 0 0 2 1 0
0.0067430025144239744 0 0 0 2 0 1 0 0 0 1 0 2
-0.0067430025144239744 0 0 0 2 0 1 0 0 0 2 0 1
1.1009193549114251 0 0 0 3 0 0 0 0 0 0 0 0
1.0909486370050613e-07 0 0 0 3 1 1 0 0 0 0 3 0
1.0909486370050613e-07 0 0 0 3 2 2 0 0 0 0 3 0
0.12665624649767804 0 0 0 3 3 0 0 0 0 0 0 0
0.1267835339215036 0 0 0 3 0 3 0 0 0 0 0 0
1.1563941613832042e-07 0 0 0 3 0 3 0 0 0 0 1 1
1.1563941613832042e-07 0 0 0 3 0 3 0 0 0 0 2 2
0.143821567088949 0 0 0 3 0 0 3 0 0 0 0 0
-0.03273553049244403 0 0 0 3 0 0 3 0 1 1 0 0
-0.03273553049244403 0 0 0 3 0 0 3 0 2 2 0 0
-5.120697158124481e-08 0 0 0 3 0 0 0 1 3 1 0 0
-5.120697158124481e-08 0 0 0 3 0 0 0 2 3 2 0 0
0.1355913297066889 0 0 0 3 0 0 0 3 0 0 0 0
0.032735530492444 0 0 0 3 0 0 0 3 1 1 0 0
0.032735530492444 0 0 0 3 0 0 0 3 2 2 0 0
0.13298815677478798 0 0 0 3 0 0 0 0 3 0 0 0
0.14643915091848742 0 0 0 3 0 0 0 0 0 3 0 0
0.13336061835866053 0 0 0 3 0 0 0 0 0 0 3 0
0.1335265364359276 0 0 0 3 0 0 0 0 0 0 0 3
-1.1563974648755669e-07 0 0 0 0 1 1 3 0 0 0 3 0
-1.1564152397164444e-07 0 0 0 0 1 1 0 3 0 0 3 0
1.1564125529521933e-07 0 0 0 0 1 1 0 0 3 0 3 0
1.1563941613832042e-07 0 0 0 0 1 1 0 0 0 3 3 0
-0.10195033876660875 0 0 0 0 1 2 0 0 0 0 1 2
0.10195033876660875 0 0 0 0 1 2 0 0 0 0 2 1
0.10195033876660875 0 0 0 0 2 1 0 0 0 0 1 2
-0.10195033876660875 0 0 0 0 2 1 0 0 0 0 2 1
-1.1563974648755669e-07 0 0 0 0 2 2 3 0 0 0 3 0
-1.1564152397164444e-07 0 0 0 0 2 2 0 3 0 0 3 0
1.1564125529521933e-07 0 0 0 0 2 2 0 0 3 0 3 0
1.1563941613832042e-07 0 0 0 0 2 2 0 0 0 3 3 0
1.1054877003593673 0 0 0 0 3 0 0 0 0 0 0 0
0.04544041117417624 0 0 0 0 3 3 0 0 0 0 0 0
0.13335476411081781 0 0 0 0 3 0 3 0 0 0 0 0
0.13335476411081756 0 0 0 0 3 0 0 3 0 0 0 0
0.13336061835866048 0 0 0 0 3 0 0 0 3 0 0 0
0.13336061835866053 0 0 0 0 3 0 0 0 0 3 0 0
0.14722239590030334 0 0 0 0 3 0 0 0 0 0 3 0
0.147390749940785 0 0 0 0 3 0 0 0 0 0 0 3
1.104186836867305 0 0 0 0 0 3 0 0 0 0 0 0
0.13352070830769927 0 0 0 0 0 3 3 0 0 0 0 0
-1.0909517822952525e-07 0 0 0 0 0 3 3 0 0 0 1 1
-1.0909517822952525e-07 0 0 0 0 0 3 3 0 0 0 2 2
0.13352070830769905 0 0 0 0 0 3 0 3 0 0 0 0
-1.0909685511794603e-07 0 0 0 0 0 3 0 3 0 0 1 1
-1.0909685511794603e-07 0 0 0 0 0 3 0 3 0 0 2 2
0.13352653643592755 0 0 0 0 0 3 0 0 3 0 0 0
1.0909659877137582e-07 0 0 0 0 0 3 0 0 3 0 1 1
1.0909659877137582e-07 0 0 0 0 0 3 0 0 3 0 2 2
0.1335265364359276 0 0 0 0 0 3 0 0 0 3 0 0
1.0909486370050613e-07 0 0 0 0 0 3 0 0 0 3 1 1
1.0909486370050613e-07 0 0 0 0 0 3 0 0 0 3 2 2
0.147390749940785 0 0 0 0 0 3 0 0 0 0 3 0
0.1475893591692361 0 0 0 0 0 3 0 0 0 0 0 3
1.1010618800481826 0 0 0 0 0 0 3 0 0 0 0 0
0.1262513498649614 0 0 0 0 0 0 3 3 0 0 0 0
0.11020201969193807 0 0 0 0 0 0 3 0 3 0 0 0
0.059545770480898194 0 0 0 0 0 0 3 0 0 3 0 0
0.1266248588779129 0 0 0 0 0 0 3 0 0 0 3 0
0.12680696746038542 0 0 0 0 0 0 3 0 0 0 0 3
-1.2002934720486673e-07 0 0 0 0 0 0 0 1 1 0 0 0
-1.2002934720486673e-07 0 0 0 0 0 0 0 2 2 0 0 0
1.1010618800481822 0 0 0 0 0 0 0 3 0 0 0 0
0.05954577048089811 0 0 0 0 0 0 0 3 3 0 0 0
0.11020201969193796 0 0 0 0 0 0 0 3 0 3 0 0
0.12662485887791267 0 0 0 0 0 0 0 3 0 0 3 0
0.12680696746038522 0 0 0 0 0 0 0 3 0 0 0 3
1.1009193549114253 0 0 0 0 0 0 0 0 3 0 0 0
0.1262626597029383 0 0 0 0 0 0 0 0 3 3 0 0
0.12665624649767798 0 0 0 0 0 0 0 0 3 0 3 0
0.12678353392150357 0 0 0 0 0 0 0 0 3 0 0 3
1.1009193549114253 0 0 0 0 0 0 0 0 0 3 0 0
0.12665624649767804 0 0 0 0 0 0 0 0 0 3 3 0
0.1267835339215036 0 0 0 0 0 0 0 0 0 3 0 3
1.105487700359367 0 0 0 0 0 0 0 0 0 0 3 0
0.04544041117417624 0 0 0 0 0 0 0 0 0 0 3 3
1.104186836867305 0 0 0 0 0 0 0 0 0 0 0 3
