-189.82649635151182 0 0 0 0 0 0 0 0 0 0 0 0
0.006543816550361994 1 1 1 1 0 0 3 0 3 0 0 0
-0.06871993432618516 1 1 2 2 0 0 3 0 3 0 0 0
-0.021148683080061677 1 1 3 0 0 0 3 0 0 0 0 0
0.021148683080061723 1 1 0 3 0 0 3 0 0 0 0 0
0.005570621843381205 1 1 0 3 0 0 3 0 1 1 0 0
0.005570621843381205 1 1 0 3 0 0 3 0 2 2 0 0
0.0037896002561404697 1 1 0 0 0 0 3 0 3 0 0 0
-0.003789600256140401 1 1 0 0 0 0 3 0 0 3 0 0
0.07526375087654713 1 2 2 1 0 0 3 0 3 0 0 0
-0.00670961553391604 1 2 0 0 0 0 1 2 0 0 0 0
0.00670961553391604 1 2 0 0 0 0 2 1 0 0 0 0
-0.07080670088832051 1 3 1 0 1 1 3 3 0 0 3 0
-0.0706846140533454 1 3 1 0 2 2 3 3 0 0 3 0
-0.07713323508021014 1 3 1 0 0 3 3 3 0 0 1 1
-0.07713323508021014 1 3 1 0 0 3 3 3 0 0 2 2
-0.07429055616956635 1 3 2 3 0 0 3 1 3 2 0 0
0.07429055616956635 1 3 2 3 0 0 3 2 3 1 0 0
-0.0001220868349751179 1 3 2 0 2 1 3 3 0 0 3 0
0.024938283336202148 1 3 2 0 0 0 3 1 2 0 0 0
-0.024938283336202148 1 3 2 0 0 0 3 2 1 0 0 0
-0.021801110419041744 1 3 3 1 1 1 3 3 3 0 3 0
-0.02176352035289529 1 3 3 1 2 2 3 3 3 0 3 0
-0.02374902592360353 1 3 3 1 0 3 3 3 3 0 1 1
-0.02374902592360353 1 3 3 1 0 3 3 3 3 0 2 2
-3.7590066146451595e-05 1 3 3 2 2 1 3 3 3 0 3 0
0.00198550557070824 1 3 3 3 2 3 3 3 3 1 3 2
-0.00198550557070824 1 3 3 3 2 3 3 3 3 2 3 1
0.0019479155045617883 1 3 3 3 0 1 3 3 3 1 1 0
0.0019479155045617883 1 3 3 3 0 1 3 3 3 2 2 0
0.006448621026864741 1 3 3 0 2 3 3 3 1 0 3 2
-0.006448621026864741 1 3 3 0 2 3 3 3 2 0 3 1
0.006326534191889618 1 3 3 0 0 1 3 3 1 0 1 0
0.006326534191889618 1 3 3 0 0 1 3 3 2 0 2 0
0.0009731947069807869 1 3 0 1 0 0 3 1 1 0 0 0
0.0009731947069807869 1 3 0 1 0 0 3 2 2 0 0 0
-0.024938283336202124 1 3 0 2 0 0 3 1 0 2 0 0
0.024938283336202124 1 3 0 2 0 0 3 2 0 1 0 0
-0.02493828333620212 1 0 2 3 0 0 1 0 3 2 0 0
0.02493828333620212 1 0 2 3 0 0 2 0 3 1 0 0
-0.0877009694833978 1 0 2 0 0 0 1 0 2 0 0 0
0.0877009694833978 1 0 2 0 0 0 2 0 1 0 0 0
-0.02493828333620212 1 0 0 1 0 0 1 0 1 0 0 0
-0.02493828333620212 1 0 0 1 0 0 2 0 2 0 0 0
-0.014383608020812191 1 0 0 2 0 0 1 0 0 2 0 0
0.014383608020812191 1 0 0 2 0 0 2 0 0 1 0 0
-0.006712291258295706 1 0 0 0 2 0 1 0 0 0 2 0
0.006712291258295706 1 0 0 0 2 0 2 0 0 0 1 0
-0.006786142498203702 1 0 0 0 0 2 1 0 0 0 0 2
0.006786142498203702 1 0 0 0 0 2 2 0 0 0 0 1
0.07526375087654713 2 1 1 2 0 0 3 0 3 0 0 0
0.00670961553391604 2 1 0 0 0 0 1 2 0 0 0 0
-0.00670961553391604 2 1 0 0 0 0 2 1 0 0 0 0
-0.06871993432618516 2 2 1 1 0 0 3 0 3 0 0 0
0.006543816550361994 2 2 2 2 0 0 3 0 3 0 0 0
-0.021148683080061677 2 2 3 0 0 0 3 0 0 0 0 0
0.021148683080061723 2 2 0 3 0 0 3 0 0 0 0 0
0.005570621843381205 2 2 0 3 0 0 3 0 1 1 0 0
0.005570621843381205 2 2 0 3 0 0 3 0 2 2 0 0
0.0037896002561404697 2 2 0 0 0 0 3 0 3 0 0 0
-0.003789600256140401 2 2 0 0 0 0 3 0 0 3 0 0
0.07429055616956635 2 3 1 3 0 0 3 1 3 2 0 0
-0.07429055616956635 2 3 1 3 0 0 3 2 3 1 0 0
-0.0001220868349751179 2 3 1 0 1 2 3 3 0 0 3 0
-0.024938283336202148 2 3 1 0 0 0 3 1 2 0 0 0
0.024938283336202148 2 3 1 0 0 0 3 2 1 0 0 0
-0.0706846140533454 2 3 2 0 1 1 3 3 0 0 3 0
-0.07080670088832051 2 3 2 0 2 2 3 3 0 0 3 0
-0.07713323508021014 2 3 2 0 0 3 3 3 0 0 1 1
-0.07713323508021014 2 3 2 0 0 3 3 3 0 0 2 2
-3.7590066146451595e-05 2 3 3 1 1 2 3 3 3 0 3 0
-0.02176352035289529 2 3 3 2 1 1 3 3 3 0 3 0
-0.021801110419041744 2 3 3 2 2 2 3 3 3 0 3 0
-0.02374902592360353 2 3 3 2 0 3 3 3 3 0 1 1
-0.02374902592360353 2 3 3 2 0 3 3 3 3 0 2 2
-0.00198550557070824 2 3 3 3 1 3 3 3 3 1 3 2
0.00198550557070824 2 3 3 3 1 3 3 3 3 2 3 1
0.0019479155045617883 2 3 3 3 0 2 3 3 3 1 1 0
0.0019479155045617883 2 3 3 3 0 2 3 3 3 2 2 0
-0.006448621026864741 2 3 3 0 1 3 3 3 1 0 3 2
0.006448621026864741 2 3 3 0 1 3 3 3 2 0 3 1
0.006326534191889618 2 3 3 0 0 2 3 3 1 0 1 0
0.006326534191889618 2 3 3 0 0 2 3 3 2 0 2 0
0.024938283336202124 2 3 0 1 0 0 3 1 0 2 0 0
-0.024938283336202124 2 3 0 1 0 0 3 2 0 1 0 0
0.0009731947069807869 2 3 0 2 0 0 3 1 1 0 0 0
0.0009731947069807869 2 3 0 2 0 0 3 2 2 0 0 0
0.02493828333620212 2 0 1 3 0 0 1 0 3 2 0 0
-0.02493828333620212 2 0 1 3 0 0 2 0 3 1 0 0
0.0877009694833978 2 0 1 0 0 0 1 0 2 0 0 0
-0.0877009694833978 2 0 1 0 0 0 2 0 1 0 0 0
0.014383608020812191 2 0 0 1 0 0 1 0 0 2 0 0
-0.014383608020812191 2 0 0 1 0 0 2 0 0 1 0 0
-0.02493828333620212 2 0 0 2 0 0 1 0 1 0 0 0
-0.02493828333620212 2 0 0 2 0 0 2 0 2 0 0 0
0.006712291258295706 2 0 0 0 1 0 1 0 0 0 2 0
-0.006712291258295706 2 0 0 0 1 0 2 0 0 0 1 0
0.006786142498203702 2 0 0 0 0 1 1 0 0 0 0 2
-0.006786142498203702 2 0 0 0 0 1 2 0 0 0 0 1
1.1649501616026825 3 0 0 0 0 0 0 0 0 0 0 0
0.13361992432351888 3 3 0 0 0 0 0 0 0 0 0 0
0.021148683080061677 3 0 1 1 0 0 0 0 3 0 0 0
0.021148683080061677 3 0 2 2 0 0 0 0 3 0 0 0
0.06513199046070484 3 0 3 0 0 0 0 0 0 0 0 0
0.127308108236528 3 0 0 3 0 0 0 0 0 0 0 0
-0.00378960025614044 3 0 0 3 0 0 0 0 1 1 0 0
-0.00378960025614044 3 0 0 3 0 0 0 0 2 2 0 0
0.13398044637891124 3 0 0 0 3 0 0 0 0 0 0 0
0.1357654975947956 3 0 0 0 0 3 0 0 0 0 0 0
0.1537487709252671 3 0 0 0 0 0 3 0 0 0 0 0
0.14032953985743493 3 0 0 0 0 0 0 3 0 0 0 0
0.15283295994410265 3 0 0 0 0 0 0 0 3 0 0 0
0.1416917162573402 3 0 0 0 0 0 0 0 0 3 0 0
0.14069273763720697 3 0 0 0 0 0 0 0 0 0 3 0
0.1425516400929993 3 0 0 0 0 0 0 0 0 0 0 3
0.0009731947069807869 0 1 1 3 0 0 1 0 3 1 0 0
0.0009731947069807869 0 1 1 3 0 0 2 0 3 2 0 0
0.02180111041904174 0 1 1 0 1 1 0 3 0 0 3 0
0.021763520352895287 0 1 1 0 2 2 0 3 0 0 3 0
0.023749025923603524 0 1 1 0 0 3 0 3 0 0 1 1
0.023749025923603524 0 1 1 0 0 3 0 3 0 0 2 2
0.02493828333620215 0 1 1 0 0 0 1 0 1 0 0 0
0.02493828333620215 0 1 1 0 0 0 2 0 2 0 0 0
0.024938283336202096 0 1 2 3 0 0 0 1 3 2 0 0
-0.024938283336202096 0 1 2 3 0 0 0 2 3 1 0 0
3.759006614645162e-05 0 1 2 0 2 1 0 3 0 0 3 0
-0.014383608020812193 0 1 2 0 0 0 0 1 2 0 0 0
0.014383608020812193 0 1 2 0 0 0 0 2 1 0 0 0
-0.07080670088832049 0 1 3 1 1 1 0 3 3 0 3 0
-0.07068461405334538 0 1 3 1 2 2 0 3 3 0 3 0
-0.0771332350802101 0 1 3 1 0 3 0 3 3 0 1 1
-0.0771332350802101 0 1 3 1 0 3 0 3 3 0 2 2
-0.00012208683497512386 0 1 3 2 2 1 0 3 3 0 3 0
0.006448621026864736 0 1 3 3 2 3 0 3 3 1 3 2
-0.006448621026864736 0 1 3 3 2 3 0 3 3 2 3 1
0.006326534191889612 0 1 3 3 0 1 0 3 3 1 1 0
0.006326534191889612 0 1 3 3 0 1 0 3 3 2 2 0
-0.00198550557070824 0 1 3 0 2 3 0 3 1 0 3 2
0.00198550557070824 0 1 3 0 2 3 0 3 2 0 3 1
-0.0019479155045617883 0 1 3 0 0 1 0 3 1 0 1 0
-0.0019479155045617883 0 1 3 0 0 1 0 3 2 0 2 0
-0.024938283336202124 0 1 0 1 0 0 1 0 0 1 0 0
-0.024938283336202124 0 1 0 1 0 0 2 0 0 2 0 0
0.0249382833362021 0 1 0 1 0 0 0 1 1 0 0 0
0.0249382833362021 0 1 0 1 0 0 0 2 2 0 0 0
-0.07429055616956635 0 1 0 2 0 0 1 0 2 0 0 0
0.07429055616956635 0 1 0 2 0 0 2 0 1 0 0 0
-0.08770096948339769 0 1 0 2 0 0 0 1 0 2 0 0
0.08770096948339769 0 1 0 2 0 0 0 2 0 1 0 0
-0.006712291258295701 0 1 0 0 2 0 0 1 0 0 2 0
0.006712291258295701 0 1 0 0 2 0 0 2 0 0 1 0
-0.006786142498203696 0 1 0 0 0 2 0 1 0 0 0 2
0.006786142498203696 0 1 0 0 0 2 0 2 0 0 0 1
-0.024938283336202096 0 2 1 3 0 0 0 1 3 2 0 0
0.024938283336202096 0 2 1 3 0 0 0 2 3 1 0 0
3.759006614645162e-05 0 2 1 0 1 2 0 3 0 0 3 0
0.014383608020812193 0 2 1 0 0 0 0 1 2 0 0 0
-0.014383608020812193 0 2 1 0 0 0 0 2 1 0 0 0
0.0009731947069807869 0 2 2 3 0 0 1 0 3 1 0 0
0.0009731947069807869 0 2 2 3 0 0 2 0 3 2 0 0
0.021763520352895287 0 2 2 0 1 1 0 3 0 0 3 0
0.02180111041904174 0 2 2 0 2 2 0 3 0 0 3 0
0.023749025923603524 0 2 2 0 0 3 0 3 0 0 1 1
0.023749025923603524 0 2 2 0 0 3 0 3 0 0 2 2
0.02493828333620215 0 2 2 0 0 0 1 0 1 0 0 0
0.02493828333620215 0 2 2 0 0 0 2 0 2 0 0 0
-0.00012208683497512386 0 2 3 1 1 2 0 3 3 0 3 0
-0.07068461405334538 0 2 3 2 1 1 0 3 3 0 3 0
-0.07080670088832049 0 2 3 2 2 2 0 3 3 0 3 0
-0.0771332350802101 0 2 3 2 0 3 0 3 3 0 1 1
-0.0771332350802101 0 2 3 2 0 3 0 3 3 0 2 2
-0.006448621026864736 0 2 3 3 1 3 0 3 3 1 3 2
0.006448621026864736 0 2 3 3 1 3 0 3 3 2 3 1
0.006326534191889612 0 2 3 3 0 2 0 3 3 1 1 0
0.006326534191889612 0 2 3 3 0 2 0 3 3 2 2 0
0.00198550557070824 0 2 3 0 1 3 0 3 1 0 3 2
-0.00198550557070824 0 2 3 0 1 3 0 3 2 0 3 1
-0.0019479155045617883 0 2 3 0 0 2 0 3 1 0 1 0
-0.0019479155045617883 0 2 3 0 0 2 0 3 2 0 2 0
0.07429055616956635 0 2 0 1 0 0 1 0 2 0 0 0
-0.07429055616956635 0 2 0 1 0 0 2 0 1 0 0 0
0.08770096948339769 0 2 0 1 0 0 0 1 0 2 0 0
-0.08770096948339769 0 2 0 1 0 0 0 2 0 1 0 0
-0.024938283336202124 0 2 0 2 0 0 1 0 0 1 0 0
-0.024938283336202124 0 2 0 2 0 0 2 0 0 2 0 0
0.0249382833362021 0 2 0 2 0 0 0 1 1 0 0 0
0.0249382833362021 0 2 0 2 0 0 0 2 2 0 0 0
0.006712291258295701 0 2 0 0 1 0 0 1 0 0 2 0
-0.006712291258295701 0 2 0 0 1 0 0 2 0 0 1 0
0.006786142498203696 0 2 0 0 0 1 0 1 0 0 0 2
-0.006786142498203696 0 2 0 0 0 1 0 2 0 0 0 1
1.1649501616026818 0 3 0 0 0 0 0 0 0 0 0 0
0.005570621843381205 0 3 1 1 0 0 1 1 3 0 0 0
0.005570621843381205 0 3 1 1 0 0 2 2 3 0 0 0
-0.021148683080061716 0 3 1 1 0 0 0 0 3 0 0 0
0.006326534191889618 0 3 1 0 1 3 1 3 0 0 3 1
0.006326534191889618 0 3 1 0 1 3 2 3 0 0 3 2
0.006448621026864741 0 3 1 0 0 2 1 3 0 0 2 0
-0.006448621026864741 0 3 1 0 0 2 2 3 0 0 1 0
0.005570621843381205 0 3 2 2 0 0 1 1 3 0 0 0
0.005570621843381205 0 3 2 2 0 0 2 2 3 0 0 0
-0.021148683080061716 0 3 2 2 0 0 0 0 3 0 0 0
0.006326534191889618 0 3 2 0 2 3 1 3 0 0 3 1
0.006326534191889618 0 3 2 0 2 3 2 3 0 0 3 2
-0.006448621026864741 0 3 2 0 0 1 1 3 0 0 2 0
0.006448621026864741 0 3 2 0 0 1 2 3 0 0 1 0
0.12730810823652794 0 3 3 0 0 0 0 0 0 0 0 0
0.0019479155045617883 0 3 3 1 1 3 1 3 3 0 3 1
0.0019479155045617883 0 3 3 1 1 3 2 3 3 0 3 2
0.00198550557070824 0 3 3 1 0 2 1 3 3 0 2 0
-0.00198550557070824 0 3 3 1 0 2 2 3 3 0 1 0
0.0019479155045617883 0 3 3 2 2 3 1 3 3 0 3 1
0.0019479155045617883 0 3 3 2 2 3 2 3 3 0 3 2
-0.00198550557070824 0 3 3 2 0 1 1 3 3 0 2 0
0.00198550557070824 0 3 3 2 0 1 2 3 3 0 1 0
-0.02374902592360353 0 3 3 3 1 1 1 3 3 1 3 0
-0.02374902592360353 0 3 3 3 1 1 2 3 3 2 3 0
-0.02374902592360353 0 3 3 3 2 2 1 3 3 1 3 0
-0.02374902592360353 0 3 3 3 2 2 2 3 3 2 3 0
-0.021801110419041744 0 3 3 3 0 3 1 3 3 1 1 1
-0.02176352035289529 0 3 3 3 0 3 1 3 3 1 2 2
-3.7590066146451595e-05 0 3 3 3 0 3 1 3 3 2 2 1
-3.7590066146451595e-05 0 3 3 3 0 3 2 3 3 1 1 2
-0.02176352035289529 0 3 3 3 0 3 2 3 3 2 1 1
-0.021801110419041744 0 3 3 3 0 3 2 3 3 2 2 2
-0.07713323508021014 0 3 3 0 1 1 1 3 1 0 3 0
-0.07713323508021014 0 3 3 0 1 1 2 3 2 0 3 0
-0.07713323508021014 0 3 3 0 2 2 1 3 1 0 3 0
-0.07713323508021014 0 3 3 0 2 2 2 3 2 0 3 0
-0.07080670088832051 0 3 3 0 0 3 1 3 1 0 1 1
-0.0706846140533454 0 3 3 0 0 3 1 3 1 0 2 2
-0.0001220868349751179 0 3 3 0 0 3 1 3 2 0 2 1
-0.0001220868349751179 0 3 3 0 0 3 2 3 1 0 1 2
-0.0706846140533454 0 3 3 0 0 3 2 3 2 0 1 1
-0.07080670088832051 0 3 3 0 0 3 2 3 2 0 2 2
0.0037896002561404697 0 3 3 0 0 0 1 1 0 0 0 0
0.0037896002561404697 0 3 3 0 0 0 2 2 0 0 0 0
0.0651319904607048 0 3 0 3 0 0 0 0 0 0 0 0
-0.003789600256140401 0 3 0 3 0 0 1 1 0 0 0 0
0.006543816550361994 0 3 0 3 0 0 1 1 1 1 0 0
-0.06871993432618516 0 3 0 3 0 0 1 1 2 2 0 0
0.07526375087654713 0 3 0 3 0 0 1 2 2 1 0 0
0.07526375087654713 0 3 0 3 0 0 2 1 1 2 0 0
-0.003789600256140401 0 3 0 3 0 0 2 2 0 0 0 0
-0.06871993432618516 0 3 0 3 0 0 2 2 1 1 0 0
0.006543816550361994 0 3 0 3 0 0 2 2 2 2 0 0
0.0037896002561403803 0 3 0 3 0 0 0 0 1 1 0 0
0.0037896002561403803 0 3 0 3 0 0 0 0 2 2 0 0
0.13398044637891118 0 3 0 0 3 0 0 0 0 0 0 0
0.13576549759479553 0 3 0 0 0 3 0 0 0 0 0 0
-0.021148683080061677 0 3 0 0 0 0 1 1 3 0 0 0
0.021148683080061723 0 3 0 0 0 0 1 1 0 3 0 0
-0.021148683080061677 0 3 0 0 0 0 2 2 3 0 0 0
0.021148683080061723 0 3 0 0 0 0 2 2 0 3 0 0
0.14032953985743493 0 3 0 0 0 0 3 0 0 0 0 0
0.15374877092526684 0 3 0 0 0 0 0 3 0 0 0 0
0.14169171625734012 0 3 0 0 0 0 0 0 3 0 0 0
0.1528329599441025 0 3 0 0 0 0 0 0 0 3 0 0
0.14069273763720688 0 3 0 0 0 0 0 0 0 0 3 0
0.14255164009299925 0 3 0 0 0 0 0 0 0 0 0 3
-0.00378960025614044 0 0 1 1 0 0 3 0 3 0 0 0
0.0037896002561403803 0 0 1 1 0 0 0 3 3 0 0 0
-0.006765607159136413 0 0 1 2 0 0 0 0 1 2 0 0
0.006765607159136413 0 0 1 2 0 0 0 0 2 1 0 0
-0.0019479155045617883 0 0 1 0 1 3 0 1 0 0 3 1
-0.0019479155045617883 0 0 1 0 1 3 0 2 0 0 3 2
-0.0065983091890268126 0 0 1 0 2 0 0 0 1 0 2 0
0.0065983091890268126 0 0 1 0 2 0 0 0 2 0 1 0
-0.00198550557070824 0 0 1 0 0 2 0 1 0 0 2 0
0.00198550557070824 0 0 1 0 0 2 0 2 0 0 1 0
-0.006923391944910964 0 0 1 0 0 2 0 0 1 0 0 2
0.006923391944910964 0 0 1 0 0 2 0 0 2 0 0 1
0.006765607159136413 0 0 2 1 0 0 0 0 1 2 0 0
-0.006765607159136413 0 0 2 1 0 0 0 0 2 1 0 0
-0.00378960025614044 0 0 2 2 0 0 3 0 3 0 0 0
0.0037896002561403803 0 0 2 2 0 0 0 3 3 0 0 0
0.0065983091890268126 0 0 2 0 1 0 0 0 1 0 2 0
-0.0065983091890268126 0 0 2 0 1 0 0 0 2 0 1 0
-0.0019479155045617883 0 0 2 0 2 3 0 1 0 0 3 1
-0.0019479155045617883 0 0 2 0 2 3 0 2 0 0 3 2
0.00198550557070824 0 0 2 0 0 1 0 1 0 0 2 0
-0.00198550557070824 0 0 2 0 0 1 0 2 0 0 1 0
0.006923391944910964 0 0 2 0 0 1 0 0 1 0 0 2
-0.006923391944910964 0 0 2 0 0 1 0 0 2 0 0 1
1.161249067973637 0 0 3 0 0 0 0 0 0 0 0 0
0.006326534191889612 0 0 3 1 1 3 0 1 3 0 3 1
0.006326534191889612 0 0 3 1 1 3 0 2 3 0 3 2
0.006448621026864736 0 0 3 1 0 2 0 1 3 0 2 0
-0.006448621026864736 0 0 3 1 0 2 0 2 3 0 1 0
0.006326534191889612 0 0 3 2 2 3 0 1 3 0 3 1
0.006326534191889612 0 0 3 2 2 3 0 2 3 0 3 2
-0.006448621026864736 0 0 3 2 0 1 0 1 3 0 2 0
0.006448621026864736 0 0 3 2 0 1 0 2 3 0 1 0
0.13395691117404115 0 0 3 3 0 0 0 0 0 0 0 0
-0.0771332350802101 0 0 3 3 1 1 0 1 3 1 3 0
-0.0771332350802101 0 0 3 3 1 1 0 2 3 2 3 0
-0.0771332350802101 0 0 3 3 2 2 0 1 3 1 3 0
-0.0771332350802101 0 0 3 3 2 2 0 2 3 2 3 0
-0.07080670088832049 0 0 3 3 0 3 0 1 3 1 1 1
-0.07068461405334538 0 0 3 3 0 3 0 1 3 1 2 2
-0.00012208683497512386 0 0 3 3 0 3 0 1 3 2 2 1
-0.00012208683497512386 0 0 3 3 0 3 0 2 3 1 1 2
-0.07068461405334538 0 0 3 3 0 3 0 2 3 2 1 1
-0.07080670088832049 0 0 3 3 0 3 0 2 3 2 2 2
0.023749025923603524 0 0 3 0 1 1 0 1 1 0 3 0
0.023749025923603524 0 0 3 0 1 1 0 2 2 0 3 0
0.023749025923603524 0 0 3 0 2 2 0 1 1 0 3 0
0.023749025923603524 0 0 3 0 2 2 0 2 2 0 3 0
0.13424975261775932 0 0 3 0 3 0 0 0 0 0 0 0
0.13578787627588712 0 0 3 0 0 3 0 0 0 0 0 0
0.02180111041904174 0 0 3 0 0 3 0 1 1 0 1 1
0.021763520352895287 0 0 3 0 0 3 0 1 1 0 2 2
3.759006614645162e-05 0 0 3 0 0 3 0 1 2 0 2 1
3.759006614645162e-05 0 0 3 0 0 3 0 2 1 0 1 2
0.021763520352895287 0 0 3 0 0 3 0 2 2 0 1 1
0.02180111041904174 0 0 3 0 0 3 0 2 2 0 2 2
0.15283295994410265 0 0 3 0 0 0 3 0 0 0 0 0
0.14169171625734012 0 0 3 0 0 0 0 3 0 0 0 0
0.1542537326514505 0 0 3 0 0 0 0 0 3 0 0 0
0.14072251833317756 0 0 3 0 0 0 0 0 0 3 0 0
0.14084806180678613 0 0 3 0 0 0 0 0 0 0 3 0
0.14271126822079808 0 0 3 0 0 0 0 0 0 0 0 3
-0.006598309189026811 0 0 0 1 2 0 0 0 0 1 2 0
0.006598309189026811 0 0 0 1 2 0 0 0 0 2 1 0
-0.006923391944910963 0 0 0 1 0 2 0 0 0 1 0 2
0.006923391944910963 0 0 0 1 0 2 0 0 0 2 0 1
0.006598309189026811 0 0 0 2 1 0 0 0 0 1 2 0
-0.006598309189026811 0 0 0 2 1 0 0 0 0 2 1 0
0.006923391944910963 0 0 0 2 0 1 0 0 0 1 0 2
-0.006923391944910963 0 0 0 2 0 1 0 0 0 2 0 1
1.1612490679736371 0 0 0 3 0 0 0 0 0 0 0 0
0.1342497526177593 0 0 0 3 3 0 0 0 0 0 0 0
0.1357878762758871 0 0 0 3 0 3 0 0 0 0 0 0
0.1416917162573402 0 0 0 3 0 0 3 0 0 0 0 0
0.021148683080061677 0 0 0 3 0 0 3 0 1 1 0 0
0.021148683080061677 0 0 0 3 0 0 3 0 2 2 0 0
0.1528329599441025 0 0 0 3 0 0 0 3 0 0 0 0
-0.021148683080061716 0 0 0 3 0 0 0 3 1 1 0 0
-0.021148683080061716 0 0 0 3 0 0 0 3 2 2 0 0
0.14072251833317756 0 0 0 3 0 0 0 0 3 0 0 0
0.1542537326514504 0 0 0 3 0 0 0 0 0 3 0 0
0.1408480618067861 0 0 0 3 0 0 0 0 0 0 3 0
0.14271126822079805 0 0 0 3 0 0 0 0 0 0 0 3
-0.09261898797404247 0 0 0 0 1 2 0 0 0 0 1 2
0.09261898797404247 0 0 0 0 1 2 0 0 0 0 2 1
0.09261898797404247 0 0 0 0 2 1 0 0 0 0 1 2
-0.09261898797404247 0 0 0 0 2 1 0 0 0 0 2 1
1.1841889821965899 0 0 0 0 3 0 0 0 0 0 0 0
0.06380867029739992 0 0 0 0 3 3 0 0 0 0 0 0
0.14069273763720697 0 0 0 0 3 0 3 0 0 0 0 0
0.14069273763720688 0 0 0 0 3 0 0 3 0 0 0 0
0.14084806180678613 0 0 0 0 3 0 0 0 3 0 0 0
0.1408480618067861 0 0 0 0 3 0 0 0 0 3 0 0
0.15469036606617423 0 0 0 0 3 0 0 0 0 0 3 0
0.15642765827144242 0 0 0 0 3 0 0 0 0 0 0 3
1.1611118793147719 0 0 0 0 0 3 0 0 0 0 0 0
0.1425516400929993 0 0 0 0 0 3 3 0 0 0 0 0
0.14255164009299925 0 0 0 0 0 3 0 3 0 0 0 0
0.14271126822079808 0 0 0 0 0 3 0 0 3 0 0 0
0.14271126822079805 0 0 0 0 0 3 0 0 0 3 0 0
0.15642765827144242 0 0 0 0 0 3 0 0 0 0 3 0
0.15866276676760502 0 0 0 0 0 3 0 0 0 0 0 3
1.1649501616026825 0 0 0 0 0 0 3 0 0 0 0 0
0.13361992432351888 0 0 0 0 0 0 3 3 0 0 0 0
0.06513199046070484 0 0 0 0 0 0 3 0 3 0 0 0
0.127308108236528 0 0 0 0 0 0 3 0 0 3 0 0
0.13398044637891124 0 0 0 0 0 0 3 0 0 0 3 0
0.1357654975947956 0 0 0 0 0 0 3 0 0 0 0 3
1.1649501616026814 0 0 0 0 0 0 0 3 0 0 0 0
0.12730810823652794 0 0 0 0 0 0 0 3 3 0 0 0
0.0651319904607048 0 0 0 0 0 0 0 3 0 3 0 0
0.13398044637891118 0 0 0 0 0 0 0 3 0 0 3 0
0.13576549759479553 0 0 0 0 0 0 0 3 0 0 0 3
1.161249067973637 0 0 0 0 0 0 0 0 3 0 0 0
0.13395691117404115 0 0 0 0 0 0 0 0 3 3 0 0
0.13424975261775932 0 0 0 0 0 0 0 0 3 0 3 0
0.13578787627588712 0 0 0 0 0 0 0 0 3 0 0 3
1.1612490679736376 0 0 0 0 0 0 0 0 0 3 0 0
0.1342497526177593 0 0 0 0 0 0 0 0 0 3 3 0
0.1357878762758871 0 0 0 0 0 0 0 0 0 3 0 3
1.1841889821965896 0 0 0 0 0 0 0 0 0 0 3 0
0.06380867029739992 0 0 0 0 0 0 0 0 0 0 3 3
1.1611118793147719 0 0 0 0 0 0 0 0 0 0 0 3
