-189.72557306884843 0 0 0 0 0 0 0 0 0 0 0 0
9.75111252404751e-05 1 1 1 1 0 0 3 0 3 0 0 0
-0.0724282839135523 1 1 2 2 0 0 3 0 3 0 0 0
-0.0018237174870121683 1 1 3 0 0 0 3 0 0 0 0 0
0.0018237174870121059 1 1 0 3 0 0 3 0 0 0 0 0
0.006738617383579777 1 1 0 3 0 0 3 0 1 1 0 0
0.006738617383579777 1 1 0 3 0 0 3 0 2 2 0 0
0.000339809292420644 1 1 0 0 0 0 3 0 3 0 0 0
-0.0003398092924207179 1 1 0 0 0 0 3 0 0 3 0 0
0.07252579503879275 1 2 2 1 0 0 3 0 3 0 0 0
-0.006691640261685157 1 2 0 0 0 0 1 2 0 0 0 0
0.006691640261685157 1 2 0 0 0 0 2 1 0 0 0 0
-0.07092507464142063 1 3 1 0 1 1 3 3 0 0 3 0
-0.07072293021071822 1 3 1 0 2 2 3 3 0 0 3 0
-0.07745265232190157 1 3 1 0 0 3 3 3 0 0 1 1
-0.07745265232190157 1 3 1 0 0 3 3 3 0 0 2 2
-0.07916690129713207 1 3 2 3 0 0 3 1 3 2 0 0
0.07916690129713207 1 3 2 3 0 0 3 2 3 1 0 0
-0.00020214443070239608 1 3 2 0 2 1 3 3 0 0 3 0
0.002163526779432812 1 3 2 0 0 0 3 1 2 0 0 0
-0.002163526779432812 1 3 2 0 0 0 3 2 1 0 0 0
-0.0017871394021120057 1 3 3 1 1 1 3 3 3 0 3 0
-0.0017820458540424105 1 3 3 1 2 2 3 3 3 0 3 0
-0.001951618485597124 1 3 3 1 0 3 3 3 3 0 1 1
-0.001951618485597124 1 3 3 1 0 3 3 3 3 0 2 2
-5.093548069596028e-06 1 3 3 2 2 1 3 3 3 0 3 0
0.00016957263155471369 1 3 3 3 2 3 3 3 3 1 3 2
-0.00016957263155471369 1 3 3 3 2 3 3 3 3 2 3 1
0.00016447908348511764 1 3 3 3 0 1 3 3 3 1 1 0
0.00016447908348511764 1 3 3 3 0 1 3 3 3 2 2 0
0.006729722111183354 1 3 3 0 2 3 3 3 1 0 3 2
-0.006729722111183354 1 3 3 0 2 3 3 3 2 0 3 1
0.006527577680480956 1 3 3 0 0 1 3 3 1 0 1 0
0.006527577680480956 1 3 3 0 0 1 3 3 2 0 2 0
-0.006641106258339307 1 3 0 1 0 0 3 1 1 0 0 0
-0.006641106258339307 1 3 0 1 0 0 3 2 2 0 0 0
-0.0021635267794328237 1 3 0 2 0 0 3 1 0 2 0 0
0.0021635267794328237 1 3 0 2 0 0 3 2 0 1 0 0
-0.0021635267794328024 1 0 2 3 0 0 1 0 3 2 0 0
0.0021635267794328024 1 0 2 3 0 0 2 0 3 1 0 0
-0.09255814504076668 1 0 2 0 0 0 1 0 2 0 0 0
0.09255814504076668 1 0 2 0 0 0 2 0 1 0 0 0
-0.0021635267794328024 1 0 0 1 0 0 1 0 1 0 0 0
-0.0021635267794328024 1 0 0 1 0 0 2 0 2 0 0 0
-0.006750137485295273 1 0 0 2 0 0 1 0 0 2 0 0
0.006750137485295273 1 0 0 2 0 0 2 0 0 1 0 0
-0.006740473905634007 1 0 0 0 2 0 1 0 0 0 2 0
0.006740473905634007 1 0 0 0 2 0 2 0 0 0 1 0
-0.006860679772805931 1 0 0 0 0 2 1 0 0 0 0 2
0.006860679772805931 1 0 0 0 0 2 2 0 0 0 0 1
0.07252579503879275 2 1 1 2 0 0 3 0 3 0 0 0
0.006691640261685157 2 1 0 0 0 0 1 2 0 0 0 0
-0.006691640261685157 2 1 0 0 0 0 2 1 0 0 0 0
-0.0724282839135523 2 2 1 1 0 0 3 0 3 0 0 0
9.75111252404751e-05 2 2 2 2 0 0 3 0 3 0 0 0
-0.0018237174870121683 2 2 3 0 0 0 3 0 0 0 0 0
0.0018237174870121059 2 2 0 3 0 0 3 0 0 0 0 0
0.006738617383579777 2 2 0 3 0 0 3 0 1 1 0 0
0.006738617383579777 2 2 0 3 0 0 3 0 2 2 0 0
0.000339809292420644 2 2 0 0 0 0 3 0 3 0 0 0
-0.0003398092924207179 2 2 0 0 0 0 3 0 0 3 0 0
0.07916690129713207 2 3 1 3 0 0 3 1 3 2 0 0
-0.07916690129713207 2 3 1 3 0 0 3 2 3 1 0 0
-0.00020214443070239608 2 3 1 0 1 2 3 3 0 0 3 0
-0.002163526779432812 2 3 1 0 0 0 3 1 2 0 0 0
0.002163526779432812 2 3 1 0 0 0 3 2 1 0 0 0
-0.07072293021071822 2 3 2 0 1 1 3 3 0 0 3 0
-0.07092507464142063 2 3 2 0 2 2 3 3 0 0 3 0
-0.07745265232190157 2 3 2 0 0 3 3 3 0 0 1 1
-0.07745265232190157 2 3 2 0 0 3 3 3 0 0 2 2
-5.093548069596028e-06 2 3 3 1 1 2 3 3 3 0 3 0
-0.0017820458540424105 2 3 3 2 1 1 3 3 3 0 3 0
-0.0017871394021120057 2 3 3 2 2 2 3 3 3 0 3 0
-0.001951618485597124 2 3 3 2 0 3 3 3 3 0 1 1
-0.001951618485597124 2 3 3 2 0 3 3 3 3 0 2 2
-0.00016957263155471369 2 3 3 3 1 3 3 3 3 1 3 2
0.00016957263155471369 2 3 3 3 1 3 3 3 3 2 3 1
0.00016447908348511764 2 3 3 3 0 2 3 3 3 1 1 0
0.00016447908348511764 2 3 3 3 0 2 3 3 3 2 2 0
-0.006729722111183354 2 3 3 0 1 3 3 3 1 0 3 2
0.006729722111183354 2 3 3 0 1 3 3 3 2 0 3 1
0.006527577680480956 2 3 3 0 0 2 3 3 1 0 1 0
0.006527577680480956 2 3 3 0 0 2 3 3 2 0 2 0
0.0021635267794328237 2 3 0 1 0 0 3 1 0 2 0 0
-0.0021635267794328237 2 3 0 1 0 0 3 2 0 1 0 0
-0.006641106258339307 2 3 0 2 0 0 3 1 1 0 0 0
-0.006641106258339307 2 3 0 2 0 0 3 2 2 0 0 0
0.0021635267794328024 2 0 1 3 0 0 1 0 3 2 0 0
-0.0021635267794328024 2 0 1 3 0 0 2 0 3 1 0 0
0.09255814504076668 2 0 1 0 0 0 1 0 2 0 0 0
-0.09255814504076668 2 0 1 0 0 0 2 0 1 0 0 0
0.006750137485295273 2 0 0 1 0 0 1 0 0 2 0 0
-0.006750137485295273 2 0 0 1 0 0 2 0 0 1 0 0
-0.0021635267794328024 2 0 0 2 0 0 1 0 1 0 0 0
-0.0021635267794328024 2 0 0 2 0 0 2 0 2 0 0 0
0.006740473905634007 2 0 0 0 1 0 1 0 0 0 2 0
-0.006740473905634007 2 0 0 0 1 0 2 0 0 0 1 0
0.006860679772805931 2 0 0 0 0 1 1 0 0 0 0 2
-0.006860679772805931 2 0 0 0 0 1 2 0 0 0 0 1
1.189714414915052 3 0 0 0 0 0 0 0 0 0 0 0
0.13620671287899563 3 3 0 0 0 0 0 0 0 0 0 0
0.0018237174870121577 3 0 1 1 0 0 0 0 3 0 0 0
0.0018237174870121577 3 0 2 2 0 0 0 0 3 0 0 0
0.0642027382694488 3 0 3 0 0 0 0 0 0 0 0 0
0.1365335110577606 3 0 0 3 0 0 0 0 0 0 0 0
-0.0003398092924206449 3 0 0 3 0 0 0 0 1 1 0 0
-0.0003398092924206449 3 0 0 3 0 0 0 0 2 2 0 0
0.13650201709914114 3 0 0 0 3 0 0 0 0 0 0 0
0.1393855218647591 3 0 0 0 0 3 0 0 0 0 0 0
0.1562816336640511 3 0 0 0 0 0 3 0 0 0 0 0
0.1428983531406808 3 0 0 0 0 0 0 3 0 0 0 0
0.1567608833102155 3 0 0 0 0 0 0 0 3 0 0 0
0.14328364854305586 3 0 0 0 0 0 0 0 0 3 0 0
0.14324249100477515 3 0 0 0 0 0 0 0 0 0 3 0
0.14624620163756505 3 0 0 0 0 0 0 0 0 0 0 3
-0.006641106258339307 0 1 1 3 0 0 1 0 3 1 0 0
-0.006641106258339307 0 1 1 3 0 0 2 0 3 2 0 0
0.0017871394021120029 0 1 1 0 1 1 0 3 0 0 3 0
0.0017820458540424068 0 1 1 0 2 2 0 3 0 0 3 0
0.0019516184855971198 0 1 1 0 0 3 0 3 0 0 1 1
0.0019516184855971198 0 1 1 0 0 3 0 3 0 0 2 2
0.002163526779432812 0 1 1 0 0 0 1 0 1 0 0 0
0.002163526779432812 0 1 1 0 0 0 2 0 2 0 0 0
0.0021635267794327976 0 1 2 3 0 0 0 1 3 2 0 0
-0.0021635267794327976 0 1 2 3 0 0 0 2 3 1 0 0
5.093548069595855e-06 0 1 2 0 2 1 0 3 0 0 3 0
-0.006750137485295278 0 1 2 0 0 0 0 1 2 0 0 0
0.006750137485295278 0 1 2 0 0 0 0 2 1 0 0 0
-0.07092507464142063 0 1 3 1 1 1 0 3 3 0 3 0
-0.07072293021071822 0 1 3 1 2 2 0 3 3 0 3 0
-0.07745265232190157 0 1 3 1 0 3 0 3 3 0 1 1
-0.07745265232190157 0 1 3 1 0 3 0 3 3 0 2 2
-0.00020214443070239987 0 1 3 2 2 1 0 3 3 0 3 0
0.006729722111183355 0 1 3 3 2 3 0 3 3 1 3 2
-0.006729722111183355 0 1 3 3 2 3 0 3 3 2 3 1
0.006527577680480955 0 1 3 3 0 1 0 3 3 1 1 0
0.006527577680480955 0 1 3 3 0 1 0 3 3 2 2 0
-0.00016957263155471298 0 1 3 0 2 3 0 3 1 0 3 2
0.00016957263155471298 0 1 3 0 2 3 0 3 2 0 3 1
-0.00016447908348511708 0 1 3 0 0 1 0 3 1 0 1 0
-0.00016447908348511708 0 1 3 0 0 1 0 3 2 0 2 0
-0.0021635267794328237 0 1 0 1 0 0 1 0 0 1 0 0
-0.0021635267794328237 0 1 0 1 0 0 2 0 0 2 0 0
0.0021635267794327976 0 1 0 1 0 0 0 1 1 0 0 0
0.0021635267794327976 0 1 0 1 0 0 0 2 2 0 0 0
-0.07916690129713207 0 1 0 2 0 0 1 0 2 0 0 0
0.07916690129713207 0 1 0 2 0 0 2 0 1 0 0 0
-0.09255814504076673 0 1 0 2 0 0 0 1 0 2 0 0
0.09255814504076673 0 1 0 2 0 0 0 2 0 1 0 0
-0.006740473905634009 0 1 0 0 2 0 0 1 0 0 2 0
0.006740473905634009 0 1 0 0 2 0 0 2 0 0 1 0
-0.006860679772805933 0 1 0 0 0 2 0 1 0 0 0 2
0.006860679772805933 0 1 0 0 0 2 0 2 0 0 0 1
-0.0021635267794327976 0 2 1 3 0 0 0 1 3 2 0 0
0.0021635267794327976 0 2 1 3 0 0 0 2 3 1 0 0
5.093548069595855e-06 0 2 1 0 1 2 0 3 0 0 3 0
0.006750137485295278 0 2 1 0 0 0 0 1 2 0 0 0
-0.006750137485295278 0 2 1 0 0 0 0 2 1 0 0 0
-0.006641106258339307 0 2 2 3 0 0 1 0 3 1 0 0
-0.006641106258339307 0 2 2 3 0 0 2 0 3 2 0 0
0.0017820458540424068 0 2 2 0 1 1 0 3 0 0 3 0
0.0017871394021120029 0 2 2 0 2 2 0 3 0 0 3 0
0.0019516184855971198 0 2 2 0 0 3 0 3 0 0 1 1
0.0019516184855971198 0 2 2 0 0 3 0 3 0 0 2 2
0.002163526779432812 0 2 2 0 0 0 1 0 1 0 0 0
0.002163526779432812 0 2 2 0 0 0 2 0 2 0 0 0
-0.00020214443070239987 0 2 3 1 1 2 0 3 3 0 3 0
-0.07072293021071822 0 2 3 2 1 1 0 3 3 0 3 0
-0.07092507464142063 0 2 3 2 2 2 0 3 3 0 3 0
-0.07745265232190157 0 2 3 2 0 3 0 3 3 0 1 1
-0.07745265232190157 0 2 3 2 0 3 0 3 3 0 2 2
-0.006729722111183355 0 2 3 3 1 3 0 3 3 1 3 2
0.006729722111183355 0 2 3 3 1 3 0 3 3 2 3 1
0.006527577680480955 0 2 3 3 0 2 0 3 3 1 1 0
0.006527577680480955 0 2 3 3 0 2 0 3 3 2 2 0
0.00016957263155471298 0 2 3 0 1 3 0 3 1 0 3 2
-0.00016957263155471298 0 2 3 0 1 3 0 3 2 0 3 1
-0.00016447908348511708 0 2 3 0 0 2 0 3 1 0 1 0
-0.00016447908348511708 0 2 3 0 0 2 0 3 2 0 2 0
0.07916690129713207 0 2 0 1 0 0 1 0 2 0 0 0
-0.07916690129713207 0 2 0 1 0 0 2 0 1 0 0 0
0.09255814504076673 0 2 0 1 0 0 0 1 0 2 0 0
-0.09255814504076673 0 2 0 1 0 0 0 2 0 1 0 0
-0.0021635267794328237 0 2 0 2 0 0 1 0 0 1 0 0
-0.0021635267794328237 0 2 0 2 0 0 2 0 0 2 0 0
0.0021635267794327976 0 2 0 2 0 0 0 1 1 0 0 0
0.0021635267794327976 0 2 0 2 0 0 0 2 2 0 0 0
0.006740473905634009 0 2 0 0 1 0 0 1 0 0 2 0
-0.006740473905634009 0 2 0 0 1 0 0 2 0 0 1 0
0.006860679772805933 0 2 0 0 0 1 0 1 0 0 0 2
-0.006860679772805933 0 2 0 0 0 1 0 2 0 0 0 1
1.1897144149150527 0 3 0 0 0 0 0 0 0 0 0 0
0.006738617383579777 0 3 1 1 0 0 1 1 3 0 0 0
0.006738617383579777 0 3 1 1 0 0 2 2 3 0 0 0
-0.0018237174870121063 0 3 1 1 0 0 0 0 3 0 0 0
0.006527577680480956 0 3 1 0 1 3 1 3 0 0 3 1
0.006527577680480956 0 3 1 0 1 3 2 3 0 0 3 2
0.006729722111183354 0 3 1 0 0 2 1 3 0 0 2 0
-0.006729722111183354 0 3 1 0 0 2 2 3 0 0 1 0
0.006738617383579777 0 3 2 2 0 0 1 1 3 0 0 0
0.006738617383579777 0 3 2 2 0 0 2 2 3 0 0 0
-0.0018237174870121063 0 3 2 2 0 0 0 0 3 0 0 0
0.006527577680480956 0 3 2 0 2 3 1 3 0 0 3 1
0.006527577680480956 0 3 2 0 2 3 2 3 0 0 3 2
-0.006729722111183354 0 3 2 0 0 1 1 3 0 0 2 0
0.006729722111183354 0 3 2 0 0 1 2 3 0 0 1 0
0.13653351105776068 0 3 3 0 0 0 0 0 0 0 0 0
0.00016447908348511764 0 3 3 1 1 3 1 3 3 0 3 1
0.00016447908348511764 0 3 3 1 1 3 2 3 3 0 3 2
0.00016957263155471369 0 3 3 1 0 2 1 3 3 0 2 0
-0.00016957263155471369 0 3 3 1 0 2 2 3 3 0 1 0
0.00016447908348511764 0 3 3 2 2 3 1 3 3 0 3 1
0.00016447908348511764 0 3 3 2 2 3 2 3 3 0 3 2
-0.00016957263155471369 0 3 3 2 0 1 1 3 3 0 2 0
0.00016957263155471369 0 3 3 2 0 1 2 3 3 0 1 0
-0.001951618485597124 0 3 3 3 1 1 1 3 3 1 3 0
-0.001951618485597124 0 3 3 3 1 1 2 3 3 2 3 0
-0.001951618485597124 0 3 3 3 2 2 1 3 3 1 3 0
-0.001951618485597124 0 3 3 3 2 2 2 3 3 2 3 0
-0.0017871394021120057 0 3 3 3 0 3 1 3 3 1 1 1
-0.0017820458540424105 0 3 3 3 0 3 1 3 3 1 2 2
-5.093548069596028e-06 0 3 3 3 0 3 1 3 3 2 2 1
-5.093548069596028e-06 0 3 3 3 0 3 2 3 3 1 1 2
-0.0017820458540424105 0 3 3 3 0 3 2 3 3 2 1 1
-0.0017871394021120057 0 3 3 3 0 3 2 3 3 2 2 2
-0.07745265232190157 0 3 3 0 1 1 1 3 1 0 3 0
-0.07745265232190157 0 3 3 0 1 1 2 3 2 0 3 0
-0.07745265232190157 0 3 3 0 2 2 1 3 1 0 3 0
-0.07745265232190157 0 3 3 0 2 2 2 3 2 0 3 0
-0.07092507464142063 0 3 3 0 0 3 1 3 1 0 1 1
-0.07072293021071822 0 3 3 0 0 3 1 3 1 0 2 2
-0.00020214443070239608 0 3 3 0 0 3 1 3 2 0 2 1
-0.00020214443070239608 0 3 3 0 0 3 2 3 1 0 1 2
-0.07072293021071822 0 3 3 0 0 3 2 3 2 0 1 1
-0.07092507464142063 0 3 3 0 0 3 2 3 2 0 2 2
0.000339809292420644 0 3 3 0 0 0 1 1 0 0 0 0
0.000339809292420644 0 3 3 0 0 0 2 2 0 0 0 0
0.06420273826944878 0 3 0 3 0 0 0 0 0 0 0 0
-0.0003398092924207179 0 3 0 3 0 0 1 1 0 0 0 0
9.75111252404751e-05 0 3 0 3 0 0 1 1 1 1 0 0
-0.0724282839135523 0 3 0 3 0 0 1 1 2 2 0 0
0.07252579503879275 0 3 0 3 0 0 1 2 2 1 0 0
0.07252579503879275 0 3 0 3 0 0 2 1 1 2 0 0
-0.0003398092924207179 0 3 0 3 0 0 2 2 0 0 0 0
-0.0724282839135523 0 3 0 3 0 0 2 2 1 1 0 0
9.75111252404751e-05 0 3 0 3 0 0 2 2 2 2 0 0
0.00033980929242069156 0 3 0 3 0 0 0 0 1 1 0 0
0.00033980929242069156 0 3 0 3 0 0 0 0 2 2 0 0
0.13650201709914117 0 3 0 0 3 0 0 0 0 0 0 0
0.13938552186475917 0 3 0 0 0 3 0 0 0 0 0 0
-0.0018237174870121683 0 3 0 0 0 0 1 1 3 0 0 0
0.0018237174870121059 0 3 0 0 0 0 1 1 0 3 0 0
-0.0018237174870121683 0 3 0 0 0 0 2 2 3 0 0 0
0.0018237174870121059 0 3 0 0 0 0 2 2 0 3 0 0
0.1428983531406808 0 3 0 0 0 0 3 0 0 0 0 0
0.1562816336640512 0 3 0 0 0 0 0 3 0 0 0 0
0.14328364854305597 0 3 0 0 0 0 0 0 3 0 0 0
0.15676088331021548 0 3 0 0 0 0 0 0 0 3 0 0
0.1432424910047752 0 3 0 0 0 0 0 0 0 0 3 0
0.1462462016375651 0 3 0 0 0 0 0 0 0 0 0 3
-0.0003398092924206449 0 0 1 1 0 0 3 0 3 0 0 0
0.00033980929242069156 0 0 1 1 0 0 0 3 3 0 0 0
-0.006804435357796539 0 0 1 2 0 0 0 0 1 2 0 0
0.006804435357796539 0 0 1 2 0 0 0 0 2 1 0 0
-0.00016447908348511708 0 0 1 0 1 3 0 1 0 0 3 1
-0.00016447908348511708 0 0 1 0 1 3 0 2 0 0 3 2
-0.00656595496913547 0 0 1 0 2 0 0 0 1 0 2 0
0.00656595496913547 0 0 1 0 2 0 0 0 2 0 1 0
-0.00016957263155471298 0 0 1 0 0 2 0 1 0 0 2 0
0.00016957263155471298 0 0 1 0 0 2 0 2 0 0 1 0
-0.007071113568733725 0 0 1 0 0 2 0 0 1 0 0 2
0.007071113568733725 0 0 1 0 0 2 0 0 2 0 0 1
0.006804435357796539 0 0 2 1 0 0 0 0 1 2 0 0
-0.006804435357796539 0 0 2 1 0 0 0 0 2 1 0 0
-0.0003398092924206449 0 0 2 2 0 0 3 0 3 0 0 0
0.00033980929242069156 0 0 2 2 0 0 0 3 3 0 0 0
0.00656595496913547 0 0 2 0 1 0 0 0 1 0 2 0
-0.00656595496913547 0 0 2 0 1 0 0 0 2 0 1 0
-0.00016447908348511708 0 0 2 0 2 3 0 1 0 0 3 1
-0.00016447908348511708 0 0 2 0 2 3 0 2 0 0 3 2
0.00016957263155471298 0 0 2 0 0 1 0 1 0 0 2 0
-0.00016957263155471298 0 0 2 0 0 1 0 2 0 0 1 0
0.007071113568733725 0 0 2 0 0 1 0 0 1 0 0 2
-0.007071113568733725 0 0 2 0 0 1 0 0 2 0 0 1
1.1820292688811413 0 0 3 0 0 0 0 0 0 0 0 0
0.006527577680480955 0 0 3 1 1 3 0 1 3 0 3 1
0.006527577680480955 0 0 3 1 1 3 0 2 3 0 3 2
0.006729722111183355 0 0 3 1 0 2 0 1 3 0 2 0
-0.006729722111183355 0 0 3 1 0 2 0 2 3 0 1 0
0.006527577680480955 0 0 3 2 2 3 0 1 3 0 3 1
0.006527577680480955 0 0 3 2 2 3 0 2 3 0 3 2
-0.006729722111183355 0 0 3 2 0 1 0 1 3 0 2 0
0.006729722111183355 0 0 3 2 0 1 0 2 3 0 1 0
0.13685712134066141 0 0 3 3 0 0 0 0 0 0 0 0
-0.07745265232190157 0 0 3 3 1 1 0 1 3 1 3 0
-0.07745265232190157 0 0 3 3 1 1 0 2 3 2 3 0
-0.07745265232190157 0 0 3 3 2 2 0 1 3 1 3 0
-0.07745265232190157 0 0 3 3 2 2 0 2 3 2 3 0
-0.07092507464142063 0 0 3 3 0 3 0 1 3 1 1 1
-0.07072293021071822 0 0 3 3 0 3 0 1 3 1 2 2
-0.00020214443070239987 0 0 3 3 0 3 0 1 3 2 2 1
-0.00020214443070239987 0 0 3 3 0 3 0 2 3 1 1 2
-0.07072293021071822 0 0 3 3 0 3 0 2 3 2 1 1
-0.07092507464142063 0 0 3 3 0 3 0 2 3 2 2 2
0.0019516184855971198 0 0 3 0 1 1 0 1 1 0 3 0
0.0019516184855971198 0 0 3 0 1 1 0 2 2 0 3 0
0.0019516184855971198 0 0 3 0 2 2 0 1 1 0 3 0
0.0019516184855971198 0 0 3 0 2 2 0 2 2 0 3 0
0.13696370477493222 0 0 3 0 3 0 0 0 0 0 0 0
0.13947400627970444 0 0 3 0 0 3 0 0 0 0 0 0
0.0017871394021120029 0 0 3 0 0 3 0 1 1 0 1 1
0.0017820458540424068 0 0 3 0 0 3 0 1 1 0 2 2
5.093548069595855e-06 0 0 3 0 0 3 0 1 2 0 2 1
5.093548069595855e-06 0 0 3 0 0 3 0 2 1 0 1 2
0.0017820458540424068 0 0 3 0 0 3 0 2 2 0 1 1
0.0017871394021120029 0 0 3 0 0 3 0 2 2 0 2 2
0.1567608833102155 0 0 3 0 0 0 3 0 0 0 0 0
0.14328364854305597 0 0 3 0 0 0 0 3 0 0 0 0
0.1572704274140511 0 0 3 0 0 0 0 0 3 0 0 0
0.14366155669845793 0 0 3 0 0 0 0 0 0 3 0 0
0.1435296597440677 0 0 3 0 0 0 0 0 0 0 3 0
0.14654511984843815 0 0 3 0 0 0 0 0 0 0 0 3
-0.006565954969135466 0 0 0 1 2 0 0 0 0 1 2 0
0.006565954969135466 0 0 0 1 2 0 0 0 0 2 1 0
-0.007071113568733724 0 0 0 1 0 2 0 0 0 1 0 2
0.007071113568733724 0 0 0 1 0 2 0 0 0 2 0 1
0.006565954969135466 0 0 0 2 1 0 0 0 0 1 2 0
-0.006565954969135466 0 0 0 2 1 0 0 0 0 2 1 0
0.007071113568733724 0 0 0 2 0 1 0 0 0 1 0 2
-0.007071113568733724 0 0 0 2 0 1 0 0 0 2 0 1
1.1820292688811413 0 0 0 3 0 0 0 0 0 0 0 0
0.1369637047749322 0 0 0 3 3 0 0 0 0 0 0 0
0.13947400627970438 0 0 0 3 0 3 0 0 0 0 0 0
0.14328364854305586 0 0 0 3 0 0 3 0 0 0 0 0
0.0018237174870121577 0 0 0 3 0 0 3 0 1 1 0 0
0.0018237174870121577 0 0 0 3 0 0 3 0 2 2 0 0
0.15676088331021548 0 0 0 3 0 0 0 3 0 0 0 0
-0.0018237174870121063 0 0 0 3 0 0 0 3 1 1 0 0
-0.0018237174870121063 0 0 0 3 0 0 0 3 2 2 0 0
0.14366155669845793 0 0 0 3 0 0 0 0 3 0 0 0
0.15727042741405098 0 0 0 3 0 0 0 0 0 3 0 0
0.14352965974406767 0 0 0 3 0 0 0 0 0 0 3 0
0.1465451198484381 0 0 0 3 0 0 0 0 0 0 0 3
-0.08878341209328822 0 0 0 0 1 2 0 0 0 0 1 2
0.08878341209328822 0 0 0 0 1 2 0 0 0 0 2 1
0.08878341209328822 0 0 0 0 2 1 0 0 0 0 1 2
-0.08878341209328822 0 0 0 0 2 1 0 0 0 0 2 1
1.2182109283264235 0 0 0 0 3 0 0 0 0 0 0 0
0.07119190970651854 0 0 0 0 3 3 0 0 0 0 0 0
0.14324249100477515 0 0 0 0 3 0 3 0 0 0 0 0
0.1432424910047752 0 0 0 0 3 0 0 3 0 0 0 0
0.1435296597440677 0 0 0 0 3 0 0 0 3 0 0 0
0.14352965974406767 0 0 0 0 3 0 0 0 0 3 0 0
0.1573920410784453 0 0 0 0 3 0 0 0 0 0 3 0
0.15997532179980675 0 0 0 0 3 0 0 0 0 0 0 3
1.1776343639703446 0 0 0 0 0 3 0 0 0 0 0 0
0.14624620163756505 0 0 0 0 0 3 3 0 0 0 0 0
0.1462462016375651 0 0 0 0 0 3 0 3 0 0 0 0
0.14654511984843815 0 0 0 0 0 3 0 0 3 0 0 0
0.1465451198484381 0 0 0 0 0 3 0 0 0 3 0 0
0.15997532179980675 0 0 0 0 0 3 0 0 0 0 3 0
0.16372237449826138 0 0 0 0 0 3 0 0 0 0 0 3
1.1897144149150523 0 0 0 0 0 0 3 0 0 0 0 0
0.13620671287899563 0 0 0 0 0 0 3 3 0 0 0 0
0.0642027382694488 0 0 0 0 0 0 3 0 3 0 0 0
0.1365335110577606 0 0 0 0 0 0 3 0 0 3 0 0
0.13650201709914114 0 0 0 0 0 0 3 0 0 0 3 0
0.1393855218647591 0 0 0 0 0 0 3 0 0 0 0 3
1.1897144149150531 0 0 0 0 0 0 0 3 0 0 0 0
0.13653351105776068 0 0 0 0 0 0 0 3 3 0 0 0
0.06420273826944878 0 0 0 0 0 0 0 3 0 3 0 0
0.13650201709914117 0 0 0 0 0 0 0 3 0 0 3 0
0.13938552186475917 0 0 0 0 0 0 0 3 0 0 0 3
1.1820292688811413 0 0 0 0 0 0 0 0 3 0 0 0
0.13685712134066141 0 0 0 0 0 0 0 0 3 3 0 0
0.13696370477493222 0 0 0 0 0 0 0 0 3 0 3 0
0.13947400627970444 0 0 0 0 0 0 0 0 3 0 0 3
1.1820292688811413 0 0 0 0 0 0 0 0 0 3 0 0
0.1369637047749322 0 0 0 0 0 0 0 0 0 3 3 0
0.13947400627970438 0 0 0 0 0 0 0 0 0 3 0 3
1.218210928326424 0 0 0 0 0 0 0 0 0 0 3 0
0.07119190970651854 0 0 0 0 0 0 0 0 0 0 3 3
1.1776343639703442 0 0 0 0 0 0 0 0 0 0 0 3
