-187.47087486633075 0 0 0 0 0 0 0 0 0 0 0 0
0.0008418143361090941 1 1 0 1 1 0 3 0 0 3 0 0
-0.04750610745305182 1 1 0 2 2 0 3 0 0 3 0 0
0.0005542879310603165 1 1 0 3 0 0 3 0 0 0 0 0
-0.0005542879310602465 1 1 0 0 3 0 3 0 0 0 0 0
0.007198182512680825 1 1 0 0 3 0 3 0 0 1 1 0
0.007198182512680825 1 1 0 0 3 0 3 0 0 2 2 0
-0.0001710029414716934 1 1 0 0 0 0 3 0 0 3 0 0
0.0001710029414717834 1 1 0 0 0 0 3 0 0 0 3 0
0.04834792178916091 1 2 0 2 1 0 3 0 0 3 0 0
-0.007174594696166782 1 2 0 0 0 0 1 2 0 0 0 0
0.007174594696166782 1 2 0 0 0 0 2 1 0 0 0 0
-0.0014310945166469133 1 3 1 1 3 1 3 3 0 3 3 0
0.03796777778621444 1 3 1 2 3 2 3 3 0 3 3 0
1.6996432990230934e-05 1 3 1 0 1 1 3 3 0 0 3 0
-0.00045092534659651963 1 3 1 0 2 2 3 3 0 0 3 0
-0.002610767596669775 1 3 1 0 3 3 3 3 0 1 3 1
-0.002610767596669775 1 3 1 0 3 3 3 3 0 2 3 2
3.100685244314548e-05 1 3 1 0 0 3 3 3 0 0 1 1
3.100685244314548e-05 1 3 1 0 0 3 3 3 0 0 2 2
-0.039398872302861355 1 3 2 2 3 1 3 3 0 3 3 0
0.00046792177958675056 1 3 2 0 2 1 3 3 0 0 3 0
0.04057854538288422 1 3 3 2 3 3 3 3 1 3 3 2
-0.04057854538288422 1 3 3 2 3 3 3 3 2 3 3 1
-0.0004819321990396651 1 3 3 0 2 3 3 3 1 0 3 2
0.0004819321990396651 1 3 3 0 2 3 3 3 2 0 3 1
0.0011796730800228627 1 3 3 0 3 1 3 3 1 1 3 0
0.0011796730800228627 1 3 3 0 3 1 3 3 2 2 3 0
-1.401041945291454e-05 1 3 3 0 0 1 3 3 1 0 1 0
-1.401041945291454e-05 1 3 3 0 0 1 3 3 2 0 2 0
-0.054704289965732636 1 3 0 2 3 0 3 1 0 3 2 0
0.054704289965732636 1 3 0 2 3 0 3 2 0 3 1 0
-0.0007252908725320099 1 3 0 2 0 0 3 1 0 2 0 0
0.0007252908725320099 1 3 0 2 0 0 3 2 0 1 0 0
-0.0063563681765717315 1 3 0 0 1 0 3 1 0 1 0 0
-0.0063563681765717315 1 3 0 0 1 0 3 2 0 2 0 0
0.0007252908725320299 1 3 0 0 2 0 3 1 0 0 2 0
-0.0007252908725320299 1 3 0 0 2 0 3 2 0 0 1 0
-0.008965835566401632 1 0 2 0 0 0 1 0 2 0 0 0
0.008965835566401632 1 0 2 0 0 0 2 0 1 0 0 0
0.0007252908725319959 1 0 0 2 3 0 1 0 0 3 2 0
-0.0007252908725319959 1 0 0 2 3 0 2 0 0 3 1 0
-0.0674342541924653 1 0 0 2 0 0 1 0 0 2 0 0
0.0674342541924653 1 0 0 2 0 0 2 0 0 1 0 0
0.0007252908725319959 1 0 0 0 1 0 1 0 0 1 0 0
0.0007252908725319959 1 0 0 0 1 0 2 0 0 2 0 0
-0.006373596050160821 1 0 0 0 2 0 1 0 0 0 2 0
0.006373596050160821 1 0 0 0 2 0 2 0 0 0 1 0
-0.009723042389575743 1 0 0 0 0 2 1 0 0 0 0 2
0.009723042389575743 1 0 0 0 0 2 2 0 0 0 0 1
0.04834792178916091 2 1 0 1 2 0 3 0 0 3 0 0
0.007174594696166782 2 1 0 0 0 0 1 2 0 0 0 0
-0.007174594696166782 2 1 0 0 0 0 2 1 0 0 0 0
-0.04750610745305182 2 2 0 1 1 0 3 0 0 3 0 0
0.0008418143361090941 2 2 0 2 2 0 3 0 0 3 0 0
0.0005542879310603165 2 2 0 3 0 0 3 0 0 0 0 0
-0.0005542879310602465 2 2 0 0 3 0 3 0 0 0 0 0
0.007198182512680825 2 2 0 0 3 0 3 0 0 1 1 0
0.007198182512680825 2 2 0 0 3 0 3 0 0 2 2 0
-0.0001710029414716934 2 2 0 0 0 0 3 0 0 3 0 0
0.0001710029414717834 2 2 0 0 0 0 3 0 0 0 3 0
-0.039398872302861355 2 3 1 1 3 2 3 3 0 3 3 0
0.00046792177958675056 2 3 1 0 1 2 3 3 0 0 3 0
0.03796777778621444 2 3 2 1 3 1 3 3 0 3 3 0
-0.0014310945166469133 2 3 2 2 3 2 3 3 0 3 3 0
-0.00045092534659651963 2 3 2 0 1 1 3 3 0 0 3 0
1.6996432990230934e-05 2 3 2 0 2 2 3 3 0 0 3 0
-0.002610767596669775 2 3 2 0 3 3 3 3 0 1 3 1
-0.002610767596669775 2 3 2 0 3 3 3 3 0 2 3 2
3.100685244314548e-05 2 3 2 0 0 3 3 3 0 0 1 1
3.100685244314548e-05 2 3 2 0 0 3 3 3 0 0 2 2
-0.04057854538288422 2 3 3 1 3 3 3 3 1 3 3 2
0.04057854538288422 2 3 3 1 3 3 3 3 2 3 3 1
0.0004819321990396651 2 3 3 0 1 3 3 3 1 0 3 2
-0.0004819321990396651 2 3 3 0 1 3 3 3 2 0 3 1
0.0011796730800228627 2 3 3 0 3 2 3 3 1 1 3 0
0.0011796730800228627 2 3 3 0 3 2 3 3 2 2 3 0
-1.401041945291454e-05 2 3 3 0 0 2 3 3 1 0 1 0
-1.401041945291454e-05 2 3 3 0 0 2 3 3 2 0 2 0
0.054704289965732636 2 3 0 1 3 0 3 1 0 3 2 0
-0.054704289965732636 2 3 0 1 3 0 3 2 0 3 1 0
0.0007252908725320099 2 3 0 1 0 0 3 1 0 2 0 0
-0.0007252908725320099 2 3 0 1 0 0 3 2 0 1 0 0
-0.0007252908725320299 2 3 0 0 1 0 3 1 0 0 2 0
0.0007252908725320299 2 3 0 0 1 0 3 2 0 0 1 0
-0.0063563681765717315 2 3 0 0 2 0 3 1 0 1 0 0
-0.0063563681765717315 2 3 0 0 2 0 3 2 0 2 0 0
0.008965835566401632 2 0 1 0 0 0 1 0 2 0 0 0
-0.008965835566401632 2 0 1 0 0 0 2 0 1 0 0 0
-0.0007252908725319959 2 0 0 1 3 0 1 0 0 3 2 0
0.0007252908725319959 2 0 0 1 3 0 2 0 0 3 1 0
0.0674342541924653 2 0 0 1 0 0 1 0 0 2 0 0
-0.0674342541924653 2 0 0 1 0 0 2 0 0 1 0 0
0.006373596050160821 2 0 0 0 1 0 1 0 0 0 2 0
-0.006373596050160821 2 0 0 0 1 0 2 0 0 0 1 0
0.0007252908725319959 2 0 0 0 2 0 1 0 0 1 0 0
0.0007252908725319959 2 0 0 0 2 0 2 0 0 2 0 0
0.009723042389575743 2 0 0 0 0 1 1 0 0 0 0 2
-0.009723042389575743 2 0 0 0 0 1 2 0 0 0 0 1
1.5140193665357793 3 0 0 0 0 0 0 0 0 0 0 0
0.1609269714570975 3 3 0 0 0 0 0 0 0 0 0 0
0.15510248326440734 3 0 3 0 0 0 0 0 0 0 0 0
-0.0005542879310602692 3 0 0 1 1 0 0 0 0 3 0 0
-0.0005542879310602692 3 0 0 2 2 0 0 0 0 3 0 0
0.11645609959673253 3 0 0 3 0 0 0 0 0 0 0 0
0.1631203927136752 3 0 0 0 3 0 0 0 0 0 0 0
0.0001710029414717268 3 0 0 0 3 0 0 0 0 1 1 0
0.0001710029414717268 3 0 0 0 3 0 0 0 0 2 2 0
0.17973789107319063 3 0 0 0 0 3 0 0 0 0 0 0
0.18245075554559792 3 0 0 0 0 0 3 0 0 0 0 0
0.16810156615326427 3 0 0 0 0 0 0 3 0 0 0 0
0.16406831883080897 3 0 0 0 0 0 0 0 3 0 0 0
0.18389035378919782 3 0 0 0 0 0 0 0 0 3 0 0
0.16949398876383603 3 0 0 0 0 0 0 0 0 0 3 0
0.18946093346276638 3 0 0 0 0 0 0 0 0 0 0 3
-1.6996432990230836e-05 0 1 1 1 3 1 0 3 0 3 3 0
0.00045092534659651106 0 1 1 2 3 2 0 3 0 3 3 0
-0.001431094516646911 0 1 1 0 1 1 0 3 0 0 3 0
0.0379677777862144 0 1 1 0 2 2 0 3 0 0 3 0
-3.100685244314477e-05 0 1 1 0 3 3 0 3 0 1 3 1
-3.100685244314477e-05 0 1 1 0 3 3 0 3 0 2 3 2
-0.0026107675966697726 0 1 1 0 0 3 0 3 0 0 1 1
-0.0026107675966697726 0 1 1 0 0 3 0 3 0 0 2 2
-0.00046792177958674194 0 1 2 2 3 1 0 3 0 3 3 0
-0.039398872302861314 0 1 2 0 2 1 0 3 0 0 3 0
-0.008965835566401625 0 1 2 0 0 0 0 1 2 0 0 0
0.008965835566401625 0 1 2 0 0 0 0 2 1 0 0 0
0.00048193219903965587 0 1 3 2 3 3 0 3 1 3 3 2
-0.00048193219903965587 0 1 3 2 3 3 0 3 2 3 3 1
0.04057854538288418 0 1 3 0 2 3 0 3 1 0 3 2
-0.04057854538288418 0 1 3 0 2 3 0 3 2 0 3 1
1.4010419452913935e-05 0 1 3 0 3 1 0 3 1 1 3 0
1.4010419452913935e-05 0 1 3 0 3 1 0 3 2 2 3 0
0.0011796730800228616 0 1 3 0 0 1 0 3 1 0 1 0
0.0011796730800228616 0 1 3 0 0 1 0 3 2 0 2 0
-0.0063563681765717315 0 1 0 1 3 0 1 0 0 3 1 0
-0.0063563681765717315 0 1 0 1 3 0 2 0 0 3 2 0
-0.0007252908725320099 0 1 0 1 0 0 1 0 0 1 0 0
-0.0007252908725320099 0 1 0 1 0 0 2 0 0 2 0 0
-0.0007252908725319802 0 1 0 2 3 0 0 1 0 3 2 0
0.0007252908725319802 0 1 0 2 3 0 0 2 0 3 1 0
-0.006373596050160822 0 1 0 2 0 0 0 1 0 2 0 0
0.006373596050160822 0 1 0 2 0 0 0 2 0 1 0 0
0.00072529087253203 0 1 0 0 1 0 1 0 0 0 1 0
0.00072529087253203 0 1 0 0 1 0 2 0 0 0 2 0
-0.0007252908725319802 0 1 0 0 1 0 0 1 0 1 0 0
-0.0007252908725319802 0 1 0 0 1 0 0 2 0 2 0 0
-0.054704289965732636 0 1 0 0 2 0 1 0 0 2 0 0
0.054704289965732636 0 1 0 0 2 0 2 0 0 1 0 0
-0.0674342541924652 0 1 0 0 2 0 0 1 0 0 2 0
0.0674342541924652 0 1 0 0 2 0 0 2 0 0 1 0
-0.009723042389575736 0 1 0 0 0 2 0 1 0 0 0 2
0.009723042389575736 0 1 0 0 0 2 0 2 0 0 0 1
-0.00046792177958674194 0 2 1 1 3 2 0 3 0 3 3 0
-0.039398872302861314 0 2 1 0 1 2 0 3 0 0 3 0
0.008965835566401625 0 2 1 0 0 0 0 1 2 0 0 0
-0.008965835566401625 0 2 1 0 0 0 0 2 1 0 0 0
0.00045092534659651106 0 2 2 1 3 1 0 3 0 3 3 0
-1.6996432990230836e-05 0 2 2 2 3 2 0 3 0 3 3 0
0.0379677777862144 0 2 2 0 1 1 0 3 0 0 3 0
-0.001431094516646911 0 2 2 0 2 2 0 3 0 0 3 0
-3.100685244314477e-05 0 2 2 0 3 3 0 3 0 1 3 1
-3.100685244314477e-05 0 2 2 0 3 3 0 3 0 2 3 2
-0.0026107675966697726 0 2 2 0 0 3 0 3 0 0 1 1
-0.0026107675966697726 0 2 2 0 0 3 0 3 0 0 2 2
-0.00048193219903965587 0 2 3 1 3 3 0 3 1 3 3 2
0.00048193219903965587 0 2 3 1 3 3 0 3 2 3 3 1
-0.04057854538288418 0 2 3 0 1 3 0 3 1 0 3 2
0.04057854538288418 0 2 3 0 1 3 0 3 2 0 3 1
1.4010419452913935e-05 0 2 3 0 3 2 0 3 1 1 3 0
1.4010419452913935e-05 0 2 3 0 3 2 0 3 2 2 3 0
0.0011796730800228616 0 2 3 0 0 2 0 3 1 0 1 0
0.0011796730800228616 0 2 3 0 0 2 0 3 2 0 2 0
0.0007252908725319802 0 2 0 1 3 0 0 1 0 3 2 0
-0.0007252908725319802 0 2 0 1 3 0 0 2 0 3 1 0
0.006373596050160822 0 2 0 1 0 0 0 1 0 2 0 0
-0.006373596050160822 0 2 0 1 0 0 0 2 0 1 0 0
-0.0063563681765717315 0 2 0 2 3 0 1 0 0 3 1 0
-0.0063563681765717315 0 2 0 2 3 0 2 0 0 3 2 0
-0.0007252908725320099 0 2 0 2 0 0 1 0 0 1 0 0
-0.0007252908725320099 0 2 0 2 0 0 2 0 0 2 0 0
0.054704289965732636 0 2 0 0 1 0 1 0 0 2 0 0
-0.054704289965732636 0 2 0 0 1 0 2 0 0 1 0 0
0.0674342541924652 0 2 0 0 1 0 0 1 0 0 2 0
-0.0674342541924652 0 2 0 0 1 0 0 2 0 0 1 0
0.00072529087253203 0 2 0 0 2 0 1 0 0 0 1 0
0.00072529087253203 0 2 0 0 2 0 2 0 0 0 2 0
-0.0007252908725319802 0 2 0 0 2 0 0 1 0 1 0 0
-0.0007252908725319802 0 2 0 0 2 0 0 2 0 2 0 0
0.009723042389575736 0 2 0 0 0 1 0 1 0 0 0 2
-0.009723042389575736 0 2 0 0 0 1 0 2 0 0 0 1
1.5140193665357768 0 3 0 0 0 0 0 0 0 0 0 0
0.0011796730800228627 0 3 1 1 3 3 1 3 0 3 3 1
0.0011796730800228627 0 3 1 1 3 3 2 3 0 3 3 2
-1.401041945291454e-05 0 3 1 0 1 3 1 3 0 0 3 1
-1.401041945291454e-05 0 3 1 0 1 3 2 3 0 0 3 2
0.04057854538288422 0 3 1 0 3 2 1 3 0 2 3 0
-0.04057854538288422 0 3 1 0 3 2 2 3 0 1 3 0
-0.0004819321990396651 0 3 1 0 0 2 1 3 0 0 2 0
0.0004819321990396651 0 3 1 0 0 2 2 3 0 0 1 0
0.0011796730800228627 0 3 2 2 3 3 1 3 0 3 3 1
0.0011796730800228627 0 3 2 2 3 3 2 3 0 3 3 2
-1.401041945291454e-05 0 3 2 0 2 3 1 3 0 0 3 1
-1.401041945291454e-05 0 3 2 0 2 3 2 3 0 0 3 2
-0.04057854538288422 0 3 2 0 3 1 1 3 0 2 3 0
0.04057854538288422 0 3 2 0 3 1 2 3 0 1 3 0
0.0004819321990396651 0 3 2 0 0 1 1 3 0 0 2 0
-0.0004819321990396651 0 3 2 0 0 1 2 3 0 0 1 0
0.15510248326440723 0 3 3 0 0 0 0 0 0 0 0 0
-0.002610767596669775 0 3 3 1 3 1 1 3 1 3 3 0
-0.002610767596669775 0 3 3 1 3 1 2 3 2 3 3 0
-0.002610767596669775 0 3 3 2 3 2 1 3 1 3 3 0
-0.002610767596669775 0 3 3 2 3 2 2 3 2 3 3 0
3.100685244314548e-05 0 3 3 0 1 1 1 3 1 0 3 0
3.100685244314548e-05 0 3 3 0 1 1 2 3 2 0 3 0
3.100685244314548e-05 0 3 3 0 2 2 1 3 1 0 3 0
3.100685244314548e-05 0 3 3 0 2 2 2 3 2 0 3 0
-0.0014310945166469133 0 3 3 0 3 3 1 3 1 1 3 1
0.03796777778621444 0 3 3 0 3 3 1 3 1 2 3 2
-0.039398872302861355 0 3 3 0 3 3 1 3 2 2 3 1
-0.039398872302861355 0 3 3 0 3 3 2 3 1 1 3 2
0.03796777778621444 0 3 3 0 3 3 2 3 2 1 3 1
-0.0014310945166469133 0 3 3 0 3 3 2 3 2 2 3 2
1.6996432990230934e-05 0 3 3 0 0 3 1 3 1 0 1 1
-0.00045092534659651963 0 3 3 0 0 3 1 3 1 0 2 2
0.00046792177958675056 0 3 3 0 0 3 1 3 2 0 2 1
0.00046792177958675056 0 3 3 0 0 3 2 3 1 0 1 2
-0.00045092534659651963 0 3 3 0 0 3 2 3 2 0 1 1
1.6996432990230934e-05 0 3 3 0 0 3 2 3 2 0 2 2
0.007198182512680825 0 3 0 1 1 0 1 1 0 3 0 0
0.007198182512680825 0 3 0 1 1 0 2 2 0 3 0 0
0.0005542879310602511 0 3 0 1 1 0 0 0 0 3 0 0
0.007198182512680825 0 3 0 2 2 0 1 1 0 3 0 0
0.007198182512680825 0 3 0 2 2 0 2 2 0 3 0 0
0.0005542879310602511 0 3 0 2 2 0 0 0 0 3 0 0
0.16312039271367526 0 3 0 3 0 0 0 0 0 0 0 0
-0.0001710029414716934 0 3 0 3 0 0 1 1 0 0 0 0
-0.0001710029414716934 0 3 0 3 0 0 2 2 0 0 0 0
0.11645609959673235 0 3 0 0 3 0 0 0 0 0 0 0
0.0001710029414717834 0 3 0 0 3 0 1 1 0 0 0 0
0.0008418143361090941 0 3 0 0 3 0 1 1 0 1 1 0
-0.04750610745305182 0 3 0 0 3 0 1 1 0 2 2 0
0.04834792178916091 0 3 0 0 3 0 1 2 0 2 1 0
0.04834792178916091 0 3 0 0 3 0 2 1 0 1 2 0
0.0001710029414717834 0 3 0 0 3 0 2 2 0 0 0 0
-0.04750610745305182 0 3 0 0 3 0 2 2 0 1 1 0
0.0008418143361090941 0 3 0 0 3 0 2 2 0 2 2 0
-0.00017100294147172926 0 3 0 0 3 0 0 0 0 1 1 0
-0.00017100294147172926 0 3 0 0 3 0 0 0 0 2 2 0
0.17973789107319052 0 3 0 0 0 3 0 0 0 0 0 0
0.0005542879310603165 0 3 0 0 0 0 1 1 0 3 0 0
-0.0005542879310602465 0 3 0 0 0 0 1 1 0 0 3 0
0.0005542879310603165 0 3 0 0 0 0 2 2 0 3 0 0
-0.0005542879310602465 0 3 0 0 0 0 2 2 0 0 3 0
0.16810156615326427 0 3 0 0 0 0 3 0 0 0 0 0
0.1824507555455977 0 3 0 0 0 0 0 3 0 0 0 0
0.16406831883080886 0 3 0 0 0 0 0 0 3 0 0 0
0.16949398876383606 0 3 0 0 0 0 0 0 0 3 0 0
0.18389035378919755 0 3 0 0 0 0 0 0 0 0 3 0
0.18946093346276624 0 3 0 0 0 0 0 0 0 0 0 3
1.4010419452913935e-05 0 0 1 1 3 3 0 1 0 3 3 1
1.4010419452913935e-05 0 0 1 1 3 3 0 2 0 3 3 2
-0.010875191417945492 0 0 1 2 0 0 0 0 1 2 0 0
0.010875191417945492 0 0 1 2 0 0 0 0 2 1 0 0
0.0011796730800228616 0 0 1 0 1 3 0 1 0 0 3 1
0.0011796730800228616 0 0 1 0 1 3 0 2 0 0 3 2
-0.010875191417945488 0 0 1 0 2 0 0 0 1 0 2 0
0.010875191417945488 0 0 1 0 2 0 0 0 2 0 1 0
0.00048193219903965587 0 0 1 0 3 2 0 1 0 2 3 0
-0.00048193219903965587 0 0 1 0 3 2 0 2 0 1 3 0
0.04057854538288418 0 0 1 0 0 2 0 1 0 0 2 0
-0.04057854538288418 0 0 1 0 0 2 0 2 0 0 1 0
-0.04211607434088272 0 0 1 0 0 2 0 0 1 0 0 2
0.04211607434088272 0 0 1 0 0 2 0 0 2 0 0 1
0.010875191417945492 0 0 2 1 0 0 0 0 1 2 0 0
-0.010875191417945492 0 0 2 1 0 0 0 0 2 1 0 0
1.4010419452913935e-05 0 0 2 2 3 3 0 1 0 3 3 1
1.4010419452913935e-05 0 0 2 2 3 3 0 2 0 3 3 2
0.010875191417945488 0 0 2 0 1 0 0 0 1 0 2 0
-0.010875191417945488 0 0 2 0 1 0 0 0 2 0 1 0
0.0011796730800228616 0 0 2 0 2 3 0 1 0 0 3 1
0.0011796730800228616 0 0 2 0 2 3 0 2 0 0 3 2
-0.00048193219903965587 0 0 2 0 3 1 0 1 0 2 3 0
0.00048193219903965587 0 0 2 0 3 1 0 2 0 1 3 0
-0.04057854538288418 0 0 2 0 0 1 0 1 0 0 2 0
0.04057854538288418 0 0 2 0 0 1 0 2 0 0 1 0
0.04211607434088272 0 0 2 0 0 1 0 0 1 0 0 2
-0.04211607434088272 0 0 2 0 0 1 0 0 2 0 0 1
1.5161862644979922 0 0 3 0 0 0 0 0 0 0 0 0
-3.100685244314477e-05 0 0 3 1 3 1 0 1 1 3 3 0
-3.100685244314477e-05 0 0 3 1 3 1 0 2 2 3 3 0
-3.100685244314477e-05 0 0 3 2 3 2 0 1 1 3 3 0
-3.100685244314477e-05 0 0 3 2 3 2 0 2 2 3 3 0
0.15846673544331133 0 0 3 3 0 0 0 0 0 0 0 0
-0.0026107675966697726 0 0 3 0 1 1 0 1 1 0 3 0
-0.0026107675966697726 0 0 3 0 1 1 0 2 2 0 3 0
-0.0026107675966697726 0 0 3 0 2 2 0 1 1 0 3 0
-0.0026107675966697726 0 0 3 0 2 2 0 2 2 0 3 0
0.15846673544331122 0 0 3 0 3 0 0 0 0 0 0 0
-1.6996432990230836e-05 0 0 3 0 3 3 0 1 1 1 3 1
0.00045092534659651106 0 0 3 0 3 3 0 1 1 2 3 2
-0.00046792177958674194 0 0 3 0 3 3 0 1 2 2 3 1
-0.00046792177958674194 0 0 3 0 3 3 0 2 1 1 3 2
0.00045092534659651106 0 0 3 0 3 3 0 2 2 1 3 1
-1.6996432990230836e-05 0 0 3 0 3 3 0 2 2 2 3 2
0.1456663121421694 0 0 3 0 0 3 0 0 0 0 0 0
-0.001431094516646911 0 0 3 0 0 3 0 1 1 0 1 1
0.0379677777862144 0 0 3 0 0 3 0 1 1 0 2 2
-0.039398872302861314 0 0 3 0 0 3 0 1 2 0 2 1
-0.039398872302861314 0 0 3 0 0 3 0 2 1 0 1 2
0.0379677777862144 0 0 3 0 0 3 0 2 2 0 1 1
-0.001431094516646911 0 0 3 0 0 3 0 2 2 0 2 2
0.16406831883080897 0 0 3 0 0 0 3 0 0 0 0 0
0.16406831883080886 0 0 3 0 0 0 0 3 0 0 0 0
0.18462227828978825 0 0 3 0 0 0 0 0 3 0 0 0
0.16934192686125682 0 0 3 0 0 0 0 0 0 3 0 0
0.1693419268612567 0 0 3 0 0 0 0 0 0 0 3 0
0.18778238648305215 0 0 3 0 0 0 0 0 0 0 0 3
0.0001710029414717268 0 0 0 1 1 0 3 0 0 3 0 0
-0.00017100294147172926 0 0 0 1 1 0 0 3 0 3 0 0
-0.007797329310946697 0 0 0 1 2 0 0 0 0 1 2 0
0.007797329310946697 0 0 0 1 2 0 0 0 0 2 1 0
-0.01213983654116925 0 0 0 1 0 2 0 0 0 1 0 2
0.01213983654116925 0 0 0 1 0 2 0 0 0 2 0 1
0.007797329310946697 0 0 0 2 1 0 0 0 0 1 2 0
-0.007797329310946697 0 0 0 2 1 0 0 0 0 2 1 0
0.0001710029414717268 0 0 0 2 2 0 3 0 0 3 0 0
-0.00017100294147172926 0 0 0 2 2 0 0 3 0 3 0 0
0.01213983654116925 0 0 0 2 0 1 0 0 0 1 0 2
-0.01213983654116925 0 0 0 2 0 1 0 0 0 2 0 1
1.3017294910761108 0 0 0 3 0 0 0 0 0 0 0 0
0.16533919780065964 0 0 0 3 3 0 0 0 0 0 0 0
0.17846206958593552 0 0 0 3 0 3 0 0 0 0 0 0
0.18389035378919782 0 0 0 3 0 0 3 0 0 0 0 0
0.16949398876383606 0 0 0 3 0 0 0 3 0 0 0 0
0.16934192686125682 0 0 0 3 0 0 0 0 3 0 0 0
0.18873118573349992 0 0 0 3 0 0 0 0 0 3 0 0
0.17313652711160635 0 0 0 3 0 0 0 0 0 0 3 0
0.19060190612710476 0 0 0 3 0 0 0 0 0 0 0 3
-0.012139836541169237 0 0 0 0 1 2 0 0 0 0 1 2
0.012139836541169237 0 0 0 0 1 2 0 0 0 0 2 1
0.012139836541169237 0 0 0 0 2 1 0 0 0 0 1 2
-0.012139836541169237 0 0 0 0 2 1 0 0 0 0 2 1
1.30172949107611 0 0 0 0 3 0 0 0 0 0 0 0
0.1784620695859354 0 0 0 0 3 3 0 0 0 0 0 0
0.16949398876383603 0 0 0 0 3 0 3 0 0 0 0 0
-0.0005542879310602692 0 0 0 0 3 0 3 0 0 1 1 0
-0.0005542879310602692 0 0 0 0 3 0 3 0 0 2 2 0
0.18389035378919755 0 0 0 0 3 0 0 3 0 0 0 0
0.0005542879310602511 0 0 0 0 3 0 0 3 0 1 1 0
0.0005542879310602511 0 0 0 0 3 0 0 3 0 2 2 0
0.1693419268612567 0 0 0 0 3 0 0 0 3 0 0 0
0.17313652711160635 0 0 0 0 3 0 0 0 0 3 0 0
0.18873118573349962 0 0 0 0 3 0 0 0 0 0 3 0
0.19060190612710465 0 0 0 0 3 0 0 0 0 0 0 3
1.0677109122497956 0 0 0 0 0 3 0 0 0 0 0 0
0.18946093346276638 0 0 0 0 0 3 3 0 0 0 0 0
0.18946093346276624 0 0 0 0 0 3 0 3 0 0 0 0
0.18778238648305215 0 0 0 0 0 3 0 0 3 0 0 0
0.19060190612710476 0 0 0 0 0 3 0 0 0 3 0 0
0.19060190612710465 0 0 0 0 0 3 0 0 0 0 3 0
0.23097225792969667 0 0 0 0 0 3 0 0 0 0 0 3
1.5140193665357793 0 0 0 0 0 0 3 0 0 0 0 0
0.1609269714570975 0 0 0 0 0 0 3 3 0 0 0 0
0.15510248326440734 0 0 0 0 0 0 3 0 3 0 0 0
0.11645609959673253 0 0 0 0 0 0 3 0 0 3 0 0
0.1631203927136752 0 0 0 0 0 0 3 0 0 0 3 0
0.17973789107319063 0 0 0 0 0 0 3 0 0 0 0 3
1.5140193665357766 0 0 0 0 0 0 0 3 0 0 0 0
0.15510248326440723 0 0 0 0 0 0 0 3 3 0 0 0
0.16312039271367526 0 0 0 0 0 0 0 3 0 3 0 0
0.11645609959673235 0 0 0 0 0 0 0 3 0 0 3 0
0.17973789107319052 0 0 0 0 0 0 0 3 0 0 0 3
1.5161862644979922 0 0 0 0 0 0 0 0 3 0 0 0
0.15846673544331133 0 0 0 0 0 0 0 0 3 3 0 0
0.15846673544331122 0 0 0 0 0 0 0 0 3 0 3 0
0.1456663121421694 0 0 0 0 0 0 0 0 3 0 0 3
1.30172949107611 0 0 0 0 0 0 0 0 0 3 0 0
0.16533919780065964 0 0 0 0 0 0 0 0 0 3 3 0
0.17846206958593552 0 0 0 0 0 0 0 0 0 3 0 3
1.3017294910761095 0 0 0 0 0 0 0 0 0 0 3 0
0.1784620695859354 0 0 0 0 0 0 0 0 0 0 3 3
1.0677109122497956 0 0 0 0 0 0 0 0 0 0 0 3
