-189.59416644855412 0 0 0 0 0 0 0 0 0 0 0 0
0.00023640699333529064 1 1 1 1 0 0 3 0 3 0 0 0
-0.06902291267308097 1 1 2 2 0 0 3 0 3 0 0 0
0.0032224161140984122 1 1 3 0 0 0 3 0 0 0 0 0
-0.0032224161140983506 1 1 0 3 0 0 3 0 0 0 0 0
0.006735178011046428 1 1 0 3 0 0 3 0 1 1 0 0
0.006735178011046428 1 1 0 3 0 0 3 0 2 2 0 0
-0.0006310408106834691 1 1 0 0 0 0 3 0 3 0 0 0
0.0006310408106835783 1 1 0 0 0 0 3 0 0 3 0 0
0.06925931966641628 1 2 2 1 0 0 3 0 3 0 0 0
-0.0066645375136192165 1 2 0 0 0 0 1 2 0 0 0 0
0.0066645375136192165 1 2 0 0 0 0 2 1 0 0 0 0
0.06703005551088226 1 3 1 0 1 1 3 3 0 0 3 0
0.06670326798965542 1 3 1 0 2 2 3 3 0 0 3 0
0.07336423514595214 1 3 1 0 0 3 3 3 0 0 1 1
0.07336423514595214 1 3 1 0 0 3 3 3 0 0 2 2
-0.07575809068412741 1 3 2 3 0 0 3 1 3 2 0 0
0.07575809068412741 1 3 2 3 0 0 3 2 3 1 0 0
0.0003267875212268547 1 3 2 0 2 1 3 3 0 0 3 0
-0.003853456924781881 1 3 2 0 0 0 3 1 2 0 0 0
0.003853456924781881 1 3 2 0 0 0 3 2 1 0 0 0
-0.0031332710660342336 1 3 3 1 1 1 3 3 3 0 3 0
-0.0031179956216504092 1 3 3 1 2 2 3 3 3 0 3 0
-0.0034293576741440185 1 3 3 1 0 3 3 3 3 0 1 1
-0.0034293576741440185 1 3 3 1 0 3 3 3 3 0 2 2
-1.527544438382466e-05 1 3 3 2 2 1 3 3 3 0 3 0
0.0003113620524936087 1 3 3 3 2 3 3 3 3 1 3 2
-0.0003113620524936087 1 3 3 3 2 3 3 3 3 2 3 1
0.00029608660810978414 1 3 3 3 0 1 3 3 3 1 1 0
0.00029608660810978414 1 3 3 3 0 1 3 3 3 2 2 0
-0.006660967156296716 1 3 3 0 2 3 3 3 1 0 3 2
0.006660967156296716 1 3 3 0 2 3 3 3 2 0 3 1
-0.0063341796350698636 1 3 3 0 0 1 3 3 1 0 1 0
-0.0063341796350698636 1 3 3 0 0 1 3 3 2 0 2 0
-0.006498771017711138 1 3 0 1 0 0 3 1 1 0 0 0
-0.006498771017711138 1 3 0 1 0 0 3 2 2 0 0 0
0.003853456924781929 1 3 0 2 0 0 3 1 0 2 0 0
-0.003853456924781929 1 3 0 2 0 0 3 2 0 1 0 0
0.003853456924781962 1 0 2 3 0 0 1 0 3 2 0 0
-0.003853456924781962 1 0 2 3 0 0 2 0 3 1 0 0
-0.08911588678750784 1 0 2 0 0 0 1 0 2 0 0 0
0.08911588678750784 1 0 2 0 0 0 2 0 1 0 0 0
0.0038534569247819614 1 0 0 1 0 0 1 0 1 0 0 0
0.0038534569247819614 1 0 0 1 0 0 2 0 2 0 0 0
-0.006859025085669303 1 0 0 2 0 0 1 0 0 2 0 0
0.006859025085669303 1 0 0 2 0 0 2 0 0 1 0 0
-0.006854589928219371 1 0 0 0 2 0 1 0 0 0 2 0
0.006854589928219371 1 0 0 0 2 0 2 0 0 0 1 0
-0.006990664405571915 1 0 0 0 0 2 1 0 0 0 0 2
0.006990664405571915 1 0 0 0 0 2 2 0 0 0 0 1
0.06925931966641628 2 1 1 2 0 0 3 0 3 0 0 0
0.0066645375136192165 2 1 0 0 0 0 1 2 0 0 0 0
-0.0066645375136192165 2 1 0 0 0 0 2 1 0 0 0 0
-0.06902291267308097 2 2 1 1 0 0 3 0 3 0 0 0
0.00023640699333529064 2 2 2 2 0 0 3 0 3 0 0 0
0.0032224161140984122 2 2 3 0 0 0 3 0 0 0 0 0
-0.0032224161140983506 2 2 0 3 0 0 3 0 0 0 0 0
0.006735178011046428 2 2 0 3 0 0 3 0 1 1 0 0
0.006735178011046428 2 2 0 3 0 0 3 0 2 2 0 0
-0.0006310408106834691 2 2 0 0 0 0 3 0 3 0 0 0
0.0006310408106835783 2 2 0 0 0 0 3 0 0 3 0 0
0.07575809068412741 2 3 1 3 0 0 3 1 3 2 0 0
-0.07575809068412741 2 3 1 3 0 0 3 2 3 1 0 0
0.0003267875212268547 2 3 1 0 1 2 3 3 0 0 3 0
0.003853456924781881 2 3 1 0 0 0 3 1 2 0 0 0
-0.003853456924781881 2 3 1 0 0 0 3 2 1 0 0 0
0.06670326798965542 2 3 2 0 1 1 3 3 0 0 3 0
0.06703005551088226 2 3 2 0 2 2 3 3 0 0 3 0
0.07336423514595214 2 3 2 0 0 3 3 3 0 0 1 1
0.07336423514595214 2 3 2 0 0 3 3 3 0 0 2 2
-1.527544438382466e-05 2 3 3 1 1 2 3 3 3 0 3 0
-0.0031179956216504092 2 3 3 2 1 1 3 3 3 0 3 0
-0.0031332710660342336 2 3 3 2 2 2 3 3 3 0 3 0
-0.0034293576741440185 2 3 3 2 0 3 3 3 3 0 1 1
-0.0034293576741440185 2 3 3 2 0 3 3 3 3 0 2 2
-0.0003113620524936087 2 3 3 3 1 3 3 3 3 1 3 2
0.0003113620524936087 2 3 3 3 1 3 3 3 3 2 3 1
0.00029608660810978414 2 3 3 3 0 2 3 3 3 1 1 0
0.00029608660810978414 2 3 3 3 0 2 3 3 3 2 2 0
0.006660967156296716 2 3 3 0 1 3 3 3 1 0 3 2
-0.006660967156296716 2 3 3 0 1 3 3 3 2 0 3 1
-0.0063341796350698636 2 3 3 0 0 2 3 3 1 0 1 0
-0.0063341796350698636 2 3 3 0 0 2 3 3 2 0 2 0
-0.003853456924781929 2 3 0 1 0 0 3 1 0 2 0 0
0.003853456924781929 2 3 0 1 0 0 3 2 0 1 0 0
-0.006498771017711138 2 3 0 2 0 0 3 1 1 0 0 0
-0.006498771017711138 2 3 0 2 0 0 3 2 2 0 0 0
-0.003853456924781962 2 0 1 3 0 0 1 0 3 2 0 0
0.003853456924781962 2 0 1 3 0 0 2 0 3 1 0 0
0.08911588678750784 2 0 1 0 0 0 1 0 2 0 0 0
-0.08911588678750784 2 0 1 0 0 0 2 0 1 0 0 0
0.006859025085669303 2 0 0 1 0 0 1 0 0 2 0 0
-0.006859025085669303 2 0 0 1 0 0 2 0 0 1 0 0
0.0038534569247819614 2 0 0 2 0 0 1 0 1 0 0 0
0.0038534569247819614 2 0 0 2 0 0 2 0 2 0 0 0
0.006854589928219371 2 0 0 0 1 0 1 0 0 0 2 0
-0.006854589928219371 2 0 0 0 1 0 2 0 0 0 1 0
0.006990664405571915 2 0 0 0 0 1 1 0 0 0 0 2
-0.006990664405571915 2 0 0 0 0 1 2 0 0 0 0 1
1.2208325338988046 3 0 0 0 0 0 0 0 0 0 0 0
0.13924213152824216 3 3 0 0 0 0 0 0 0 0 0 0
-0.003222416114098389 3 0 1 1 0 0 0 0 3 0 0 0
-0.003222416114098389 3 0 2 2 0 0 0 0 3 0 0 0
0.07095372221439258 3 0 3 0 0 0 0 0 0 0 0 0
0.1397402278941383 3 0 0 3 0 0 0 0 0 0 0 0
0.0006310408106835731 3 0 0 3 0 0 0 0 1 1 0 0
0.0006310408106835731 3 0 0 3 0 0 0 0 2 2 0 0
0.13947683456615925 3 0 0 0 3 0 0 0 0 0 0 0
0.1439352822260024 3 0 0 0 0 3 0 0 0 0 0 0
0.15923574406909982 3 0 0 0 0 0 3 0 0 0 0 0
0.1459066690418614 3 0 0 0 0 0 0 3 0 0 0 0
0.16006960900190043 3 0 0 0 0 0 0 0 3 0 0 0
0.14659925297980764 3 0 0 0 0 0 0 0 0 3 0 0
0.1463314244943786 3 0 0 0 0 0 0 0 0 0 3 0
0.1509259466315743 3 0 0 0 0 0 0 0 0 0 0 3
-0.006498771017711138 0 1 1 3 0 0 1 0 3 1 0 0
-0.006498771017711138 0 1 1 3 0 0 2 0 3 2 0 0
0.003133271066034199 0 1 1 0 1 1 0 3 0 0 3 0
0.0031179956216503754 0 1 1 0 2 2 0 3 0 0 3 0
0.0034293576741439803 0 1 1 0 0 3 0 3 0 0 1 1
0.0034293576741439803 0 1 1 0 0 3 0 3 0 0 2 2
-0.003853456924781881 0 1 1 0 0 0 1 0 1 0 0 0
-0.003853456924781881 0 1 1 0 0 0 2 0 2 0 0 0
-0.003853456924781915 0 1 2 3 0 0 0 1 3 2 0 0
0.003853456924781915 0 1 2 3 0 0 0 2 3 1 0 0
1.527544438382451e-05 0 1 2 0 2 1 0 3 0 0 3 0
-0.006859025085669296 0 1 2 0 0 0 0 1 2 0 0 0
0.006859025085669296 0 1 2 0 0 0 0 2 1 0 0 0
0.0670300555108823 0 1 3 1 1 1 0 3 3 0 3 0
0.06670326798965545 0 1 3 1 2 2 0 3 3 0 3 0
0.07336423514595215 0 1 3 1 0 3 0 3 3 0 1 1
0.07336423514595215 0 1 3 1 0 3 0 3 3 0 2 2
0.0003267875212268548 0 1 3 2 2 1 0 3 3 0 3 0
-0.006660967156296717 0 1 3 3 2 3 0 3 3 1 3 2
0.006660967156296717 0 1 3 3 2 3 0 3 3 2 3 1
-0.006334179635069865 0 1 3 3 0 1 0 3 3 1 1 0
-0.006334179635069865 0 1 3 3 0 1 0 3 3 2 2 0
-0.00031136205249360504 0 1 3 0 2 3 0 3 1 0 3 2
0.00031136205249360504 0 1 3 0 2 3 0 3 2 0 3 1
-0.0002960866081097806 0 1 3 0 0 1 0 3 1 0 1 0
-0.0002960866081097806 0 1 3 0 0 1 0 3 2 0 2 0
0.003853456924781929 0 1 0 1 0 0 1 0 0 1 0 0
0.003853456924781929 0 1 0 1 0 0 2 0 0 2 0 0
-0.003853456924781915 0 1 0 1 0 0 0 1 1 0 0 0
-0.003853456924781915 0 1 0 1 0 0 0 2 2 0 0 0
-0.07575809068412741 0 1 0 2 0 0 1 0 2 0 0 0
0.07575809068412741 0 1 0 2 0 0 2 0 1 0 0 0
-0.08911588678750791 0 1 0 2 0 0 0 1 0 2 0 0
0.08911588678750791 0 1 0 2 0 0 0 2 0 1 0 0
-0.006854589928219371 0 1 0 0 2 0 0 1 0 0 2 0
0.006854589928219371 0 1 0 0 2 0 0 2 0 0 1 0
-0.006990664405571915 0 1 0 0 0 2 0 1 0 0 0 2
0.006990664405571915 0 1 0 0 0 2 0 2 0 0 0 1
0.003853456924781915 0 2 1 3 0 0 0 1 3 2 0 0
-0.003853456924781915 0 2 1 3 0 0 0 2 3 1 0 0
1.527544438382451e-05 0 2 1 0 1 2 0 3 0 0 3 0
0.006859025085669296 0 2 1 0 0 0 0 1 2 0 0 0
-0.006859025085669296 0 2 1 0 0 0 0 2 1 0 0 0
-0.006498771017711138 0 2 2 3 0 0 1 0 3 1 0 0
-0.006498771017711138 0 2 2 3 0 0 2 0 3 2 0 0
0.0031179956216503754 0 2 2 0 1 1 0 3 0 0 3 0
0.003133271066034199 0 2 2 0 2 2 0 3 0 0 3 0
0.0034293576741439803 0 2 2 0 0 3 0 3 0 0 1 1
0.0034293576741439803 0 2 2 0 0 3 0 3 0 0 2 2
-0.003853456924781881 0 2 2 0 0 0 1 0 1 0 0 0
-0.003853456924781881 0 2 2 0 0 0 2 0 2 0 0 0
0.0003267875212268548 0 2 3 1 1 2 0 3 3 0 3 0
0.06670326798965545 0 2 3 2 1 1 0 3 3 0 3 0
0.0670300555108823 0 2 3 2 2 2 0 3 3 0 3 0
0.07336423514595215 0 2 3 2 0 3 0 3 3 0 1 1
0.07336423514595215 0 2 3 2 0 3 0 3 3 0 2 2
0.006660967156296717 0 2 3 3 1 3 0 3 3 1 3 2
-0.006660967156296717 0 2 3 3 1 3 0 3 3 2 3 1
-0.006334179635069865 0 2 3 3 0 2 0 3 3 1 1 0
-0.006334179635069865 0 2 3 3 0 2 0 3 3 2 2 0
0.00031136205249360504 0 2 3 0 1 3 0 3 1 0 3 2
-0.00031136205249360504 0 2 3 0 1 3 0 3 2 0 3 1
-0.0002960866081097806 0 2 3 0 0 2 0 3 1 0 1 0
-0.0002960866081097806 0 2 3 0 0 2 0 3 2 0 2 0
0.07575809068412741 0 2 0 1 0 0 1 0 2 0 0 0
-0.07575809068412741 0 2 0 1 0 0 2 0 1 0 0 0
0.08911588678750791 0 2 0 1 0 0 0 1 0 2 0 0
-0.08911588678750791 0 2 0 1 0 0 0 2 0 1 0 0
0.003853456924781929 0 2 0 2 0 0 1 0 0 1 0 0
0.003853456924781929 0 2 0 2 0 0 2 0 0 2 0 0
-0.003853456924781915 0 2 0 2 0 0 0 1 1 0 0 0
-0.003853456924781915 0 2 0 2 0 0 0 2 2 0 0 0
0.006854589928219371 0 2 0 0 1 0 0 1 0 0 2 0
-0.006854589928219371 0 2 0 0 1 0 0 2 0 0 1 0
0.006990664405571915 0 2 0 0 0 1 0 1 0 0 0 2
-0.006990664405571915 0 2 0 0 0 1 0 2 0 0 0 1
1.2208325338988049 0 3 0 0 0 0 0 0 0 0 0 0
0.006735178011046428 0 3 1 1 0 0 1 1 3 0 0 0
0.006735178011046428 0 3 1 1 0 0 2 2 3 0 0 0
0.0032224161140984027 0 3 1 1 0 0 0 0 3 0 0 0
-0.0063341796350698636 0 3 1 0 1 3 1 3 0 0 3 1
-0.0063341796350698636 0 3 1 0 1 3 2 3 0 0 3 2
-0.006660967156296716 0 3 1 0 0 2 1 3 0 0 2 0
0.006660967156296716 0 3 1 0 0 2 2 3 0 0 1 0
0.006735178011046428 0 3 2 2 0 0 1 1 3 0 0 0
0.006735178011046428 0 3 2 2 0 0 2 2 3 0 0 0
0.0032224161140984027 0 3 2 2 0 0 0 0 3 0 0 0
-0.0063341796350698636 0 3 2 0 2 3 1 3 0 0 3 1
-0.0063341796350698636 0 3 2 0 2 3 2 3 0 0 3 2
0.006660967156296716 0 3 2 0 0 1 1 3 0 0 2 0
-0.006660967156296716 0 3 2 0 0 1 2 3 0 0 1 0
0.1397402278941383 0 3 3 0 0 0 0 0 0 0 0 0
0.00029608660810978414 0 3 3 1 1 3 1 3 3 0 3 1
0.00029608660810978414 0 3 3 1 1 3 2 3 3 0 3 2
0.0003113620524936087 0 3 3 1 0 2 1 3 3 0 2 0
-0.0003113620524936087 0 3 3 1 0 2 2 3 3 0 1 0
0.00029608660810978414 0 3 3 2 2 3 1 3 3 0 3 1
0.00029608660810978414 0 3 3 2 2 3 2 3 3 0 3 2
-0.0003113620524936087 0 3 3 2 0 1 1 3 3 0 2 0
0.0003113620524936087 0 3 3 2 0 1 2 3 3 0 1 0
-0.0034293576741440185 0 3 3 3 1 1 1 3 3 1 3 0
-0.0034293576741440185 0 3 3 3 1 1 2 3 3 2 3 0
-0.0034293576741440185 0 3 3 3 2 2 1 3 3 1 3 0
-0.0034293576741440185 0 3 3 3 2 2 2 3 3 2 3 0
-0.0031332710660342336 0 3 3 3 0 3 1 3 3 1 1 1
-0.0031179956216504092 0 3 3 3 0 3 1 3 3 1 2 2
-1.527544438382466e-05 0 3 3 3 0 3 1 3 3 2 2 1
-1.527544438382466e-05 0 3 3 3 0 3 2 3 3 1 1 2
-0.0031179956216504092 0 3 3 3 0 3 2 3 3 2 1 1
-0.0031332710660342336 0 3 3 3 0 3 2 3 3 2 2 2
0.07336423514595214 0 3 3 0 1 1 1 3 1 0 3 0
0.07336423514595214 0 3 3 0 1 1 2 3 2 0 3 0
0.07336423514595214 0 3 3 0 2 2 1 3 1 0 3 0
0.07336423514595214 0 3 3 0 2 2 2 3 2 0 3 0
0.06703005551088226 0 3 3 0 0 3 1 3 1 0 1 1
0.06670326798965542 0 3 3 0 0 3 1 3 1 0 2 2
0.0003267875212268547 0 3 3 0 0 3 1 3 2 0 2 1
0.0003267875212268547 0 3 3 0 0 3 2 3 1 0 1 2
0.06670326798965542 0 3 3 0 0 3 2 3 2 0 1 1
0.06703005551088226 0 3 3 0 0 3 2 3 2 0 2 2
-0.0006310408106834691 0 3 3 0 0 0 1 1 0 0 0 0
-0.0006310408106834691 0 3 3 0 0 0 2 2 0 0 0 0
0.0709537222143926 0 3 0 3 0 0 0 0 0 0 0 0
0.0006310408106835783 0 3 0 3 0 0 1 1 0 0 0 0
0.00023640699333529064 0 3 0 3 0 0 1 1 1 1 0 0
-0.06902291267308097 0 3 0 3 0 0 1 1 2 2 0 0
0.06925931966641628 0 3 0 3 0 0 1 2 2 1 0 0
0.06925931966641628 0 3 0 3 0 0 2 1 1 2 0 0
0.0006310408106835783 0 3 0 3 0 0 2 2 0 0 0 0
-0.06902291267308097 0 3 0 3 0 0 2 2 1 1 0 0
0.00023640699333529064 0 3 0 3 0 0 2 2 2 2 0 0
-0.0006310408106835117 0 3 0 3 0 0 0 0 1 1 0 0
-0.0006310408106835117 0 3 0 3 0 0 0 0 2 2 0 0
0.13947683456615925 0 3 0 0 3 0 0 0 0 0 0 0
0.1439352822260024 0 3 0 0 0 3 0 0 0 0 0 0
0.0032224161140984122 0 3 0 0 0 0 1 1 3 0 0 0
-0.0032224161140983506 0 3 0 0 0 0 1 1 0 3 0 0
0.0032224161140984122 0 3 0 0 0 0 2 2 3 0 0 0
-0.0032224161140983506 0 3 0 0 0 0 2 2 0 3 0 0
0.1459066690418614 0 3 0 0 0 0 3 0 0 0 0 0
0.15923574406909988 0 3 0 0 0 0 0 3 0 0 0 0
0.1465992529798076 0 3 0 0 0 0 0 0 3 0 0 0
0.16006960900190048 0 3 0 0 0 0 0 0 0 3 0 0
0.14633142449437864 0 3 0 0 0 0 0 0 0 0 3 0
0.1509259466315743 0 3 0 0 0 0 0 0 0 0 0 3
0.0006310408106835731 0 0 1 1 0 0 3 0 3 0 0 0
-0.0006310408106835117 0 0 1 1 0 0 0 3 3 0 0 0
-0.006871782764295737 0 0 1 2 0 0 0 0 1 2 0 0
0.006871782764295737 0 0 1 2 0 0 0 0 2 1 0 0
-0.0002960866081097806 0 0 1 0 1 3 0 1 0 0 3 1
-0.0002960866081097806 0 0 1 0 1 3 0 2 0 0 3 2
-0.006603100476353929 0 0 1 0 2 0 0 0 1 0 2 0
0.006603100476353929 0 0 1 0 2 0 0 0 2 0 1 0
-0.00031136205249360504 0 0 1 0 0 2 0 1 0 0 2 0
0.00031136205249360504 0 0 1 0 0 2 0 2 0 0 1 0
-0.007317944225452117 0 0 1 0 0 2 0 0 1 0 0 2
0.007317944225452117 0 0 1 0 0 2 0 0 2 0 0 1
0.006871782764295737 0 0 2 1 0 0 0 0 1 2 0 0
-0.006871782764295737 0 0 2 1 0 0 0 0 2 1 0 0
0.0006310408106835731 0 0 2 2 0 0 3 0 3 0 0 0
-0.0006310408106835117 0 0 2 2 0 0 0 3 3 0 0 0
0.006603100476353929 0 0 2 0 1 0 0 0 1 0 2 0
-0.006603100476353929 0 0 2 0 1 0 0 0 2 0 1 0
-0.0002960866081097806 0 0 2 0 2 3 0 1 0 0 3 1
-0.0002960866081097806 0 0 2 0 2 3 0 2 0 0 3 2
0.00031136205249360504 0 0 2 0 0 1 0 1 0 0 2 0
-0.00031136205249360504 0 0 2 0 0 1 0 2 0 0 1 0
0.007317944225452117 0 0 2 0 0 1 0 0 1 0 0 2
-0.007317944225452117 0 0 2 0 0 1 0 0 2 0 0 1
1.2053073180956746 0 0 3 0 0 0 0 0 0 0 0 0
-0.006334179635069865 0 0 3 1 1 3 0 1 3 0 3 1
-0.006334179635069865 0 0 3 1 1 3 0 2 3 0 3 2
-0.006660967156296717 0 0 3 1 0 2 0 1 3 0 2 0
0.006660967156296717 0 0 3 1 0 2 0 2 3 0 1 0
-0.006334179635069865 0 0 3 2 2 3 0 1 3 0 3 1
-0.006334179635069865 0 0 3 2 2 3 0 2 3 0 3 2
0.006660967156296717 0 0 3 2 0 1 0 1 3 0 2 0
-0.006660967156296717 0 0 3 2 0 1 0 2 3 0 1 0
0.14039836458934854 0 0 3 3 0 0 0 0 0 0 0 0
0.07336423514595215 0 0 3 3 1 1 0 1 3 1 3 0
0.07336423514595215 0 0 3 3 1 1 0 2 3 2 3 0
0.07336423514595215 0 0 3 3 2 2 0 1 3 1 3 0
0.07336423514595215 0 0 3 3 2 2 0 2 3 2 3 0
0.0670300555108823 0 0 3 3 0 3 0 1 3 1 1 1
0.06670326798965545 0 0 3 3 0 3 0 1 3 1 2 2
0.0003267875212268548 0 0 3 3 0 3 0 1 3 2 2 1
0.0003267875212268548 0 0 3 3 0 3 0 2 3 1 1 2
0.06670326798965545 0 0 3 3 0 3 0 2 3 2 1 1
0.0670300555108823 0 0 3 3 0 3 0 2 3 2 2 2
0.0034293576741439803 0 0 3 0 1 1 0 1 1 0 3 0
0.0034293576741439803 0 0 3 0 1 1 0 2 2 0 3 0
0.0034293576741439803 0 0 3 0 2 2 0 1 1 0 3 0
0.0034293576741439803 0 0 3 0 2 2 0 2 2 0 3 0
0.14022893437685813 0 0 3 0 3 0 0 0 0 0 0 0
0.14412019424746728 0 0 3 0 0 3 0 0 0 0 0 0
0.003133271066034199 0 0 3 0 0 3 0 1 1 0 1 1
0.0031179956216503754 0 0 3 0 0 3 0 1 1 0 2 2
1.527544438382451e-05 0 0 3 0 0 3 0 1 2 0 2 1
1.527544438382451e-05 0 0 3 0 0 3 0 2 1 0 1 2
0.0031179956216503754 0 0 3 0 0 3 0 2 2 0 1 1
0.003133271066034199 0 0 3 0 0 3 0 2 2 0 2 2
0.16006960900190043 0 0 3 0 0 0 3 0 0 0 0 0
0.1465992529798076 0 0 3 0 0 0 0 3 0 0 0 0
0.1610137128822357 0 0 3 0 0 0 0 0 3 0 0 0
0.1472701473536443 0 0 3 0 0 0 0 0 0 3 0 0
0.14683203485321206 0 0 3 0 0 0 0 0 0 0 3 0
0.1514381384729194 0 0 3 0 0 0 0 0 0 0 0 3
-0.00660310047635393 0 0 0 1 2 0 0 0 0 1 2 0
0.00660310047635393 0 0 0 1 2 0 0 0 0 2 1 0
-0.007317944225452121 0 0 0 1 0 2 0 0 0 1 0 2
0.007317944225452121 0 0 0 1 0 2 0 0 0 2 0 1
0.00660310047635393 0 0 0 2 1 0 0 0 0 1 2 0
-0.00660310047635393 0 0 0 2 1 0 0 0 0 2 1 0
0.007317944225452121 0 0 0 2 0 1 0 0 0 1 0 2
-0.007317944225452121 0 0 0 2 0 1 0 0 0 2 0 1
1.2053073180956744 0 0 0 3 0 0 0 0 0 0 0 0
0.14022893437685818 0 0 0 3 3 0 0 0 0 0 0 0
0.1441201942474673 0 0 0 3 0 3 0 0 0 0 0 0
0.14659925297980764 0 0 0 3 0 0 3 0 0 0 0 0
-0.003222416114098389 0 0 0 3 0 0 3 0 1 1 0 0
-0.003222416114098389 0 0 0 3 0 0 3 0 2 2 0 0
0.16006960900190048 0 0 0 3 0 0 0 3 0 0 0 0
0.0032224161140984027 0 0 0 3 0 0 0 3 1 1 0 0
0.0032224161140984027 0 0 0 3 0 0 0 3 2 2 0 0
0.1472701473536443 0 0 0 3 0 0 0 0 3 0 0 0
0.16101371288223582 0 0 0 3 0 0 0 0 0 3 0 0
0.1468320348532121 0 0 0 3 0 0 0 0 0 0 3 0
0.15143813847291943 0 0 0 3 0 0 0 0 0 0 0 3
-0.08384826007648336 0 0 0 0 1 2 0 0 0 0 1 2
0.08384826007648336 0 0 0 0 1 2 0 0 0 0 2 1
0.08384826007648336 0 0 0 0 2 1 0 0 0 0 1 2
-0.08384826007648336 0 0 0 0 2 1 0 0 0 0 2 1
1.2614417619735272 0 0 0 0 3 0 0 0 0 0 0 0
0.08050979600888647 0 0 0 0 3 3 0 0 0 0 0 0
0.1463314244943786 0 0 0 0 3 0 3 0 0 0 0 0
0.14633142449437864 0 0 0 0 3 0 0 3 0 0 0 0
0.14683203485321206 0 0 0 0 3 0 0 0 3 0 0 0
0.1468320348532121 0 0 0 0 3 0 0 0 0 3 0 0
0.1608528174658775 0 0 0 0 3 0 0 0 0 0 3 0
0.1643580560853698 0 0 0 0 3 0 0 0 0 0 0 3
1.1933483426808926 0 0 0 0 0 3 0 0 0 0 0 0
0.1509259466315743 0 0 0 0 0 3 3 0 0 0 0 0
0.1509259466315743 0 0 0 0 0 3 0 3 0 0 0 0
0.1514381384729194 0 0 0 0 0 3 0 0 3 0 0 0
0.15143813847291943 0 0 0 0 0 3 0 0 0 3 0 0
0.1643580560853698 0 0 0 0 0 3 0 0 0 0 3 0
0.17047936348955872 0 0 0 0 0 3 0 0 0 0 0 3
1.2208325338988049 0 0 0 0 0 0 3 0 0 0 0 0
0.13924213152824216 0 0 0 0 0 0 3 3 0 0 0 0
0.07095372221439258 0 0 0 0 0 0 3 0 3 0 0 0
0.1397402278941383 0 0 0 0 0 0 3 0 0 3 0 0
0.13947683456615925 0 0 0 0 0 0 3 0 0 0 3 0
0.1439352822260024 0 0 0 0 0 0 3 0 0 0 0 3
1.2208325338988046 0 0 0 0 0 0 0 3 0 0 0 0
0.1397402278941383 0 0 0 0 0 0 0 3 3 0 0 0
0.0709537222143926 0 0 0 0 0 0 0 3 0 3 0 0
0.13947683456615925 0 0 0 0 0 0 0 3 0 0 3 0
0.1439352822260024 0 0 0 0 0 0 0 3 0 0 0 3
1.205307318095675 0 0 0 0 0 0 0 0 3 0 0 0
0.14039836458934854 0 0 0 0 0 0 0 0 3 3 0 0
0.14022893437685813 0 0 0 0 0 0 0 0 3 0 3 0
0.14412019424746728 0 0 0 0 0 0 0 0 3 0 0 3
1.205307318095675 0 0 0 0 0 0 0 0 0 3 0 0
0.14022893437685818 0 0 0 0 0 0 0 0 0 3 3 0
0.1441201942474673 0 0 0 0 0 0 0 0 0 3 0 3
1.2614417619735268 0 0 0 0 0 0 0 0 0 0 3 0
0.08050979600888647 0 0 0 0 0 0 0 0 0 0 3 3
1.1933483426808926 0 0 0 0 0 0 0 0 0 0 0 3
