-189.97652464297363 0 0 0 0 0 0 0 0 0 0 0 0
-0.07955456827609986 1 1 1 1 0 0 3 0 3 0 0 0
1.707660368703047e-05 1 1 2 2 0 0 3 0 3 0 0 0
0.0004937910215445145 1 1 3 0 0 0 3 0 0 0 0 0
-0.000493791021544525 1 1 0 3 0 0 3 0 0 0 0 0
0.006727783719378676 1 1 0 3 0 0 3 0 1 1 0 0
0.006727783719378676 1 1 0 3 0 0 3 0 2 2 0 0
-8.353593068302685e-05 1 1 0 0 0 0 3 0 3 0 0 0
8.353593068297283e-05 1 1 0 0 0 0 3 0 0 3 0 0
-0.07957164487978688 1 2 2 1 0 0 3 0 3 0 0 0
-0.006722908263138865 1 2 0 0 0 0 1 2 0 0 0 0
0.006722908263138865 1 2 0 0 0 0 2 1 0 0 0 0
-0.0004896062286583461 1 3 1 0 1 1 3 3 0 0 3 0
-0.000489259538735531 1 3 1 0 2 2 3 3 0 0 3 0
-0.0005311103579976271 1 3 1 0 0 3 3 3 0 0 1 1
-0.0005311103579976271 1 3 1 0 0 3 3 3 0 0 2 2
-0.006710707115691645 1 3 2 3 0 0 3 1 3 2 0 0
0.006710707115691645 1 3 2 3 0 0 3 2 3 1 0 0
-3.466899228151617e-07 1 3 2 0 2 1 3 3 0 0 3 0
-0.0005773269522275414 1 3 2 0 0 0 3 1 2 0 0 0
0.0005773269522275414 1 3 2 0 0 0 3 2 1 0 0 0
-0.0788664647818318 1 3 3 1 1 1 3 3 3 0 3 0
-0.07881061947801929 1 3 3 1 2 2 3 3 3 0 3 0
-0.08555200872151303 1 3 3 1 0 3 3 3 3 0 1 1
-0.08555200872151303 1 3 3 1 0 3 3 3 3 0 2 2
-5.584530381252896e-05 1 3 3 2 2 1 3 3 3 0 3 0
0.006741389243493739 1 3 3 3 2 3 3 3 3 1 3 2
-0.006741389243493739 1 3 3 3 2 3 3 3 3 2 3 1
0.006685543939681211 1 3 3 3 0 1 3 3 3 1 1 0
0.006685543939681211 1 3 3 3 0 1 3 3 3 2 2 0
4.18508192620961e-05 1 3 3 0 2 3 3 3 1 0 3 2
-4.18508192620961e-05 1 3 3 0 2 3 3 3 2 0 3 1
4.150412933928093e-05 1 3 3 0 0 1 3 3 1 0 1 0
4.150412933928093e-05 1 3 3 0 0 1 3 3 2 0 2 0
-0.08628235199547853 1 3 0 1 0 0 3 1 1 0 0 0
-0.08628235199547853 1 3 0 1 0 0 3 2 2 0 0 0
0.0005773269522274979 1 3 0 2 0 0 3 1 0 2 0 0
-0.0005773269522274979 1 3 0 2 0 0 3 2 0 1 0 0
-0.0005773269522275201 1 0 2 3 0 0 1 0 3 2 0 0
0.0005773269522275201 1 0 2 3 0 0 2 0 3 1 0 0
-0.006717875254204385 1 0 2 0 0 0 1 0 2 0 0 0
0.006717875254204385 1 0 2 0 0 0 2 0 1 0 0 0
-0.0005773269522275201 1 0 0 1 0 0 1 0 1 0 0 0
-0.0005773269522275201 1 0 0 1 0 0 2 0 2 0 0 0
-0.09971093436537457 1 0 0 2 0 0 1 0 0 2 0 0
0.09971093436537457 1 0 0 2 0 0 2 0 0 1 0 0
-0.006723516344293288 1 0 0 0 2 0 1 0 0 0 2 0
0.006723516344293288 1 0 0 0 2 0 2 0 0 0 1 0
-0.006724894299764862 1 0 0 0 0 2 1 0 0 0 0 2
0.006724894299764862 1 0 0 0 0 2 2 0 0 0 0 1
-0.07957164487978688 2 1 1 2 0 0 3 0 3 0 0 0
0.006722908263138865 2 1 0 0 0 0 1 2 0 0 0 0
-0.006722908263138865 2 1 0 0 0 0 2 1 0 0 0 0
1.707660368703047e-05 2 2 1 1 0 0 3 0 3 0 0 0
-0.07955456827609986 2 2 2 2 0 0 3 0 3 0 0 0
0.0004937910215445145 2 2 3 0 0 0 3 0 0 0 0 0
-0.000493791021544525 2 2 0 3 0 0 3 0 0 0 0 0
0.006727783719378676 2 2 0 3 0 0 3 0 1 1 0 0
0.006727783719378676 2 2 0 3 0 0 3 0 2 2 0 0
-8.353593068302685e-05 2 2 0 0 0 0 3 0 3 0 0 0
8.353593068297283e-05 2 2 0 0 0 0 3 0 0 3 0 0
0.006710707115691645 2 3 1 3 0 0 3 1 3 2 0 0
-0.006710707115691645 2 3 1 3 0 0 3 2 3 1 0 0
-3.466899228151617e-07 2 3 1 0 1 2 3 3 0 0 3 0
0.0005773269522275414 2 3 1 0 0 0 3 1 2 0 0 0
-0.0005773269522275414 2 3 1 0 0 0 3 2 1 0 0 0
-0.000489259538735531 2 3 2 0 1 1 3 3 0 0 3 0
-0.0004896062286583461 2 3 2 0 2 2 3 3 0 0 3 0
-0.0005311103579976271 2 3 2 0 0 3 3 3 0 0 1 1
-0.0005311103579976271 2 3 2 0 0 3 3 3 0 0 2 2
-5.584530381252896e-05 2 3 3 1 1 2 3 3 3 0 3 0
-0.07881061947801929 2 3 3 2 1 1 3 3 3 0 3 0
-0.0788664647818318 2 3 3 2 2 2 3 3 3 0 3 0
-0.08555200872151303 2 3 3 2 0 3 3 3 3 0 1 1
-0.08555200872151303 2 3 3 2 0 3 3 3 3 0 2 2
-0.006741389243493739 2 3 3 3 1 3 3 3 3 1 3 2
0.006741389243493739 2 3 3 3 1 3 3 3 3 2 3 1
0.006685543939681211 2 3 3 3 0 2 3 3 3 1 1 0
0.006685543939681211 2 3 3 3 0 2 3 3 3 2 2 0
-4.18508192620961e-05 2 3 3 0 1 3 3 3 1 0 3 2
4.18508192620961e-05 2 3 3 0 1 3 3 3 2 0 3 1
4.150412933928093e-05 2 3 3 0 0 2 3 3 1 0 1 0
4.150412933928093e-05 2 3 3 0 0 2 3 3 2 0 2 0
-0.0005773269522274979 2 3 0 1 0 0 3 1 0 2 0 0
0.0005773269522274979 2 3 0 1 0 0 3 2 0 1 0 0
-0.08628235199547853 2 3 0 2 0 0 3 1 1 0 0 0
-0.08628235199547853 2 3 0 2 0 0 3 2 2 0 0 0
0.0005773269522275201 2 0 1 3 0 0 1 0 3 2 0 0
-0.0005773269522275201 2 0 1 3 0 0 2 0 3 1 0 0
0.006717875254204385 2 0 1 0 0 0 1 0 2 0 0 0
-0.006717875254204385 2 0 1 0 0 0 2 0 1 0 0 0
0.09971093436537457 2 0 0 1 0 0 1 0 0 2 0 0
-0.09971093436537457 2 0 0 1 0 0 2 0 0 1 0 0
-0.0005773269522275201 2 0 0 2 0 0 1 0 1 0 0 0
-0.0005773269522275201 2 0 0 2 0 0 2 0 2 0 0 0
0.006723516344293288 2 0 0 0 1 0 1 0 0 0 2 0
-0.006723516344293288 2 0 0 0 1 0 2 0 0 0 1 0
0.006724894299764862 2 0 0 0 0 1 1 0 0 0 0 2
-0.006724894299764862 2 0 0 0 0 1 2 0 0 0 0 1
1.1278323902064862 3 0 0 0 0 0 0 0 0 0 0 0
0.1294432145978672 3 3 0 0 0 0 0 0 0 0 0 0
0.0004937910215445169 3 0 1 1 0 0 0 0 3 0 0 0
0.0004937910215445169 3 0 2 2 0 0 0 0 3 0 0 0
0.12948994677631845 3 0 3 0 0 0 0 0 0 0 0 0
0.04995245510390552 3 0 0 3 0 0 0 0 0 0 0 0
-8.353593068300323e-05 3 0 0 3 0 0 0 0 1 1 0 0
-8.353593068300323e-05 3 0 0 3 0 0 0 0 2 2 0 0
0.12986950832882915 3 0 0 0 3 0 0 0 0 0 0 0
0.13046109203088313 3 0 0 0 0 3 0 0 0 0 0 0
0.14961193938728398 3 0 0 0 0 0 3 0 0 0 0 0
0.13616612286100607 3 0 0 0 0 0 0 3 0 0 0 0
0.13620782203052284 3 0 0 0 0 0 0 0 3 0 0 0
0.14966338946928007 3 0 0 0 0 0 0 0 0 3 0 0
0.13659302467312245 3 0 0 0 0 0 0 0 0 0 3 0
0.137185986330648 3 0 0 0 0 0 0 0 0 0 0 3
-0.08628235199547853 0 1 1 3 0 0 1 0 3 1 0 0
-0.08628235199547853 0 1 1 3 0 0 2 0 3 2 0 0
-0.07886646478183179 0 1 1 0 1 1 0 3 0 0 3 0
-0.07881061947801926 0 1 1 0 2 2 0 3 0 0 3 0
-0.085552008721513 0 1 1 0 0 3 0 3 0 0 1 1
-0.085552008721513 0 1 1 0 0 3 0 3 0 0 2 2
-0.0005773269522275415 0 1 1 0 0 0 1 0 1 0 0 0
-0.0005773269522275415 0 1 1 0 0 0 2 0 2 0 0 0
0.0005773269522274795 0 1 2 3 0 0 0 1 3 2 0 0
-0.0005773269522274795 0 1 2 3 0 0 0 2 3 1 0 0
-5.584530381252766e-05 0 1 2 0 2 1 0 3 0 0 3 0
-0.0997109343653745 0 1 2 0 0 0 0 1 2 0 0 0
0.0997109343653745 0 1 2 0 0 0 0 2 1 0 0 0
0.0004896062286583174 0 1 3 1 1 1 0 3 3 0 3 0
0.0004892595387355022 0 1 3 1 2 2 0 3 3 0 3 0
0.0005311103579975957 0 1 3 1 0 3 0 3 3 0 1 1
0.0005311103579975957 0 1 3 1 0 3 0 3 3 0 2 2
3.4668992281536246e-07 0 1 3 2 2 1 0 3 3 0 3 0
-4.1850819262093435e-05 0 1 3 3 2 3 0 3 3 1 3 2
4.1850819262093435e-05 0 1 3 3 2 3 0 3 3 2 3 1
-4.150412933927807e-05 0 1 3 3 0 1 0 3 3 1 1 0
-4.150412933927807e-05 0 1 3 3 0 1 0 3 3 2 2 0
0.006741389243493736 0 1 3 0 2 3 0 3 1 0 3 2
-0.006741389243493736 0 1 3 0 2 3 0 3 2 0 3 1
0.006685543939681209 0 1 3 0 0 1 0 3 1 0 1 0
0.006685543939681209 0 1 3 0 0 1 0 3 2 0 2 0
0.0005773269522274979 0 1 0 1 0 0 1 0 0 1 0 0
0.0005773269522274979 0 1 0 1 0 0 2 0 0 2 0 0
0.0005773269522274795 0 1 0 1 0 0 0 1 1 0 0 0
0.0005773269522274795 0 1 0 1 0 0 0 2 2 0 0 0
-0.006710707115691645 0 1 0 2 0 0 1 0 2 0 0 0
0.006710707115691645 0 1 0 2 0 0 2 0 1 0 0 0
-0.006717875254204371 0 1 0 2 0 0 0 1 0 2 0 0
0.006717875254204371 0 1 0 2 0 0 0 2 0 1 0 0
-0.00672351634429328 0 1 0 0 2 0 0 1 0 0 2 0
0.00672351634429328 0 1 0 0 2 0 0 2 0 0 1 0
-0.006724894299764854 0 1 0 0 0 2 0 1 0 0 0 2
0.006724894299764854 0 1 0 0 0 2 0 2 0 0 0 1
-0.0005773269522274795 0 2 1 3 0 0 0 1 3 2 0 0
0.0005773269522274795 0 2 1 3 0 0 0 2 3 1 0 0
-5.584530381252766e-05 0 2 1 0 1 2 0 3 0 0 3 0
0.0997109343653745 0 2 1 0 0 0 0 1 2 0 0 0
-0.0997109343653745 0 2 1 0 0 0 0 2 1 0 0 0
-0.08628235199547853 0 2 2 3 0 0 1 0 3 1 0 0
-0.08628235199547853 0 2 2 3 0 0 2 0 3 2 0 0
-0.07881061947801926 0 2 2 0 1 1 0 3 0 0 3 0
-0.07886646478183179 0 2 2 0 2 2 0 3 0 0 3 0
-0.085552008721513 0 2 2 0 0 3 0 3 0 0 1 1
-0.085552008721513 0 2 2 0 0 3 0 3 0 0 2 2
-0.0005773269522275415 0 2 2 0 0 0 1 0 1 0 0 0
-0.0005773269522275415 0 2 2 0 0 0 2 0 2 0 0 0
3.4668992281536246e-07 0 2 3 1 1 2 0 3 3 0 3 0
0.0004892595387355022 0 2 3 2 1 1 0 3 3 0 3 0
0.0004896062286583174 0 2 3 2 2 2 0 3 3 0 3 0
0.0005311103579975957 0 2 3 2 0 3 0 3 3 0 1 1
0.0005311103579975957 0 2 3 2 0 3 0 3 3 0 2 2
4.1850819262093435e-05 0 2 3 3 1 3 0 3 3 1 3 2
-4.1850819262093435e-05 0 2 3 3 1 3 0 3 3 2 3 1
-4.150412933927807e-05 0 2 3 3 0 2 0 3 3 1 1 0
-4.150412933927807e-05 0 2 3 3 0 2 0 3 3 2 2 0
-0.006741389243493736 0 2 3 0 1 3 0 3 1 0 3 2
0.006741389243493736 0 2 3 0 1 3 0 3 2 0 3 1
0.006685543939681209 0 2 3 0 0 2 0 3 1 0 1 0
0.006685543939681209 0 2 3 0 0 2 0 3 2 0 2 0
0.006710707115691645 0 2 0 1 0 0 1 0 2 0 0 0
-0.006710707115691645 0 2 0 1 0 0 2 0 1 0 0 0
0.006717875254204371 0 2 0 1 0 0 0 1 0 2 0 0
-0.006717875254204371 0 2 0 1 0 0 0 2 0 1 0 0
0.0005773269522274979 0 2 0 2 0 0 1 0 0 1 0 0
0.0005773269522274979 0 2 0 2 0 0 2 0 0 2 0 0
0.0005773269522274795 0 2 0 2 0 0 0 1 1 0 0 0
0.0005773269522274795 0 2 0 2 0 0 0 2 2 0 0 0
0.00672351634429328 0 2 0 0 1 0 0 1 0 0 2 0
-0.00672351634429328 0 2 0 0 1 0 0 2 0 0 1 0
0.006724894299764854 0 2 0 0 0 1 0 1 0 0 0 2
-0.006724894299764854 0 2 0 0 0 1 0 2 0 0 0 1
1.1278323902064842 0 3 0 0 0 0 0 0 0 0 0 0
0.006727783719378676 0 3 1 1 0 0 1 1 3 0 0 0
0.006727783719378676 0 3 1 1 0 0 2 2 3 0 0 0
-0.0004937910215445354 0 3 1 1 0 0 0 0 3 0 0 0
4.150412933928093e-05 0 3 1 0 1 3 1 3 0 0 3 1
4.150412933928093e-05 0 3 1 0 1 3 2 3 0 0 3 2
4.18508192620961e-05 0 3 1 0 0 2 1 3 0 0 2 0
-4.18508192620961e-05 0 3 1 0 0 2 2 3 0 0 1 0
0.006727783719378676 0 3 2 2 0 0 1 1 3 0 0 0
0.006727783719378676 0 3 2 2 0 0 2 2 3 0 0 0
-0.0004937910215445354 0 3 2 2 0 0 0 0 3 0 0 0
4.150412933928093e-05 0 3 2 0 2 3 1 3 0 0 3 1
4.150412933928093e-05 0 3 2 0 2 3 2 3 0 0 3 2
-4.18508192620961e-05 0 3 2 0 0 1 1 3 0 0 2 0
4.18508192620961e-05 0 3 2 0 0 1 2 3 0 0 1 0
0.04995245510390546 0 3 3 0 0 0 0 0 0 0 0 0
0.006685543939681211 0 3 3 1 1 3 1 3 3 0 3 1
0.006685543939681211 0 3 3 1 1 3 2 3 3 0 3 2
0.006741389243493739 0 3 3 1 0 2 1 3 3 0 2 0
-0.006741389243493739 0 3 3 1 0 2 2 3 3 0 1 0
0.006685543939681211 0 3 3 2 2 3 1 3 3 0 3 1
0.006685543939681211 0 3 3 2 2 3 2 3 3 0 3 2
-0.006741389243493739 0 3 3 2 0 1 1 3 3 0 2 0
0.006741389243493739 0 3 3 2 0 1 2 3 3 0 1 0
-0.08555200872151303 0 3 3 3 1 1 1 3 3 1 3 0
-0.08555200872151303 0 3 3 3 1 1 2 3 3 2 3 0
-0.08555200872151303 0 3 3 3 2 2 1 3 3 1 3 0
-0.08555200872151303 0 3 3 3 2 2 2 3 3 2 3 0
-0.0788664647818318 0 3 3 3 0 3 1 3 3 1 1 1
-0.07881061947801929 0 3 3 3 0 3 1 3 3 1 2 2
-5.584530381252896e-05 0 3 3 3 0 3 1 3 3 2 2 1
-5.584530381252896e-05 0 3 3 3 0 3 2 3 3 1 1 2
-0.07881061947801929 0 3 3 3 0 3 2 3 3 2 1 1
-0.0788664647818318 0 3 3 3 0 3 2 3 3 2 2 2
-0.0005311103579976271 0 3 3 0 1 1 1 3 1 0 3 0
-0.0005311103579976271 0 3 3 0 1 1 2 3 2 0 3 0
-0.0005311103579976271 0 3 3 0 2 2 1 3 1 0 3 0
-0.0005311103579976271 0 3 3 0 2 2 2 3 2 0 3 0
-0.0004896062286583461 0 3 3 0 0 3 1 3 1 0 1 1
-0.000489259538735531 0 3 3 0 0 3 1 3 1 0 2 2
-3.466899228151617e-07 0 3 3 0 0 3 1 3 2 0 2 1
-3.466899228151617e-07 0 3 3 0 0 3 2 3 1 0 1 2
-0.000489259538735531 0 3 3 0 0 3 2 3 2 0 1 1
-0.0004896062286583461 0 3 3 0 0 3 2 3 2 0 2 2
-8.353593068302685e-05 0 3 3 0 0 0 1 1 0 0 0 0
-8.353593068302685e-05 0 3 3 0 0 0 2 2 0 0 0 0
0.1294899467763182 0 3 0 3 0 0 0 0 0 0 0 0
8.353593068297283e-05 0 3 0 3 0 0 1 1 0 0 0 0
-0.07955456827609986 0 3 0 3 0 0 1 1 1 1 0 0
1.707660368703047e-05 0 3 0 3 0 0 1 1 2 2 0 0
-0.07957164487978688 0 3 0 3 0 0 1 2 2 1 0 0
-0.07957164487978688 0 3 0 3 0 0 2 1 1 2 0 0
8.353593068297283e-05 0 3 0 3 0 0 2 2 0 0 0 0
1.707660368703047e-05 0 3 0 3 0 0 2 2 1 1 0 0
-0.07955456827609986 0 3 0 3 0 0 2 2 2 2 0 0
8.35359306829439e-05 0 3 0 3 0 0 0 0 1 1 0 0
8.35359306829439e-05 0 3 0 3 0 0 0 0 2 2 0 0
0.12986950832882901 0 3 0 0 3 0 0 0 0 0 0 0
0.13046109203088296 0 3 0 0 0 3 0 0 0 0 0 0
0.0004937910215445145 0 3 0 0 0 0 1 1 3 0 0 0
-0.000493791021544525 0 3 0 0 0 0 1 1 0 3 0 0
0.0004937910215445145 0 3 0 0 0 0 2 2 3 0 0 0
-0.000493791021544525 0 3 0 0 0 0 2 2 0 3 0 0
0.13616612286100607 0 3 0 0 0 0 3 0 0 0 0 0
0.14961193938728357 0 3 0 0 0 0 0 3 0 0 0 0
0.14966338946927998 0 3 0 0 0 0 0 0 3 0 0 0
0.13620782203052256 0 3 0 0 0 0 0 0 0 3 0 0
0.1365930246731223 0 3 0 0 0 0 0 0 0 0 3 0
0.13718598633064782 0 3 0 0 0 0 0 0 0 0 0 3
-8.353593068300323e-05 0 0 1 1 0 0 3 0 3 0 0 0
8.35359306829439e-05 0 0 1 1 0 0 0 3 3 0 0 0
-0.006733708413046614 0 0 1 2 0 0 0 0 1 2 0 0
0.006733708413046614 0 0 1 2 0 0 0 0 2 1 0 0
0.006685543939681209 0 0 1 0 1 3 0 1 0 0 3 1
0.006685543939681209 0 0 1 0 1 3 0 2 0 0 3 2
-0.006672732998424703 0 0 1 0 2 0 0 0 1 0 2 0
0.006672732998424703 0 0 1 0 2 0 0 0 2 0 1 0
0.006741389243493736 0 0 1 0 0 2 0 1 0 0 2 0
-0.006741389243493736 0 0 1 0 0 2 0 2 0 0 1 0
-0.006785802256617493 0 0 1 0 0 2 0 0 1 0 0 2
0.006785802256617493 0 0 1 0 0 2 0 0 2 0 0 1
0.006733708413046614 0 0 2 1 0 0 0 0 1 2 0 0
-0.006733708413046614 0 0 2 1 0 0 0 0 2 1 0 0
-8.353593068300323e-05 0 0 2 2 0 0 3 0 3 0 0 0
8.35359306829439e-05 0 0 2 2 0 0 0 3 3 0 0 0
0.006672732998424703 0 0 2 0 1 0 0 0 1 0 2 0
-0.006672732998424703 0 0 2 0 1 0 0 0 2 0 1 0
0.006685543939681209 0 0 2 0 2 3 0 1 0 0 3 1
0.006685543939681209 0 0 2 0 2 3 0 2 0 0 3 2
-0.006741389243493736 0 0 2 0 0 1 0 1 0 0 2 0
0.006741389243493736 0 0 2 0 0 1 0 2 0 0 1 0
0.006785802256617493 0 0 2 0 0 1 0 0 1 0 0 2
-0.006785802256617493 0 0 2 0 0 1 0 0 2 0 0 1
1.1270495210968352 0 0 3 0 0 0 0 0 0 0 0 0
-4.150412933927807e-05 0 0 3 1 1 3 0 1 3 0 3 1
-4.150412933927807e-05 0 0 3 1 1 3 0 2 3 0 3 2
-4.1850819262093435e-05 0 0 3 1 0 2 0 1 3 0 2 0
4.1850819262093435e-05 0 0 3 1 0 2 0 2 3 0 1 0
-4.150412933927807e-05 0 0 3 2 2 3 0 1 3 0 3 1
-4.150412933927807e-05 0 0 3 2 2 3 0 2 3 0 3 2
4.1850819262093435e-05 0 0 3 2 0 1 0 1 3 0 2 0
-4.1850819262093435e-05 0 0 3 2 0 1 0 2 3 0 1 0
0.1295148556088476 0 0 3 3 0 0 0 0 0 0 0 0
0.0005311103579975957 0 0 3 3 1 1 0 1 3 1 3 0
0.0005311103579975957 0 0 3 3 1 1 0 2 3 2 3 0
0.0005311103579975957 0 0 3 3 2 2 0 1 3 1 3 0
0.0005311103579975957 0 0 3 3 2 2 0 2 3 2 3 0
0.0004896062286583174 0 0 3 3 0 3 0 1 3 1 1 1
0.0004892595387355022 0 0 3 3 0 3 0 1 3 1 2 2
3.4668992281536246e-07 0 0 3 3 0 3 0 1 3 2 2 1
3.4668992281536246e-07 0 0 3 3 0 3 0 2 3 1 1 2
0.0004892595387355022 0 0 3 3 0 3 0 2 3 2 1 1
0.0004896062286583174 0 0 3 3 0 3 0 2 3 2 2 2
-0.085552008721513 0 0 3 0 1 1 0 1 1 0 3 0
-0.085552008721513 0 0 3 0 1 1 0 2 2 0 3 0
-0.085552008721513 0 0 3 0 2 2 0 1 1 0 3 0
-0.085552008721513 0 0 3 0 2 2 0 2 2 0 3 0
0.12995586761087266 0 0 3 0 3 0 0 0 0 0 0 0
0.1304358329056547 0 0 3 0 0 3 0 0 0 0 0 0
-0.07886646478183179 0 0 3 0 0 3 0 1 1 0 1 1
-0.07881061947801926 0 0 3 0 0 3 0 1 1 0 2 2
-5.584530381252766e-05 0 0 3 0 0 3 0 1 2 0 2 1
-5.584530381252766e-05 0 0 3 0 0 3 0 2 1 0 1 2
-0.07881061947801926 0 0 3 0 0 3 0 2 2 0 1 1
-0.07886646478183179 0 0 3 0 0 3 0 2 2 0 2 2
0.13620782203052284 0 0 3 0 0 0 3 0 0 0 0 0
0.14966338946927998 0 0 3 0 0 0 0 3 0 0 0 0
0.14971598084798748 0 0 3 0 0 0 0 0 3 0 0 0
0.1362485640218942 0 0 3 0 0 0 0 0 0 3 0 0
0.13662860060929735 0 0 3 0 0 0 0 0 0 0 3 0
0.13722163516227218 0 0 3 0 0 0 0 0 0 0 0 3
-0.006672732998424698 0 0 0 1 2 0 0 0 0 1 2 0
0.006672732998424698 0 0 0 1 2 0 0 0 0 2 1 0
-0.006785802256617491 0 0 0 1 0 2 0 0 0 1 0 2
0.006785802256617491 0 0 0 1 0 2 0 0 0 2 0 1
0.006672732998424698 0 0 0 2 1 0 0 0 0 1 2 0
-0.006672732998424698 0 0 0 2 1 0 0 0 0 2 1 0
0.006785802256617491 0 0 0 2 0 1 0 0 0 1 0 2
-0.006785802256617491 0 0 0 2 0 1 0 0 0 2 0 1
1.1270495210968339 0 0 0 3 0 0 0 0 0 0 0 0
0.12995586761087255 0 0 0 3 3 0 0 0 0 0 0 0
0.13043583290565458 0 0 0 3 0 3 0 0 0 0 0 0
0.14966338946928007 0 0 0 3 0 0 3 0 0 0 0 0
0.0004937910215445169 0 0 0 3 0 0 3 0 1 1 0 0
0.0004937910215445169 0 0 0 3 0 0 3 0 2 2 0 0
0.13620782203052256 0 0 0 3 0 0 0 3 0 0 0 0
-0.0004937910215445354 0 0 0 3 0 0 0 3 1 1 0 0
-0.0004937910215445354 0 0 0 3 0 0 0 3 2 2 0 0
0.1362485640218942 0 0 0 3 0 0 0 0 3 0 0 0
0.1497159808479873 0 0 0 3 0 0 0 0 0 3 0 0
0.13662860060929727 0 0 0 3 0 0 0 0 0 0 3 0
0.13722163516227207 0 0 0 3 0 0 0 0 0 0 0 3
-0.09814181050848017 0 0 0 0 1 2 0 0 0 0 1 2
0.09814181050848017 0 0 0 0 1 2 0 0 0 0 2 1
0.09814181050848017 0 0 0 0 2 1 0 0 0 0 1 2
-0.09814181050848017 0 0 0 0 2 1 0 0 0 0 2 1
1.136515452051162 0 0 0 0 3 0 0 0 0 0 0 0
0.052995999839240145 0 0 0 0 3 3 0 0 0 0 0 0
0.13659302467312245 0 0 0 0 3 0 3 0 0 0 0 0
0.1365930246731223 0 0 0 0 3 0 0 3 0 0 0 0
0.13662860060929735 0 0 0 0 3 0 0 0 3 0 0 0
0.13662860060929727 0 0 0 0 3 0 0 0 0 3 0 0
0.15053435777915178 0 0 0 0 3 0 0 0 0 0 3 0
0.15113781034772034 0 0 0 0 3 0 0 0 0 0 0 3
1.1301874011572917 0 0 0 0 0 3 0 0 0 0 0 0
0.137185986330648 0 0 0 0 0 3 3 0 0 0 0 0
0.13718598633064782 0 0 0 0 0 3 0 3 0 0 0 0
0.13722163516227218 0 0 0 0 0 3 0 0 3 0 0 0
0.13722163516227207 0 0 0 0 0 3 0 0 0 3 0 0
0.15113781034772034 0 0 0 0 0 3 0 0 0 0 3 0
0.15183886421831108 0 0 0 0 0 3 0 0 0 0 0 3
1.1278323902064862 0 0 0 0 0 0 3 0 0 0 0 0
0.1294432145978672 0 0 0 0 0 0 3 3 0 0 0 0
0.12948994677631845 0 0 0 0 0 0 3 0 3 0 0 0
0.04995245510390552 0 0 0 0 0 0 3 0 0 3 0 0
0.12986950832882915 0 0 0 0 0 0 3 0 0 0 3 0
0.13046109203088313 0 0 0 0 0 0 3 0 0 0 0 3
1.1278323902064842 0 0 0 0 0 0 0 3 0 0 0 0
0.04995245510390546 0 0 0 0 0 0 0 3 3 0 0 0
0.1294899467763182 0 0 0 0 0 0 0 3 0 3 0 0
0.12986950832882901 0 0 0 0 0 0 0 3 0 0 3 0
0.13046109203088296 0 0 0 0 0 0 0 3 0 0 0 3
1.1270495210968354 0 0 0 0 0 0 0 0 3 0 0 0
0.1295148556088476 0 0 0 0 0 0 0 0 3 3 0 0
0.12995586761087266 0 0 0 0 0 0 0 0 3 0 3 0
0.1304358329056547 0 0 0 0 0 0 0 0 3 0 0 3
1.1270495210968339 0 0 0 0 0 0 0 0 0 3 0 0
0.12995586761087255 0 0 0 0 0 0 0 0 0 3 3 0
0.13043583290565458 0 0 0 0 0 0 0 0 0 3 0 3
1.136515452051162 0 0 0 0 0 0 0 0 0 0 3 0
0.052995999839240145 0 0 0 0 0 0 0 0 0 0 3 3
1.1301874011572919 0 0 0 0 0 0 0 0 0 0 0 3
