-188.5770621685939 0 0 0 0 0 0 0 0 0 0 0 0
0.0004730007208236521 1 1 0 1 1 0 3 0 0 3 0 0
-0.05443335382229388 1 1 0 2 2 0 3 0 0 3 0 0
0.0002900691319747558 1 1 0 3 0 0 3 0 0 0 0 0
-0.0002900691319747008 1 1 0 0 3 0 3 0 0 0 0 0
0.006979322842229713 1 1 0 0 3 0 3 0 0 1 1 0
0.006979322842229713 1 1 0 0 3 0 3 0 0 2 2 0
-7.503605896754672e-05 1 1 0 0 0 0 3 0 0 3 0 0
7.50360589676379e-05 1 1 0 0 0 0 3 0 0 0 3 0
0.05490635454311755 1 2 0 2 1 0 3 0 0 3 0 0
-0.006770613801366383 1 2 0 0 0 0 1 2 0 0 0 0
0.006770613801366383 1 2 0 0 0 0 2 1 0 0 0 0
-0.0011887830978595344 1 3 1 1 3 1 3 3 0 3 3 0
0.04735439954966885 1 3 1 2 3 2 3 3 0 3 3 0
6.390234635452247e-06 1 3 1 0 1 1 3 3 0 0 3 0
-0.00025455082991017935 1 3 1 0 2 2 3 3 0 0 3 0
-0.004829204938170146 1 3 1 0 3 3 3 3 0 1 3 1
-0.004829204938170146 1 3 1 0 3 3 3 3 0 2 3 2
2.5959111223196594e-05 1 3 1 0 0 3 3 3 0 0 1 1
2.5959111223196594e-05 1 3 1 0 0 3 3 3 0 0 2 2
-0.048543182647528396 1 3 2 2 3 1 3 3 0 3 3 0
0.00026094106454563153 1 3 2 0 2 1 3 3 0 0 3 0
0.05218360448783899 1 3 3 2 3 3 3 3 1 3 3 2
-0.05218360448783899 1 3 3 2 3 3 3 3 2 3 3 1
-0.0002805099411333759 1 3 3 0 2 3 3 3 1 0 3 2
0.0002805099411333759 1 3 3 0 2 3 3 3 2 0 3 1
0.0036404218403106106 1 3 3 0 3 1 3 3 1 1 3 0
0.0036404218403106106 1 3 3 0 3 1 3 3 2 2 3 0
-1.9568876587744344e-05 1 3 3 0 0 1 3 3 1 0 1 0
-1.9568876587744344e-05 1 3 3 0 0 1 3 3 2 0 2 0
-0.0614126766645236 1 3 0 2 3 0 3 1 0 3 2 0
0.0614126766645236 1 3 0 2 3 0 3 2 0 3 1 0
-0.00036510519094230245 1 3 0 2 0 0 3 1 0 2 0 0
0.00036510519094230245 1 3 0 2 0 0 3 2 0 1 0 0
-0.00650632212140606 1 3 0 0 1 0 3 1 0 1 0 0
-0.00650632212140606 1 3 0 0 1 0 3 2 0 2 0 0
0.00036510519094233877 1 3 0 0 2 0 3 1 0 0 2 0
-0.00036510519094233877 1 3 0 0 2 0 3 2 0 0 1 0
-0.008272808137316913 1 0 2 0 0 0 1 0 2 0 0 0
0.008272808137316913 1 0 2 0 0 0 2 0 1 0 0 0
0.00036510519094233427 1 0 0 2 3 0 1 0 0 3 2 0
-0.00036510519094233427 1 0 0 2 3 0 2 0 0 3 1 0
-0.07442924611091738 1 0 0 2 0 0 1 0 0 2 0 0
0.07442924611091738 1 0 0 2 0 0 2 0 0 1 0 0
0.00036510519094233427 1 0 0 0 1 0 1 0 0 1 0 0
0.00036510519094233427 1 0 0 0 1 0 2 0 0 2 0 0
-0.0065102473249876855 1 0 0 0 2 0 1 0 0 0 2 0
0.0065102473249876855 1 0 0 0 2 0 2 0 0 0 1 0
-0.008416938255342073 1 0 0 0 0 2 1 0 0 0 0 2
0.008416938255342073 1 0 0 0 0 2 2 0 0 0 0 1
0.05490635454311755 2 1 0 1 2 0 3 0 0 3 0 0
0.006770613801366383 2 1 0 0 0 0 1 2 0 0 0 0
-0.006770613801366383 2 1 0 0 0 0 2 1 0 0 0 0
-0.05443335382229388 2 2 0 1 1 0 3 0 0 3 0 0
0.0004730007208236521 2 2 0 2 2 0 3 0 0 3 0 0
0.0002900691319747558 2 2 0 3 0 0 3 0 0 0 0 0
-0.0002900691319747008 2 2 0 0 3 0 3 0 0 0 0 0
0.006979322842229713 2 2 0 0 3 0 3 0 0 1 1 0
0.006979322842229713 2 2 0 0 3 0 3 0 0 2 2 0
-7.503605896754672e-05 2 2 0 0 0 0 3 0 0 3 0 0
7.50360589676379e-05 2 2 0 0 0 0 3 0 0 0 3 0
-0.048543182647528396 2 3 1 1 3 2 3 3 0 3 3 0
0.00026094106454563153 2 3 1 0 1 2 3 3 0 0 3 0
0.04735439954966885 2 3 2 1 3 1 3 3 0 3 3 0
-0.0011887830978595344 2 3 2 2 3 2 3 3 0 3 3 0
-0.00025455082991017935 2 3 2 0 1 1 3 3 0 0 3 0
6.390234635452247e-06 2 3 2 0 2 2 3 3 0 0 3 0
-0.004829204938170146 2 3 2 0 3 3 3 3 0 1 3 1
-0.004829204938170146 2 3 2 0 3 3 3 3 0 2 3 2
2.5959111223196594e-05 2 3 2 0 0 3 3 3 0 0 1 1
2.5959111223196594e-05 2 3 2 0 0 3 3 3 0 0 2 2
-0.05218360448783899 2 3 3 1 3 3 3 3 1 3 3 2
0.05218360448783899 2 3 3 1 3 3 3 3 2 3 3 1
0.0002805099411333759 2 3 3 0 1 3 3 3 1 0 3 2
-0.0002805099411333759 2 3 3 0 1 3 3 3 2 0 3 1
0.0036404218403106106 2 3 3 0 3 2 3 3 1 1 3 0
0.0036404218403106106 2 3 3 0 3 2 3 3 2 2 3 0
-1.9568876587744344e-05 2 3 3 0 0 2 3 3 1 0 1 0
-1.9568876587744344e-05 2 3 3 0 0 2 3 3 2 0 2 0
0.0614126766645236 2 3 0 1 3 0 3 1 0 3 2 0
-0.0614126766645236 2 3 0 1 3 0 3 2 0 3 1 0
0.00036510519094230245 2 3 0 1 0 0 3 1 0 2 0 0
-0.00036510519094230245 2 3 0 1 0 0 3 2 0 1 0 0
-0.00036510519094233877 2 3 0 0 1 0 3 1 0 0 2 0
0.00036510519094233877 2 3 0 0 1 0 3 2 0 0 1 0
-0.00650632212140606 2 3 0 0 2 0 3 1 0 1 0 0
-0.00650632212140606 2 3 0 0 2 0 3 2 0 2 0 0
0.008272808137316913 2 0 1 0 0 0 1 0 2 0 0 0
-0.008272808137316913 2 0 1 0 0 0 2 0 1 0 0 0
-0.00036510519094233427 2 0 0 1 3 0 1 0 0 3 2 0
0.00036510519094233427 2 0 0 1 3 0 2 0 0 3 1 0
0.07442924611091738 2 0 0 1 0 0 1 0 0 2 0 0
-0.07442924611091738 2 0 0 1 0 0 2 0 0 1 0 0
0.0065102473249876855 2 0 0 0 1 0 1 0 0 0 2 0
-0.0065102473249876855 2 0 0 0 1 0 2 0 0 0 1 0
0.00036510519094233427 2 0 0 0 2 0 1 0 0 1 0 0
0.00036510519094233427 2 0 0 0 2 0 2 0 0 2 0 0
0.008416938255342073 2 0 0 0 0 1 1 0 0 0 0 2
-0.008416938255342073 2 0 0 0 0 1 2 0 0 0 0 1
1.3949106535176627 3 0 0 0 0 0 0 0 0 0 0 0
0.15322230580763588 3 3 0 0 0 0 0 0 0 0 0 0
0.1509246410892886 3 0 3 0 0 0 0 0 0 0 0 0
-0.00029006913197470607 3 0 0 1 1 0 0 0 0 3 0 0
-0.00029006913197470607 3 0 0 2 2 0 0 0 0 3 0 0
0.1012420544359939 3 0 0 3 0 0 0 0 0 0 0 0
0.15520240753746437 3 0 0 0 3 0 0 0 0 0 0 0
7.50360589676282e-05 3 0 0 0 3 0 0 0 0 1 1 0
7.50360589676282e-05 3 0 0 0 3 0 0 0 0 2 2 0
0.1672866332871095 3 0 0 0 0 3 0 0 0 0 0 0
0.17353414721173516 3 0 0 0 0 0 3 0 0 0 0 0
0.15999291960900228 3 0 0 0 0 0 0 3 0 0 0 0
0.1591974492266055 3 0 0 0 0 0 0 0 3 0 0 0
0.17567130054691127 3 0 0 0 0 0 0 0 0 3 0 0
0.161712654862452 3 0 0 0 0 0 0 0 0 0 3 0
0.17570357154245156 3 0 0 0 0 0 0 0 0 0 0 3
-6.3902346354516284e-06 0 1 1 1 3 1 0 3 0 3 3 0
0.00025455082991015604 0 1 1 2 3 2 0 3 0 3 3 0
-0.0011887830978595374 0 1 1 0 1 1 0 3 0 0 3 0
0.047354399549668864 0 1 1 0 2 2 0 3 0 0 3 0
-2.595911122319426e-05 0 1 1 0 3 3 0 3 0 1 3 1
-2.595911122319426e-05 0 1 1 0 3 3 0 3 0 2 3 2
-0.004829204938170148 0 1 1 0 0 3 0 3 0 0 1 1
-0.004829204938170148 0 1 1 0 0 3 0 3 0 0 2 2
-0.00026094106454560757 0 1 2 2 3 1 0 3 0 3 3 0
-0.04854318264752842 0 1 2 0 2 1 0 3 0 0 3 0
-0.008272808137316906 0 1 2 0 0 0 0 1 2 0 0 0
0.008272808137316906 0 1 2 0 0 0 0 2 1 0 0 0
0.0002805099411333502 0 1 3 2 3 3 0 3 1 3 3 2
-0.0002805099411333502 0 1 3 2 3 3 0 3 2 3 3 1
0.052183604487839014 0 1 3 0 2 3 0 3 1 0 3 2
-0.052183604487839014 0 1 3 0 2 3 0 3 2 0 3 1
1.9568876587742636e-05 0 1 3 0 3 1 0 3 1 1 3 0
1.9568876587742636e-05 0 1 3 0 3 1 0 3 2 2 3 0
0.0036404218403106123 0 1 3 0 0 1 0 3 1 0 1 0
0.0036404218403106123 0 1 3 0 0 1 0 3 2 0 2 0
-0.00650632212140606 0 1 0 1 3 0 1 0 0 3 1 0
-0.00650632212140606 0 1 0 1 3 0 2 0 0 3 2 0
-0.0003651051909423025 0 1 0 1 0 0 1 0 0 1 0 0
-0.0003651051909423025 0 1 0 1 0 0 2 0 0 2 0 0
-0.0003651051909422988 0 1 0 2 3 0 0 1 0 3 2 0
0.0003651051909422988 0 1 0 2 3 0 0 2 0 3 1 0
-0.006510247324987672 0 1 0 2 0 0 0 1 0 2 0 0
0.006510247324987672 0 1 0 2 0 0 0 2 0 1 0 0
0.00036510519094233877 0 1 0 0 1 0 1 0 0 0 1 0
0.00036510519094233877 0 1 0 0 1 0 2 0 0 0 2 0
-0.00036510519094229876 0 1 0 0 1 0 0 1 0 1 0 0
-0.00036510519094229876 0 1 0 0 1 0 0 2 0 2 0 0
-0.0614126766645236 0 1 0 0 2 0 1 0 0 2 0 0
0.0614126766645236 0 1 0 0 2 0 2 0 0 1 0 0
-0.0744292461109174 0 1 0 0 2 0 0 1 0 0 2 0
0.0744292461109174 0 1 0 0 2 0 0 2 0 0 1 0
-0.008416938255342067 0 1 0 0 0 2 0 1 0 0 0 2
0.008416938255342067 0 1 0 0 0 2 0 2 0 0 0 1
-0.00026094106454560757 0 2 1 1 3 2 0 3 0 3 3 0
-0.04854318264752842 0 2 1 0 1 2 0 3 0 0 3 0
0.008272808137316906 0 2 1 0 0 0 0 1 2 0 0 0
-0.008272808137316906 0 2 1 0 0 0 0 2 1 0 0 0
0.00025455082991015604 0 2 2 1 3 1 0 3 0 3 3 0
-6.3902346354516284e-06 0 2 2 2 3 2 0 3 0 3 3 0
0.047354399549668864 0 2 2 0 1 1 0 3 0 0 3 0
-0.0011887830978595374 0 2 2 0 2 2 0 3 0 0 3 0
-2.595911122319426e-05 0 2 2 0 3 3 0 3 0 1 3 1
-2.595911122319426e-05 0 2 2 0 3 3 0 3 0 2 3 2
-0.004829204938170148 0 2 2 0 0 3 0 3 0 0 1 1
-0.004829204938170148 0 2 2 0 0 3 0 3 0 0 2 2
-0.0002805099411333502 0 2 3 1 3 3 0 3 1 3 3 2
0.0002805099411333502 0 2 3 1 3 3 0 3 2 3 3 1
-0.052183604487839014 0 2 3 0 1 3 0 3 1 0 3 2
0.052183604487839014 0 2 3 0 1 3 0 3 2 0 3 1
1.9568876587742636e-05 0 2 3 0 3 2 0 3 1 1 3 0
1.9568876587742636e-05 0 2 3 0 3 2 0 3 2 2 3 0
0.0036404218403106123 0 2 3 0 0 2 0 3 1 0 1 0
0.0036404218403106123 0 2 3 0 0 2 0 3 2 0 2 0
0.0003651051909422988 0 2 0 1 3 0 0 1 0 3 2 0
-0.0003651051909422988 0 2 0 1 3 0 0 2 0 3 1 0
0.006510247324987672 0 2 0 1 0 0 0 1 0 2 0 0
-0.006510247324987672 0 2 0 1 0 0 0 2 0 1 0 0
-0.00650632212140606 0 2 0 2 3 0 1 0 0 3 1 0
-0.00650632212140606 0 2 0 2 3 0 2 0 0 3 2 0
-0.0003651051909423025 0 2 0 2 0 0 1 0 0 1 0 0
-0.0003651051909423025 0 2 0 2 0 0 2 0 0 2 0 0
0.0614126766645236 0 2 0 0 1 0 1 0 0 2 0 0
-0.0614126766645236 0 2 0 0 1 0 2 0 0 1 0 0
0.0744292461109174 0 2 0 0 1 0 0 1 0 0 2 0
-0.0744292461109174 0 2 0 0 1 0 0 2 0 0 1 0
0.00036510519094233877 0 2 0 0 2 0 1 0 0 0 1 0
0.00036510519094233877 0 2 0 0 2 0 2 0 0 0 2 0
-0.00036510519094229876 0 2 0 0 2 0 0 1 0 1 0 0
-0.00036510519094229876 0 2 0 0 2 0 0 2 0 2 0 0
0.008416938255342067 0 2 0 0 0 1 0 1 0 0 0 2
-0.008416938255342067 0 2 0 0 0 1 0 2 0 0 0 1
1.3949106535176614 0 3 0 0 0 0 0 0 0 0 0 0
0.0036404218403106106 0 3 1 1 3 3 1 3 0 3 3 1
0.0036404218403106106 0 3 1 1 3 3 2 3 0 3 3 2
-1.9568876587744344e-05 0 3 1 0 1 3 1 3 0 0 3 1
-1.9568876587744344e-05 0 3 1 0 1 3 2 3 0 0 3 2
0.05218360448783899 0 3 1 0 3 2 1 3 0 2 3 0
-0.05218360448783899 0 3 1 0 3 2 2 3 0 1 3 0
-0.0002805099411333759 0 3 1 0 0 2 1 3 0 0 2 0
0.0002805099411333759 0 3 1 0 0 2 2 3 0 0 1 0
0.0036404218403106106 0 3 2 2 3 3 1 3 0 3 3 1
0.0036404218403106106 0 3 2 2 3 3 2 3 0 3 3 2
-1.9568876587744344e-05 0 3 2 0 2 3 1 3 0 0 3 1
-1.9568876587744344e-05 0 3 2 0 2 3 2 3 0 0 3 2
-0.05218360448783899 0 3 2 0 3 1 1 3 0 2 3 0
0.05218360448783899 0 3 2 0 3 1 2 3 0 1 3 0
0.0002805099411333759 0 3 2 0 0 1 1 3 0 0 2 0
-0.0002805099411333759 0 3 2 0 0 1 2 3 0 0 1 0
0.15092464108928855 0 3 3 0 0 0 0 0 0 0 0 0
-0.004829204938170146 0 3 3 1 3 1 1 3 1 3 3 0
-0.004829204938170146 0 3 3 1 3 1 2 3 2 3 3 0
-0.004829204938170146 0 3 3 2 3 2 1 3 1 3 3 0
-0.004829204938170146 0 3 3 2 3 2 2 3 2 3 3 0
2.5959111223196594e-05 0 3 3 0 1 1 1 3 1 0 3 0
2.5959111223196594e-05 0 3 3 0 1 1 2 3 2 0 3 0
2.5959111223196594e-05 0 3 3 0 2 2 1 3 1 0 3 0
2.5959111223196594e-05 0 3 3 0 2 2 2 3 2 0 3 0
-0.0011887830978595344 0 3 3 0 3 3 1 3 1 1 3 1
0.04735439954966885 0 3 3 0 3 3 1 3 1 2 3 2
-0.048543182647528396 0 3 3 0 3 3 1 3 2 2 3 1
-0.048543182647528396 0 3 3 0 3 3 2 3 1 1 3 2
0.04735439954966885 0 3 3 0 3 3 2 3 2 1 3 1
-0.0011887830978595344 0 3 3 0 3 3 2 3 2 2 3 2
6.390234635452247e-06 0 3 3 0 0 3 1 3 1 0 1 1
-0.00025455082991017935 0 3 3 0 0 3 1 3 1 0 2 2
0.00026094106454563153 0 3 3 0 0 3 1 3 2 0 2 1
0.00026094106454563153 0 3 3 0 0 3 2 3 1 0 1 2
-0.00025455082991017935 0 3 3 0 0 3 2 3 2 0 1 1
6.390234635452247e-06 0 3 3 0 0 3 2 3 2 0 2 2
0.006979322842229713 0 3 0 1 1 0 1 1 0 3 0 0
0.006979322842229713 0 3 0 1 1 0 2 2 0 3 0 0
0.00029006913197474835 0 3 0 1 1 0 0 0 0 3 0 0
0.006979322842229713 0 3 0 2 2 0 1 1 0 3 0 0
0.006979322842229713 0 3 0 2 2 0 2 2 0 3 0 0
0.00029006913197474835 0 3 0 2 2 0 0 0 0 3 0 0
0.1552024075374641 0 3 0 3 0 0 0 0 0 0 0 0
-7.503605896754672e-05 0 3 0 3 0 0 1 1 0 0 0 0
-7.503605896754672e-05 0 3 0 3 0 0 2 2 0 0 0 0
0.10124205443599403 0 3 0 0 3 0 0 0 0 0 0 0
7.50360589676379e-05 0 3 0 0 3 0 1 1 0 0 0 0
0.0004730007208236521 0 3 0 0 3 0 1 1 0 1 1 0
-0.05443335382229388 0 3 0 0 3 0 1 1 0 2 2 0
0.05490635454311755 0 3 0 0 3 0 1 2 0 2 1 0
0.05490635454311755 0 3 0 0 3 0 2 1 0 1 2 0
7.50360589676379e-05 0 3 0 0 3 0 2 2 0 0 0 0
-0.05443335382229388 0 3 0 0 3 0 2 2 0 1 1 0
0.0004730007208236521 0 3 0 0 3 0 2 2 0 2 2 0
-7.503605896755042e-05 0 3 0 0 3 0 0 0 0 1 1 0
-7.503605896755042e-05 0 3 0 0 3 0 0 0 0 2 2 0
0.1672866332871094 0 3 0 0 0 3 0 0 0 0 0 0
0.0002900691319747558 0 3 0 0 0 0 1 1 0 3 0 0
-0.0002900691319747008 0 3 0 0 0 0 1 1 0 0 3 0
0.0002900691319747558 0 3 0 0 0 0 2 2 0 3 0 0
-0.0002900691319747008 0 3 0 0 0 0 2 2 0 0 3 0
0.15999291960900228 0 3 0 0 0 0 3 0 0 0 0 0
0.173534147211735 0 3 0 0 0 0 0 3 0 0 0 0
0.15919744922660545 0 3 0 0 0 0 0 0 3 0 0 0
0.16171265486245173 0 3 0 0 0 0 0 0 0 3 0 0
0.17567130054691144 0 3 0 0 0 0 0 0 0 0 3 0
0.17570357154245148 0 3 0 0 0 0 0 0 0 0 0 3
1.9568876587742636e-05 0 0 1 1 3 3 0 1 0 3 3 1
1.9568876587742636e-05 0 0 1 1 3 3 0 2 0 3 3 2
-0.008779176703049027 0 0 1 2 0 0 0 0 1 2 0 0
0.008779176703049027 0 0 1 2 0 0 0 0 2 1 0 0
0.0036404218403106123 0 0 1 0 1 3 0 1 0 0 3 1
0.0036404218403106123 0 0 1 0 1 3 0 2 0 0 3 2
-0.008779176703049037 0 0 1 0 2 0 0 0 1 0 2 0
0.008779176703049037 0 0 1 0 2 0 0 0 2 0 1 0
0.0002805099411333502 0 0 1 0 3 2 0 1 0 2 3 0
-0.0002805099411333502 0 0 1 0 3 2 0 2 0 1 3 0
0.052183604487839014 0 0 1 0 0 2 0 1 0 0 2 0
-0.052183604487839014 0 0 1 0 0 2 0 2 0 0 1 0
-0.05644557111948594 0 0 1 0 0 2 0 0 1 0 0 2
0.05644557111948594 0 0 1 0 0 2 0 0 2 0 0 1
0.008779176703049027 0 0 2 1 0 0 0 0 1 2 0 0
-0.008779176703049027 0 0 2 1 0 0 0 0 2 1 0 0
1.9568876587742636e-05 0 0 2 2 3 3 0 1 0 3 3 1
1.9568876587742636e-05 0 0 2 2 3 3 0 2 0 3 3 2
0.008779176703049037 0 0 2 0 1 0 0 0 1 0 2 0
-0.008779176703049037 0 0 2 0 1 0 0 0 2 0 1 0
0.0036404218403106123 0 0 2 0 2 3 0 1 0 0 3 1
0.0036404218403106123 0 0 2 0 2 3 0 2 0 0 3 2
-0.0002805099411333502 0 0 2 0 3 1 0 1 0 2 3 0
0.0002805099411333502 0 0 2 0 3 1 0 2 0 1 3 0
-0.052183604487839014 0 0 2 0 0 1 0 1 0 0 2 0
0.052183604487839014 0 0 2 0 0 1 0 2 0 0 1 0
0.05644557111948594 0 0 2 0 0 1 0 0 1 0 0 2
-0.05644557111948594 0 0 2 0 0 1 0 0 2 0 0 1
1.4461558965322845 0 0 3 0 0 0 0 0 0 0 0 0
-2.595911122319426e-05 0 0 3 1 3 1 0 1 1 3 3 0
-2.595911122319426e-05 0 0 3 1 3 1 0 2 2 3 3 0
-2.595911122319426e-05 0 0 3 2 3 2 0 1 1 3 3 0
-2.595911122319426e-05 0 0 3 2 3 2 0 2 2 3 3 0
0.1533359307770731 0 0 3 3 0 0 0 0 0 0 0 0
-0.004829204938170148 0 0 3 0 1 1 0 1 1 0 3 0
-0.004829204938170148 0 0 3 0 1 1 0 2 2 0 3 0
-0.004829204938170148 0 0 3 0 2 2 0 1 1 0 3 0
-0.004829204938170148 0 0 3 0 2 2 0 2 2 0 3 0
0.1533359307770733 0 0 3 0 3 0 0 0 0 0 0 0
-6.3902346354516284e-06 0 0 3 0 3 3 0 1 1 1 3 1
0.00025455082991015604 0 0 3 0 3 3 0 1 1 2 3 2
-0.00026094106454560757 0 0 3 0 3 3 0 1 2 2 3 1
-0.00026094106454560757 0 0 3 0 3 3 0 2 1 1 3 2
0.00025455082991015604 0 0 3 0 3 3 0 2 2 1 3 1
-6.3902346354516284e-06 0 0 3 0 3 3 0 2 2 2 3 2
0.12526068015004307 0 0 3 0 0 3 0 0 0 0 0 0
-0.0011887830978595374 0 0 3 0 0 3 0 1 1 0 1 1
0.047354399549668864 0 0 3 0 0 3 0 1 1 0 2 2
-0.04854318264752842 0 0 3 0 0 3 0 1 2 0 2 1
-0.04854318264752842 0 0 3 0 0 3 0 2 1 0 1 2
0.047354399549668864 0 0 3 0 0 3 0 2 2 0 1 1
-0.0011887830978595374 0 0 3 0 0 3 0 2 2 0 2 2
0.1591974492266055 0 0 3 0 0 0 3 0 0 0 0 0
0.15919744922660545 0 0 3 0 0 0 0 3 0 0 0 0
0.17733492452274494 0 0 3 0 0 0 0 0 3 0 0 0
0.16211510748012212 0 0 3 0 0 0 0 0 0 3 0 0
0.16211510748012237 0 0 3 0 0 0 0 0 0 0 3 0
0.181706251269529 0 0 3 0 0 0 0 0 0 0 0 3
7.50360589676282e-05 0 0 0 1 1 0 3 0 0 3 0 0
-7.503605896755042e-05 0 0 0 1 1 0 0 3 0 3 0 0
-0.007413953954429834 0 0 0 1 2 0 0 0 0 1 2 0
0.007413953954429834 0 0 0 1 2 0 0 0 0 2 1 0
-0.009841483959282313 0 0 0 1 0 2 0 0 0 1 0 2
0.009841483959282313 0 0 0 1 0 2 0 0 0 2 0 1
0.007413953954429834 0 0 0 2 1 0 0 0 0 1 2 0
-0.007413953954429834 0 0 0 2 1 0 0 0 0 2 1 0
7.50360589676282e-05 0 0 0 2 2 0 3 0 0 3 0 0
-7.503605896755042e-05 0 0 0 2 2 0 0 3 0 3 0 0
0.009841483959282313 0 0 0 2 0 1 0 0 0 1 0 2
-0.009841483959282313 0 0 0 2 0 1 0 0 0 2 0 1
1.2811616086494049 0 0 0 3 0 0 0 0 0 0 0 0
0.15699206193631862 0 0 0 3 3 0 0 0 0 0 0 0
0.16713796672580652 0 0 0 3 0 3 0 0 0 0 0 0
0.17567130054691127 0 0 0 3 0 0 3 0 0 0 0 0
0.16171265486245173 0 0 0 3 0 0 0 3 0 0 0 0
0.16211510748012212 0 0 0 3 0 0 0 0 3 0 0 0
0.17923392379960798 0 0 0 3 0 0 0 0 0 3 0 0
0.1644060158907485 0 0 0 3 0 0 0 0 0 0 3 0
0.17697945068508883 0 0 0 3 0 0 0 0 0 0 0 3
-0.009841483959282327 0 0 0 0 1 2 0 0 0 0 1 2
0.009841483959282327 0 0 0 0 1 2 0 0 0 0 2 1
0.009841483959282327 0 0 0 0 2 1 0 0 0 0 1 2
-0.009841483959282327 0 0 0 0 2 1 0 0 0 0 2 1
1.2811616086494078 0 0 0 0 3 0 0 0 0 0 0 0
0.16713796672580677 0 0 0 0 3 3 0 0 0 0 0 0
0.161712654862452 0 0 0 0 3 0 3 0 0 0 0 0
-0.00029006913197470607 0 0 0 0 3 0 3 0 0 1 1 0
-0.00029006913197470607 0 0 0 0 3 0 3 0 0 2 2 0
0.17567130054691144 0 0 0 0 3 0 0 3 0 0 0 0
0.00029006913197474835 0 0 0 0 3 0 0 3 0 1 1 0
0.00029006913197474835 0 0 0 0 3 0 0 3 0 2 2 0
0.16211510748012237 0 0 0 0 3 0 0 0 3 0 0 0
0.1644060158907485 0 0 0 0 3 0 0 0 0 3 0 0
0.17923392379960848 0 0 0 0 3 0 0 0 0 0 3 0
0.17697945068508908 0 0 0 0 3 0 0 0 0 0 0 3
1.1722753502723307 0 0 0 0 0 3 0 0 0 0 0 0
0.17570357154245156 0 0 0 0 0 3 3 0 0 0 0 0
0.17570357154245148 0 0 0 0 0 3 0 3 0 0 0 0
0.181706251269529 0 0 0 0 0 3 0 0 3 0 0 0
0.17697945068508883 0 0 0 0 0 3 0 0 0 3 0 0
0.17697945068508908 0 0 0 0 0 3 0 0 0 0 3 0
0.2098996180411249 0 0 0 0 0 3 0 0 0 0 0 3
1.3949106535176623 0 0 0 0 0 0 3 0 0 0 0 0
0.15322230580763588 0 0 0 0 0 0 3 3 0 0 0 0
0.1509246410892886 0 0 0 0 0 0 3 0 3 0 0 0
0.1012420544359939 0 0 0 0 0 0 3 0 0 3 0 0
0.15520240753746437 0 0 0 0 0 0 3 0 0 0 3 0
0.1672866332871095 0 0 0 0 0 0 3 0 0 0 0 3
1.3949106535176614 0 0 0 0 0 0 0 3 0 0 0 0
0.15092464108928855 0 0 0 0 0 0 0 3 3 0 0 0
0.1552024075374641 0 0 0 0 0 0 0 3 0 3 0 0
0.10124205443599403 0 0 0 0 0 0 0 3 0 0 3 0
0.1672866332871094 0 0 0 0 0 0 0 3 0 0 0 3
1.4461558965322845 0 0 0 0 0 0 0 0 3 0 0 0
0.1533359307770731 0 0 0 0 0 0 0 0 3 3 0 0
0.1533359307770733 0 0 0 0 0 0 0 0 3 0 3 0
0.12526068015004307 0 0 0 0 0 0 0 0 3 0 0 3
1.2811616086494049 0 0 0 0 0 0 0 0 0 3 0 0
0.15699206193631862 0 0 0 0 0 0 0 0 0 3 3 0
0.16713796672580652 0 0 0 0 0 0 0 0 0 3 0 3
1.2811616086494078 0 0 0 0 0 0 0 0 0 0 3 0
0.16713796672580677 0 0 0 0 0 0 0 0 0 0 3 3
1.1722753502723309 0 0 0 0 0 0 0 0 0 0 0 3
