-190.03482948067477 0 0 0 0 0 0 0 0 0 0 0 0
0.00015710535473778423 1 1 1 1 0 0 3 0 3 0 0 0
-0.08113456892265326 1 1 2 2 0 0 3 0 3 0 0 0
-0.0034583736015275255 1 1 3 0 0 0 3 0 0 0 0 0
0.0034583736015275784 1 1 0 3 0 0 3 0 0 0 0 0
0.006701730402539277 1 1 0 3 0 0 3 0 1 1 0 0
0.006701730402539277 1 1 0 3 0 0 3 0 2 2 0 0
0.0005724330322907586 1 1 0 0 0 0 3 0 3 0 0 0
-0.0005724330322906581 1 1 0 0 0 0 3 0 0 3 0 0
0.08129167427739105 1 2 2 1 0 0 3 0 3 0 0 0
-0.006724014521327552 1 2 0 0 0 0 1 2 0 0 0 0
0.006724014521327552 1 2 0 0 0 0 2 1 0 0 0 0
-0.08065508723536337 1 3 1 0 1 1 3 3 0 0 3 0
-0.08061653060229493 1 3 1 0 2 2 3 3 0 0 3 0
-0.08734695297874813 1 3 1 0 0 3 3 3 0 0 1 1
-0.08734695297874813 1 3 1 0 0 3 3 3 0 0 2 2
-0.08783629932519255 1 3 2 3 0 0 3 1 3 2 0 0
0.08783629932519255 1 3 2 3 0 0 3 2 3 1 0 0
-3.855663306844904e-05 1 3 2 0 2 1 3 3 0 0 3 0
0.004030806633818284 1 3 2 0 0 0 3 1 2 0 0 0
-0.004030806633818284 1 3 2 0 0 0 3 2 1 0 0 0
-0.0034383455905779765 1 3 3 1 1 1 3 3 3 0 3 0
-0.0034367019121214443 1 3 3 1 2 2 3 3 3 0 3 0
-0.0037236214220250775 1 3 3 1 0 3 3 3 3 0 1 1
-0.0037236214220250775 1 3 3 1 0 3 3 3 3 0 2 2
-1.643678456531662e-06 1 3 3 2 2 1 3 3 3 0 3 0
0.00028691950990363305 1 3 3 3 2 3 3 3 3 1 3 2
-0.00028691950990363305 1 3 3 3 2 3 3 3 3 2 3 1
0.0002852758314471014 1 3 3 3 0 1 3 3 3 1 1 0
0.0002852758314471014 1 3 3 3 0 1 3 3 3 2 2 0
0.006730422376453207 1 3 3 0 2 3 3 3 1 0 3 2
-0.006730422376453207 1 3 3 0 2 3 3 3 2 0 3 1
0.006691865743384755 1 3 3 0 0 1 3 3 1 0 1 0
0.006691865743384755 1 3 3 0 0 1 3 3 2 0 2 0
-0.006544625047801492 1 3 0 1 0 0 3 1 1 0 0 0
-0.006544625047801492 1 3 0 1 0 0 3 2 2 0 0 0
-0.004030806633818236 1 3 0 2 0 0 3 1 0 2 0 0
0.004030806633818236 1 3 0 2 0 0 3 2 0 1 0 0
-0.004030806633818254 1 0 2 3 0 0 1 0 3 2 0 0
0.004030806633818254 1 0 2 3 0 0 2 0 3 1 0 0
-0.10126921791564004 1 0 2 0 0 0 1 0 2 0 0 0
0.10126921791564004 1 0 2 0 0 0 2 0 1 0 0 0
-0.004030806633818254 1 0 0 1 0 0 1 0 1 0 0 0
-0.004030806633818254 1 0 0 1 0 0 2 0 2 0 0 0
-0.006888293542645919 1 0 0 2 0 0 1 0 0 2 0 0
0.006888293542645919 1 0 0 2 0 0 2 0 0 1 0 0
-0.006728442807390421 1 0 0 0 2 0 1 0 0 0 2 0
0.006728442807390421 1 0 0 0 2 0 2 0 0 0 1 0
-0.006716270185216514 1 0 0 0 0 2 1 0 0 0 0 2
0.006716270185216514 1 0 0 0 0 2 2 0 0 0 0 1
0.08129167427739105 2 1 1 2 0 0 3 0 3 0 0 0
0.006724014521327552 2 1 0 0 0 0 1 2 0 0 0 0
-0.006724014521327552 2 1 0 0 0 0 2 1 0 0 0 0
-0.08113456892265326 2 2 1 1 0 0 3 0 3 0 0 0
0.00015710535473778423 2 2 2 2 0 0 3 0 3 0 0 0
-0.0034583736015275255 2 2 3 0 0 0 3 0 0 0 0 0
0.0034583736015275784 2 2 0 3 0 0 3 0 0 0 0 0
0.006701730402539277 2 2 0 3 0 0 3 0 1 1 0 0
0.006701730402539277 2 2 0 3 0 0 3 0 2 2 0 0
0.0005724330322907586 2 2 0 0 0 0 3 0 3 0 0 0
-0.0005724330322906581 2 2 0 0 0 0 3 0 0 3 0 0
0.08783629932519255 2 3 1 3 0 0 3 1 3 2 0 0
-0.08783629932519255 2 3 1 3 0 0 3 2 3 1 0 0
-3.855663306844904e-05 2 3 1 0 1 2 3 3 0 0 3 0
-0.004030806633818284 2 3 1 0 0 0 3 1 2 0 0 0
0.004030806633818284 2 3 1 0 0 0 3 2 1 0 0 0
-0.08061653060229493 2 3 2 0 1 1 3 3 0 0 3 0
-0.08065508723536337 2 3 2 0 2 2 3 3 0 0 3 0
-0.08734695297874813 2 3 2 0 0 3 3 3 0 0 1 1
-0.08734695297874813 2 3 2 0 0 3 3 3 0 0 2 2
-1.643678456531662e-06 2 3 3 1 1 2 3 3 3 0 3 0
-0.0034367019121214443 2 3 3 2 1 1 3 3 3 0 3 0
-0.0034383455905779765 2 3 3 2 2 2 3 3 3 0 3 0
-0.0037236214220250775 2 3 3 2 0 3 3 3 3 0 1 1
-0.0037236214220250775 2 3 3 2 0 3 3 3 3 0 2 2
-0.00028691950990363305 2 3 3 3 1 3 3 3 3 1 3 2
0.00028691950990363305 2 3 3 3 1 3 3 3 3 2 3 1
0.0002852758314471014 2 3 3 3 0 2 3 3 3 1 1 0
0.0002852758314471014 2 3 3 3 0 2 3 3 3 2 2 0
-0.006730422376453207 2 3 3 0 1 3 3 3 1 0 3 2
0.006730422376453207 2 3 3 0 1 3 3 3 2 0 3 1
0.006691865743384755 2 3 3 0 0 2 3 3 1 0 1 0
0.006691865743384755 2 3 3 0 0 2 3 3 2 0 2 0
0.004030806633818236 2 3 0 1 0 0 3 1 0 2 0 0
-0.004030806633818236 2 3 0 1 0 0 3 2 0 1 0 0
-0.006544625047801492 2 3 0 2 0 0 3 1 1 0 0 0
-0.006544625047801492 2 3 0 2 0 0 3 2 2 0 0 0
0.004030806633818254 2 0 1 3 0 0 1 0 3 2 0 0
-0.004030806633818254 2 0 1 3 0 0 2 0 3 1 0 0
0.10126921791564004 2 0 1 0 0 0 1 0 2 0 0 0
-0.10126921791564004 2 0 1 0 0 0 2 0 1 0 0 0
0.006888293542645919 2 0 0 1 0 0 1 0 0 2 0 0
-0.006888293542645919 2 0 0 1 0 0 2 0 0 1 0 0
-0.004030806633818254 2 0 0 2 0 0 1 0 1 0 0 0
-0.004030806633818254 2 0 0 2 0 0 2 0 2 0 0 0
0.006728442807390421 2 0 0 0 1 0 1 0 0 0 2 0
-0.006728442807390421 2 0 0 0 1 0 2 0 0 0 1 0
0.006716270185216514 2 0 0 0 0 1 1 0 0 0 0 2
-0.006716270185216514 2 0 0 0 0 1 2 0 0 0 0 1
1.1134668121008513 3 0 0 0 0 0 0 0 0 0 0 0
0.1277441978922892 3 3 0 0 0 0 0 0 0 0 0 0
0.0034583736015275446 3 0 1 1 0 0 0 0 3 0 0 0
0.0034583736015275446 3 0 2 2 0 0 0 0 3 0 0 0
0.04664373624951431 3 0 3 0 0 0 0 0 0 0 0 0
0.1276211998174298 3 0 0 3 0 0 0 0 0 0 0 0
-0.0005724330322907094 3 0 0 3 0 0 0 0 1 1 0 0
-0.0005724330322907094 3 0 0 3 0 0 0 0 2 2 0 0
0.12815404822728385 3 0 0 0 3 0 0 0 0 0 0 0
0.12848034191190963 3 0 0 0 0 3 0 0 0 0 0 0
0.14791624145627205 3 0 0 0 0 0 3 0 0 0 0 0
0.13446821241361673 3 0 0 0 0 0 0 3 0 0 0 0
0.14791295416515435 3 0 0 0 0 0 0 0 3 0 0 0
0.13450949336007573 3 0 0 0 0 0 0 0 0 3 0 0
0.13488249103467428 3 0 0 0 0 0 0 0 0 0 3 0
0.13519661209712616 3 0 0 0 0 0 0 0 0 0 0 3
-0.006544625047801492 0 1 1 3 0 0 1 0 3 1 0 0
-0.006544625047801492 0 1 1 3 0 0 2 0 3 2 0 0
0.0034383455905780133 0 1 1 0 1 1 0 3 0 0 3 0
0.003436701912121481 0 1 1 0 2 2 0 3 0 0 3 0
0.0037236214220251174 0 1 1 0 0 3 0 3 0 0 1 1
0.0037236214220251174 0 1 1 0 0 3 0 3 0 0 2 2
0.004030806633818284 0 1 1 0 0 0 1 0 1 0 0 0
0.004030806633818284 0 1 1 0 0 0 2 0 2 0 0 0
0.004030806633818298 0 1 2 3 0 0 0 1 3 2 0 0
-0.004030806633818298 0 1 2 3 0 0 0 2 3 1 0 0
1.6436784565316553e-06 0 1 2 0 2 1 0 3 0 0 3 0
-0.006888293542645919 0 1 2 0 0 0 0 1 2 0 0 0
0.006888293542645919 0 1 2 0 0 0 0 2 1 0 0 0
-0.08065508723536333 0 1 3 1 1 1 0 3 3 0 3 0
-0.08061653060229489 0 1 3 1 2 2 0 3 3 0 3 0
-0.08734695297874809 0 1 3 1 0 3 0 3 3 0 1 1
-0.08734695297874809 0 1 3 1 0 3 0 3 3 0 2 2
-3.85566330684511e-05 0 1 3 2 2 1 0 3 3 0 3 0
0.006730422376453203 0 1 3 3 2 3 0 3 3 1 3 2
-0.006730422376453203 0 1 3 3 2 3 0 3 3 2 3 1
0.006691865743384753 0 1 3 3 0 1 0 3 3 1 1 0
0.006691865743384753 0 1 3 3 0 1 0 3 3 2 2 0
-0.00028691950990363614 0 1 3 0 2 3 0 3 1 0 3 2
0.00028691950990363614 0 1 3 0 2 3 0 3 2 0 3 1
-0.0002852758314471045 0 1 3 0 0 1 0 3 1 0 1 0
-0.0002852758314471045 0 1 3 0 0 1 0 3 2 0 2 0
-0.004030806633818236 0 1 0 1 0 0 1 0 0 1 0 0
-0.004030806633818236 0 1 0 1 0 0 2 0 0 2 0 0
0.004030806633818298 0 1 0 1 0 0 0 1 1 0 0 0
0.004030806633818298 0 1 0 1 0 0 0 2 2 0 0 0
-0.08783629932519255 0 1 0 2 0 0 1 0 2 0 0 0
0.08783629932519255 0 1 0 2 0 0 2 0 1 0 0 0
-0.10126921791564 0 1 0 2 0 0 0 1 0 2 0 0
0.10126921791564 0 1 0 2 0 0 0 2 0 1 0 0
-0.006728442807390418 0 1 0 0 2 0 0 1 0 0 2 0
0.006728442807390418 0 1 0 0 2 0 0 2 0 0 1 0
-0.006716270185216507 0 1 0 0 0 2 0 1 0 0 0 2
0.006716270185216507 0 1 0 0 0 2 0 2 0 0 0 1
-0.004030806633818298 0 2 1 3 0 0 0 1 3 2 0 0
0.004030806633818298 0 2 1 3 0 0 0 2 3 1 0 0
1.6436784565316553e-06 0 2 1 0 1 2 0 3 0 0 3 0
0.006888293542645919 0 2 1 0 0 0 0 1 2 0 0 0
-0.006888293542645919 0 2 1 0 0 0 0 2 1 0 0 0
-0.006544625047801492 0 2 2 3 0 0 1 0 3 1 0 0
-0.006544625047801492 0 2 2 3 0 0 2 0 3 2 0 0
0.003436701912121481 0 2 2 0 1 1 0 3 0 0 3 0
0.0034383455905780133 0 2 2 0 2 2 0 3 0 0 3 0
0.0037236214220251174 0 2 2 0 0 3 0 3 0 0 1 1
0.0037236214220251174 0 2 2 0 0 3 0 3 0 0 2 2
0.004030806633818284 0 2 2 0 0 0 1 0 1 0 0 0
0.004030806633818284 0 2 2 0 0 0 2 0 2 0 0 0
-3.85566330684511e-05 0 2 3 1 1 2 0 3 3 0 3 0
-0.08061653060229489 0 2 3 2 1 1 0 3 3 0 3 0
-0.08065508723536333 0 2 3 2 2 2 0 3 3 0 3 0
-0.08734695297874809 0 2 3 2 0 3 0 3 3 0 1 1
-0.08734695297874809 0 2 3 2 0 3 0 3 3 0 2 2
-0.006730422376453203 0 2 3 3 1 3 0 3 3 1 3 2
0.006730422376453203 0 2 3 3 1 3 0 3 3 2 3 1
0.006691865743384753 0 2 3 3 0 2 0 3 3 1 1 0
0.006691865743384753 0 2 3 3 0 2 0 3 3 2 2 0
0.00028691950990363614 0 2 3 0 1 3 0 3 1 0 3 2
-0.00028691950990363614 0 2 3 0 1 3 0 3 2 0 3 1
-0.0002852758314471045 0 2 3 0 0 2 0 3 1 0 1 0
-0.0002852758314471045 0 2 3 0 0 2 0 3 2 0 2 0
0.08783629932519255 0 2 0 1 0 0 1 0 2 0 0 0
-0.08783629932519255 0 2 0 1 0 0 2 0 1 0 0 0
0.10126921791564 0 2 0 1 0 0 0 1 0 2 0 0
-0.10126921791564 0 2 0 1 0 0 0 2 0 1 0 0
-0.004030806633818236 0 2 0 2 0 0 1 0 0 1 0 0
-0.004030806633818236 0 2 0 2 0 0 2 0 0 2 0 0
0.004030806633818298 0 2 0 2 0 0 0 1 1 0 0 0
0.004030806633818298 0 2 0 2 0 0 0 2 2 0 0 0
0.006728442807390418 0 2 0 0 1 0 0 1 0 0 2 0
-0.006728442807390418 0 2 0 0 1 0 0 2 0 0 1 0
0.006716270185216507 0 2 0 0 0 1 0 1 0 0 0 2
-0.006716270185216507 0 2 0 0 0 1 0 2 0 0 0 1
1.1134668121008517 0 3 0 0 0 0 0 0 0 0 0 0
0.006701730402539277 0 3 1 1 0 0 1 1 3 0 0 0
0.006701730402539277 0 3 1 1 0 0 2 2 3 0 0 0
-0.0034583736015275533 0 3 1 1 0 0 0 0 3 0 0 0
0.006691865743384755 0 3 1 0 1 3 1 3 0 0 3 1
0.006691865743384755 0 3 1 0 1 3 2 3 0 0 3 2
0.006730422376453207 0 3 1 0 0 2 1 3 0 0 2 0
-0.006730422376453207 0 3 1 0 0 2 2 3 0 0 1 0
0.006701730402539277 0 3 2 2 0 0 1 1 3 0 0 0
0.006701730402539277 0 3 2 2 0 0 2 2 3 0 0 0
-0.0034583736015275533 0 3 2 2 0 0 0 0 3 0 0 0
0.006691865743384755 0 3 2 0 2 3 1 3 0 0 3 1
0.006691865743384755 0 3 2 0 2 3 2 3 0 0 3 2
-0.006730422376453207 0 3 2 0 0 1 1 3 0 0 2 0
0.006730422376453207 0 3 2 0 0 1 2 3 0 0 1 0
0.12762119981742973 0 3 3 0 0 0 0 0 0 0 0 0
0.0002852758314471014 0 3 3 1 1 3 1 3 3 0 3 1
0.0002852758314471014 0 3 3 1 1 3 2 3 3 0 3 2
0.00028691950990363305 0 3 3 1 0 2 1 3 3 0 2 0
-0.00028691950990363305 0 3 3 1 0 2 2 3 3 0 1 0
0.0002852758314471014 0 3 3 2 2 3 1 3 3 0 3 1
0.0002852758314471014 0 3 3 2 2 3 2 3 3 0 3 2
-0.00028691950990363305 0 3 3 2 0 1 1 3 3 0 2 0
0.00028691950990363305 0 3 3 2 0 1 2 3 3 0 1 0
-0.0037236214220250775 0 3 3 3 1 1 1 3 3 1 3 0
-0.0037236214220250775 0 3 3 3 1 1 2 3 3 2 3 0
-0.0037236214220250775 0 3 3 3 2 2 1 3 3 1 3 0
-0.0037236214220250775 0 3 3 3 2 2 2 3 3 2 3 0
-0.0034383455905779765 0 3 3 3 0 3 1 3 3 1 1 1
-0.0034367019121214443 0 3 3 3 0 3 1 3 3 1 2 2
-1.643678456531662e-06 0 3 3 3 0 3 1 3 3 2 2 1
-1.643678456531662e-06 0 3 3 3 0 3 2 3 3 1 1 2
-0.0034367019121214443 0 3 3 3 0 3 2 3 3 2 1 1
-0.0034383455905779765 0 3 3 3 0 3 2 3 3 2 2 2
-0.08734695297874813 0 3 3 0 1 1 1 3 1 0 3 0
-0.08734695297874813 0 3 3 0 1 1 2 3 2 0 3 0
-0.08734695297874813 0 3 3 0 2 2 1 3 1 0 3 0
-0.08734695297874813 0 3 3 0 2 2 2 3 2 0 3 0
-0.08065508723536337 0 3 3 0 0 3 1 3 1 0 1 1
-0.08061653060229493 0 3 3 0 0 3 1 3 1 0 2 2
-3.855663306844904e-05 0 3 3 0 0 3 1 3 2 0 2 1
-3.855663306844904e-05 0 3 3 0 0 3 2 3 1 0 1 2
-0.08061653060229493 0 3 3 0 0 3 2 3 2 0 1 1
-0.08065508723536337 0 3 3 0 0 3 2 3 2 0 2 2
0.0005724330322907586 0 3 3 0 0 0 1 1 0 0 0 0
0.0005724330322907586 0 3 3 0 0 0 2 2 0 0 0 0
0.04664373624951425 0 3 0 3 0 0 0 0 0 0 0 0
-0.0005724330322906581 0 3 0 3 0 0 1 1 0 0 0 0
0.00015710535473778423 0 3 0 3 0 0 1 1 1 1 0 0
-0.08113456892265326 0 3 0 3 0 0 1 1 2 2 0 0
0.08129167427739105 0 3 0 3 0 0 1 2 2 1 0 0
0.08129167427739105 0 3 0 3 0 0 2 1 1 2 0 0
-0.0005724330322906581 0 3 0 3 0 0 2 2 0 0 0 0
-0.08113456892265326 0 3 0 3 0 0 2 2 1 1 0 0
0.00015710535473778423 0 3 0 3 0 0 2 2 2 2 0 0
0.000572433032290745 0 3 0 3 0 0 0 0 1 1 0 0
0.000572433032290745 0 3 0 3 0 0 0 0 2 2 0 0
0.1281540482272838 0 3 0 0 3 0 0 0 0 0 0 0
0.12848034191190957 0 3 0 0 0 3 0 0 0 0 0 0
-0.0034583736015275255 0 3 0 0 0 0 1 1 3 0 0 0
0.0034583736015275784 0 3 0 0 0 0 1 1 0 3 0 0
-0.0034583736015275255 0 3 0 0 0 0 2 2 3 0 0 0
0.0034583736015275784 0 3 0 0 0 0 2 2 0 3 0 0
0.13446821241361673 0 3 0 0 0 0 3 0 0 0 0 0
0.1479162414562718 0 3 0 0 0 0 0 3 0 0 0 0
0.13450949336007562 0 3 0 0 0 0 0 0 3 0 0 0
0.1479129541651542 0 3 0 0 0 0 0 0 0 3 0 0
0.1348824910346742 0 3 0 0 0 0 0 0 0 0 3 0
0.13519661209712608 0 3 0 0 0 0 0 0 0 0 0 3
-0.0005724330322907094 0 0 1 1 0 0 3 0 3 0 0 0
0.000572433032290745 0 0 1 1 0 0 0 3 3 0 0 0
-0.006728253989973751 0 0 1 2 0 0 0 0 1 2 0 0
0.006728253989973751 0 0 1 2 0 0 0 0 2 1 0 0
-0.0002852758314471045 0 0 1 0 1 3 0 1 0 0 3 1
-0.0002852758314471045 0 0 1 0 1 3 0 2 0 0 3 2
-0.006692890883195802 0 0 1 0 2 0 0 0 1 0 2 0
0.006692890883195802 0 0 1 0 2 0 0 0 2 0 1 0
-0.00028691950990363614 0 0 1 0 0 2 0 1 0 0 2 0
0.00028691950990363614 0 0 1 0 0 2 0 2 0 0 1 0
-0.006758003035840536 0 0 1 0 0 2 0 0 1 0 0 2
0.006758003035840536 0 0 1 0 0 2 0 0 2 0 0 1
0.006728253989973751 0 0 2 1 0 0 0 0 1 2 0 0
-0.006728253989973751 0 0 2 1 0 0 0 0 2 1 0 0
-0.0005724330322907094 0 0 2 2 0 0 3 0 3 0 0 0
0.000572433032290745 0 0 2 2 0 0 0 3 3 0 0 0
0.006692890883195802 0 0 2 0 1 0 0 0 1 0 2 0
-0.006692890883195802 0 0 2 0 1 0 0 0 2 0 1 0
-0.0002852758314471045 0 0 2 0 2 3 0 1 0 0 3 1
-0.0002852758314471045 0 0 2 0 2 3 0 2 0 0 3 2
0.00028691950990363614 0 0 2 0 0 1 0 1 0 0 2 0
-0.00028691950990363614 0 0 2 0 0 1 0 2 0 0 1 0
0.006758003035840536 0 0 2 0 0 1 0 0 1 0 0 2
-0.006758003035840536 0 0 2 0 0 1 0 0 2 0 0 1
1.1131253254190971 0 0 3 0 0 0 0 0 0 0 0 0
0.006691865743384753 0 0 3 1 1 3 0 1 3 0 3 1
0.006691865743384753 0 0 3 1 1 3 0 2 3 0 3 2
0.006730422376453203 0 0 3 1 0 2 0 1 3 0 2 0
-0.006730422376453203 0 0 3 1 0 2 0 2 3 0 1 0
0.006691865743384753 0 0 3 2 2 3 0 1 3 0 3 1
0.006691865743384753 0 0 3 2 2 3 0 2 3 0 3 2
-0.006730422376453203 0 0 3 2 0 1 0 1 3 0 2 0
0.006730422376453203 0 0 3 2 0 1 0 2 3 0 1 0
0.12777372689221864 0 0 3 3 0 0 0 0 0 0 0 0
-0.08734695297874809 0 0 3 3 1 1 0 1 3 1 3 0
-0.08734695297874809 0 0 3 3 1 1 0 2 3 2 3 0
-0.08734695297874809 0 0 3 3 2 2 0 1 3 1 3 0
-0.08734695297874809 0 0 3 3 2 2 0 2 3 2 3 0
-0.08065508723536333 0 0 3 3 0 3 0 1 3 1 1 1
-0.08061653060229489 0 0 3 3 0 3 0 1 3 1 2 2
-3.85566330684511e-05 0 0 3 3 0 3 0 1 3 2 2 1
-3.85566330684511e-05 0 0 3 3 0 3 0 2 3 1 1 2
-0.08061653060229489 0 0 3 3 0 3 0 2 3 2 1 1
-0.08065508723536333 0 0 3 3 0 3 0 2 3 2 2 2
0.0037236214220251174 0 0 3 0 1 1 0 1 1 0 3 0
0.0037236214220251174 0 0 3 0 1 1 0 2 2 0 3 0
0.0037236214220251174 0 0 3 0 2 2 0 1 1 0 3 0
0.0037236214220251174 0 0 3 0 2 2 0 2 2 0 3 0
0.12820462302239494 0 0 3 0 3 0 0 0 0 0 0 0
0.1284535893328646 0 0 3 0 0 3 0 0 0 0 0 0
0.0034383455905780133 0 0 3 0 0 3 0 1 1 0 1 1
0.003436701912121481 0 0 3 0 0 3 0 1 1 0 2 2
1.6436784565316553e-06 0 0 3 0 0 3 0 1 2 0 2 1
1.6436784565316553e-06 0 0 3 0 0 3 0 2 1 0 1 2
0.003436701912121481 0 0 3 0 0 3 0 2 2 0 1 1
0.0034383455905780133 0 0 3 0 0 3 0 2 2 0 2 2
0.14791295416515435 0 0 3 0 0 0 3 0 0 0 0 0
0.13450949336007562 0 0 3 0 0 0 0 3 0 0 0 0
0.14795848886213994 0 0 3 0 0 0 0 0 3 0 0 0
0.1345019808821924 0 0 3 0 0 0 0 0 0 3 0 0
0.13489751390559074 0 0 3 0 0 0 0 0 0 0 3 0
0.1352115923687051 0 0 3 0 0 0 0 0 0 0 0 3
-0.0066928908831958 0 0 0 1 2 0 0 0 0 1 2 0
0.0066928908831958 0 0 0 1 2 0 0 0 0 2 1 0
-0.006758003035840536 0 0 0 1 0 2 0 0 0 1 0 2
0.006758003035840536 0 0 0 1 0 2 0 0 0 2 0 1
0.0066928908831958 0 0 0 2 1 0 0 0 0 1 2 0
-0.0066928908831958 0 0 0 2 1 0 0 0 0 2 1 0
0.006758003035840536 0 0 0 2 0 1 0 0 0 1 0 2
-0.006758003035840536 0 0 0 2 0 1 0 0 0 2 0 1
1.1131253254190978 0 0 0 3 0 0 0 0 0 0 0 0
0.12820462302239494 0 0 0 3 3 0 0 0 0 0 0 0
0.1284535893328646 0 0 0 3 0 3 0 0 0 0 0 0
0.13450949336007573 0 0 0 3 0 0 3 0 0 0 0 0
0.0034583736015275446 0 0 0 3 0 0 3 0 1 1 0 0
0.0034583736015275446 0 0 0 3 0 0 3 0 2 2 0 0
0.1479129541651542 0 0 0 3 0 0 0 3 0 0 0 0
-0.0034583736015275533 0 0 0 3 0 0 0 3 1 1 0 0
-0.0034583736015275533 0 0 0 3 0 0 0 3 2 2 0 0
0.1345019808821924 0 0 0 3 0 0 0 0 3 0 0 0
0.14795848886213994 0 0 0 3 0 0 0 0 0 3 0 0
0.13489751390559074 0 0 0 3 0 0 0 0 0 0 3 0
0.1352115923687051 0 0 0 3 0 0 0 0 0 0 0 3
-0.10020247992037401 0 0 0 0 1 2 0 0 0 0 1 2
0.10020247992037401 0 0 0 0 1 2 0 0 0 0 2 1
0.10020247992037401 0 0 0 0 2 1 0 0 0 0 1 2
-0.10020247992037401 0 0 0 0 2 1 0 0 0 0 2 1
1.119537269113489 0 0 0 0 3 0 0 0 0 0 0 0
0.04891514164684231 0 0 0 0 3 3 0 0 0 0 0 0
0.13488249103467428 0 0 0 0 3 0 3 0 0 0 0 0
0.1348824910346742 0 0 0 0 3 0 0 3 0 0 0 0
0.13489751390559074 0 0 0 0 3 0 0 0 3 0 0 0
0.13489751390559074 0 0 0 0 3 0 0 0 0 3 0 0
0.14879512862024513 0 0 0 0 3 0 0 0 0 0 3 0
0.1491176215672163 0 0 0 0 3 0 0 0 0 0 0 3
1.1165214908730996 0 0 0 0 0 3 0 0 0 0 0 0
0.13519661209712616 0 0 0 0 0 3 3 0 0 0 0 0
0.13519661209712608 0 0 0 0 0 3 0 3 0 0 0 0
0.1352115923687051 0 0 0 0 0 3 0 0 3 0 0 0
0.1352115923687051 0 0 0 0 0 3 0 0 0 3 0 0
0.1491176215672163 0 0 0 0 0 3 0 0 0 0 3 0
0.14949082424333374 0 0 0 0 0 3 0 0 0 0 0 3
1.1134668121008513 0 0 0 0 0 0 3 0 0 0 0 0
0.1277441978922892 0 0 0 0 0 0 3 3 0 0 0 0
0.04664373624951431 0 0 0 0 0 0 3 0 3 0 0 0
0.1276211998174298 0 0 0 0 0 0 3 0 0 3 0 0
0.12815404822728385 0 0 0 0 0 0 3 0 0 0 3 0
0.12848034191190963 0 0 0 0 0 0 3 0 0 0 0 3
1.1134668121008513 0 0 0 0 0 0 0 3 0 0 0 0
0.12762119981742973 0 0 0 0 0 0 0 3 3 0 0 0
0.04664373624951425 0 0 0 0 0 0 0 3 0 3 0 0
0.1281540482272838 0 0 0 0 0 0 0 3 0 0 3 0
0.12848034191190957 0 0 0 0 0 0 0 3 0 0 0 3
1.1131253254190971 0 0 0 0 0 0 0 0 3 0 0 0
0.12777372689221864 0 0 0 0 0 0 0 0 3 3 0 0
0.12820462302239494 0 0 0 0 0 0 0 0 3 0 3 0
0.1284535893328646 0 0 0 0 0 0 0 0 3 0 0 3
1.1131253254190976 0 0 0 0 0 0 0 0 0 3 0 0
0.12820462302239494 0 0 0 0 0 0 0 0 0 3 3 0
0.1284535893328646 0 0 0 0 0 0 0 0 0 3 0 3
1.119537269113489 0 0 0 0 0 0 0 0 0 0 3 0
0.04891514164684231 0 0 0 0 0 0 0 0 0 0 3 3
1.1165214908730996 0 0 0 0 0 0 0 0 0 0 0 3
