-0.3314778134168107 0 0 0 0 0 0 0 0
0.024418228025864692 1 1 1 1 3 0 3 0
0.013030122213395726 1 1 2 2 3 0 3 0
0.024500238532872646 1 1 3 0 3 1 1 0
0.024500238532872646 1 1 3 0 3 2 2 0
0.03765836794307972 1 1 0 3 3 0 1 1
0.03765836794307972 1 1 0 3 3 0 2 2
0.011388105812468966 1 2 2 1 3 0 3 0
0.010770994389681819 1 2 3 3 1 3 3 2
-0.010770994389681819 1 2 3 3 2 3 3 1
-0.039345513560407504 1 2 0 0 1 2 0 0
0.039345513560407504 1 2 0 0 2 1 0 0
0.011234473400252864 1 3 1 3 3 3 0 0
-0.0024512883013735292 1 3 1 0 3 0 0 0
0.005562131997511068 1 3 1 0 3 3 0 0
0.0017156570386366275 1 3 1 0 3 3 3 0
0.02147682576283441 1 3 1 0 3 3 0 3
0.020391298291898487 1 3 1 0 0 3 0 0
-0.024628245729683987 1 3 2 3 3 1 3 2
0.024628245729683987 1 3 2 3 3 2 3 1
0.010242352362581548 1 3 3 2 3 3 1 2
-0.010242352362581548 1 3 3 2 3 3 2 1
-0.013240139917215022 1 3 0 1 3 1 1 0
-0.013240139917215022 1 3 0 1 3 2 2 0
0.022048950231499116 1 0 1 0 3 3 0 0
-0.026958030271018927 1 0 2 0 1 0 2 0
0.026958030271018927 1 0 2 0 2 0 1 0
0.01077099438968182 1 0 3 1 1 1 3 0
0.01077099438968182 1 0 3 1 2 2 3 0
-0.024267374249830942 1 0 0 2 1 0 0 2
0.024267374249830942 1 0 0 2 2 0 0 1
0.011388105812468966 2 1 1 2 3 0 3 0
-0.010770994389681819 2 1 3 3 1 3 3 2
0.010770994389681819 2 1 3 3 2 3 3 1
0.039345513560407504 2 1 0 0 1 2 0 0
-0.039345513560407504 2 1 0 0 2 1 0 0
0.013030122213395726 2 2 1 1 3 0 3 0
0.024418228025864692 2 2 2 2 3 0 3 0
0.024500238532872646 2 2 3 0 3 1 1 0
0.024500238532872646 2 2 3 0 3 2 2 0
0.03765836794307972 2 2 0 3 3 0 1 1
0.03765836794307972 2 2 0 3 3 0 2 2
0.024628245729683987 2 3 1 3 3 1 3 2
-0.024628245729683987 2 3 1 3 3 2 3 1
0.011234473400252864 2 3 2 3 3 3 0 0
-0.0024512883013735292 2 3 2 0 3 0 0 0
0.005562131997511068 2 3 2 0 3 3 0 0
0.0017156570386366275 2 3 2 0 3 3 3 0
0.02147682576283441 2 3 2 0 3 3 0 3
0.020391298291898487 2 3 2 0 0 3 0 0
-0.010242352362581548 2 3 3 1 3 3 1 2
0.010242352362581548 2 3 3 1 3 3 2 1
-0.013240139917215022 2 3 0 2 3 1 1 0
-0.013240139917215022 2 3 0 2 3 2 2 0
0.026958030271018927 2 0 1 0 1 0 2 0
-0.026958030271018927 2 0 1 0 2 0 1 0
0.022048950231499116 2 0 2 0 3 3 0 0
0.01077099438968182 2 0 3 2 1 1 3 0
0.01077099438968182 2 0 3 2 2 2 3 0
0.024267374249830942 2 0 0 1 1 0 0 2
-0.024267374249830942 2 0 0 1 2 0 0 1
0.18136485128990826 3 0 0 0 0 0 0 0
0.010290902970907602 3 1 3 1 0 3 3 0
0.010290902970907602 3 2 3 2 0 3 3 0
0.06963750845631891 3 3 0 0 0 0 0 0
0.020391298291898487 3 3 3 0 1 3 1 0
0.020391298291898487 3 3 3 0 2 3 2 0
0.08454049215503281 3 0 3 0 0 0 0 0
0.021061897360589416 3 0 3 3 0 1 3 1
0.021061897360589416 3 0 3 3 0 2 3 2
0.10647068453545329 3 0 0 3 0 0 0 0
0.12432120849362716 3 0 0 0 3 0 0 0
0.10898302201672641 3 0 0 0 0 3 0 0
0.11149852242605174 3 0 0 0 0 0 3 0
0.13073805878528422 3 0 0 0 0 0 0 3
-0.013240139917215022 0 1 1 3 1 0 3 1
-0.013240139917215022 0 1 1 3 2 0 3 2
0.024841613754402185 0 1 1 3 0 3 1 1
0.024841613754402185 0 1 1 3 0 3 2 2
-0.024500238532872646 0 1 2 0 1 2 0 0
0.024500238532872646 0 1 2 0 2 1 0 0
-0.03432067768053554 0 1 2 0 0 1 2 0
0.03432067768053554 0 1 2 0 0 2 1 0
0.021061897360589416 0 1 3 1 3 3 3 0
0.0007036277600324236 0 1 3 1 0 3 0 0
-0.017266560724924593 0 1 3 1 0 3 3 0
0.02338450413954824 0 1 3 1 0 3 3 3
0.0010141239253515558 0 1 3 1 0 0 3 0
0.025545241514434606 0 1 0 1 0 3 3 0
-0.024628245729683987 0 1 0 2 1 0 2 0
0.024628245729683987 0 1 0 2 2 0 1 0
-0.02616133175779298 0 1 0 2 0 1 0 2
0.02616133175779298 0 1 0 2 0 2 0 1
0.024500238532872646 0 2 1 0 1 2 0 0
-0.024500238532872646 0 2 1 0 2 1 0 0
0.03432067768053554 0 2 1 0 0 1 2 0
-0.03432067768053554 0 2 1 0 0 2 1 0
-0.013240139917215022 0 2 2 3 1 0 3 1
-0.013240139917215022 0 2 2 3 2 0 3 2
0.024841613754402185 0 2 2 3 0 3 1 1
0.024841613754402185 0 2 2 3 0 3 2 2
0.021061897360589416 0 2 3 2 3 3 3 0
0.0007036277600324236 0 2 3 2 0 3 0 0
-0.017266560724924593 0 2 3 2 0 3 3 0
0.02338450413954824 0 2 3 2 0 3 3 3
0.0010141239253515558 0 2 3 2 0 0 3 0
0.024628245729683987 0 2 0 1 1 0 2 0
-0.024628245729683987 0 2 0 1 2 0 1 0
0.02616133175779298 0 2 0 1 0 1 0 2
-0.02616133175779298 0 2 0 1 0 2 0 1
0.025545241514434606 0 2 0 2 0 3 3 0
0.08792644653108515 0 3 0 0 0 0 0 0
0.03765836794307972 0 3 1 1 1 1 3 0
0.010242352362581548 0 3 1 1 1 3 0 1
0.03765836794307972 0 3 1 1 2 2 3 0
0.010242352362581548 0 3 1 1 2 3 0 2
0.03765836794307972 0 3 2 2 1 1 3 0
0.010242352362581548 0 3 2 2 1 3 0 1
0.03765836794307972 0 3 2 2 2 2 3 0
0.010242352362581548 0 3 2 2 2 3 0 2
0.07762037309982327 0 3 3 0 0 0 0 0
0.02147682576283441 0 3 3 3 1 3 1 0
0.02147682576283441 0 3 3 3 2 3 2 0
0.0010141239253515558 0 3 3 3 0 1 3 1
0.0010141239253515558 0 3 3 3 0 2 3 2
0.005562131997511047 0 3 3 0 1 3 1 0
0.011234473400252864 0 3 3 0 1 3 1 3
0.022048950231499116 0 3 3 0 1 0 1 0
0.005562131997511047 0 3 3 0 2 3 2 0
0.011234473400252864 0 3 3 0 2 3 2 3
0.022048950231499116 0 3 3 0 2 0 2 0
0.08982499235931946 0 3 0 3 0 0 0 0
0.024418228025864692 0 3 0 3 1 1 1 1
0.013030122213395726 0 3 0 3 1 1 2 2
0.011388105812468966 0 3 0 3 1 2 2 1
0.011388105812468966 0 3 0 3 2 1 1 2
0.013030122213395726 0 3 0 3 2 2 1 1
0.024418228025864692 0 3 0 3 2 2 2 2
0.0017156570386366275 0 3 0 0 1 3 1 0
0.0017156570386366275 0 3 0 0 2 3 2 0
0.10898302201672641 0 3 0 0 3 0 0 0
0.11340654161438066 0 3 0 0 0 3 0 0
0.1119410507803588 0 3 0 0 0 0 3 0
0.11598632411711243 0 3 0 0 0 0 0 3
-0.024841613754402185 0 0 1 2 0 1 2 0
0.024841613754402185 0 0 1 2 0 2 1 0
-0.04061611948384263 0 0 1 2 0 0 1 2
0.04061611948384263 0 0 1 2 0 0 2 1
0.024841613754402185 0 0 2 1 0 1 2 0
-0.024841613754402185 0 0 2 1 0 2 1 0
0.04061611948384263 0 0 2 1 0 0 1 2
-0.04061611948384263 0 0 2 1 0 0 2 1
-0.07904409226124162 0 0 3 0 0 0 0 0
0.07943848632286912 0 0 3 3 0 0 0 0
0.010290902970907602 0 0 3 3 3 1 3 1
0.010290902970907602 0 0 3 3 3 2 3 2
-0.01726656072492459 0 0 3 3 0 1 3 1
0.025545241514434606 0 0 3 3 0 1 0 1
-0.01726656072492459 0 0 3 3 0 2 3 2
0.025545241514434606 0 0 3 3 0 2 0 2
-0.0024512883013735292 0 0 3 0 1 3 1 0
-0.0024512883013735292 0 0 3 0 2 3 2 0
0.11149852242605174 0 0 3 0 3 0 0 0
0.023384504139548238 0 0 3 0 0 1 3 1
0.023384504139548238 0 0 3 0 0 2 3 2
0.1119410507803588 0 0 3 0 0 3 0 0
0.11685143854472047 0 0 3 0 0 0 3 0
0.12005460580671176 0 0 3 0 0 0 0 3
-0.3346121300328121 0 0 0 3 0 0 0 0
0.13073805878528422 0 0 0 3 3 0 0 0
0.0007036277600324236 0 0 0 3 0 1 3 1
0.0007036277600324236 0 0 0 3 0 2 3 2
0.11598632411711243 0 0 0 3 0 3 0 0
0.12005460580671176 0 0 0 3 0 0 3 0
0.14526147930807792 0 0 0 3 0 0 0 3
0.18136485128990837 0 0 0 0 3 0 0 0
0.06963750845631891 0 0 0 0 3 3 0 0
0.08454049215503281 0 0 0 0 3 0 3 0
0.10647068453545329 0 0 0 0 3 0 0 3
0.0879264465310852 0 0 0 0 0 3 0 0
0.07762037309982327 0 0 0 0 0 3 3 0
0.08982499235931946 0 0 0 0 0 3 0 3
-0.07904409226124173 0 0 0 0 0 0 3 0
0.07943848632286912 0 0 0 0 0 0 3 3
-0.3346121300328121 0 0 0 0 0 0 0 3
