1.7659303166536109 0 0 0 0 0 0 0 0
-0.027444215891328387 1 1 1 1 3 0 3 0
-0.011997335807237882 1 1 2 2 3 0 3 0
0.027315272227897397 1 1 3 0 3 1 1 0
0.027315272227897397 1 1 3 0 3 2 2 0
-0.03473419151239613 1 1 0 3 3 0 1 1
-0.03473419151239613 1 1 0 3 3 0 2 2
-0.015446880084090505 1 2 2 1 3 0 3 0
-0.012959902783533097 1 2 3 3 1 3 3 2
0.012959902783533097 1 2 3 3 2 3 3 1
-0.037782530599833025 1 2 0 0 1 2 0 0
0.037782530599833025 1 2 0 0 2 1 0 0
0.017704553975349445 1 3 1 3 3 3 0 0
0.0012719154595929472 1 3 1 0 3 0 0 0
-0.002959969833684772 1 3 1 0 3 3 0 0
0.010116018588359376 1 3 1 0 3 3 3 0
0.03106517200529672 1 3 1 0 3 3 0 3
0.026066671935810883 1 3 1 0 0 3 0 0
0.022736855705158245 1 3 2 3 3 1 3 2
-0.022736855705158245 1 3 2 3 3 2 3 1
0.013360618029947273 1 3 3 2 3 3 1 2
-0.013360618029947273 1 3 3 2 3 3 2 1
0.00728997562106774 1 3 0 1 3 1 1 0
0.00728997562106774 1 3 0 1 3 2 2 0
0.02858718768749035 1 0 1 0 3 3 0 0
-0.026863062173092728 1 0 2 0 1 0 2 0
0.026863062173092728 1 0 2 0 2 0 1 0
-0.012959902783533097 1 0 3 1 1 1 3 0
-0.012959902783533097 1 0 3 1 2 2 3 0
-0.023065473369768667 1 0 0 2 1 0 0 2
0.023065473369768667 1 0 0 2 2 0 0 1
-0.015446880084090505 2 1 1 2 3 0 3 0
0.012959902783533097 2 1 3 3 1 3 3 2
-0.012959902783533097 2 1 3 3 2 3 3 1
0.037782530599833025 2 1 0 0 1 2 0 0
-0.037782530599833025 2 1 0 0 2 1 0 0
-0.011997335807237882 2 2 1 1 3 0 3 0
-0.027444215891328387 2 2 2 2 3 0 3 0
0.027315272227897397 2 2 3 0 3 1 1 0
0.027315272227897397 2 2 3 0 3 2 2 0
-0.03473419151239613 2 2 0 3 3 0 1 1
-0.03473419151239613 2 2 0 3 3 0 2 2
-0.022736855705158245 2 3 1 3 3 1 3 2
0.022736855705158245 2 3 1 3 3 2 3 1
0.017704553975349445 2 3 2 3 3 3 0 0
0.0012719154595929472 2 3 2 0 3 0 0 0
-0.002959969833684772 2 3 2 0 3 3 0 0
0.010116018588359376 2 3 2 0 3 3 3 0
0.03106517200529672 2 3 2 0 3 3 0 3
0.026066671935810883 2 3 2 0 0 3 0 0
-0.013360618029947273 2 3 3 1 3 3 1 2
0.013360618029947273 2 3 3 1 3 3 2 1
0.00728997562106774 2 3 0 2 3 1 1 0
0.00728997562106774 2 3 0 2 3 2 2 0
0.026863062173092728 2 0 1 0 1 0 2 0
-0.026863062173092728 2 0 1 0 2 0 1 0
0.02858718768749035 2 0 2 0 3 3 0 0
-0.012959902783533097 2 0 3 2 1 1 3 0
-0.012959902783533097 2 0 3 2 2 2 3 0
0.023065473369768667 2 0 0 1 1 0 0 2
-0.023065473369768667 2 0 0 1 2 0 0 1
0.2733032176419828 3 0 0 0 0 0 0 0
-0.014075154946333997 3 1 3 1 0 3 3 0
-0.014075154946333997 3 2 3 2 0 3 3 0
0.0973568802199277 3 3 0 0 0 0 0 0
0.026066671935810883 3 3 3 0 1 3 1 0
0.026066671935810883 3 3 3 0 2 3 2 0
0.11522602155185795 3 0 3 0 0 0 0 0
-0.02703505772986709 3 0 3 3 0 1 3 1
-0.02703505772986709 3 0 3 3 0 2 3 2
0.14559471875370503 3 0 0 3 0 0 0 0
0.15460042072284472 3 0 0 0 3 0 0 0
0.13513941081976072 3 0 0 0 0 3 0 0
0.14208908372495066 3 0 0 0 0 0 3 0
0.16866019212347372 3 0 0 0 0 0 0 3
0.00728997562106774 0 1 1 3 1 0 3 1
0.00728997562106774 0 1 1 3 2 0 3 2
-0.025942409434641527 0 1 1 3 0 3 1 1
-0.025942409434641527 0 1 1 3 0 3 2 2
-0.027315272227897397 0 1 2 0 1 2 0 0
0.027315272227897397 0 1 2 0 2 1 0 0
-0.03546515757212255 0 1 2 0 0 1 2 0
0.03546515757212255 0 1 2 0 0 2 1 0
-0.02703505772986709 0 1 3 1 3 3 3 0
-0.008997868823471132 0 1 3 1 0 3 0 0
0.030276121983093332 0 1 3 1 0 3 3 0
-0.03437154635712282 0 1 3 1 0 3 3 3
-0.006923350874471265 0 1 3 1 0 0 3 0
-0.03494027825811266 0 1 0 1 0 3 3 0
0.022736855705158245 0 1 0 2 1 0 2 0
-0.022736855705158245 0 1 0 2 2 0 1 0
-0.02492496196113172 0 1 0 2 0 1 0 2
0.02492496196113172 0 1 0 2 0 2 0 1
0.027315272227897397 0 2 1 0 1 2 0 0
-0.027315272227897397 0 2 1 0 2 1 0 0
0.03546515757212255 0 2 1 0 0 1 2 0
-0.03546515757212255 0 2 1 0 0 2 1 0
0.00728997562106774 0 2 2 3 1 0 3 1
0.00728997562106774 0 2 2 3 2 0 3 2
-0.025942409434641527 0 2 2 3 0 3 1 1
-0.025942409434641527 0 2 2 3 0 3 2 2
-0.02703505772986709 0 2 3 2 3 3 3 0
-0.008997868823471132 0 2 3 2 0 3 0 0
0.030276121983093332 0 2 3 2 0 3 3 0
-0.03437154635712282 0 2 3 2 0 3 3 3
-0.006923350874471265 0 2 3 2 0 0 3 0
-0.022736855705158245 0 2 0 1 1 0 2 0
0.022736855705158245 0 2 0 1 2 0 1 0
0.02492496196113172 0 2 0 1 0 1 0 2
-0.02492496196113172 0 2 0 1 0 2 0 1
-0.03494027825811266 0 2 0 2 0 3 3 0
0.07824520461527965 0 3 0 0 0 0 0 0
-0.03473419151239613 0 3 1 1 1 1 3 0
0.013360618029947273 0 3 1 1 1 3 0 1
-0.03473419151239613 0 3 1 1 2 2 3 0
0.013360618029947273 0 3 1 1 2 3 0 2
-0.03473419151239613 0 3 2 2 1 1 3 0
0.013360618029947273 0 3 2 2 1 3 0 1
-0.03473419151239613 0 3 2 2 2 2 3 0
0.013360618029947273 0 3 2 2 2 3 0 2
0.1034869832761462 0 3 3 0 0 0 0 0
0.03106517200529672 0 3 3 3 1 3 1 0
0.03106517200529672 0 3 3 3 2 3 2 0
-0.006923350874471265 0 3 3 3 0 1 3 1
-0.006923350874471265 0 3 3 3 0 2 3 2
-0.0029599698336847716 0 3 3 0 1 3 1 0
0.017704553975349445 0 3 3 0 1 3 1 3
0.02858718768749035 0 3 3 0 1 0 1 0
-0.0029599698336847716 0 3 3 0 2 3 2 0
0.017704553975349445 0 3 3 0 2 3 2 3
0.02858718768749035 0 3 3 0 2 0 2 0
0.12368369533310326 0 3 0 3 0 0 0 0
-0.027444215891328387 0 3 0 3 1 1 1 1
-0.011997335807237882 0 3 0 3 1 1 2 2
-0.015446880084090505 0 3 0 3 1 2 2 1
-0.015446880084090505 0 3 0 3 2 1 1 2
-0.011997335807237882 0 3 0 3 2 2 1 1
-0.027444215891328387 0 3 0 3 2 2 2 2
0.010116018588359376 0 3 0 0 1 3 1 0
0.010116018588359376 0 3 0 0 2 3 2 0
0.13513941081976072 0 3 0 0 3 0 0 0
0.13975710090141166 0 3 0 0 0 3 0 0
0.13895214084826873 0 3 0 0 0 0 3 0
0.148608657294235 0 3 0 0 0 0 0 3
0.025942409434641527 0 0 1 2 0 1 2 0
-0.025942409434641527 0 0 1 2 0 2 1 0
-0.03868784405328949 0 0 1 2 0 0 1 2
0.03868784405328949 0 0 1 2 0 0 2 1
-0.025942409434641527 0 0 2 1 0 1 2 0
0.025942409434641527 0 0 2 1 0 2 1 0
0.03868784405328949 0 0 2 1 0 0 1 2
-0.03868784405328949 0 0 2 1 0 0 2 1
-0.27212422700701117 0 0 3 0 0 0 0 0
0.12068165820823605 0 0 3 3 0 0 0 0
-0.014075154946333997 0 0 3 3 3 1 3 1
-0.014075154946333997 0 0 3 3 3 2 3 2
0.03027612198309331 0 0 3 3 0 1 3 1
-0.03494027825811266 0 0 3 3 0 1 0 1
0.03027612198309331 0 0 3 3 0 2 3 2
-0.03494027825811266 0 0 3 3 0 2 0 2
0.0012719154595929472 0 0 3 0 1 3 1 0
0.0012719154595929472 0 0 3 0 2 3 2 0
0.14208908372495066 0 0 3 0 3 0 0 0
-0.03437154635712282 0 0 3 0 0 1 3 1
-0.03437154635712282 0 0 3 0 0 2 3 2
0.13895214084826873 0 0 3 0 0 3 0 0
0.14788886360154627 0 0 3 0 0 0 3 0
0.15936950226152552 0 0 3 0 0 0 0 3
-0.9723288450210156 0 0 0 3 0 0 0 0
0.16866019212347372 0 0 0 3 3 0 0 0
-0.008997868823471132 0 0 0 3 0 1 3 1
-0.008997868823471132 0 0 0 3 0 2 3 2
0.148608657294235 0 0 0 3 0 3 0 0
0.15936950226152552 0 0 0 3 0 0 3 0
0.2017701210317358 0 0 0 3 0 0 0 3
0.2733032176419827 0 0 0 0 3 0 0 0
0.0973568802199277 0 0 0 0 3 3 0 0
0.11522602155185795 0 0 0 0 3 0 3 0
0.14559471875370503 0 0 0 0 3 0 0 3
0.07824520461527966 0 0 0 0 0 3 0 0
0.1034869832761462 0 0 0 0 0 3 3 0
0.12368369533310326 0 0 0 0 0 3 0 3
-0.27212422700701117 0 0 0 0 0 0 3 0
0.12068165820823605 0 0 0 0 0 0 3 3
-0.9723288450210157 0 0 0 0 0 0 0 3
