-0.8611702206892642 0 0 0 0 0 0 0 0
-0.02086188996080584 1 1 1 1 3 0 3 0
-0.011977745265793573 1 1 2 2 3 0 3 0
0.02151484563715172 1 1 3 0 3 1 1 0
0.02151484563715172 1 1 3 0 3 2 2 0
-0.03958028684810607 1 1 0 3 3 0 1 1
-0.03958028684810607 1 1 0 3 3 0 2 2
-0.00888414469501227 1 2 2 1 3 0 3 0
-0.009350168308526764 1 2 3 3 1 3 3 2
0.009350168308526764 1 2 3 3 2 3 3 1
-0.039604029219756094 1 2 0 0 1 2 0 0
0.039604029219756094 1 2 0 0 2 1 0 0
0.008965265838990748 1 3 1 3 3 3 0 0
-0.003830566614921046 1 3 1 0 3 0 0 0
0.00656320373023505 1 3 1 0 3 3 0 0
-0.0023552944325616818 1 3 1 0 3 3 3 0
0.01808930678279763 1 3 1 0 3 3 0 3
0.017407624360162605 1 3 1 0 0 3 0 0
0.027602541582312505 1 3 2 3 3 1 3 2
-0.027602541582312505 1 3 2 3 3 2 3 1
0.009124040943806882 1 3 3 2 3 3 1 2
-0.009124040943806882 1 3 3 2 3 3 2 1
0.01871839688730023 1 3 0 1 3 1 1 0
0.01871839688730023 1 3 0 1 3 2 2 0
0.01768427902223067 1 0 1 0 3 3 0 0
-0.02826806431802154 1 0 2 0 1 0 2 0
0.02826806431802154 1 0 2 0 2 0 1 0
-0.009350168308526764 1 0 3 1 1 1 3 0
-0.009350168308526764 1 0 3 1 2 2 3 0
-0.026778999318281396 1 0 0 2 1 0 0 2
0.026778999318281396 1 0 0 2 2 0 0 1
-0.00888414469501227 2 1 1 2 3 0 3 0
0.009350168308526764 2 1 3 3 1 3 3 2
-0.009350168308526764 2 1 3 3 2 3 3 1
0.039604029219756094 2 1 0 0 1 2 0 0
-0.039604029219756094 2 1 0 0 2 1 0 0
-0.011977745265793573 2 2 1 1 3 0 3 0
-0.02086188996080584 2 2 2 2 3 0 3 0
0.02151484563715172 2 2 3 0 3 1 1 0
0.02151484563715172 2 2 3 0 3 2 2 0
-0.03958028684810607 2 2 0 3 3 0 1 1
-0.03958028684810607 2 2 0 3 3 0 2 2
-0.027602541582312505 2 3 1 3 3 1 3 2
0.027602541582312505 2 3 1 3 3 2 3 1
0.008965265838990748 2 3 2 3 3 3 0 0
-0.003830566614921046 2 3 2 0 3 0 0 0
0.00656320373023505 2 3 2 0 3 3 0 0
-0.0023552944325616818 2 3 2 0 3 3 3 0
0.01808930678279763 2 3 2 0 3 3 0 3
0.017407624360162605 2 3 2 0 0 3 0 0
-0.009124040943806882 2 3 3 1 3 3 1 2
0.009124040943806882 2 3 3 1 3 3 2 1
0.01871839688730023 2 3 0 2 3 1 1 0
0.01871839688730023 2 3 0 2 3 2 2 0
0.02826806431802154 2 0 1 0 1 0 2 0
-0.02826806431802154 2 0 1 0 2 0 1 0
0.01768427902223067 2 0 2 0 3 3 0 0
-0.009350168308526764 2 0 3 2 1 1 3 0
-0.009350168308526764 2 0 3 2 2 2 3 0
0.026778999318281396 2 0 0 1 1 0 0 2
-0.026778999318281396 2 0 0 1 2 0 0 1
0.12933530290220668 3 0 0 0 0 0 0 0
-0.00867732096816759 3 1 3 1 0 3 3 0
-0.00867732096816759 3 2 3 2 0 3 3 0
0.053288276398146976 3 3 0 0 0 0 0 0
0.017407624360162605 3 3 3 0 1 3 1 0
0.017407624360162605 3 3 3 0 2 3 2 0
0.06593981640897989 3 0 3 0 0 0 0 0
-0.018027489276694352 3 0 3 3 0 1 3 1
-0.018027489276694352 3 0 3 3 0 2 3 2
0.08253842628330911 3 0 0 3 0 0 0 0
0.10494156525134624 3 0 0 0 3 0 0 0
0.09289230561790307 3 0 0 0 0 3 0 0
0.09420788072700143 3 0 0 0 0 0 3 0
0.10931742560159052 3 0 0 0 0 0 0 3
0.01871839688730023 0 1 1 3 1 0 3 1
0.01871839688730023 0 1 1 3 2 0 3 2
-0.022415571375147672 0 1 1 3 0 3 1 1
-0.022415571375147672 0 1 1 3 0 3 2 2
-0.02151484563715172 0 1 2 0 1 2 0 0
0.02151484563715172 0 1 2 0 2 1 0 0
-0.03493341576431946 0 1 2 0 0 1 2 0
0.03493341576431946 0 1 2 0 0 2 1 0
-0.018027489276694352 0 1 3 1 3 3 3 0
0.002798591843391711 0 1 3 1 0 3 0 0
0.011609318231110128 0 1 3 1 0 3 3 0
-0.01936355426808478 0 1 3 1 0 3 3 3
0.0021315579087233805 0 1 3 1 0 0 3 0
-0.019616979531755962 0 1 0 1 0 3 3 0
0.027602541582312505 0 1 0 2 1 0 2 0
-0.027602541582312505 0 1 0 2 2 0 1 0
-0.028731795746785464 0 1 0 2 0 1 0 2
0.028731795746785464 0 1 0 2 0 2 0 1
0.02151484563715172 0 2 1 0 1 2 0 0
-0.02151484563715172 0 2 1 0 2 1 0 0
0.03493341576431946 0 2 1 0 0 1 2 0
-0.03493341576431946 0 2 1 0 0 2 1 0
0.01871839688730023 0 2 2 3 1 0 3 1
0.01871839688730023 0 2 2 3 2 0 3 2
-0.022415571375147672 0 2 2 3 0 3 1 1
-0.022415571375147672 0 2 2 3 0 3 2 2
-0.018027489276694352 0 2 3 2 3 3 3 0
0.002798591843391711 0 2 3 2 0 3 0 0
0.011609318231110128 0 2 3 2 0 3 3 0
-0.01936355426808478 0 2 3 2 0 3 3 3
0.0021315579087233805 0 2 3 2 0 0 3 0
-0.027602541582312505 0 2 0 1 1 0 2 0
0.027602541582312505 0 2 0 1 2 0 1 0
0.028731795746785464 0 2 0 1 0 1 0 2
-0.028731795746785464 0 2 0 1 0 2 0 1
-0.019616979531755962 0 2 0 2 0 3 3 0
0.07484312847148795 0 3 0 0 0 0 0 0
-0.03958028684810607 0 3 1 1 1 1 3 0
0.009124040943806882 0 3 1 1 1 3 0 1
-0.03958028684810607 0 3 1 1 2 2 3 0
0.009124040943806882 0 3 1 1 2 3 0 2
-0.03958028684810607 0 3 2 2 1 1 3 0
0.009124040943806882 0 3 2 2 1 3 0 1
-0.03958028684810607 0 3 2 2 2 2 3 0
0.009124040943806882 0 3 2 2 2 3 0 2
0.06194186514186525 0 3 3 0 0 0 0 0
0.01808930678279763 0 3 3 3 1 3 1 0
0.01808930678279763 0 3 3 3 2 3 2 0
0.0021315579087233805 0 3 3 3 0 1 3 1
0.0021315579087233805 0 3 3 3 0 2 3 2
0.006563203730235054 0 3 3 0 1 3 1 0
0.008965265838990748 0 3 3 0 1 3 1 3
0.01768427902223067 0 3 3 0 1 0 1 0
0.006563203730235054 0 3 3 0 2 3 2 0
0.008965265838990748 0 3 3 0 2 3 2 3
0.01768427902223067 0 3 3 0 2 0 2 0
0.06884950976223003 0 3 0 3 0 0 0 0
-0.02086188996080584 0 3 0 3 1 1 1 1
-0.011977745265793573 0 3 0 3 1 1 2 2
-0.00888414469501227 0 3 0 3 1 2 2 1
-0.00888414469501227 0 3 0 3 2 1 1 2
-0.011977745265793573 0 3 0 3 2 2 1 1
-0.02086188996080584 0 3 0 3 2 2 2 2
-0.0023552944325616818 0 3 0 0 1 3 1 0
-0.0023552944325616818 0 3 0 0 2 3 2 0
0.09289230561790307 0 3 0 0 3 0 0 0
0.097085399789386 0 3 0 0 0 3 0 0
0.09687528090618469 0 3 0 0 0 0 3 0
0.0975813055090155 0 3 0 0 0 0 0 3
0.022415571375147672 0 0 1 2 0 1 2 0
-0.022415571375147672 0 0 1 2 0 2 1 0
-0.04206764429757187 0 0 1 2 0 0 1 2
0.04206764429757187 0 0 1 2 0 0 2 1
-0.022415571375147672 0 0 2 1 0 1 2 0
0.022415571375147672 0 0 2 1 0 2 1 0
0.04206764429757187 0 0 2 1 0 0 1 2
-0.04206764429757187 0 0 2 1 0 0 2 1
-0.016004672897852498 0 0 3 0 0 0 0 0
0.05777197321856291 0 0 3 3 0 0 0 0
-0.00867732096816759 0 0 3 3 3 1 3 1
-0.00867732096816759 0 0 3 3 3 2 3 2
0.011609318231110118 0 0 3 3 0 1 3 1
-0.019616979531755962 0 0 3 3 0 1 0 1
0.011609318231110118 0 0 3 3 0 2 3 2
-0.019616979531755962 0 0 3 3 0 2 0 2
-0.003830566614921046 0 0 3 0 1 3 1 0
-0.003830566614921046 0 0 3 0 2 3 2 0
0.09420788072700143 0 0 3 0 3 0 0 0
-0.01936355426808478 0 0 3 0 0 1 3 1
-0.01936355426808478 0 0 3 0 0 2 3 2
0.09687528090618469 0 0 3 0 0 3 0 0
0.09999054311582932 0 0 3 0 0 0 3 0
0.09983961751613478 0 0 3 0 0 0 0 3
-0.129583534554352 0 0 0 3 0 0 0 0
0.10931742560159052 0 0 0 3 3 0 0 0
0.002798591843391711 0 0 0 3 0 1 3 1
0.002798591843391711 0 0 0 3 0 2 3 2
0.0975813055090155 0 0 0 3 0 3 0 0
0.09983961751613478 0 0 0 3 0 0 3 0
0.11781436087930289 0 0 0 3 0 0 0 3
0.12933530290220663 0 0 0 0 3 0 0 0
0.053288276398146976 0 0 0 0 3 3 0 0
0.06593981640897989 0 0 0 0 3 0 3 0
0.08253842628330911 0 0 0 0 3 0 0 3
0.074843128471488 0 0 0 0 0 3 0 0
0.06194186514186525 0 0 0 0 0 3 3 0
0.06884950976223003 0 0 0 0 0 3 0 3
-0.01600467289785247 0 0 0 0 0 0 3 0
0.05777197321856291 0 0 0 0 0 0 3 3
-0.12958353455435195 0 0 0 0 0 0 0 3
