0.3282432164253861 0 0 0 0 0 0 0 0
-0.026051410004439925 1 1 1 1 3 0 3 0
-0.01290503321367264 1 1 2 2 3 0 3 0
0.026021115982087034 1 1 3 0 3 1 1 0
0.026021115982087034 1 1 3 0 3 2 2 0
-0.03638393156851318 1 1 0 3 3 0 1 1
-0.03638393156851318 1 1 0 3 3 0 2 2
-0.013146376790767291 1 2 2 1 3 0 3 0
-0.011788499045714582 1 2 3 3 1 3 3 2
0.011788499045714582 1 2 3 3 2 3 3 1
-0.038969332686859925 1 2 0 0 1 2 0 0
0.038969332686859925 1 2 0 0 2 1 0 0
0.01332897354437335 1 3 1 3 3 3 0 0
-0.001077590113143205 1 3 1 0 3 0 0 0
0.0034510139569413623 1 3 1 0 3 3 0 0
0.0051855862280373415 1 3 1 0 3 3 3 0
0.024562895316994994 1 3 1 0 3 3 0 3
0.02266251397711852 1 3 1 0 0 3 0 0
0.023478898354840537 1 3 2 3 3 1 3 2
-0.023478898354840537 1 3 2 3 3 2 3 1
0.011233921772621645 1 3 3 2 3 3 1 2
-0.011233921772621645 1 3 3 2 3 3 2 1
0.010332521564073247 1 3 0 1 3 1 1 0
0.010332521564073247 1 3 0 1 3 2 2 0
0.024943525868943835 1 0 1 0 3 3 0 0
-0.026767227562523838 1 0 2 0 1 0 2 0
0.026767227562523838 1 0 2 0 2 0 1 0
-0.011788499045714582 1 0 3 1 1 1 3 0
-0.011788499045714582 1 0 3 1 2 2 3 0
-0.023430560552995135 1 0 0 2 1 0 0 2
0.023430560552995135 1 0 0 2 2 0 0 1
-0.013146376790767291 2 1 1 2 3 0 3 0
0.011788499045714582 2 1 3 3 1 3 3 2
-0.011788499045714582 2 1 3 3 2 3 3 1
0.038969332686859925 2 1 0 0 1 2 0 0
-0.038969332686859925 2 1 0 0 2 1 0 0
-0.01290503321367264 2 2 1 1 3 0 3 0
-0.026051410004439925 2 2 2 2 3 0 3 0
0.026021115982087034 2 2 3 0 3 1 1 0
0.026021115982087034 2 2 3 0 3 2 2 0
-0.03638393156851318 2 2 0 3 3 0 1 1
-0.03638393156851318 2 2 0 3 3 0 2 2
-0.023478898354840537 2 3 1 3 3 1 3 2
0.023478898354840537 2 3 1 3 3 2 3 1
0.01332897354437335 2 3 2 3 3 3 0 0
-0.001077590113143205 2 3 2 0 3 0 0 0
0.0034510139569413623 2 3 2 0 3 3 0 0
0.0051855862280373415 2 3 2 0 3 3 3 0
0.024562895316994994 2 3 2 0 3 3 0 3
0.02266251397711852 2 3 2 0 0 3 0 0
-0.011233921772621645 2 3 3 1 3 3 1 2
0.011233921772621645 2 3 3 1 3 3 2 1
0.010332521564073247 2 3 0 2 3 1 1 0
0.010332521564073247 2 3 0 2 3 2 2 0
0.026767227562523838 2 0 1 0 1 0 2 0
-0.026767227562523838 2 0 1 0 2 0 1 0
0.024943525868943835 2 0 2 0 3 3 0 0
-0.011788499045714582 2 0 3 2 1 1 3 0
-0.011788499045714582 2 0 3 2 2 2 3 0
0.023430560552995135 2 0 0 1 1 0 0 2
-0.023430560552995135 2 0 0 1 2 0 0 1
0.2198206019989395 3 0 0 0 0 0 0 0
-0.011736610428385242 3 1 3 1 0 3 3 0
-0.011736610428385242 3 2 3 2 0 3 3 0
0.08150476695249859 3 3 0 0 0 0 0 0
0.02266251397711852 3 3 3 0 1 3 1 0
0.02266251397711852 3 3 3 0 2 3 2 0
0.09779621180725868 3 0 3 0 0 0 0 0
-0.023525109474099824 3 0 3 3 0 1 3 1
-0.023525109474099824 3 0 3 3 0 2 3 2
0.12292720972418694 3 0 0 3 0 0 0 0
0.13762571122516315 3 0 0 0 3 0 0 0
0.12047409963935851 3 0 0 0 0 3 0 0
0.12456343936978251 3 0 0 0 0 0 3 0
0.14635777027718208 3 0 0 0 0 0 0 3
0.010332521564073247 0 1 1 3 1 0 3 1
0.010332521564073247 0 1 1 3 2 0 3 2
-0.02570355160767239 0 1 1 3 0 3 1 1
-0.02570355160767239 0 1 1 3 0 3 2 2
-0.026021115982087034 0 1 2 0 1 2 0 0
0.026021115982087034 0 1 2 0 2 1 0 0
-0.03456875176017344 0 1 2 0 0 1 2 0
0.03456875176017344 0 1 2 0 0 2 1 0
-0.023525109474099824 0 1 3 1 3 3 3 0
-0.003997570118543523 0 1 3 1 0 3 0 0
0.022004793081016383 0 1 3 1 0 3 3 0
-0.027107977468879618 0 1 3 1 0 3 3 3
-0.003540177211698984 0 1 3 1 0 0 3 0
-0.02970112172621591 0 1 0 1 0 3 3 0
0.023478898354840537 0 1 0 2 1 0 2 0
-0.023478898354840537 0 1 0 2 2 0 1 0
-0.025365678402573002 0 1 0 2 0 1 0 2
0.025365678402573002 0 1 0 2 0 2 0 1
0.026021115982087034 0 2 1 0 1 2 0 0
-0.026021115982087034 0 2 1 0 2 1 0 0
0.03456875176017344 0 2 1 0 0 1 2 0
-0.03456875176017344 0 2 1 0 0 2 1 0
0.010332521564073247 0 2 2 3 1 0 3 1
0.010332521564073247 0 2 2 3 2 0 3 2
-0.02570355160767239 0 2 2 3 0 3 1 1
-0.02570355160767239 0 2 2 3 0 3 2 2
-0.023525109474099824 0 2 3 2 3 3 3 0
-0.003997570118543523 0 2 3 2 0 3 0 0
0.022004793081016383 0 2 3 2 0 3 3 0
-0.027107977468879618 0 2 3 2 0 3 3 3
-0.003540177211698984 0 2 3 2 0 0 3 0
-0.023478898354840537 0 2 0 1 1 0 2 0
0.023478898354840537 0 2 0 1 2 0 1 0
0.025365678402573002 0 2 0 1 0 1 0 2
-0.025365678402573002 0 2 0 1 0 2 0 1
-0.02970112172621591 0 2 0 2 0 3 3 0
0.08925836004973053 0 3 0 0 0 0 0 0
-0.03638393156851318 0 3 1 1 1 1 3 0
0.011233921772621645 0 3 1 1 1 3 0 1
-0.03638393156851318 0 3 1 1 2 2 3 0
0.011233921772621645 0 3 1 1 2 3 0 2
-0.03638393156851318 0 3 2 2 1 1 3 0
0.011233921772621645 0 3 2 2 1 3 0 1
-0.03638393156851318 0 3 2 2 2 2 3 0
0.011233921772621645 0 3 2 2 2 3 0 2
0.08875238137928959 0 3 3 0 0 0 0 0
0.024562895316994994 0 3 3 3 1 3 1 0
0.024562895316994994 0 3 3 3 2 3 2 0
-0.0035401772116989837 0 3 3 3 0 1 3 1
-0.0035401772116989837 0 3 3 3 0 2 3 2
0.003451013956941363 0 3 3 0 1 3 1 0
0.01332897354437335 0 3 3 0 1 3 1 3
0.024943525868943835 0 3 3 0 1 0 1 0
0.003451013956941363 0 3 3 0 2 3 2 0
0.01332897354437335 0 3 3 0 2 3 2 3
0.024943525868943835 0 3 3 0 2 0 2 0
0.10438902130332464 0 3 0 3 0 0 0 0
-0.026051410004439925 0 3 0 3 1 1 1 1
-0.01290503321367264 0 3 0 3 1 1 2 2
-0.013146376790767291 0 3 0 3 1 2 2 1
-0.013146376790767291 0 3 0 3 2 1 1 2
-0.01290503321367264 0 3 0 3 2 2 1 1
-0.026051410004439925 0 3 0 3 2 2 2 2
0.0051855862280373415 0 3 0 0 1 3 1 0
0.0051855862280373415 0 3 0 0 2 3 2 0
0.12047409963935851 0 3 0 0 3 0 0 0
0.12496803987797049 0 3 0 0 0 3 0 0
0.12332113313946302 0 3 0 0 0 0 3 0
0.12975469970589765 0 3 0 0 0 0 0 3
0.02570355160767239 0 0 1 2 0 1 2 0
-0.02570355160767239 0 0 1 2 0 2 1 0
-0.03958308719322621 0 0 1 2 0 0 1 2
0.03958308719322621 0 0 1 2 0 0 2 1
-0.02570355160767239 0 0 2 1 0 1 2 0
0.02570355160767239 0 0 2 1 0 2 1 0
0.03958308719322621 0 0 2 1 0 0 1 2
-0.03958308719322621 0 0 2 1 0 0 2 1
-0.14467875207032505 0 0 3 0 0 0 0 0
0.09632020506990027 0 0 3 3 0 0 0 0
-0.011736610428385242 0 0 3 3 3 1 3 1
-0.011736610428385242 0 0 3 3 3 2 3 2
0.022004793081016376 0 0 3 3 0 1 3 1
-0.02970112172621591 0 0 3 3 0 1 0 1
0.022004793081016376 0 0 3 3 0 2 3 2
-0.02970112172621591 0 0 3 3 0 2 0 2
-0.001077590113143205 0 0 3 0 1 3 1 0
-0.001077590113143205 0 0 3 0 2 3 2 0
0.12456343936978251 0 0 3 0 3 0 0 0
-0.027107977468879614 0 0 3 0 0 1 3 1
-0.027107977468879614 0 0 3 0 0 2 3 2
0.12332113313946302 0 0 3 0 0 3 0 0
0.1297348572879528 0 0 3 0 0 0 3 0
0.13590329226312647 0 0 3 0 0 0 0 3
-0.5468473638147205 0 0 0 3 0 0 0 0
0.14635777027718208 0 0 0 3 3 0 0 0
-0.003997570118543523 0 0 0 3 0 1 3 1
-0.003997570118543523 0 0 0 3 0 2 3 2
0.12975469970589765 0 0 0 3 0 3 0 0
0.13590329226312647 0 0 0 3 0 0 3 0
0.16657058074374037 0 0 0 3 0 0 0 3
0.2198206019989394 0 0 0 0 3 0 0 0
0.08150476695249859 0 0 0 0 3 3 0 0
0.09779621180725868 0 0 0 0 3 0 3 0
0.12292720972418694 0 0 0 0 3 0 0 3
0.08925836004973052 0 0 0 0 0 3 0 0
0.08875238137928959 0 0 0 0 0 3 3 0
0.10438902130332464 0 0 0 0 0 3 0 3
-0.144678752070325 0 0 0 0 0 0 3 0
0.09632020506990027 0 0 0 0 0 0 3 3
-0.5468473638147205 0 0 0 0 0 0 0 3
