-1.0235013247099702 0 0 0 0 0 0 0 0
-0.017539610933225577 1 1 1 1 3 0 3 0
-0.010512632278298038 1 1 2 2 3 0 3 0
0.01877136889762359 1 1 3 0 3 1 1 0
0.01877136889762359 1 1 3 0 3 2 2 0
-0.04125221260780648 1 1 0 3 3 0 1 1
-0.04125221260780648 1 1 0 3 3 0 2 2
-0.007026978654927541 1 2 2 1 3 0 3 0
-0.008229452192292422 1 2 3 3 1 3 3 2
0.008229452192292422 1 2 3 3 2 3 3 1
-0.040466729907380865 1 2 0 0 1 2 0 0
0.040466729907380865 1 2 0 0 2 1 0 0
0.007777038969940336 1 3 1 3 3 3 0 0
-0.004348966691663295 1 3 1 0 3 0 0 0
0.0058938849591119065 1 3 1 0 3 3 0 0
-0.004167076727801482 1 3 1 0 3 3 3 0
0.015922103052176104 1 3 1 0 3 3 0 3
0.015350385419244932 1 3 1 0 0 3 0 0
0.03073958032950844 1 3 2 3 3 1 3 2
-0.03073958032950844 1 3 2 3 3 2 3 1
0.008145064082235767 1 3 3 2 3 3 1 2
-0.008145064082235767 1 3 3 2 3 3 2 1
0.023712601674580905 1 3 0 1 3 1 1 0
0.023712601674580905 1 3 0 1 3 2 2 0
0.014422402205960291 1 0 1 0 3 3 0 0
-0.030594920475684274 1 0 2 0 1 0 2 0
0.030594920475684274 1 0 2 0 2 0 1 0
-0.008229452192292422 1 0 3 1 1 1 3 0
-0.008229452192292422 1 0 3 1 2 2 3 0
-0.02957200583592539 1 0 0 2 1 0 0 2
0.02957200583592539 1 0 0 2 2 0 0 1
-0.007026978654927541 2 1 1 2 3 0 3 0
0.008229452192292422 2 1 3 3 1 3 3 2
-0.008229452192292422 2 1 3 3 2 3 3 1
0.040466729907380865 2 1 0 0 1 2 0 0
-0.040466729907380865 2 1 0 0 2 1 0 0
-0.010512632278298038 2 2 1 1 3 0 3 0
-0.017539610933225577 2 2 2 2 3 0 3 0
0.01877136889762359 2 2 3 0 3 1 1 0
0.01877136889762359 2 2 3 0 3 2 2 0
-0.04125221260780648 2 2 0 3 3 0 1 1
-0.04125221260780648 2 2 0 3 3 0 2 2
-0.03073958032950844 2 3 1 3 3 1 3 2
0.03073958032950844 2 3 1 3 3 2 3 1
0.007777038969940336 2 3 2 3 3 3 0 0
-0.004348966691663295 2 3 2 0 3 0 0 0
0.0058938849591119065 2 3 2 0 3 3 0 0
-0.004167076727801482 2 3 2 0 3 3 3 0
0.015922103052176104 2 3 2 0 3 3 0 3
0.015350385419244932 2 3 2 0 0 3 0 0
-0.008145064082235767 2 3 3 1 3 3 1 2
0.008145064082235767 2 3 3 1 3 3 2 1
0.023712601674580905 2 3 0 2 3 1 1 0
0.023712601674580905 2 3 0 2 3 2 2 0
0.030594920475684274 2 0 1 0 1 0 2 0
-0.030594920475684274 2 0 1 0 2 0 1 0
0.014422402205960291 2 0 2 0 3 3 0 0
-0.008229452192292422 2 0 3 2 1 1 3 0
-0.008229452192292422 2 0 3 2 2 2 3 0
0.02957200583592539 2 0 0 1 1 0 0 2
-0.02957200583592539 2 0 0 1 2 0 0 1
0.0944790043588865 3 0 0 0 0 0 0 0
-0.00771428673736717 3 1 3 1 0 3 3 0
-0.00771428673736717 3 2 3 2 0 3 3 0
0.04263899835334616 3 3 0 0 0 0 0 0
0.015350385419244932 3 3 3 0 1 3 1 0
0.015350385419244932 3 3 3 0 2 3 2 0
0.053403341306261516 3 0 3 0 0 0 0 0
-0.01594373892965959 3 0 3 3 0 1 3 1
-0.01594373892965959 3 0 3 3 0 2 3 2
0.06603103674613611 3 0 0 3 0 0 0 0
0.09227775046834029 3 0 0 0 3 0 0 0
0.08310572826072701 3 0 0 0 0 3 0 0
0.0839982617819458 3 0 0 0 0 0 3 0
0.09560304258206151 3 0 0 0 0 0 0 3
0.023712601674580905 0 1 1 3 1 0 3 1
0.023712601674580905 0 1 1 3 2 0 3 2
-0.019660239489908776 0 1 1 3 0 3 1 1
-0.019660239489908776 0 1 1 3 0 3 2 2
-0.01877136889762359 0 1 2 0 1 2 0 0
0.01877136889762359 0 1 2 0 2 1 0 0
-0.035947072910080986 0 1 2 0 0 1 2 0
0.035947072910080986 0 1 2 0 0 2 1 0
-0.01594373892965959 0 1 3 1 3 3 3 0
0.004220458201547657 0 1 3 1 0 3 0 0
0.007930343891202462 0 1 3 1 0 3 3 0
-0.016830050068478326 0 1 3 1 0 3 3 3
0.0035370426329008474 0 1 3 1 0 0 3 0
-0.015439781288361118 0 1 0 1 0 3 3 0
0.03073958032950844 0 1 0 2 1 0 2 0
-0.03073958032950844 0 1 0 2 2 0 1 0
-0.03159788712671784 0 1 0 2 0 1 0 2
0.03159788712671784 0 1 0 2 0 2 0 1
0.01877136889762359 0 2 1 0 1 2 0 0
-0.01877136889762359 0 2 1 0 2 1 0 0
0.035947072910080986 0 2 1 0 0 1 2 0
-0.035947072910080986 0 2 1 0 0 2 1 0
0.023712601674580905 0 2 2 3 1 0 3 1
0.023712601674580905 0 2 2 3 2 0 3 2
-0.019660239489908776 0 2 2 3 0 3 1 1
-0.019660239489908776 0 2 2 3 0 3 2 2
-0.01594373892965959 0 2 3 2 3 3 3 0
0.004220458201547657 0 2 3 2 0 3 0 0
0.007930343891202462 0 2 3 2 0 3 3 0
-0.016830050068478326 0 2 3 2 0 3 3 3
0.0035370426329008474 0 2 3 2 0 0 3 0
-0.03073958032950844 0 2 0 1 1 0 2 0
0.03073958032950844 0 2 0 1 2 0 1 0
0.03159788712671784 0 2 0 1 0 1 0 2
-0.03159788712671784 0 2 0 1 0 2 0 1
-0.015439781288361118 0 2 0 2 0 3 3 0
0.061625316230822624 0 3 0 0 0 0 0 0
-0.04125221260780648 0 3 1 1 1 1 3 0
0.008145064082235767 0 3 1 1 1 3 0 1
-0.04125221260780648 0 3 1 1 2 2 3 0
0.008145064082235767 0 3 1 1 2 3 0 2
-0.04125221260780648 0 3 2 2 1 1 3 0
0.008145064082235767 0 3 2 2 1 3 0 1
-0.04125221260780648 0 3 2 2 2 2 3 0
0.008145064082235767 0 3 2 2 2 3 0 2
0.051386023913793676 0 3 3 0 0 0 0 0
0.015922103052176104 0 3 3 3 1 3 1 0
0.015922103052176104 0 3 3 3 2 3 2 0
0.0035370426329008474 0 3 3 3 0 1 3 1
0.0035370426329008474 0 3 3 3 0 2 3 2
0.0058938849591118996 0 3 3 0 1 3 1 0
0.007777038969940336 0 3 3 0 1 3 1 3
0.014422402205960291 0 3 3 0 1 0 1 0
0.0058938849591118996 0 3 3 0 2 3 2 0
0.007777038969940336 0 3 3 0 2 3 2 3
0.014422402205960291 0 3 3 0 2 0 2 0
0.05487303188773409 0 3 0 3 0 0 0 0
-0.017539610933225577 0 3 0 3 1 1 1 1
-0.010512632278298038 0 3 0 3 1 1 2 2
-0.007026978654927541 0 3 0 3 1 2 2 1
-0.007026978654927541 0 3 0 3 2 1 1 2
-0.010512632278298038 0 3 0 3 2 2 1 1
-0.017539610933225577 0 3 0 3 2 2 2 2
-0.004167076727801482 0 3 0 0 1 3 1 0
-0.004167076727801482 0 3 0 0 2 3 2 0
0.08310572826072701 0 3 0 0 3 0 0 0
0.0867983705656405 0 3 0 0 0 3 0 0
0.08733309682387466 0 3 0 0 0 0 3 0
0.08647091901445192 0 3 0 0 0 0 0 3
0.019660239489908776 0 0 1 2 0 1 2 0
-0.019660239489908776 0 0 1 2 0 2 1 0
-0.04315698865987658 0 0 1 2 0 0 1 2
0.04315698865987658 0 0 1 2 0 0 2 1
-0.019660239489908776 0 0 2 1 0 1 2 0
0.019660239489908776 0 0 2 1 0 2 1 0
0.04315698865987658 0 0 2 1 0 0 1 2
-0.04315698865987658 0 0 2 1 0 0 2 1
0.012068475187454172 0 0 3 0 0 0 0 0
0.044676213930264816 0 0 3 3 0 0 0 0
-0.00771428673736717 0 0 3 3 3 1 3 1
-0.00771428673736717 0 0 3 3 3 2 3 2
0.00793034389120246 0 0 3 3 0 1 3 1
-0.015439781288361118 0 0 3 3 0 1 0 1
0.00793034389120246 0 0 3 3 0 2 3 2
-0.015439781288361118 0 0 3 3 0 2 0 2
-0.004348966691663295 0 0 3 0 1 3 1 0
-0.004348966691663295 0 0 3 0 2 3 2 0
0.0839982617819458 0 0 3 0 3 0 0 0
-0.016830050068478326 0 0 3 0 0 1 3 1
-0.016830050068478326 0 0 3 0 0 2 3 2
0.08733309682387466 0 0 3 0 0 3 0 0
0.08935053313656724 0 0 3 0 0 0 3 0
0.0878332025901414 0 0 3 0 0 0 0 3
-0.041385579035341895 0 0 0 3 0 0 0 0
0.09560304258206151 0 0 0 3 3 0 0 0
0.004220458201547657 0 0 0 3 0 1 3 1
0.004220458201547657 0 0 0 3 0 2 3 2
0.08647091901445192 0 0 0 3 0 3 0 0
0.0878332025901414 0 0 0 3 0 0 3 0
0.10073958007430214 0 0 0 3 0 0 0 3
0.09447900435888643 0 0 0 0 3 0 0 0
0.04263899835334616 0 0 0 0 3 3 0 0
0.053403341306261516 0 0 0 0 3 0 3 0
0.06603103674613611 0 0 0 0 3 0 0 3
0.06162531623082256 0 0 0 0 0 3 0 0
0.051386023913793676 0 0 0 0 0 3 3 0
0.05487303188773409 0 0 0 0 0 3 0 3
0.012068475187454075 0 0 0 0 0 0 3 0
0.044676213930264816 0 0 0 0 0 0 3 3
-0.041385579035342 0 0 0 0 0 0 0 3
