-95.43579168617272 0 0 0 0 0 0 0 0
0.0053687279782688585 1 1 3 3 3 1 3 1
0.0053687279782688585 1 1 3 3 3 2 3 2
-0.009174196143733755 1 2 0 0 1 2 0 0
0.009174196143733755 1 2 0 0 2 1 0 0
0.0053687279782688585 1 3 1 3 3 3 1 1
0.0053687279782688585 1 3 1 3 3 3 2 2
-0.059943591083431 1 3 3 1 3 3 0 0
-0.247137428454417 1 3 3 1 3 3 3 0
-0.00613701544422067 1 3 3 1 3 3 3 3
-0.059943591083431 1 3 3 1 3 0 3 0
-0.024237535524368595 1 3 3 1 0 3 3 0
-0.05457486310516215 1 3 0 1 3 3 3 0
-0.009174196143733755 1 0 2 0 1 0 2 0
0.009174196143733755 1 0 2 0 2 0 1 0
-0.05457486310516215 1 0 3 1 3 3 3 0
-0.056201769125505785 1 0 0 2 1 0 0 2
0.056201769125505785 1 0 0 2 2 0 0 1
0.009174196143733755 2 1 0 0 1 2 0 0
-0.009174196143733755 2 1 0 0 2 1 0 0
0.0053687279782688585 2 2 3 3 3 1 3 1
0.0053687279782688585 2 2 3 3 3 2 3 2
0.0053687279782688585 2 3 2 3 3 3 1 1
0.0053687279782688585 2 3 2 3 3 3 2 2
-0.059943591083431 2 3 3 2 3 3 0 0
-0.247137428454417 2 3 3 2 3 3 3 0
-0.00613701544422067 2 3 3 2 3 3 3 3
-0.059943591083431 2 3 3 2 3 0 3 0
-0.024237535524368595 2 3 3 2 0 3 3 0
-0.05457486310516215 2 3 0 2 3 3 3 0
0.009174196143733755 2 0 1 0 1 0 2 0
-0.009174196143733755 2 0 1 0 2 0 1 0
-0.05457486310516215 2 0 3 2 3 3 3 0
0.056201769125505785 2 0 0 1 1 0 0 2
-0.056201769125505785 2 0 0 1 2 0 0 1
0.8198666977969057 3 0 0 0 0 0 0 0
0.16282798590507477 3 3 0 0 0 0 0 0
-0.024237535524368595 3 3 3 3 1 3 3 1
-0.024237535524368595 3 3 3 3 2 3 3 2
0.16282798590507477 3 0 3 0 0 0 0 0
0.10691954081298069 3 0 0 3 0 0 0 0
0.17174698181108422 3 0 0 0 3 0 0 0
0.17200218204880852 3 0 0 0 0 3 0 0
0.17200218204880852 3 0 0 0 0 0 3 0
0.16312130993848648 3 0 0 0 0 0 0 3
-0.013442592524559718 0 1 2 0 0 1 2 0
0.013442592524559718 0 1 2 0 0 2 1 0
-0.0053687279782688585 0 1 3 2 1 2 3 0
0.0053687279782688585 0 1 3 2 2 1 3 0
-0.007343356142163472 0 1 0 2 0 1 0 2
0.007343356142163472 0 1 0 2 0 2 0 1
0.013442592524559718 0 2 1 0 0 1 2 0
-0.013442592524559718 0 2 1 0 0 2 1 0
0.0053687279782688585 0 2 3 1 1 2 3 0
-0.0053687279782688585 0 2 3 1 2 1 3 0
0.007343356142163472 0 2 0 1 0 1 0 2
-0.007343356142163472 0 2 0 1 0 2 0 1
0.940591199344356 0 3 0 0 0 0 0 0
-0.0053687279782688585 0 3 1 2 1 3 2 0
0.0053687279782688585 0 3 1 2 2 3 1 0
0.0053687279782688585 0 3 2 1 1 3 2 0
-0.0053687279782688585 0 3 2 1 2 3 1 0
0.20905062890873521 0 3 3 0 0 0 0 0
-0.24713742845441697 0 3 3 3 1 3 3 1
-0.05457486310516215 0 3 3 3 1 3 0 1
-0.05457486310516215 0 3 3 3 1 0 3 1
-0.24713742845441697 0 3 3 3 2 3 3 2
-0.05457486310516215 0 3 3 3 2 3 0 2
-0.05457486310516215 0 3 3 3 2 0 3 2
-0.00613701544422067 0 3 3 0 1 3 3 1
-0.00613701544422067 0 3 3 0 2 3 3 2
0.14962307566001856 0 3 0 3 0 0 0 0
-0.059943591083431 0 3 0 3 1 3 3 1
-0.059943591083431 0 3 0 3 2 3 3 2
0.17200218204880852 0 3 0 0 3 0 0 0
0.24937840648241422 0 3 0 0 0 3 0 0
0.22249322143329492 0 3 0 0 0 0 3 0
0.15696643180218203 0 3 0 0 0 0 0 3
-0.007343356142163472 0 0 1 2 0 0 1 2
0.007343356142163472 0 0 1 2 0 0 2 1
0.007343356142163472 0 0 2 1 0 0 1 2
-0.007343356142163472 0 0 2 1 0 0 2 1
0.9405911993443558 0 0 3 0 0 0 0 0
0.14962307566001856 0 0 3 3 0 0 0 0
-0.059943591083431 0 0 3 3 1 3 3 1
-0.059943591083431 0 0 3 3 2 3 3 2
0.17200218204880852 0 0 3 0 3 0 0 0
0.22249322143329492 0 0 3 0 0 3 0 0
0.24937840648241416 0 0 3 0 0 0 3 0
0.15696643180218206 0 0 3 0 0 0 0 3
0.5190566928270234 0 0 0 3 0 0 0 0
0.16312130993848648 0 0 0 3 3 0 0 0
0.15696643180218203 0 0 0 3 0 3 0 0
0.15696643180218206 0 0 0 3 0 0 3 0
0.17023292670166693 0 0 0 3 0 0 0 3
0.8198666977969058 0 0 0 0 3 0 0 0
0.16282798590507477 0 0 0 0 3 3 0 0
0.16282798590507477 0 0 0 0 3 0 3 0
0.10691954081298069 0 0 0 0 3 0 0 3
0.9405911993443562 0 0 0 0 0 3 0 0
0.20905062890873521 0 0 0 0 0 3 3 0
0.14962307566001856 0 0 0 0 0 3 0 3
0.9405911993443558 0 0 0 0 0 0 3 0
0.14962307566001856 0 0 0 0 0 0 3 3
0.5190566928270237 0 0 0 0 0 0 0 3
