-95.6543190580563 0 0 0 0 0 0 0 0
-0.013442592524559678 1 2 0 0 1 2 0 0
0.013442592524559678 1 2 0 0 2 1 0 0
-0.006625187919062163 1 0 2 3 1 0 3 2
0.006625187919062163 1 0 2 3 2 0 3 1
-0.0070954879224131295 1 0 2 0 1 0 2 0
0.0070954879224131295 1 0 2 0 2 0 1 0
-0.006625187919062163 1 0 0 1 1 0 1 0
-0.006625187919062163 1 0 0 1 2 0 2 0
-0.006563342623634381 1 0 0 2 1 0 0 2
0.006563342623634381 1 0 0 2 2 0 0 1
0.013442592524559678 2 1 0 0 1 2 0 0
-0.013442592524559678 2 1 0 0 2 1 0 0
0.006625187919062163 2 0 1 3 1 0 3 2
-0.006625187919062163 2 0 1 3 2 0 3 1
0.0070954879224131295 2 0 1 0 1 0 2 0
-0.0070954879224131295 2 0 1 0 2 0 1 0
0.006563342623634381 2 0 0 1 1 0 0 2
-0.006563342623634381 2 0 0 1 2 0 0 1
-0.006625187919062163 2 0 0 2 1 0 1 0
-0.006625187919062163 2 0 0 2 2 0 2 0
0.9269250573518704 3 0 0 0 0 0 0 0
0.20905062890873546 3 3 0 0 0 0 0 0
-0.07200835233974862 3 0 1 1 0 0 3 0
-0.07200835233974862 3 0 2 2 0 0 3 0
0.14060658308745067 3 0 3 0 0 0 0 0
0.13360108456688194 3 0 0 3 0 0 0 0
-0.07863354025881078 3 0 0 3 0 0 1 1
-0.07863354025881078 3 0 0 3 0 0 2 2
0.24937840648241444 3 0 0 0 3 0 0 0
0.22249322143329514 3 0 0 0 0 3 0 0
0.14770207100986382 3 0 0 0 0 0 3 0
0.14016442719051636 3 0 0 0 0 0 0 3
-0.006625187919062163 0 1 2 3 0 1 3 2
0.006625187919062163 0 1 2 3 0 2 3 1
-0.0070954879224131295 0 1 2 0 0 1 2 0
0.0070954879224131295 0 1 2 0 0 2 1 0
-0.006625187919062163 0 1 0 1 0 1 1 0
-0.006625187919062163 0 1 0 1 0 2 2 0
-0.006563342623634381 0 1 0 2 0 1 0 2
0.006563342623634381 0 1 0 2 0 2 0 1
0.006625187919062163 0 2 1 3 0 1 3 2
-0.006625187919062163 0 2 1 3 0 2 3 1
0.0070954879224131295 0 2 1 0 0 1 2 0
-0.0070954879224131295 0 2 1 0 0 2 1 0
0.006563342623634381 0 2 0 1 0 1 0 2
-0.006563342623634381 0 2 0 1 0 2 0 1
-0.006625187919062163 0 2 0 2 0 1 1 0
-0.006625187919062163 0 2 0 2 0 2 2 0
0.9269250573518713 0 3 0 0 0 0 0 0
-0.07200835233974862 0 3 1 1 0 0 3 0
-0.07200835233974862 0 3 2 2 0 0 3 0
0.14060658308745067 0 3 3 0 0 0 0 0
0.13360108456688194 0 3 0 3 0 0 0 0
-0.07863354025881078 0 3 0 3 0 0 1 1
-0.07863354025881078 0 3 0 3 0 0 2 2
0.22249322143329514 0 3 0 0 3 0 0 0
0.24937840648241438 0 3 0 0 0 3 0 0
0.1477020710098638 0 3 0 0 0 0 3 0
0.14016442719051633 0 3 0 0 0 0 0 3
-0.018787846759058674 0 0 1 1 0 0 0 0
-0.07863354025881078 0 0 1 1 3 0 3 0
-0.07863354025881078 0 0 1 1 0 3 3 0
-0.3110032429278304 0 0 1 1 0 0 3 0
-0.009068185453789415 0 0 1 1 0 0 3 3
-0.07658673824941946 0 0 1 2 0 0 1 2
0.07658673824941946 0 0 1 2 0 0 2 1
0.07658673824941946 0 0 2 1 0 0 1 2
-0.07658673824941946 0 0 2 1 0 0 2 1
-0.018787846759058674 0 0 2 2 0 0 0 0
-0.07863354025881078 0 0 2 2 3 0 3 0
-0.07863354025881078 0 0 2 2 0 3 3 0
-0.3110032429278304 0 0 2 2 0 0 3 0
-0.009068185453789415 0 0 2 2 0 0 3 3
0.65834051798576 0 0 3 0 0 0 0 0
0.06793939653110737 0 0 3 3 0 0 0 0
-0.018787846759058674 0 0 3 3 0 0 1 1
-0.018787846759058674 0 0 3 3 0 0 2 2
0.14770207100986382 0 0 3 0 3 0 0 0
0.1477020710098638 0 0 3 0 0 3 0 0
0.14470221057994312 0 0 3 0 0 0 3 0
0.14452613478052684 0 0 3 0 0 0 0 3
0.5686098729508661 0 0 0 3 0 0 0 0
0.14016442719051636 0 0 0 3 3 0 0 0
-0.07200835233974862 0 0 0 3 3 0 1 1
-0.07200835233974862 0 0 0 3 3 0 2 2
0.14016442719051633 0 0 0 3 0 3 0 0
-0.07200835233974862 0 0 0 3 0 3 1 1
-0.07200835233974862 0 0 0 3 0 3 2 2
-0.3110032429278304 0 0 0 3 0 0 1 1
-0.3110032429278304 0 0 0 3 0 0 2 2
0.14452613478052684 0 0 0 3 0 0 3 0
0.14661381486933475 0 0 0 3 0 0 0 3
0.9269250573518705 0 0 0 0 3 0 0 0
0.20905062890873546 0 0 0 0 3 3 0 0
0.14060658308745067 0 0 0 0 3 0 3 0
0.13360108456688194 0 0 0 0 3 0 0 3
0.9269250573518711 0 0 0 0 0 3 0 0
0.14060658308745067 0 0 0 0 0 3 3 0
0.13360108456688194 0 0 0 0 0 3 0 3
-0.009068185453789415 0 0 0 0 0 0 1 1
-0.009068185453789415 0 0 0 0 0 0 2 2
0.6583405179857602 0 0 0 0 0 0 3 0
0.06793939653110737 0 0 0 0 0 0 3 3
0.5686098729508663 0 0 0 0 0 0 0 3
