-95.21806577441507 0 0 0 0 0 0 0 0
0.00415134073278968 1 1 3 3 3 1 3 1
0.00415134073278968 1 1 3 3 3 2 3 2
-0.011204000491725664 1 2 0 0 1 2 0 0
0.011204000491725664 1 2 0 0 2 1 0 0
0.0041513407327896795 1 3 1 3 3 3 1 1
0.0041513407327896795 1 3 1 3 3 3 2 2
-0.05191141638525815 1 3 3 1 3 3 0 0
-0.22432235143643822 1 3 3 1 3 3 3 0
-0.004238041729193002 1 3 3 1 3 3 3 3
-0.05191141638525815 1 3 3 1 3 0 3 0
-0.029217409742455826 1 3 3 1 0 3 3 0
-0.047760075652468474 1 3 0 1 3 3 3 0
-0.011204000491725664 1 0 2 0 1 0 2 0
0.011204000491725664 1 0 2 0 2 0 1 0
-0.04776007565246846 1 0 3 1 3 3 3 0
-0.04731261531506198 1 0 0 2 1 0 0 2
0.04731261531506198 1 0 0 2 2 0 0 1
0.011204000491725664 2 1 0 0 1 2 0 0
-0.011204000491725664 2 1 0 0 2 1 0 0
0.00415134073278968 2 2 3 3 3 1 3 1
0.00415134073278968 2 2 3 3 3 2 3 2
0.0041513407327896795 2 3 2 3 3 3 1 1
0.0041513407327896795 2 3 2 3 3 3 2 2
-0.05191141638525815 2 3 3 2 3 3 0 0
-0.22432235143643822 2 3 3 2 3 3 3 0
-0.004238041729193002 2 3 3 2 3 3 3 3
-0.05191141638525815 2 3 3 2 3 0 3 0
-0.029217409742455826 2 3 3 2 0 3 3 0
-0.047760075652468474 2 3 0 2 3 3 3 0
0.011204000491725664 2 0 1 0 1 0 2 0
-0.011204000491725664 2 0 1 0 2 0 1 0
-0.04776007565246846 2 0 3 2 3 3 3 0
0.04731261531506198 2 0 0 1 1 0 0 2
-0.04731261531506198 2 0 0 1 2 0 0 1
0.8948694544547512 3 0 0 0 0 0 0 0
0.17317855816147407 3 3 0 0 0 0 0 0
-0.02921740974245583 3 3 3 3 1 3 3 1
-0.02921740974245583 3 3 3 3 2 3 3 2
0.17317855816147404 3 0 3 0 0 0 0 0
0.11954046579628783 3 0 0 3 0 0 0 0
0.18616051461213406 3 0 0 0 3 0 0 0
0.18438255865319972 3 0 0 0 0 3 0 0
0.1843825586531997 3 0 0 0 0 0 3 0
0.16685308111134978 3 0 0 0 0 0 0 3
-0.01344259252455968 0 1 2 0 0 1 2 0
0.01344259252455968 0 1 2 0 0 2 1 0
-0.00415134073278968 0 1 3 2 1 2 3 0
0.00415134073278968 0 1 3 2 2 1 3 0
-0.007743063346691088 0 1 0 2 0 1 0 2
0.007743063346691088 0 1 0 2 0 2 0 1
0.01344259252455968 0 2 1 0 0 1 2 0
-0.01344259252455968 0 2 1 0 0 2 1 0
0.00415134073278968 0 2 3 1 1 2 3 0
-0.00415134073278968 0 2 3 1 2 1 3 0
0.007743063346691088 0 2 0 1 0 1 0 2
-0.007743063346691088 0 2 0 1 0 2 0 1
0.9542808922476227 0 3 0 0 0 0 0 0
-0.0041513407327896795 0 3 1 2 1 3 2 0
0.0041513407327896795 0 3 1 2 2 3 1 0
0.0041513407327896795 0 3 2 1 1 3 2 0
-0.0041513407327896795 0 3 2 1 2 3 1 0
0.20905062890873538 0 3 3 0 0 0 0 0
-0.2243223514364382 0 3 3 3 1 3 3 1
-0.047760075652468474 0 3 3 3 1 3 0 1
-0.04776007565246846 0 3 3 3 1 0 3 1
-0.2243223514364382 0 3 3 3 2 3 3 2
-0.047760075652468474 0 3 3 3 2 3 0 2
-0.04776007565246846 0 3 3 3 2 0 3 2
-0.004238041729193002 0 3 3 0 1 3 3 1
-0.004238041729193002 0 3 3 0 2 3 3 2
0.15382396284733527 0 3 0 3 0 0 0 0
-0.05191141638525815 0 3 0 3 1 3 3 1
-0.05191141638525815 0 3 0 3 2 3 3 2
0.18438255865319972 0 3 0 0 3 0 0 0
0.24937840648241436 0 3 0 0 0 3 0 0
0.22249322143329509 0 3 0 0 0 0 3 0
0.16156702619402638 0 3 0 0 0 0 0 3
-0.007743063346691086 0 0 1 2 0 0 1 2
0.007743063346691086 0 0 1 2 0 0 2 1
0.007743063346691086 0 0 2 1 0 0 1 2
-0.007743063346691086 0 0 2 1 0 0 2 1
0.9542808922476222 0 0 3 0 0 0 0 0
0.1538239628473353 0 0 3 3 0 0 0 0
-0.05191141638525815 0 0 3 3 1 3 3 1
-0.05191141638525815 0 0 3 3 2 3 3 2
0.1843825586531997 0 0 3 0 3 0 0 0
0.22249322143329509 0 0 3 0 0 3 0 0
0.24937840648241424 0 0 3 0 0 0 3 0
0.16156702619402635 0 0 3 0 0 0 0 3
0.46685532282037895 0 0 0 3 0 0 0 0
0.16685308111134978 0 0 0 3 3 0 0 0
0.16156702619402638 0 0 0 3 0 3 0 0
0.16156702619402635 0 0 0 3 0 0 3 0
0.1768294221345602 0 0 0 3 0 0 0 3
0.894869454454751 0 0 0 0 3 0 0 0
0.17317855816147407 0 0 0 0 3 3 0 0
0.17317855816147404 0 0 0 0 3 0 3 0
0.11954046579628783 0 0 0 0 3 0 0 3
0.9542808922476227 0 0 0 0 0 3 0 0
0.20905062890873538 0 0 0 0 0 3 3 0
0.15382396284733527 0 0 0 0 0 3 0 3
0.9542808922476222 0 0 0 0 0 0 3 0
0.1538239628473353 0 0 0 0 0 0 3 3
0.46685532282037895 0 0 0 0 0 0 0 3
