-95.5497305100216 0 0 0 0 0 0 0 0
-0.013442592524559609 1 2 0 0 1 2 0 0
0.013442592524559609 1 2 0 0 2 1 0 0
-0.006025186927654275 1 0 2 3 1 0 3 2
0.006025186927654275 1 0 2 3 2 0 3 1
-0.008040157119157338 1 0 2 0 1 0 2 0
0.008040157119157338 1 0 2 0 2 0 1 0
-0.006025186927654275 1 0 0 1 1 0 1 0
-0.006025186927654275 1 0 0 1 2 0 2 0
-0.007042854889923142 1 0 0 2 1 0 0 2
0.007042854889923142 1 0 0 2 2 0 0 1
0.013442592524559609 2 1 0 0 1 2 0 0
-0.013442592524559609 2 1 0 0 2 1 0 0
0.006025186927654275 2 0 1 3 1 0 3 2
-0.006025186927654275 2 0 1 3 2 0 3 1
0.008040157119157338 2 0 1 0 1 0 2 0
-0.008040157119157338 2 0 1 0 2 0 1 0
0.007042854889923142 2 0 0 1 1 0 0 2
-0.007042854889923142 2 0 0 1 2 0 0 1
-0.006025186927654275 2 0 0 2 1 0 1 0
-0.006025186927654275 2 0 0 2 2 0 2 0
0.9334157334490814 3 0 0 0 0 0 0 0
0.20905062890873521 3 3 0 0 0 0 0 0
-0.060140561128213414 3 0 1 1 0 0 3 0
-0.060140561128213414 3 0 2 2 0 0 3 0
0.1546949040931096 3 0 3 0 0 0 0 0
0.14524911626896844 3 0 0 3 0 0 0 0
-0.06616574805586768 3 0 0 3 0 0 1 1
-0.06616574805586768 3 0 0 3 0 0 2 2
0.2493784064824143 3 0 0 0 3 0 0 0
0.2224932214332948 3 0 0 0 0 3 0 0
0.16273506121226694 3 0 0 0 0 0 3 0
0.15229197115889156 3 0 0 0 0 0 0 3
-0.006025186927654274 0 1 2 3 0 1 3 2
0.006025186927654274 0 1 2 3 0 2 3 1
-0.008040157119157338 0 1 2 0 0 1 2 0
0.008040157119157338 0 1 2 0 0 2 1 0
-0.006025186927654274 0 1 0 1 0 1 1 0
-0.006025186927654274 0 1 0 1 0 2 2 0
-0.007042854889923138 0 1 0 2 0 1 0 2
0.007042854889923138 0 1 0 2 0 2 0 1
0.006025186927654274 0 2 1 3 0 1 3 2
-0.006025186927654274 0 2 1 3 0 2 3 1
0.008040157119157338 0 2 1 0 0 1 2 0
-0.008040157119157338 0 2 1 0 0 2 1 0
0.007042854889923138 0 2 0 1 0 1 0 2
-0.007042854889923138 0 2 0 1 0 2 0 1
-0.006025186927654274 0 2 0 2 0 1 1 0
-0.006025186927654274 0 2 0 2 0 2 2 0
0.9334157334490816 0 3 0 0 0 0 0 0
-0.0601405611282134 0 3 1 1 0 0 3 0
-0.0601405611282134 0 3 2 2 0 0 3 0
0.15469490409310957 0 3 3 0 0 0 0 0
0.1452491162689684 0 3 0 3 0 0 0 0
-0.06616574805586767 0 3 0 3 0 0 1 1
-0.06616574805586767 0 3 0 3 0 0 2 2
0.2224932214332948 0 3 0 0 3 0 0 0
0.24937840648241422 0 3 0 0 0 3 0 0
0.16273506121226694 0 3 0 0 0 0 3 0
0.15229197115889154 0 3 0 0 0 0 0 3
-0.02119874775748113 0 0 1 1 0 0 0 0
-0.06616574805586768 0 0 1 1 3 0 3 0
-0.06616574805586767 0 0 1 1 0 3 3 0
-0.26627670307191065 0 0 1 1 0 0 3 0
-0.007534662956618877 0 0 1 1 0 0 3 3
-0.06298543520504303 0 0 1 2 0 0 1 2
0.06298543520504303 0 0 1 2 0 0 2 1
0.06298543520504303 0 0 2 1 0 0 1 2
-0.06298543520504303 0 0 2 1 0 0 2 1
-0.02119874775748113 0 0 2 2 0 0 0 0
-0.06616574805586768 0 0 2 2 3 0 3 0
-0.06616574805586767 0 0 2 2 0 3 3 0
-0.26627670307191065 0 0 2 2 0 0 3 0
-0.007534662956618877 0 0 2 2 0 0 3 3
0.7621552859975373 0 0 3 0 0 0 0 0
0.09499597585079966 0 0 3 3 0 0 0 0
-0.02119874775748113 0 0 3 3 0 0 1 1
-0.02119874775748113 0 0 3 3 0 0 2 2
0.16273506121226694 0 0 3 0 3 0 0 0
0.16273506121226694 0 0 3 0 0 3 0 0
0.1616271848757601 0 0 3 0 0 0 3 0
0.15798141105584268 0 0 3 0 0 0 0 3
0.5476872143778688 0 0 0 3 0 0 0 0
0.15229197115889156 0 0 0 3 3 0 0 0
-0.060140561128213414 0 0 0 3 3 0 1 1
-0.060140561128213414 0 0 0 3 3 0 2 2
0.15229197115889154 0 0 0 3 0 3 0 0
-0.0601405611282134 0 0 0 3 0 3 1 1
-0.0601405611282134 0 0 0 3 0 3 2 2
-0.26627670307191065 0 0 0 3 0 0 1 1
-0.26627670307191065 0 0 0 3 0 0 2 2
0.15798141105584268 0 0 0 3 0 0 3 0
0.1633305680279642 0 0 0 3 0 0 0 3
0.9334157334490814 0 0 0 0 3 0 0 0
0.20905062890873521 0 0 0 0 3 3 0 0
0.1546949040931096 0 0 0 0 3 0 3 0
0.14524911626896844 0 0 0 0 3 0 0 3
0.9334157334490816 0 0 0 0 0 3 0 0
0.15469490409310957 0 0 0 0 0 3 3 0
0.1452491162689684 0 0 0 0 0 3 0 3
-0.007534662956618876 0 0 0 0 0 0 1 1
-0.007534662956618876 0 0 0 0 0 0 2 2
0.7621552859975373 0 0 0 0 0 0 3 0
0.09499597585079966 0 0 0 0 0 0 3 3
0.5476872143778687 0 0 0 0 0 0 0 3
