-95.60888688852407 0 0 0 0 0 0 0 0
-0.013442592524559633 1 2 0 0 1 2 0 0
0.013442592524559633 1 2 0 0 2 1 0 0
-0.0063654323883751245 1 0 2 3 1 0 3 2
0.0063654323883751245 1 0 2 3 2 0 3 1
-0.007466047553371568 1 0 2 0 1 0 2 0
0.007466047553371568 1 0 2 0 2 0 1 0
-0.006365432388375123 1 0 0 1 1 0 1 0
-0.006365432388375123 1 0 0 1 2 0 2 0
-0.006823581556811655 1 0 0 2 1 0 0 2
0.006823581556811655 1 0 0 2 2 0 0 1
0.013442592524559633 2 1 0 0 1 2 0 0
-0.013442592524559633 2 1 0 0 2 1 0 0
0.0063654323883751245 2 0 1 3 1 0 3 2
-0.0063654323883751245 2 0 1 3 2 0 3 1
0.007466047553371568 2 0 1 0 1 0 2 0
-0.007466047553371568 2 0 1 0 2 0 1 0
0.006823581556811655 2 0 0 1 1 0 0 2
-0.006823581556811655 2 0 0 1 2 0 0 1
-0.006365432388375123 2 0 0 2 1 0 1 0
-0.006365432388375123 2 0 0 2 2 0 2 0
0.9297742562064012 3 0 0 0 0 0 0 0
0.20905062890873546 3 3 0 0 0 0 0 0
-0.06479112164799337 3 0 1 1 0 0 3 0
-0.06479112164799337 3 0 2 2 0 0 3 0
0.14857614674262698 3 0 3 0 0 0 0 0
0.14102827965168208 3 0 0 3 0 0 0 0
-0.0711565540363685 3 0 0 3 0 0 1 1
-0.0711565540363685 3 0 0 3 0 0 2 2
0.24937840648241447 3 0 0 0 3 0 0 0
0.22249322143329509 3 0 0 0 0 3 0 0
0.15604219429599855 3 0 0 0 0 0 3 0
0.14785186120849375 3 0 0 0 0 0 0 3
-0.006365432388375126 0 1 2 3 0 1 3 2
0.006365432388375126 0 1 2 3 0 2 3 1
-0.007466047553371569 0 1 2 0 0 1 2 0
0.007466047553371569 0 1 2 0 0 2 1 0
-0.006365432388375126 0 1 0 1 0 1 1 0
-0.006365432388375126 0 1 0 1 0 2 2 0
-0.006823581556811655 0 1 0 2 0 1 0 2
0.006823581556811655 0 1 0 2 0 2 0 1
0.006365432388375126 0 2 1 3 0 1 3 2
-0.006365432388375126 0 2 1 3 0 2 3 1
0.007466047553371569 0 2 1 0 0 1 2 0
-0.007466047553371569 0 2 1 0 0 2 1 0
0.006823581556811655 0 2 0 1 0 1 0 2
-0.006823581556811655 0 2 0 1 0 2 0 1
-0.006365432388375126 0 2 0 2 0 1 1 0
-0.006365432388375126 0 2 0 2 0 2 2 0
0.9297742562064027 0 3 0 0 0 0 0 0
-0.06479112164799339 0 3 1 1 0 0 3 0
-0.06479112164799339 0 3 2 2 0 0 3 0
0.14857614674262704 0 3 3 0 0 0 0 0
0.1410282796516821 0 3 0 3 0 0 0 0
-0.07115655403636852 0 3 0 3 0 0 1 1
-0.07115655403636852 0 3 0 3 0 0 2 2
0.22249322143329509 0 3 0 0 3 0 0 0
0.2493784064824146 0 3 0 0 0 3 0 0
0.15604219429599858 0 3 0 0 0 0 3 0
0.14785186120849378 0 3 0 0 0 0 0 3
-0.019653654159053888 0 0 1 1 0 0 0 0
-0.0711565540363685 0 0 1 1 3 0 3 0
-0.07115655403636852 0 0 1 1 0 3 3 0
-0.2831351123546233 0 0 1 1 0 0 3 0
-0.008413891412181247 0 0 1 1 0 0 3 3
-0.0684154603917656 0 0 1 2 0 0 1 2
0.0684154603917656 0 0 1 2 0 0 2 1
0.0684154603917656 0 0 2 1 0 0 1 2
-0.0684154603917656 0 0 2 1 0 0 2 1
-0.019653654159053888 0 0 2 2 0 0 0 0
-0.0711565540363685 0 0 2 2 3 0 3 0
-0.07115655403636852 0 0 2 2 0 3 3 0
-0.2831351123546233 0 0 2 2 0 0 3 0
-0.008413891412181247 0 0 2 2 0 0 3 3
0.7179263363762133 0 0 3 0 0 0 0 0
0.08446200555158442 0 0 3 3 0 0 0 0
-0.01965365415905389 0 0 3 3 0 0 1 1
-0.01965365415905389 0 0 3 3 0 0 2 2
0.15604219429599855 0 0 3 0 3 0 0 0
0.15604219429599858 0 0 3 0 0 3 0 0
0.15416418135307736 0 0 3 0 0 0 3 0
0.15287746594335003 0 0 3 0 0 0 0 3
0.5621317503700939 0 0 0 3 0 0 0 0
0.14785186120849375 0 0 0 3 3 0 0 0
-0.06479112164799337 0 0 0 3 3 0 1 1
-0.06479112164799337 0 0 0 3 3 0 2 2
0.14785186120849378 0 0 0 3 0 3 0 0
-0.06479112164799339 0 0 0 3 0 3 1 1
-0.06479112164799339 0 0 0 3 0 3 2 2
-0.2831351123546233 0 0 0 3 0 0 1 1
-0.2831351123546233 0 0 0 3 0 0 2 2
0.15287746594335003 0 0 0 3 0 0 3 0
0.15696301605124585 0 0 0 3 0 0 0 3
0.9297742562064009 0 0 0 0 3 0 0 0
0.20905062890873546 0 0 0 0 3 3 0 0
0.14857614674262698 0 0 0 0 3 0 3 0
0.14102827965168208 0 0 0 0 3 0 0 3
0.9297742562064026 0 0 0 0 0 3 0 0
0.14857614674262704 0 0 0 0 0 3 3 0
0.1410282796516821 0 0 0 0 0 3 0 3
-0.008413891412181247 0 0 0 0 0 0 1 1
-0.008413891412181247 0 0 0 0 0 0 2 2
0.7179263363762134 0 0 0 0 0 0 3 0
0.08446200555158442 0 0 0 0 0 0 3 3
0.5621317503700936 0 0 0 0 0 0 0 3
