-93.99866492246923 0 0 0 0 0 0 0 0
-0.000726018880219878 1 1 3 3 3 1 3 1
-0.000726018880219878 1 1 3 3 3 2 3 2
-0.017821233729912178 1 2 0 0 1 2 0 0
0.017821233729912178 1 2 0 0 2 1 0 0
-0.0007260188802198792 1 3 1 3 3 3 1 1
-0.0007260188802198792 1 3 1 3 3 3 2 2
-0.02785570076449266 1 3 3 1 3 3 0 0
-0.14793625651881526 1 3 3 1 3 3 3 0
8.577006825970473e-05 1 3 3 1 3 3 3 3
-0.02785570076449265 1 3 3 1 3 0 3 0
-0.034975645876693294 1 3 3 1 0 3 3 0
-0.02858171964471254 1 3 0 1 3 3 3 0
-0.017821233729912178 1 0 2 0 1 0 2 0
0.017821233729912178 1 0 2 0 2 0 1 0
-0.02858171964471253 1 0 3 1 3 3 3 0
-0.021336227014317782 1 0 0 2 1 0 0 2
0.021336227014317782 1 0 0 2 2 0 0 1
0.017821233729912178 2 1 0 0 1 2 0 0
-0.017821233729912178 2 1 0 0 2 1 0 0
-0.000726018880219878 2 2 3 3 3 1 3 1
-0.000726018880219878 2 2 3 3 3 2 3 2
-0.0007260188802198792 2 3 2 3 3 3 1 1
-0.0007260188802198792 2 3 2 3 3 3 2 2
-0.02785570076449266 2 3 3 2 3 3 0 0
-0.14793625651881526 2 3 3 2 3 3 3 0
8.577006825970473e-05 2 3 3 2 3 3 3 3
-0.02785570076449265 2 3 3 2 3 0 3 0
-0.034975645876693294 2 3 3 2 0 3 3 0
-0.02858171964471254 2 3 0 2 3 3 3 0
0.017821233729912178 2 0 1 0 1 0 2 0
-0.017821233729912178 2 0 1 0 2 0 1 0
-0.02858171964471253 2 0 3 2 3 3 3 0
0.021336227014317782 2 0 0 1 1 0 0 2
-0.021336227014317782 2 0 0 1 2 0 0 1
1.0954304128278551 3 0 0 0 0 0 0 0
0.19581517745867583 3 3 0 0 0 0 0 0
-0.034975645876693294 3 3 3 3 1 3 3 1
-0.034975645876693294 3 3 3 3 2 3 3 2
0.1958151774586759 3 0 3 0 0 0 0 0
0.13738569639339138 3 0 0 3 0 0 0 0
0.2387469306179167 3 0 0 0 3 0 0 0
0.213636411188588 3 0 0 0 0 3 0 0
0.2136364111885881 3 0 0 0 0 0 3 0
0.1587219234077092 3 0 0 0 0 0 0 3
-0.013442592524559673 0 1 2 0 0 1 2 0
0.013442592524559673 0 1 2 0 0 2 1 0
0.000726018880219878 0 1 3 2 1 2 3 0
-0.000726018880219878 0 1 3 2 2 1 3 0
-0.008836389738769136 0 1 0 2 0 1 0 2
0.008836389738769136 0 1 0 2 0 2 0 1
0.013442592524559673 0 2 1 0 0 1 2 0
-0.013442592524559673 0 2 1 0 0 2 1 0
-0.000726018880219878 0 2 3 1 1 2 3 0
0.000726018880219878 0 2 3 1 2 1 3 0
0.008836389738769136 0 2 0 1 0 1 0 2
-0.008836389738769136 0 2 0 1 0 2 0 1
1.0203727190329124 0 3 0 0 0 0 0 0
0.0007260188802198792 0 3 1 2 1 3 2 0
-0.0007260188802198792 0 3 1 2 2 3 1 0
-0.0007260188802198792 0 3 2 1 1 3 2 0
0.0007260188802198792 0 3 2 1 2 3 1 0
0.20905062890873552 0 3 3 0 0 0 0 0
-0.14793625651881523 0 3 3 3 1 3 3 1
-0.02858171964471254 0 3 3 3 1 3 0 1
-0.02858171964471253 0 3 3 3 1 0 3 1
-0.14793625651881523 0 3 3 3 2 3 3 2
-0.02858171964471254 0 3 3 3 2 3 0 2
-0.02858171964471253 0 3 3 3 2 0 3 2
8.577006825970473e-05 0 3 3 0 1 3 3 1
8.577006825970473e-05 0 3 3 0 2 3 3 2
0.1556953914595407 0 3 0 3 0 0 0 0
-0.02785570076449266 0 3 0 3 1 3 3 1
-0.02785570076449266 0 3 0 3 2 3 3 2
0.213636411188588 0 3 0 0 3 0 0 0
0.24937840648241436 0 3 0 0 0 3 0 0
0.2224932214332952 0 3 0 0 0 0 3 0
0.16453178119830986 0 3 0 0 0 0 0 3
-0.008836389738769138 0 0 1 2 0 0 1 2
0.008836389738769138 0 0 1 2 0 0 2 1
0.008836389738769138 0 0 2 1 0 0 1 2
-0.008836389738769138 0 0 2 1 0 0 2 1
1.0203727190329137 0 0 3 0 0 0 0 0
0.15569539145954073 0 0 3 3 0 0 0 0
-0.02785570076449265 0 0 3 3 1 3 3 1
-0.02785570076449265 0 0 3 3 2 3 3 2
0.2136364111885881 0 0 3 0 3 0 0 0
0.2224932214332952 0 0 3 0 0 3 0 0
0.24937840648241455 0 0 3 0 0 0 3 0
0.16453178119830988 0 0 3 0 0 0 0 3
0.26989431244698886 0 0 0 3 0 0 0 0
0.1587219234077092 0 0 0 3 3 0 0 0
0.16453178119830986 0 0 0 3 0 3 0 0
0.16453178119830988 0 0 0 3 0 0 3 0
0.17218128692867415 0 0 0 3 0 0 0 3
1.0954304128278556 0 0 0 0 3 0 0 0
0.19581517745867583 0 0 0 0 3 3 0 0
0.1958151774586759 0 0 0 0 3 0 3 0
0.13738569639339138 0 0 0 0 3 0 0 3
1.020372719032913 0 0 0 0 0 3 0 0
0.20905062890873552 0 0 0 0 0 3 3 0
0.1556953914595407 0 0 0 0 0 3 0 3
1.0203727190329135 0 0 0 0 0 0 3 0
0.15569539145954073 0 0 0 0 0 0 3 3
0.2698943124469892 0 0 0 0 0 0 0 3
