9153.082379801739 0 0 0 0 0 0 0 0
-107.12238244236974 0 0 0 0 0 0 0 3
1.2786717049192733 0 0 0 0 0 0 1 1
1.2786717049192733 0 0 0 0 0 0 2 2
-129.26996454691542 0 0 0 0 0 0 3 0
-13.645665001859946 0 0 0 0 0 0 3 3
-175.32962346885242 0 0 0 0 0 3 0 0
-24.868893307834437 0 0 0 0 0 3 0 3
-0.1802486817917069 0 0 0 0 0 3 1 1
-0.1802486817917069 0 0 0 0 0 3 2 2
-25.962910526554065 0 0 0 0 0 3 3 0
0.4093964005644512 0 0 0 0 0 3 3 3
-175.32962346885247 0 0 0 0 3 0 0 0
-24.868893307834433 0 0 0 0 3 0 0 3
-0.1802486817917069 0 0 0 0 3 0 1 1
-0.1802486817917069 0 0 0 0 3 0 2 2
-25.962910526554065 0 0 0 0 3 0 3 0
0.4093964005644512 0 0 0 0 3 0 3 3
-37.83591178375872 0 0 0 0 3 3 0 0
0.7464448183229924 0 0 0 0 3 3 0 3
-0.0432330839965313 0 0 0 0 3 3 1 1
-0.0432330839965313 0 0 0 0 3 3 2 2
0.8205755240652051 0 0 0 0 3 3 3 0
0.09167141203304732 0 0 0 0 3 3 3 3
-107.12238244236977 0 0 0 3 0 0 0 0
-28.107504429767463 0 0 0 3 0 0 0 3
56.39032799638656 0 0 0 3 0 0 1 1
56.39032799638656 0 0 0 3 0 0 2 2
-27.389229202700516 0 0 0 3 0 0 3 0
0.4508067214327255 0 0 0 3 0 0 3 3
-26.15115118366456 0 0 0 3 0 3 0 0
0.6000711068589917 0 0 0 3 0 3 0 3
12.469869958632165 0 0 0 3 0 3 1 1
12.469869958632167 0 0 0 3 0 3 2 2
0.635672696818175 0 0 0 3 0 3 3 0
0.10355519173383076 0 0 0 3 0 3 3 3
-26.151151183664556 0 0 0 3 3 0 0 0
0.6000711068589918 0 0 0 3 3 0 0 3
12.469869958632165 0 0 0 3 3 0 1 1
12.469869958632165 0 0 0 3 3 0 2 2
0.635672696818175 0 0 0 3 3 0 3 0
0.10355519173383076 0 0 0 3 3 0 3 3
0.7712007769999266 0 0 0 3 3 3 0 0
0.1421601568273595 0 0 0 3 3 3 0 3
-0.3796117180292181 0 0 0 3 3 3 1 1
-0.3796117180292181 0 0 0 3 3 3 2 2
0.14486746120609395 0 0 0 3 3 3 3 0
3.1411267333386594 0 0 1 1 0 0 0 0
0.008159350659678181 0 0 1 1 0 0 0 3
0.00030568787457452615 0 0 1 1 0 0 1 1
0.0003056878745745262 0 0 1 1 0 0 2 2
56.39032799638656 0 0 1 1 0 0 3 0
1.2786717049192737 0 0 1 1 0 0 3 3
-0.22402709702633233 0 0 1 1 0 3 0 0
0.00090349360353129 0 0 1 1 0 3 0 3
13.726878832889737 0 0 1 1 0 3 3 0
-0.18370145632038676 0 0 1 1 0 3 3 3
-0.22402709702633233 0 0 1 1 3 0 0 0
0.00090349360353129 0 0 1 1 3 0 0 3
13.726878832889737 0 0 1 1 3 0 3 0
-0.18370145632038679 0 0 1 1 3 0 3 3
-0.05128848963707994 0 0 1 1 3 3 0 0
-0.40387966550786647 0 0 1 1 3 3 3 0
-0.04498625642646701 0 0 1 1 3 3 3 3
13.743258512965998 0 0 1 2 0 0 1 2
-13.743258512965998 0 0 1 2 0 0 2 1
-0.22104809107019407 0 0 1 2 0 3 1 2
0.22104809107019407 0 0 1 2 0 3 2 1
-0.22104809107019413 0 0 1 2 3 0 1 2
0.22104809107019413 0 0 1 2 3 0 2 1
-0.05115045139066006 0 0 1 2 3 3 1 2
0.05115045139066006 0 0 1 2 3 3 2 1
-13.743258512965998 0 0 2 1 0 0 1 2
13.743258512965998 0 0 2 1 0 0 2 1
0.22104809107019407 0 0 2 1 0 3 1 2
-0.22104809107019407 0 0 2 1 0 3 2 1
0.22104809107019413 0 0 2 1 3 0 1 2
-0.22104809107019413 0 0 2 1 3 0 2 1
0.05115045139066006 0 0 2 1 3 3 1 2
-0.05115045139066006 0 0 2 1 3 3 2 1
3.1411267333386594 0 0 2 2 0 0 0 0
0.008159350659678181 0 0 2 2 0 0 0 3
0.0003056878745745279 0 0 2 2 0 0 1 1
0.00030568787457452794 0 0 2 2 0 0 2 2
56.39032799638656 0 0 2 2 0 0 3 0
1.2786717049192735 0 0 2 2 0 0 3 3
-0.22402709702633233 0 0 2 2 0 3 0 0
0.0009034936035312918 0 0 2 2 0 3 0 3
13.726878832889737 0 0 2 2 0 3 3 0
-0.18370145632038676 0 0 2 2 0 3 3 3
-0.22402709702633233 0 0 2 2 3 0 0 0
0.0009034936035312918 0 0 2 2 3 0 0 3
13.726878832889737 0 0 2 2 3 0 3 0
-0.18370145632038679 0 0 2 2 3 0 3 3
-0.05128848963707994 0 0 2 2 3 3 0 0
-0.40387966550786647 0 0 2 2 3 3 3 0
-0.04498625642646701 0 0 2 2 3 3 3 3
-129.26996454691542 0 0 3 0 0 0 0 0
-27.389229202700523 0 0 3 0 0 0 0 3
0.008159350659678172 0 0 3 0 0 0 1 1
0.008159350659678172 0 0 3 0 0 0 2 2
-27.285990085120474 0 0 3 0 0 0 3 0
0.4525197224062073 0 0 3 0 0 0 3 3
-27.34749337219839 0 0 3 0 0 3 0 0
0.634729435104811 0 0 3 0 0 3 0 3
0.003415253599523411 0 0 3 0 0 3 1 1
0.003415253599523411 0 0 3 0 0 3 2 2
0.6798806811776519 0 0 3 0 0 3 3 0
0.1011213910330636 0 0 3 0 0 3 3 3
-27.34749337219839 0 0 3 0 3 0 0 0
0.6347294351048111 0 0 3 0 3 0 0 3
0.003415253599523411 0 0 3 0 3 0 1 1
0.003415253599523411 0 0 3 0 3 0 2 2
0.6798806811776519 0 0 3 0 3 0 3 0
0.1011213910330636 0 0 3 0 3 0 3 3
0.8473061738335115 0 0 3 0 3 3 0 0
0.14497510065597183 0 0 3 0 3 3 0 3
0.14928960675616224 0 0 3 0 3 3 3 0
-13.645665001859943 0 0 3 3 0 0 0 0
0.4508067214327255 0 0 3 3 0 0 0 3
3.141126733338659 0 0 3 3 0 0 1 1
3.141126733338659 0 0 3 3 0 0 2 2
0.4525197224062072 0 0 3 3 0 0 3 0
0.12032549684084598 0 0 3 3 0 0 3 3
0.4189095492181464 0 0 3 3 0 3 0 0
0.10647541969771829 0 0 3 3 0 3 0 3
-0.21937424015753632 0 0 3 3 0 3 1 1
-0.21937424015753632 0 0 3 3 0 3 2 2
0.10365795770942735 0 0 3 3 0 3 3 0
0.41890954921814644 0 0 3 3 3 0 0 0
0.10647541969771829 0 0 3 3 3 0 0 3
-0.21937424015753632 0 0 3 3 3 0 1 1
-0.21937424015753632 0 0 3 3 3 0 2 2
0.10365795770942735 0 0 3 3 3 0 3 0
0.09589138789053887 0 0 3 3 3 3 0 0
-0.04950099070523592 0 0 3 3 3 3 1 1
-0.04950099070523592 0 0 3 3 3 3 2 2
0.0010031871048627216 0 1 0 1 0 1 0 1
1.256232408576326 0 1 0 1 0 1 1 0
-0.003452774528679866 0 1 0 1 0 1 1 3
0.0010031871048627218 0 1 0 1 0 2 0 2
1.256232408576326 0 1 0 1 0 2 2 0
-0.003452774528679866 0 1 0 1 0 2 2 3
-0.012133973739324115 0 1 0 1 3 1 1 0
-0.0008765862149678474 0 1 0 1 3 1 1 3
-0.012133973739324115 0 1 0 1 3 2 2 0
-0.0008765862149678474 0 1 0 1 3 2 2 3
1.2812546887252612 0 1 0 2 0 1 0 2
0.0007764656812452125 0 1 0 2 0 1 2 0
-0.005228205183529578 0 1 0 2 0 1 3 2
-1.281254688725261 0 1 0 2 0 2 0 1
-0.0007764656812452125 0 1 0 2 0 2 1 0
0.005228205183529578 0 1 0 2 0 2 3 1
-0.012377979338467245 0 1 0 2 3 1 0 2
-0.001022798891193288 0 1 0 2 3 1 3 2
0.012377979338467245 0 1 0 2 3 2 0 1
0.001022798891193288 0 1 0 2 3 2 3 1
0.0010716877358596141 0 1 1 0 0 1 1 0
0.0010716877358596141 0 1 1 0 0 2 2 0
0.0007764656812452126 0 1 1 3 0 1 3 1
0.0007764656812452126 0 1 1 3 0 2 3 2
-0.002511759995992118 0 1 2 0 0 1 0 2
1.3835111579084585 0 1 2 0 0 1 2 0
-0.004284943470165637 0 1 2 0 0 1 2 3
-0.003452774528679866 0 1 2 0 0 1 3 2
0.002511759995992118 0 1 2 0 0 2 0 1
-1.3835111579084587 0 1 2 0 0 2 1 0
0.004284943470165637 0 1 2 0 0 2 1 3
0.003452774528679866 0 1 2 0 0 2 3 1
-0.013365324884153196 0 1 2 0 3 1 2 0
-0.0010766186161322274 0 1 2 0 3 1 2 3
-0.0008765862149678471 0 1 2 0 3 1 3 2
0.013365324884153196 0 1 2 0 3 2 1 0
0.0010766186161322274 0 1 2 0 3 2 1 3
0.0008765862149678471 0 1 2 0 3 2 3 1
-0.004652856868796078 0 1 2 3 0 1 0 2
-0.004284943470165637 0 1 2 3 0 1 2 0
-0.0029202279638875215 0 1 2 3 0 1 2 3
1.256232408576326 0 1 2 3 0 1 3 2
0.004652856868796078 0 1 2 3 0 2 0 1
0.004284943470165637 0 1 2 3 0 2 1 0
0.0029202279638875215 0 1 2 3 0 2 1 3
-1.256232408576326 0 1 2 3 0 2 3 1
-0.0008937494659220038 0 1 2 3 3 1 0 2
-0.0010871890375524936 0 1 2 3 3 1 2 0
-0.012133973739324115 0 1 2 3 3 1 3 2
0.0008937494659220038 0 1 2 3 3 2 0 1
0.0010871890375524936 0 1 2 3 3 2 1 0
0.012133973739324115 0 1 2 3 3 2 3 1
-0.004652856868796078 0 1 3 1 0 1 1 0
-0.002511759995992118 0 1 3 1 0 1 1 3
-0.004652856868796078 0 1 3 1 0 2 2 0
-0.002511759995992118 0 1 3 1 0 2 2 3
-0.0008937494659220033 0 1 3 1 3 1 1 0
-0.0008937494659220033 0 1 3 1 3 2 2 0
-0.005228205183529578 0 1 3 2 0 1 0 2
-0.0025365666763637476 0 1 3 2 0 1 3 2
0.005228205183529578 0 1 3 2 0 2 0 1
0.0025365666763637476 0 1 3 2 0 2 3 1
-0.0010333693126135543 0 1 3 2 3 1 0 2
0.0010333693126135543 0 1 3 2 3 2 0 1
-1.281254688725261 0 2 0 1 0 1 0 2
-0.0007764656812452125 0 2 0 1 0 1 2 0
0.005228205183529578 0 2 0 1 0 1 3 2
1.2812546887252612 0 2 0 1 0 2 0 1
0.0007764656812452125 0 2 0 1 0 2 1 0
-0.005228205183529578 0 2 0 1 0 2 3 1
0.012377979338467245 0 2 0 1 3 1 0 2
0.001022798891193288 0 2 0 1 3 1 3 2
-0.012377979338467245 0 2 0 1 3 2 0 1
-0.001022798891193288 0 2 0 1 3 2 3 1
0.0010031871048627216 0 2 0 2 0 1 0 1
1.256232408576326 0 2 0 2 0 1 1 0
-0.003452774528679866 0 2 0 2 0 1 1 3
0.0010031871048627216 0 2 0 2 0 2 0 2
1.2562324085763261 0 2 0 2 0 2 2 0
-0.003452774528679866 0 2 0 2 0 2 2 3
-0.012133973739324115 0 2 0 2 3 1 1 0
-0.0008765862149678474 0 2 0 2 3 1 1 3
-0.012133973739324115 0 2 0 2 3 2 2 0
-0.0008765862149678474 0 2 0 2 3 2 2 3
0.002511759995992118 0 2 1 0 0 1 0 2
-1.3835111579084587 0 2 1 0 0 1 2 0
0.004284943470165637 0 2 1 0 0 1 2 3
0.003452774528679866 0 2 1 0 0 1 3 2
-0.002511759995992118 0 2 1 0 0 2 0 1
1.383511157908459 0 2 1 0 0 2 1 0
-0.004284943470165637 0 2 1 0 0 2 1 3
-0.003452774528679866 0 2 1 0 0 2 3 1
0.013365324884153196 0 2 1 0 3 1 2 0
0.0010766186161322274 0 2 1 0 3 1 2 3
0.0008765862149678471 0 2 1 0 3 1 3 2
-0.013365324884153196 0 2 1 0 3 2 1 0
-0.0010766186161322274 0 2 1 0 3 2 1 3
-0.0008765862149678471 0 2 1 0 3 2 3 1
0.004652856868796078 0 2 1 3 0 1 0 2
0.004284943470165637 0 2 1 3 0 1 2 0
0.0029202279638875215 0 2 1 3 0 1 2 3
-1.256232408576326 0 2 1 3 0 1 3 2
-0.004652856868796078 0 2 1 3 0 2 0 1
-0.004284943470165637 0 2 1 3 0 2 1 0
-0.0029202279638875215 0 2 1 3 0 2 1 3
1.256232408576326 0 2 1 3 0 2 3 1
0.0008937494659220038 0 2 1 3 3 1 0 2
0.0010871890375524936 0 2 1 3 3 1 2 0
0.012133973739324115 0 2 1 3 3 1 3 2
-0.0008937494659220038 0 2 1 3 3 2 0 1
-0.0010871890375524936 0 2 1 3 3 2 1 0
-0.012133973739324115 0 2 1 3 3 2 3 1
0.0010716877358596141 0 2 2 0 0 1 1 0
0.0010716877358596141 0 2 2 0 0 2 2 0
0.0007764656812452124 0 2 2 3 0 1 3 1
0.0007764656812452124 0 2 2 3 0 2 3 2
0.005228205183529578 0 2 3 1 0 1 0 2
0.0025365666763637476 0 2 3 1 0 1 3 2
-0.005228205183529578 0 2 3 1 0 2 0 1
-0.0025365666763637476 0 2 3 1 0 2 3 1
0.0010333693126135543 0 2 3 1 3 1 0 2
-0.0010333693126135543 0 2 3 1 3 2 0 1
-0.004652856868796078 0 2 3 2 0 1 1 0
-0.002511759995992118 0 2 3 2 0 1 1 3
-0.004652856868796078 0 2 3 2 0 2 2 0
-0.002511759995992118 0 2 3 2 0 2 2 3
-0.0008937494659220033 0 2 3 2 3 1 1 0
-0.0008937494659220033 0 2 3 2 3 2 2 0
-175.32962346885245 0 3 0 0 0 0 0 0
-26.151151183664563 0 3 0 0 0 0 0 3
-0.18370145632038676 0 3 0 0 0 0 1 1
-0.18370145632038676 0 3 0 0 0 0 2 2
-27.347493372198382 0 3 0 0 0 0 3 0
0.4189095492181464 0 3 0 0 0 0 3 3
-45.585273331475165 0 3 0 0 0 3 0 0
0.804638417218084 0 3 0 0 0 3 0 3
-0.04508797211179631 0 3 0 0 0 3 1 1
-0.04508797211179631 0 3 0 0 0 3 2 2
0.8891142274351267 0 3 0 0 0 3 3 0
0.09985851696857391 0 3 0 0 0 3 3 3
-40.42023852381868 0 3 0 0 3 0 0 0
0.7740946708470009 0 3 0 0 3 0 0 3
-0.04443577084493154 0 3 0 0 3 0 1 1
-0.04443577084493154 0 3 0 0 3 0 2 2
0.852331975111281 0 3 0 0 3 0 3 0
0.09580005868310651 0 3 0 0 3 0 3 3
1.2636612338909774 0 3 0 0 3 3 0 0
0.1895282784083283 0 3 0 0 3 3 0 3
0.19915182019869032 0 3 0 0 3 3 3 0
-24.868893307834448 0 3 0 3 0 0 0 0
0.6000711068589916 0 3 0 3 0 0 0 3
13.726878832889737 0 3 0 3 0 0 1 1
13.726878832889737 0 3 0 3 0 0 2 2
0.634729435104811 0 3 0 3 0 0 3 0
0.10647541969771829 0 3 0 3 0 0 3 3
0.804638417218084 0 3 0 3 0 3 0 0
0.15463657282677326 0 3 0 3 0 3 0 3
-0.41578174023112474 0 3 0 3 0 3 1 1
-0.41578174023112474 0 3 0 3 0 3 2 2
0.15715416215355496 0 3 0 3 0 3 3 0
0.7740946708470011 0 3 0 3 3 0 0 0
0.1463189621604974 0 3 0 3 3 0 0 3
-0.39975770792273646 0 3 0 3 3 0 1 1
-0.39975770792273646 0 3 0 3 3 0 2 2
0.14900595495282043 0 3 0 3 3 0 3 0
0.1930342361584388 0 3 0 3 3 3 0 0
-0.09630191669034419 0 3 0 3 3 3 1 1
-0.09630191669034419 0 3 0 3 3 3 2 2
-0.2193742401575363 0 3 1 1 0 0 0 0
0.003415253599523411 0 3 1 1 0 0 0 3
12.469869958632167 0 3 1 1 0 0 3 0
-0.1802486817917069 0 3 1 1 0 0 3 3
-0.052208857501872014 0 3 1 1 0 3 0 0
-0.4157817402311247 0 3 1 1 0 3 3 0
-0.04508797211179631 0 3 1 1 0 3 3 3
-0.05099944594806262 0 3 1 1 3 0 0 0
-0.39975770792273635 0 3 1 1 3 0 3 0
-0.04443577084493154 0 3 1 1 3 0 3 3
-0.0997387619223292 0 3 1 1 3 3 3 0
-0.2210480910701941 0 3 1 2 0 0 1 2
0.2210480910701941 0 3 1 2 0 0 2 1
-0.05729564518498102 0 3 1 2 0 3 1 2
0.05729564518498102 0 3 1 2 0 3 2 1
-0.05319532584829362 0 3 1 2 3 0 1 2
0.05319532584829362 0 3 1 2 3 0 2 1
0.2210480910701941 0 3 2 1 0 0 1 2
-0.2210480910701941 0 3 2 1 0 0 2 1
0.05729564518498102 0 3 2 1 0 3 1 2
-0.05729564518498102 0 3 2 1 0 3 2 1
0.05319532584829362 0 3 2 1 3 0 1 2
-0.05319532584829362 0 3 2 1 3 0 2 1
-0.2193742401575363 0 3 2 2 0 0 0 0
0.0034152535995234127 0 3 2 2 0 0 0 3
12.469869958632167 0 3 2 2 0 0 3 0
-0.1802486817917069 0 3 2 2 0 0 3 3
-0.052208857501872014 0 3 2 2 0 3 0 0
-0.4157817402311247 0 3 2 2 0 3 3 0
-0.04508797211179631 0 3 2 2 0 3 3 3
-0.05099944594806262 0 3 2 2 3 0 0 0
-0.39975770792273635 0 3 2 2 3 0 3 0
-0.04443577084493154 0 3 2 2 3 0 3 3
-0.0997387619223292 0 3 2 2 3 3 3 0
-25.962910526554065 0 3 3 0 0 0 0 0
0.6356726968181748 0 3 3 0 0 0 0 3
0.0009034936035312907 0 3 3 0 0 0 1 1
0.0009034936035312907 0 3 3 0 0 0 2 2
0.6798806811776519 0 3 3 0 0 0 3 0
0.10365795770942735 0 3 3 0 0 0 3 3
0.8891142274351268 0 3 3 0 0 3 0 0
0.15715416215355496 0 3 3 0 0 3 0 3
0.16159337131467158 0 3 3 0 0 3 3 0
0.852331975111281 0 3 3 0 3 0 0 0
0.14900595495282043 0 3 3 0 3 0 0 3
0.15339086160899867 0 3 3 0 3 0 3 0
0.20293743520733062 0 3 3 0 3 3 0 0
0.4093964005644512 0 3 3 3 0 0 0 0
0.10355519173383076 0 3 3 3 0 0 0 3
-0.2240270970263324 0 3 3 3 0 0 1 1
-0.2240270970263324 0 3 3 3 0 0 2 2
0.1011213910330636 0 3 3 3 0 0 3 0
0.09985851696857391 0 3 3 3 0 3 0 0
-0.052208857501872014 0 3 3 3 0 3 1 1
-0.052208857501872014 0 3 3 3 0 3 2 2
0.09580005868310651 0 3 3 3 3 0 0 0
-0.05099944594806262 0 3 3 3 3 0 1 1
-0.05099944594806262 0 3 3 3 3 0 2 2
0.0010031871048627216 1 0 0 1 1 0 0 1
1.256232408576326 1 0 0 1 1 0 1 0
-0.003452774528679866 1 0 0 1 1 0 1 3
-0.012133973739324112 1 0 0 1 1 3 1 0
-0.0008765862149678474 1 0 0 1 1 3 1 3
0.0010031871048627218 1 0 0 1 2 0 0 2
1.256232408576326 1 0 0 1 2 0 2 0
-0.003452774528679866 1 0 0 1 2 0 2 3
-0.012133973739324112 1 0 0 1 2 3 2 0
-0.0008765862149678474 1 0 0 1 2 3 2 3
1.2812546887252612 1 0 0 2 1 0 0 2
0.0007764656812452125 1 0 0 2 1 0 2 0
-0.005228205183529578 1 0 0 2 1 0 3 2
-0.012377979338467243 1 0 0 2 1 3 0 2
-0.001022798891193288 1 0 0 2 1 3 3 2
-1.281254688725261 1 0 0 2 2 0 0 1
-0.0007764656812452123 1 0 0 2 2 0 1 0
0.005228205183529578 1 0 0 2 2 0 3 1
0.012377979338467243 1 0 0 2 2 3 0 1
0.001022798891193288 1 0 0 2 2 3 3 1
0.0010716877358596143 1 0 1 0 1 0 1 0
0.0010716877358596143 1 0 1 0 2 0 2 0
0.0007764656812452124 1 0 1 3 1 0 3 1
0.0007764656812452124 1 0 1 3 2 0 3 2
-0.002511759995992118 1 0 2 0 1 0 0 2
1.3835111579084585 1 0 2 0 1 0 2 0
-0.004284943470165637 1 0 2 0 1 0 2 3
-0.003452774528679866 1 0 2 0 1 0 3 2
-0.013365324884153193 1 0 2 0 1 3 2 0
-0.0010766186161322274 1 0 2 0 1 3 2 3
-0.0008765862149678471 1 0 2 0 1 3 3 2
0.002511759995992118 1 0 2 0 2 0 0 1
-1.3835111579084587 1 0 2 0 2 0 1 0
0.004284943470165637 1 0 2 0 2 0 1 3
0.003452774528679866 1 0 2 0 2 0 3 1
0.013365324884153193 1 0 2 0 2 3 1 0
0.0010766186161322274 1 0 2 0 2 3 1 3
0.0008765862149678471 1 0 2 0 2 3 3 1
-0.004652856868796078 1 0 2 3 1 0 0 2
-0.004284943470165637 1 0 2 3 1 0 2 0
-0.0029202279638875215 1 0 2 3 1 0 2 3
1.256232408576326 1 0 2 3 1 0 3 2
-0.0008937494659220038 1 0 2 3 1 3 0 2
-0.0010871890375524936 1 0 2 3 1 3 2 0
-0.012133973739324112 1 0 2 3 1 3 3 2
0.004652856868796078 1 0 2 3 2 0 0 1
0.004284943470165637 1 0 2 3 2 0 1 0
0.0029202279638875215 1 0 2 3 2 0 1 3
-1.256232408576326 1 0 2 3 2 0 3 1
0.0008937494659220038 1 0 2 3 2 3 0 1
0.0010871890375524936 1 0 2 3 2 3 1 0
0.012133973739324112 1 0 2 3 2 3 3 1
-0.004652856868796078 1 0 3 1 1 0 1 0
-0.002511759995992118 1 0 3 1 1 0 1 3
-0.0008937494659220033 1 0 3 1 1 3 1 0
-0.004652856868796078 1 0 3 1 2 0 2 0
-0.002511759995992118 1 0 3 1 2 0 2 3
-0.0008937494659220033 1 0 3 1 2 3 2 0
-0.005228205183529578 1 0 3 2 1 0 0 2
-0.0025365666763637476 1 0 3 2 1 0 3 2
-0.0010333693126135543 1 0 3 2 1 3 0 2
0.005228205183529578 1 0 3 2 2 0 0 1
0.0025365666763637476 1 0 3 2 2 0 3 1
0.0010333693126135543 1 0 3 2 2 3 0 1
0.0018093362317674038 1 1 0 0 1 1 0 0
0.0018093362317674038 1 1 0 0 2 2 0 0
2.114084284053378e-05 1 1 2 2 1 1 2 2
-1.057042142026689e-05 1 1 2 2 1 2 1 2
-1.057042142026689e-05 1 1 2 2 1 2 2 1
-1.057042142026689e-05 1 1 2 2 2 1 1 2
-1.057042142026689e-05 1 1 2 2 2 1 2 1
2.114084284053378e-05 1 1 2 2 2 2 1 1
2.5825174038282217 1 2 0 0 1 2 0 0
-0.015271873185541511 1 2 0 0 1 2 0 3
0.0003261006334323836 1 2 0 0 1 2 1 1
0.0003261006334323836 1 2 0 0 1 2 2 2
-0.018391126161922747 1 2 0 0 1 2 3 0
-0.002029229142733684 1 2 0 0 1 2 3 3
-2.5825174038282217 1 2 0 0 2 1 0 0
0.015271873185541511 1 2 0 0 2 1 0 3
-0.0003261006334323836 1 2 0 0 2 1 1 1
-0.0003261006334323836 1 2 0 0 2 1 2 2
0.018391126161922747 1 2 0 0 2 1 3 0
0.002029229142733684 1 2 0 0 2 1 3 3
-0.015271873185541511 1 2 0 3 1 2 0 0
-0.0041588053331379085 1 2 0 3 1 2 0 3
0.008012016154194118 1 2 0 3 1 2 1 1
0.008012016154194118 1 2 0 3 1 2 2 2
-0.004074103600367241 1 2 0 3 1 2 3 0
0.015271873185541511 1 2 0 3 2 1 0 0
0.0041588053331379085 1 2 0 3 2 1 0 3
-0.008012016154194118 1 2 0 3 2 1 1 1
-0.008012016154194118 1 2 0 3 2 1 2 2
0.004074103600367241 1 2 0 3 2 1 3 0
0.0006047057769046915 1 2 1 1 1 2 0 0
0.008012016154194118 1 2 1 1 1 2 3 0
0.0003261006334323836 1 2 1 1 1 2 3 3
-0.0006047057769046915 1 2 1 1 2 1 0 0
-0.008012016154194118 1 2 1 1 2 1 3 0
-0.0003261006334323836 1 2 1 1 2 1 3 3
-1.057042142026689e-05 1 2 1 2 1 1 2 2
0.0020554448790538232 1 2 1 2 1 2 1 2
-0.0020448744576335564 1 2 1 2 1 2 2 1
-0.0020448744576335564 1 2 1 2 2 1 1 2
0.0020554448790538232 1 2 1 2 2 1 2 1
-1.057042142026689e-05 1 2 1 2 2 2 1 1
-1.057042142026689e-05 1 2 2 1 1 1 2 2
-0.0020448744576335564 1 2 2 1 1 2 1 2
0.0020554448790538232 1 2 2 1 1 2 2 1
0.0020554448790538232 1 2 2 1 2 1 1 2
-0.0020448744576335564 1 2 2 1 2 1 2 1
-1.057042142026689e-05 1 2 2 1 2 2 1 1
0.0006047057769046915 1 2 2 2 1 2 0 0
0.008012016154194118 1 2 2 2 1 2 3 0
0.0003261006334323836 1 2 2 2 1 2 3 3
-0.0006047057769046915 1 2 2 2 2 1 0 0
-0.008012016154194118 1 2 2 2 2 1 3 0
-0.0003261006334323836 1 2 2 2 2 1 3 3
-0.018391126161922747 1 2 3 0 1 2 0 0
-0.004074103600367241 1 2 3 0 1 2 0 3
-0.004101254852836426 1 2 3 0 1 2 3 0
0.018391126161922747 1 2 3 0 2 1 0 0
0.004074103600367241 1 2 3 0 2 1 0 3
0.004101254852836426 1 2 3 0 2 1 3 0
-0.002029229142733684 1 2 3 3 1 2 0 0
0.0006047057769046915 1 2 3 3 1 2 1 1
0.0006047057769046915 1 2 3 3 1 2 2 2
0.002029229142733684 1 2 3 3 2 1 0 0
-0.0006047057769046915 1 2 3 3 2 1 1 1
-0.0006047057769046915 1 2 3 3 2 1 2 2
-0.012133973739324112 1 3 0 1 1 0 1 0
-0.0008765862149678471 1 3 0 1 1 0 1 3
-0.0034368452319850275 1 3 0 1 1 3 1 0
-0.012133973739324112 1 3 0 1 2 0 2 0
-0.0008765862149678471 1 3 0 1 2 0 2 3
-0.0034368452319850275 1 3 0 1 2 3 2 0
-0.012377979338467243 1 3 0 2 1 0 0 2
-0.0010333693126135543 1 3 0 2 1 0 3 2
-0.0035059577501104734 1 3 0 2 1 3 0 2
0.012377979338467243 1 3 0 2 2 0 0 1
0.0010333693126135543 1 3 0 2 2 0 3 1
0.0035059577501104734 1 3 0 2 2 3 0 1
-0.013365324884153193 1 3 2 0 1 0 2 0
-0.0010871890375524936 1 3 2 0 1 0 2 3
-0.0008765862149678474 1 3 2 0 1 0 3 2
-0.0037856150086403102 1 3 2 0 1 3 2 0
0.013365324884153193 1 3 2 0 2 0 1 0
0.0010871890375524936 1 3 2 0 2 0 1 3
0.0008765862149678474 1 3 2 0 2 0 3 1
0.0037856150086403102 1 3 2 0 2 3 1 0
-0.0008937494659220033 1 3 2 3 1 0 0 2
-0.0010766186161322274 1 3 2 3 1 0 2 0
-0.012133973739324112 1 3 2 3 1 0 3 2
-0.0034368452319850275 1 3 2 3 1 3 3 2
0.0008937494659220033 1 3 2 3 2 0 0 1
0.0010766186161322274 1 3 2 3 2 0 1 0
0.012133973739324112 1 3 2 3 2 0 3 1
0.0034368452319850275 1 3 2 3 2 3 3 1
-0.0008937494659220038 1 3 3 1 1 0 1 0
-0.0008937494659220038 1 3 3 1 2 0 2 0
-0.001022798891193288 1 3 3 2 1 0 0 2
0.001022798891193288 1 3 3 2 2 0 0 1
-1.281254688725261 2 0 0 1 1 0 0 2
-0.0007764656812452125 2 0 0 1 1 0 2 0
0.005228205183529578 2 0 0 1 1 0 3 2
0.012377979338467243 2 0 0 1 1 3 0 2
0.001022798891193288 2 0 0 1 1 3 3 2
1.2812546887252612 2 0 0 1 2 0 0 1
0.0007764656812452125 2 0 0 1 2 0 1 0
-0.005228205183529578 2 0 0 1 2 0 3 1
-0.012377979338467243 2 0 0 1 2 3 0 1
-0.001022798891193288 2 0 0 1 2 3 3 1
0.0010031871048627216 2 0 0 2 1 0 0 1
1.256232408576326 2 0 0 2 1 0 1 0
-0.003452774528679866 2 0 0 2 1 0 1 3
-0.012133973739324112 2 0 0 2 1 3 1 0
-0.0008765862149678474 2 0 0 2 1 3 1 3
0.0010031871048627216 2 0 0 2 2 0 0 2
1.2562324085763261 2 0 0 2 2 0 2 0
-0.003452774528679866 2 0 0 2 2 0 2 3
-0.012133973739324112 2 0 0 2 2 3 2 0
-0.0008765862149678474 2 0 0 2 2 3 2 3
0.002511759995992118 2 0 1 0 1 0 0 2
-1.3835111579084587 2 0 1 0 1 0 2 0
0.004284943470165637 2 0 1 0 1 0 2 3
0.003452774528679866 2 0 1 0 1 0 3 2
0.013365324884153193 2 0 1 0 1 3 2 0
0.0010766186161322274 2 0 1 0 1 3 2 3
0.0008765862149678471 2 0 1 0 1 3 3 2
-0.002511759995992118 2 0 1 0 2 0 0 1
1.383511157908459 2 0 1 0 2 0 1 0
-0.004284943470165637 2 0 1 0 2 0 1 3
-0.003452774528679866 2 0 1 0 2 0 3 1
-0.013365324884153193 2 0 1 0 2 3 1 0
-0.0010766186161322274 2 0 1 0 2 3 1 3
-0.0008765862149678471 2 0 1 0 2 3 3 1
0.004652856868796078 2 0 1 3 1 0 0 2
0.004284943470165637 2 0 1 3 1 0 2 0
0.0029202279638875215 2 0 1 3 1 0 2 3
-1.256232408576326 2 0 1 3 1 0 3 2
0.0008937494659220038 2 0 1 3 1 3 0 2
0.0010871890375524936 2 0 1 3 1 3 2 0
0.012133973739324112 2 0 1 3 1 3 3 2
-0.004652856868796078 2 0 1 3 2 0 0 1
-0.004284943470165637 2 0 1 3 2 0 1 0
-0.0029202279638875215 2 0 1 3 2 0 1 3
1.256232408576326 2 0 1 3 2 0 3 1
-0.0008937494659220038 2 0 1 3 2 3 0 1
-0.0010871890375524936 2 0 1 3 2 3 1 0
-0.012133973739324112 2 0 1 3 2 3 3 1
0.0010716877358596145 2 0 2 0 1 0 1 0
0.0010716877358596141 2 0 2 0 2 0 2 0
0.0007764656812452126 2 0 2 3 1 0 3 1
0.0007764656812452126 2 0 2 3 2 0 3 2
0.005228205183529578 2 0 3 1 1 0 0 2
0.0025365666763637476 2 0 3 1 1 0 3 2
0.0010333693126135543 2 0 3 1 1 3 0 2
-0.005228205183529578 2 0 3 1 2 0 0 1
-0.0025365666763637476 2 0 3 1 2 0 3 1
-0.0010333693126135543 2 0 3 1 2 3 0 1
-0.004652856868796078 2 0 3 2 1 0 1 0
-0.002511759995992118 2 0 3 2 1 0 1 3
-0.0008937494659220033 2 0 3 2 1 3 1 0
-0.004652856868796078 2 0 3 2 2 0 2 0
-0.002511759995992118 2 0 3 2 2 0 2 3
-0.0008937494659220033 2 0 3 2 2 3 2 0
-2.5825174038282217 2 1 0 0 1 2 0 0
0.015271873185541511 2 1 0 0 1 2 0 3
-0.0003261006334323836 2 1 0 0 1 2 1 1
-0.0003261006334323836 2 1 0 0 1 2 2 2
0.018391126161922747 2 1 0 0 1 2 3 0
0.002029229142733684 2 1 0 0 1 2 3 3
2.5825174038282217 2 1 0 0 2 1 0 0
-0.015271873185541511 2 1 0 0 2 1 0 3
0.0003261006334323836 2 1 0 0 2 1 1 1
0.0003261006334323836 2 1 0 0 2 1 2 2
-0.018391126161922747 2 1 0 0 2 1 3 0
-0.002029229142733684 2 1 0 0 2 1 3 3
0.015271873185541511 2 1 0 3 1 2 0 0
0.0041588053331379085 2 1 0 3 1 2 0 3
-0.008012016154194118 2 1 0 3 1 2 1 1
-0.008012016154194118 2 1 0 3 1 2 2 2
0.004074103600367241 2 1 0 3 1 2 3 0
-0.015271873185541511 2 1 0 3 2 1 0 0
-0.0041588053331379085 2 1 0 3 2 1 0 3
0.008012016154194118 2 1 0 3 2 1 1 1
0.008012016154194118 2 1 0 3 2 1 2 2
-0.004074103600367241 2 1 0 3 2 1 3 0
-0.0006047057769046915 2 1 1 1 1 2 0 0
-0.008012016154194118 2 1 1 1 1 2 3 0
-0.0003261006334323836 2 1 1 1 1 2 3 3
0.0006047057769046915 2 1 1 1 2 1 0 0
0.008012016154194118 2 1 1 1 2 1 3 0
0.0003261006334323836 2 1 1 1 2 1 3 3
-1.057042142026689e-05 2 1 1 2 1 1 2 2
-0.0020448744576335564 2 1 1 2 1 2 1 2
0.0020554448790538232 2 1 1 2 1 2 2 1
0.0020554448790538232 2 1 1 2 2 1 1 2
-0.0020448744576335564 2 1 1 2 2 1 2 1
-1.057042142026689e-05 2 1 1 2 2 2 1 1
-1.057042142026689e-05 2 1 2 1 1 1 2 2
0.0020554448790538232 2 1 2 1 1 2 1 2
-0.0020448744576335564 2 1 2 1 1 2 2 1
-0.0020448744576335564 2 1 2 1 2 1 1 2
0.0020554448790538232 2 1 2 1 2 1 2 1
-1.057042142026689e-05 2 1 2 1 2 2 1 1
-0.0006047057769046915 2 1 2 2 1 2 0 0
-0.008012016154194118 2 1 2 2 1 2 3 0
-0.0003261006334323836 2 1 2 2 1 2 3 3
0.0006047057769046915 2 1 2 2 2 1 0 0
0.008012016154194118 2 1 2 2 2 1 3 0
0.0003261006334323836 2 1 2 2 2 1 3 3
0.018391126161922747 2 1 3 0 1 2 0 0
0.004074103600367241 2 1 3 0 1 2 0 3
0.004101254852836426 2 1 3 0 1 2 3 0
-0.018391126161922747 2 1 3 0 2 1 0 0
-0.004074103600367241 2 1 3 0 2 1 0 3
-0.004101254852836426 2 1 3 0 2 1 3 0
0.002029229142733684 2 1 3 3 1 2 0 0
-0.0006047057769046915 2 1 3 3 1 2 1 1
-0.0006047057769046915 2 1 3 3 1 2 2 2
-0.002029229142733684 2 1 3 3 2 1 0 0
0.0006047057769046915 2 1 3 3 2 1 1 1
0.0006047057769046915 2 1 3 3 2 1 2 2
0.0018093362317674038 2 2 0 0 1 1 0 0
0.0018093362317674038 2 2 0 0 2 2 0 0
2.114084284053378e-05 2 2 1 1 1 1 2 2
-1.057042142026689e-05 2 2 1 1 1 2 1 2
-1.057042142026689e-05 2 2 1 1 1 2 2 1
-1.057042142026689e-05 2 2 1 1 2 1 1 2
-1.057042142026689e-05 2 2 1 1 2 1 2 1
2.114084284053378e-05 2 2 1 1 2 2 1 1
0.012377979338467243 2 3 0 1 1 0 0 2
0.0010333693126135543 2 3 0 1 1 0 3 2
0.0035059577501104734 2 3 0 1 1 3 0 2
-0.012377979338467243 2 3 0 1 2 0 0 1
-0.0010333693126135543 2 3 0 1 2 0 3 1
-0.0035059577501104734 2 3 0 1 2 3 0 1
-0.012133973739324112 2 3 0 2 1 0 1 0
-0.0008765862149678471 2 3 0 2 1 0 1 3
-0.0034368452319850275 2 3 0 2 1 3 1 0
-0.012133973739324112 2 3 0 2 2 0 2 0
-0.0008765862149678471 2 3 0 2 2 0 2 3
-0.0034368452319850275 2 3 0 2 2 3 2 0
0.013365324884153193 2 3 1 0 1 0 2 0
0.0010871890375524936 2 3 1 0 1 0 2 3
0.0008765862149678474 2 3 1 0 1 0 3 2
0.0037856150086403102 2 3 1 0 1 3 2 0
-0.013365324884153193 2 3 1 0 2 0 1 0
-0.0010871890375524936 2 3 1 0 2 0 1 3
-0.0008765862149678474 2 3 1 0 2 0 3 1
-0.0037856150086403102 2 3 1 0 2 3 1 0
0.0008937494659220033 2 3 1 3 1 0 0 2
0.0010766186161322274 2 3 1 3 1 0 2 0
0.012133973739324112 2 3 1 3 1 0 3 2
0.0034368452319850275 2 3 1 3 1 3 3 2
-0.0008937494659220033 2 3 1 3 2 0 0 1
-0.0010766186161322274 2 3 1 3 2 0 1 0
-0.012133973739324112 2 3 1 3 2 0 3 1
-0.0034368452319850275 2 3 1 3 2 3 3 1
0.001022798891193288 2 3 3 1 1 0 0 2
-0.001022798891193288 2 3 3 1 2 0 0 1
-0.0008937494659220038 2 3 3 2 1 0 1 0
-0.0008937494659220038 2 3 3 2 2 0 2 0
-175.3296234688525 3 0 0 0 0 0 0 0
-26.15115118366456 3 0 0 0 0 0 0 3
-0.18370145632038676 3 0 0 0 0 0 1 1
-0.18370145632038676 3 0 0 0 0 0 2 2
-27.34749337219838 3 0 0 0 0 0 3 0
0.4189095492181464 3 0 0 0 0 0 3 3
-40.42023852381868 3 0 0 0 0 3 0 0
0.7740946708470011 3 0 0 0 0 3 0 3
-0.04443577084493154 3 0 0 0 0 3 1 1
-0.04443577084493154 3 0 0 0 0 3 2 2
0.852331975111281 3 0 0 0 0 3 3 0
0.09580005868310651 3 0 0 0 0 3 3 3
-45.58527333147516 3 0 0 0 3 0 0 0
0.8046384172180843 3 0 0 0 3 0 0 3
-0.04508797211179631 3 0 0 0 3 0 1 1
-0.04508797211179631 3 0 0 0 3 0 2 2
0.8891142274351269 3 0 0 0 3 0 3 0
0.09985851696857391 3 0 0 0 3 0 3 3
1.2636612338909774 3 0 0 0 3 3 0 0
0.1895282784083283 3 0 0 0 3 3 0 3
0.19915182019869032 3 0 0 0 3 3 3 0
-24.868893307834448 3 0 0 3 0 0 0 0
0.6000711068589917 3 0 0 3 0 0 0 3
13.726878832889737 3 0 0 3 0 0 1 1
13.726878832889737 3 0 0 3 0 0 2 2
0.6347294351048111 3 0 0 3 0 0 3 0
0.10647541969771829 3 0 0 3 0 0 3 3
0.7740946708470009 3 0 0 3 0 3 0 0
0.1463189621604974 3 0 0 3 0 3 0 3
-0.39975770792273635 3 0 0 3 0 3 1 1
-0.39975770792273635 3 0 0 3 0 3 2 2
0.14900595495282043 3 0 0 3 0 3 3 0
0.8046384172180843 3 0 0 3 3 0 0 0
0.15463657282677326 3 0 0 3 3 0 0 3
-0.4157817402311249 3 0 0 3 3 0 1 1
-0.4157817402311249 3 0 0 3 3 0 2 2
0.15715416215355496 3 0 0 3 3 0 3 0
0.1930342361584388 3 0 0 3 3 3 0 0
-0.09630191669034417 3 0 0 3 3 3 1 1
-0.09630191669034417 3 0 0 3 3 3 2 2
-0.2193742401575363 3 0 1 1 0 0 0 0
0.003415253599523411 3 0 1 1 0 0 0 3
12.469869958632167 3 0 1 1 0 0 3 0
-0.1802486817917069 3 0 1 1 0 0 3 3
-0.05099944594806262 3 0 1 1 0 3 0 0
-0.3997577079227364 3 0 1 1 0 3 3 0
-0.04443577084493154 3 0 1 1 0 3 3 3
-0.052208857501872014 3 0 1 1 3 0 0 0
-0.4157817402311248 3 0 1 1 3 0 3 0
-0.04508797211179631 3 0 1 1 3 0 3 3
-0.09973876192232921 3 0 1 1 3 3 3 0
-0.2210480910701941 3 0 1 2 0 0 1 2
0.2210480910701941 3 0 1 2 0 0 2 1
-0.05319532584829362 3 0 1 2 0 3 1 2
0.05319532584829362 3 0 1 2 0 3 2 1
-0.05729564518498102 3 0 1 2 3 0 1 2
0.05729564518498102 3 0 1 2 3 0 2 1
0.2210480910701941 3 0 2 1 0 0 1 2
-0.2210480910701941 3 0 2 1 0 0 2 1
0.05319532584829362 3 0 2 1 0 3 1 2
-0.05319532584829362 3 0 2 1 0 3 2 1
0.05729564518498102 3 0 2 1 3 0 1 2
-0.05729564518498102 3 0 2 1 3 0 2 1
-0.2193742401575363 3 0 2 2 0 0 0 0
0.0034152535995234127 3 0 2 2 0 0 0 3
12.469869958632165 3 0 2 2 0 0 3 0
-0.1802486817917069 3 0 2 2 0 0 3 3
-0.05099944594806262 3 0 2 2 0 3 0 0
-0.3997577079227364 3 0 2 2 0 3 3 0
-0.04443577084493154 3 0 2 2 0 3 3 3
-0.052208857501872014 3 0 2 2 3 0 0 0
-0.4157817402311248 3 0 2 2 3 0 3 0
-0.04508797211179631 3 0 2 2 3 0 3 3
-0.09973876192232921 3 0 2 2 3 3 3 0
-25.962910526554065 3 0 3 0 0 0 0 0
0.635672696818175 3 0 3 0 0 0 0 3
0.0009034936035312907 3 0 3 0 0 0 1 1
0.0009034936035312907 3 0 3 0 0 0 2 2
0.6798806811776519 3 0 3 0 0 0 3 0
0.10365795770942735 3 0 3 0 0 0 3 3
0.852331975111281 3 0 3 0 0 3 0 0
0.14900595495282043 3 0 3 0 0 3 0 3
0.15339086160899867 3 0 3 0 0 3 3 0
0.8891142274351269 3 0 3 0 3 0 0 0
0.15715416215355496 3 0 3 0 3 0 0 3
0.16159337131467158 3 0 3 0 3 0 3 0
0.20293743520733062 3 0 3 0 3 3 0 0
0.4093964005644512 3 0 3 3 0 0 0 0
0.10355519173383076 3 0 3 3 0 0 0 3
-0.2240270970263324 3 0 3 3 0 0 1 1
-0.2240270970263324 3 0 3 3 0 0 2 2
0.1011213910330636 3 0 3 3 0 0 3 0
0.09580005868310651 3 0 3 3 0 3 0 0
-0.05099944594806262 3 0 3 3 0 3 1 1
-0.05099944594806262 3 0 3 3 0 3 2 2
0.09985851696857391 3 0 3 3 3 0 0 0
-0.052208857501872014 3 0 3 3 3 0 1 1
-0.052208857501872014 3 0 3 3 3 0 2 2
-0.012133973739324115 3 1 0 1 0 1 1 0
-0.0008765862149678471 3 1 0 1 0 1 1 3
-0.012133973739324115 3 1 0 1 0 2 2 0
-0.0008765862149678471 3 1 0 1 0 2 2 3
-0.0034368452319850275 3 1 0 1 3 1 1 0
-0.0034368452319850275 3 1 0 1 3 2 2 0
-0.012377979338467245 3 1 0 2 0 1 0 2
-0.0010333693126135543 3 1 0 2 0 1 3 2
0.012377979338467245 3 1 0 2 0 2 0 1
0.0010333693126135543 3 1 0 2 0 2 3 1
-0.0035059577501104734 3 1 0 2 3 1 0 2
0.0035059577501104734 3 1 0 2 3 2 0 1
-0.013365324884153196 3 1 2 0 0 1 2 0
-0.0010871890375524936 3 1 2 0 0 1 2 3
-0.0008765862149678475 3 1 2 0 0 1 3 2
0.013365324884153196 3 1 2 0 0 2 1 0
0.0010871890375524936 3 1 2 0 0 2 1 3
0.0008765862149678475 3 1 2 0 0 2 3 1
-0.0037856150086403102 3 1 2 0 3 1 2 0
0.0037856150086403102 3 1 2 0 3 2 1 0
-0.0008937494659220033 3 1 2 3 0 1 0 2
-0.0010766186161322274 3 1 2 3 0 1 2 0
-0.012133973739324115 3 1 2 3 0 1 3 2
0.0008937494659220033 3 1 2 3 0 2 0 1
0.0010766186161322274 3 1 2 3 0 2 1 0
0.012133973739324115 3 1 2 3 0 2 3 1
-0.0034368452319850275 3 1 2 3 3 1 3 2
0.0034368452319850275 3 1 2 3 3 2 3 1
-0.0008937494659220038 3 1 3 1 0 1 1 0
-0.0008937494659220038 3 1 3 1 0 2 2 0
-0.001022798891193288 3 1 3 2 0 1 0 2
0.001022798891193288 3 1 3 2 0 2 0 1
0.012377979338467245 3 2 0 1 0 1 0 2
0.001033369312613554 3 2 0 1 0 1 3 2
-0.012377979338467245 3 2 0 1 0 2 0 1
-0.001033369312613554 3 2 0 1 0 2 3 1
0.0035059577501104734 3 2 0 1 3 1 0 2
-0.0035059577501104734 3 2 0 1 3 2 0 1
-0.012133973739324115 3 2 0 2 0 1 1 0
-0.0008765862149678471 3 2 0 2 0 1 1 3
-0.012133973739324115 3 2 0 2 0 2 2 0
-0.0008765862149678471 3 2 0 2 0 2 2 3
-0.0034368452319850275 3 2 0 2 3 1 1 0
-0.0034368452319850275 3 2 0 2 3 2 2 0
0.013365324884153196 3 2 1 0 0 1 2 0
0.0010871890375524936 3 2 1 0 0 1 2 3
0.0008765862149678475 3 2 1 0 0 1 3 2
-0.013365324884153196 3 2 1 0 0 2 1 0
-0.0010871890375524936 3 2 1 0 0 2 1 3
-0.0008765862149678475 3 2 1 0 0 2 3 1
0.0037856150086403102 3 2 1 0 3 1 2 0
-0.0037856150086403102 3 2 1 0 3 2 1 0
0.0008937494659220033 3 2 1 3 0 1 0 2
0.0010766186161322274 3 2 1 3 0 1 2 0
0.012133973739324115 3 2 1 3 0 1 3 2
-0.0008937494659220033 3 2 1 3 0 2 0 1
-0.0010766186161322274 3 2 1 3 0 2 1 0
-0.012133973739324115 3 2 1 3 0 2 3 1
0.0034368452319850275 3 2 1 3 3 1 3 2
-0.0034368452319850275 3 2 1 3 3 2 3 1
0.001022798891193288 3 2 3 1 0 1 0 2
-0.001022798891193288 3 2 3 1 0 2 0 1
-0.0008937494659220038 3 2 3 2 0 1 1 0
-0.0008937494659220038 3 2 3 2 0 2 2 0
-37.835911783758675 3 3 0 0 0 0 0 0
0.7712007769999267 3 3 0 0 0 0 0 3
-0.04498625642646701 3 3 0 0 0 0 1 1
-0.04498625642646701 3 3 0 0 0 0 2 2
0.8473061738335115 3 3 0 0 0 0 3 0
0.09589138789053887 3 3 0 0 0 0 3 3
1.2636612338909772 3 3 0 0 0 3 0 0
0.1930342361584388 3 3 0 0 0 3 0 3
0.20293743520733062 3 3 0 0 0 3 3 0
1.2636612338909772 3 3 0 0 3 0 0 0
0.1930342361584388 3 3 0 0 3 0 0 3
0.20293743520733062 3 3 0 0 3 0 3 0
0.31151279047634794 3 3 0 0 3 3 0 0
0.7464448183229924 3 3 0 3 0 0 0 0
0.14216015682735947 3 3 0 3 0 0 0 3
-0.4038796655078664 3 3 0 3 0 0 1 1
-0.4038796655078664 3 3 0 3 0 0 2 2
0.14497510065597183 3 3 0 3 0 0 3 0
0.1895282784083283 3 3 0 3 0 3 0 0
-0.09973876192232921 3 3 0 3 0 3 1 1
-0.09973876192232921 3 3 0 3 0 3 2 2
0.1895282784083283 3 3 0 3 3 0 0 0
-0.0997387619223292 3 3 0 3 3 0 1 1
-0.0997387619223292 3 3 0 3 3 0 2 2
-0.04950099070523592 3 3 1 1 0 0 0 0
-0.37961171802921817 3 3 1 1 0 0 3 0
-0.04323308399653131 3 3 1 1 0 0 3 3
-0.09630191669034417 3 3 1 1 0 3 3 0
-0.09630191669034419 3 3 1 1 3 0 3 0
-0.05115045139066006 3 3 1 2 0 0 1 2
0.05115045139066006 3 3 1 2 0 0 2 1
0.05115045139066006 3 3 2 1 0 0 1 2
-0.05115045139066006 3 3 2 1 0 0 2 1
-0.04950099070523592 3 3 2 2 0 0 0 0
-0.37961171802921817 3 3 2 2 0 0 3 0
-0.04323308399653131 3 3 2 2 0 0 3 3
-0.09630191669034417 3 3 2 2 0 3 3 0
-0.09630191669034419 3 3 2 2 3 0 3 0
0.8205755240652051 3 3 3 0 0 0 0 0
0.14486746120609395 3 3 3 0 0 0 0 3
0.14928960675616226 3 3 3 0 0 0 3 0
0.19915182019869032 3 3 3 0 0 3 0 0
0.19915182019869032 3 3 3 0 3 0 0 0
0.09167141203304732 3 3 3 3 0 0 0 0
-0.05128848963707994 3 3 3 3 0 0 1 1
-0.05128848963707994 3 3 3 3 0 0 2 2
