9073.332147768226 0 0 0 0 0 0 0 0
-87.02075535515874 0 0 0 0 0 0 0 3
-179.40612019207268 0 0 0 0 0 0 3 0
-28.02518226129198 0 0 0 0 0 0 3 3
-179.40612019207242 0 0 0 0 0 3 0 0
-28.025182261291985 0 0 0 0 0 3 0 3
-37.5208616249372 0 0 0 0 0 3 3 0
0.7823578717500527 0 0 0 0 0 3 3 3
-0.033712809719249295 0 0 0 0 1 3 3 1
-0.033712809719249295 0 0 0 0 2 3 3 2
-168.42381828911218 0 0 0 0 3 0 0 0
-21.71317232641128 0 0 0 0 3 0 0 3
-30.860287463310947 0 0 0 0 3 0 3 0
0.6222991496016 0 0 0 0 3 0 3 3
-30.860287463310954 0 0 0 0 3 3 0 0
0.6222991496015997 0 0 0 0 3 3 0 3
1.0351900004919437 0 0 0 0 3 3 3 0
0.14741196819054073 0 0 0 0 3 3 3 3
-87.02075535515877 0 0 0 3 0 0 0 0
-32.96019748840994 0 0 0 3 0 0 0 3
-29.50737157420801 0 0 0 3 0 0 3 0
0.6319738014674762 0 0 0 3 0 0 3 3
-29.507371574208005 0 0 0 3 0 3 0 0
0.6319738014674757 0 0 0 3 0 3 0 3
0.8119141013468933 0 0 0 3 0 3 3 0
0.1733441247520913 0 0 0 3 0 3 3 3
-0.068959596817995 0 0 0 3 1 0 3 1
-0.068959596817995 0 0 0 3 1 3 0 1
-0.2919417482759794 0 0 0 3 1 3 3 1
-0.068959596817995 0 0 0 3 2 0 3 2
-0.068959596817995 0 0 0 3 2 3 0 2
-0.2919417482759794 0 0 0 3 2 3 3 2
-30.62715259354999 0 0 0 3 3 0 0 0
0.5800844506799702 0 0 0 3 3 0 0 3
0.7693108707627412 0 0 0 3 3 0 3 0
0.1503960913939422 0 0 0 3 3 0 3 3
0.769310870762741 0 0 0 3 3 3 0 0
0.1503960913939422 0 0 0 3 3 3 0 3
0.18168126165424991 0 0 0 3 3 3 3 0
0.002072934690562079 0 0 1 1 0 0 1 1
0.002072934690562079 0 0 1 1 0 0 2 2
1.480116378225474 0 0 1 2 0 0 1 2
-1.4801163782254743 0 0 1 2 0 0 2 1
-0.014778114798420394 0 0 1 2 0 3 1 2
0.014778114798420394 0 0 1 2 0 3 2 1
-0.002182119037219747 0 0 1 2 1 0 2 0
-0.007923090277019044 0 0 1 2 1 3 2 0
-0.0005375327828546187 0 0 1 2 1 3 2 3
0.002182119037219747 0 0 1 2 2 0 1 0
0.007923090277019044 0 0 1 2 2 3 1 0
0.0005375327828546187 0 0 1 2 2 3 1 3
-0.011995584716138409 0 0 1 2 3 0 1 2
0.011995584716138409 0 0 1 2 3 0 2 1
-0.0022853283973515715 0 0 1 2 3 3 1 2
0.0022853283973515715 0 0 1 2 3 3 2 1
-1.4801163782254743 0 0 2 1 0 0 1 2
1.4801163782254743 0 0 2 1 0 0 2 1
0.014778114798420394 0 0 2 1 0 3 1 2
-0.014778114798420394 0 0 2 1 0 3 2 1
0.002182119037219747 0 0 2 1 1 0 2 0
0.007923090277019044 0 0 2 1 1 3 2 0
0.0005375327828546187 0 0 2 1 1 3 2 3
-0.002182119037219747 0 0 2 1 2 0 1 0
-0.007923090277019044 0 0 2 1 2 3 1 0
-0.0005375327828546187 0 0 2 1 2 3 1 3
0.011995584716138409 0 0 2 1 3 0 1 2
-0.011995584716138409 0 0 2 1 3 0 2 1
0.0022853283973515715 0 0 2 1 3 3 1 2
-0.0022853283973515715 0 0 2 1 3 3 2 1
0.002072934690562079 0 0 2 2 0 0 1 1
0.002072934690562079 0 0 2 2 0 0 2 2
-179.4061201920727 0 0 3 0 0 0 0 0
-29.507371574208012 0 0 3 0 0 0 0 3
-45.23633529927115 0 0 3 0 0 0 3 0
0.8347904617840491 0 0 3 0 0 0 3 3
-40.09394320317102 0 0 3 0 0 3 0 0
0.8096874782936649 0 0 3 0 0 3 0 3
1.2995821975873942 0 0 3 0 0 3 3 0
0.21272170439598376 0 0 3 0 0 3 3 3
-0.033709963110406284 0 0 3 0 1 0 3 1
-0.03335350566106521 0 0 3 0 1 3 0 1
-0.1255711127009971 0 0 3 0 1 3 3 1
-0.033709963110406284 0 0 3 0 2 0 3 2
-0.03335350566106521 0 0 3 0 2 3 0 2
-0.1255711127009971 0 0 3 0 2 3 3 2
-33.004641554845485 0 0 3 0 3 0 0 0
0.6428935518210424 0 0 3 0 3 0 0 3
1.1287497202973846 0 0 3 0 3 0 3 0
0.16238925003511334 0 0 3 0 3 0 3 3
1.0806322585417418 0 0 3 0 3 3 0 0
0.1559615149475311 0 0 3 0 3 3 0 3
0.24052667601201233 0 0 3 0 3 3 3 0
-28.025182261291977 0 0 3 3 0 0 0 0
0.6319738014674761 0 0 3 3 0 0 0 3
0.8347904617840491 0 0 3 3 0 0 3 0
0.18796613014068597 0 0 3 3 0 0 3 3
0.8096874782936649 0 0 3 3 0 3 0 0
0.1782181265482895 0 0 3 3 0 3 0 3
0.21679178368428698 0 0 3 3 0 3 3 0
-0.06677747778077525 0 0 3 3 1 0 0 1
-0.30211150178602586 0 0 3 3 1 0 3 1
-0.2900496059279822 0 0 3 3 1 3 0 1
9.382847705398929 0 0 3 3 1 3 3 1
-0.06677747778077525 0 0 3 3 2 0 0 2
-0.30211150178602586 0 0 3 3 2 0 3 2
-0.2900496059279822 0 0 3 3 2 3 0 2
9.382847705398929 0 0 3 3 2 3 3 2
0.7659141035499069 0 0 3 3 3 0 0 0
0.15502080019297085 0 0 3 3 3 0 0 3
0.19614635304843528 0 0 3 3 3 0 3 0
0.18710566660552785 0 0 3 3 3 3 0 0
0.00207293469056208 0 1 0 1 0 1 0 1
0.002072934690562079 0 1 0 1 0 2 0 2
1.4801163782254738 0 1 0 2 0 1 0 2
-0.014778114798420412 0 1 0 2 0 1 3 2
-1.4801163782254738 0 1 0 2 0 2 0 1
0.014778114798420412 0 1 0 2 0 2 3 1
-0.0021821190372197465 0 1 0 2 1 2 0 0
-0.007923090277019046 0 1 0 2 1 2 3 0
-0.0005375327828546187 0 1 0 2 1 2 3 3
0.0021821190372197465 0 1 0 2 2 1 0 0
0.007923090277019046 0 1 0 2 2 1 3 0
0.0005375327828546187 0 1 0 2 2 1 3 3
-0.011995584716138407 0 1 0 2 3 1 0 2
-0.002285328397351572 0 1 0 2 3 1 3 2
0.011995584716138407 0 1 0 2 3 2 0 1
0.002285328397351572 0 1 0 2 3 2 3 1
0.001885530183788625 0 1 1 0 0 1 1 0
0.001885530183788625 0 1 1 0 0 2 2 0
2.5711960480500524 0 1 2 0 0 1 2 0
-0.01255149174519188 0 1 2 0 0 1 2 3
-2.5711960480500524 0 1 2 0 0 2 1 0
0.01255149174519188 0 1 2 0 0 2 1 3
0.00017822872467053734 0 1 2 0 1 1 2 1
-0.00017822872467053734 0 1 2 0 1 2 1 1
0.00017822872467053734 0 1 2 0 2 1 2 2
-0.00017822872467053734 0 1 2 0 2 2 1 2
-0.024058730877821035 0 1 2 0 3 1 2 0
-0.003213867543791105 0 1 2 0 3 1 2 3
0.024058730877821035 0 1 2 0 3 2 1 0
0.003213867543791105 0 1 2 0 3 2 1 3
-0.012551491745191884 0 1 2 3 0 1 2 0
-0.004874001796198208 0 1 2 3 0 1 2 3
0.012551491745191884 0 1 2 3 0 2 1 0
0.004874001796198208 0 1 2 3 0 2 1 3
0.006030947929021859 0 1 2 3 1 1 2 1
-0.006030947929021859 0 1 2 3 1 2 1 1
0.006030947929021859 0 1 2 3 2 1 2 2
-0.006030947929021859 0 1 2 3 2 2 1 2
-0.004520343221453669 0 1 2 3 3 1 2 0
0.004520343221453669 0 1 2 3 3 2 1 0
0.00015884385362872607 0 1 3 1 1 1 3 0
0.00015884385362872607 0 1 3 1 2 2 3 0
-0.014778114798420412 0 1 3 2 0 1 0 2
-0.004070079288303246 0 1 3 2 0 1 3 2
0.014778114798420412 0 1 3 2 0 2 0 1
0.004070079288303246 0 1 3 2 0 2 3 1
-0.007923090277019046 0 1 3 2 1 2 0 0
-0.0005375327828546189 0 1 3 2 1 2 0 3
0.7950900940683765 0 1 3 2 1 2 3 0
-0.0004022666813849672 0 1 3 2 1 2 3 3
0.007923090277019046 0 1 3 2 2 1 0 0
0.0005375327828546189 0 1 3 2 2 1 0 3
-0.7950900940683764 0 1 3 2 2 1 3 0
0.0004022666813849672 0 1 3 2 2 1 3 3
-0.002424367708679758 0 1 3 2 3 1 0 2
0.002424367708679758 0 1 3 2 3 2 0 1
-1.480116378225474 0 2 0 1 0 1 0 2
0.014778114798420412 0 2 0 1 0 1 3 2
1.480116378225474 0 2 0 1 0 2 0 1
-0.014778114798420412 0 2 0 1 0 2 3 1
0.0021821190372197465 0 2 0 1 1 2 0 0
0.007923090277019046 0 2 0 1 1 2 3 0
0.0005375327828546187 0 2 0 1 1 2 3 3
-0.0021821190372197465 0 2 0 1 2 1 0 0
-0.007923090277019046 0 2 0 1 2 1 3 0
-0.0005375327828546187 0 2 0 1 2 1 3 3
0.011995584716138407 0 2 0 1 3 1 0 2
0.002285328397351572 0 2 0 1 3 1 3 2
-0.011995584716138407 0 2 0 1 3 2 0 1
-0.002285328397351572 0 2 0 1 3 2 3 1
0.002072934690562079 0 2 0 2 0 1 0 1
0.00207293469056208 0 2 0 2 0 2 0 2
-2.5711960480500524 0 2 1 0 0 1 2 0
0.01255149174519188 0 2 1 0 0 1 2 3
2.5711960480500524 0 2 1 0 0 2 1 0
-0.01255149174519188 0 2 1 0 0 2 1 3
-0.00017822872467053734 0 2 1 0 1 1 2 1
0.00017822872467053734 0 2 1 0 1 2 1 1
-0.00017822872467053734 0 2 1 0 2 1 2 2
0.00017822872467053734 0 2 1 0 2 2 1 2
0.024058730877821035 0 2 1 0 3 1 2 0
0.003213867543791105 0 2 1 0 3 1 2 3
-0.024058730877821035 0 2 1 0 3 2 1 0
-0.003213867543791105 0 2 1 0 3 2 1 3
0.012551491745191884 0 2 1 3 0 1 2 0
0.004874001796198208 0 2 1 3 0 1 2 3
-0.012551491745191884 0 2 1 3 0 2 1 0
-0.004874001796198208 0 2 1 3 0 2 1 3
-0.006030947929021859 0 2 1 3 1 1 2 1
0.006030947929021859 0 2 1 3 1 2 1 1
-0.006030947929021859 0 2 1 3 2 1 2 2
0.006030947929021859 0 2 1 3 2 2 1 2
0.004520343221453669 0 2 1 3 3 1 2 0
-0.004520343221453669 0 2 1 3 3 2 1 0
0.0018855301837886259 0 2 2 0 0 1 1 0
0.001885530183788625 0 2 2 0 0 2 2 0
0.014778114798420412 0 2 3 1 0 1 0 2
0.004070079288303246 0 2 3 1 0 1 3 2
-0.014778114798420412 0 2 3 1 0 2 0 1
-0.004070079288303246 0 2 3 1 0 2 3 1
0.007923090277019046 0 2 3 1 1 2 0 0
0.0005375327828546189 0 2 3 1 1 2 0 3
-0.7950900940683765 0 2 3 1 1 2 3 0
0.0004022666813849672 0 2 3 1 1 2 3 3
-0.007923090277019046 0 2 3 1 2 1 0 0
-0.0005375327828546189 0 2 3 1 2 1 0 3
0.7950900940683765 0 2 3 1 2 1 3 0
-0.0004022666813849672 0 2 3 1 2 1 3 3
0.002424367708679758 0 2 3 1 3 1 0 2
-0.002424367708679758 0 2 3 1 3 2 0 1
0.00015884385362872617 0 2 3 2 1 1 3 0
0.00015884385362872617 0 2 3 2 2 2 3 0
-179.40612019207262 0 3 0 0 0 0 0 0
-29.50737157420801 0 3 0 0 0 0 0 3
-40.09394320317102 0 3 0 0 0 0 3 0
0.8096874782936653 0 3 0 0 0 0 3 3
-45.23633529927115 0 3 0 0 0 3 0 0
0.8347904617840488 0 3 0 0 0 3 0 3
1.2995821975873945 0 3 0 0 0 3 3 0
0.21272170439598376 0 3 0 0 0 3 3 3
-0.03335350566106521 0 3 0 0 1 0 3 1
-0.03370996311040628 0 3 0 0 1 3 0 1
-0.1255711127009971 0 3 0 0 1 3 3 1
-0.03335350566106521 0 3 0 0 2 0 3 2
-0.03370996311040628 0 3 0 0 2 3 0 2
-0.1255711127009971 0 3 0 0 2 3 3 2
-33.0046415548455 0 3 0 0 3 0 0 0
0.6428935518210424 0 3 0 0 3 0 0 3
1.0806322585417423 0 3 0 0 3 0 3 0
0.1559615149475311 0 3 0 0 3 0 3 3
1.1287497202973842 0 3 0 0 3 3 0 0
0.16238925003511334 0 3 0 0 3 3 0 3
0.24052667601201239 0 3 0 0 3 3 3 0
-28.025182261291977 0 3 0 3 0 0 0 0
0.631973801467476 0 3 0 3 0 0 0 3
0.8096874782936652 0 3 0 3 0 0 3 0
0.1782181265482895 0 3 0 3 0 0 3 3
0.8347904617840489 0 3 0 3 0 3 0 0
0.187966130140686 0 3 0 3 0 3 0 3
0.21679178368428698 0 3 0 3 0 3 3 0
-0.06677747778077525 0 3 0 3 1 0 0 1
-0.2900496059279821 0 3 0 3 1 0 3 1
-0.30211150178602597 0 3 0 3 1 3 0 1
9.382847705398927 0 3 0 3 1 3 3 1
-0.06677747778077525 0 3 0 3 2 0 0 2
-0.2900496059279821 0 3 0 3 2 0 3 2
-0.30211150178602597 0 3 0 3 2 3 0 2
9.382847705398925 0 3 0 3 2 3 3 2
0.7659141035499069 0 3 0 3 3 0 0 0
0.15502080019297085 0 3 0 3 3 0 0 3
0.18710566660552788 0 3 0 3 3 0 3 0
0.19614635304843528 0 3 0 3 3 3 0 0
0.00015884385362872628 0 3 1 1 1 3 1 0
0.00015884385362872607 0 3 1 1 2 3 2 0
-0.014778114798420408 0 3 1 2 0 0 1 2
0.014778114798420408 0 3 1 2 0 0 2 1
-0.004070079288303246 0 3 1 2 0 3 1 2
0.004070079288303246 0 3 1 2 0 3 2 1
-0.007923090277019037 0 3 1 2 1 0 2 0
-0.0005375327828546188 0 3 1 2 1 0 2 3
0.7950900940683765 0 3 1 2 1 3 2 0
-0.0004022666813849672 0 3 1 2 1 3 2 3
0.007923090277019037 0 3 1 2 2 0 1 0
0.0005375327828546188 0 3 1 2 2 0 1 3
-0.7950900940683764 0 3 1 2 2 3 1 0
0.0004022666813849672 0 3 1 2 2 3 1 3
-0.0024243677086797583 0 3 1 2 3 0 1 2
0.0024243677086797583 0 3 1 2 3 0 2 1
0.014778114798420408 0 3 2 1 0 0 1 2
-0.014778114798420408 0 3 2 1 0 0 2 1
0.004070079288303246 0 3 2 1 0 3 1 2
-0.004070079288303246 0 3 2 1 0 3 2 1
0.007923090277019037 0 3 2 1 1 0 2 0
0.0005375327828546188 0 3 2 1 1 0 2 3
-0.7950900940683765 0 3 2 1 1 3 2 0
0.0004022666813849672 0 3 2 1 1 3 2 3
-0.007923090277019037 0 3 2 1 2 0 1 0
-0.0005375327828546188 0 3 2 1 2 0 1 3
0.7950900940683765 0 3 2 1 2 3 1 0
-0.0004022666813849672 0 3 2 1 2 3 1 3
0.0024243677086797583 0 3 2 1 3 0 1 2
-0.0024243677086797583 0 3 2 1 3 0 2 1
0.00015884385362872607 0 3 2 2 1 3 1 0
0.00015884385362872607 0 3 2 2 2 3 2 0
-37.52086162493718 0 3 3 0 0 0 0 0
0.8119141013468937 0 3 3 0 0 0 0 3
1.2995821975873947 0 3 3 0 0 0 3 0
0.21679178368428698 0 3 3 0 0 0 3 3
1.2995821975873942 0 3 3 0 0 3 0 0
0.21679178368428698 0 3 3 0 0 3 0 3
0.31151279047634806 0 3 3 0 0 3 3 0
-0.032637744153540045 0 3 3 0 1 0 0 1
-0.12516884601961215 0 3 3 0 1 0 3 1
-0.12516884601961215 0 3 3 0 1 3 0 1
0.5288453213655054 0 3 3 0 1 3 3 1
-0.032637744153540045 0 3 3 0 2 0 0 2
-0.12516884601961215 0 3 3 0 2 0 3 2
-0.12516884601961215 0 3 3 0 2 3 0 2
0.5288453213655053 0 3 3 0 2 3 3 2
1.0779570548358985 0 3 3 0 3 0 0 0
0.15836140523959563 0 3 3 0 3 0 0 3
0.24641596921623327 0 3 3 0 3 0 3 0
0.24641596921623332 0 3 3 0 3 3 0 0
0.782357871750053 0 3 3 3 0 0 0 0
0.1733441247520913 0 3 3 3 0 0 0 3
0.21272170439598376 0 3 3 3 0 0 3 0
0.21272170439598376 0 3 3 3 0 3 0 0
-0.2760955677219412 0 3 3 3 1 0 0 1
8.587916455184178 0 3 3 3 1 0 3 1
8.587916455184175 0 3 3 3 1 3 0 1
42.293551874641715 0 3 3 3 1 3 3 1
-0.2760955677219412 0 3 3 3 2 0 0 2
8.587916455184178 0 3 3 3 2 0 3 2
8.587916455184175 0 3 3 3 2 3 0 2
42.293551874641715 0 3 3 3 2 3 3 2
0.18321130649124218 0 3 3 3 3 0 0 0
-0.04744033556458095 1 0 0 1 0 3 3 0
0.0018011248880261642 1 0 0 1 1 0 0 1
0.0018011248880261625 1 0 0 1 2 0 0 2
-0.06677747778077525 1 0 0 1 3 0 3 0
-0.06677747778077525 1 0 0 1 3 3 0 0
-0.2760955677219413 1 0 0 1 3 3 3 0
-0.032637744153540045 1 0 0 1 3 3 3 3
8.91217914225068 1 0 0 2 1 0 0 2
-0.1350161364450028 1 0 0 2 1 0 3 2
-0.1350161364450027 1 0 0 2 1 3 0 2
-0.02969863666900601 1 0 0 2 1 3 3 2
-8.91217914225068 1 0 0 2 2 0 0 1
0.1350161364450028 1 0 0 2 2 0 3 1
0.1350161364450027 1 0 0 2 2 3 0 1
0.02969863666900601 1 0 0 2 2 3 3 1
0.0021533360257628966 1 0 1 0 1 0 1 0
0.002153336025762897 1 0 1 0 2 0 2 0
0.0005375327828546189 1 0 1 0 3 3 1 1
0.0005375327828546189 1 0 1 0 3 3 2 2
0.0003676385828923637 1 0 1 3 0 3 1 1
0.0003676385828923637 1 0 1 3 0 3 2 2
0.002182119037219747 1 0 1 3 3 0 1 1
0.002182119037219747 1 0 1 3 3 0 2 2
0.007923090277019044 1 0 1 3 3 3 1 1
0.007923090277019044 1 0 1 3 3 3 2 2
2.142200755508809 1 0 2 0 1 0 2 0
-0.008598817503304095 1 0 2 0 1 0 2 3
-0.021383527171977182 1 0 2 0 1 3 2 0
-0.0030503508158477056 1 0 2 0 1 3 2 3
-2.1422007555088096 1 0 2 0 2 0 1 0
0.008598817503304095 1 0 2 0 2 0 1 3
0.021383527171977182 1 0 2 0 2 3 1 0
0.0030503508158477056 1 0 2 0 2 3 1 3
-0.008598817503304096 1 0 2 3 1 0 2 0
-0.004624708799028681 1 0 2 3 1 0 2 3
-0.0031893901271758925 1 0 2 3 1 3 2 0
0.008598817503304096 1 0 2 3 2 0 1 0
0.004624708799028681 1 0 2 3 2 0 1 3
0.0031893901271758925 1 0 2 3 2 3 1 0
-0.05044359029188828 1 0 3 1 0 0 3 0
-0.048686512862278306 1 0 3 1 0 3 0 0
-0.2239635556059861 1 0 3 1 0 3 3 0
-0.012598245850119724 1 0 3 1 0 3 3 3
-0.068959596817995 1 0 3 1 3 0 0 0
-0.3021115017860259 1 0 3 1 3 0 3 0
-0.033709963110406284 1 0 3 1 3 0 3 3
-0.29004960592798223 1 0 3 1 3 3 0 0
-0.03335350566106521 1 0 3 1 3 3 0 3
8.58791645518418 1 0 3 1 3 3 3 0
-0.12516884601961215 1 0 3 1 3 3 3 3
-0.13501613644500277 1 0 3 2 1 0 0 2
-0.0337571030133219 1 0 3 2 1 0 3 2
-0.031005112346668577 1 0 3 2 1 3 0 2
0.13501613644500277 1 0 3 2 2 0 0 1
0.0337571030133219 1 0 3 2 2 0 3 1
0.031005112346668577 1 0 3 2 2 3 0 1
0.0021533360257628966 1 1 0 0 1 1 0 0
0.0021533360257628966 1 1 0 0 2 2 0 0
0.0005375327828546189 1 1 0 0 3 1 3 1
0.0005375327828546189 1 1 0 0 3 2 3 2
0.0003676385828923635 1 1 0 3 0 1 3 1
0.0003676385828923635 1 1 0 3 0 2 3 2
0.0021821190372197465 1 1 0 3 3 1 0 1
0.007923090277019046 1 1 0 3 3 1 3 1
0.0021821190372197465 1 1 0 3 3 2 0 2
0.007923090277019046 1 1 0 3 3 2 3 2
0.0008785387148049836 1 1 2 1 0 1 2 0
-0.0008785387148049836 1 1 2 1 0 2 1 0
0.00603094792902186 1 1 2 1 3 1 2 0
0.00017822872467053734 1 1 2 1 3 1 2 3
-0.00603094792902186 1 1 2 1 3 2 1 0
-0.00017822872467053734 1 1 2 1 3 2 1 3
0.0014455149889907504 1 1 2 2 1 1 2 2
-0.0013064756776625637 1 1 2 2 1 2 1 2
-0.00013903931132818663 1 1 2 2 1 2 2 1
-0.00013903931132818663 1 1 2 2 2 1 1 2
-0.0013064756776625637 1 1 2 2 2 1 2 1
0.0014455149889907504 1 1 2 2 2 2 1 1
0.0012307190061221676 1 1 3 0 0 1 3 1
0.0012307190061221676 1 1 3 0 0 2 3 2
0.0005375327828546187 1 1 3 0 3 1 0 1
0.00040226668138496763 1 1 3 0 3 1 3 1
0.0005375327828546187 1 1 3 0 3 2 0 2
0.00040226668138496763 1 1 3 0 3 2 3 2
0.0003676385828923637 1 1 3 3 0 1 0 1
0.002403200562014665 1 1 3 3 0 1 3 1
0.0003676385828923637 1 1 3 3 0 2 0 2
0.002403200562014665 1 1 3 3 0 2 3 2
0.007923090277019046 1 1 3 3 3 1 0 1
-0.7950900940683764 1 1 3 3 3 1 3 1
0.007923090277019046 1 1 3 3 3 2 0 2
-0.7950900940683764 1 1 3 3 3 2 3 2
2.142200755508809 1 2 0 0 1 2 0 0
-0.008598817503304095 1 2 0 0 1 2 0 3
-0.021383527171977206 1 2 0 0 1 2 3 0
-0.003050350815847706 1 2 0 0 1 2 3 3
-2.1422007555088096 1 2 0 0 2 1 0 0
0.008598817503304095 1 2 0 0 2 1 0 3
0.021383527171977206 1 2 0 0 2 1 3 0
0.003050350815847706 1 2 0 0 2 1 3 3
-0.008598817503304096 1 2 0 3 1 2 0 0
-0.004624708799028681 1 2 0 3 1 2 0 3
-0.0031893901271758925 1 2 0 3 1 2 3 0
0.008598817503304096 1 2 0 3 2 1 0 0
0.004624708799028681 1 2 0 3 2 1 0 3
0.0031893901271758925 1 2 0 3 2 1 3 0
-0.0008785387148049836 1 2 1 1 0 1 2 0
0.0008785387148049836 1 2 1 1 0 2 1 0
-0.00603094792902186 1 2 1 1 3 1 2 0
-0.00017822872467053734 1 2 1 1 3 1 2 3
0.00603094792902186 1 2 1 1 3 2 1 0
0.00017822872467053734 1 2 1 1 3 2 1 3
-0.0013064756776625637 1 2 1 2 1 1 2 2
0.0014455149889907504 1 2 1 2 1 2 1 2
-0.00013903931132818663 1 2 1 2 1 2 2 1
-0.00013903931132818663 1 2 1 2 2 1 1 2
0.0014455149889907504 1 2 1 2 2 1 2 1
-0.0013064756776625637 1 2 1 2 2 2 1 1
-0.00013903931132818663 1 2 2 1 1 1 2 2
-0.00013903931132818663 1 2 2 1 1 2 1 2
0.00027807862265637326 1 2 2 1 1 2 2 1
0.00027807862265637326 1 2 2 1 2 1 1 2
-0.00013903931132818663 1 2 2 1 2 1 2 1
-0.00013903931132818663 1 2 2 1 2 2 1 1
-0.021383527171977206 1 2 3 0 1 2 0 0
-0.0031893901271758925 1 2 3 0 1 2 0 3
-0.005889293204220931 1 2 3 0 1 2 3 0
0.021383527171977206 1 2 3 0 2 1 0 0
0.0031893901271758925 1 2 3 0 2 1 0 3
0.005889293204220931 1 2 3 0 2 1 3 0
-0.003050350815847706 1 2 3 3 1 2 0 0
0.003050350815847706 1 2 3 3 2 1 0 0
-0.00015884385362872607 1 2 3 3 3 1 3 2
0.00015884385362872607 1 2 3 3 3 2 3 1
-0.0486865128622783 1 3 0 1 0 0 3 0
-0.05044359029188828 1 3 0 1 0 3 0 0
-0.22396355560598608 1 3 0 1 0 3 3 0
-0.012598245850119719 1 3 0 1 0 3 3 3
-0.06895959681799499 1 3 0 1 3 0 0 0
-0.2900496059279821 1 3 0 1 3 0 3 0
-0.03335350566106521 1 3 0 1 3 0 3 3
-0.302111501786026 1 3 0 1 3 3 0 0
-0.033709963110406284 1 3 0 1 3 3 0 3
8.587916455184178 1 3 0 1 3 3 3 0
-0.12516884601961215 1 3 0 1 3 3 3 3
-0.1350161364450028 1 3 0 2 1 0 0 2
-0.031005112346668577 1 3 0 2 1 0 3 2
-0.03375710301332191 1 3 0 2 1 3 0 2
0.1350161364450028 1 3 0 2 2 0 0 1
0.031005112346668577 1 3 0 2 2 0 3 1
0.03375710301332191 1 3 0 2 2 3 0 1
0.0012307190061221676 1 3 1 0 0 3 1 1
0.0012307190061221676 1 3 1 0 0 3 2 2
0.0005375327828546187 1 3 1 0 3 0 1 1
0.0005375327828546187 1 3 1 0 3 0 2 2
0.00040226668138496763 1 3 1 0 3 3 1 1
0.00040226668138496763 1 3 1 0 3 3 2 2
0.0003676385828923637 1 3 1 3 0 0 1 1
0.0003676385828923637 1 3 1 3 0 0 2 2
0.002403200562014665 1 3 1 3 0 3 1 1
0.002403200562014665 1 3 1 3 0 3 2 2
0.007923090277019037 1 3 1 3 3 0 1 1
0.007923090277019037 1 3 1 3 3 0 2 2
-0.7950900940683764 1 3 1 3 3 3 1 1
-0.7950900940683764 1 3 1 3 3 3 2 2
-0.021383527171977203 1 3 2 0 1 0 2 0
-0.0031893901271758925 1 3 2 0 1 0 2 3
-0.005889293204220931 1 3 2 0 1 3 2 0
0.021383527171977203 1 3 2 0 2 0 1 0
0.0031893901271758925 1 3 2 0 2 0 1 3
0.005889293204220931 1 3 2 0 2 3 1 0
-0.0030503508158477056 1 3 2 3 1 0 2 0
0.0030503508158477056 1 3 2 3 2 0 1 0
-0.00015884385362872628 1 3 2 3 3 3 1 2
0.00015884385362872628 1 3 2 3 3 3 2 1
-0.048175612730365684 1 3 3 1 0 0 0 0
-0.22636675616800073 1 3 3 1 0 0 3 0
-0.013828964856241893 1 3 3 1 0 0 3 3
-0.2263667561680008 1 3 3 1 0 3 0 0
-0.013828964856241893 1 3 3 1 0 3 0 3
5.097359858534724 1 3 3 1 0 3 3 0
-0.04604368297303116 1 3 3 1 0 3 3 3
-0.2919417482759793 1 3 3 1 3 0 0 0
-0.03371280971924929 1 3 3 1 3 0 0 3
9.382847705398923 1 3 3 1 3 0 3 0
-0.12557111270099708 1 3 3 1 3 0 3 3
9.382847705398921 1 3 3 1 3 3 0 0
-0.1255711127009971 1 3 3 1 3 3 0 3
42.293551874641736 1 3 3 1 3 3 3 0
0.5288453213655054 1 3 3 1 3 3 3 3
-0.029698636669006014 1 3 3 2 1 0 0 2
0.029698636669006014 1 3 3 2 2 0 0 1
-8.91217914225068 2 0 0 1 1 0 0 2
0.1350161364450028 2 0 0 1 1 0 3 2
0.1350161364450027 2 0 0 1 1 3 0 2
0.02969863666900601 2 0 0 1 1 3 3 2
8.91217914225068 2 0 0 1 2 0 0 1
-0.1350161364450028 2 0 0 1 2 0 3 1
-0.1350161364450027 2 0 0 1 2 3 0 1
-0.02969863666900601 2 0 0 1 2 3 3 1
-0.04744033556458095 2 0 0 2 0 3 3 0
0.0018011248880261642 2 0 0 2 1 0 0 1
0.0018011248880261625 2 0 0 2 2 0 0 2
-0.06677747778077525 2 0 0 2 3 0 3 0
-0.06677747778077525 2 0 0 2 3 3 0 0
-0.2760955677219413 2 0 0 2 3 3 3 0
-0.032637744153540045 2 0 0 2 3 3 3 3
-2.1422007555088096 2 0 1 0 1 0 2 0
0.008598817503304095 2 0 1 0 1 0 2 3
0.021383527171977182 2 0 1 0 1 3 2 0
0.0030503508158477056 2 0 1 0 1 3 2 3
2.1422007555088096 2 0 1 0 2 0 1 0
-0.008598817503304095 2 0 1 0 2 0 1 3
-0.021383527171977182 2 0 1 0 2 3 1 0
-0.0030503508158477056 2 0 1 0 2 3 1 3
0.008598817503304096 2 0 1 3 1 0 2 0
0.004624708799028681 2 0 1 3 1 0 2 3
0.0031893901271758925 2 0 1 3 1 3 2 0
-0.008598817503304096 2 0 1 3 2 0 1 0
-0.004624708799028681 2 0 1 3 2 0 1 3
-0.0031893901271758925 2 0 1 3 2 3 1 0
0.002153336025762897 2 0 2 0 1 0 1 0
0.002153336025762897 2 0 2 0 2 0 2 0
0.0005375327828546189 2 0 2 0 3 3 1 1
0.0005375327828546189 2 0 2 0 3 3 2 2
0.0003676385828923637 2 0 2 3 0 3 1 1
0.0003676385828923637 2 0 2 3 0 3 2 2
0.002182119037219747 2 0 2 3 3 0 1 1
0.002182119037219747 2 0 2 3 3 0 2 2
0.007923090277019044 2 0 2 3 3 3 1 1
0.007923090277019044 2 0 2 3 3 3 2 2
0.13501613644500277 2 0 3 1 1 0 0 2
0.0337571030133219 2 0 3 1 1 0 3 2
0.031005112346668577 2 0 3 1 1 3 0 2
-0.13501613644500277 2 0 3 1 2 0 0 1
-0.0337571030133219 2 0 3 1 2 0 3 1
-0.031005112346668577 2 0 3 1 2 3 0 1
-0.05044359029188828 2 0 3 2 0 0 3 0
-0.048686512862278306 2 0 3 2 0 3 0 0
-0.2239635556059861 2 0 3 2 0 3 3 0
-0.012598245850119724 2 0 3 2 0 3 3 3
-0.068959596817995 2 0 3 2 3 0 0 0
-0.3021115017860259 2 0 3 2 3 0 3 0
-0.033709963110406284 2 0 3 2 3 0 3 3
-0.29004960592798223 2 0 3 2 3 3 0 0
-0.03335350566106521 2 0 3 2 3 3 0 3
8.58791645518418 2 0 3 2 3 3 3 0
-0.12516884601961215 2 0 3 2 3 3 3 3
-2.1422007555088096 2 1 0 0 1 2 0 0
0.008598817503304095 2 1 0 0 1 2 0 3
0.021383527171977206 2 1 0 0 1 2 3 0
0.003050350815847706 2 1 0 0 1 2 3 3
2.14220075550881 2 1 0 0 2 1 0 0
-0.008598817503304095 2 1 0 0 2 1 0 3
-0.021383527171977206 2 1 0 0 2 1 3 0
-0.003050350815847706 2 1 0 0 2 1 3 3
0.008598817503304096 2 1 0 3 1 2 0 0
0.004624708799028681 2 1 0 3 1 2 0 3
0.0031893901271758925 2 1 0 3 1 2 3 0
-0.008598817503304096 2 1 0 3 2 1 0 0
-0.004624708799028681 2 1 0 3 2 1 0 3
-0.0031893901271758925 2 1 0 3 2 1 3 0
-0.00013903931132818663 2 1 1 2 1 1 2 2
-0.00013903931132818663 2 1 1 2 1 2 1 2
0.00027807862265637326 2 1 1 2 1 2 2 1
0.00027807862265637326 2 1 1 2 2 1 1 2
-0.00013903931132818663 2 1 1 2 2 1 2 1
-0.00013903931132818663 2 1 1 2 2 2 1 1
-0.0013064756776625637 2 1 2 1 1 1 2 2
0.0014455149889907504 2 1 2 1 1 2 1 2
-0.00013903931132818663 2 1 2 1 1 2 2 1
-0.00013903931132818663 2 1 2 1 2 1 1 2
0.0014455149889907504 2 1 2 1 2 1 2 1
-0.0013064756776625637 2 1 2 1 2 2 1 1
0.0008785387148049836 2 1 2 2 0 1 2 0
-0.0008785387148049836 2 1 2 2 0 2 1 0
0.00603094792902186 2 1 2 2 3 1 2 0
0.00017822872467053734 2 1 2 2 3 1 2 3
-0.00603094792902186 2 1 2 2 3 2 1 0
-0.00017822872467053734 2 1 2 2 3 2 1 3
0.021383527171977206 2 1 3 0 1 2 0 0
0.0031893901271758925 2 1 3 0 1 2 0 3
0.005889293204220931 2 1 3 0 1 2 3 0
-0.021383527171977206 2 1 3 0 2 1 0 0
-0.0031893901271758925 2 1 3 0 2 1 0 3
-0.005889293204220931 2 1 3 0 2 1 3 0
0.003050350815847706 2 1 3 3 1 2 0 0
-0.003050350815847706 2 1 3 3 2 1 0 0
0.00015884385362872585 2 1 3 3 3 1 3 2
-0.00015884385362872607 2 1 3 3 3 2 3 1
0.0021533360257628966 2 2 0 0 1 1 0 0
0.0021533360257628966 2 2 0 0 2 2 0 0
0.0005375327828546189 2 2 0 0 3 1 3 1
0.0005375327828546189 2 2 0 0 3 2 3 2
0.0003676385828923635 2 2 0 3 0 1 3 1
0.0003676385828923635 2 2 0 3 0 2 3 2
0.0021821190372197465 2 2 0 3 3 1 0 1
0.007923090277019046 2 2 0 3 3 1 3 1
0.0021821190372197465 2 2 0 3 3 2 0 2
0.007923090277019046 2 2 0 3 3 2 3 2
0.0014455149889907504 2 2 1 1 1 1 2 2
-0.0013064756776625637 2 2 1 1 1 2 1 2
-0.00013903931132818663 2 2 1 1 1 2 2 1
-0.00013903931132818663 2 2 1 1 2 1 1 2
-0.0013064756776625637 2 2 1 1 2 1 2 1
0.0014455149889907504 2 2 1 1 2 2 1 1
-0.0008785387148049836 2 2 1 2 0 1 2 0
0.0008785387148049836 2 2 1 2 0 2 1 0
-0.00603094792902186 2 2 1 2 3 1 2 0
-0.00017822872467053734 2 2 1 2 3 1 2 3
0.00603094792902186 2 2 1 2 3 2 1 0
0.00017822872467053734 2 2 1 2 3 2 1 3
0.0012307190061221676 2 2 3 0 0 1 3 1
0.0012307190061221676 2 2 3 0 0 2 3 2
0.0005375327828546187 2 2 3 0 3 1 0 1
0.00040226668138496763 2 2 3 0 3 1 3 1
0.0005375327828546187 2 2 3 0 3 2 0 2
0.00040226668138496763 2 2 3 0 3 2 3 2
0.0003676385828923637 2 2 3 3 0 1 0 1
0.002403200562014665 2 2 3 3 0 1 3 1
0.0003676385828923637 2 2 3 3 0 2 0 2
0.002403200562014665 2 2 3 3 0 2 3 2
0.007923090277019046 2 2 3 3 3 1 0 1
-0.7950900940683764 2 2 3 3 3 1 3 1
0.007923090277019046 2 2 3 3 3 2 0 2
-0.7950900940683764 2 2 3 3 3 2 3 2
0.1350161364450028 2 3 0 1 1 0 0 2
0.031005112346668577 2 3 0 1 1 0 3 2
0.03375710301332191 2 3 0 1 1 3 0 2
-0.1350161364450028 2 3 0 1 2 0 0 1
-0.031005112346668577 2 3 0 1 2 0 3 1
-0.03375710301332191 2 3 0 1 2 3 0 1
-0.0486865128622783 2 3 0 2 0 0 3 0
-0.05044359029188828 2 3 0 2 0 3 0 0
-0.22396355560598608 2 3 0 2 0 3 3 0
-0.012598245850119719 2 3 0 2 0 3 3 3
-0.06895959681799499 2 3 0 2 3 0 0 0
-0.2900496059279821 2 3 0 2 3 0 3 0
-0.03335350566106521 2 3 0 2 3 0 3 3
-0.302111501786026 2 3 0 2 3 3 0 0
-0.033709963110406284 2 3 0 2 3 3 0 3
8.587916455184178 2 3 0 2 3 3 3 0
-0.12516884601961215 2 3 0 2 3 3 3 3
0.021383527171977203 2 3 1 0 1 0 2 0
0.0031893901271758925 2 3 1 0 1 0 2 3
0.005889293204220931 2 3 1 0 1 3 2 0
-0.021383527171977203 2 3 1 0 2 0 1 0
-0.0031893901271758925 2 3 1 0 2 0 1 3
-0.005889293204220931 2 3 1 0 2 3 1 0
0.0030503508158477056 2 3 1 3 1 0 2 0
-0.0030503508158477056 2 3 1 3 2 0 1 0
0.00015884385362872628 2 3 1 3 3 3 1 2
-0.00015884385362872628 2 3 1 3 3 3 2 1
0.0012307190061221676 2 3 2 0 0 3 1 1
0.0012307190061221676 2 3 2 0 0 3 2 2
0.0005375327828546187 2 3 2 0 3 0 1 1
0.0005375327828546187 2 3 2 0 3 0 2 2
0.00040226668138496763 2 3 2 0 3 3 1 1
0.00040226668138496763 2 3 2 0 3 3 2 2
0.0003676385828923637 2 3 2 3 0 0 1 1
0.0003676385828923637 2 3 2 3 0 0 2 2
0.002403200562014665 2 3 2 3 0 3 1 1
0.002403200562014665 2 3 2 3 0 3 2 2
0.007923090277019037 2 3 2 3 3 0 1 1
0.007923090277019037 2 3 2 3 3 0 2 2
-0.7950900940683764 2 3 2 3 3 3 1 1
-0.7950900940683763 2 3 2 3 3 3 2 2
0.029698636669006014 2 3 3 1 1 0 0 2
-0.029698636669006014 2 3 3 1 2 0 0 1
-0.048175612730365684 2 3 3 2 0 0 0 0
-0.22636675616800073 2 3 3 2 0 0 3 0
-0.013828964856241893 2 3 3 2 0 0 3 3
-0.2263667561680008 2 3 3 2 0 3 0 0
-0.013828964856241893 2 3 3 2 0 3 0 3
5.097359858534724 2 3 3 2 0 3 3 0
-0.04604368297303116 2 3 3 2 0 3 3 3
-0.2919417482759793 2 3 3 2 3 0 0 0
-0.03371280971924929 2 3 3 2 3 0 0 3
9.382847705398921 2 3 3 2 3 0 3 0
-0.12557111270099708 2 3 3 2 3 0 3 3
9.382847705398921 2 3 3 2 3 3 0 0
-0.1255711127009971 2 3 3 2 3 3 0 3
42.293551874641736 2 3 3 2 3 3 3 0
0.5288453213655054 2 3 3 2 3 3 3 3
-168.42381828911223 3 0 0 0 0 0 0 0
-30.627152593549994 3 0 0 0 0 0 0 3
-33.0046415548455 3 0 0 0 0 0 3 0
0.7659141035499067 3 0 0 0 0 0 3 3
-33.004641554845506 3 0 0 0 0 3 0 0
0.7659141035499066 3 0 0 0 0 3 0 3
1.077957054835898 3 0 0 0 0 3 3 0
0.18321130649124218 3 0 0 0 0 3 3 3
-33.51487394343927 3 0 0 0 3 0 0 0
0.660173256227277 3 0 0 0 3 0 0 3
0.995239887047092 3 0 0 0 3 0 3 0
0.15356329928355766 3 0 0 0 3 0 3 3
0.9952398870470915 3 0 0 0 3 3 0 0
0.15356329928355766 3 0 0 0 3 3 0 3
0.2055583679460282 3 0 0 0 3 3 3 0
-21.71317232641127 3 0 0 3 0 0 0 0
0.5800844506799702 3 0 0 3 0 0 0 3
0.6428935518210424 3 0 0 3 0 0 3 0
0.15502080019297085 3 0 0 3 0 0 3 3
0.6428935518210422 3 0 0 3 0 3 0 0
0.15502080019297085 3 0 0 3 0 3 0 3
0.15836140523959563 3 0 0 3 0 3 3 0
-0.04817561273036568 3 0 0 3 1 3 3 1
-0.04817561273036568 3 0 0 3 2 3 3 2
0.6601732562272771 3 0 0 3 3 0 0 0
0.15806039718270362 3 0 0 3 3 0 0 3
0.15702122003597432 3 0 0 3 3 0 3 0
0.15702122003597432 3 0 0 3 3 3 0 0
-0.011995584716138407 3 0 1 2 0 0 1 2
0.011995584716138407 3 0 1 2 0 0 2 1
-0.0024243677086797583 3 0 1 2 0 3 1 2
0.0024243677086797583 3 0 1 2 0 3 2 1
-0.0003676385828923637 3 0 1 2 1 3 2 0
0.0003676385828923637 3 0 1 2 2 3 1 0
-0.0034579207524166556 3 0 1 2 3 0 1 2
0.0034579207524166556 3 0 1 2 3 0 2 1
0.011995584716138407 3 0 2 1 0 0 1 2
-0.011995584716138407 3 0 2 1 0 0 2 1
0.0024243677086797583 3 0 2 1 0 3 1 2
-0.0024243677086797583 3 0 2 1 0 3 2 1
0.0003676385828923637 3 0 2 1 1 3 2 0
-0.0003676385828923637 3 0 2 1 2 3 1 0
0.0034579207524166556 3 0 2 1 3 0 1 2
-0.0034579207524166556 3 0 2 1 3 0 2 1
-30.860287463310947 3 0 3 0 0 0 0 0
0.7693108707627412 3 0 3 0 0 0 0 3
1.1287497202973846 3 0 3 0 0 0 3 0
0.19614635304843528 3 0 3 0 0 0 3 3
1.080632258541742 3 0 3 0 0 3 0 0
0.18710566660552788 3 0 3 0 0 3 0 3
0.24641596921623327 3 0 3 0 0 3 3 0
-0.013828964856241893 3 0 3 0 1 3 3 1
-0.013828964856241893 3 0 3 0 2 3 3 2
0.9952398870470919 3 0 3 0 3 0 0 0
0.15702122003597432 3 0 3 0 3 0 0 3
0.22132642536070002 3 0 3 0 3 0 3 0
0.21081438708425215 3 0 3 0 3 3 0 0
0.6222991496016 3 0 3 3 0 0 0 0
0.1503960913939422 3 0 3 3 0 0 0 3
0.16238925003511334 3 0 3 3 0 0 3 0
0.1559615149475311 3 0 3 3 0 3 0 0
-0.05044359029188828 3 0 3 3 1 0 3 1
-0.0486865128622783 3 0 3 3 1 3 0 1
-0.22636675616800073 3 0 3 3 1 3 3 1
-0.05044359029188828 3 0 3 3 2 0 3 2
-0.0486865128622783 3 0 3 3 2 3 0 2
-0.22636675616800073 3 0 3 3 2 3 3 2
0.15356329928355766 3 0 3 3 3 0 0 0
-0.011995584716138407 3 1 0 2 0 1 0 2
-0.002424367708679758 3 1 0 2 0 1 3 2
0.011995584716138407 3 1 0 2 0 2 0 1
0.002424367708679758 3 1 0 2 0 2 3 1
-0.0003676385828923637 3 1 0 2 1 2 3 0
0.0003676385828923637 3 1 0 2 2 1 3 0
-0.0034579207524166556 3 1 0 2 3 1 0 2
0.0034579207524166556 3 1 0 2 3 2 0 1
-0.024058730877821035 3 1 2 0 0 1 2 0
-0.004520343221453669 3 1 2 0 0 1 2 3
0.024058730877821035 3 1 2 0 0 2 1 0
0.004520343221453669 3 1 2 0 0 2 1 3
-0.005256019138223921 3 1 2 0 3 1 2 0
0.005256019138223921 3 1 2 0 3 2 1 0
-0.003213867543791105 3 1 2 3 0 1 2 0
0.003213867543791105 3 1 2 3 0 2 1 0
0.0008785387148049836 3 1 2 3 1 1 2 1
-0.0008785387148049836 3 1 2 3 1 2 1 1
0.0008785387148049836 3 1 2 3 2 1 2 2
-0.0008785387148049836 3 1 2 3 2 2 1 2
-0.0022853283973515715 3 1 3 2 0 1 0 2
0.0022853283973515715 3 1 3 2 0 2 0 1
-0.0003676385828923635 3 1 3 2 1 2 0 0
-0.0024032005620146643 3 1 3 2 1 2 3 0
-0.0012307190061221676 3 1 3 2 1 2 3 3
0.0003676385828923635 3 1 3 2 2 1 0 0
0.0024032005620146643 3 1 3 2 2 1 3 0
0.0012307190061221676 3 1 3 2 2 1 3 3
0.011995584716138407 3 2 0 1 0 1 0 2
0.002424367708679758 3 2 0 1 0 1 3 2
-0.011995584716138407 3 2 0 1 0 2 0 1
-0.002424367708679758 3 2 0 1 0 2 3 1
0.0003676385828923637 3 2 0 1 1 2 3 0
-0.0003676385828923637 3 2 0 1 2 1 3 0
0.0034579207524166556 3 2 0 1 3 1 0 2
-0.0034579207524166556 3 2 0 1 3 2 0 1
0.024058730877821035 3 2 1 0 0 1 2 0
0.004520343221453669 3 2 1 0 0 1 2 3
-0.024058730877821035 3 2 1 0 0 2 1 0
-0.004520343221453669 3 2 1 0 0 2 1 3
0.005256019138223921 3 2 1 0 3 1 2 0
-0.005256019138223921 3 2 1 0 3 2 1 0
0.003213867543791105 3 2 1 3 0 1 2 0
-0.003213867543791105 3 2 1 3 0 2 1 0
-0.0008785387148049836 3 2 1 3 1 1 2 1
0.0008785387148049836 3 2 1 3 1 2 1 1
-0.0008785387148049836 3 2 1 3 2 1 2 2
0.0008785387148049836 3 2 1 3 2 2 1 2
0.0022853283973515715 3 2 3 1 0 1 0 2
-0.0022853283973515715 3 2 3 1 0 2 0 1
0.0003676385828923635 3 2 3 1 1 2 0 0
0.0024032005620146643 3 2 3 1 1 2 3 0
0.0012307190061221676 3 2 3 1 1 2 3 3
-0.0003676385828923635 3 2 3 1 2 1 0 0
-0.0024032005620146643 3 2 3 1 2 1 3 0
-0.0012307190061221676 3 2 3 1 2 1 3 3
-30.860287463310947 3 3 0 0 0 0 0 0
0.7693108707627411 3 3 0 0 0 0 0 3
1.0806322585417423 3 3 0 0 0 0 3 0
0.18710566660552785 3 3 0 0 0 0 3 3
1.1287497202973844 3 3 0 0 0 3 0 0
0.19614635304843528 3 3 0 0 0 3 0 3
0.24641596921623332 3 3 0 0 0 3 3 0
-0.013828964856241893 3 3 0 0 1 3 3 1
-0.013828964856241893 3 3 0 0 2 3 3 2
0.9952398870470918 3 3 0 0 3 0 0 0
0.15702122003597432 3 3 0 0 3 0 0 3
0.21081438708425215 3 3 0 0 3 0 3 0
0.22132642536070007 3 3 0 0 3 3 0 0
0.6222991496015999 3 3 0 3 0 0 0 0
0.1503960913939422 3 3 0 3 0 0 0 3
0.1559615149475311 3 3 0 3 0 0 3 0
0.16238925003511337 3 3 0 3 0 3 0 0
-0.048686512862278306 3 3 0 3 1 0 3 1
-0.05044359029188828 3 3 0 3 1 3 0 1
-0.22636675616800075 3 3 0 3 1 3 3 1
-0.048686512862278306 3 3 0 3 2 0 3 2
-0.05044359029188828 3 3 0 3 2 3 0 2
-0.22636675616800075 3 3 0 3 2 3 3 2
0.15356329928355766 3 3 0 3 3 0 0 0
-0.0022853283973515715 3 3 1 2 0 0 1 2
0.0022853283973515715 3 3 1 2 0 0 2 1
-0.0003676385828923637 3 3 1 2 1 0 2 0
-0.0024032005620146643 3 3 1 2 1 3 2 0
-0.0012307190061221676 3 3 1 2 1 3 2 3
0.0003676385828923637 3 3 1 2 2 0 1 0
0.0024032005620146643 3 3 1 2 2 3 1 0
0.0012307190061221676 3 3 1 2 2 3 1 3
0.0022853283973515715 3 3 2 1 0 0 1 2
-0.0022853283973515715 3 3 2 1 0 0 2 1
0.0003676385828923637 3 3 2 1 1 0 2 0
0.0024032005620146643 3 3 2 1 1 3 2 0
0.0012307190061221676 3 3 2 1 1 3 2 3
-0.0003676385828923637 3 3 2 1 2 0 1 0
-0.0024032005620146643 3 3 2 1 2 3 1 0
-0.0012307190061221676 3 3 2 1 2 3 1 3
1.035190000491944 3 3 3 0 0 0 0 0
0.1816812616542499 3 3 3 0 0 0 0 3
0.24052667601201236 3 3 3 0 0 0 3 0
0.24052667601201239 3 3 3 0 0 3 0 0
-0.012598245850119722 3 3 3 0 1 0 3 1
-0.012598245850119722 3 3 3 0 1 3 0 1
-0.04604368297303115 3 3 3 0 1 3 3 1
-0.012598245850119722 3 3 3 0 2 0 3 2
-0.012598245850119722 3 3 3 0 2 3 0 2
-0.04604368297303115 3 3 3 0 2 3 3 2
0.2055583679460282 3 3 3 0 3 0 0 0
0.14741196819054073 3 3 3 3 0 0 0 0
-0.04744033556458095 3 3 3 3 1 0 0 1
-0.22396355560598602 3 3 3 3 1 0 3 1
-0.22396355560598608 3 3 3 3 1 3 0 1
5.097359858534725 3 3 3 3 1 3 3 1
-0.04744033556458095 3 3 3 3 2 0 0 2
-0.22396355560598602 3 3 3 3 2 0 3 2
-0.22396355560598608 3 3 3 3 2 3 0 2
5.097359858534725 3 3 3 3 2 3 3 2
