8843.596919687514 0 0 0 0 0 0 0 0
-48.69078446638425 0 0 0 0 0 0 0 3
-189.33445464195125 0 0 0 0 0 0 3 0
-28.32120351019664 0 0 0 0 0 0 3 3
-189.33445464195114 0 0 0 0 0 3 0 0
-28.321203510196632 0 0 0 0 0 3 0 3
-36.72045871611136 0 0 0 0 0 3 3 0
0.7483124712097293 0 0 0 0 0 3 3 3
-0.017312156366207573 0 0 0 0 1 3 3 1
-0.017312156366207573 0 0 0 0 2 3 3 2
-203.56322623236338 0 0 0 0 3 0 0 0
-24.898267805761577 0 0 0 0 3 0 0 3
-34.09410248680247 0 0 0 0 3 0 3 0
0.7102618819915016 0 0 0 0 3 0 3 3
-34.094102486802456 0 0 0 0 3 3 0 0
0.7102618819915013 0 0 0 0 3 3 0 3
1.2572186936605239 0 0 0 0 3 3 3 0
0.17612355650940226 0 0 0 0 3 3 3 3
-48.690784466384194 0 0 0 3 0 0 0 0
-31.931777103502764 0 0 0 3 0 0 0 3
-29.99055517533772 0 0 0 3 0 0 3 0
0.5242331610026627 0 0 0 3 0 0 3 3
-29.990555175337715 0 0 0 3 0 3 0 0
0.5242331610026624 0 0 0 3 0 3 0 3
0.7843781153064588 0 0 0 3 0 3 3 0
0.17445657296233497 0 0 0 3 0 3 3 3
-0.03823868266698868 0 0 0 3 1 0 3 1
-0.03823868266698869 0 0 0 3 1 3 0 1
-0.175545123445855 0 0 0 3 1 3 3 1
-0.03823868266698868 0 0 0 3 2 0 3 2
-0.03823868266698869 0 0 0 3 2 3 0 2
-0.175545123445855 0 0 0 3 2 3 3 2
-28.873165495212277 0 0 0 3 3 0 0 0
0.5371115153673618 0 0 0 3 3 0 0 3
0.790076080491839 0 0 0 3 3 0 3 0
0.16207439500808155 0 0 0 3 3 0 3 3
0.7900760804918388 0 0 0 3 3 3 0 0
0.1620743950080815 0 0 0 3 3 3 0 3
0.19523311555172781 0 0 0 3 3 3 3 0
0.0027138516177731575 0 0 1 1 0 0 1 1
0.0027138516177731575 0 0 1 1 0 0 2 2
1.6666378135233133 0 0 1 2 0 0 1 2
-1.6666378135233133 0 0 1 2 0 0 2 1
-0.018032822048364795 0 0 1 2 0 3 1 2
0.018032822048364795 0 0 1 2 0 3 2 1
0.0003816260147946265 0 0 1 2 1 0 2 0
0.001481619717758377 0 0 1 2 1 3 2 0
0.0007311940158955311 0 0 1 2 1 3 2 3
-0.0003816260147946265 0 0 1 2 2 0 1 0
-0.001481619717758377 0 0 1 2 2 3 1 0
-0.0007311940158955311 0 0 1 2 2 3 1 3
-0.01957410914949883 0 0 1 2 3 0 1 2
0.01957410914949883 0 0 1 2 3 0 2 1
-0.003502100185764627 0 0 1 2 3 3 1 2
0.003502100185764627 0 0 1 2 3 3 2 1
-1.6666378135233133 0 0 2 1 0 0 1 2
1.6666378135233133 0 0 2 1 0 0 2 1
0.018032822048364795 0 0 2 1 0 3 1 2
-0.018032822048364795 0 0 2 1 0 3 2 1
-0.0003816260147946265 0 0 2 1 1 0 2 0
-0.001481619717758377 0 0 2 1 1 3 2 0
-0.0007311940158955311 0 0 2 1 1 3 2 3
0.0003816260147946265 0 0 2 1 2 0 1 0
0.001481619717758377 0 0 2 1 2 3 1 0
0.0007311940158955311 0 0 2 1 2 3 1 3
0.01957410914949883 0 0 2 1 3 0 1 2
-0.01957410914949883 0 0 2 1 3 0 2 1
0.003502100185764627 0 0 2 1 3 3 1 2
-0.003502100185764627 0 0 2 1 3 3 2 1
0.0027138516177731575 0 0 2 2 0 0 1 1
0.0027138516177731575 0 0 2 2 0 0 2 2
-189.3344546419513 0 0 3 0 0 0 0 0
-29.99055517533772 0 0 3 0 0 0 0 3
-44.33793449867514 0 0 3 0 0 0 3 0
0.7881137688596207 0 0 3 0 0 0 3 3
-39.261110037682265 0 0 3 0 0 3 0 0
0.7736014517919363 0 0 3 0 0 3 0 3
1.389588989291974 0 0 3 0 0 3 3 0
0.21572742032393663 0 0 3 0 0 3 3 3
-0.01799794023493262 0 0 3 0 1 0 3 1
-0.018028213666379612 0 0 3 0 1 3 0 1
-0.06092714227511196 0 0 3 0 1 3 3 1
-0.01799794023493262 0 0 3 0 2 0 3 2
-0.018028213666379612 0 0 3 0 2 3 0 2
-0.06092714227511196 0 0 3 0 2 3 3 2
-37.461326965796694 0 0 3 0 3 0 0 0
0.7396704994205874 0 0 3 0 3 0 0 3
1.3819398431674779 0 0 3 0 3 0 3 0
0.196297445967006 0 0 3 0 3 0 3 3
1.3230381444528574 0 0 3 0 3 3 0 0
0.188910166225729 0 0 3 0 3 3 0 3
0.2741209053496171 0 0 3 0 3 3 3 0
-28.321203510196636 0 0 3 3 0 0 0 0
0.5242331610026628 0 0 3 3 0 0 0 3
0.7881137688596205 0 0 3 3 0 0 3 0
0.18881244094724625 0 0 3 3 0 0 3 3
0.7736014517919362 0 0 3 3 0 3 0 0
0.17924186229063874 0 0 3 3 0 3 0 3
0.2203721978814532 0 0 3 3 0 3 3 0
-0.03862030868178331 0 0 3 3 1 0 0 1
-0.18895862405956024 0 0 3 3 1 0 3 1
-0.18100403679559565 0 0 3 3 1 3 0 1
4.887820644248607 0 0 3 3 1 3 3 1
-0.03862030868178331 0 0 3 3 2 0 0 2
-0.18895862405956024 0 0 3 3 2 0 3 2
-0.18100403679559565 0 0 3 3 2 3 0 2
4.887820644248607 0 0 3 3 2 3 3 2
0.7803364796219272 0 0 3 3 3 0 0 0
0.16858818227677855 0 0 3 3 3 0 0 3
0.2104407490197763 0 0 3 3 3 0 3 0
0.20190410404178172 0 0 3 3 3 3 0 0
0.0027138516177731557 0 1 0 1 0 1 0 1
0.0027138516177731557 0 1 0 1 0 2 0 2
1.6666378135233129 0 1 0 2 0 1 0 2
-0.0180328220483648 0 1 0 2 0 1 3 2
-1.6666378135233129 0 1 0 2 0 2 0 1
0.0180328220483648 0 1 0 2 0 2 3 1
0.0003816260147946262 0 1 0 2 1 2 0 0
0.0014816197177583766 0 1 0 2 1 2 3 0
0.0007311940158955309 0 1 0 2 1 2 3 3
-0.0003816260147946262 0 1 0 2 2 1 0 0
-0.0014816197177583766 0 1 0 2 2 1 3 0
-0.0007311940158955309 0 1 0 2 2 1 3 3
-0.019574109149498826 0 1 0 2 3 1 0 2
-0.0035021001857646283 0 1 0 2 3 1 3 2
0.019574109149498826 0 1 0 2 3 2 0 1
0.0035021001857646283 0 1 0 2 3 2 3 1
0.0022390910744516873 0 1 1 0 0 1 1 0
0.002239091074451688 0 1 1 0 0 2 2 0
2.538412230496441 0 1 2 0 0 1 2 0
-0.007256158533842139 0 1 2 0 0 1 2 3
-2.538412230496441 0 1 2 0 0 2 1 0
0.007256158533842139 0 1 2 0 0 2 1 3
-1.513671572349296e-05 0 1 2 0 1 1 2 1
1.5136715723492939e-05 0 1 2 0 1 2 1 1
-1.5136715723492939e-05 0 1 2 0 2 1 2 2
1.513671572349296e-05 0 1 2 0 2 2 1 2
-0.029450849357310096 0 1 2 0 3 1 2 0
-0.0036936398706384557 0 1 2 0 3 1 2 3
0.029450849357310096 0 1 2 0 3 2 1 0
0.0036936398706384557 0 1 2 0 3 2 1 3
-0.007256158533842131 0 1 2 3 0 1 2 0
-0.004785289328303768 0 1 2 3 0 1 2 3
0.007256158533842131 0 1 2 3 0 2 1 0
0.004785289328303768 0 1 2 3 0 2 1 3
0.003977293631982336 0 1 2 3 1 1 2 1
-0.003977293631982336 0 1 2 3 1 2 1 1
0.003977293631982336 0 1 2 3 2 1 2 2
-0.003977293631982336 0 1 2 3 2 2 1 2
-0.00426832248899728 0 1 2 3 3 1 2 0
0.00426832248899728 0 1 2 3 3 2 1 0
0.00033399379346728194 0 1 3 1 1 1 3 0
0.00033399379346728194 0 1 3 1 2 2 3 0
-0.018032822048364802 0 1 3 2 0 1 0 2
-0.004644777557516561 0 1 3 2 0 1 3 2
0.018032822048364802 0 1 3 2 0 2 0 1
0.004644777557516561 0 1 3 2 0 2 3 1
0.0014816197177583762 0 1 3 2 1 2 0 0
0.0007311940158955309 0 1 3 2 1 2 0 3
-0.13547617607685986 0 1 3 2 1 2 3 0
0.003006341571190509 0 1 3 2 1 2 3 3
-0.0014816197177583762 0 1 3 2 2 1 0 0
-0.0007311940158955309 0 1 3 2 2 1 0 3
0.13547617607685986 0 1 3 2 2 1 3 0
-0.003006341571190509 0 1 3 2 2 1 3 3
-0.0038159967126621614 0 1 3 2 3 1 0 2
0.0038159967126621614 0 1 3 2 3 2 0 1
-1.6666378135233129 0 2 0 1 0 1 0 2
0.0180328220483648 0 2 0 1 0 1 3 2
1.6666378135233129 0 2 0 1 0 2 0 1
-0.0180328220483648 0 2 0 1 0 2 3 1
-0.0003816260147946262 0 2 0 1 1 2 0 0
-0.0014816197177583766 0 2 0 1 1 2 3 0
-0.0007311940158955309 0 2 0 1 1 2 3 3
0.0003816260147946262 0 2 0 1 2 1 0 0
0.0014816197177583766 0 2 0 1 2 1 3 0
0.0007311940158955309 0 2 0 1 2 1 3 3
0.019574109149498826 0 2 0 1 3 1 0 2
0.0035021001857646283 0 2 0 1 3 1 3 2
-0.019574109149498826 0 2 0 1 3 2 0 1
-0.0035021001857646283 0 2 0 1 3 2 3 1
0.0027138516177731557 0 2 0 2 0 1 0 1
0.0027138516177731557 0 2 0 2 0 2 0 2
-2.538412230496441 0 2 1 0 0 1 2 0
0.007256158533842139 0 2 1 0 0 1 2 3
2.538412230496441 0 2 1 0 0 2 1 0
-0.007256158533842139 0 2 1 0 0 2 1 3
1.513671572349296e-05 0 2 1 0 1 1 2 1
-1.5136715723492939e-05 0 2 1 0 1 2 1 1
1.5136715723492939e-05 0 2 1 0 2 1 2 2
-1.513671572349296e-05 0 2 1 0 2 2 1 2
0.029450849357310096 0 2 1 0 3 1 2 0
0.0036936398706384557 0 2 1 0 3 1 2 3
-0.029450849357310096 0 2 1 0 3 2 1 0
-0.0036936398706384557 0 2 1 0 3 2 1 3
0.007256158533842131 0 2 1 3 0 1 2 0
0.004785289328303768 0 2 1 3 0 1 2 3
-0.007256158533842131 0 2 1 3 0 2 1 0
-0.004785289328303768 0 2 1 3 0 2 1 3
-0.003977293631982336 0 2 1 3 1 1 2 1
0.003977293631982336 0 2 1 3 1 2 1 1
-0.003977293631982336 0 2 1 3 2 1 2 2
0.003977293631982336 0 2 1 3 2 2 1 2
0.00426832248899728 0 2 1 3 3 1 2 0
-0.00426832248899728 0 2 1 3 3 2 1 0
0.0022390910744516873 0 2 2 0 0 1 1 0
0.0022390910744516873 0 2 2 0 0 2 2 0
0.018032822048364802 0 2 3 1 0 1 0 2
0.004644777557516561 0 2 3 1 0 1 3 2
-0.018032822048364802 0 2 3 1 0 2 0 1
-0.004644777557516561 0 2 3 1 0 2 3 1
-0.0014816197177583762 0 2 3 1 1 2 0 0
-0.0007311940158955309 0 2 3 1 1 2 0 3
0.13547617607685986 0 2 3 1 1 2 3 0
-0.003006341571190509 0 2 3 1 1 2 3 3
0.0014816197177583762 0 2 3 1 2 1 0 0
0.0007311940158955309 0 2 3 1 2 1 0 3
-0.13547617607685986 0 2 3 1 2 1 3 0
0.003006341571190509 0 2 3 1 2 1 3 3
0.0038159967126621614 0 2 3 1 3 1 0 2
-0.0038159967126621614 0 2 3 1 3 2 0 1
0.0003339937934672819 0 2 3 2 1 1 3 0
0.00033399379346728194 0 2 3 2 2 2 3 0
-189.33445464195097 0 3 0 0 0 0 0 0
-29.990555175337718 0 3 0 0 0 0 0 3
-39.26111003768227 0 3 0 0 0 0 3 0
0.7736014517919361 0 3 0 0 0 0 3 3
-44.33793449867511 0 3 0 0 0 3 0 0
0.78811376885962 0 3 0 0 0 3 0 3
1.389588989291973 0 3 0 0 0 3 3 0
0.21572742032393655 0 3 0 0 0 3 3 3
-0.018028213666379612 0 3 0 0 1 0 3 1
-0.017997940234932633 0 3 0 0 1 3 0 1
-0.060927142275111965 0 3 0 0 1 3 3 1
-0.018028213666379612 0 3 0 0 2 0 3 2
-0.017997940234932633 0 3 0 0 2 3 0 2
-0.060927142275111965 0 3 0 0 2 3 3 2
-37.46132696579668 0 3 0 0 3 0 0 0
0.7396704994205868 0 3 0 0 3 0 0 3
1.323038144452857 0 3 0 0 3 0 3 0
0.18891016622572904 0 3 0 0 3 0 3 3
1.3819398431674763 0 3 0 0 3 3 0 0
0.19629744596700588 0 3 0 0 3 3 0 3
0.274120905349617 0 3 0 0 3 3 3 0
-28.32120351019663 0 3 0 3 0 0 0 0
0.5242331610026623 0 3 0 3 0 0 0 3
0.7736014517919358 0 3 0 3 0 0 3 0
0.17924186229063874 0 3 0 3 0 0 3 3
0.7881137688596198 0 3 0 3 0 3 0 0
0.1888124409472462 0 3 0 3 0 3 0 3
0.22037219788145315 0 3 0 3 0 3 3 0
-0.038620308681783316 0 3 0 3 1 0 0 1
-0.1810040367955957 0 3 0 3 1 0 3 1
-0.18895862405956043 0 3 0 3 1 3 0 1
4.887820644248609 0 3 0 3 1 3 3 1
-0.038620308681783316 0 3 0 3 2 0 0 2
-0.1810040367955957 0 3 0 3 2 0 3 2
-0.18895862405956043 0 3 0 3 2 3 0 2
4.887820644248609 0 3 0 3 2 3 3 2
0.7803364796219265 0 3 0 3 3 0 0 0
0.1685881822767785 0 3 0 3 3 0 0 3
0.20190410404178172 0 3 0 3 3 0 3 0
0.21044074901977622 0 3 0 3 3 3 0 0
0.0003339937934672827 0 3 1 1 1 3 1 0
0.0003339937934672827 0 3 1 1 2 3 2 0
-0.018032822048364785 0 3 1 2 0 0 1 2
0.018032822048364785 0 3 1 2 0 0 2 1
-0.004644777557516558 0 3 1 2 0 3 1 2
0.004644777557516558 0 3 1 2 0 3 2 1
0.001481619717758378 0 3 1 2 1 0 2 0
0.0007311940158955311 0 3 1 2 1 0 2 3
-0.1354761760768601 0 3 1 2 1 3 2 0
0.00300634157119051 0 3 1 2 1 3 2 3
-0.001481619717758378 0 3 1 2 2 0 1 0
-0.0007311940158955311 0 3 1 2 2 0 1 3
0.13547617607686013 0 3 1 2 2 3 1 0
-0.00300634157119051 0 3 1 2 2 3 1 3
-0.0038159967126621605 0 3 1 2 3 0 1 2
0.0038159967126621605 0 3 1 2 3 0 2 1
0.018032822048364785 0 3 2 1 0 0 1 2
-0.018032822048364785 0 3 2 1 0 0 2 1
0.004644777557516558 0 3 2 1 0 3 1 2
-0.004644777557516558 0 3 2 1 0 3 2 1
-0.001481619717758378 0 3 2 1 1 0 2 0
-0.0007311940158955311 0 3 2 1 1 0 2 3
0.1354761760768601 0 3 2 1 1 3 2 0
-0.00300634157119051 0 3 2 1 1 3 2 3
0.001481619717758378 0 3 2 1 2 0 1 0
0.0007311940158955311 0 3 2 1 2 0 1 3
-0.13547617607686013 0 3 2 1 2 3 1 0
0.00300634157119051 0 3 2 1 2 3 1 3
0.0038159967126621605 0 3 2 1 3 0 1 2
-0.0038159967126621605 0 3 2 1 3 0 2 1
0.0003339937934672827 0 3 2 2 1 3 1 0
0.0003339937934672827 0 3 2 2 2 3 2 0
-36.720458716111345 0 3 3 0 0 0 0 0
0.7843781153064588 0 3 3 0 0 0 0 3
1.3895889892919737 0 3 3 0 0 0 3 0
0.2203721978814532 0 3 3 0 0 0 3 3
1.389588989291973 0 3 3 0 0 3 0 0
0.22037219788145315 0 3 3 0 0 3 0 3
0.3115127904763484 0 3 3 0 0 3 3 0
-0.018774544397998638 0 3 3 0 1 0 0 1
-0.06393348384630247 0 3 3 0 1 0 3 1
-0.06393348384630249 0 3 3 0 1 3 0 1
-0.14177114829501922 0 3 3 0 1 3 3 1
-0.018774544397998638 0 3 3 0 2 0 0 2
-0.06393348384630247 0 3 3 0 2 0 3 2
-0.06393348384630249 0 3 3 0 2 3 0 2
-0.14177114829501922 0 3 3 0 2 3 3 2
1.3299558965305702 0 3 3 0 3 0 0 0
0.19493728925457401 0 3 3 0 3 0 0 3
0.2834884942544817 0 3 3 0 3 0 3 0
0.2834884942544816 0 3 3 0 3 3 0 0
0.7483124712097289 0 3 3 3 0 0 0 0
0.17445657296233497 0 3 3 3 0 0 0 3
0.2157274203239366 0 3 3 3 0 0 3 0
0.21572742032393658 0 3 3 3 0 3 0 0
-0.17850836288137176 0 3 3 3 1 0 0 1
5.023630814118932 0 3 3 3 1 0 3 1
5.023630814118934 0 3 3 3 1 3 0 1
27.532714966660905 0 3 3 3 1 3 3 1
-0.17850836288137176 0 3 3 3 2 0 0 2
5.023630814118932 0 3 3 3 2 0 3 2
5.023630814118935 0 3 3 3 2 3 0 2
27.532714966660905 0 3 3 3 2 3 3 2
0.19941065450004597 0 3 3 3 3 0 0 0
-0.039047745576002914 1 0 0 1 0 3 3 0
0.0021583947900869396 1 0 0 1 1 0 0 1
0.0021583947900869387 1 0 0 1 2 0 0 2
-0.03862030868178331 1 0 0 1 3 0 3 0
-0.038620308681783316 1 0 0 1 3 3 0 0
-0.17850836288137173 1 0 0 1 3 3 3 0
-0.018774544397998638 1 0 0 1 3 3 3 3
3.972739294660603 1 0 0 2 1 0 0 2
-0.060240089350838674 1 0 0 2 1 0 3 2
-0.060240089350838646 1 0 0 2 1 3 0 2
-0.012105358670796304 1 0 0 2 1 3 3 2
-3.9727392946606024 1 0 0 2 2 0 0 1
0.060240089350838674 1 0 0 2 2 0 3 1
0.060240089350838646 1 0 0 2 2 3 0 1
0.012105358670796304 1 0 0 2 2 3 3 1
0.00300445451909722 1 0 1 0 1 0 1 0
0.003004454519097219 1 0 1 0 2 0 2 0
-0.0007311940158955311 1 0 1 0 3 3 1 1
-0.0007311940158955311 1 0 1 0 3 3 2 2
-0.0013030540441196985 1 0 1 3 0 3 1 1
-0.0013030540441196985 1 0 1 3 0 3 2 2
-0.0003816260147946265 1 0 1 3 3 0 1 1
-0.0003816260147946265 1 0 1 3 3 0 2 2
-0.001481619717758377 1 0 1 3 3 3 1 1
-0.001481619717758377 1 0 1 3 3 3 2 2
3.364220024475098 1 0 2 0 1 0 2 0
-0.009834508279586903 1 0 2 0 1 0 2 3
-0.0363686014350231 1 0 2 0 1 3 2 0
-0.00559086965992372 1 0 2 0 1 3 2 3
-3.364220024475098 1 0 2 0 2 0 1 0
0.009834508279586903 1 0 2 0 2 0 1 3
0.0363686014350231 1 0 2 0 2 3 1 0
0.00559086965992372 1 0 2 0 2 3 1 3
-0.00983450827958689 1 0 2 3 1 0 2 0
-0.006513787268697026 1 0 2 3 1 0 2 3
-0.0059047661868212534 1 0 2 3 1 3 2 0
0.00983450827958689 1 0 2 3 2 0 1 0
0.006513787268697026 1 0 2 3 2 0 1 3
0.0059047661868212534 1 0 2 3 2 3 1 0
-0.04048804035376494 1 0 3 1 0 0 3 0
-0.038659141139177136 1 0 3 1 0 3 0 0
-0.19720410152045065 1 0 3 1 0 3 3 0
-0.016948660104569063 1 0 3 1 0 3 3 3
-0.03823868266698868 1 0 3 1 3 0 0 0
-0.1889586240595602 1 0 3 1 3 0 3 0
-0.01799794023493262 1 0 3 1 3 0 3 3
-0.18100403679559568 1 0 3 1 3 3 0 0
-0.018028213666379612 1 0 3 1 3 3 0 3
5.023630814118935 1 0 3 1 3 3 3 0
-0.0639334838463025 1 0 3 1 3 3 3 3
-0.06024008935083868 1 0 3 2 1 0 0 2
-0.014143303052770312 1 0 3 2 1 0 3 2
-0.01268004128915513 1 0 3 2 1 3 0 2
0.06024008935083868 1 0 3 2 2 0 0 1
0.014143303052770312 1 0 3 2 2 0 3 1
0.01268004128915513 1 0 3 2 2 3 0 1
0.003004454519097217 1 1 0 0 1 1 0 0
0.003004454519097218 1 1 0 0 2 2 0 0
-0.0007311940158955309 1 1 0 0 3 1 3 1
-0.0007311940158955309 1 1 0 0 3 2 3 2
-0.0013030540441196985 1 1 0 3 0 1 3 1
-0.0013030540441196985 1 1 0 3 0 2 3 2
-0.0003816260147946262 1 1 0 3 3 1 0 1
-0.0014816197177583766 1 1 0 3 3 1 3 1
-0.0003816260147946262 1 1 0 3 3 2 0 2
-0.0014816197177583766 1 1 0 3 3 2 3 2
0.0009144496072939121 1 1 2 1 0 1 2 0
-0.0009144496072939121 1 1 2 1 0 2 1 0
0.003977293631982336 1 1 2 1 3 1 2 0
-1.5136715723492939e-05 1 1 2 1 3 1 2 3
-0.003977293631982336 1 1 2 1 3 2 1 0
1.5136715723492939e-05 1 1 2 1 3 2 1 3
0.0008885791452563575 1 1 2 2 1 1 2 2
-0.0005746826183588242 1 1 2 2 1 2 1 2
-0.00031389652689753334 1 1 2 2 1 2 2 1
-0.00031389652689753334 1 1 2 2 2 1 1 2
-0.0005746826183588242 1 1 2 2 2 1 2 1
0.0008885791452563575 1 1 2 2 2 2 1 1
-0.0008765110532840227 1 1 3 0 0 1 3 1
-0.0008765110532840227 1 1 3 0 0 2 3 2
-0.0007311940158955309 1 1 3 0 3 1 0 1
-0.003006341571190509 1 1 3 0 3 1 3 1
-0.0007311940158955309 1 1 3 0 3 2 0 2
-0.003006341571190509 1 1 3 0 3 2 3 2
-0.0013030540441196985 1 1 3 3 0 1 0 1
-0.006863419532460257 1 1 3 3 0 1 3 1
-0.0013030540441196985 1 1 3 3 0 2 0 2
-0.006863419532460257 1 1 3 3 0 2 3 2
-0.0014816197177583762 1 1 3 3 3 1 0 1
0.13547617607685986 1 1 3 3 3 1 3 1
-0.0014816197177583762 1 1 3 3 3 2 0 2
0.13547617607685988 1 1 3 3 3 2 3 2
3.364220024475098 1 2 0 0 1 2 0 0
-0.009834508279586903 1 2 0 0 1 2 0 3
-0.03636860143502312 1 2 0 0 1 2 3 0
-0.005590869659923721 1 2 0 0 1 2 3 3
-3.364220024475098 1 2 0 0 2 1 0 0
0.009834508279586903 1 2 0 0 2 1 0 3
0.03636860143502312 1 2 0 0 2 1 3 0
0.005590869659923721 1 2 0 0 2 1 3 3
-0.00983450827958689 1 2 0 3 1 2 0 0
-0.006513787268697026 1 2 0 3 1 2 0 3
-0.005904766186821255 1 2 0 3 1 2 3 0
0.00983450827958689 1 2 0 3 2 1 0 0
0.006513787268697026 1 2 0 3 2 1 0 3
0.005904766186821255 1 2 0 3 2 1 3 0
-0.0009144496072939121 1 2 1 1 0 1 2 0
0.0009144496072939121 1 2 1 1 0 2 1 0
-0.003977293631982336 1 2 1 1 3 1 2 0
1.513671572349296e-05 1 2 1 1 3 1 2 3
0.003977293631982336 1 2 1 1 3 2 1 0
-1.513671572349296e-05 1 2 1 1 3 2 1 3
-0.0005746826183588242 1 2 1 2 1 1 2 2
0.0008885791452563575 1 2 1 2 1 2 1 2
-0.0003138965268975334 1 2 1 2 1 2 2 1
-0.0003138965268975334 1 2 1 2 2 1 1 2
0.0008885791452563575 1 2 1 2 2 1 2 1
-0.0005746826183588242 1 2 1 2 2 2 1 1
-0.00031389652689753334 1 2 2 1 1 1 2 2
-0.0003138965268975334 1 2 2 1 1 2 1 2
0.0006277930537950667 1 2 2 1 1 2 2 1
0.0006277930537950667 1 2 2 1 2 1 1 2
-0.0003138965268975334 1 2 2 1 2 1 2 1
-0.00031389652689753334 1 2 2 1 2 2 1 1
-0.03636860143502313 1 2 3 0 1 2 0 0
-0.005904766186821255 1 2 3 0 1 2 0 3
-0.009367588904864608 1 2 3 0 1 2 3 0
0.03636860143502313 1 2 3 0 2 1 0 0
0.005904766186821255 1 2 3 0 2 1 0 3
0.009367588904864608 1 2 3 0 2 1 3 0
-0.005590869659923721 1 2 3 3 1 2 0 0
0.005590869659923721 1 2 3 3 2 1 0 0
-0.00033399379346728204 1 2 3 3 3 1 3 2
0.00033399379346728204 1 2 3 3 3 2 3 1
-0.038659141139177136 1 3 0 1 0 0 3 0
-0.040488040353764965 1 3 0 1 0 3 0 0
-0.19720410152045076 1 3 0 1 0 3 3 0
-0.016948660104569066 1 3 0 1 0 3 3 3
-0.038238682666988696 1 3 0 1 3 0 0 0
-0.18100403679559574 1 3 0 1 3 0 3 0
-0.018028213666379612 1 3 0 1 3 0 3 3
-0.18895862405956043 1 3 0 1 3 3 0 0
-0.017997940234932633 1 3 0 1 3 3 0 3
5.0236308141189365 1 3 0 1 3 3 3 0
-0.06393348384630251 1 3 0 1 3 3 3 3
-0.06024008935083862 1 3 0 2 1 0 0 2
-0.01268004128915513 1 3 0 2 1 0 3 2
-0.014143303052770301 1 3 0 2 1 3 0 2
0.06024008935083862 1 3 0 2 2 0 0 1
0.01268004128915513 1 3 0 2 2 0 3 1
0.014143303052770301 1 3 0 2 2 3 0 1
-0.0008765110532840232 1 3 1 0 0 3 1 1
-0.0008765110532840232 1 3 1 0 0 3 2 2
-0.0007311940158955311 1 3 1 0 3 0 1 1
-0.0007311940158955311 1 3 1 0 3 0 2 2
-0.0030063415711905107 1 3 1 0 3 3 1 1
-0.0030063415711905107 1 3 1 0 3 3 2 2
-0.0013030540441196985 1 3 1 3 0 0 1 1
-0.0013030540441196985 1 3 1 3 0 0 2 2
-0.00686341953246026 1 3 1 3 0 3 1 1
-0.00686341953246026 1 3 1 3 0 3 2 2
-0.001481619717758378 1 3 1 3 3 0 1 1
-0.001481619717758378 1 3 1 3 3 0 2 2
0.1354761760768601 1 3 1 3 3 3 1 1
0.1354761760768601 1 3 1 3 3 3 2 2
-0.03636860143502308 1 3 2 0 1 0 2 0
-0.005904766186821254 1 3 2 0 1 0 2 3
-0.009367588904864601 1 3 2 0 1 3 2 0
0.03636860143502308 1 3 2 0 2 0 1 0
0.005904766186821254 1 3 2 0 2 0 1 3
0.009367588904864601 1 3 2 0 2 3 1 0
-0.00559086965992372 1 3 2 3 1 0 2 0
0.00559086965992372 1 3 2 3 2 0 1 0
-0.0003339937934672828 1 3 2 3 3 3 1 2
0.0003339937934672828 1 3 2 3 3 3 2 1
-0.03644163748776352 1 3 3 1 0 0 0 0
-0.19034068198799042 1 3 3 1 0 0 3 0
-0.016072149051285036 1 3 3 1 0 0 3 3
-0.19034068198799053 1 3 3 1 0 3 0 0
-0.01607214905128504 1 3 3 1 0 3 0 3
6.214611499415796 1 3 3 1 0 3 3 0
-0.04671459054639748 1 3 3 1 0 3 3 3
-0.175545123445855 1 3 3 1 3 0 0 0
-0.017312156366207573 1 3 3 1 3 0 0 3
4.887820644248608 1 3 3 1 3 0 3 0
-0.06092714227511198 1 3 3 1 3 0 3 3
4.887820644248609 1 3 3 1 3 3 0 0
-0.06092714227511199 1 3 3 1 3 3 0 3
27.53271496666091 1 3 3 1 3 3 3 0
-0.14177114829501933 1 3 3 1 3 3 3 3
-0.012105358670796304 1 3 3 2 1 0 0 2
0.012105358670796304 1 3 3 2 2 0 0 1
-3.9727392946606024 2 0 0 1 1 0 0 2
0.060240089350838674 2 0 0 1 1 0 3 2
0.060240089350838646 2 0 0 1 1 3 0 2
0.012105358670796304 2 0 0 1 1 3 3 2
3.9727392946606024 2 0 0 1 2 0 0 1
-0.060240089350838674 2 0 0 1 2 0 3 1
-0.060240089350838646 2 0 0 1 2 3 0 1
-0.012105358670796304 2 0 0 1 2 3 3 1
-0.039047745576002914 2 0 0 2 0 3 3 0
0.0021583947900869387 2 0 0 2 1 0 0 1
0.0021583947900869396 2 0 0 2 2 0 0 2
-0.03862030868178331 2 0 0 2 3 0 3 0
-0.038620308681783316 2 0 0 2 3 3 0 0
-0.17850836288137173 2 0 0 2 3 3 3 0
-0.018774544397998638 2 0 0 2 3 3 3 3
-3.364220024475098 2 0 1 0 1 0 2 0
0.009834508279586903 2 0 1 0 1 0 2 3
0.0363686014350231 2 0 1 0 1 3 2 0
0.00559086965992372 2 0 1 0 1 3 2 3
3.3642200244750984 2 0 1 0 2 0 1 0
-0.009834508279586903 2 0 1 0 2 0 1 3
-0.0363686014350231 2 0 1 0 2 3 1 0
-0.00559086965992372 2 0 1 0 2 3 1 3
0.00983450827958689 2 0 1 3 1 0 2 0
0.006513787268697026 2 0 1 3 1 0 2 3
0.0059047661868212534 2 0 1 3 1 3 2 0
-0.00983450827958689 2 0 1 3 2 0 1 0
-0.006513787268697026 2 0 1 3 2 0 1 3
-0.0059047661868212534 2 0 1 3 2 3 1 0
0.00300445451909722 2 0 2 0 1 0 1 0
0.003004454519097219 2 0 2 0 2 0 2 0
-0.0007311940158955311 2 0 2 0 3 3 1 1
-0.0007311940158955311 2 0 2 0 3 3 2 2
-0.0013030540441196985 2 0 2 3 0 3 1 1
-0.0013030540441196985 2 0 2 3 0 3 2 2
-0.0003816260147946265 2 0 2 3 3 0 1 1
-0.0003816260147946265 2 0 2 3 3 0 2 2
-0.001481619717758377 2 0 2 3 3 3 1 1
-0.001481619717758377 2 0 2 3 3 3 2 2
0.06024008935083868 2 0 3 1 1 0 0 2
0.014143303052770312 2 0 3 1 1 0 3 2
0.01268004128915513 2 0 3 1 1 3 0 2
-0.06024008935083868 2 0 3 1 2 0 0 1
-0.014143303052770312 2 0 3 1 2 0 3 1
-0.01268004128915513 2 0 3 1 2 3 0 1
-0.04048804035376494 2 0 3 2 0 0 3 0
-0.038659141139177136 2 0 3 2 0 3 0 0
-0.19720410152045065 2 0 3 2 0 3 3 0
-0.016948660104569063 2 0 3 2 0 3 3 3
-0.03823868266698868 2 0 3 2 3 0 0 0
-0.1889586240595602 2 0 3 2 3 0 3 0
-0.01799794023493262 2 0 3 2 3 0 3 3
-0.18100403679559568 2 0 3 2 3 3 0 0
-0.018028213666379612 2 0 3 2 3 3 0 3
5.023630814118935 2 0 3 2 3 3 3 0
-0.0639334838463025 2 0 3 2 3 3 3 3
-3.364220024475098 2 1 0 0 1 2 0 0
0.009834508279586903 2 1 0 0 1 2 0 3
0.03636860143502312 2 1 0 0 1 2 3 0
0.005590869659923721 2 1 0 0 1 2 3 3
3.364220024475098 2 1 0 0 2 1 0 0
-0.009834508279586903 2 1 0 0 2 1 0 3
-0.03636860143502312 2 1 0 0 2 1 3 0
-0.005590869659923721 2 1 0 0 2 1 3 3
0.00983450827958689 2 1 0 3 1 2 0 0
0.006513787268697026 2 1 0 3 1 2 0 3
0.005904766186821255 2 1 0 3 1 2 3 0
-0.00983450827958689 2 1 0 3 2 1 0 0
-0.006513787268697026 2 1 0 3 2 1 0 3
-0.005904766186821255 2 1 0 3 2 1 3 0
-0.00031389652689753334 2 1 1 2 1 1 2 2
-0.0003138965268975334 2 1 1 2 1 2 1 2
0.0006277930537950667 2 1 1 2 1 2 2 1
0.0006277930537950667 2 1 1 2 2 1 1 2
-0.0003138965268975334 2 1 1 2 2 1 2 1
-0.00031389652689753334 2 1 1 2 2 2 1 1
-0.0005746826183588242 2 1 2 1 1 1 2 2
0.0008885791452563575 2 1 2 1 1 2 1 2
-0.0003138965268975334 2 1 2 1 1 2 2 1
-0.0003138965268975334 2 1 2 1 2 1 1 2
0.0008885791452563575 2 1 2 1 2 1 2 1
-0.0005746826183588242 2 1 2 1 2 2 1 1
0.0009144496072939121 2 1 2 2 0 1 2 0
-0.0009144496072939121 2 1 2 2 0 2 1 0
0.003977293631982336 2 1 2 2 3 1 2 0
-1.513671572349296e-05 2 1 2 2 3 1 2 3
-0.003977293631982336 2 1 2 2 3 2 1 0
1.513671572349296e-05 2 1 2 2 3 2 1 3
0.03636860143502313 2 1 3 0 1 2 0 0
0.005904766186821255 2 1 3 0 1 2 0 3
0.009367588904864608 2 1 3 0 1 2 3 0
-0.03636860143502313 2 1 3 0 2 1 0 0
-0.005904766186821255 2 1 3 0 2 1 0 3
-0.009367588904864608 2 1 3 0 2 1 3 0
0.005590869659923721 2 1 3 3 1 2 0 0
-0.005590869659923721 2 1 3 3 2 1 0 0
0.00033399379346728194 2 1 3 3 3 1 3 2
-0.00033399379346728194 2 1 3 3 3 2 3 1
0.0030044545190972176 2 2 0 0 1 1 0 0
0.0030044545190972168 2 2 0 0 2 2 0 0
-0.0007311940158955309 2 2 0 0 3 1 3 1
-0.0007311940158955309 2 2 0 0 3 2 3 2
-0.0013030540441196985 2 2 0 3 0 1 3 1
-0.0013030540441196985 2 2 0 3 0 2 3 2
-0.0003816260147946262 2 2 0 3 3 1 0 1
-0.0014816197177583766 2 2 0 3 3 1 3 1
-0.0003816260147946262 2 2 0 3 3 2 0 2
-0.0014816197177583766 2 2 0 3 3 2 3 2
0.0008885791452563575 2 2 1 1 1 1 2 2
-0.0005746826183588242 2 2 1 1 1 2 1 2
-0.0003138965268975333 2 2 1 1 1 2 2 1
-0.0003138965268975333 2 2 1 1 2 1 1 2
-0.0005746826183588242 2 2 1 1 2 1 2 1
0.0008885791452563575 2 2 1 1 2 2 1 1
-0.0009144496072939121 2 2 1 2 0 1 2 0
0.0009144496072939121 2 2 1 2 0 2 1 0
-0.003977293631982336 2 2 1 2 3 1 2 0
1.5136715723492939e-05 2 2 1 2 3 1 2 3
0.003977293631982336 2 2 1 2 3 2 1 0
-1.5136715723492939e-05 2 2 1 2 3 2 1 3
-0.0008765110532840227 2 2 3 0 0 1 3 1
-0.0008765110532840227 2 2 3 0 0 2 3 2
-0.0007311940158955309 2 2 3 0 3 1 0 1
-0.003006341571190509 2 2 3 0 3 1 3 1
-0.0007311940158955309 2 2 3 0 3 2 0 2
-0.003006341571190509 2 2 3 0 3 2 3 2
-0.0013030540441196985 2 2 3 3 0 1 0 1
-0.006863419532460257 2 2 3 3 0 1 3 1
-0.0013030540441196985 2 2 3 3 0 2 0 2
-0.006863419532460257 2 2 3 3 0 2 3 2
-0.0014816197177583762 2 2 3 3 3 1 0 1
0.13547617607685986 2 2 3 3 3 1 3 1
-0.0014816197177583762 2 2 3 3 3 2 0 2
0.13547617607685988 2 2 3 3 3 2 3 2
0.06024008935083862 2 3 0 1 1 0 0 2
0.01268004128915513 2 3 0 1 1 0 3 2
0.014143303052770301 2 3 0 1 1 3 0 2
-0.06024008935083862 2 3 0 1 2 0 0 1
-0.01268004128915513 2 3 0 1 2 0 3 1
-0.014143303052770301 2 3 0 1 2 3 0 1
-0.038659141139177136 2 3 0 2 0 0 3 0
-0.040488040353764965 2 3 0 2 0 3 0 0
-0.19720410152045076 2 3 0 2 0 3 3 0
-0.016948660104569066 2 3 0 2 0 3 3 3
-0.038238682666988696 2 3 0 2 3 0 0 0
-0.18100403679559574 2 3 0 2 3 0 3 0
-0.018028213666379612 2 3 0 2 3 0 3 3
-0.18895862405956043 2 3 0 2 3 3 0 0
-0.017997940234932633 2 3 0 2 3 3 0 3
5.023630814118936 2 3 0 2 3 3 3 0
-0.06393348384630251 2 3 0 2 3 3 3 3
0.03636860143502308 2 3 1 0 1 0 2 0
0.005904766186821254 2 3 1 0 1 0 2 3
0.009367588904864601 2 3 1 0 1 3 2 0
-0.03636860143502308 2 3 1 0 2 0 1 0
-0.005904766186821254 2 3 1 0 2 0 1 3
-0.009367588904864601 2 3 1 0 2 3 1 0
0.00559086965992372 2 3 1 3 1 0 2 0
-0.00559086965992372 2 3 1 3 2 0 1 0
0.0003339937934672828 2 3 1 3 3 3 1 2
-0.0003339937934672828 2 3 1 3 3 3 2 1
-0.0008765110532840232 2 3 2 0 0 3 1 1
-0.0008765110532840232 2 3 2 0 0 3 2 2
-0.0007311940158955311 2 3 2 0 3 0 1 1
-0.0007311940158955311 2 3 2 0 3 0 2 2
-0.0030063415711905107 2 3 2 0 3 3 1 1
-0.0030063415711905107 2 3 2 0 3 3 2 2
-0.0013030540441196985 2 3 2 3 0 0 1 1
-0.0013030540441196985 2 3 2 3 0 0 2 2
-0.00686341953246026 2 3 2 3 0 3 1 1
-0.00686341953246026 2 3 2 3 0 3 2 2
-0.001481619717758378 2 3 2 3 3 0 1 1
-0.001481619717758378 2 3 2 3 3 0 2 2
0.13547617607686013 2 3 2 3 3 3 1 1
0.13547617607686013 2 3 2 3 3 3 2 2
0.012105358670796304 2 3 3 1 1 0 0 2
-0.012105358670796304 2 3 3 1 2 0 0 1
-0.03644163748776352 2 3 3 2 0 0 0 0
-0.19034068198799042 2 3 3 2 0 0 3 0
-0.016072149051285036 2 3 3 2 0 0 3 3
-0.19034068198799053 2 3 3 2 0 3 0 0
-0.01607214905128504 2 3 3 2 0 3 0 3
6.214611499415796 2 3 3 2 0 3 3 0
-0.04671459054639748 2 3 3 2 0 3 3 3
-0.175545123445855 2 3 3 2 3 0 0 0
-0.017312156366207573 2 3 3 2 3 0 0 3
4.887820644248608 2 3 3 2 3 0 3 0
-0.06092714227511198 2 3 3 2 3 0 3 3
4.887820644248609 2 3 3 2 3 3 0 0
-0.06092714227511199 2 3 3 2 3 3 0 3
27.53271496666091 2 3 3 2 3 3 3 0
-0.14177114829501933 2 3 3 2 3 3 3 3
-203.56322623236335 3 0 0 0 0 0 0 0
-28.873165495212277 3 0 0 0 0 0 0 3
-37.46132696579669 3 0 0 0 0 0 3 0
0.780336479621927 3 0 0 0 0 0 3 3
-37.461326965796665 3 0 0 0 0 3 0 0
0.7803364796219268 3 0 0 0 0 3 0 3
1.32995589653057 3 0 0 0 0 3 3 0
0.19941065450004597 3 0 0 0 0 3 3 3
-42.061959384077404 3 0 0 0 3 0 0 0
0.7569067972949869 3 0 0 0 3 0 0 3
1.3842731550805192 3 0 0 0 3 0 3 0
0.1912064346748632 3 0 0 0 3 0 3 3
1.3842731550805187 3 0 0 0 3 3 0 0
0.1912064346748631 3 0 0 0 3 3 0 3
0.2671533990655235 3 0 0 0 3 3 3 0
-24.898267805761574 3 0 0 3 0 0 0 0
0.5371115153673616 3 0 0 3 0 0 0 3
0.739670499420587 3 0 0 3 0 0 3 0
0.16858818227677855 3 0 0 3 0 0 3 3
0.7396704994205868 3 0 0 3 0 3 0 0
0.1685881822767785 3 0 0 3 0 3 0 3
0.19493728925457401 3 0 0 3 0 3 3 0
-0.03644163748776352 3 0 0 3 1 3 3 1
-0.03644163748776352 3 0 0 3 2 3 3 2
0.7569067972949867 3 0 0 3 3 0 0 0
0.17219540185670737 3 0 0 3 3 0 0 3
0.1962878042247035 3 0 0 3 3 0 3 0
0.1962878042247034 3 0 0 3 3 3 0 0
-0.019574109149498822 3 0 1 2 0 0 1 2
0.019574109149498822 3 0 1 2 0 0 2 1
-0.0038159967126621605 3 0 1 2 0 3 1 2
0.0038159967126621605 3 0 1 2 0 3 2 1
0.0013030540441196985 3 0 1 2 1 3 2 0
-0.0013030540441196985 3 0 1 2 2 3 1 0
-0.0050813695498402745 3 0 1 2 3 0 1 2
0.0050813695498402745 3 0 1 2 3 0 2 1
0.019574109149498822 3 0 2 1 0 0 1 2
-0.019574109149498822 3 0 2 1 0 0 2 1
0.0038159967126621605 3 0 2 1 0 3 1 2
-0.0038159967126621605 3 0 2 1 0 3 2 1
-0.0013030540441196985 3 0 2 1 1 3 2 0
0.0013030540441196985 3 0 2 1 2 3 1 0
0.0050813695498402745 3 0 2 1 3 0 1 2
-0.0050813695498402745 3 0 2 1 3 0 2 1
-34.09410248680247 3 0 3 0 0 0 0 0
0.7900760804918391 3 0 3 0 0 0 0 3
1.3819398431674776 3 0 3 0 0 0 3 0
0.2104407490197763 3 0 3 0 0 0 3 3
1.3230381444528572 3 0 3 0 0 3 0 0
0.20190410404178172 3 0 3 0 0 3 0 3
0.2834884942544817 3 0 3 0 0 3 3 0
-0.016072149051285036 3 0 3 0 1 3 3 1
-0.016072149051285036 3 0 3 0 2 3 3 2
1.3842731550805194 3 0 3 0 3 0 0 0
0.1962878042247035 3 0 3 0 3 0 0 3
0.2883152435241764 3 0 3 0 3 0 3 0
0.2742073472184078 3 0 3 0 3 3 0 0
0.7102618819915013 3 0 3 3 0 0 0 0
0.16207439500808155 3 0 3 3 0 0 0 3
0.196297445967006 3 0 3 3 0 0 3 0
0.18891016622572904 3 0 3 3 0 3 0 0
-0.04048804035376493 3 0 3 3 1 0 3 1
-0.03865914113917713 3 0 3 3 1 3 0 1
-0.19034068198799037 3 0 3 3 1 3 3 1
-0.04048804035376493 3 0 3 3 2 0 3 2
-0.03865914113917713 3 0 3 3 2 3 0 2
-0.19034068198799037 3 0 3 3 2 3 3 2
0.1912064346748632 3 0 3 3 3 0 0 0
-0.01957410914949882 3 1 0 2 0 1 0 2
-0.0038159967126621614 3 1 0 2 0 1 3 2
0.01957410914949882 3 1 0 2 0 2 0 1
0.0038159967126621614 3 1 0 2 0 2 3 1
0.0013030540441196985 3 1 0 2 1 2 3 0
-0.0013030540441196985 3 1 0 2 2 1 3 0
-0.0050813695498402745 3 1 0 2 3 1 0 2
0.0050813695498402745 3 1 0 2 3 2 0 1
-0.029450849357310085 3 1 2 0 0 1 2 0
-0.00426832248899728 3 1 2 0 0 1 2 3
0.029450849357310085 3 1 2 0 0 2 1 0
0.00426832248899728 3 1 2 0 0 2 1 3
-0.007053948152884267 3 1 2 0 3 1 2 0
0.007053948152884267 3 1 2 0 3 2 1 0
-0.0036936398706384557 3 1 2 3 0 1 2 0
0.0036936398706384557 3 1 2 3 0 2 1 0
0.0009144496072939121 3 1 2 3 1 1 2 1
-0.0009144496072939121 3 1 2 3 1 2 1 1
0.0009144496072939121 3 1 2 3 2 1 2 2
-0.0009144496072939121 3 1 2 3 2 2 1 2
-0.003502100185764628 3 1 3 2 0 1 0 2
0.003502100185764628 3 1 3 2 0 2 0 1
0.0013030540441196985 3 1 3 2 1 2 0 0
0.006863419532460257 3 1 3 2 1 2 3 0
0.0008765110532840226 3 1 3 2 1 2 3 3
-0.0013030540441196985 3 1 3 2 2 1 0 0
-0.006863419532460257 3 1 3 2 2 1 3 0
-0.0008765110532840226 3 1 3 2 2 1 3 3
0.01957410914949882 3 2 0 1 0 1 0 2
0.0038159967126621614 3 2 0 1 0 1 3 2
-0.01957410914949882 3 2 0 1 0 2 0 1
-0.0038159967126621614 3 2 0 1 0 2 3 1
-0.0013030540441196985 3 2 0 1 1 2 3 0
0.0013030540441196985 3 2 0 1 2 1 3 0
0.0050813695498402745 3 2 0 1 3 1 0 2
-0.0050813695498402745 3 2 0 1 3 2 0 1
0.029450849357310085 3 2 1 0 0 1 2 0
0.00426832248899728 3 2 1 0 0 1 2 3
-0.029450849357310085 3 2 1 0 0 2 1 0
-0.00426832248899728 3 2 1 0 0 2 1 3
0.007053948152884267 3 2 1 0 3 1 2 0
-0.007053948152884267 3 2 1 0 3 2 1 0
0.0036936398706384557 3 2 1 3 0 1 2 0
-0.0036936398706384557 3 2 1 3 0 2 1 0
-0.0009144496072939121 3 2 1 3 1 1 2 1
0.0009144496072939121 3 2 1 3 1 2 1 1
-0.0009144496072939121 3 2 1 3 2 1 2 2
0.0009144496072939121 3 2 1 3 2 2 1 2
0.003502100185764628 3 2 3 1 0 1 0 2
-0.003502100185764628 3 2 3 1 0 2 0 1
-0.0013030540441196985 3 2 3 1 1 2 0 0
-0.006863419532460257 3 2 3 1 1 2 3 0
-0.0008765110532840226 3 2 3 1 1 2 3 3
0.0013030540441196985 3 2 3 1 2 1 0 0
0.006863419532460257 3 2 3 1 2 1 3 0
0.0008765110532840226 3 2 3 1 2 1 3 3
-34.094102486802456 3 3 0 0 0 0 0 0
0.7900760804918386 3 3 0 0 0 0 0 3
1.3230381444528567 3 3 0 0 0 0 3 0
0.20190410404178172 3 3 0 0 0 0 3 3
1.381939843167476 3 3 0 0 0 3 0 0
0.21044074901977622 3 3 0 0 0 3 0 3
0.2834884942544816 3 3 0 0 0 3 3 0
-0.01607214905128504 3 3 0 0 1 3 3 1
-0.01607214905128504 3 3 0 0 2 3 3 2
1.3842731550805183 3 3 0 0 3 0 0 0
0.1962878042247034 3 3 0 0 3 0 0 3
0.2742073472184078 3 3 0 0 3 0 3 0
0.28831524352417615 3 3 0 0 3 3 0 0
0.7102618819915009 3 3 0 3 0 0 0 0
0.16207439500808146 3 3 0 3 0 0 0 3
0.188910166225729 3 3 0 3 0 0 3 0
0.19629744596700588 3 3 0 3 0 3 0 0
-0.038659141139177136 3 3 0 3 1 0 3 1
-0.040488040353764965 3 3 0 3 1 3 0 1
-0.19034068198799048 3 3 0 3 1 3 3 1
-0.038659141139177136 3 3 0 3 2 0 3 2
-0.040488040353764965 3 3 0 3 2 3 0 2
-0.19034068198799048 3 3 0 3 2 3 3 2
0.1912064346748631 3 3 0 3 3 0 0 0
-0.003502100185764627 3 3 1 2 0 0 1 2
0.003502100185764627 3 3 1 2 0 0 2 1
0.0013030540441196987 3 3 1 2 1 0 2 0
0.006863419532460261 3 3 1 2 1 3 2 0
0.0008765110532840232 3 3 1 2 1 3 2 3
-0.0013030540441196987 3 3 1 2 2 0 1 0
-0.006863419532460261 3 3 1 2 2 3 1 0
-0.0008765110532840232 3 3 1 2 2 3 1 3
0.003502100185764627 3 3 2 1 0 0 1 2
-0.003502100185764627 3 3 2 1 0 0 2 1
-0.0013030540441196987 3 3 2 1 1 0 2 0
-0.006863419532460261 3 3 2 1 1 3 2 0
-0.0008765110532840232 3 3 2 1 1 3 2 3
0.0013030540441196987 3 3 2 1 2 0 1 0
0.006863419532460261 3 3 2 1 2 3 1 0
0.0008765110532840232 3 3 2 1 2 3 1 3
1.2572186936605236 3 3 3 0 0 0 0 0
0.19523311555172781 3 3 3 0 0 0 0 3
0.2741209053496171 3 3 3 0 0 0 3 0
0.274120905349617 3 3 3 0 0 3 0 0
-0.01694866010456906 3 3 3 0 1 0 3 1
-0.016948660104569066 3 3 3 0 1 3 0 1
-0.046714590546397455 3 3 3 0 1 3 3 1
-0.01694866010456906 3 3 3 0 2 0 3 2
-0.016948660104569066 3 3 3 0 2 3 0 2
-0.046714590546397455 3 3 3 0 2 3 3 2
0.2671533990655235 3 3 3 0 3 0 0 0
0.17612355650940226 3 3 3 3 0 0 0 0
-0.039047745576002914 3 3 3 3 1 0 0 1
-0.19720410152045068 3 3 3 3 1 0 3 1
-0.19720410152045076 3 3 3 3 1 3 0 1
6.214611499415796 3 3 3 3 1 3 3 1
-0.039047745576002914 3 3 3 3 2 0 0 2
-0.19720410152045068 3 3 3 3 2 0 3 2
-0.19720410152045076 3 3 3 3 2 3 0 2
6.214611499415796 3 3 3 3 2 3 3 2
