9155.924745748405 0 0 0 0 0 0 0 0
-107.30717768798493 0 0 0 0 0 0 0 3
1.2974283722832518 0 0 0 0 0 0 1 1
1.2974283722832518 0 0 0 0 0 0 2 2
-124.42174674356863 0 0 0 0 0 0 3 0
-12.269129794391771 0 0 0 0 0 0 3 3
-175.18810000247223 0 0 0 0 0 3 0 0
-24.211382548883282 0 0 0 0 0 3 0 3
-0.18588356013296978 0 0 0 0 0 3 1 1
-0.18588356013296978 0 0 0 0 0 3 2 2
-25.373662129359076 0 0 0 0 0 3 3 0
0.3721807307916158 0 0 0 0 0 3 3 3
-175.18810000247242 0 0 0 0 3 0 0 0
-24.211382548883293 0 0 0 0 3 0 0 3
-0.18588356013296986 0 0 0 0 3 0 1 1
-0.18588356013296986 0 0 0 0 3 0 2 2
-25.373662129359083 0 0 0 0 3 0 3 0
0.37218073079161607 0 0 0 0 3 0 3 3
-37.849957178351616 0 0 0 0 3 3 0 0
0.7330892758444943 0 0 0 0 3 3 0 3
-0.04416345770000807 0 0 0 0 3 3 1 1
-0.04416345770000807 0 0 0 0 3 3 2 2
0.7965800581561947 0 0 0 0 3 3 3 0
0.08280550390878072 0 0 0 0 3 3 3 3
-107.30717768798495 0 0 0 3 0 0 0 0
-27.212769852346504 0 0 0 3 0 0 0 3
58.85100562164699 0 0 0 3 0 0 1 1
58.85100562164699 0 0 0 3 0 0 2 2
-26.7030717219113 0 0 0 3 0 0 3 0
0.4233826867978968 0 0 0 3 0 0 3 3
-25.47336048430429 0 0 0 3 0 3 0 0
0.5831315840377898 0 0 0 3 0 3 0 3
13.072914916760167 0 0 0 3 0 3 1 1
13.072914916760167 0 0 0 3 0 3 2 2
0.6123822175150393 0 0 0 3 0 3 3 0
0.09628086460893742 0 0 0 3 0 3 3 3
-25.47336048430429 0 0 0 3 3 0 0 0
0.5831315840377902 0 0 0 3 3 0 0 3
13.07291491676017 0 0 0 3 3 0 1 1
13.072914916760169 0 0 0 3 3 0 2 2
0.6123822175150395 0 0 0 3 3 0 3 0
0.09628086460893745 0 0 0 3 3 0 3 3
0.7574241828482151 0 0 0 3 3 3 0 0
0.13620389856578774 0 0 0 3 3 3 0 3
-0.3970162316113739 0 0 0 3 3 3 1 1
-0.3970162316113739 0 0 0 3 3 3 2 2
0.1392587234666087 0 0 0 3 3 3 3 0
3.0993372645071147 0 0 1 1 0 0 0 0
0.019710332425553756 0 0 1 1 0 0 0 3
0.000168511741095939 0 0 1 1 0 0 1 1
0.000168511741095939 0 0 1 1 0 0 2 2
58.851005621646976 0 0 1 1 0 0 3 0
1.2974283722832516 0 0 1 1 0 0 3 3
-0.22582334928478046 0 0 1 1 0 3 0 0
0.003804662237662588 0 0 1 1 0 3 0 3
14.346806584403007 0 0 1 1 0 3 3 0
-0.18933541297330064 0 0 1 1 0 3 3 3
-0.22582334928478054 0 0 1 1 3 0 0 0
0.0038046622376625957 0 0 1 1 3 0 0 3
14.346806584403009 0 0 1 1 3 0 3 0
-0.18933541297330075 0 0 1 1 3 0 3 3
-0.05208079589578622 0 0 1 1 3 3 0 0
-0.4215804423803136 0 0 1 1 3 3 3 0
-0.04581352491320978 0 0 1 1 3 3 3 3
14.433773415778436 0 0 1 2 0 0 1 2
-14.433773415778436 0 0 1 2 0 0 2 1
-0.2356805678057417 0 0 1 2 0 3 1 2
0.2356805678057417 0 0 1 2 0 3 2 1
-0.23568056780574187 0 0 1 2 3 0 1 2
0.23568056780574187 0 0 1 2 3 0 2 1
-0.05467009829848084 0 0 1 2 3 3 1 2
0.05467009829848084 0 0 1 2 3 3 2 1
-14.433773415778438 0 0 2 1 0 0 1 2
14.433773415778438 0 0 2 1 0 0 2 1
0.2356805678057417 0 0 2 1 0 3 1 2
-0.2356805678057417 0 0 2 1 0 3 2 1
0.23568056780574187 0 0 2 1 3 0 1 2
-0.23568056780574187 0 0 2 1 3 0 2 1
0.05467009829848084 0 0 2 1 3 3 1 2
-0.05467009829848084 0 0 2 1 3 3 2 1
3.0993372645071147 0 0 2 2 0 0 0 0
0.019710332425553756 0 0 2 2 0 0 0 3
0.000168511741095939 0 0 2 2 0 0 1 1
0.000168511741095939 0 0 2 2 0 0 2 2
58.85100562164698 0 0 2 2 0 0 3 0
1.2974283722832516 0 0 2 2 0 0 3 3
-0.22582334928478046 0 0 2 2 0 3 0 0
0.003804662237662588 0 0 2 2 0 3 0 3
14.34680658440301 0 0 2 2 0 3 3 0
-0.18933541297330064 0 0 2 2 0 3 3 3
-0.22582334928478054 0 0 2 2 3 0 0 0
0.0038046622376625974 0 0 2 2 3 0 0 3
14.34680658440301 0 0 2 2 3 0 3 0
-0.18933541297330075 0 0 2 2 3 0 3 3
-0.05208079589578622 0 0 2 2 3 3 0 0
-0.4215804423803136 0 0 2 2 3 3 3 0
-0.04581352491320978 0 0 2 2 3 3 3 3
-124.42174674356859 0 0 3 0 0 0 0 0
-26.7030717219113 0 0 3 0 0 0 0 3
0.019710332425553756 0 0 3 0 0 0 1 1
0.019710332425553756 0 0 3 0 0 0 2 2
-26.610539207983212 0 0 3 0 0 0 3 0
0.42093522197971656 0 0 3 0 0 0 3 3
-26.737999675738394 0 0 3 0 0 3 0 0
0.611809517706044 0 0 3 0 0 3 0 3
0.00635918235664219 0 0 3 0 0 3 1 1
0.00635918235664219 0 0 3 0 0 3 2 2
0.6478667460726615 0 0 3 0 0 3 3 0
0.09396544809417742 0 0 3 0 0 3 3 3
-26.737999675738404 0 0 3 0 3 0 0 0
0.6118095177060443 0 0 3 0 3 0 0 3
0.006359182356642188 0 0 3 0 3 0 1 1
0.006359182356642188 0 0 3 0 3 0 2 2
0.6478667460726619 0 0 3 0 3 0 3 0
0.09396544809417748 0 0 3 0 3 0 3 3
0.8228880003025657 0 0 3 0 3 3 0 0
0.13935918626786367 0 0 3 0 3 3 0 3
0.14357171010982614 0 0 3 0 3 3 3 0
-12.26912979439177 0 0 3 3 0 0 0 0
0.42338268679789676 0 0 3 3 0 0 0 3
3.0993372645071147 0 0 3 3 0 0 1 1
3.0993372645071147 0 0 3 3 0 0 2 2
0.42093522197971656 0 0 3 3 0 0 3 0
0.11553695716913327 0 0 3 3 0 0 3 3
0.3806498688179839 0 0 3 3 0 3 0 0
0.09912647398510901 0 0 3 3 0 3 0 3
-0.22151352950118036 0 0 3 3 0 3 1 1
-0.22151352950118036 0 0 3 3 0 3 2 2
0.09645385696360696 0 0 3 3 0 3 3 0
0.3806498688179841 0 0 3 3 3 0 0 0
0.09912647398510904 0 0 3 3 3 0 0 3
-0.22151352950118042 0 0 3 3 3 0 1 1
-0.22151352950118042 0 0 3 3 3 0 2 2
0.096453856963607 0 0 3 3 3 0 3 0
0.0864829172421603 0 0 3 3 3 3 0 0
-0.050398353330798874 0 0 3 3 3 3 1 1
-0.050398353330798874 0 0 3 3 3 3 2 2
0.0009380396552772653 0 1 0 1 0 1 0 1
1.2730561325574432 0 1 0 1 0 1 1 0
-0.00345185284033089 0 1 0 1 0 1 1 3
0.0009380396552772653 0 1 0 1 0 2 0 2
1.2730561325574432 0 1 0 1 0 2 2 0
-0.00345185284033089 0 1 0 1 0 2 2 3
-0.012282105384469852 0 1 0 1 3 1 1 0
-0.0008250336066008568 0 1 0 1 3 1 1 3
-0.012282105384469852 0 1 0 1 3 2 2 0
-0.0008250336066008568 0 1 0 1 3 2 2 3
1.2610398957657336 0 1 0 2 0 1 0 2
0.0008355350853996847 0 1 0 2 0 1 2 0
-0.004520918917681733 0 1 0 2 0 1 3 2
-1.2610398957657338 0 1 0 2 0 2 0 1
-0.0008355350853996847 0 1 0 2 0 2 1 0
0.004520918917681733 0 1 0 2 0 2 3 1
-0.01216745350186039 0 1 0 2 3 1 0 2
-0.0008915606296735613 0 1 0 2 3 1 3 2
0.01216745350186039 0 1 0 2 3 2 0 1
0.0008915606296735613 0 1 0 2 3 2 3 1
0.0010104531226958428 0 1 1 0 0 1 1 0
0.0010104531226958428 0 1 1 0 0 2 2 0
0.0008355350853996847 0 1 1 3 0 1 3 1
0.0008355350853996847 0 1 1 3 0 2 3 2
-0.002554520118979594 0 1 2 0 0 1 0 2
1.3633270932566226 0 1 2 0 0 1 2 0
-0.003948219108686342 0 1 2 0 0 1 2 3
-0.00345185284033089 0 1 2 0 0 1 3 2
0.002554520118979594 0 1 2 0 0 2 0 1
-1.3633270932566226 0 1 2 0 0 2 1 0
0.003948219108686342 0 1 2 0 0 2 1 3
0.00345185284033089 0 1 2 0 0 2 3 1
-0.013153971073185423 0 1 2 0 3 1 2 0
-0.0009417920303010547 0 1 2 0 3 1 2 3
-0.0008250336066008563 0 1 2 0 3 1 3 2
0.013153971073185423 0 1 2 0 3 2 1 0
0.0009417920303010547 0 1 2 0 3 2 1 3
0.0008250336066008563 0 1 2 0 3 2 3 1
-0.004309819783600132 0 1 2 3 0 1 0 2
-0.003948219108686342 0 1 2 3 0 1 2 0
-0.002845609376171582 0 1 2 3 0 1 2 3
1.2730561325574432 0 1 2 3 0 1 3 2
0.004309819783600132 0 1 2 3 0 2 0 1
0.003948219108686342 0 1 2 3 0 2 1 0
0.002845609376171582 0 1 2 3 0 2 1 3
-1.2730561325574432 0 1 2 3 0 2 3 1
-0.0008412212824936713 0 1 2 3 3 1 0 2
-0.0009471460370162291 0 1 2 3 3 1 2 0
-0.012282105384469852 0 1 2 3 3 1 3 2
0.0008412212824936713 0 1 2 3 3 2 0 1
0.0009471460370162291 0 1 2 3 3 2 1 0
0.012282105384469852 0 1 2 3 3 2 3 1
-0.004309819783600132 0 1 3 1 0 1 1 0
-0.0025545201189795938 0 1 3 1 0 1 1 3
-0.004309819783600132 0 1 3 1 0 2 2 0
-0.0025545201189795938 0 1 3 1 0 2 2 3
-0.0008412212824936715 0 1 3 1 3 1 1 0
-0.0008412212824936715 0 1 3 1 3 2 2 0
-0.004520918917681733 0 1 3 2 0 1 0 2
-0.0024884088694295476 0 1 3 2 0 1 3 2
0.004520918917681733 0 1 3 2 0 2 0 1
0.0024884088694295476 0 1 3 2 0 2 3 1
-0.0008969146363887362 0 1 3 2 3 1 0 2
0.0008969146363887362 0 1 3 2 3 2 0 1
-1.2610398957657338 0 2 0 1 0 1 0 2
-0.0008355350853996849 0 2 0 1 0 1 2 0
0.004520918917681733 0 2 0 1 0 1 3 2
1.2610398957657338 0 2 0 1 0 2 0 1
0.0008355350853996847 0 2 0 1 0 2 1 0
-0.004520918917681733 0 2 0 1 0 2 3 1
0.01216745350186039 0 2 0 1 3 1 0 2
0.0008915606296735613 0 2 0 1 3 1 3 2
-0.01216745350186039 0 2 0 1 3 2 0 1
-0.0008915606296735613 0 2 0 1 3 2 3 1
0.0009380396552772651 0 2 0 2 0 1 0 1
1.2730561325574432 0 2 0 2 0 1 1 0
-0.00345185284033089 0 2 0 2 0 1 1 3
0.0009380396552772651 0 2 0 2 0 2 0 2
1.2730561325574432 0 2 0 2 0 2 2 0
-0.00345185284033089 0 2 0 2 0 2 2 3
-0.012282105384469852 0 2 0 2 3 1 1 0
-0.0008250336066008568 0 2 0 2 3 1 1 3
-0.012282105384469852 0 2 0 2 3 2 2 0
-0.0008250336066008568 0 2 0 2 3 2 2 3
0.002554520118979594 0 2 1 0 0 1 0 2
-1.3633270932566226 0 2 1 0 0 1 2 0
0.003948219108686342 0 2 1 0 0 1 2 3
0.00345185284033089 0 2 1 0 0 1 3 2
-0.002554520118979594 0 2 1 0 0 2 0 1
1.3633270932566226 0 2 1 0 0 2 1 0
-0.003948219108686342 0 2 1 0 0 2 1 3
-0.00345185284033089 0 2 1 0 0 2 3 1
0.013153971073185423 0 2 1 0 3 1 2 0
0.0009417920303010547 0 2 1 0 3 1 2 3
0.0008250336066008563 0 2 1 0 3 1 3 2
-0.013153971073185423 0 2 1 0 3 2 1 0
-0.0009417920303010547 0 2 1 0 3 2 1 3
-0.0008250336066008563 0 2 1 0 3 2 3 1
0.004309819783600132 0 2 1 3 0 1 0 2
0.003948219108686342 0 2 1 3 0 1 2 0
0.002845609376171582 0 2 1 3 0 1 2 3
-1.2730561325574432 0 2 1 3 0 1 3 2
-0.004309819783600132 0 2 1 3 0 2 0 1
-0.003948219108686342 0 2 1 3 0 2 1 0
-0.002845609376171582 0 2 1 3 0 2 1 3
1.2730561325574432 0 2 1 3 0 2 3 1
0.0008412212824936713 0 2 1 3 3 1 0 2
0.0009471460370162291 0 2 1 3 3 1 2 0
0.012282105384469852 0 2 1 3 3 1 3 2
-0.0008412212824936713 0 2 1 3 3 2 0 1
-0.0009471460370162291 0 2 1 3 3 2 1 0
-0.012282105384469852 0 2 1 3 3 2 3 1
0.0010104531226958428 0 2 2 0 0 1 1 0
0.0010104531226958428 0 2 2 0 0 2 2 0
0.0008355350853996845 0 2 2 3 0 1 3 1
0.0008355350853996849 0 2 2 3 0 2 3 2
0.004520918917681733 0 2 3 1 0 1 0 2
0.0024884088694295476 0 2 3 1 0 1 3 2
-0.004520918917681733 0 2 3 1 0 2 0 1
-0.0024884088694295476 0 2 3 1 0 2 3 1
0.0008969146363887362 0 2 3 1 3 1 0 2
-0.0008969146363887362 0 2 3 1 3 2 0 1
-0.004309819783600132 0 2 3 2 0 1 1 0
-0.0025545201189795938 0 2 3 2 0 1 1 3
-0.004309819783600132 0 2 3 2 0 2 2 0
-0.0025545201189795938 0 2 3 2 0 2 2 3
-0.0008412212824936715 0 2 3 2 3 1 1 0
-0.0008412212824936715 0 2 3 2 3 2 2 0
-175.18810000247214 0 3 0 0 0 0 0 0
-25.473360484304294 0 3 0 0 0 0 0 3
-0.18933541297330064 0 3 0 0 0 0 1 1
-0.18933541297330064 0 3 0 0 0 0 2 2
-26.737999675738394 0 3 0 0 0 0 3 0
0.3806498688179839 0 3 0 0 0 0 3 3
-45.600539618918745 0 3 0 0 0 3 0 0
0.7911182743654518 0 3 0 0 0 3 0 3
-0.0459807911218269 0 3 0 0 0 3 1 1
-0.0459807911218269 0 3 0 0 0 3 2 2
0.8628328491294504 0 3 0 0 0 3 3 0
0.09011854631217592 0 3 0 0 0 3 3 3
-40.43469002230105 0 3 0 0 3 0 0 0
0.7605439110193872 0 3 0 0 3 0 0 3
-0.045319257911681586 0 3 0 0 3 0 1 1
-0.045319257911681586 0 3 0 0 3 0 2 2
0.8274336358627371 0 3 0 0 3 0 3 0
0.08646541981656221 0 3 0 0 3 0 3 3
1.2623278039202512 0 3 0 0 3 3 0 0
0.18468804605959263 0 3 0 0 3 3 0 3
0.19445093596842772 0 3 0 0 3 3 3 0
-24.211382548883282 0 3 0 3 0 0 0 0
0.5831315840377898 0 3 0 3 0 0 0 3
14.346806584403009 0 3 0 3 0 0 1 1
14.34680658440301 0 3 0 3 0 0 2 2
0.6118095177060439 0 3 0 3 0 0 3 0
0.09912647398510904 0 3 0 3 0 0 3 3
0.7911182743654519 0 3 0 3 0 3 0 0
0.14828758199888506 0 3 0 3 0 3 0 3
-0.4343824762147779 0 3 0 3 0 3 1 1
-0.4343824762147779 0 3 0 3 0 3 2 2
0.15123450319936116 0 3 0 3 0 3 3 0
0.7605439110193871 0 3 0 3 3 0 0 0
0.14023179304348685 0 3 0 3 3 0 0 3
-0.4176597167354885 0 3 0 3 3 0 1 1
-0.4176597167354885 0 3 0 3 3 0 2 2
0.1432877069824213 0 3 0 3 3 0 3 0
0.18813801459735222 0 3 0 3 3 3 0 0
-0.10083417898307837 0 3 0 3 3 3 1 1
-0.10083417898307837 0 3 0 3 3 3 2 2
-0.2215135295011803 0 3 1 1 0 0 0 0
0.006359182356642188 0 3 1 1 0 0 0 3
13.07291491676017 0 3 1 1 0 0 3 0
-0.1858835601329698 0 3 1 1 0 0 3 3
-0.05303697245505081 0 3 1 1 0 3 0 0
-0.43438247621477794 0 3 1 1 0 3 3 0
-0.0459807911218269 0 3 1 1 0 3 3 3
-0.05183870722721198 0 3 1 1 3 0 0 0
-0.4176597167354884 0 3 1 1 3 0 3 0
-0.045319257911681586 0 3 1 1 3 0 3 3
-0.10431665599828867 0 3 1 1 3 3 3 0
-0.23568056780574168 0 3 1 2 0 0 1 2
0.23568056780574168 0 3 1 2 0 0 2 1
-0.06111595688718522 0 3 1 2 0 3 1 2
0.06111595688718522 0 3 1 2 0 3 2 1
-0.05681693315914391 0 3 1 2 3 0 1 2
0.05681693315914391 0 3 1 2 3 0 2 1
0.2356805678057417 0 3 2 1 0 0 1 2
-0.2356805678057417 0 3 2 1 0 0 2 1
0.06111595688718522 0 3 2 1 0 3 1 2
-0.06111595688718522 0 3 2 1 0 3 2 1
0.056816933159143906 0 3 2 1 3 0 1 2
-0.056816933159143906 0 3 2 1 3 0 2 1
-0.2215135295011803 0 3 2 2 0 0 0 0
0.006359182356642188 0 3 2 2 0 0 0 3
13.072914916760169 0 3 2 2 0 0 3 0
-0.1858835601329698 0 3 2 2 0 0 3 3
-0.05303697245505081 0 3 2 2 0 3 0 0
-0.43438247621477794 0 3 2 2 0 3 3 0
-0.0459807911218269 0 3 2 2 0 3 3 3
-0.05183870722721198 0 3 2 2 3 0 0 0
-0.4176597167354884 0 3 2 2 3 0 3 0
-0.045319257911681586 0 3 2 2 3 0 3 3
-0.10431665599828867 0 3 2 2 3 3 3 0
-25.373662129359083 0 3 3 0 0 0 0 0
0.6123822175150393 0 3 3 0 0 0 0 3
0.0038046622376625883 0 3 3 0 0 0 1 1
0.0038046622376625883 0 3 3 0 0 0 2 2
0.6478667460726615 0 3 3 0 0 0 3 0
0.09645385696360696 0 3 3 0 0 0 3 3
0.8628328491294502 0 3 3 0 0 3 0 0
0.15123450319936116 0 3 3 0 0 3 0 3
0.15554482292055838 0 3 3 0 0 3 3 0
0.827433635862737 0 3 3 0 3 0 0 0
0.1432877069824213 0 3 3 0 3 0 0 3
0.14756274771340355 0 3 3 0 3 0 3 0
0.19818062240956763 0 3 3 0 3 3 0 0
0.3721807307916158 0 3 3 3 0 0 0 0
0.09628086460893742 0 3 3 3 0 0 0 3
-0.22582334928478046 0 3 3 3 0 0 1 1
-0.22582334928478046 0 3 3 3 0 0 2 2
0.09396544809417742 0 3 3 3 0 0 3 0
0.09011854631217593 0 3 3 3 0 3 0 0
-0.05303697245505081 0 3 3 3 0 3 1 1
-0.05303697245505081 0 3 3 3 0 3 2 2
0.0864654198165622 0 3 3 3 3 0 0 0
-0.05183870722721198 0 3 3 3 3 0 1 1
-0.05183870722721198 0 3 3 3 3 0 2 2
0.0009380396552772665 1 0 0 1 1 0 0 1
1.2730561325574432 1 0 0 1 1 0 1 0
-0.003451852840330889 1 0 0 1 1 0 1 3
-0.01228210538446984 1 0 0 1 1 3 1 0
-0.0008250336066008561 1 0 0 1 1 3 1 3
0.0009380396552772665 1 0 0 1 2 0 0 2
1.2730561325574432 1 0 0 1 2 0 2 0
-0.003451852840330889 1 0 0 1 2 0 2 3
-0.01228210538446984 1 0 0 1 2 3 2 0
-0.0008250336066008561 1 0 0 1 2 3 2 3
1.2610398957657338 1 0 0 2 1 0 0 2
0.0008355350853996849 1 0 0 2 1 0 2 0
-0.004520918917681735 1 0 0 2 1 0 3 2
-0.01216745350186038 1 0 0 2 1 3 0 2
-0.000891560629673561 1 0 0 2 1 3 3 2
-1.2610398957657338 1 0 0 2 2 0 0 1
-0.0008355350853996849 1 0 0 2 2 0 1 0
0.004520918917681735 1 0 0 2 2 0 3 1
0.01216745350186038 1 0 0 2 2 3 0 1
0.000891560629673561 1 0 0 2 2 3 3 1
0.0010104531226958428 1 0 1 0 1 0 1 0
0.0010104531226958428 1 0 1 0 2 0 2 0
0.0008355350853996846 1 0 1 3 1 0 3 1
0.0008355350853996846 1 0 1 3 2 0 3 2
-0.0025545201189795938 1 0 2 0 1 0 0 2
1.3633270932566228 1 0 2 0 1 0 2 0
-0.003948219108686344 1 0 2 0 1 0 2 3
-0.003451852840330889 1 0 2 0 1 0 3 2
-0.013153971073185413 1 0 2 0 1 3 2 0
-0.0009417920303010548 1 0 2 0 1 3 2 3
-0.0008250336066008565 1 0 2 0 1 3 3 2
0.0025545201189795938 1 0 2 0 2 0 0 1
-1.3633270932566228 1 0 2 0 2 0 1 0
0.003948219108686344 1 0 2 0 2 0 1 3
0.003451852840330889 1 0 2 0 2 0 3 1
0.013153971073185413 1 0 2 0 2 3 1 0
0.0009417920303010548 1 0 2 0 2 3 1 3
0.0008250336066008565 1 0 2 0 2 3 3 1
-0.004309819783600131 1 0 2 3 1 0 0 2
-0.003948219108686344 1 0 2 3 1 0 2 0
-0.002845609376171583 1 0 2 3 1 0 2 3
1.2730561325574432 1 0 2 3 1 0 3 2
-0.0008412212824936707 1 0 2 3 1 3 0 2
-0.0009471460370162298 1 0 2 3 1 3 2 0
-0.01228210538446984 1 0 2 3 1 3 3 2
0.004309819783600131 1 0 2 3 2 0 0 1
0.003948219108686344 1 0 2 3 2 0 1 0
0.002845609376171583 1 0 2 3 2 0 1 3
-1.2730561325574432 1 0 2 3 2 0 3 1
0.0008412212824936707 1 0 2 3 2 3 0 1
0.0009471460370162298 1 0 2 3 2 3 1 0
0.01228210538446984 1 0 2 3 2 3 3 1
-0.004309819783600131 1 0 3 1 1 0 1 0
-0.0025545201189795938 1 0 3 1 1 0 1 3
-0.0008412212824936707 1 0 3 1 1 3 1 0
-0.004309819783600131 1 0 3 1 2 0 2 0
-0.0025545201189795938 1 0 3 1 2 0 2 3
-0.0008412212824936707 1 0 3 1 2 3 2 0
-0.004520918917681735 1 0 3 2 1 0 0 2
-0.0024884088694295484 1 0 3 2 1 0 3 2
-0.0008969146363887357 1 0 3 2 1 3 0 2
0.004520918917681735 1 0 3 2 2 0 0 1
0.0024884088694295484 1 0 3 2 2 0 3 1
0.0008969146363887357 1 0 3 2 2 3 0 1
0.0018080456406063834 1 1 0 0 1 1 0 0
0.0018080456406063834 1 1 0 0 2 2 0 0
1.0708013430349545e-05 1 1 2 2 1 1 2 2
-5.3540067151747656e-06 1 1 2 2 1 2 1 2
-5.354006715174779e-06 1 1 2 2 1 2 2 1
-5.354006715174779e-06 1 1 2 2 2 1 1 2
-5.3540067151747656e-06 1 1 2 2 2 1 2 1
1.0708013430349545e-05 1 1 2 2 2 2 1 1
2.582924798308841 1 2 0 0 1 2 0 0
-0.015287181673032465 1 2 0 0 1 2 0 3
0.00033076660507266295 1 2 0 0 1 2 1 1
0.000330766605072663 1 2 0 0 1 2 2 2
-0.017699606633356815 1 2 0 0 1 2 3 0
-0.0018265632478068677 1 2 0 0 1 2 3 3
-2.582924798308841 1 2 0 0 2 1 0 0
0.015287181673032465 1 2 0 0 2 1 0 3
-0.000330766605072663 1 2 0 0 2 1 1 1
-0.00033076660507266295 1 2 0 0 2 1 2 2
0.017699606633356815 1 2 0 0 2 1 3 0
0.0018265632478068677 1 2 0 0 2 1 3 3
-0.015287181673032465 1 2 0 3 1 2 0 0
-0.004027894477699105 1 2 0 3 1 2 0 3
0.008361379739644783 1 2 0 3 1 2 1 1
0.008361379739644783 1 2 0 3 1 2 2 2
-0.0039733981084699365 1 2 0 3 1 2 3 0
0.015287181673032465 1 2 0 3 2 1 0 0
0.004027894477699105 1 2 0 3 2 1 0 3
-0.008361379739644783 1 2 0 3 2 1 1 1
-0.008361379739644783 1 2 0 3 2 1 2 2
0.0039733981084699365 1 2 0 3 2 1 3 0
0.0005991326139194249 1 2 1 1 1 2 0 0
0.008361379739644783 1 2 1 1 1 2 3 0
0.000330766605072663 1 2 1 1 1 2 3 3
-0.0005991326139194249 1 2 1 1 2 1 0 0
-0.008361379739644783 1 2 1 1 2 1 3 0
-0.000330766605072663 1 2 1 1 2 1 3 3
-5.3540067151747656e-06 1 2 1 2 1 1 2 2
0.002152188867378243 1 2 1 2 1 2 1 2
-0.0021468348606630684 1 2 1 2 1 2 2 1
-0.0021468348606630684 1 2 1 2 2 1 1 2
0.002152188867378243 1 2 1 2 2 1 2 1
-5.3540067151747656e-06 1 2 1 2 2 2 1 1
-5.354006715174779e-06 1 2 2 1 1 1 2 2
-0.0021468348606630684 1 2 2 1 1 2 1 2
0.002152188867378243 1 2 2 1 1 2 2 1
0.002152188867378243 1 2 2 1 2 1 1 2
-0.0021468348606630684 1 2 2 1 2 1 2 1
-5.354006715174779e-06 1 2 2 1 2 2 1 1
0.0005991326139194249 1 2 2 2 1 2 0 0
0.008361379739644783 1 2 2 2 1 2 3 0
0.00033076660507266295 1 2 2 2 1 2 3 3
-0.0005991326139194249 1 2 2 2 2 1 0 0
-0.008361379739644783 1 2 2 2 2 1 3 0
-0.00033076660507266295 1 2 2 2 2 1 3 3
-0.017699606633356815 1 2 3 0 1 2 0 0
-0.0039733981084699365 1 2 3 0 1 2 0 3
-0.003991037603577419 1 2 3 0 1 2 3 0
0.017699606633356815 1 2 3 0 2 1 0 0
0.0039733981084699365 1 2 3 0 2 1 0 3
0.003991037603577419 1 2 3 0 2 1 3 0
-0.0018265632478068677 1 2 3 3 1 2 0 0
0.0005991326139194249 1 2 3 3 1 2 1 1
0.0005991326139194249 1 2 3 3 1 2 2 2
0.0018265632478068677 1 2 3 3 2 1 0 0
-0.0005991326139194249 1 2 3 3 2 1 1 1
-0.0005991326139194249 1 2 3 3 2 1 2 2
-0.01228210538446984 1 3 0 1 1 0 1 0
-0.0008250336066008565 1 3 0 1 1 0 1 3
-0.0034824770152102912 1 3 0 1 1 3 1 0
-0.01228210538446984 1 3 0 1 2 0 2 0
-0.0008250336066008565 1 3 0 1 2 0 2 3
-0.0034824770152102912 1 3 0 1 2 3 2 0
-0.01216745350186038 1 3 0 2 1 0 0 2
-0.0008969146363887357 1 3 0 2 1 0 3 2
-0.003449968537759601 1 3 0 2 1 3 0 2
0.01216745350186038 1 3 0 2 2 0 0 1
0.0008969146363887357 1 3 0 2 2 0 3 1
0.003449968537759601 1 3 0 2 2 3 0 1
-0.013153971073185413 1 3 2 0 1 0 2 0
-0.0009471460370162298 1 3 2 0 1 0 2 3
-0.0008250336066008561 1 3 2 0 1 0 3 2
-0.003729686441139959 1 3 2 0 1 3 2 0
0.013153971073185413 1 3 2 0 2 0 1 0
0.0009471460370162298 1 3 2 0 2 0 1 3
0.0008250336066008561 1 3 2 0 2 0 3 1
0.003729686441139959 1 3 2 0 2 3 1 0
-0.0008412212824936707 1 3 2 3 1 0 0 2
-0.0009417920303010548 1 3 2 3 1 0 2 0
-0.01228210538446984 1 3 2 3 1 0 3 2
-0.0034824770152102912 1 3 2 3 1 3 3 2
0.0008412212824936707 1 3 2 3 2 0 0 1
0.0009417920303010548 1 3 2 3 2 0 1 0
0.01228210538446984 1 3 2 3 2 0 3 1
0.0034824770152102912 1 3 2 3 2 3 3 1
-0.0008412212824936707 1 3 3 1 1 0 1 0
-0.0008412212824936707 1 3 3 1 2 0 2 0
-0.000891560629673561 1 3 3 2 1 0 0 2
0.000891560629673561 1 3 3 2 2 0 0 1
-1.2610398957657338 2 0 0 1 1 0 0 2
-0.0008355350853996846 2 0 0 1 1 0 2 0
0.004520918917681735 2 0 0 1 1 0 3 2
0.01216745350186038 2 0 0 1 1 3 0 2
0.000891560629673561 2 0 0 1 1 3 3 2
1.261039895765734 2 0 0 1 2 0 0 1
0.0008355350853996846 2 0 0 1 2 0 1 0
-0.004520918917681735 2 0 0 1 2 0 3 1
-0.01216745350186038 2 0 0 1 2 3 0 1
-0.000891560629673561 2 0 0 1 2 3 3 1
0.0009380396552772668 2 0 0 2 1 0 0 1
1.2730561325574432 2 0 0 2 1 0 1 0
-0.003451852840330889 2 0 0 2 1 0 1 3
-0.01228210538446984 2 0 0 2 1 3 1 0
-0.0008250336066008561 2 0 0 2 1 3 1 3
0.0009380396552772668 2 0 0 2 2 0 0 2
1.2730561325574432 2 0 0 2 2 0 2 0
-0.003451852840330889 2 0 0 2 2 0 2 3
-0.01228210538446984 2 0 0 2 2 3 2 0
-0.0008250336066008561 2 0 0 2 2 3 2 3
0.0025545201189795938 2 0 1 0 1 0 0 2
-1.3633270932566228 2 0 1 0 1 0 2 0
0.003948219108686344 2 0 1 0 1 0 2 3
0.003451852840330889 2 0 1 0 1 0 3 2
0.013153971073185413 2 0 1 0 1 3 2 0
0.0009417920303010548 2 0 1 0 1 3 2 3
0.0008250336066008565 2 0 1 0 1 3 3 2
-0.0025545201189795938 2 0 1 0 2 0 0 1
1.3633270932566228 2 0 1 0 2 0 1 0
-0.003948219108686344 2 0 1 0 2 0 1 3
-0.003451852840330889 2 0 1 0 2 0 3 1
-0.013153971073185413 2 0 1 0 2 3 1 0
-0.0009417920303010548 2 0 1 0 2 3 1 3
-0.0008250336066008565 2 0 1 0 2 3 3 1
0.004309819783600131 2 0 1 3 1 0 0 2
0.003948219108686344 2 0 1 3 1 0 2 0
0.002845609376171583 2 0 1 3 1 0 2 3
-1.2730561325574432 2 0 1 3 1 0 3 2
0.0008412212824936707 2 0 1 3 1 3 0 2
0.0009471460370162298 2 0 1 3 1 3 2 0
0.01228210538446984 2 0 1 3 1 3 3 2
-0.004309819783600131 2 0 1 3 2 0 0 1
-0.003948219108686344 2 0 1 3 2 0 1 0
-0.002845609376171583 2 0 1 3 2 0 1 3
1.2730561325574432 2 0 1 3 2 0 3 1
-0.0008412212824936707 2 0 1 3 2 3 0 1
-0.0009471460370162298 2 0 1 3 2 3 1 0
-0.01228210538446984 2 0 1 3 2 3 3 1
0.001010453122695843 2 0 2 0 1 0 1 0
0.0010104531226958428 2 0 2 0 2 0 2 0
0.0008355350853996849 2 0 2 3 1 0 3 1
0.0008355350853996849 2 0 2 3 2 0 3 2
0.004520918917681735 2 0 3 1 1 0 0 2
0.002488408869429548 2 0 3 1 1 0 3 2
0.0008969146363887357 2 0 3 1 1 3 0 2
-0.004520918917681735 2 0 3 1 2 0 0 1
-0.002488408869429548 2 0 3 1 2 0 3 1
-0.0008969146363887357 2 0 3 1 2 3 0 1
-0.004309819783600131 2 0 3 2 1 0 1 0
-0.0025545201189795938 2 0 3 2 1 0 1 3
-0.0008412212824936707 2 0 3 2 1 3 1 0
-0.004309819783600131 2 0 3 2 2 0 2 0
-0.0025545201189795938 2 0 3 2 2 0 2 3
-0.0008412212824936707 2 0 3 2 2 3 2 0
-2.582924798308841 2 1 0 0 1 2 0 0
0.015287181673032465 2 1 0 0 1 2 0 3
-0.00033076660507266295 2 1 0 0 1 2 1 1
-0.000330766605072663 2 1 0 0 1 2 2 2
0.017699606633356815 2 1 0 0 1 2 3 0
0.0018265632478068677 2 1 0 0 1 2 3 3
2.582924798308841 2 1 0 0 2 1 0 0
-0.015287181673032465 2 1 0 0 2 1 0 3
0.000330766605072663 2 1 0 0 2 1 1 1
0.00033076660507266295 2 1 0 0 2 1 2 2
-0.017699606633356815 2 1 0 0 2 1 3 0
-0.0018265632478068677 2 1 0 0 2 1 3 3
0.015287181673032465 2 1 0 3 1 2 0 0
0.004027894477699105 2 1 0 3 1 2 0 3
-0.008361379739644783 2 1 0 3 1 2 1 1
-0.008361379739644783 2 1 0 3 1 2 2 2
0.0039733981084699365 2 1 0 3 1 2 3 0
-0.015287181673032465 2 1 0 3 2 1 0 0
-0.004027894477699105 2 1 0 3 2 1 0 3
0.008361379739644783 2 1 0 3 2 1 1 1
0.008361379739644783 2 1 0 3 2 1 2 2
-0.0039733981084699365 2 1 0 3 2 1 3 0
-0.0005991326139194249 2 1 1 1 1 2 0 0
-0.008361379739644783 2 1 1 1 1 2 3 0
-0.00033076660507266295 2 1 1 1 1 2 3 3
0.0005991326139194249 2 1 1 1 2 1 0 0
0.008361379739644783 2 1 1 1 2 1 3 0
0.00033076660507266295 2 1 1 1 2 1 3 3
-5.354006715174779e-06 2 1 1 2 1 1 2 2
-0.0021468348606630684 2 1 1 2 1 2 1 2
0.002152188867378243 2 1 1 2 1 2 2 1
0.002152188867378243 2 1 1 2 2 1 1 2
-0.0021468348606630684 2 1 1 2 2 1 2 1
-5.354006715174779e-06 2 1 1 2 2 2 1 1
-5.3540067151747656e-06 2 1 2 1 1 1 2 2
0.002152188867378243 2 1 2 1 1 2 1 2
-0.0021468348606630684 2 1 2 1 1 2 2 1
-0.0021468348606630684 2 1 2 1 2 1 1 2
0.002152188867378243 2 1 2 1 2 1 2 1
-5.3540067151747656e-06 2 1 2 1 2 2 1 1
-0.0005991326139194249 2 1 2 2 1 2 0 0
-0.008361379739644783 2 1 2 2 1 2 3 0
-0.000330766605072663 2 1 2 2 1 2 3 3
0.0005991326139194249 2 1 2 2 2 1 0 0
0.008361379739644783 2 1 2 2 2 1 3 0
0.000330766605072663 2 1 2 2 2 1 3 3
0.017699606633356815 2 1 3 0 1 2 0 0
0.0039733981084699365 2 1 3 0 1 2 0 3
0.003991037603577419 2 1 3 0 1 2 3 0
-0.017699606633356815 2 1 3 0 2 1 0 0
-0.0039733981084699365 2 1 3 0 2 1 0 3
-0.003991037603577419 2 1 3 0 2 1 3 0
0.0018265632478068677 2 1 3 3 1 2 0 0
-0.0005991326139194249 2 1 3 3 1 2 1 1
-0.0005991326139194249 2 1 3 3 1 2 2 2
-0.0018265632478068677 2 1 3 3 2 1 0 0
0.0005991326139194249 2 1 3 3 2 1 1 1
0.0005991326139194249 2 1 3 3 2 1 2 2
0.0018080456406063834 2 2 0 0 1 1 0 0
0.0018080456406063834 2 2 0 0 2 2 0 0
1.0708013430349545e-05 2 2 1 1 1 1 2 2
-5.3540067151747656e-06 2 2 1 1 1 2 1 2
-5.354006715174779e-06 2 2 1 1 1 2 2 1
-5.354006715174779e-06 2 2 1 1 2 1 1 2
-5.3540067151747656e-06 2 2 1 1 2 1 2 1
1.0708013430349545e-05 2 2 1 1 2 2 1 1
0.01216745350186038 2 3 0 1 1 0 0 2
0.0008969146363887357 2 3 0 1 1 0 3 2
0.003449968537759601 2 3 0 1 1 3 0 2
-0.01216745350186038 2 3 0 1 2 0 0 1
-0.0008969146363887357 2 3 0 1 2 0 3 1
-0.003449968537759601 2 3 0 1 2 3 0 1
-0.01228210538446984 2 3 0 2 1 0 1 0
-0.0008250336066008565 2 3 0 2 1 0 1 3
-0.0034824770152102912 2 3 0 2 1 3 1 0
-0.01228210538446984 2 3 0 2 2 0 2 0
-0.0008250336066008565 2 3 0 2 2 0 2 3
-0.0034824770152102912 2 3 0 2 2 3 2 0
0.013153971073185413 2 3 1 0 1 0 2 0
0.0009471460370162298 2 3 1 0 1 0 2 3
0.0008250336066008561 2 3 1 0 1 0 3 2
0.003729686441139959 2 3 1 0 1 3 2 0
-0.013153971073185413 2 3 1 0 2 0 1 0
-0.0009471460370162298 2 3 1 0 2 0 1 3
-0.0008250336066008561 2 3 1 0 2 0 3 1
-0.003729686441139959 2 3 1 0 2 3 1 0
0.0008412212824936707 2 3 1 3 1 0 0 2
0.0009417920303010548 2 3 1 3 1 0 2 0
0.01228210538446984 2 3 1 3 1 0 3 2
0.0034824770152102912 2 3 1 3 1 3 3 2
-0.0008412212824936707 2 3 1 3 2 0 0 1
-0.0009417920303010548 2 3 1 3 2 0 1 0
-0.01228210538446984 2 3 1 3 2 0 3 1
-0.0034824770152102912 2 3 1 3 2 3 3 1
0.000891560629673561 2 3 3 1 1 0 0 2
-0.000891560629673561 2 3 3 1 2 0 0 1
-0.0008412212824936707 2 3 3 2 1 0 1 0
-0.0008412212824936707 2 3 3 2 2 0 2 0
-175.18810000247234 3 0 0 0 0 0 0 0
-25.473360484304294 3 0 0 0 0 0 0 3
-0.18933541297330075 3 0 0 0 0 0 1 1
-0.18933541297330075 3 0 0 0 0 0 2 2
-26.737999675738404 3 0 0 0 0 0 3 0
0.3806498688179841 3 0 0 0 0 0 3 3
-40.43469002230105 3 0 0 0 0 3 0 0
0.7605439110193871 3 0 0 0 0 3 0 3
-0.045319257911681586 3 0 0 0 0 3 1 1
-0.045319257911681586 3 0 0 0 0 3 2 2
0.827433635862737 3 0 0 0 0 3 3 0
0.0864654198165622 3 0 0 0 0 3 3 3
-45.60053961891875 3 0 0 0 3 0 0 0
0.7911182743654527 3 0 0 0 3 0 0 3
-0.045980791121826924 3 0 0 0 3 0 1 1
-0.045980791121826924 3 0 0 0 3 0 2 2
0.8628328491294512 3 0 0 0 3 0 3 0
0.09011854631217597 3 0 0 0 3 0 3 3
1.262327803920252 3 0 0 0 3 3 0 0
0.18468804605959266 3 0 0 0 3 3 0 3
0.19445093596842772 3 0 0 0 3 3 3 0
-24.211382548883293 3 0 0 3 0 0 0 0
0.5831315840377902 3 0 0 3 0 0 0 3
14.346806584403012 3 0 0 3 0 0 1 1
14.346806584403012 3 0 0 3 0 0 2 2
0.6118095177060443 3 0 0 3 0 0 3 0
0.09912647398510904 3 0 0 3 0 0 3 3
0.7605439110193872 3 0 0 3 0 3 0 0
0.14023179304348685 3 0 0 3 0 3 0 3
-0.41765971673548846 3 0 0 3 0 3 1 1
-0.41765971673548846 3 0 0 3 0 3 2 2
0.1432877069824213 3 0 0 3 0 3 3 0
0.7911182743654526 3 0 0 3 3 0 0 0
0.1482875819988851 3 0 0 3 3 0 0 3
-0.4343824762147783 3 0 0 3 3 0 1 1
-0.4343824762147783 3 0 0 3 3 0 2 2
0.15123450319936121 3 0 0 3 3 0 3 0
0.18813801459735224 3 0 0 3 3 3 0 0
-0.10083417898307839 3 0 0 3 3 3 1 1
-0.10083417898307839 3 0 0 3 3 3 2 2
-0.22151352950118042 3 0 1 1 0 0 0 0
0.006359182356642186 3 0 1 1 0 0 0 3
13.072914916760174 3 0 1 1 0 0 3 0
-0.18588356013296986 3 0 1 1 0 0 3 3
-0.05183870722721198 3 0 1 1 0 3 0 0
-0.4176597167354885 3 0 1 1 0 3 3 0
-0.045319257911681586 3 0 1 1 0 3 3 3
-0.053036972455050846 3 0 1 1 3 0 0 0
-0.4343824762147783 3 0 1 1 3 0 3 0
-0.045980791121826924 3 0 1 1 3 0 3 3
-0.10431665599828868 3 0 1 1 3 3 3 0
-0.23568056780574187 3 0 1 2 0 0 1 2
0.23568056780574187 3 0 1 2 0 0 2 1
-0.05681693315914391 3 0 1 2 0 3 1 2
0.05681693315914391 3 0 1 2 0 3 2 1
-0.061115956887185255 3 0 1 2 3 0 1 2
0.061115956887185255 3 0 1 2 3 0 2 1
0.23568056780574187 3 0 2 1 0 0 1 2
-0.23568056780574187 3 0 2 1 0 0 2 1
0.056816933159143906 3 0 2 1 0 3 1 2
-0.056816933159143906 3 0 2 1 0 3 2 1
0.061115956887185255 3 0 2 1 3 0 1 2
-0.061115956887185255 3 0 2 1 3 0 2 1
-0.22151352950118042 3 0 2 2 0 0 0 0
0.006359182356642188 3 0 2 2 0 0 0 3
13.072914916760173 3 0 2 2 0 0 3 0
-0.18588356013296986 3 0 2 2 0 0 3 3
-0.05183870722721198 3 0 2 2 0 3 0 0
-0.4176597167354885 3 0 2 2 0 3 3 0
-0.045319257911681586 3 0 2 2 0 3 3 3
-0.053036972455050846 3 0 2 2 3 0 0 0
-0.4343824762147783 3 0 2 2 3 0 3 0
-0.045980791121826924 3 0 2 2 3 0 3 3
-0.10431665599828868 3 0 2 2 3 3 3 0
-25.37366212935909 3 0 3 0 0 0 0 0
0.6123822175150396 3 0 3 0 0 0 0 3
0.0038046622376625965 3 0 3 0 0 0 1 1
0.0038046622376625965 3 0 3 0 0 0 2 2
0.6478667460726619 3 0 3 0 0 0 3 0
0.096453856963607 3 0 3 0 0 0 3 3
0.827433635862737 3 0 3 0 0 3 0 0
0.1432877069824213 3 0 3 0 0 3 0 3
0.14756274771340355 3 0 3 0 0 3 3 0
0.8628328491294512 3 0 3 0 3 0 0 0
0.15123450319936121 3 0 3 0 3 0 0 3
0.15554482292055843 3 0 3 0 3 0 3 0
0.19818062240956774 3 0 3 0 3 3 0 0
0.37218073079161607 3 0 3 3 0 0 0 0
0.09628086460893745 3 0 3 3 0 0 0 3
-0.22582334928478054 3 0 3 3 0 0 1 1
-0.22582334928478054 3 0 3 3 0 0 2 2
0.09396544809417748 3 0 3 3 0 0 3 0
0.08646541981656222 3 0 3 3 0 3 0 0
-0.05183870722721197 3 0 3 3 0 3 1 1
-0.05183870722721197 3 0 3 3 0 3 2 2
0.09011854631217597 3 0 3 3 3 0 0 0
-0.05303697245505084 3 0 3 3 3 0 1 1
-0.05303697245505084 3 0 3 3 3 0 2 2
-0.012282105384469852 3 1 0 1 0 1 1 0
-0.0008250336066008563 3 1 0 1 0 1 1 3
-0.012282105384469852 3 1 0 1 0 2 2 0
-0.0008250336066008563 3 1 0 1 0 2 2 3
-0.0034824770152102925 3 1 0 1 3 1 1 0
-0.0034824770152102925 3 1 0 1 3 2 2 0
-0.01216745350186039 3 1 0 2 0 1 0 2
-0.0008969146363887362 3 1 0 2 0 1 3 2
0.01216745350186039 3 1 0 2 0 2 0 1
0.0008969146363887362 3 1 0 2 0 2 3 1
-0.003449968537759602 3 1 0 2 3 1 0 2
0.003449968537759602 3 1 0 2 3 2 0 1
-0.013153971073185423 3 1 2 0 0 1 2 0
-0.0009471460370162291 3 1 2 0 0 1 2 3
-0.0008250336066008569 3 1 2 0 0 1 3 2
0.013153971073185423 3 1 2 0 0 2 1 0
0.0009471460370162291 3 1 2 0 0 2 1 3
0.0008250336066008569 3 1 2 0 0 2 3 1
-0.00372968644113996 3 1 2 0 3 1 2 0
0.00372968644113996 3 1 2 0 3 2 1 0
-0.0008412212824936716 3 1 2 3 0 1 0 2
-0.0009417920303010546 3 1 2 3 0 1 2 0
-0.012282105384469852 3 1 2 3 0 1 3 2
0.0008412212824936716 3 1 2 3 0 2 0 1
0.0009417920303010546 3 1 2 3 0 2 1 0
0.012282105384469852 3 1 2 3 0 2 3 1
-0.0034824770152102925 3 1 2 3 3 1 3 2
0.0034824770152102925 3 1 2 3 3 2 3 1
-0.0008412212824936713 3 1 3 1 0 1 1 0
-0.0008412212824936713 3 1 3 1 0 2 2 0
-0.0008915606296735613 3 1 3 2 0 1 0 2
0.0008915606296735613 3 1 3 2 0 2 0 1
0.01216745350186039 3 2 0 1 0 1 0 2
0.000896914636388736 3 2 0 1 0 1 3 2
-0.01216745350186039 3 2 0 1 0 2 0 1
-0.000896914636388736 3 2 0 1 0 2 3 1
0.003449968537759602 3 2 0 1 3 1 0 2
-0.003449968537759602 3 2 0 1 3 2 0 1
-0.012282105384469852 3 2 0 2 0 1 1 0
-0.0008250336066008563 3 2 0 2 0 1 1 3
-0.012282105384469852 3 2 0 2 0 2 2 0
-0.0008250336066008563 3 2 0 2 0 2 2 3
-0.0034824770152102925 3 2 0 2 3 1 1 0
-0.0034824770152102925 3 2 0 2 3 2 2 0
0.013153971073185423 3 2 1 0 0 1 2 0
0.0009471460370162291 3 2 1 0 0 1 2 3
0.0008250336066008569 3 2 1 0 0 1 3 2
-0.013153971073185423 3 2 1 0 0 2 1 0
-0.0009471460370162291 3 2 1 0 0 2 1 3
-0.0008250336066008569 3 2 1 0 0 2 3 1
0.00372968644113996 3 2 1 0 3 1 2 0
-0.00372968644113996 3 2 1 0 3 2 1 0
0.0008412212824936716 3 2 1 3 0 1 0 2
0.0009417920303010546 3 2 1 3 0 1 2 0
0.012282105384469852 3 2 1 3 0 1 3 2
-0.0008412212824936716 3 2 1 3 0 2 0 1
-0.0009417920303010546 3 2 1 3 0 2 1 0
-0.012282105384469852 3 2 1 3 0 2 3 1
0.0034824770152102925 3 2 1 3 3 1 3 2
-0.0034824770152102925 3 2 1 3 3 2 3 1
0.0008915606296735613 3 2 3 1 0 1 0 2
-0.0008915606296735613 3 2 3 1 0 2 0 1
-0.0008412212824936713 3 2 3 2 0 1 1 0
-0.0008412212824936713 3 2 3 2 0 2 2 0
-37.84995717835162 3 3 0 0 0 0 0 0
0.7574241828482151 3 3 0 0 0 0 0 3
-0.04581352491320978 3 3 0 0 0 0 1 1
-0.04581352491320978 3 3 0 0 0 0 2 2
0.8228880003025657 3 3 0 0 0 0 3 0
0.08648291724216031 3 3 0 0 0 0 3 3
1.2623278039202512 3 3 0 0 0 3 0 0
0.18813801459735222 3 3 0 0 0 3 0 3
0.19818062240956763 3 3 0 0 0 3 3 0
1.2623278039202517 3 3 0 0 3 0 0 0
0.18813801459735224 3 3 0 0 3 0 0 3
0.19818062240956774 3 3 0 0 3 0 3 0
0.3115127904763473 3 3 0 0 3 3 0 0
0.7330892758444943 3 3 0 3 0 0 0 0
0.13620389856578774 3 3 0 3 0 0 0 3
-0.42158044238031356 3 3 0 3 0 0 1 1
-0.42158044238031356 3 3 0 3 0 0 2 2
0.13935918626786367 3 3 0 3 0 0 3 0
0.1846880460595926 3 3 0 3 0 3 0 0
-0.10431665599828867 3 3 0 3 0 3 1 1
-0.10431665599828867 3 3 0 3 0 3 2 2
0.18468804605959266 3 3 0 3 3 0 0 0
-0.10431665599828868 3 3 0 3 3 0 1 1
-0.10431665599828868 3 3 0 3 3 0 2 2
-0.050398353330798874 3 3 1 1 0 0 0 0
-0.3970162316113739 3 3 1 1 0 0 3 0
-0.04416345770000807 3 3 1 1 0 0 3 3
-0.10083417898307837 3 3 1 1 0 3 3 0
-0.10083417898307839 3 3 1 1 3 0 3 0
-0.05467009829848084 3 3 1 2 0 0 1 2
0.05467009829848084 3 3 1 2 0 0 2 1
0.05467009829848084 3 3 2 1 0 0 1 2
-0.05467009829848084 3 3 2 1 0 0 2 1
-0.050398353330798874 3 3 2 2 0 0 0 0
-0.3970162316113739 3 3 2 2 0 0 3 0
-0.04416345770000807 3 3 2 2 0 0 3 3
-0.10083417898307837 3 3 2 2 0 3 3 0
-0.10083417898307839 3 3 2 2 3 0 3 0
0.7965800581561947 3 3 3 0 0 0 0 0
0.1392587234666087 3 3 3 0 0 0 0 3
0.14357171010982614 3 3 3 0 0 0 3 0
0.1944509359684277 3 3 3 0 0 3 0 0
0.19445093596842775 3 3 3 0 3 0 0 0
0.08280550390878072 3 3 3 3 0 0 0 0
-0.05208079589578622 3 3 3 3 0 0 1 1
-0.05208079589578622 3 3 3 3 0 0 2 2
