9136.17579496602 0 0 0 0 0 0 0 0
-102.97926389193591 0 0 0 0 0 0 0 3
1.0705235081866904 0 0 0 0 0 0 1 1
1.0705235081866904 0 0 0 0 0 0 2 2
-143.9162339542228 0 0 0 0 0 0 3 0
-17.2171774520764 0 0 0 0 0 0 3 3
-176.1597660131946 0 0 0 0 0 3 0 0
-26.397927335942978 0 0 0 0 0 3 0 3
-0.1610459866597766 0 0 0 0 0 3 1 1
-0.1610459866597766 0 0 0 0 0 3 2 2
-27.78751275397128 0 0 0 0 0 3 3 0
0.5041389612986545 0 0 0 0 0 3 3 3
-176.15976601319477 0 0 0 0 3 0 0 0
-26.397927335942978 0 0 0 0 3 0 0 3
-0.1610459866597766 0 0 0 0 3 0 1 1
-0.1610459866597766 0 0 0 0 3 0 2 2
-27.787512753971274 0 0 0 0 3 0 3 0
0.5041389612986548 0 0 0 0 3 0 3 3
-37.76432953983073 0 0 0 0 3 3 0 0
0.771299954802053 0 0 0 0 3 3 0 3
-0.03978595046266217 0 0 0 0 3 3 1 1
-0.03978595046266217 0 0 0 0 3 3 2 2
0.8962367131874316 0 0 0 0 3 3 3 0
0.11512758106289966 0 0 0 0 3 3 3 3
-102.97926389193586 0 0 0 3 0 0 0 0
-30.375468361611723 0 0 0 3 0 0 0 3
50.35668671627666 0 0 0 3 0 0 1 1
50.356686716276656 0 0 0 3 0 0 2 2
-29.104794072441358 0 0 0 3 0 0 3 0
0.5180462514025843 0 0 0 3 0 0 3 3
-27.750666554616615 0 0 0 3 0 3 0 0
0.6308295425736061 0 0 0 3 0 3 0 3
10.894072090428883 0 0 0 3 0 3 1 1
10.894072090428883 0 0 0 3 0 3 2 2
0.6965137732139025 0 0 0 3 0 3 3 0
0.12354782719515867 0 0 0 3 0 3 3 3
-27.75066655461661 0 0 0 3 3 0 0 0
0.6308295425736063 0 0 0 3 3 0 0 3
10.894072090428883 0 0 0 3 3 0 1 1
10.894072090428883 0 0 0 3 3 0 2 2
0.6965137732139028 0 0 0 3 3 0 3 0
0.12354782719515867 0 0 0 3 3 0 3 3
0.797595601052665 0 0 0 3 3 3 0 0
0.15676981283528546 0 0 0 3 3 3 0 3
-0.3358752083839779 0 0 0 3 3 3 1 1
-0.3358752083839779 0 0 0 3 3 3 2 2
0.1602873941645277 0 0 0 3 3 3 3 0
3.5676870155404408 0 0 1 1 0 0 0 0
-0.01820994701388759 0 0 1 1 0 0 0 3
0.0008409759637382337 0 0 1 1 0 0 1 1
0.0008409759637382337 0 0 1 1 0 0 2 2
50.35668671627666 0 0 1 1 0 0 3 0
1.0705235081866902 0 0 1 1 0 0 3 3
-0.2228149367259033 0 0 1 1 0 3 0 0
-0.005908388626848399 0 0 1 1 0 3 0 3
12.0513953909847 0 0 1 1 0 3 3 0
-0.16389512598819728 0 0 1 1 0 3 3 3
-0.22281493672590336 0 0 1 1 3 0 0 0
-0.005908388626848399 0 0 1 1 3 0 0 3
12.051395390984698 0 0 1 1 3 0 3 0
-0.16389512598819733 0 0 1 1 3 0 3 3
-0.049805239300563645 0 0 1 1 3 3 0 0
-0.3583712254849549 0 0 1 1 3 3 3 0
-0.04159231778895245 0 0 1 1 3 3 3 3
11.88677564440122 0 0 1 2 0 0 1 2
-11.886775644401222 0 0 1 2 0 0 2 1
-0.18484804757048656 0 0 1 2 0 3 1 2
0.18484804757048656 0 0 1 2 0 3 2 1
-0.18484804757048667 0 0 1 2 3 0 1 2
0.18484804757048667 0 0 1 2 3 0 2 1
-0.04225127054560067 0 0 1 2 3 3 1 2
0.04225127054560067 0 0 1 2 3 3 2 1
-11.886775644401219 0 0 2 1 0 0 1 2
11.88677564440122 0 0 2 1 0 0 2 1
0.18484804757048656 0 0 2 1 0 3 1 2
-0.18484804757048656 0 0 2 1 0 3 2 1
0.18484804757048667 0 0 2 1 3 0 1 2
-0.18484804757048667 0 0 2 1 3 0 2 1
0.04225127054560067 0 0 2 1 3 3 1 2
-0.04225127054560067 0 0 2 1 3 3 2 1
3.567687015540441 0 0 2 2 0 0 0 0
-0.01820994701388759 0 0 2 2 0 0 0 3
0.0008409759637382337 0 0 2 2 0 0 1 1
0.0008409759637382337 0 0 2 2 0 0 2 2
50.356686716276656 0 0 2 2 0 0 3 0
1.0705235081866904 0 0 2 2 0 0 3 3
-0.2228149367259033 0 0 2 2 0 3 0 0
-0.005908388626848398 0 0 2 2 0 3 0 3
12.051395390984702 0 0 2 2 0 3 3 0
-0.16389512598819728 0 0 2 2 0 3 3 3
-0.22281493672590336 0 0 2 2 3 0 0 0
-0.005908388626848398 0 0 2 2 3 0 0 3
12.0513953909847 0 0 2 2 3 0 3 0
-0.16389512598819733 0 0 2 2 3 0 3 3
-0.049805239300563645 0 0 2 2 3 3 0 0
-0.3583712254849549 0 0 2 2 3 3 3 0
-0.04159231778895245 0 0 2 2 3 3 3 3
-143.91623395422286 0 0 3 0 0 0 0 0
-29.104794072441358 0 0 3 0 0 0 0 3
-0.01820994701388758 0 0 3 0 0 0 1 1
-0.01820994701388758 0 0 3 0 0 0 2 2
-29.463681885263995 0 0 3 0 0 0 3 0
0.5400794599937083 0 0 3 0 0 0 3 3
-29.331802018349517 0 0 3 0 0 3 0 0
0.694585257559669 0 0 3 0 0 3 0 3
-0.003665414676406498 0 0 3 0 0 3 1 1
-0.003665414676406498 0 0 3 0 0 3 2 2
0.7855925666152574 0 0 3 0 0 3 3 0
0.12164898354864226 0 0 3 0 0 3 3 3
-29.331802018349514 0 0 3 0 3 0 0 0
0.6945852575596694 0 0 3 0 3 0 0 3
-0.003665414676406498 0 0 3 0 3 0 1 1
-0.003665414676406498 0 0 3 0 3 0 2 2
0.7855925666152577 0 0 3 0 3 0 3 0
0.12164898354864226 0 0 3 0 3 0 3 3
0.9262559498051283 0 0 3 0 3 3 0 0
0.16060072198245937 0 0 3 0 3 3 0 3
0.1682736680413248 0 0 3 0 3 3 3 0
-17.2171774520764 0 0 3 3 0 0 0 0
0.5180462514025843 0 0 3 3 0 0 0 3
3.567687015540441 0 0 3 3 0 0 1 1
3.5676870155404417 0 0 3 3 0 0 2 2
0.5400794599937082 0 0 3 3 0 0 3 0
0.13535289999935346 0 0 3 3 0 0 3 3
0.5172639743339439 0 0 3 3 0 3 0 0
0.12687983760342433 0 0 3 3 0 3 0 3
-0.21791249365357207 0 0 3 3 0 3 1 1
-0.21791249365357207 0 0 3 3 0 3 2 2
0.12442753708638579 0 0 3 3 0 3 3 0
0.517263974333944 0 0 3 3 3 0 0 0
0.12687983760342433 0 0 3 3 3 0 0 3
-0.2179124936535721 0 0 3 3 3 0 1 1
-0.2179124936535721 0 0 3 3 3 0 2 2
0.12442753708638579 0 0 3 3 3 0 3 0
0.12133928512236294 0 0 3 3 3 3 0 0
-0.04801113468771798 0 0 3 3 3 3 1 1
-0.04801113468771798 0 0 3 3 3 3 2 2
0.0013121388809484774 0 1 0 1 0 1 0 1
1.1568386136122288 0 1 0 1 0 1 1 0
-0.0028491393284206597 0 1 0 1 0 1 1 3
0.0013121388809484778 0 1 0 1 0 2 0 2
1.1568386136122288 0 1 0 1 0 2 2 0
-0.0028491393284206597 0 1 0 1 0 2 2 3
-0.011248008550488527 0 1 0 1 3 1 1 0
-0.0009031836631451328 0 1 0 1 3 1 1 3
-0.011248008550488527 0 1 0 1 3 2 2 0
-0.0009031836631451328 0 1 0 1 3 2 2 3
1.3514270797926855 0 1 0 2 0 1 0 2
0.0004846869435930971 0 1 0 2 0 1 2 0
-0.0075267643447614885 0 1 0 2 0 1 3 2
-1.3514270797926857 0 1 0 2 0 2 0 1
-0.00048468694359309734 0 1 0 2 0 2 1 0
0.0075267643447614885 0 1 0 2 0 2 3 1
-0.013147823125306025 0 1 0 2 3 1 0 2
-0.0014542712780136711 0 1 0 2 3 1 3 2
0.013147823125306025 0 1 0 2 3 2 0 1
0.0014542712780136711 0 1 0 2 3 2 3 1
0.0013950545621079634 0 1 1 0 0 1 1 0
0.001395054562107963 0 1 1 0 0 2 2 0
0.0004846869435930971 0 1 1 3 0 1 3 1
0.0004846869435930971 0 1 1 3 0 2 3 2
-0.0022429739504418985 0 1 2 0 0 1 0 2
1.5428942098161271 0 1 2 0 0 1 2 0
-0.005598248690527871 0 1 2 0 0 1 2 3
-0.002849139328420657 0 1 2 0 0 1 3 2
0.0022429739504418985 0 1 2 0 0 2 0 1
-1.5428942098161273 0 1 2 0 0 2 1 0
0.005598248690527871 0 1 2 0 0 2 1 3
0.002849139328420657 0 1 2 0 0 2 3 1
-0.015009618308848319 0 1 2 0 3 1 2 0
-0.0016109351869795035 0 1 2 0 3 1 2 3
-0.0009031836631451329 0 1 2 0 3 1 3 2
0.015009618308848319 0 1 2 0 3 2 1 0
0.0016109351869795035 0 1 2 0 3 2 1 3
0.0009031836631451329 0 1 2 0 3 2 3 1
-0.004902443072331258 0 1 2 3 0 1 0 2
-0.005598248690527868 0 1 2 3 0 1 2 0
-0.003332010408265648 0 1 2 3 0 1 2 3
1.1568386136122288 0 1 2 3 0 1 3 2
0.004902443072331258 0 1 2 3 0 2 0 1
0.005598248690527868 0 1 2 3 0 2 1 0
0.003332010408265648 0 1 2 3 0 2 1 3
-1.1568386136122288 0 1 2 3 0 2 3 1
-0.0008970523064228339 0 1 2 3 3 1 0 2
-0.0016515807517179658 0 1 2 3 3 1 2 0
-0.011248008550488527 0 1 2 3 3 1 3 2
0.0008970523064228339 0 1 2 3 3 2 0 1
0.0016515807517179658 0 1 2 3 3 2 1 0
0.011248008550488527 0 1 2 3 3 2 3 1
-0.00490244307233126 0 1 3 1 0 1 1 0
-0.002242973950441899 0 1 3 1 0 1 1 3
-0.00490244307233126 0 1 3 1 0 2 2 0
-0.002242973950441899 0 1 3 1 0 2 2 3
-0.0008970523064228339 0 1 3 1 3 1 1 0
-0.0008970523064228339 0 1 3 1 3 2 2 0
-0.00752676434476149 0 1 3 2 0 1 0 2
-0.0027785535377435216 0 1 3 2 0 1 3 2
0.00752676434476149 0 1 3 2 0 2 0 1
0.0027785535377435216 0 1 3 2 0 2 3 1
-0.0014949168427521335 0 1 3 2 3 1 0 2
0.0014949168427521335 0 1 3 2 3 2 0 1
-1.3514270797926857 0 2 0 1 0 1 0 2
-0.0004846869435930971 0 2 0 1 0 1 2 0
0.0075267643447614885 0 2 0 1 0 1 3 2
1.3514270797926855 0 2 0 1 0 2 0 1
0.0004846869435930971 0 2 0 1 0 2 1 0
-0.0075267643447614885 0 2 0 1 0 2 3 1
0.013147823125306025 0 2 0 1 3 1 0 2
0.0014542712780136711 0 2 0 1 3 1 3 2
-0.013147823125306025 0 2 0 1 3 2 0 1
-0.0014542712780136711 0 2 0 1 3 2 3 1
0.0013121388809484774 0 2 0 2 0 1 0 1
1.156838613612229 0 2 0 2 0 1 1 0
-0.0028491393284206597 0 2 0 2 0 1 1 3
0.0013121388809484774 0 2 0 2 0 2 0 2
1.156838613612229 0 2 0 2 0 2 2 0
-0.0028491393284206597 0 2 0 2 0 2 2 3
-0.011248008550488527 0 2 0 2 3 1 1 0
-0.0009031836631451328 0 2 0 2 3 1 1 3
-0.011248008550488527 0 2 0 2 3 2 2 0
-0.0009031836631451328 0 2 0 2 3 2 2 3
0.0022429739504418985 0 2 1 0 0 1 0 2
-1.5428942098161273 0 2 1 0 0 1 2 0
0.005598248690527871 0 2 1 0 0 1 2 3
0.002849139328420657 0 2 1 0 0 1 3 2
-0.0022429739504418985 0 2 1 0 0 2 0 1
1.5428942098161273 0 2 1 0 0 2 1 0
-0.005598248690527871 0 2 1 0 0 2 1 3
-0.002849139328420657 0 2 1 0 0 2 3 1
0.015009618308848319 0 2 1 0 3 1 2 0
0.0016109351869795035 0 2 1 0 3 1 2 3
0.0009031836631451329 0 2 1 0 3 1 3 2
-0.015009618308848319 0 2 1 0 3 2 1 0
-0.0016109351869795035 0 2 1 0 3 2 1 3
-0.0009031836631451329 0 2 1 0 3 2 3 1
0.004902443072331258 0 2 1 3 0 1 0 2
0.005598248690527868 0 2 1 3 0 1 2 0
0.003332010408265648 0 2 1 3 0 1 2 3
-1.156838613612229 0 2 1 3 0 1 3 2
-0.004902443072331258 0 2 1 3 0 2 0 1
-0.005598248690527868 0 2 1 3 0 2 1 0
-0.003332010408265648 0 2 1 3 0 2 1 3
1.1568386136122288 0 2 1 3 0 2 3 1
0.0008970523064228339 0 2 1 3 3 1 0 2
0.0016515807517179658 0 2 1 3 3 1 2 0
0.011248008550488527 0 2 1 3 3 1 3 2
-0.0008970523064228339 0 2 1 3 3 2 0 1
-0.0016515807517179658 0 2 1 3 3 2 1 0
-0.011248008550488527 0 2 1 3 3 2 3 1
0.001395054562107963 0 2 2 0 0 1 1 0
0.001395054562107963 0 2 2 0 0 2 2 0
0.0004846869435930971 0 2 2 3 0 1 3 1
0.0004846869435930971 0 2 2 3 0 2 3 2
0.00752676434476149 0 2 3 1 0 1 0 2
0.0027785535377435216 0 2 3 1 0 1 3 2
-0.00752676434476149 0 2 3 1 0 2 0 1
-0.0027785535377435216 0 2 3 1 0 2 3 1
0.0014949168427521335 0 2 3 1 3 1 0 2
-0.0014949168427521335 0 2 3 1 3 2 0 1
-0.00490244307233126 0 2 3 2 0 1 1 0
-0.002242973950441899 0 2 3 2 0 1 1 3
-0.00490244307233126 0 2 3 2 0 2 2 0
-0.002242973950441899 0 2 3 2 0 2 2 3
-0.0008970523064228339 0 2 3 2 3 1 1 0
-0.0008970523064228339 0 2 3 2 3 2 2 0
-176.15976601319454 0 3 0 0 0 0 0 0
-27.75066655461662 0 3 0 0 0 0 0 3
-0.16389512598819725 0 3 0 0 0 0 1 1
-0.16389512598819725 0 3 0 0 0 0 2 2
-29.33180201834952 0 3 0 0 0 0 3 0
0.5172639743339439 0 3 0 0 0 0 3 3
-45.50648761707735 0 3 0 0 0 3 0 0
0.8286217942501158 0 3 0 0 0 3 0 3
-0.04155145365271836 0 3 0 0 0 3 1 1
-0.04155145365271836 0 3 0 0 0 3 2 2
0.9727183891969047 0 3 0 0 0 3 3 0
0.12585474069690408 0 3 0 0 0 3 3 3
-40.346261785395164 0 3 0 0 3 0 0 0
0.7991724500349449 0 3 0 0 3 0 0 3
-0.040976573968110996 0 3 0 0 3 0 1 1
-0.040976573968110996 0 3 0 0 3 0 2 2
0.9317370173964883 0 3 0 0 3 0 3 0
0.12074677191756325 0 3 0 0 3 0 3 3
1.2711670955511902 0 3 0 0 3 3 0 0
0.20075133859134583 0 3 0 0 3 3 0 3
0.21403200623321286 0 3 0 0 3 3 3 0
-26.397927335942978 0 3 0 3 0 0 0 0
0.630829542573606 0 3 0 3 0 0 0 3
12.0513953909847 0 3 0 3 0 0 1 1
12.051395390984702 0 3 0 3 0 0 2 2
0.6945852575596689 0 3 0 3 0 0 3 0
0.12687983760342433 0 3 0 3 0 0 3 3
0.8286217942501157 0 3 0 3 0 3 0 0
0.17024094130211723 0 3 0 3 0 3 0 3
-0.3685999122435394 0 3 0 3 0 3 1 1
-0.3685999122435394 0 3 0 3 0 3 2 2
0.17344459931498293 0 3 0 3 0 3 3 0
0.7991724500349447 0 3 0 3 3 0 0 0
0.16126018899089603 0 3 0 3 3 0 0 3
-0.3542821153708241 0 3 0 3 3 0 1 1
-0.3542821153708241 0 3 0 3 3 0 2 2
0.16480466886381565 0 3 0 3 3 0 3 0
0.2044533589074073 0 3 0 3 3 3 0 0
-0.08442123145326055 0 3 0 3 3 3 1 1
-0.08442123145326055 0 3 0 3 3 3 2 2
-0.21791249365357204 0 3 1 1 0 0 0 0
-0.003665414676406499 0 3 1 1 0 0 0 3
10.894072090428887 0 3 1 1 0 0 3 0
-0.16104598665977662 0 3 1 1 0 0 3 3
-0.05090864446037309 0 3 1 1 0 3 0 0
-0.3685999122435394 0 3 1 1 0 3 3 0
-0.04155145365271836 0 3 1 1 0 3 3 3
-0.04957500614955157 0 3 1 1 3 0 0 0
-0.3542821153708241 0 3 1 1 3 0 3 0
-0.040976573968110996 0 3 1 1 3 0 3 3
-0.08758832274832026 0 3 1 1 3 3 3 0
-0.18484804757048656 0 3 1 2 0 0 1 2
0.18484804757048656 0 3 1 2 0 0 2 1
-0.047589858618078844 0 3 1 2 0 3 1 2
0.047589858618078844 0 3 1 2 0 3 2 1
-0.044017251381513904 0 3 1 2 3 0 1 2
0.044017251381513904 0 3 1 2 3 0 2 1
0.18484804757048656 0 3 2 1 0 0 1 2
-0.18484804757048656 0 3 2 1 0 0 2 1
0.047589858618078844 0 3 2 1 0 3 1 2
-0.047589858618078844 0 3 2 1 0 3 2 1
0.04401725138151391 0 3 2 1 3 0 1 2
-0.04401725138151391 0 3 2 1 3 0 2 1
-0.21791249365357204 0 3 2 2 0 0 0 0
-0.003665414676406499 0 3 2 2 0 0 0 3
10.894072090428887 0 3 2 2 0 0 3 0
-0.16104598665977662 0 3 2 2 0 0 3 3
-0.05090864446037309 0 3 2 2 0 3 0 0
-0.3685999122435394 0 3 2 2 0 3 3 0
-0.04155145365271836 0 3 2 2 0 3 3 3
-0.04957500614955157 0 3 2 2 3 0 0 0
-0.3542821153708241 0 3 2 2 3 0 3 0
-0.040976573968110996 0 3 2 2 3 0 3 3
-0.08758832274832026 0 3 2 2 3 3 3 0
-27.78751275397128 0 3 3 0 0 0 0 0
0.6965137732139026 0 3 3 0 0 0 0 3
-0.005908388626848398 0 3 3 0 0 0 1 1
-0.005908388626848398 0 3 3 0 0 0 2 2
0.7855925666152574 0 3 3 0 0 0 3 0
0.12442753708638579 0 3 3 0 0 0 3 3
0.9727183891969047 0 3 3 0 0 3 0 0
0.17344459931498293 0 3 3 0 0 3 0 3
0.18169766312338828 0 3 3 0 0 3 3 0
0.9317370173964883 0 3 3 0 3 0 0 0
0.16480466886381565 0 3 3 0 3 0 0 3
0.1727483330686793 0 3 3 0 3 0 3 0
0.21825825048567277 0 3 3 0 3 3 0 0
0.5041389612986545 0 3 3 3 0 0 0 0
0.1235478271951587 0 3 3 3 0 0 0 3
-0.22281493672590333 0 3 3 3 0 0 1 1
-0.22281493672590333 0 3 3 3 0 0 2 2
0.12164898354864226 0 3 3 3 0 0 3 0
0.12585474069690408 0 3 3 3 0 3 0 0
-0.05090864446037309 0 3 3 3 0 3 1 1
-0.05090864446037309 0 3 3 3 0 3 2 2
0.12074677191756326 0 3 3 3 3 0 0 0
-0.04957500614955157 0 3 3 3 3 0 1 1
-0.04957500614955157 0 3 3 3 3 0 2 2
0.0013121388809484776 1 0 0 1 1 0 0 1
1.1568386136122288 1 0 0 1 1 0 1 0
-0.0028491393284206597 1 0 0 1 1 0 1 3
-0.011248008550488514 1 0 0 1 1 3 1 0
-0.0009031836631451328 1 0 0 1 1 3 1 3
0.0013121388809484776 1 0 0 1 2 0 0 2
1.1568386136122288 1 0 0 1 2 0 2 0
-0.0028491393284206597 1 0 0 1 2 0 2 3
-0.011248008550488514 1 0 0 1 2 3 2 0
-0.0009031836631451328 1 0 0 1 2 3 2 3
1.3514270797926855 1 0 0 2 1 0 0 2
0.0004846869435930971 1 0 0 2 1 0 2 0
-0.0075267643447614885 1 0 0 2 1 0 3 2
-0.013147823125306013 1 0 0 2 1 3 0 2
-0.0014542712780136711 1 0 0 2 1 3 3 2
-1.3514270797926857 1 0 0 2 2 0 0 1
-0.0004846869435930971 1 0 0 2 2 0 1 0
0.0075267643447614885 1 0 0 2 2 0 3 1
0.013147823125306013 1 0 0 2 2 3 0 1
0.0014542712780136711 1 0 0 2 2 3 3 1
0.0013950545621079632 1 0 1 0 1 0 1 0
0.0013950545621079628 1 0 1 0 2 0 2 0
0.0004846869435930971 1 0 1 3 1 0 3 1
0.00048468694359309734 1 0 1 3 2 0 3 2
-0.0022429739504418985 1 0 2 0 1 0 0 2
1.5428942098161271 1 0 2 0 1 0 2 0
-0.005598248690527871 1 0 2 0 1 0 2 3
-0.002849139328420657 1 0 2 0 1 0 3 2
-0.015009618308848303 1 0 2 0 1 3 2 0
-0.0016109351869795035 1 0 2 0 1 3 2 3
-0.0009031836631451329 1 0 2 0 1 3 3 2
0.0022429739504418985 1 0 2 0 2 0 0 1
-1.5428942098161273 1 0 2 0 2 0 1 0
0.005598248690527871 1 0 2 0 2 0 1 3
0.002849139328420657 1 0 2 0 2 0 3 1
0.015009618308848303 1 0 2 0 2 3 1 0
0.0016109351869795035 1 0 2 0 2 3 1 3
0.0009031836631451329 1 0 2 0 2 3 3 1
-0.004902443072331258 1 0 2 3 1 0 0 2
-0.005598248690527868 1 0 2 3 1 0 2 0
-0.003332010408265648 1 0 2 3 1 0 2 3
1.1568386136122288 1 0 2 3 1 0 3 2
-0.0008970523064228339 1 0 2 3 1 3 0 2
-0.0016515807517179658 1 0 2 3 1 3 2 0
-0.011248008550488514 1 0 2 3 1 3 3 2
0.004902443072331258 1 0 2 3 2 0 0 1
0.005598248690527868 1 0 2 3 2 0 1 0
0.003332010408265648 1 0 2 3 2 0 1 3
-1.1568386136122288 1 0 2 3 2 0 3 1
0.0008970523064228339 1 0 2 3 2 3 0 1
0.0016515807517179658 1 0 2 3 2 3 1 0
0.011248008550488514 1 0 2 3 2 3 3 1
-0.00490244307233126 1 0 3 1 1 0 1 0
-0.002242973950441899 1 0 3 1 1 0 1 3
-0.0008970523064228339 1 0 3 1 1 3 1 0
-0.00490244307233126 1 0 3 1 2 0 2 0
-0.002242973950441899 1 0 3 1 2 0 2 3
-0.0008970523064228339 1 0 3 1 2 3 2 0
-0.00752676434476149 1 0 3 2 1 0 0 2
-0.0027785535377435216 1 0 3 2 1 0 3 2
-0.0014949168427521335 1 0 3 2 1 3 0 2
0.00752676434476149 1 0 3 2 2 0 0 1
0.0027785535377435216 1 0 3 2 2 0 3 1
0.0014949168427521335 1 0 3 2 2 3 0 1
0.001819329723305976 1 1 0 0 1 1 0 0
0.001819329723305976 1 1 0 0 2 2 0 0
8.129112947692451e-05 1 1 2 2 1 1 2 2
-4.0645564738462254e-05 1 1 2 2 1 2 1 2
-4.0645564738462254e-05 1 1 2 2 1 2 2 1
-4.0645564738462254e-05 1 1 2 2 2 1 1 2
-4.0645564738462254e-05 1 1 2 2 2 1 2 1
8.129112947692451e-05 1 1 2 2 2 2 1 1
2.5801129158411027 1 2 0 0 1 2 0 0
-0.014724672107585688 1 2 0 0 1 2 0 3
0.0002874398423036834 1 2 0 0 1 2 1 1
0.0002874398423036834 1 2 0 0 1 2 2 2
-0.02049068590020837 1 2 0 0 1 2 3 0
-0.002553984389670414 1 2 0 0 1 2 3 3
-2.5801129158411027 1 2 0 0 2 1 0 0
0.014724672107585688 1 2 0 0 2 1 0 3
-0.0002874398423036834 1 2 0 0 2 1 1 1
-0.0002874398423036834 1 2 0 0 2 1 2 2
0.02049068590020837 1 2 0 0 2 1 3 0
0.002553984389670414 1 2 0 0 2 1 3 3
-0.014724672107585681 1 2 0 3 1 2 0 0
-0.0044903761556106 1 2 0 3 1 2 0 3
0.0071588984363577055 1 2 0 3 1 2 1 1
0.0071588984363577055 1 2 0 3 1 2 2 2
-0.004319965225583657 1 2 0 3 1 2 3 0
0.014724672107585681 1 2 0 3 2 1 0 0
0.0044903761556106 1 2 0 3 2 1 0 3
-0.0071588984363577055 1 2 0 3 2 1 1 1
-0.0071588984363577055 1 2 0 3 2 1 2 2
0.004319965225583657 1 2 0 3 2 1 3 0
0.0006668191554107628 1 2 1 1 1 2 0 0
0.0071588984363577055 1 2 1 1 1 2 3 0
0.0002874398423036834 1 2 1 1 1 2 3 3
-0.0006668191554107628 1 2 1 1 2 1 0 0
-0.0071588984363577055 1 2 1 1 2 1 3 0
-0.0002874398423036834 1 2 1 1 2 1 3 3
-4.0645564738462254e-05 1 2 1 2 1 1 2 2
0.001806626400651705 1 2 1 2 1 2 1 2
-0.0017659808359132428 1 2 1 2 1 2 2 1
-0.0017659808359132428 1 2 1 2 2 1 1 2
0.001806626400651705 1 2 1 2 2 1 2 1
-4.0645564738462254e-05 1 2 1 2 2 2 1 1
-4.0645564738462254e-05 1 2 2 1 1 1 2 2
-0.0017659808359132428 1 2 2 1 1 2 1 2
0.001806626400651705 1 2 2 1 1 2 2 1
0.001806626400651705 1 2 2 1 2 1 1 2
-0.0017659808359132428 1 2 2 1 2 1 2 1
-4.0645564738462254e-05 1 2 2 1 2 2 1 1
0.0006668191554107628 1 2 2 2 1 2 0 0
0.0071588984363577055 1 2 2 2 1 2 3 0
0.0002874398423036834 1 2 2 2 1 2 3 3
-0.0006668191554107628 1 2 2 2 2 1 0 0
-0.0071588984363577055 1 2 2 2 2 1 3 0
-0.0002874398423036834 1 2 2 2 2 1 3 3
-0.020490685900208375 1 2 3 0 1 2 0 0
-0.004319965225583657 1 2 3 0 1 2 0 3
-0.004474665027354509 1 2 3 0 1 2 3 0
0.020490685900208375 1 2 3 0 2 1 0 0
0.004319965225583657 1 2 3 0 2 1 0 3
0.004474665027354509 1 2 3 0 2 1 3 0
-0.002553984389670414 1 2 3 3 1 2 0 0
0.0006668191554107628 1 2 3 3 1 2 1 1
0.0006668191554107628 1 2 3 3 1 2 2 2
0.002553984389670414 1 2 3 3 2 1 0 0
-0.0006668191554107628 1 2 3 3 2 1 1 1
-0.0006668191554107628 1 2 3 3 2 1 2 2
-0.011248008550488514 1 3 0 1 1 0 1 0
-0.0009031836631451329 1 3 0 1 1 0 1 3
-0.003167091295059715 1 3 0 1 1 3 1 0
-0.011248008550488514 1 3 0 1 2 0 2 0
-0.0009031836631451329 1 3 0 1 2 0 2 3
-0.003167091295059715 1 3 0 1 2 3 2 0
-0.013147823125306013 1 3 0 2 1 0 0 2
-0.0014949168427521335 1 3 0 2 1 0 3 2
-0.003702020316061459 1 3 0 2 1 3 0 2
0.013147823125306013 1 3 0 2 2 0 0 1
0.0014949168427521335 1 3 0 2 2 0 3 1
0.003702020316061459 1 3 0 2 2 3 0 1
-0.015009618308848303 1 3 2 0 1 0 2 0
-0.0016515807517179658 1 3 2 0 1 0 2 3
-0.0009031836631451328 1 3 2 0 1 0 3 2
-0.004226244252459943 1 3 2 0 1 3 2 0
0.015009618308848303 1 3 2 0 2 0 1 0
0.0016515807517179658 1 3 2 0 2 0 1 3
0.0009031836631451328 1 3 2 0 2 0 3 1
0.004226244252459943 1 3 2 0 2 3 1 0
-0.0008970523064228339 1 3 2 3 1 0 0 2
-0.0016109351869795035 1 3 2 3 1 0 2 0
-0.011248008550488514 1 3 2 3 1 0 3 2
-0.003167091295059715 1 3 2 3 1 3 3 2
0.0008970523064228339 1 3 2 3 2 0 0 1
0.0016109351869795035 1 3 2 3 2 0 1 0
0.011248008550488514 1 3 2 3 2 0 3 1
0.003167091295059715 1 3 2 3 2 3 3 1
-0.0008970523064228339 1 3 3 1 1 0 1 0
-0.0008970523064228339 1 3 3 1 2 0 2 0
-0.0014542712780136711 1 3 3 2 1 0 0 2
0.0014542712780136711 1 3 3 2 2 0 0 1
-1.3514270797926857 2 0 0 1 1 0 0 2
-0.0004846869435930969 2 0 0 1 1 0 2 0
0.0075267643447614885 2 0 0 1 1 0 3 2
0.013147823125306013 2 0 0 1 1 3 0 2
0.0014542712780136711 2 0 0 1 1 3 3 2
1.3514270797926855 2 0 0 1 2 0 0 1
0.0004846869435930971 2 0 0 1 2 0 1 0
-0.0075267643447614885 2 0 0 1 2 0 3 1
-0.013147823125306013 2 0 0 1 2 3 0 1
-0.0014542712780136711 2 0 0 1 2 3 3 1
0.0013121388809484776 2 0 0 2 1 0 0 1
1.156838613612229 2 0 0 2 1 0 1 0
-0.0028491393284206597 2 0 0 2 1 0 1 3
-0.011248008550488514 2 0 0 2 1 3 1 0
-0.0009031836631451328 2 0 0 2 1 3 1 3
0.0013121388809484776 2 0 0 2 2 0 0 2
1.156838613612229 2 0 0 2 2 0 2 0
-0.0028491393284206597 2 0 0 2 2 0 2 3
-0.011248008550488514 2 0 0 2 2 3 2 0
-0.0009031836631451328 2 0 0 2 2 3 2 3
0.0022429739504418985 2 0 1 0 1 0 0 2
-1.5428942098161273 2 0 1 0 1 0 2 0
0.005598248690527871 2 0 1 0 1 0 2 3
0.002849139328420657 2 0 1 0 1 0 3 2
0.015009618308848303 2 0 1 0 1 3 2 0
0.0016109351869795035 2 0 1 0 1 3 2 3
0.0009031836631451329 2 0 1 0 1 3 3 2
-0.0022429739504418985 2 0 1 0 2 0 0 1
1.5428942098161273 2 0 1 0 2 0 1 0
-0.005598248690527871 2 0 1 0 2 0 1 3
-0.002849139328420657 2 0 1 0 2 0 3 1
-0.015009618308848303 2 0 1 0 2 3 1 0
-0.0016109351869795035 2 0 1 0 2 3 1 3
-0.0009031836631451329 2 0 1 0 2 3 3 1
0.004902443072331258 2 0 1 3 1 0 0 2
0.005598248690527868 2 0 1 3 1 0 2 0
0.003332010408265648 2 0 1 3 1 0 2 3
-1.156838613612229 2 0 1 3 1 0 3 2
0.0008970523064228339 2 0 1 3 1 3 0 2
0.0016515807517179658 2 0 1 3 1 3 2 0
0.011248008550488514 2 0 1 3 1 3 3 2
-0.004902443072331258 2 0 1 3 2 0 0 1
-0.005598248690527868 2 0 1 3 2 0 1 0
-0.003332010408265648 2 0 1 3 2 0 1 3
1.1568386136122288 2 0 1 3 2 0 3 1
-0.0008970523064228339 2 0 1 3 2 3 0 1
-0.0016515807517179658 2 0 1 3 2 3 1 0
-0.011248008550488514 2 0 1 3 2 3 3 1
0.0013950545621079632 2 0 2 0 1 0 1 0
0.0013950545621079632 2 0 2 0 2 0 2 0
0.00048468694359309734 2 0 2 3 1 0 3 1
0.0004846869435930971 2 0 2 3 2 0 3 2
0.00752676434476149 2 0 3 1 1 0 0 2
0.0027785535377435216 2 0 3 1 1 0 3 2
0.0014949168427521335 2 0 3 1 1 3 0 2
-0.00752676434476149 2 0 3 1 2 0 0 1
-0.0027785535377435216 2 0 3 1 2 0 3 1
-0.0014949168427521335 2 0 3 1 2 3 0 1
-0.00490244307233126 2 0 3 2 1 0 1 0
-0.002242973950441899 2 0 3 2 1 0 1 3
-0.0008970523064228339 2 0 3 2 1 3 1 0
-0.00490244307233126 2 0 3 2 2 0 2 0
-0.002242973950441899 2 0 3 2 2 0 2 3
-0.0008970523064228339 2 0 3 2 2 3 2 0
-2.5801129158411027 2 1 0 0 1 2 0 0
0.014724672107585688 2 1 0 0 1 2 0 3
-0.0002874398423036834 2 1 0 0 1 2 1 1
-0.0002874398423036834 2 1 0 0 1 2 2 2
0.02049068590020837 2 1 0 0 1 2 3 0
0.002553984389670414 2 1 0 0 1 2 3 3
2.5801129158411027 2 1 0 0 2 1 0 0
-0.014724672107585688 2 1 0 0 2 1 0 3
0.0002874398423036834 2 1 0 0 2 1 1 1
0.0002874398423036834 2 1 0 0 2 1 2 2
-0.02049068590020837 2 1 0 0 2 1 3 0
-0.002553984389670414 2 1 0 0 2 1 3 3
0.014724672107585681 2 1 0 3 1 2 0 0
0.0044903761556106 2 1 0 3 1 2 0 3
-0.0071588984363577055 2 1 0 3 1 2 1 1
-0.0071588984363577055 2 1 0 3 1 2 2 2
0.004319965225583657 2 1 0 3 1 2 3 0
-0.014724672107585681 2 1 0 3 2 1 0 0
-0.0044903761556106 2 1 0 3 2 1 0 3
0.0071588984363577055 2 1 0 3 2 1 1 1
0.0071588984363577055 2 1 0 3 2 1 2 2
-0.004319965225583657 2 1 0 3 2 1 3 0
-0.0006668191554107628 2 1 1 1 1 2 0 0
-0.0071588984363577055 2 1 1 1 1 2 3 0
-0.0002874398423036834 2 1 1 1 1 2 3 3
0.0006668191554107628 2 1 1 1 2 1 0 0
0.0071588984363577055 2 1 1 1 2 1 3 0
0.0002874398423036834 2 1 1 1 2 1 3 3
-4.0645564738462254e-05 2 1 1 2 1 1 2 2
-0.0017659808359132428 2 1 1 2 1 2 1 2
0.001806626400651705 2 1 1 2 1 2 2 1
0.001806626400651705 2 1 1 2 2 1 1 2
-0.0017659808359132428 2 1 1 2 2 1 2 1
-4.0645564738462254e-05 2 1 1 2 2 2 1 1
-4.0645564738462254e-05 2 1 2 1 1 1 2 2
0.001806626400651705 2 1 2 1 1 2 1 2
-0.0017659808359132428 2 1 2 1 1 2 2 1
-0.0017659808359132428 2 1 2 1 2 1 1 2
0.001806626400651705 2 1 2 1 2 1 2 1
-4.0645564738462254e-05 2 1 2 1 2 2 1 1
-0.0006668191554107628 2 1 2 2 1 2 0 0
-0.0071588984363577055 2 1 2 2 1 2 3 0
-0.0002874398423036834 2 1 2 2 1 2 3 3
0.0006668191554107628 2 1 2 2 2 1 0 0
0.0071588984363577055 2 1 2 2 2 1 3 0
0.0002874398423036834 2 1 2 2 2 1 3 3
0.020490685900208375 2 1 3 0 1 2 0 0
0.004319965225583657 2 1 3 0 1 2 0 3
0.004474665027354509 2 1 3 0 1 2 3 0
-0.020490685900208375 2 1 3 0 2 1 0 0
-0.004319965225583657 2 1 3 0 2 1 0 3
-0.004474665027354509 2 1 3 0 2 1 3 0
0.002553984389670414 2 1 3 3 1 2 0 0
-0.0006668191554107628 2 1 3 3 1 2 1 1
-0.0006668191554107628 2 1 3 3 1 2 2 2
-0.002553984389670414 2 1 3 3 2 1 0 0
0.0006668191554107628 2 1 3 3 2 1 1 1
0.0006668191554107628 2 1 3 3 2 1 2 2
0.001819329723305976 2 2 0 0 1 1 0 0
0.001819329723305976 2 2 0 0 2 2 0 0
8.129112947692451e-05 2 2 1 1 1 1 2 2
-4.0645564738462254e-05 2 2 1 1 1 2 1 2
-4.0645564738462254e-05 2 2 1 1 1 2 2 1
-4.0645564738462254e-05 2 2 1 1 2 1 1 2
-4.0645564738462254e-05 2 2 1 1 2 1 2 1
8.129112947692451e-05 2 2 1 1 2 2 1 1
0.013147823125306013 2 3 0 1 1 0 0 2
0.0014949168427521335 2 3 0 1 1 0 3 2
0.003702020316061459 2 3 0 1 1 3 0 2
-0.013147823125306013 2 3 0 1 2 0 0 1
-0.0014949168427521335 2 3 0 1 2 0 3 1
-0.003702020316061459 2 3 0 1 2 3 0 1
-0.011248008550488514 2 3 0 2 1 0 1 0
-0.0009031836631451329 2 3 0 2 1 0 1 3
-0.003167091295059715 2 3 0 2 1 3 1 0
-0.011248008550488514 2 3 0 2 2 0 2 0
-0.0009031836631451329 2 3 0 2 2 0 2 3
-0.003167091295059715 2 3 0 2 2 3 2 0
0.015009618308848303 2 3 1 0 1 0 2 0
0.0016515807517179658 2 3 1 0 1 0 2 3
0.0009031836631451328 2 3 1 0 1 0 3 2
0.004226244252459943 2 3 1 0 1 3 2 0
-0.015009618308848303 2 3 1 0 2 0 1 0
-0.0016515807517179658 2 3 1 0 2 0 1 3
-0.0009031836631451328 2 3 1 0 2 0 3 1
-0.004226244252459943 2 3 1 0 2 3 1 0
0.0008970523064228339 2 3 1 3 1 0 0 2
0.0016109351869795035 2 3 1 3 1 0 2 0
0.011248008550488514 2 3 1 3 1 0 3 2
0.003167091295059715 2 3 1 3 1 3 3 2
-0.0008970523064228339 2 3 1 3 2 0 0 1
-0.0016109351869795035 2 3 1 3 2 0 1 0
-0.011248008550488514 2 3 1 3 2 0 3 1
-0.003167091295059715 2 3 1 3 2 3 3 1
0.0014542712780136711 2 3 3 1 1 0 0 2
-0.0014542712780136711 2 3 3 1 2 0 0 1
-0.0008970523064228339 2 3 3 2 1 0 1 0
-0.0008970523064228339 2 3 3 2 2 0 2 0
-176.1597660131947 3 0 0 0 0 0 0 0
-27.750666554616615 3 0 0 0 0 0 0 3
-0.16389512598819725 3 0 0 0 0 0 1 1
-0.16389512598819725 3 0 0 0 0 0 2 2
-29.331802018349517 3 0 0 0 0 0 3 0
0.5172639743339441 3 0 0 0 0 0 3 3
-40.346261785395164 3 0 0 0 0 3 0 0
0.7991724500349447 3 0 0 0 0 3 0 3
-0.040976573968110996 3 0 0 0 0 3 1 1
-0.040976573968110996 3 0 0 0 0 3 2 2
0.9317370173964883 3 0 0 0 0 3 3 0
0.12074677191756325 3 0 0 0 0 3 3 3
-45.50648761707733 3 0 0 0 3 0 0 0
0.8286217942501164 3 0 0 0 3 0 0 3
-0.04155145365271836 3 0 0 0 3 0 1 1
-0.04155145365271836 3 0 0 0 3 0 2 2
0.9727183891969051 3 0 0 0 3 0 3 0
0.12585474069690408 3 0 0 0 3 0 3 3
1.2711670955511905 3 0 0 0 3 3 0 0
0.20075133859134583 3 0 0 0 3 3 0 3
0.21403200623321286 3 0 0 0 3 3 3 0
-26.397927335942978 3 0 0 3 0 0 0 0
0.6308295425736063 3 0 0 3 0 0 0 3
12.0513953909847 3 0 0 3 0 0 1 1
12.0513953909847 3 0 0 3 0 0 2 2
0.6945852575596692 3 0 0 3 0 0 3 0
0.12687983760342433 3 0 0 3 0 0 3 3
0.7991724500349446 3 0 0 3 0 3 0 0
0.16126018899089603 3 0 0 3 0 3 0 3
-0.3542821153708241 3 0 0 3 0 3 1 1
-0.3542821153708241 3 0 0 3 0 3 2 2
0.16480466886381565 3 0 0 3 0 3 3 0
0.8286217942501162 3 0 0 3 3 0 0 0
0.17024094130211723 3 0 0 3 3 0 0 3
-0.3685999122435396 3 0 0 3 3 0 1 1
-0.3685999122435396 3 0 0 3 3 0 2 2
0.17344459931498293 3 0 0 3 3 0 3 0
0.2044533589074073 3 0 0 3 3 3 0 0
-0.08442123145326055 3 0 0 3 3 3 1 1
-0.08442123145326055 3 0 0 3 3 3 2 2
-0.21791249365357207 3 0 1 1 0 0 0 0
-0.003665414676406499 3 0 1 1 0 0 0 3
10.894072090428887 3 0 1 1 0 0 3 0
-0.16104598665977662 3 0 1 1 0 0 3 3
-0.04957500614955157 3 0 1 1 0 3 0 0
-0.3542821153708241 3 0 1 1 0 3 3 0
-0.040976573968110996 3 0 1 1 0 3 3 3
-0.05090864446037309 3 0 1 1 3 0 0 0
-0.3685999122435396 3 0 1 1 3 0 3 0
-0.04155145365271836 3 0 1 1 3 0 3 3
-0.08758832274832026 3 0 1 1 3 3 3 0
-0.18484804757048667 3 0 1 2 0 0 1 2
0.18484804757048667 3 0 1 2 0 0 2 1
-0.044017251381513904 3 0 1 2 0 3 1 2
0.044017251381513904 3 0 1 2 0 3 2 1
-0.047589858618078844 3 0 1 2 3 0 1 2
0.047589858618078844 3 0 1 2 3 0 2 1
0.18484804757048667 3 0 2 1 0 0 1 2
-0.18484804757048667 3 0 2 1 0 0 2 1
0.04401725138151391 3 0 2 1 0 3 1 2
-0.04401725138151391 3 0 2 1 0 3 2 1
0.047589858618078844 3 0 2 1 3 0 1 2
-0.047589858618078844 3 0 2 1 3 0 2 1
-0.21791249365357207 3 0 2 2 0 0 0 0
-0.003665414676406499 3 0 2 2 0 0 0 3
10.894072090428887 3 0 2 2 0 0 3 0
-0.16104598665977662 3 0 2 2 0 0 3 3
-0.04957500614955157 3 0 2 2 0 3 0 0
-0.3542821153708241 3 0 2 2 0 3 3 0
-0.040976573968110996 3 0 2 2 0 3 3 3
-0.05090864446037309 3 0 2 2 3 0 0 0
-0.3685999122435396 3 0 2 2 3 0 3 0
-0.04155145365271836 3 0 2 2 3 0 3 3
-0.08758832274832026 3 0 2 2 3 3 3 0
-27.78751275397128 3 0 3 0 0 0 0 0
0.696513773213903 3 0 3 0 0 0 0 3
-0.005908388626848398 3 0 3 0 0 0 1 1
-0.005908388626848398 3 0 3 0 0 0 2 2
0.7855925666152577 3 0 3 0 0 0 3 0
0.12442753708638579 3 0 3 0 0 0 3 3
0.9317370173964883 3 0 3 0 0 3 0 0
0.16480466886381565 3 0 3 0 0 3 0 3
0.1727483330686793 3 0 3 0 0 3 3 0
0.9727183891969051 3 0 3 0 3 0 0 0
0.17344459931498293 3 0 3 0 3 0 0 3
0.18169766312338828 3 0 3 0 3 0 3 0
0.21825825048567277 3 0 3 0 3 3 0 0
0.5041389612986547 3 0 3 3 0 0 0 0
0.1235478271951587 3 0 3 3 0 0 0 3
-0.22281493672590336 3 0 3 3 0 0 1 1
-0.22281493672590336 3 0 3 3 0 0 2 2
0.12164898354864226 3 0 3 3 0 0 3 0
0.12074677191756326 3 0 3 3 0 3 0 0
-0.04957500614955157 3 0 3 3 0 3 1 1
-0.04957500614955157 3 0 3 3 0 3 2 2
0.12585474069690408 3 0 3 3 3 0 0 0
-0.05090864446037309 3 0 3 3 3 0 1 1
-0.05090864446037309 3 0 3 3 3 0 2 2
-0.011248008550488527 3 1 0 1 0 1 1 0
-0.0009031836631451329 3 1 0 1 0 1 1 3
-0.011248008550488527 3 1 0 1 0 2 2 0
-0.0009031836631451329 3 1 0 1 0 2 2 3
-0.003167091295059715 3 1 0 1 3 1 1 0
-0.003167091295059715 3 1 0 1 3 2 2 0
-0.013147823125306025 3 1 0 2 0 1 0 2
-0.0014949168427521335 3 1 0 2 0 1 3 2
0.013147823125306025 3 1 0 2 0 2 0 1
0.0014949168427521335 3 1 0 2 0 2 3 1
-0.003702020316061459 3 1 0 2 3 1 0 2
0.003702020316061459 3 1 0 2 3 2 0 1
-0.015009618308848319 3 1 2 0 0 1 2 0
-0.0016515807517179658 3 1 2 0 0 1 2 3
-0.0009031836631451327 3 1 2 0 0 1 3 2
0.015009618308848319 3 1 2 0 0 2 1 0
0.0016515807517179658 3 1 2 0 0 2 1 3
0.0009031836631451327 3 1 2 0 0 2 3 1
-0.004226244252459942 3 1 2 0 3 1 2 0
0.004226244252459942 3 1 2 0 3 2 1 0
-0.0008970523064228339 3 1 2 3 0 1 0 2
-0.0016109351869795035 3 1 2 3 0 1 2 0
-0.011248008550488527 3 1 2 3 0 1 3 2
0.0008970523064228339 3 1 2 3 0 2 0 1
0.0016109351869795035 3 1 2 3 0 2 1 0
0.011248008550488527 3 1 2 3 0 2 3 1
-0.003167091295059715 3 1 2 3 3 1 3 2
0.003167091295059715 3 1 2 3 3 2 3 1
-0.0008970523064228339 3 1 3 1 0 1 1 0
-0.0008970523064228339 3 1 3 1 0 2 2 0
-0.0014542712780136711 3 1 3 2 0 1 0 2
0.0014542712780136711 3 1 3 2 0 2 0 1
0.013147823125306025 3 2 0 1 0 1 0 2
0.0014949168427521335 3 2 0 1 0 1 3 2
-0.013147823125306025 3 2 0 1 0 2 0 1
-0.0014949168427521335 3 2 0 1 0 2 3 1
0.003702020316061459 3 2 0 1 3 1 0 2
-0.003702020316061459 3 2 0 1 3 2 0 1
-0.011248008550488527 3 2 0 2 0 1 1 0
-0.0009031836631451329 3 2 0 2 0 1 1 3
-0.011248008550488527 3 2 0 2 0 2 2 0
-0.0009031836631451329 3 2 0 2 0 2 2 3
-0.003167091295059715 3 2 0 2 3 1 1 0
-0.003167091295059715 3 2 0 2 3 2 2 0
0.015009618308848319 3 2 1 0 0 1 2 0
0.0016515807517179658 3 2 1 0 0 1 2 3
0.0009031836631451327 3 2 1 0 0 1 3 2
-0.015009618308848319 3 2 1 0 0 2 1 0
-0.0016515807517179658 3 2 1 0 0 2 1 3
-0.0009031836631451327 3 2 1 0 0 2 3 1
0.004226244252459942 3 2 1 0 3 1 2 0
-0.004226244252459942 3 2 1 0 3 2 1 0
0.0008970523064228339 3 2 1 3 0 1 0 2
0.0016109351869795035 3 2 1 3 0 1 2 0
0.011248008550488527 3 2 1 3 0 1 3 2
-0.0008970523064228339 3 2 1 3 0 2 0 1
-0.0016109351869795035 3 2 1 3 0 2 1 0
-0.011248008550488527 3 2 1 3 0 2 3 1
0.003167091295059715 3 2 1 3 3 1 3 2
-0.003167091295059715 3 2 1 3 3 2 3 1
0.0014542712780136711 3 2 3 1 0 1 0 2
-0.0014542712780136711 3 2 3 1 0 2 0 1
-0.0008970523064228339 3 2 3 2 0 1 1 0
-0.0008970523064228339 3 2 3 2 0 2 2 0
-37.76432953983072 3 3 0 0 0 0 0 0
0.797595601052665 3 3 0 0 0 0 0 3
-0.04159231778895245 3 3 0 0 0 0 1 1
-0.04159231778895245 3 3 0 0 0 0 2 2
0.9262559498051282 3 3 0 0 0 0 3 0
0.12133928512236294 3 3 0 0 0 0 3 3
1.27116709555119 3 3 0 0 0 3 0 0
0.2044533589074073 3 3 0 0 0 3 0 3
0.21825825048567277 3 3 0 0 0 3 3 0
1.2711670955511902 3 3 0 0 3 0 0 0
0.2044533589074073 3 3 0 0 3 0 0 3
0.21825825048567277 3 3 0 0 3 0 3 0
0.31151279047634767 3 3 0 0 3 3 0 0
0.771299954802053 3 3 0 3 0 0 0 0
0.15676981283528543 3 3 0 3 0 0 0 3
-0.3583712254849549 3 3 0 3 0 0 1 1
-0.3583712254849549 3 3 0 3 0 0 2 2
0.16060072198245934 3 3 0 3 0 0 3 0
0.2007513385913458 3 3 0 3 0 3 0 0
-0.08758832274832026 3 3 0 3 0 3 1 1
-0.08758832274832026 3 3 0 3 0 3 2 2
0.2007513385913458 3 3 0 3 3 0 0 0
-0.08758832274832026 3 3 0 3 3 0 1 1
-0.08758832274832026 3 3 0 3 3 0 2 2
-0.04801113468771798 3 3 1 1 0 0 0 0
-0.3358752083839779 3 3 1 1 0 0 3 0
-0.03978595046266217 3 3 1 1 0 0 3 3
-0.08442123145326055 3 3 1 1 0 3 3 0
-0.08442123145326055 3 3 1 1 3 0 3 0
-0.04225127054560067 3 3 1 2 0 0 1 2
0.04225127054560067 3 3 1 2 0 0 2 1
0.04225127054560067 3 3 2 1 0 0 1 2
-0.04225127054560067 3 3 2 1 0 0 2 1
-0.04801113468771798 3 3 2 2 0 0 0 0
-0.3358752083839779 3 3 2 2 0 0 3 0
-0.03978595046266217 3 3 2 2 0 0 3 3
-0.08442123145326055 3 3 2 2 0 3 3 0
-0.08442123145326055 3 3 2 2 3 0 3 0
0.8962367131874316 3 3 3 0 0 0 0 0
0.1602873941645277 3 3 3 0 0 0 0 3
0.1682736680413248 3 3 3 0 0 0 3 0
0.21403200623321283 3 3 3 0 0 3 0 0
0.21403200623321283 3 3 3 0 3 0 0 0
0.11512758106289966 3 3 3 3 0 0 0 0
-0.049805239300563645 3 3 3 3 0 0 1 1
-0.049805239300563645 3 3 3 3 0 0 2 2
