9114.584528940837 0 0 0 0 0 0 0 0
-97.2940884238852 0 0 0 0 0 0 0 3
-177.27067849557824 0 0 0 0 0 0 3 0
-27.22614379213979 0 0 0 0 0 0 3 3
-177.27067849557832 0 0 0 0 0 3 0 0
-27.226143792139787 0 0 0 0 0 3 0 3
-37.678650671953264 0 0 0 0 0 3 3 0
0.7799548488881477 0 0 0 0 0 3 3 3
-0.03844167173251155 0 0 0 0 1 3 3 1
-0.03844167173251155 0 0 0 0 2 3 3 2
-154.64358923342914 0 0 0 0 3 0 0 0
-19.401503691683676 0 0 0 0 3 0 0 3
-29.158866505343237 0 0 0 0 3 0 3 0
0.5615610585873508 0 0 0 0 3 0 3 3
-29.158866505343237 0 0 0 0 3 3 0 0
0.561561058587351 0 0 0 0 3 3 0 3
0.9554055797886629 0 0 0 0 3 3 3 0
0.1302408279859586 0 0 0 0 3 3 3 3
-97.29408842388513 0 0 0 3 0 0 0 0
-31.69613873628382 0 0 0 3 0 0 0 3
-28.634973956167155 0 0 0 3 0 0 3 0
0.6385138569860332 0 0 0 3 0 0 3 3
-28.63497395616715 0 0 0 3 0 3 0 0
0.6385138569860334 0 0 0 3 0 3 0 3
0.8075832335320288 0 0 0 3 0 3 3 0
0.1651178019824003 0 0 0 3 0 3 3 3
-0.0793891787247889 0 0 0 3 1 0 3 1
-0.0793891787247889 0 0 0 3 1 3 0 1
-0.32885812661125485 0 0 0 3 1 3 3 1
-0.0793891787247889 0 0 0 3 2 0 3 2
-0.0793891787247889 0 0 0 3 2 3 0 2
-0.32885812661125485 0 0 0 3 2 3 3 2
-30.005803352950444 0 0 0 3 3 0 0 0
0.5534028919198226 0 0 0 3 3 0 0 3
0.7332779490477098 0 0 0 3 3 0 3 0
0.13647664388820457 0 0 0 3 3 0 3 3
0.7332779490477099 0 0 0 3 3 3 0 0
0.13647664388820457 0 0 0 3 3 3 0 3
0.17043533664233695 0 0 0 3 3 3 3 0
0.0016252174010971403 0 0 1 1 0 0 1 1
0.0016252174010971407 0 0 1 1 0 0 2 2
1.4072049466262613 0 0 1 2 0 0 1 2
-1.4072049466262613 0 0 1 2 0 0 2 1
-0.01381419232194057 0 0 1 2 0 3 1 2
0.01381419232194057 0 0 1 2 0 3 2 1
-0.0028220289012906253 0 0 1 2 1 0 2 0
-0.010099556576067011 0 0 1 2 1 3 2 0
-0.0008050458725991137 0 0 1 2 1 3 2 3
0.0028220289012906253 0 0 1 2 2 0 1 0
0.010099556576067011 0 0 1 2 2 3 1 0
0.0008050458725991137 0 0 1 2 2 3 1 3
-0.009387519048803089 0 0 1 2 3 0 1 2
0.009387519048803089 0 0 1 2 3 0 2 1
-0.0018054125918985225 0 0 1 2 3 3 1 2
0.0018054125918985225 0 0 1 2 3 3 2 1
-1.4072049466262613 0 0 2 1 0 0 1 2
1.4072049466262613 0 0 2 1 0 0 2 1
0.01381419232194057 0 0 2 1 0 3 1 2
-0.01381419232194057 0 0 2 1 0 3 2 1
0.0028220289012906253 0 0 2 1 1 0 2 0
0.010099556576067011 0 0 2 1 1 3 2 0
0.0008050458725991137 0 0 2 1 1 3 2 3
-0.0028220289012906253 0 0 2 1 2 0 1 0
-0.010099556576067011 0 0 2 1 2 3 1 0
-0.0008050458725991137 0 0 2 1 2 3 1 3
0.009387519048803089 0 0 2 1 3 0 1 2
-0.009387519048803089 0 0 2 1 3 0 2 1
0.0018054125918985225 0 0 2 1 3 3 1 2
-0.0018054125918985225 0 0 2 1 3 3 2 1
0.0016252174010971407 0 0 2 2 0 0 1 1
0.0016252174010971403 0 0 2 2 0 0 2 2
-177.2706784955782 0 0 3 0 0 0 0 0
-28.634973956167155 0 0 3 0 0 0 0 3
-45.411636721205504 0 0 3 0 0 0 3 0
0.8356338469230034 0 0 3 0 0 0 3 3
-40.25753742225022 0 0 3 0 0 3 0 0
0.8077239764477269 0 0 3 0 0 3 0 3
1.2809389644135392 0 0 3 0 0 3 3 0
0.20683363114250902 0 0 3 0 0 3 3 3
-0.03836815713696291 0 0 3 0 1 0 3 1
-0.03788046961892927 0 0 3 0 1 3 0 1
-0.14772801403414632 0 0 3 0 1 3 3 1
-0.03836815713696291 0 0 3 0 2 0 3 2
-0.03788046961892927 0 0 3 0 2 3 0 2
-0.14772801403414632 0 0 3 0 2 3 3 2
-30.91882743494724 0 0 3 0 3 0 0 0
0.5778188062023384 0 0 3 0 3 0 0 3
1.0387907197540132 0 0 3 0 3 0 3 0
0.14282924319677037 0 0 3 0 3 0 3 3
0.994706183982253 0 0 3 0 3 3 0 0
0.13708013991652268 0 0 3 0 3 3 0 3
0.2255821422204839 0 0 3 0 3 3 3 0
-27.226143792139784 0 0 3 3 0 0 0 0
0.6385138569860331 0 0 3 3 0 0 0 3
0.8356338469230031 0 0 3 3 0 0 3 0
0.17917158246646667 0 0 3 3 0 0 3 3
0.8077239764477266 0 0 3 3 0 3 0 0
0.16980239547708909 0 0 3 3 0 3 0 3
0.21069360753720384 0 0 3 3 0 3 3 0
-0.07656714982349828 0 0 3 3 1 0 0 1
-0.3386915765248694 0 0 3 3 1 0 3 1
-0.32540290553174833 0 0 3 3 1 3 0 1
10.890870303433474 0 0 3 3 1 3 3 1
-0.07656714982349828 0 0 3 3 2 0 0 2
-0.3386915765248694 0 0 3 3 2 0 3 2
-0.32540290553174833 0 0 3 3 2 3 0 2
10.890870303433474 0 0 3 3 2 3 3 2
0.7307606585650912 0 0 3 3 3 0 0 0
0.1402937717545131 0 0 3 3 3 0 0 3
0.18419594329805453 0 0 3 3 3 0 3 0
0.17530955713133406 0 0 3 3 3 3 0 0
0.001625217401097142 0 1 0 1 0 1 0 1
0.001625217401097142 0 1 0 1 0 2 0 2
1.407204946626261 0 1 0 2 0 1 0 2
-0.013814192321940562 0 1 0 2 0 1 3 2
-1.407204946626261 0 1 0 2 0 2 0 1
0.013814192321940562 0 1 0 2 0 2 3 1
-0.002822028901290625 0 1 0 2 1 2 0 0
-0.010099556576067007 0 1 0 2 1 2 3 0
-0.0008050458725991141 0 1 0 2 1 2 3 3
0.002822028901290625 0 1 0 2 2 1 0 0
0.010099556576067007 0 1 0 2 2 1 3 0
0.0008050458725991141 0 1 0 2 2 1 3 3
-0.009387519048803089 0 1 0 2 3 1 0 2
-0.0018054125918985225 0 1 0 2 3 1 3 2
0.009387519048803089 0 1 0 2 3 2 0 1
0.0018054125918985225 0 1 0 2 3 2 3 1
0.0018371008192980666 0 1 1 0 0 1 1 0
0.0018371008192980675 0 1 1 0 0 2 2 0
2.5770496494776602 0 1 2 0 0 1 2 0
-0.013954935237638478 0 1 2 0 0 1 2 3
-2.5770496494776602 0 1 2 0 0 2 1 0
0.013954935237638478 0 1 2 0 0 2 1 3
0.00024384375901682762 0 1 2 0 1 1 2 1
-0.00024384375901682762 0 1 2 0 1 2 1 1
0.00024384375901682762 0 1 2 0 2 1 2 2
-0.00024384375901682762 0 1 2 0 2 2 1 2
-0.022042267885880294 0 1 2 0 3 1 2 0
-0.002874551640123864 0 1 2 0 3 1 2 3
0.022042267885880294 0 1 2 0 3 2 1 0
0.002874551640123864 0 1 2 0 3 2 1 3
-0.01395493523763847 0 1 2 3 0 1 2 0
-0.004684593494688801 0 1 2 3 0 1 2 3
0.01395493523763847 0 1 2 3 0 2 1 0
0.004684593494688801 0 1 2 3 0 2 1 3
0.006644335496560515 0 1 2 3 1 1 2 1
-0.006644335496560515 0 1 2 3 1 2 1 1
0.006644335496560515 0 1 2 3 2 1 2 2
-0.006644335496560515 0 1 2 3 2 2 1 2
-0.004443193083360268 0 1 2 3 3 1 2 0
0.004443193083360268 0 1 2 3 3 2 1 0
-0.0001993243908304628 0 1 3 1 1 1 3 0
-0.0001993243908304628 0 1 3 1 2 2 3 0
-0.013814192321940562 0 1 3 2 0 1 0 2
-0.0038599763946948022 0 1 3 2 0 1 3 2
0.013814192321940562 0 1 3 2 0 2 0 1
0.0038599763946948022 0 1 3 2 0 2 3 1
-0.010099556576067007 0 1 3 2 1 2 0 0
-0.0008050458725991135 0 1 3 2 1 2 0 3
1.0298954257293873 0 1 3 2 1 2 3 0
-0.001943712071777837 0 1 3 2 1 2 3 3
0.010099556576067007 0 1 3 2 2 1 0 0
0.0008050458725991135 0 1 3 2 2 1 0 3
-1.0298954257293873 0 1 3 2 2 1 3 0
0.001943712071777837 0 1 3 2 2 1 3 3
-0.001882504890892228 0 1 3 2 3 1 0 2
0.001882504890892228 0 1 3 2 3 2 0 1
-1.407204946626261 0 2 0 1 0 1 0 2
0.013814192321940562 0 2 0 1 0 1 3 2
1.4072049466262613 0 2 0 1 0 2 0 1
-0.013814192321940562 0 2 0 1 0 2 3 1
0.002822028901290625 0 2 0 1 1 2 0 0
0.010099556576067007 0 2 0 1 1 2 3 0
0.0008050458725991141 0 2 0 1 1 2 3 3
-0.002822028901290625 0 2 0 1 2 1 0 0
-0.010099556576067007 0 2 0 1 2 1 3 0
-0.0008050458725991141 0 2 0 1 2 1 3 3
0.009387519048803089 0 2 0 1 3 1 0 2
0.0018054125918985225 0 2 0 1 3 1 3 2
-0.009387519048803089 0 2 0 1 3 2 0 1
-0.0018054125918985225 0 2 0 1 3 2 3 1
0.0016252174010971425 0 2 0 2 0 1 0 1
0.0016252174010971425 0 2 0 2 0 2 0 2
-2.5770496494776602 0 2 1 0 0 1 2 0
0.013954935237638478 0 2 1 0 0 1 2 3
2.5770496494776602 0 2 1 0 0 2 1 0
-0.013954935237638478 0 2 1 0 0 2 1 3
-0.00024384375901682762 0 2 1 0 1 1 2 1
0.00024384375901682762 0 2 1 0 1 2 1 1
-0.00024384375901682762 0 2 1 0 2 1 2 2
0.00024384375901682762 0 2 1 0 2 2 1 2
0.022042267885880294 0 2 1 0 3 1 2 0
0.002874551640123864 0 2 1 0 3 1 2 3
-0.022042267885880294 0 2 1 0 3 2 1 0
-0.002874551640123864 0 2 1 0 3 2 1 3
0.01395493523763847 0 2 1 3 0 1 2 0
0.004684593494688801 0 2 1 3 0 1 2 3
-0.01395493523763847 0 2 1 3 0 2 1 0
-0.004684593494688801 0 2 1 3 0 2 1 3
-0.006644335496560515 0 2 1 3 1 1 2 1
0.006644335496560515 0 2 1 3 1 2 1 1
-0.006644335496560515 0 2 1 3 2 1 2 2
0.006644335496560515 0 2 1 3 2 2 1 2
0.004443193083360268 0 2 1 3 3 1 2 0
-0.004443193083360268 0 2 1 3 3 2 1 0
0.0018371008192980675 0 2 2 0 0 1 1 0
0.0018371008192980675 0 2 2 0 0 2 2 0
0.013814192321940562 0 2 3 1 0 1 0 2
0.0038599763946948022 0 2 3 1 0 1 3 2
-0.013814192321940562 0 2 3 1 0 2 0 1
-0.0038599763946948022 0 2 3 1 0 2 3 1
0.010099556576067007 0 2 3 1 1 2 0 0
0.0008050458725991135 0 2 3 1 1 2 0 3
-1.0298954257293873 0 2 3 1 1 2 3 0
0.001943712071777837 0 2 3 1 1 2 3 3
-0.010099556576067007 0 2 3 1 2 1 0 0
-0.0008050458725991135 0 2 3 1 2 1 0 3
1.0298954257293873 0 2 3 1 2 1 3 0
-0.001943712071777837 0 2 3 1 2 1 3 3
0.001882504890892228 0 2 3 1 3 1 0 2
-0.001882504890892228 0 2 3 1 3 2 0 1
-0.0001993243908304628 0 2 3 2 1 1 3 0
-0.000199324390830463 0 2 3 2 2 2 3 0
-177.2706784955782 0 3 0 0 0 0 0 0
-28.63497395616715 0 3 0 0 0 0 0 3
-40.25753742225023 0 3 0 0 0 0 3 0
0.8077239764477268 0 3 0 0 0 0 3 3
-45.41163672120551 0 3 0 0 0 3 0 0
0.8356338469230036 0 3 0 0 0 3 0 3
1.2809389644135394 0 3 0 0 0 3 3 0
0.20683363114250908 0 3 0 0 0 3 3 3
-0.03788046961892926 0 3 0 0 1 0 3 1
-0.03836815713696292 0 3 0 0 1 3 0 1
-0.14772801403414632 0 3 0 0 1 3 3 1
-0.03788046961892926 0 3 0 0 2 0 3 2
-0.03836815713696292 0 3 0 0 2 3 0 2
-0.14772801403414632 0 3 0 0 2 3 3 2
-30.918827434947232 0 3 0 0 3 0 0 0
0.5778188062023385 0 3 0 0 3 0 0 3
0.9947061839822529 0 3 0 0 3 0 3 0
0.13708013991652268 0 3 0 0 3 0 3 3
1.0387907197540134 0 3 0 0 3 3 0 0
0.14282924319677037 0 3 0 0 3 3 0 3
0.22558214222048395 0 3 0 0 3 3 3 0
-27.226143792139787 0 3 0 3 0 0 0 0
0.6385138569860332 0 3 0 3 0 0 0 3
0.8077239764477265 0 3 0 3 0 0 3 0
0.16980239547708909 0 3 0 3 0 0 3 3
0.8356338469230035 0 3 0 3 0 3 0 0
0.17917158246646664 0 3 0 3 0 3 0 3
0.21069360753720387 0 3 0 3 0 3 3 0
-0.07656714982349827 0 3 0 3 1 0 0 1
-0.32540290553174844 0 3 0 3 1 0 3 1
-0.33869157652486925 0 3 0 3 1 3 0 1
10.890870303433472 0 3 0 3 1 3 3 1
-0.07656714982349827 0 3 0 3 2 0 0 2
-0.32540290553174844 0 3 0 3 2 0 3 2
-0.33869157652486925 0 3 0 3 2 3 0 2
10.890870303433474 0 3 0 3 2 3 3 2
0.7307606585650912 0 3 0 3 3 0 0 0
0.1402937717545131 0 3 0 3 3 0 0 3
0.1753095571313341 0 3 0 3 3 0 3 0
0.18419594329805458 0 3 0 3 3 3 0 0
-0.00019932439083046214 0 3 1 1 1 3 1 0
-0.00019932439083046214 0 3 1 1 2 3 2 0
-0.013814192321940566 0 3 1 2 0 0 1 2
0.013814192321940566 0 3 1 2 0 0 2 1
-0.003859976394694803 0 3 1 2 0 3 1 2
0.003859976394694803 0 3 1 2 0 3 2 1
-0.010099556576067013 0 3 1 2 1 0 2 0
-0.0008050458725991135 0 3 1 2 1 0 2 3
1.0298954257293873 0 3 1 2 1 3 2 0
-0.001943712071777837 0 3 1 2 1 3 2 3
0.010099556576067013 0 3 1 2 2 0 1 0
0.0008050458725991135 0 3 1 2 2 0 1 3
-1.0298954257293873 0 3 1 2 2 3 1 0
0.001943712071777837 0 3 1 2 2 3 1 3
-0.0018825048908922282 0 3 1 2 3 0 1 2
0.0018825048908922282 0 3 1 2 3 0 2 1
0.013814192321940566 0 3 2 1 0 0 1 2
-0.013814192321940566 0 3 2 1 0 0 2 1
0.003859976394694803 0 3 2 1 0 3 1 2
-0.003859976394694803 0 3 2 1 0 3 2 1
0.010099556576067013 0 3 2 1 1 0 2 0
0.0008050458725991135 0 3 2 1 1 0 2 3
-1.0298954257293873 0 3 2 1 1 3 2 0
0.001943712071777837 0 3 2 1 1 3 2 3
-0.010099556576067013 0 3 2 1 2 0 1 0
-0.0008050458725991135 0 3 2 1 2 0 1 3
1.0298954257293873 0 3 2 1 2 3 1 0
-0.001943712071777837 0 3 2 1 2 3 1 3
0.0018825048908922282 0 3 2 1 3 0 1 2
-0.0018825048908922282 0 3 2 1 3 0 2 1
-0.00019932439083046214 0 3 2 2 1 3 1 0
-0.0001993243908304617 0 3 2 2 2 3 2 0
-37.678650671953264 0 3 3 0 0 0 0 0
0.8075832335320289 0 3 3 0 0 0 0 3
1.2809389644135392 0 3 3 0 0 0 3 0
0.21069360753720384 0 3 3 0 0 0 3 3
1.2809389644135394 0 3 3 0 0 3 0 0
0.21069360753720387 0 3 3 0 0 3 0 3
0.31151279047634767 0 3 3 0 0 3 3 0
-0.03683157998731333 0 3 3 0 1 0 0 1
-0.14578430196236847 0 3 3 0 1 0 3 1
-0.14578430196236847 0 3 3 0 1 3 0 1
0.8408131198865197 0 3 3 0 1 3 3 1
-0.03683157998731333 0 3 3 0 2 0 0 2
-0.14578430196236847 0 3 3 0 2 0 3 2
-0.14578430196236847 0 3 3 0 2 3 0 2
0.8408131198865197 0 3 3 0 2 3 3 2
0.9899222524040824 0 3 3 0 3 0 0 0
0.13832453316482646 0 3 3 0 3 0 0 3
0.23040448501164795 0 3 3 0 3 0 3 0
0.230404485011648 0 3 3 0 3 3 0 0
0.7799548488881476 0 3 3 3 0 0 0 0
0.16511780198240028 0 3 3 3 0 0 0 3
0.20683363114250902 0 3 3 3 0 0 3 0
0.20683363114250905 0 3 3 3 0 3 0 0
-0.3086590134591209 0 3 3 3 1 0 0 1
9.860775553313255 0 3 3 3 1 0 3 1
9.860775553313257 0 3 3 3 1 3 0 1
46.69182746261927 0 3 3 3 1 3 3 1
-0.3086590134591209 0 3 3 3 2 0 0 2
9.860775553313255 0 3 3 3 2 0 3 2
9.860775553313257 0 3 3 3 2 3 0 2
46.69182746261928 0 3 3 3 2 3 3 2
0.1711432068556233 0 3 3 3 3 0 0 0
-0.047681726245545744 1 0 0 1 0 3 3 0
0.0012678538687826372 1 0 0 1 1 0 0 1
0.0012678538687826355 1 0 0 1 2 0 0 2
-0.07656714982349828 1 0 0 1 3 0 3 0
-0.07656714982349827 1 0 0 1 3 3 0 0
-0.3086590134591209 1 0 0 1 3 3 3 0
-0.03683157998731333 1 0 0 1 3 3 3 3
10.603031807397985 1 0 0 2 1 0 0 2
-0.16232937141155587 1 0 0 2 1 0 3 2
-0.16232937141155593 1 0 0 2 1 3 0 2
-0.036583683472581306 1 0 0 2 1 3 3 2
-10.603031807397985 1 0 0 2 2 0 0 1
0.16232937141155587 1 0 0 2 2 0 3 1
0.16232937141155593 1 0 0 2 2 3 0 1
0.036583683472581306 1 0 0 2 2 3 3 1
0.001720331581680734 1 0 1 0 1 0 1 0
0.001720331581680735 1 0 1 0 2 0 2 0
0.0008050458725991136 1 0 1 0 3 3 1 1
0.0008050458725991136 1 0 1 0 3 3 2 2
0.0007469973298591322 1 0 1 3 0 3 1 1
0.0007469973298591322 1 0 1 3 0 3 2 2
0.0028220289012906253 1 0 1 3 3 0 1 1
0.0028220289012906253 1 0 1 3 3 0 2 2
0.010099556576067011 1 0 1 3 3 3 1 1
0.010099556576067011 1 0 1 3 3 3 2 2
1.7582405980223081 1 0 2 0 1 0 2 0
-0.006870228566184461 1 0 2 0 1 0 2 3
-0.0172583363077098 1 0 2 0 1 3 2 0
-0.0021593476985416987 1 0 2 0 1 3 2 3
-1.758240598022308 1 0 2 0 2 0 1 0
0.006870228566184461 1 0 2 0 2 0 1 3
0.0172583363077098 1 0 2 0 2 3 1 0
0.0021593476985416987 1 0 2 0 2 3 1 3
-0.006870228566184453 1 0 2 3 1 0 2 0
-0.0038171278663085375 1 0 2 3 1 0 2 3
-0.002236439997535404 1 0 2 3 1 3 2 0
0.006870228566184453 1 0 2 3 2 0 1 0
0.0038171278663085375 1 0 2 3 2 0 1 3
0.002236439997535404 1 0 2 3 2 3 1 0
-0.050679138039616566 1 0 3 1 0 0 3 0
-0.04917886173014211 1 0 3 1 0 3 0 0
-0.22009980472971158 1 0 3 1 0 3 3 0
-0.007914614168995492 1 0 3 1 0 3 3 3
-0.0793891787247889 1 0 3 1 3 0 0 0
-0.33869157652486936 1 0 3 1 3 0 3 0
-0.03836815713696291 1 0 3 1 3 0 3 3
-0.3254029055317484 1 0 3 1 3 3 0 0
-0.03788046961892926 1 0 3 1 3 3 0 3
9.860775553313257 1 0 3 1 3 3 3 0
-0.14578430196236852 1 0 3 1 3 3 3 3
-0.16232937141155587 1 0 3 2 1 0 0 2
-0.041366700101284196 1 0 3 2 1 0 3 2
-0.03815232491581771 1 0 3 2 1 3 0 2
0.16232937141155587 1 0 3 2 2 0 0 1
0.041366700101284196 1 0 3 2 2 0 3 1
0.03815232491581771 1 0 3 2 2 3 0 1
0.0017203315816807356 1 1 0 0 1 1 0 0
0.0017203315816807356 1 1 0 0 2 2 0 0
0.0008050458725991135 1 1 0 0 3 1 3 1
0.0008050458725991135 1 1 0 0 3 2 3 2
0.0007469973298591323 1 1 0 3 0 1 3 1
0.0007469973298591323 1 1 0 3 0 2 3 2
0.002822028901290625 1 1 0 3 3 1 0 1
0.010099556576067007 1 1 0 3 3 1 3 1
0.002822028901290625 1 1 0 3 3 2 0 2
0.010099556576067007 1 1 0 3 3 2 3 2
0.0007501381547372352 1 1 2 1 0 1 2 0
-0.0007501381547372352 1 1 2 1 0 2 1 0
0.006644335496560516 1 1 2 1 3 1 2 0
0.00024384375901682762 1 1 2 1 3 1 2 3
-0.006644335496560516 1 1 2 1 3 2 1 0
-0.00024384375901682762 1 1 2 1 3 2 1 3
0.0016457337422301098 1 1 2 2 1 1 2 2
-0.001568641443236404 1 1 2 2 1 2 1 2
-7.709229899370576e-05 1 1 2 2 1 2 2 1
-7.709229899370576e-05 1 1 2 2 2 1 1 2
-0.001568641443236404 1 1 2 2 2 1 2 1
0.0016457337422301098 1 1 2 2 2 2 1 1
0.001886397824129494 1 1 3 0 0 1 3 1
0.001886397824129494 1 1 3 0 0 2 3 2
0.0008050458725991141 1 1 3 0 3 1 0 1
0.001943712071777833 1 1 3 0 3 1 3 1
0.0008050458725991141 1 1 3 0 3 2 0 2
0.001943712071777833 1 1 3 0 3 2 3 2
0.0007469973298591323 1 1 3 3 0 1 0 1
0.004268708071628717 1 1 3 3 0 1 3 1
0.0007469973298591323 1 1 3 3 0 2 0 2
0.004268708071628717 1 1 3 3 0 2 3 2
0.010099556576067007 1 1 3 3 3 1 0 1
-1.0298954257293875 1 1 3 3 3 1 3 1
0.010099556576067007 1 1 3 3 3 2 0 2
-1.0298954257293873 1 1 3 3 3 2 3 2
1.7582405980223081 1 2 0 0 1 2 0 0
-0.006870228566184461 1 2 0 0 1 2 0 3
-0.01725833630770979 1 2 0 0 1 2 3 0
-0.0021593476985416987 1 2 0 0 1 2 3 3
-1.758240598022308 1 2 0 0 2 1 0 0
0.006870228566184461 1 2 0 0 2 1 0 3
0.01725833630770979 1 2 0 0 2 1 3 0
0.0021593476985416987 1 2 0 0 2 1 3 3
-0.006870228566184453 1 2 0 3 1 2 0 0
-0.0038171278663085375 1 2 0 3 1 2 0 3
-0.0022364399975354048 1 2 0 3 1 2 3 0
0.006870228566184453 1 2 0 3 2 1 0 0
0.0038171278663085375 1 2 0 3 2 1 0 3
0.0022364399975354048 1 2 0 3 2 1 3 0
-0.0007501381547372352 1 2 1 1 0 1 2 0
0.0007501381547372352 1 2 1 1 0 2 1 0
-0.006644335496560516 1 2 1 1 3 1 2 0
-0.00024384375901682762 1 2 1 1 3 1 2 3
0.006644335496560516 1 2 1 1 3 2 1 0
0.00024384375901682762 1 2 1 1 3 2 1 3
-0.001568641443236404 1 2 1 2 1 1 2 2
0.0016457337422301098 1 2 1 2 1 2 1 2
-7.709229899370576e-05 1 2 1 2 1 2 2 1
-7.709229899370576e-05 1 2 1 2 2 1 1 2
0.0016457337422301098 1 2 1 2 2 1 2 1
-0.001568641443236404 1 2 1 2 2 2 1 1
-7.709229899370576e-05 1 2 2 1 1 1 2 2
-7.709229899370576e-05 1 2 2 1 1 2 1 2
0.00015418459798741151 1 2 2 1 1 2 2 1
0.00015418459798741151 1 2 2 1 2 1 1 2
-7.709229899370576e-05 1 2 2 1 2 1 2 1
-7.709229899370576e-05 1 2 2 1 2 2 1 1
-0.01725833630770979 1 2 3 0 1 2 0 0
-0.0022364399975354048 1 2 3 0 1 2 0 3
-0.004822342791164066 1 2 3 0 1 2 3 0
0.01725833630770979 1 2 3 0 2 1 0 0
0.0022364399975354048 1 2 3 0 2 1 0 3
0.004822342791164066 1 2 3 0 2 1 3 0
-0.0021593476985416987 1 2 3 3 1 2 0 0
0.0021593476985416987 1 2 3 3 2 1 0 0
0.0001993243908304629 1 2 3 3 3 1 3 2
-0.0001993243908304629 1 2 3 3 3 2 3 1
-0.04917886173014211 1 3 0 1 0 0 3 0
-0.050679138039616566 1 3 0 1 0 3 0 0
-0.22009980472971155 1 3 0 1 0 3 3 0
-0.007914614168995493 1 3 0 1 0 3 3 3
-0.0793891787247889 1 3 0 1 3 0 0 0
-0.32540290553174844 1 3 0 1 3 0 3 0
-0.03788046961892927 1 3 0 1 3 0 3 3
-0.3386915765248693 1 3 0 1 3 3 0 0
-0.03836815713696291 1 3 0 1 3 3 0 3
9.860775553313259 1 3 0 1 3 3 3 0
-0.14578430196236855 1 3 0 1 3 3 3 3
-0.16232937141155593 1 3 0 2 1 0 0 2
-0.03815232491581771 1 3 0 2 1 0 3 2
-0.0413667001012842 1 3 0 2 1 3 0 2
0.16232937141155593 1 3 0 2 2 0 0 1
0.03815232491581771 1 3 0 2 2 0 3 1
0.0413667001012842 1 3 0 2 2 3 0 1
0.001886397824129494 1 3 1 0 0 3 1 1
0.001886397824129494 1 3 1 0 0 3 2 2
0.0008050458725991136 1 3 1 0 3 0 1 1
0.0008050458725991136 1 3 1 0 3 0 2 2
0.001943712071777833 1 3 1 0 3 3 1 1
0.001943712071777833 1 3 1 0 3 3 2 2
0.0007469973298591323 1 3 1 3 0 0 1 1
0.0007469973298591323 1 3 1 3 0 0 2 2
0.004268708071628717 1 3 1 3 0 3 1 1
0.004268708071628717 1 3 1 3 0 3 2 2
0.010099556576067013 1 3 1 3 3 0 1 1
0.010099556576067013 1 3 1 3 3 0 2 2
-1.0298954257293875 1 3 1 3 3 3 1 1
-1.0298954257293873 1 3 1 3 3 3 2 2
-0.017258336307709798 1 3 2 0 1 0 2 0
-0.0022364399975354043 1 3 2 0 1 0 2 3
-0.004822342791164067 1 3 2 0 1 3 2 0
0.017258336307709798 1 3 2 0 2 0 1 0
0.0022364399975354043 1 3 2 0 2 0 1 3
0.004822342791164067 1 3 2 0 2 3 1 0
-0.0021593476985416987 1 3 2 3 1 0 2 0
0.0021593476985416987 1 3 2 3 2 0 1 0
0.00019932439083046214 1 3 2 3 3 3 1 2
-0.00019932439083046214 1 3 2 3 3 3 2 1
-0.049175720905264 1 3 3 1 0 0 0 0
-0.22436851280134032 1 3 3 1 0 0 3 0
-0.009801011993124983 1 3 3 1 0 0 3 3
-0.2243685128013403 1 3 3 1 0 3 0 0
-0.009801011993124983 1 3 3 1 0 3 0 3
4.14829792746017 1 3 3 1 0 3 3 0
-0.03251377718730504 1 3 3 1 0 3 3 3
-0.3288581266112549 1 3 3 1 3 0 0 0
-0.03844167173251155 1 3 3 1 3 0 0 3
10.890870303433477 1 3 3 1 3 0 3 0
-0.14772801403414634 1 3 3 1 3 0 3 3
10.890870303433477 1 3 3 1 3 3 0 0
-0.14772801403414634 1 3 3 1 3 3 0 3
46.6918274626193 1 3 3 1 3 3 3 0
0.8408131198865194 1 3 3 1 3 3 3 3
-0.03658368347258131 1 3 3 2 1 0 0 2
0.03658368347258131 1 3 3 2 2 0 0 1
-10.603031807397985 2 0 0 1 1 0 0 2
0.16232937141155587 2 0 0 1 1 0 3 2
0.16232937141155593 2 0 0 1 1 3 0 2
0.036583683472581306 2 0 0 1 1 3 3 2
10.603031807397985 2 0 0 1 2 0 0 1
-0.16232937141155587 2 0 0 1 2 0 3 1
-0.16232937141155593 2 0 0 1 2 3 0 1
-0.036583683472581306 2 0 0 1 2 3 3 1
-0.047681726245545744 2 0 0 2 0 3 3 0
0.0012678538687826372 2 0 0 2 1 0 0 1
0.0012678538687826372 2 0 0 2 2 0 0 2
-0.07656714982349828 2 0 0 2 3 0 3 0
-0.07656714982349827 2 0 0 2 3 3 0 0
-0.3086590134591209 2 0 0 2 3 3 3 0
-0.03683157998731333 2 0 0 2 3 3 3 3
-1.758240598022308 2 0 1 0 1 0 2 0
0.006870228566184461 2 0 1 0 1 0 2 3
0.0172583363077098 2 0 1 0 1 3 2 0
0.0021593476985416987 2 0 1 0 1 3 2 3
1.758240598022308 2 0 1 0 2 0 1 0
-0.006870228566184461 2 0 1 0 2 0 1 3
-0.0172583363077098 2 0 1 0 2 3 1 0
-0.0021593476985416987 2 0 1 0 2 3 1 3
0.006870228566184453 2 0 1 3 1 0 2 0
0.0038171278663085375 2 0 1 3 1 0 2 3
0.002236439997535404 2 0 1 3 1 3 2 0
-0.006870228566184453 2 0 1 3 2 0 1 0
-0.0038171278663085375 2 0 1 3 2 0 1 3
-0.002236439997535404 2 0 1 3 2 3 1 0
0.001720331581680734 2 0 2 0 1 0 1 0
0.001720331581680734 2 0 2 0 2 0 2 0
0.0008050458725991136 2 0 2 0 3 3 1 1
0.0008050458725991136 2 0 2 0 3 3 2 2
0.0007469973298591322 2 0 2 3 0 3 1 1
0.0007469973298591322 2 0 2 3 0 3 2 2
0.0028220289012906253 2 0 2 3 3 0 1 1
0.0028220289012906253 2 0 2 3 3 0 2 2
0.010099556576067011 2 0 2 3 3 3 1 1
0.010099556576067011 2 0 2 3 3 3 2 2
0.16232937141155587 2 0 3 1 1 0 0 2
0.041366700101284196 2 0 3 1 1 0 3 2
0.03815232491581771 2 0 3 1 1 3 0 2
-0.16232937141155587 2 0 3 1 2 0 0 1
-0.041366700101284196 2 0 3 1 2 0 3 1
-0.03815232491581771 2 0 3 1 2 3 0 1
-0.050679138039616566 2 0 3 2 0 0 3 0
-0.04917886173014211 2 0 3 2 0 3 0 0
-0.22009980472971158 2 0 3 2 0 3 3 0
-0.007914614168995492 2 0 3 2 0 3 3 3
-0.0793891787247889 2 0 3 2 3 0 0 0
-0.33869157652486936 2 0 3 2 3 0 3 0
-0.03836815713696291 2 0 3 2 3 0 3 3
-0.3254029055317484 2 0 3 2 3 3 0 0
-0.03788046961892926 2 0 3 2 3 3 0 3
9.860775553313257 2 0 3 2 3 3 3 0
-0.14578430196236852 2 0 3 2 3 3 3 3
-1.758240598022308 2 1 0 0 1 2 0 0
0.006870228566184461 2 1 0 0 1 2 0 3
0.01725833630770979 2 1 0 0 1 2 3 0
0.0021593476985416987 2 1 0 0 1 2 3 3
1.7582405980223077 2 1 0 0 2 1 0 0
-0.006870228566184461 2 1 0 0 2 1 0 3
-0.01725833630770979 2 1 0 0 2 1 3 0
-0.0021593476985416987 2 1 0 0 2 1 3 3
0.006870228566184453 2 1 0 3 1 2 0 0
0.0038171278663085375 2 1 0 3 1 2 0 3
0.0022364399975354048 2 1 0 3 1 2 3 0
-0.006870228566184453 2 1 0 3 2 1 0 0
-0.0038171278663085375 2 1 0 3 2 1 0 3
-0.0022364399975354048 2 1 0 3 2 1 3 0
-7.709229899370576e-05 2 1 1 2 1 1 2 2
-7.709229899370576e-05 2 1 1 2 1 2 1 2
0.00015418459798741151 2 1 1 2 1 2 2 1
0.00015418459798741151 2 1 1 2 2 1 1 2
-7.709229899370576e-05 2 1 1 2 2 1 2 1
-7.709229899370576e-05 2 1 1 2 2 2 1 1
-0.001568641443236404 2 1 2 1 1 1 2 2
0.0016457337422301098 2 1 2 1 1 2 1 2
-7.709229899370576e-05 2 1 2 1 1 2 2 1
-7.709229899370576e-05 2 1 2 1 2 1 1 2
0.0016457337422301098 2 1 2 1 2 1 2 1
-0.001568641443236404 2 1 2 1 2 2 1 1
0.0007501381547372352 2 1 2 2 0 1 2 0
-0.0007501381547372352 2 1 2 2 0 2 1 0
0.006644335496560516 2 1 2 2 3 1 2 0
0.00024384375901682762 2 1 2 2 3 1 2 3
-0.006644335496560516 2 1 2 2 3 2 1 0
-0.00024384375901682762 2 1 2 2 3 2 1 3
0.01725833630770979 2 1 3 0 1 2 0 0
0.0022364399975354048 2 1 3 0 1 2 0 3
0.004822342791164066 2 1 3 0 1 2 3 0
-0.01725833630770979 2 1 3 0 2 1 0 0
-0.0022364399975354048 2 1 3 0 2 1 0 3
-0.004822342791164066 2 1 3 0 2 1 3 0
0.0021593476985416987 2 1 3 3 1 2 0 0
-0.0021593476985416987 2 1 3 3 2 1 0 0
-0.00019932439083046268 2 1 3 3 3 1 3 2
0.00019932439083046312 2 1 3 3 3 2 3 1
0.0017203315816807356 2 2 0 0 1 1 0 0
0.0017203315816807356 2 2 0 0 2 2 0 0
0.0008050458725991135 2 2 0 0 3 1 3 1
0.0008050458725991135 2 2 0 0 3 2 3 2
0.0007469973298591323 2 2 0 3 0 1 3 1
0.0007469973298591323 2 2 0 3 0 2 3 2
0.002822028901290625 2 2 0 3 3 1 0 1
0.010099556576067007 2 2 0 3 3 1 3 1
0.002822028901290625 2 2 0 3 3 2 0 2
0.010099556576067007 2 2 0 3 3 2 3 2
0.0016457337422301098 2 2 1 1 1 1 2 2
-0.0015686414432364041 2 2 1 1 1 2 1 2
-7.709229899370576e-05 2 2 1 1 1 2 2 1
-7.709229899370576e-05 2 2 1 1 2 1 1 2
-0.0015686414432364041 2 2 1 1 2 1 2 1
0.0016457337422301098 2 2 1 1 2 2 1 1
-0.0007501381547372352 2 2 1 2 0 1 2 0
0.0007501381547372352 2 2 1 2 0 2 1 0
-0.006644335496560516 2 2 1 2 3 1 2 0
-0.00024384375901682762 2 2 1 2 3 1 2 3
0.006644335496560516 2 2 1 2 3 2 1 0
0.00024384375901682762 2 2 1 2 3 2 1 3
0.001886397824129494 2 2 3 0 0 1 3 1
0.001886397824129494 2 2 3 0 0 2 3 2
0.0008050458725991141 2 2 3 0 3 1 0 1
0.001943712071777833 2 2 3 0 3 1 3 1
0.0008050458725991141 2 2 3 0 3 2 0 2
0.001943712071777833 2 2 3 0 3 2 3 2
0.0007469973298591323 2 2 3 3 0 1 0 1
0.004268708071628717 2 2 3 3 0 1 3 1
0.0007469973298591323 2 2 3 3 0 2 0 2
0.004268708071628717 2 2 3 3 0 2 3 2
0.010099556576067007 2 2 3 3 3 1 0 1
-1.0298954257293875 2 2 3 3 3 1 3 1
0.010099556576067007 2 2 3 3 3 2 0 2
-1.0298954257293873 2 2 3 3 3 2 3 2
0.16232937141155593 2 3 0 1 1 0 0 2
0.03815232491581771 2 3 0 1 1 0 3 2
0.0413667001012842 2 3 0 1 1 3 0 2
-0.16232937141155593 2 3 0 1 2 0 0 1
-0.03815232491581771 2 3 0 1 2 0 3 1
-0.0413667001012842 2 3 0 1 2 3 0 1
-0.04917886173014211 2 3 0 2 0 0 3 0
-0.050679138039616566 2 3 0 2 0 3 0 0
-0.22009980472971155 2 3 0 2 0 3 3 0
-0.007914614168995493 2 3 0 2 0 3 3 3
-0.0793891787247889 2 3 0 2 3 0 0 0
-0.32540290553174844 2 3 0 2 3 0 3 0
-0.03788046961892927 2 3 0 2 3 0 3 3
-0.3386915765248693 2 3 0 2 3 3 0 0
-0.03836815713696291 2 3 0 2 3 3 0 3
9.860775553313259 2 3 0 2 3 3 3 0
-0.14578430196236855 2 3 0 2 3 3 3 3
0.017258336307709798 2 3 1 0 1 0 2 0
0.0022364399975354043 2 3 1 0 1 0 2 3
0.004822342791164067 2 3 1 0 1 3 2 0
-0.017258336307709798 2 3 1 0 2 0 1 0
-0.0022364399975354043 2 3 1 0 2 0 1 3
-0.004822342791164067 2 3 1 0 2 3 1 0
0.0021593476985416987 2 3 1 3 1 0 2 0
-0.0021593476985416987 2 3 1 3 2 0 1 0
-0.00019932439083046214 2 3 1 3 3 3 1 2
0.00019932439083046214 2 3 1 3 3 3 2 1
0.001886397824129494 2 3 2 0 0 3 1 1
0.001886397824129494 2 3 2 0 0 3 2 2
0.0008050458725991136 2 3 2 0 3 0 1 1
0.0008050458725991136 2 3 2 0 3 0 2 2
0.001943712071777833 2 3 2 0 3 3 1 1
0.001943712071777833 2 3 2 0 3 3 2 2
0.0007469973298591323 2 3 2 3 0 0 1 1
0.0007469973298591323 2 3 2 3 0 0 2 2
0.004268708071628717 2 3 2 3 0 3 1 1
0.004268708071628717 2 3 2 3 0 3 2 2
0.010099556576067013 2 3 2 3 3 0 1 1
0.010099556576067013 2 3 2 3 3 0 2 2
-1.0298954257293875 2 3 2 3 3 3 1 1
-1.0298954257293873 2 3 2 3 3 3 2 2
0.03658368347258131 2 3 3 1 1 0 0 2
-0.03658368347258131 2 3 3 1 2 0 0 1
-0.049175720905264 2 3 3 2 0 0 0 0
-0.22436851280134032 2 3 3 2 0 0 3 0
-0.009801011993124983 2 3 3 2 0 0 3 3
-0.2243685128013403 2 3 3 2 0 3 0 0
-0.009801011993124983 2 3 3 2 0 3 0 3
4.14829792746017 2 3 3 2 0 3 3 0
-0.03251377718730504 2 3 3 2 0 3 3 3
-0.3288581266112549 2 3 3 2 3 0 0 0
-0.03844167173251155 2 3 3 2 3 0 0 3
10.890870303433479 2 3 3 2 3 0 3 0
-0.14772801403414634 2 3 3 2 3 0 3 3
10.890870303433477 2 3 3 2 3 3 0 0
-0.14772801403414634 2 3 3 2 3 3 0 3
46.69182746261931 2 3 3 2 3 3 3 0
0.8408131198865194 2 3 3 2 3 3 3 3
-154.64358923342917 3 0 0 0 0 0 0 0
-30.005803352950444 3 0 0 0 0 0 0 3
-30.918827434947232 3 0 0 0 0 0 3 0
0.7307606585650912 3 0 0 0 0 0 3 3
-30.918827434947232 3 0 0 0 0 3 0 0
0.7307606585650913 3 0 0 0 0 3 0 3
0.9899222524040825 3 0 0 0 0 3 3 0
0.1711432068556233 3 0 0 0 0 3 3 3
-31.143437980174234 3 0 0 0 3 0 0 0
0.5971278331092535 3 0 0 0 3 0 0 3
0.8721196074571893 3 0 0 0 3 0 3 0
0.13600579993274475 3 0 0 0 3 0 3 3
0.8721196074571893 3 0 0 0 3 3 0 0
0.13600579993274475 3 0 0 0 3 3 0 3
0.18383470461871051 3 0 0 0 3 3 3 0
-19.401503691683672 3 0 0 3 0 0 0 0
0.5534028919198226 3 0 0 3 0 0 0 3
0.5778188062023384 3 0 0 3 0 0 3 0
0.1402937717545131 3 0 0 3 0 0 3 3
0.5778188062023384 3 0 0 3 0 3 0 0
0.1402937717545131 3 0 0 3 0 3 0 3
0.13832453316482643 3 0 0 3 0 3 3 0
-0.04917572090526401 3 0 0 3 1 3 3 1
-0.04917572090526401 3 0 0 3 2 3 3 2
0.5971278331092534 3 0 0 3 3 0 0 0
0.14599926903177393 3 0 0 3 3 0 0 3
0.13903891160709428 3 0 0 3 3 0 3 0
0.13903891160709428 3 0 0 3 3 3 0 0
-0.009387519048803087 3 0 1 2 0 0 1 2
0.009387519048803087 3 0 1 2 0 0 2 1
-0.001882504890892228 3 0 1 2 0 3 1 2
0.001882504890892228 3 0 1 2 0 3 2 1
-0.0007469973298591323 3 0 1 2 1 3 2 0
0.0007469973298591323 3 0 1 2 2 3 1 0
-0.0030331116743495343 3 0 1 2 3 0 1 2
0.0030331116743495343 3 0 1 2 3 0 2 1
0.009387519048803087 3 0 2 1 0 0 1 2
-0.009387519048803087 3 0 2 1 0 0 2 1
0.001882504890892228 3 0 2 1 0 3 1 2
-0.001882504890892228 3 0 2 1 0 3 2 1
0.0007469973298591323 3 0 2 1 1 3 2 0
-0.0007469973298591323 3 0 2 1 2 3 1 0
0.0030331116743495343 3 0 2 1 3 0 1 2
-0.0030331116743495343 3 0 2 1 3 0 2 1
-29.158866505343237 3 0 3 0 0 0 0 0
0.7332779490477098 3 0 3 0 0 0 0 3
1.038790719754013 3 0 3 0 0 0 3 0
0.18419594329805453 3 0 3 0 0 0 3 3
0.9947061839822529 3 0 3 0 0 3 0 0
0.1753095571313341 3 0 3 0 0 3 0 3
0.23040448501164795 3 0 3 0 0 3 3 0
-0.009801011993124983 3 0 3 0 1 3 3 1
-0.009801011993124983 3 0 3 0 2 3 3 2
0.8721196074571893 3 0 3 0 3 0 0 0
0.13903891160709428 3 0 3 0 3 0 0 3
0.19819204803086887 3 0 3 0 3 0 3 0
0.18862048575609663 3 0 3 0 3 3 0 0
0.5615610585873507 3 0 3 3 0 0 0 0
0.13647664388820457 3 0 3 3 0 0 0 3
0.14282924319677037 3 0 3 3 0 0 3 0
0.13708013991652268 3 0 3 3 0 3 0 0
-0.05067913803961657 3 0 3 3 1 0 3 1
-0.04917886173014212 3 0 3 3 1 3 0 1
-0.2243685128013403 3 0 3 3 1 3 3 1
-0.05067913803961657 3 0 3 3 2 0 3 2
-0.04917886173014212 3 0 3 3 2 3 0 2
-0.2243685128013403 3 0 3 3 2 3 3 2
0.13600579993274475 3 0 3 3 3 0 0 0
-0.009387519048803087 3 1 0 2 0 1 0 2
-0.001882504890892228 3 1 0 2 0 1 3 2
0.009387519048803087 3 1 0 2 0 2 0 1
0.001882504890892228 3 1 0 2 0 2 3 1
-0.0007469973298591323 3 1 0 2 1 2 3 0
0.0007469973298591323 3 1 0 2 2 1 3 0
-0.0030331116743495343 3 1 0 2 3 1 0 2
0.0030331116743495343 3 1 0 2 3 2 0 1
-0.022042267885880294 3 1 2 0 0 1 2 0
-0.004443193083360268 3 1 2 0 0 1 2 3
0.022042267885880294 3 1 2 0 0 2 1 0
0.004443193083360268 3 1 2 0 0 2 1 3
-0.004785781137386149 3 1 2 0 3 1 2 0
0.004785781137386149 3 1 2 0 3 2 1 0
-0.002874551640123864 3 1 2 3 0 1 2 0
0.002874551640123864 3 1 2 3 0 2 1 0
0.0007501381547372352 3 1 2 3 1 1 2 1
-0.0007501381547372352 3 1 2 3 1 2 1 1
0.0007501381547372352 3 1 2 3 2 1 2 2
-0.0007501381547372352 3 1 2 3 2 2 1 2
-0.0018054125918985225 3 1 3 2 0 1 0 2
0.0018054125918985225 3 1 3 2 0 2 0 1
-0.0007469973298591323 3 1 3 2 1 2 0 0
-0.004268708071628715 3 1 3 2 1 2 3 0
-0.0018863978241294938 3 1 3 2 1 2 3 3
0.0007469973298591323 3 1 3 2 2 1 0 0
0.004268708071628715 3 1 3 2 2 1 3 0
0.0018863978241294938 3 1 3 2 2 1 3 3
0.009387519048803087 3 2 0 1 0 1 0 2
0.001882504890892228 3 2 0 1 0 1 3 2
-0.009387519048803087 3 2 0 1 0 2 0 1
-0.001882504890892228 3 2 0 1 0 2 3 1
0.0007469973298591323 3 2 0 1 1 2 3 0
-0.0007469973298591323 3 2 0 1 2 1 3 0
0.0030331116743495343 3 2 0 1 3 1 0 2
-0.0030331116743495343 3 2 0 1 3 2 0 1
0.022042267885880294 3 2 1 0 0 1 2 0
0.004443193083360268 3 2 1 0 0 1 2 3
-0.022042267885880294 3 2 1 0 0 2 1 0
-0.004443193083360268 3 2 1 0 0 2 1 3
0.004785781137386149 3 2 1 0 3 1 2 0
-0.004785781137386149 3 2 1 0 3 2 1 0
0.002874551640123864 3 2 1 3 0 1 2 0
-0.002874551640123864 3 2 1 3 0 2 1 0
-0.0007501381547372352 3 2 1 3 1 1 2 1
0.0007501381547372352 3 2 1 3 1 2 1 1
-0.0007501381547372352 3 2 1 3 2 1 2 2
0.0007501381547372352 3 2 1 3 2 2 1 2
0.0018054125918985225 3 2 3 1 0 1 0 2
-0.0018054125918985225 3 2 3 1 0 2 0 1
0.0007469973298591323 3 2 3 1 1 2 0 0
0.004268708071628715 3 2 3 1 1 2 3 0
0.001886397824129494 3 2 3 1 1 2 3 3
-0.0007469973298591323 3 2 3 1 2 1 0 0
-0.004268708071628715 3 2 3 1 2 1 3 0
-0.001886397824129494 3 2 3 1 2 1 3 3
-29.15886650534324 3 3 0 0 0 0 0 0
0.7332779490477098 3 3 0 0 0 0 0 3
0.994706183982253 3 3 0 0 0 0 3 0
0.17530955713133406 3 3 0 0 0 0 3 3
1.0387907197540134 3 3 0 0 0 3 0 0
0.18419594329805458 3 3 0 0 0 3 0 3
0.230404485011648 3 3 0 0 0 3 3 0
-0.009801011993124983 3 3 0 0 1 3 3 1
-0.009801011993124983 3 3 0 0 2 3 3 2
0.8721196074571893 3 3 0 0 3 0 0 0
0.13903891160709428 3 3 0 0 3 0 0 3
0.18862048575609663 3 3 0 0 3 0 3 0
0.19819204803086887 3 3 0 0 3 3 0 0
0.5615610585873507 3 3 0 3 0 0 0 0
0.13647664388820457 3 3 0 3 0 0 0 3
0.13708013991652268 3 3 0 3 0 0 3 0
0.14282924319677037 3 3 0 3 0 3 0 0
-0.04917886173014211 3 3 0 3 1 0 3 1
-0.050679138039616566 3 3 0 3 1 3 0 1
-0.22436851280134024 3 3 0 3 1 3 3 1
-0.04917886173014211 3 3 0 3 2 0 3 2
-0.050679138039616566 3 3 0 3 2 3 0 2
-0.22436851280134024 3 3 0 3 2 3 3 2
0.13600579993274475 3 3 0 3 3 0 0 0
-0.0018054125918985225 3 3 1 2 0 0 1 2
0.0018054125918985225 3 3 1 2 0 0 2 1
-0.0007469973298591323 3 3 1 2 1 0 2 0
-0.004268708071628715 3 3 1 2 1 3 2 0
-0.0018863978241294938 3 3 1 2 1 3 2 3
0.0007469973298591323 3 3 1 2 2 0 1 0
0.004268708071628715 3 3 1 2 2 3 1 0
0.0018863978241294938 3 3 1 2 2 3 1 3
0.0018054125918985225 3 3 2 1 0 0 1 2
-0.0018054125918985225 3 3 2 1 0 0 2 1
0.0007469973298591323 3 3 2 1 1 0 2 0
0.004268708071628715 3 3 2 1 1 3 2 0
0.0018863978241294938 3 3 2 1 1 3 2 3
-0.0007469973298591323 3 3 2 1 2 0 1 0
-0.004268708071628715 3 3 2 1 2 3 1 0
-0.0018863978241294938 3 3 2 1 2 3 1 3
0.9554055797886629 3 3 3 0 0 0 0 0
0.17043533664233695 3 3 3 0 0 0 0 3
0.22558214222048392 3 3 3 0 0 0 3 0
0.22558214222048392 3 3 3 0 0 3 0 0
-0.007914614168995495 3 3 3 0 1 0 3 1
-0.007914614168995495 3 3 3 0 1 3 0 1
-0.032513777187305005 3 3 3 0 1 3 3 1
-0.007914614168995495 3 3 3 0 2 0 3 2
-0.007914614168995495 3 3 3 0 2 3 0 2
-0.032513777187305005 3 3 3 0 2 3 3 2
0.18383470461871051 3 3 3 0 3 0 0 0
0.1302408279859586 3 3 3 3 0 0 0 0
-0.047681726245545744 3 3 3 3 1 0 0 1
-0.22009980472971158 3 3 3 3 1 0 3 1
-0.22009980472971158 3 3 3 3 1 3 0 1
4.14829792746017 3 3 3 3 1 3 3 1
-0.047681726245545744 3 3 3 3 2 0 0 2
-0.22009980472971158 3 3 3 3 2 0 3 2
-0.22009980472971158 3 3 3 3 2 3 0 2
4.14829792746017 3 3 3 3 2 3 3 2
