-876965.1100255108 0 0 0 0 0 0 0 0
15199.540768769073 0 0 0 0 0 0 0 3
-125.6581818378459 0 0 0 0 0 0 1 1
-125.65818183784593 0 0 0 0 0 0 2 2
17649.288246262204 0 0 0 0 0 0 3 0
1661.5582270908042 0 0 0 0 0 0 3 3
24850.733268341453 0 0 0 0 0 3 0 0
3290.2373966574282 0 0 0 0 0 3 0 3
51.364971150835764 0 0 0 0 0 3 1 1
51.364971150835764 0 0 0 0 0 3 2 2
3432.1889108058235 0 0 0 0 0 3 3 0
-102.84844755405015 0 0 0 0 0 3 3 3
24850.733268341428 0 0 0 0 3 0 0 0
3290.2373966574287 0 0 0 0 3 0 0 3
51.36497115083577 0 0 0 0 3 0 1 1
51.364971150835764 0 0 0 0 3 0 2 2
3432.188910805823 0 0 0 0 3 0 3 0
-102.84844755405014 0 0 0 0 3 0 3 3
5137.769106902523 0 0 0 0 3 3 0 0
-203.2946996731003 0 0 0 0 3 3 0 3
11.281198022311202 0 0 0 0 3 3 1 1
11.281198022311202 0 0 0 0 3 3 2 2
-220.820529981096 0 0 0 0 3 3 3 0
-21.223426827651977 0 0 0 0 3 3 3 3
15199.540768769062 0 0 0 3 0 0 0 0
3792.0527681163117 0 0 0 3 0 0 0 3
-8357.818412297273 0 0 0 3 0 0 1 1
-8357.81841229727 0 0 0 3 0 0 2 2
3703.4487671457755 0 0 0 3 0 0 3 0
-118.38621144237734 0 0 0 3 0 0 3 3
3472.2664598864376 0 0 0 3 0 3 0 0
-162.4544044285666 0 0 0 3 0 3 0 3
-1779.3098021679134 0 0 0 3 0 3 1 1
-1779.3098021679132 0 0 0 3 0 3 2 2
-170.45136275007778 0 0 0 3 0 3 3 0
-25.373822388055085 0 0 0 3 0 3 3 3
3472.2664598864394 0 0 0 3 3 0 0 0
-162.45440442856653 0 0 0 3 3 0 0 3
-1779.3098021679132 0 0 0 3 3 0 1 1
-1779.3098021679132 0 0 0 3 3 0 2 2
-170.45136275007772 0 0 0 3 3 0 3 0
-25.373822388055085 0 0 0 3 3 0 3 3
-210.28958396309832 0 0 0 3 3 3 0 0
-35.59428116227492 0 0 0 3 3 3 0 3
110.46603881019492 0 0 0 3 3 3 1 1
110.4660388101949 0 0 0 3 3 3 2 2
-36.21895126500274 0 0 0 3 3 3 3 0
1.1008703759269358 0 0 0 3 3 3 3 3
-376.2752662699332 0 0 1 1 0 0 0 0
-6.436541135811725 0 0 1 1 0 0 0 3
-0.04779218604820149 0 0 1 1 0 0 1 1
-0.04779218604820149 0 0 1 1 0 0 2 2
-8357.818412297269 0 0 1 1 0 0 3 0
-125.65818183784583 0 0 1 1 0 0 3 3
62.567513778273764 0 0 1 1 0 3 0 0
-1.446242625149502 0 0 1 1 0 3 0 3
0.0005265489427063175 0 0 1 1 0 3 1 1
0.0005265489427063175 0 0 1 1 0 3 2 2
-1963.0576684693594 0 0 1 1 0 3 3 0
52.353819282679794 0 0 1 1 0 3 3 3
62.56751377827376 0 0 1 1 3 0 0 0
-1.4462426251495022 0 0 1 1 3 0 0 3
0.0005265489427063244 0 0 1 1 3 0 1 1
0.0005265489427063244 0 0 1 1 3 0 2 2
-1963.0576684693594 0 0 1 1 3 0 3 0
52.35381928267979 0 0 1 1 3 0 3 3
13.331011446196738 0 0 1 1 3 3 0 0
-0.13340671636882157 0 0 1 1 3 3 0 3
0.00012907102197884553 0 0 1 1 3 3 1 1
0.0001290710219788438 0 0 1 1 3 3 2 2
117.5287548996053 0 0 1 1 3 3 3 0
11.73569309399234 0 0 1 1 3 3 3 3
-2041.8427478689252 0 0 1 2 0 0 1 2
2041.8427478689252 0 0 1 2 0 0 2 1
66.30606649380962 0 0 1 2 0 3 1 2
-66.30606649380962 0 0 1 2 0 3 2 1
66.3060664938096 0 0 1 2 3 0 1 2
-66.3060664938096 0 0 1 2 3 0 2 1
14.508694582094062 0 0 1 2 3 3 1 2
-14.508694582094062 0 0 1 2 3 3 2 1
2041.8427478689257 0 0 2 1 0 0 1 2
-2041.8427478689257 0 0 2 1 0 0 2 1
-66.30606649380962 0 0 2 1 0 3 1 2
66.30606649380962 0 0 2 1 0 3 2 1
-66.3060664938096 0 0 2 1 3 0 1 2
66.30606649380958 0 0 2 1 3 0 2 1
-14.508694582094062 0 0 2 1 3 3 1 2
14.508694582094062 0 0 2 1 3 3 2 1
-376.2752662699332 0 0 2 2 0 0 0 0
-6.436541135811725 0 0 2 2 0 0 0 3
-0.04779218604820149 0 0 2 2 0 0 1 1
-0.04779218604820149 0 0 2 2 0 0 2 2
-8357.818412297269 0 0 2 2 0 0 3 0
-125.6581818378458 0 0 2 2 0 0 3 3
62.567513778273764 0 0 2 2 0 3 0 0
-1.446242625149502 0 0 2 2 0 3 0 3
0.0005265489427063244 0 0 2 2 0 3 1 1
0.0005265489427063175 0 0 2 2 0 3 2 2
-1963.0576684693597 0 0 2 2 0 3 3 0
52.3538192826798 0 0 2 2 0 3 3 3
62.567513778273764 0 0 2 2 3 0 0 0
-1.446242625149502 0 0 2 2 3 0 0 3
0.0005265489427063244 0 0 2 2 3 0 1 1
0.0005265489427063244 0 0 2 2 3 0 2 2
-1963.0576684693597 0 0 2 2 3 0 3 0
52.353819282679794 0 0 2 2 3 0 3 3
13.331011446196738 0 0 2 2 3 3 0 0
-0.13340671636882157 0 0 2 2 3 3 0 3
0.00012907102197884553 0 0 2 2 3 3 1 1
0.00012907102197884553 0 0 2 2 3 3 2 2
117.5287548996053 0 0 2 2 3 3 3 0
11.73569309399234 0 0 2 2 3 3 3 3
17649.288246262196 0 0 3 0 0 0 0 0
3703.4487671457755 0 0 3 0 0 0 0 3
-6.43654113581172 0 0 3 0 0 0 1 1
-6.43654113581172 0 0 3 0 0 0 2 2
3672.4736273733897 0 0 3 0 0 0 3 0
-117.51544755746859 0 0 3 0 0 0 3 3
3628.984252481839 0 0 3 0 0 3 0 0
-170.28614476264792 0 0 3 0 0 3 0 3
-2.179599385286023 0 0 3 0 0 3 1 1
-2.1795993852860236 0 0 3 0 0 3 2 2
-180.17518257461091 0 0 3 0 0 3 3 0
-24.636792778221686 0 0 3 0 0 3 3 3
3628.984252481841 0 0 3 0 3 0 0 0
-170.2861447626479 0 0 3 0 3 0 0 3
-2.1795993852860227 0 0 3 0 3 0 1 1
-2.1795993852860227 0 0 3 0 3 0 2 2
-180.17518257461091 0 0 3 0 3 0 3 0
-24.636792778221682 0 0 3 0 3 0 3 3
-228.38481101043155 0 0 3 0 3 3 0 0
-36.250899872789724 0 0 3 0 3 3 0 3
-0.11650180786934974 0 0 3 0 3 3 1 1
-0.11650180786934974 0 0 3 0 3 3 2 2
-37.169207868242104 0 0 3 0 3 3 3 0
1.1122381895081654 0 0 3 0 3 3 3 3
1661.5582270908044 0 0 3 3 0 0 0 0
-118.3862114423773 0 0 3 3 0 0 0 3
-376.27526626993307 0 0 3 3 0 0 1 1
-376.27526626993307 0 0 3 3 0 0 2 2
-117.51544755746852 0 0 3 3 0 0 3 0
-31.204750024343003 0 0 3 3 0 0 3 3
-105.27587387317084 0 0 3 3 0 3 0 0
-26.190614790593372 0 0 3 3 0 3 0 3
61.33142798452397 0 0 3 3 0 3 1 1
61.33142798452397 0 0 3 3 0 3 2 2
-25.349215870079746 0 0 3 3 0 3 3 0
1.051004829828162 0 0 3 3 0 3 3 3
-105.27587387317084 0 0 3 3 3 0 0 0
-26.190614790593376 0 0 3 3 3 0 0 3
61.33142798452396 0 0 3 3 3 0 1 1
61.33142798452396 0 0 3 3 3 0 2 2
-25.349215870079753 0 0 3 3 3 0 3 0
1.051004829828162 0 0 3 3 3 0 3 3
-22.231880221707097 0 0 3 3 3 3 0 0
1.120061731254318 0 0 3 3 3 3 0 3
12.8720336029116 0 0 3 3 3 3 1 1
12.872033602911598 0 0 3 3 3 3 2 2
1.1300026845031348 0 0 3 3 3 3 3 0
0.23964876353782794 0 0 3 3 3 3 3 3
-0.27017389116224544 0 1 0 1 0 1 0 1
-183.5068835741241 0 1 0 1 0 1 1 0
0.988318421677939 0 1 0 1 0 1 1 3
0.0010880568038992445 0 1 0 1 0 1 3 1
-0.2701738911622453 0 1 0 1 0 2 0 2
-183.5068835741241 0 1 0 1 0 2 2 0
0.9883184216779392 0 1 0 1 0 2 2 3
0.0010880568038992445 0 1 0 1 0 2 3 2
0.002642194277917656 0 1 0 1 3 1 0 1
3.5290654111265094 0 1 0 1 3 1 1 0
0.2271223039858316 0 1 0 1 3 1 1 3
0.00022391107377754747 0 1 0 1 3 1 3 1
0.002642194277917657 0 1 0 1 3 2 0 2
3.5290654111265094 0 1 0 1 3 2 2 0
0.2271223039858316 0 1 0 1 3 2 2 3
0.00022391107377754747 0 1 0 1 3 2 3 2
-181.75888933784796 0 1 0 2 0 1 0 2
-0.2409827273215568 0 1 0 2 0 1 2 0
0.0005297101660891022 0 1 0 2 0 1 2 3
1.2952340964713869 0 1 0 2 0 1 3 2
181.75888933784796 0 1 0 2 0 2 0 1
0.24098272732155676 0 1 0 2 0 2 1 0
-0.0005297101660891022 0 1 0 2 0 2 1 3
-1.2952340964713869 0 1 0 2 0 2 3 1
3.4947999507211502 0 1 0 2 3 1 0 2
0.00229263357868414 0 1 0 2 3 1 2 0
0.00012523185474301894 0 1 0 2 3 1 2 3
0.24312648104358459 0 1 0 2 3 1 3 2
-3.4947999507211502 0 1 0 2 3 2 0 1
-0.00229263357868414 0 1 0 2 3 2 1 0
-0.00012523185474301894 0 1 0 2 3 2 1 3
-0.24312648104358459 0 1 0 2 3 2 3 1
0.00046391073440059746 0 1 1 0 0 1 0 1
-0.29108097653303927 0 1 1 0 0 1 1 0
0.0010018997498538523 0 1 1 0 0 1 1 3
0.0005297101660891035 0 1 1 0 0 1 3 1
0.0004639107344005977 0 1 1 0 0 2 0 2
-0.2910809765330392 0 1 1 0 0 2 2 0
0.0010018997498538523 0 1 1 0 0 2 2 3
0.0005297101660891035 0 1 1 0 0 2 3 2
0.0028485562578093636 0 1 1 0 3 1 1 0
0.0002327375582765257 0 1 1 0 3 1 1 3
0.00012358707716237315 0 1 1 0 3 1 3 1
0.0028485562578093636 0 1 1 0 3 2 2 0
0.0002327375582765257 0 1 1 0 3 2 2 3
0.00012358707716237315 0 1 1 0 3 2 3 2
0.0006528566670179923 0 1 1 3 0 1 0 1
0.0010018997498538534 0 1 1 3 0 1 1 0
0.0006209980696673198 0 1 1 3 0 1 1 3
-0.2409827273215568 0 1 1 3 0 1 3 1
0.0006528566670179923 0 1 1 3 0 2 0 2
0.0010018997498538534 0 1 1 3 0 2 2 0
0.0006209980696673202 0 1 1 3 0 2 2 3
-0.24098272732155668 0 1 1 3 0 2 3 2
0.00012644535406879976 0 1 1 3 3 1 0 1
0.00023522173651172073 0 1 1 3 3 1 1 0
0.002280914753586695 0 1 1 3 3 1 3 1
0.00012644535406879976 0 1 1 3 3 2 0 2
0.00023522173651172073 0 1 1 3 3 2 2 0
0.002280914753586694 0 1 1 3 3 2 3 2
0.7328928494021195 0 1 2 0 0 1 0 2
-196.50426069948483 0 1 2 0 0 1 2 0
1.1301022660956066 0 1 2 0 0 1 2 3
0.988318421677938 0 1 2 0 0 1 3 2
-0.7328928494021196 0 1 2 0 0 2 0 1
196.50426069948477 0 1 2 0 0 2 1 0
-1.1301022660956064 0 1 2 0 0 2 1 3
-0.988318421677938 0 1 2 0 0 2 3 1
-0.008452454249735905 0 1 2 0 3 1 0 2
3.7792919584099893 0 1 2 0 3 1 2 0
0.25909195845258554 0 1 2 0 3 1 2 3
0.22712394876341246 0 1 2 0 3 1 3 2
0.008452454249735905 0 1 2 0 3 2 0 1
-3.779291958409989 0 1 2 0 3 2 1 0
-0.25909195845258554 0 1 2 0 3 2 1 3
-0.22712394876341246 0 1 2 0 3 2 3 1
1.235432937082768 0 1 2 3 0 1 0 2
1.1301022660956057 0 1 2 3 0 1 2 0
0.8161714044686095 0 1 2 3 0 1 2 3
-183.5068835741241 0 1 2 3 0 1 3 2
-1.235432937082768 0 1 2 3 0 2 0 1
-1.1301022660956055 0 1 2 3 0 2 1 0
-0.8161714044686094 0 1 2 3 0 2 1 3
183.50688357412406 0 1 2 3 0 2 3 1
0.2293624762885019 0 1 2 3 3 1 0 2
0.26064108317368884 0 1 2 3 3 1 2 0
-0.009595677663691198 0 1 2 3 3 1 2 3
3.5290771299516064 0 1 2 3 3 1 3 2
-0.2293624762885019 0 1 2 3 3 2 0 1
-0.2606410831736887 0 1 2 3 3 2 1 0
0.009595677663691198 0 1 2 3 3 2 1 3
-3.5290771299516064 0 1 2 3 3 2 3 1
0.0010880568038992451 0 1 3 1 0 1 0 1
1.235432937082767 0 1 3 1 0 1 1 0
0.7328928494021194 0 1 3 1 0 1 1 3
0.0005599517259449106 0 1 3 1 0 1 3 1
0.0010880568038992451 0 1 3 1 0 2 0 2
1.235432937082767 0 1 3 1 0 2 2 0
0.7328928494021194 0 1 3 1 0 2 2 3
0.0005599517259449106 0 1 3 1 0 2 3 2
0.00022782553920362914 0 1 3 1 3 1 0 1
0.22936494223282736 0 1 3 1 3 1 1 0
-0.008452454249735904 0 1 3 1 3 1 1 3
0.00022782553920362914 0 1 3 1 3 2 0 2
0.22936494223282738 0 1 3 1 3 2 2 0
-0.008452454249735904 0 1 3 1 3 2 2 3
1.295234096471386 0 1 3 2 0 1 0 2
0.0006528566670179918 0 1 3 2 0 1 2 0
0.0004639107344005976 0 1 3 2 0 1 2 3
0.7118631401321087 0 1 3 2 0 1 3 2
-1.2952340964713858 0 1 3 2 0 2 0 1
-0.0006528566670179918 0 1 3 2 0 2 1 0
-0.0004639107344005972 0 1 3 2 0 2 1 3
-0.7118631401321088 0 1 3 2 0 2 3 1
0.24467417547749706 0 1 3 2 3 1 0 2
0.0001239794097435391 0 1 3 2 3 1 2 0
-0.008882247497484681 0 1 3 2 3 1 3 2
-0.24467417547749706 0 1 3 2 3 2 0 1
-0.0001239794097435393 0 1 3 2 3 2 1 0
0.008882247497484681 0 1 3 2 3 2 3 1
181.75888933784796 0 2 0 1 0 1 0 2
0.24098272732155673 0 2 0 1 0 1 2 0
-0.0005297101660891022 0 2 0 1 0 1 2 3
-1.2952340964713869 0 2 0 1 0 1 3 2
-181.758889337848 0 2 0 1 0 2 0 1
-0.2409827273215567 0 2 0 1 0 2 1 0
0.0005297101660891022 0 2 0 1 0 2 1 3
1.2952340964713869 0 2 0 1 0 2 3 1
-3.4947999507211502 0 2 0 1 3 1 0 2
-0.00229263357868414 0 2 0 1 3 1 2 0
-0.00012523185474301894 0 2 0 1 3 1 2 3
-0.24312648104358453 0 2 0 1 3 1 3 2
3.4947999507211502 0 2 0 1 3 2 0 1
0.00229263357868414 0 2 0 1 3 2 1 0
0.00012523185474301894 0 2 0 1 3 2 1 3
0.24312648104358453 0 2 0 1 3 2 3 1
-0.2701738911622454 0 2 0 2 0 1 0 1
-183.5068835741241 0 2 0 2 0 1 1 0
0.9883184216779392 0 2 0 2 0 1 1 3
0.0010880568038992445 0 2 0 2 0 1 3 1
-0.2701738911622454 0 2 0 2 0 2 0 2
-183.5068835741241 0 2 0 2 0 2 2 0
0.988318421677939 0 2 0 2 0 2 2 3
0.0010880568038992445 0 2 0 2 0 2 3 2
0.002642194277917656 0 2 0 2 3 1 0 1
3.5290654111265094 0 2 0 2 3 1 1 0
0.22712230398583164 0 2 0 2 3 1 1 3
0.00022391107377754747 0 2 0 2 3 1 3 1
0.002642194277917656 0 2 0 2 3 2 0 2
3.5290654111265094 0 2 0 2 3 2 2 0
0.22712230398583164 0 2 0 2 3 2 2 3
0.00022391107377754747 0 2 0 2 3 2 3 2
-0.7328928494021195 0 2 1 0 0 1 0 2
196.50426069948477 0 2 1 0 0 1 2 0
-1.1301022660956066 0 2 1 0 0 1 2 3
-0.9883184216779382 0 2 1 0 0 1 3 2
0.7328928494021195 0 2 1 0 0 2 0 1
-196.50426069948475 0 2 1 0 0 2 1 0
1.1301022660956064 0 2 1 0 0 2 1 3
0.9883184216779382 0 2 1 0 0 2 3 1
0.008452454249735904 0 2 1 0 3 1 0 2
-3.779291958409989 0 2 1 0 3 1 2 0
-0.2590919584525855 0 2 1 0 3 1 2 3
-0.22712394876341246 0 2 1 0 3 1 3 2
-0.008452454249735904 0 2 1 0 3 2 0 1
3.779291958409989 0 2 1 0 3 2 1 0
0.2590919584525854 0 2 1 0 3 2 1 3
0.22712394876341246 0 2 1 0 3 2 3 1
-1.235432937082768 0 2 1 3 0 1 0 2
-1.1301022660956055 0 2 1 3 0 1 2 0
-0.8161714044686093 0 2 1 3 0 1 2 3
183.5068835741241 0 2 1 3 0 1 3 2
1.2354329370827681 0 2 1 3 0 2 0 1
1.1301022660956055 0 2 1 3 0 2 1 0
0.8161714044686093 0 2 1 3 0 2 1 3
-183.50688357412406 0 2 1 3 0 2 3 1
-0.22936247628850193 0 2 1 3 3 1 0 2
-0.2606410831736887 0 2 1 3 3 1 2 0
0.009595677663691194 0 2 1 3 3 1 2 3
-3.5290771299516064 0 2 1 3 3 1 3 2
0.22936247628850193 0 2 1 3 3 2 0 1
0.2606410831736887 0 2 1 3 3 2 1 0
-0.009595677663691194 0 2 1 3 3 2 1 3
3.5290771299516064 0 2 1 3 3 2 3 1
0.0004639107344005977 0 2 2 0 0 1 0 1
-0.2910809765330391 0 2 2 0 0 1 1 0
0.0010018997498538523 0 2 2 0 0 1 1 3
0.0005297101660891044 0 2 2 0 0 1 3 1
0.00046391073440059746 0 2 2 0 0 2 0 2
-0.2910809765330392 0 2 2 0 0 2 2 0
0.0010018997498538523 0 2 2 0 0 2 2 3
0.0005297101660891035 0 2 2 0 0 2 3 2
0.0028485562578093628 0 2 2 0 3 1 1 0
0.0002327375582765257 0 2 2 0 3 1 1 3
0.00012358707716237334 0 2 2 0 3 1 3 1
0.0028485562578093628 0 2 2 0 3 2 2 0
0.0002327375582765257 0 2 2 0 3 2 2 3
0.00012358707716237334 0 2 2 0 3 2 3 2
0.0006528566670179923 0 2 2 3 0 1 0 1
0.0010018997498538525 0 2 2 3 0 1 1 0
0.0006209980696673198 0 2 2 3 0 1 1 3
-0.2409827273215567 0 2 2 3 0 1 3 1
0.0006528566670179923 0 2 2 3 0 2 0 2
0.0010018997498538534 0 2 2 3 0 2 2 0
0.0006209980696673202 0 2 2 3 0 2 2 3
-0.24098272732155676 0 2 2 3 0 2 3 2
0.00012644535406879976 0 2 2 3 3 1 0 1
0.0002352217365117207 0 2 2 3 3 1 1 0
0.002280914753586694 0 2 2 3 3 1 3 1
0.00012644535406879976 0 2 2 3 3 2 0 2
0.0002352217365117207 0 2 2 3 3 2 2 0
0.0022809147535866933 0 2 2 3 3 2 3 2
-1.2952340964713858 0 2 3 1 0 1 0 2
-0.0006528566670179918 0 2 3 1 0 1 2 0
-0.0004639107344005976 0 2 3 1 0 1 2 3
-0.7118631401321088 0 2 3 1 0 1 3 2
1.2952340964713858 0 2 3 1 0 2 0 1
0.0006528566670179918 0 2 3 1 0 2 1 0
0.0004639107344005972 0 2 3 1 0 2 1 3
0.7118631401321088 0 2 3 1 0 2 3 1
-0.24467417547749698 0 2 3 1 3 1 0 2
-0.00012397940974353912 0 2 3 1 3 1 2 0
0.008882247497484683 0 2 3 1 3 1 3 2
0.24467417547749698 0 2 3 1 3 2 0 1
0.00012397940974353912 0 2 3 1 3 2 1 0
-0.008882247497484683 0 2 3 1 3 2 3 1
0.001088056803899246 0 2 3 2 0 1 0 1
1.2354329370827672 0 2 3 2 0 1 1 0
0.7328928494021196 0 2 3 2 0 1 1 3
0.0005599517259449104 0 2 3 2 0 1 3 1
0.001088056803899246 0 2 3 2 0 2 0 2
1.2354329370827672 0 2 3 2 0 2 2 0
0.7328928494021196 0 2 3 2 0 2 2 3
0.0005599517259449104 0 2 3 2 0 2 3 2
0.00022782553920362939 0 2 3 2 3 1 0 1
0.2293649422328274 0 2 3 2 3 1 1 0
-0.008452454249735904 0 2 3 2 3 1 1 3
0.00022782553920362917 0 2 3 2 3 2 0 2
0.22936494223282738 0 2 3 2 3 2 2 0
-0.008452454249735904 0 2 3 2 3 2 2 3
24850.733268341453 0 3 0 0 0 0 0 0
3472.266459886439 0 3 0 0 0 0 0 3
52.353819282679794 0 3 0 0 0 0 1 1
52.3538192826798 0 3 0 0 0 0 2 2
3628.98425248184 0 3 0 0 0 0 3 0
-105.27587387317088 0 3 0 0 0 0 3 3
6255.201320458109 0 3 0 0 0 3 0 0
-219.9564953560258 0 3 0 0 0 3 0 3
11.751563659494343 0 3 0 0 0 3 1 1
11.751563659494343 0 3 0 0 0 3 2 2
-239.85354405158498 0 3 0 0 0 3 3 0
-23.231093557923295 0 3 0 0 0 3 3 3
5510.593918171396 0 3 0 0 3 0 0 0
-211.18232386121267 0 3 0 0 3 0 0 3
11.58953374136978 0 3 0 0 3 0 1 1
11.58953374136978 0 3 0 0 3 0 2 2
-229.68866808111366 0 3 0 0 3 0 3 0
-22.228010072614996 0 3 0 0 3 0 3 3
-351.3932132518307 0 3 0 0 3 3 0 0
-47.95820357147049 0 3 0 0 3 3 0 3
-0.7242340820302982 0 3 0 0 3 3 1 1
-0.7242340820302982 0 3 0 0 3 3 2 2
-50.27790379231977 0 3 0 0 3 3 3 0
1.2296082958790413 0 3 0 0 3 3 3 3
3290.2373966574296 0 3 0 3 0 0 0 0
-162.45440442856662 0 3 0 3 0 0 0 3
-1963.0576684693588 0 3 0 3 0 0 1 1
-1963.057668469359 0 3 0 3 0 0 2 2
-170.28614476264795 0 3 0 3 0 0 3 0
-26.190614790593372 0 3 0 3 0 0 3 3
-219.95649535602578 0 3 0 3 0 3 0 0
-38.99473825047771 0 3 0 3 0 3 0 3
121.21660247114663 0 3 0 3 0 3 1 1
121.21660247114663 0 3 0 3 0 3 2 2
-39.57740961750329 0 3 0 3 0 3 3 0
1.1621611756833716 0 3 0 3 0 3 3 3
-211.18232386121267 0 3 0 3 3 0 0 0
-36.72831280054325 0 3 0 3 3 0 0 3
116.4049238401942 0 3 0 3 3 0 1 1
116.40492384019419 0 3 0 3 3 0 2 2
-37.35065737103633 0 3 0 3 3 0 3 0
1.127697760954875 0 3 0 3 3 0 3 3
-48.91900036233498 0 3 0 3 3 3 0 0
1.817037668800621 0 3 0 3 3 3 0 3
26.276697424366354 0 3 0 3 3 3 1 1
26.276697424366354 0 3 0 3 3 3 2 2
1.909524050136389 0 3 0 3 3 3 3 0
0.2676270231892996 0 3 0 3 3 3 3 3
61.33142798452398 0 3 1 1 0 0 0 0
-2.1795993852860227 0 3 1 1 0 0 0 3
0.0005265489427063356 0 3 1 1 0 0 1 1
0.0005265489427063354 0 3 1 1 0 0 2 2
-1779.3098021679134 0 3 1 1 0 0 3 0
51.36497115083578 0 3 1 1 0 0 3 3
13.570312419846296 0 3 1 1 0 3 0 0
-0.12305964107114786 0 3 1 1 0 3 0 3
0.00015528536866669766 0 3 1 1 0 3 1 1
0.00015528536866669766 0 3 1 1 0 3 2 2
121.21660247114662 0 3 1 1 0 3 3 0
11.751563659494343 0 3 1 1 0 3 3 3
13.257870061862981 0 3 1 1 3 0 0 0
-0.1243227217697731 0 3 1 1 3 0 0 3
0.00013568618749586897 0 3 1 1 3 0 1 1
0.00013568618749586897 0 3 1 1 3 0 2 2
116.40492384019419 0 3 1 1 3 0 3 0
11.589533741369777 0 3 1 1 3 0 3 3
-0.8239129306223051 0 3 1 1 3 3 0 0
-0.028979153902623723 0 3 1 1 3 3 0 3
27.246684881940737 0 3 1 1 3 3 3 0
-0.7315442062050795 0 3 1 1 3 3 3 3
66.30606649380964 0 3 1 2 0 0 1 2
-66.30606649380964 0 3 1 2 0 0 2 1
16.34616077421131 0 3 1 2 0 3 1 2
-16.34616077421131 0 3 1 2 0 3 2 1
15.120960003334487 0 3 1 2 3 0 1 2
-15.120960003334487 0 3 1 2 3 0 2 1
-0.6713778293789101 0 3 1 2 3 3 1 2
0.6713778293789101 0 3 1 2 3 3 2 1
-66.30606649380964 0 3 2 1 0 0 1 2
66.30606649380962 0 3 2 1 0 0 2 1
-16.34616077421131 0 3 2 1 0 3 1 2
16.34616077421131 0 3 2 1 0 3 2 1
-15.120960003334487 0 3 2 1 3 0 1 2
15.120960003334487 0 3 2 1 3 0 2 1
0.6713778293789101 0 3 2 1 3 3 1 2
-0.6713778293789101 0 3 2 1 3 3 2 1
61.33142798452398 0 3 2 2 0 0 0 0
-2.1795993852860227 0 3 2 2 0 0 0 3
0.0005265489427063425 0 3 2 2 0 0 1 1
0.0005265489427063423 0 3 2 2 0 0 2 2
-1779.3098021679132 0 3 2 2 0 0 3 0
51.36497115083577 0 3 2 2 0 0 3 3
13.570312419846296 0 3 2 2 0 3 0 0
-0.12305964107114785 0 3 2 2 0 3 0 3
0.00015528536866669593 0 3 2 2 0 3 1 1
0.0001552853686666942 0 3 2 2 0 3 2 2
121.21660247114663 0 3 2 2 0 3 3 0
11.751563659494343 0 3 2 2 0 3 3 3
13.25787006186298 0 3 2 2 3 0 0 0
-0.1243227217697731 0 3 2 2 3 0 0 3
0.00013568618749586897 0 3 2 2 3 0 1 1
0.00013568618749586897 0 3 2 2 3 0 2 2
116.4049238401942 0 3 2 2 3 0 3 0
11.589533741369777 0 3 2 2 3 0 3 3
-0.8239129306223051 0 3 2 2 3 3 0 0
-0.028979153902623723 0 3 2 2 3 3 0 3
27.246684881940737 0 3 2 2 3 3 3 0
-0.7315442062050795 0 3 2 2 3 3 3 3
3432.188910805824 0 3 3 0 0 0 0 0
-170.45136275007775 0 3 3 0 0 0 0 3
-1.4462426251495013 0 3 3 0 0 0 1 1
-1.4462426251495013 0 3 3 0 0 0 2 2
-180.17518257461091 0 3 3 0 0 0 3 0
-25.349215870079746 0 3 3 0 0 0 3 3
-239.85354405158495 0 3 3 0 0 3 0 0
-39.577409617503285 0 3 3 0 0 3 0 3
-0.12305964107114784 0 3 3 0 0 3 1 1
-0.12305964107114784 0 3 3 0 0 3 2 2
-40.51115233372885 0 3 3 0 0 3 3 0
1.1725556941793494 0 3 3 0 0 3 3 3
-229.68866808111363 0 3 3 0 3 0 0 0
-37.35065737103632 0 3 3 0 3 0 0 3
-0.12432272176977305 0 3 3 0 3 0 1 1
-0.12432272176977305 0 3 3 0 3 0 2 2
-38.283731938200084 0 3 3 0 3 0 3 0
1.1382655227302167 0 3 3 0 3 0 3 3
-51.31667498797325 0 3 3 0 3 3 0 0
1.9093518620237184 0 3 3 0 3 3 0 3
-0.02667861858541531 0 3 3 0 3 3 1 1
-0.02667861858541531 0 3 3 0 3 3 2 2
2.017570447071071 0 3 3 0 3 3 3 0
0.2663652732695362 0 3 3 0 3 3 3 3
-102.84844755405014 0 3 3 3 0 0 0 0
-25.37382238805509 0 3 3 3 0 0 0 3
62.567513778273764 0 3 3 3 0 0 1 1
62.56751377827376 0 3 3 3 0 0 2 2
-24.636792778221686 0 3 3 3 0 0 3 0
1.0510048298281622 0 3 3 3 0 0 3 3
-23.23109355792331 0 3 3 3 0 3 0 0
1.1621611756833714 0 3 3 3 0 3 0 3
13.570312419846298 0 3 3 3 0 3 1 1
13.570312419846298 0 3 3 3 0 3 2 2
1.1725556941793491 0 3 3 3 0 3 3 0
0.2542601542363645 0 3 3 3 0 3 3 3
-22.22801007261501 0 3 3 3 3 0 0 0
1.127697760954875 0 3 3 3 3 0 0 3
13.257870061862981 0 3 3 3 3 0 1 1
13.25787006186298 0 3 3 3 3 0 2 2
1.1382655227302163 0 3 3 3 3 0 3 0
0.2445192271040068 0 3 3 3 3 0 3 3
1.2465119575232453 0 3 3 3 3 3 0 0
0.2702738851370616 0 3 3 3 3 3 0 3
-0.8158363026848139 0 3 3 3 3 3 1 1
-0.8158363026848139 0 3 3 3 3 3 2 2
0.2687209703131661 0 3 3 3 3 3 3 0
-0.2701738911622453 1 0 0 1 1 0 0 1
-183.5068835741241 1 0 0 1 1 0 1 0
0.9883184216779389 1 0 0 1 1 0 1 3
0.0010880568038992445 1 0 0 1 1 0 3 1
0.002642194277917655 1 0 0 1 1 3 0 1
3.529065411126511 1 0 0 1 1 3 1 0
0.22712230398583164 1 0 0 1 1 3 1 3
0.0002239110737775477 1 0 0 1 1 3 3 1
-0.2701738911622454 1 0 0 1 2 0 0 2
-183.5068835741241 1 0 0 1 2 0 2 0
0.988318421677939 1 0 0 1 2 0 2 3
0.0010880568038992445 1 0 0 1 2 0 3 2
0.002642194277917655 1 0 0 1 2 3 0 2
3.5290654111265116 1 0 0 1 2 3 2 0
0.22712230398583164 1 0 0 1 2 3 2 3
0.0002239110737775477 1 0 0 1 2 3 3 2
-181.75888933784796 1 0 0 2 1 0 0 2
-0.24098272732155684 1 0 0 2 1 0 2 0
0.0005297101660891013 1 0 0 2 1 0 2 3
1.2952340964713869 1 0 0 2 1 0 3 2
3.494799950721153 1 0 0 2 1 3 0 2
0.0022926335786841424 1 0 0 2 1 3 2 0
0.00012523185474301937 1 0 0 2 1 3 2 3
0.24312648104358456 1 0 0 2 1 3 3 2
181.75888933784796 1 0 0 2 2 0 0 1
0.2409827273215568 1 0 0 2 2 0 1 0
-0.0005297101660891013 1 0 0 2 2 0 1 3
-1.2952340964713869 1 0 0 2 2 0 3 1
-3.494799950721153 1 0 0 2 2 3 0 1
-0.0022926335786841424 1 0 0 2 2 3 1 0
-0.00012523185474301937 1 0 0 2 2 3 1 3
-0.2431264810435845 1 0 0 2 2 3 3 1
0.0004639107344005976 1 0 1 0 1 0 0 1
-0.29108097653303927 1 0 1 0 1 0 1 0
0.0010018997498538527 1 0 1 0 1 0 1 3
0.0005297101660891022 1 0 1 0 1 0 3 1
0.0028485562578093628 1 0 1 0 1 3 1 0
0.00023273755827652614 1 0 1 0 1 3 1 3
0.00012358707716237315 1 0 1 0 1 3 3 1
0.00046391073440059784 1 0 1 0 2 0 0 2
-0.2910809765330392 1 0 1 0 2 0 2 0
0.0010018997498538527 1 0 1 0 2 0 2 3
0.0005297101660891022 1 0 1 0 2 0 3 2
0.0028485562578093628 1 0 1 0 2 3 2 0
0.00023273755827652614 1 0 1 0 2 3 2 3
0.00012358707716237315 1 0 1 0 2 3 3 2
0.0006528566670179941 1 0 1 3 1 0 0 1
0.0010018997498538525 1 0 1 3 1 0 1 0
0.0006209980696673199 1 0 1 3 1 0 1 3
-0.24098272732155684 1 0 1 3 1 0 3 1
0.0001264453540688002 1 0 1 3 1 3 0 1
0.00023522173651172078 1 0 1 3 1 3 1 0
0.002280914753586695 1 0 1 3 1 3 3 1
0.0006528566670179941 1 0 1 3 2 0 0 2
0.0010018997498538534 1 0 1 3 2 0 2 0
0.0006209980696673203 1 0 1 3 2 0 2 3
-0.2409827273215568 1 0 1 3 2 0 3 2
0.0001264453540688002 1 0 1 3 2 3 0 2
0.00023522173651172078 1 0 1 3 2 3 2 0
0.0022809147535866933 1 0 1 3 2 3 3 2
0.7328928494021194 1 0 2 0 1 0 0 2
-196.50426069948483 1 0 2 0 1 0 2 0
1.1301022660956068 1 0 2 0 1 0 2 3
0.988318421677938 1 0 2 0 1 0 3 2
-0.008452454249735907 1 0 2 0 1 3 0 2
3.779291958409992 1 0 2 0 1 3 2 0
0.25909195845258554 1 0 2 0 1 3 2 3
0.2271239487634123 1 0 2 0 1 3 3 2
-0.7328928494021195 1 0 2 0 2 0 0 1
196.50426069948477 1 0 2 0 2 0 1 0
-1.1301022660956066 1 0 2 0 2 0 1 3
-0.988318421677938 1 0 2 0 2 0 3 1
0.008452454249735907 1 0 2 0 2 3 0 1
-3.7792919584099915 1 0 2 0 2 3 1 0
-0.2590919584525855 1 0 2 0 2 3 1 3
-0.2271239487634123 1 0 2 0 2 3 3 1
1.235432937082768 1 0 2 3 1 0 0 2
1.1301022660956057 1 0 2 3 1 0 2 0
0.8161714044686095 1 0 2 3 1 0 2 3
-183.5068835741241 1 0 2 3 1 0 3 2
0.2293624762885019 1 0 2 3 1 3 0 2
0.2606410831736886 1 0 2 3 1 3 2 0
-0.009595677663691201 1 0 2 3 1 3 2 3
3.5290771299516086 1 0 2 3 1 3 3 2
-1.2354329370827681 1 0 2 3 2 0 0 1
-1.1301022660956055 1 0 2 3 2 0 1 0
-0.8161714044686094 1 0 2 3 2 0 1 3
183.50688357412406 1 0 2 3 2 0 3 1
-0.2293624762885019 1 0 2 3 2 3 0 1
-0.26064108317368856 1 0 2 3 2 3 1 0
0.009595677663691201 1 0 2 3 2 3 1 3
-3.529077129951608 1 0 2 3 2 3 3 1
0.0010880568038992443 1 0 3 1 1 0 0 1
1.2354329370827668 1 0 3 1 1 0 1 0
0.7328928494021193 1 0 3 1 1 0 1 3
0.0005599517259449107 1 0 3 1 1 0 3 1
0.00022782553920362914 1 0 3 1 1 3 0 1
0.22936494223282727 1 0 3 1 1 3 1 0
-0.00845245424973591 1 0 3 1 1 3 1 3
0.0010880568038992443 1 0 3 1 2 0 0 2
1.235432937082767 1 0 3 1 2 0 2 0
0.7328928494021193 1 0 3 1 2 0 2 3
0.0005599517259449107 1 0 3 1 2 0 3 2
0.00022782553920362914 1 0 3 1 2 3 0 2
0.22936494223282725 1 0 3 1 2 3 2 0
-0.00845245424973591 1 0 3 1 2 3 2 3
1.2952340964713858 1 0 3 2 1 0 0 2
0.0006528566670179922 1 0 3 2 1 0 2 0
0.0004639107344005972 1 0 3 2 1 0 2 3
0.7118631401321088 1 0 3 2 1 0 3 2
0.24467417547749695 1 0 3 2 1 3 0 2
0.00012397940974353934 1 0 3 2 1 3 2 0
-0.008882247497484685 1 0 3 2 1 3 3 2
-1.295234096471386 1 0 3 2 2 0 0 1
-0.0006528566670179922 1 0 3 2 2 0 1 0
-0.00046391073440059675 1 0 3 2 2 0 1 3
-0.7118631401321088 1 0 3 2 2 0 3 1
-0.2446741754774969 1 0 3 2 2 3 0 1
-0.00012397940974353934 1 0 3 2 2 3 1 0
0.008882247497484685 1 0 3 2 2 3 3 1
-0.5211101255005262 1 1 0 0 1 1 0 0
0.003096295706743626 1 1 0 0 1 1 0 3
-7.486893331587724e-05 1 1 0 0 1 1 1 1
-7.157937815458545e-05 1 1 0 0 1 1 2 2
0.0035596001140945892 1 1 0 0 1 1 3 0
0.0003664141806546589 1 1 0 0 1 1 3 3
-1.6447775806458771e-06 1 1 0 0 1 2 1 2
-1.644777580645861e-06 1 1 0 0 1 2 2 1
-1.644777580645861e-06 1 1 0 0 2 1 1 2
-1.6447775806458771e-06 1 1 0 0 2 1 2 1
-0.5211101255005262 1 1 0 0 2 2 0 0
0.003096295706743626 1 1 0 0 2 2 0 3
-7.157937815458545e-05 1 1 0 0 2 2 1 1
-7.486893331587724e-05 1 1 0 0 2 2 2 2
0.0035596001140945892 1 1 0 0 2 2 3 0
0.0003664141806546589 1 1 0 0 2 2 3 3
0.003096295706743628 1 1 0 3 1 1 0 0
0.0008189133010836997 1 1 0 3 1 1 0 3
-0.0016993886429894538 1 1 0 3 1 1 1 1
-0.0016759509927945556 1 1 0 3 1 1 2 2
0.0008040700072664149 1 1 0 3 1 1 3 0
-1.1718825097448673e-05 1 1 0 3 1 2 1 2
-1.1718825097448724e-05 1 1 0 3 1 2 2 1
-1.1718825097448724e-05 1 1 0 3 2 1 1 2
-1.171882509744867e-05 1 1 0 3 2 1 2 1
0.003096295706743628 1 1 0 3 2 2 0 0
0.0008189133010837002 1 1 0 3 2 2 0 3
-0.0016759509927945556 1 1 0 3 2 2 1 1
-0.0016993886429894538 1 1 0 3 2 2 2 2
0.0008040700072664154 1 1 0 3 2 2 3 0
-0.0001288242614708344 1 1 1 1 1 1 0 0
-2.979352449279342e-08 1 1 1 1 1 1 2 2
-0.0016759509927945565 1 1 1 1 1 1 3 0
-7.157937815458534e-05 1 1 1 1 1 1 3 3
1.4896762246284108e-08 1 1 1 1 1 2 1 2
1.4896762246270556e-08 1 1 1 1 1 2 2 1
1.4896762246270556e-08 1 1 1 1 2 1 1 2
1.4896762246284108e-08 1 1 1 1 2 1 2 1
-0.0001288242614708344 1 1 1 1 2 2 0 0
-2.979352449279342e-08 1 1 1 1 2 2 1 1
-0.0016759509927945565 1 1 1 1 2 2 3 0
-7.157937815458534e-05 1 1 1 1 2 2 3 3
-0.0004426241830821461 1 1 1 2 1 1 1 2
0.0004376260330872633 1 1 1 2 1 1 2 1
2.499074997441396e-06 1 1 1 2 1 2 1 1
-2.499074997441389e-06 1 1 1 2 1 2 2 2
2.4990749974413874e-06 1 1 1 2 2 1 1 1
-2.499074997441396e-06 1 1 1 2 2 1 2 2
-0.0004376260330872633 1 1 1 2 2 2 1 2
0.0004426241830821461 1 1 1 2 2 2 2 1
0.0004376260330872633 1 1 2 1 1 1 1 2
-0.00044548475746391863 1 1 2 1 1 1 2 1
3.9293621883277785e-06 1 1 2 1 1 2 1 1
-3.929362188327793e-06 1 1 2 1 1 2 2 2
3.929362188327793e-06 1 1 2 1 2 1 1 1
-3.929362188327724e-06 1 1 2 1 2 1 2 2
0.00044548475746391863 1 1 2 1 2 2 1 2
-0.0004376260330872633 1 1 2 1 2 2 2 1
-0.0001238923728203126 1 1 2 2 1 1 0 0
-2.979352449279262e-08 1 1 2 2 1 1 1 1
-0.0030904205113544063 1 1 2 2 1 1 2 2
-0.0016993886429894538 1 1 2 2 1 1 3 0
-7.486893331587691e-05 1 1 2 2 1 1 3 3
0.0015451953589149556 1 1 2 2 1 2 1 2
0.0015451953589149573 1 1 2 2 1 2 2 1
0.0015451953589149556 1 1 2 2 2 1 1 2
0.0015451953589149573 1 1 2 2 2 1 2 1
-0.0001238923728203126 1 1 2 2 2 2 0 0
-0.003090420511354403 1 1 2 2 2 2 1 1
-2.9793524492795704e-08 1 1 2 2 2 2 2 2
-0.001699388642989453 1 1 2 2 2 2 3 0
-7.486893331587691e-05 1 1 2 2 2 2 3 3
0.0035596001140945858 1 1 3 0 1 1 0 0
0.0008040700072664162 1 1 3 0 1 1 0 3
0.0008138721935807692 1 1 3 0 1 1 3 0
0.0035596001140945858 1 1 3 0 2 2 0 0
0.0008040700072664154 1 1 3 0 2 2 0 3
0.0008138721935807692 1 1 3 0 2 2 3 0
0.0003664141806546591 1 1 3 3 1 1 0 0
-0.0001238923728203124 1 1 3 3 1 1 1 1
-0.00012882426147083417 1 1 3 3 1 1 2 2
2.465944325260888e-06 1 1 3 3 1 2 1 2
2.465944325260922e-06 1 1 3 3 1 2 2 1
2.465944325260922e-06 1 1 3 3 2 1 1 2
2.4659443252608897e-06 1 1 3 3 2 1 2 1
0.0003664141806546591 1 1 3 3 2 2 0 0
-0.00012882426147083417 1 1 3 3 2 2 1 1
-0.0001238923728203126 1 1 3 3 2 2 2 2
-372.3037011433662 1 2 0 0 1 2 0 0
4.387085747406563 1 2 0 0 1 2 0 3
-0.08101495906227876 1 2 0 0 1 2 1 1
-0.08101495906227878 1 2 0 0 1 2 2 2
5.082437985235713 1 2 0 0 1 2 3 0
0.5015417426541513 1 2 0 0 1 2 3 3
372.3037011433662 1 2 0 0 2 1 0 0
-4.387085747406563 1 2 0 0 2 1 0 3
0.08101495906227878 1 2 0 0 2 1 1 1
0.08101495906227878 1 2 0 0 2 1 2 2
-5.082437985235712 1 2 0 0 2 1 3 0
-0.5015417426541513 1 2 0 0 2 1 3 3
4.3870857474065605 1 2 0 3 1 2 0 0
1.133212724967239 1 2 0 3 1 2 0 3
-2.4058393154761855 1 2 0 3 1 2 1 1
-2.4058393154761855 1 2 0 3 1 2 2 2
1.1133761232334833 1 2 0 3 1 2 3 0
-0.017231707364248214 1 2 0 3 1 2 3 3
-4.387085747406561 1 2 0 3 2 1 0 0
-1.133212724967239 1 2 0 3 2 1 0 3
2.405839315476185 1 2 0 3 2 1 1 1
2.405839315476185 1 2 0 3 2 1 2 2
-1.1133761232334831 1 2 0 3 2 1 3 0
0.017231707364248214 1 2 0 3 2 1 3 3
2.499074997441336e-06 1 2 1 1 1 1 1 2
3.929362188327772e-06 1 2 1 1 1 1 2 1
-0.15622117899166169 1 2 1 1 1 2 0 0
-0.000631540349312603 1 2 1 1 1 2 0 3
-1.3013809178298321e-05 1 2 1 1 1 2 1 1
-6.585371992529064e-06 1 2 1 1 1 2 2 2
-2.4058393154761846 1 2 1 1 1 2 3 0
-0.08101495906227876 1 2 1 1 1 2 3 3
0.1562211789916617 1 2 1 1 2 1 0 0
0.000631540349312603 1 2 1 1 2 1 0 3
6.585371992529066e-06 1 2 1 1 2 1 1 1
1.3013809178298321e-05 1 2 1 1 2 1 2 2
2.4058393154761846 1 2 1 1 2 1 3 0
0.08101495906227876 1 2 1 1 2 1 3 3
-3.929362188327806e-06 1 2 1 1 2 2 1 2
-2.499074997441414e-06 1 2 1 1 2 2 2 1
-2.465944325260925e-06 1 2 1 2 1 1 0 0
1.4896762246276485e-08 1 2 1 2 1 1 1 1
0.0015451953589149558 1 2 1 2 1 1 2 2
1.1718825097448793e-05 1 2 1 2 1 1 3 0
1.644777580645902e-06 1 2 1 2 1 1 3 3
-0.6133729756694929 1 2 1 2 1 2 1 2
0.61182779520734 1 2 1 2 1 2 2 1
0.61182779520734 1 2 1 2 2 1 1 2
-0.613372975669493 1 2 1 2 2 1 2 1
-2.465944325260925e-06 1 2 1 2 2 2 0 0
0.0015451953589149553 1 2 1 2 2 2 1 1
1.4896762246278207e-08 1 2 1 2 2 2 2 2
1.1718825097448793e-05 1 2 1 2 2 2 3 0
1.6447775806458477e-06 1 2 1 2 2 2 3 3
-2.465944325260918e-06 1 2 2 1 1 1 0 0
1.4896762246270197e-08 1 2 2 1 1 1 1 1
0.0015451953589149573 1 2 2 1 1 1 2 2
1.1718825097448422e-05 1 2 2 1 1 1 3 0
1.6447775806458202e-06 1 2 2 1 1 1 3 3
0.61182779520734 1 2 2 1 1 2 1 2
-0.6133729756694929 1 2 2 1 1 2 2 1
-0.6133729756694929 1 2 2 1 2 1 1 2
0.6118277952073399 1 2 2 1 2 1 2 1
-2.465944325260918e-06 1 2 2 1 2 2 0 0
0.0015451953589149556 1 2 2 1 2 2 1 1
1.4896762246284214e-08 1 2 2 1 2 2 2 2
1.1718825097448422e-05 1 2 2 1 2 2 3 0
1.6447775806458202e-06 1 2 2 1 2 2 3 3
-2.4990749974414403e-06 1 2 2 2 1 1 1 2
-3.929362188327785e-06 1 2 2 2 1 1 2 1
-0.1562211789916617 1 2 2 2 1 2 0 0
-0.000631540349312603 1 2 2 2 1 2 0 3
-6.5853719925291226e-06 1 2 2 2 1 2 1 1
-1.3013809178298332e-05 1 2 2 2 1 2 2 2
-2.405839315476185 1 2 2 2 1 2 3 0
-0.08101495906227876 1 2 2 2 1 2 3 3
0.15622117899166174 1 2 2 2 2 1 0 0
0.000631540349312603 1 2 2 2 2 1 0 3
1.3013809178298332e-05 1 2 2 2 2 1 1 1
6.585371992529122e-06 1 2 2 2 2 1 2 2
2.4058393154761846 1 2 2 2 2 1 3 0
0.08101495906227876 1 2 2 2 2 1 3 3
3.929362188327752e-06 1 2 2 2 2 2 1 2
2.4990749974413658e-06 1 2 2 2 2 2 2 1
5.082437985235712 1 2 3 0 1 2 0 0
1.1133761232334836 1 2 3 0 1 2 0 3
-0.0006315403493126039 1 2 3 0 1 2 1 1
-0.0006315403493126035 1 2 3 0 1 2 2 2
1.1137101977643957 1 2 3 0 1 2 3 0
-0.017145085724566387 1 2 3 0 1 2 3 3
-5.082437985235712 1 2 3 0 2 1 0 0
-1.1133761232334833 1 2 3 0 2 1 0 3
0.0006315403493126035 1 2 3 0 2 1 1 1
0.0006315403493126039 1 2 3 0 2 1 2 2
-1.1137101977643957 1 2 3 0 2 1 3 0
0.017145085724566387 1 2 3 0 2 1 3 3
0.5015417426541514 1 2 3 3 1 2 0 0
-0.017231707364248207 1 2 3 3 1 2 0 3
-0.1562211789916617 1 2 3 3 1 2 1 1
-0.15622117899166169 1 2 3 3 1 2 2 2
-0.017145085724566383 1 2 3 3 1 2 3 0
-0.004870463566178869 1 2 3 3 1 2 3 3
-0.5015417426541513 1 2 3 3 2 1 0 0
0.017231707364248207 1 2 3 3 2 1 0 3
0.1562211789916617 1 2 3 3 2 1 1 1
0.1562211789916617 1 2 3 3 2 1 2 2
0.017145085724566383 1 2 3 3 2 1 3 0
0.004870463566178869 1 2 3 3 2 1 3 3
0.0026421942779176573 1 3 0 1 1 0 0 1
3.529077129951609 1 3 0 1 1 0 1 0
0.2271239487634123 1 3 0 1 1 0 1 3
0.0002278255392036291 1 3 0 1 1 0 3 1
0.0007599042058072706 1 3 0 1 1 3 0 1
0.9693247905658701 1 3 0 1 1 3 1 0
-0.007310124174781295 1 3 0 1 1 3 1 3
0.0026421942779176573 1 3 0 1 2 0 0 2
3.529077129951609 1 3 0 1 2 0 2 0
0.2271239487634123 1 3 0 1 2 0 2 3
0.0002278255392036291 1 3 0 1 2 0 3 2
0.0007599042058072706 1 3 0 1 2 3 0 2
0.9693247905658701 1 3 0 1 2 3 2 0
-0.007310124174781295 1 3 0 1 2 3 2 3
3.4947999507211542 1 3 0 2 1 0 0 2
0.002280914753586696 1 3 0 2 1 0 2 0
0.00012358707716237315 1 3 0 2 1 0 2 3
0.24467417547749687 1 3 0 2 1 0 3 2
0.9600368866587058 1 3 0 2 1 3 0 2
0.0006626670085016194 1 3 0 2 1 3 2 0
-0.008537924878437254 1 3 0 2 1 3 3 2
-3.4947999507211542 1 3 0 2 2 0 0 1
-0.0022809147535866967 1 3 0 2 2 0 1 0
-0.00012358707716237326 1 3 0 2 2 0 1 3
-0.24467417547749687 1 3 0 2 2 0 3 1
-0.9600368866587058 1 3 0 2 2 3 0 1
-0.0006626670085016194 1 3 0 2 2 3 1 0
0.008537924878437254 1 3 0 2 2 3 3 1
0.0028485562578093662 1 3 1 0 1 0 1 0
0.00023522173651172084 1 3 1 0 1 0 1 3
0.00012523185474301905 1 3 1 0 1 0 3 1
0.0008176233242025805 1 3 1 0 1 3 1 0
0.0028485562578093662 1 3 1 0 2 0 2 0
0.00023522173651172084 1 3 1 0 2 0 2 3
0.00012523185474301905 1 3 1 0 2 0 3 2
0.0008176233242025814 1 3 1 0 2 3 2 0
0.00012397940974353942 1 3 1 3 1 0 0 1
0.00023273755827652592 1 3 1 3 1 0 1 0
0.002292633578684144 1 3 1 3 1 0 3 1
0.0006626670085016198 1 3 1 3 1 3 3 1
0.0001239794097435393 1 3 1 3 2 0 0 2
0.00023273755827652592 1 3 1 3 2 0 2 0
0.002292633578684144 1 3 1 3 2 0 3 2
0.0006626670085016198 1 3 1 3 2 3 3 2
-0.008452454249735907 1 3 2 0 1 0 0 2
3.779291958409993 1 3 2 0 1 0 2 0
0.2606410831736887 1 3 2 0 1 0 2 3
0.2271223039858317 1 3 2 0 1 0 3 2
-0.0023005353172084143 1 3 2 0 1 3 0 2
1.03795357232926 1 3 2 0 1 3 2 0
-0.008365736765766657 1 3 2 0 1 3 2 3
-0.007310124174781293 1 3 2 0 1 3 3 2
0.008452454249735907 1 3 2 0 2 0 0 1
-3.7792919584099924 1 3 2 0 2 0 1 0
-0.2606410831736886 1 3 2 0 2 0 1 3
-0.2271223039858317 1 3 2 0 2 0 3 1
0.0023005353172084143 1 3 2 0 2 3 0 1
-1.0379535723292603 1 3 2 0 2 3 1 0
0.008365736765766657 1 3 2 0 2 3 1 3
0.007310124174781293 1 3 2 0 2 3 3 1
0.22936494223282727 1 3 2 3 1 0 0 2
0.25909195845258554 1 3 2 3 1 0 2 0
-0.009595677663691203 1 3 2 3 1 0 2 3
3.529065411126512 1 3 2 3 1 0 3 2
-0.008076627937491207 1 3 2 3 1 3 0 2
-0.008365736765766655 1 3 2 3 1 3 2 0
-0.0026468619477618867 1 3 2 3 1 3 2 3
0.9693247905658701 1 3 2 3 1 3 3 2
-0.22936494223282727 1 3 2 3 2 0 0 1
-0.25909195845258554 1 3 2 3 2 0 1 0
0.009595677663691203 1 3 2 3 2 0 1 3
-3.529065411126512 1 3 2 3 2 0 3 1
0.008076627937491207 1 3 2 3 2 3 0 1
0.008365736765766655 1 3 2 3 2 3 1 0
0.0026468619477618867 1 3 2 3 2 3 1 3
-0.96932479056587 1 3 2 3 2 3 3 1
0.00022391107377754758 1 3 3 1 1 0 0 1
0.2293624762885019 1 3 3 1 1 0 1 0
-0.00845245424973591 1 3 3 1 1 0 1 3
-0.008076627937491206 1 3 3 1 1 3 1 0
-0.0023005353172084147 1 3 3 1 1 3 1 3
0.00022391107377754758 1 3 3 1 2 0 0 2
0.22936247628850193 1 3 3 1 2 0 2 0
-0.00845245424973591 1 3 3 1 2 0 2 3
-0.008076627937491206 1 3 3 1 2 3 2 0
-0.0023005353172084147 1 3 3 1 2 3 2 3
0.24312648104358456 1 3 3 2 1 0 0 2
0.00012644535406879998 1 3 3 2 1 0 2 0
-0.008882247497484688 1 3 3 2 1 0 3 2
-0.008537924878437254 1 3 3 2 1 3 0 2
-0.002355697043629914 1 3 3 2 1 3 3 2
-0.2431264810435846 1 3 3 2 2 0 0 1
-0.00012644535406879998 1 3 3 2 2 0 1 0
0.008882247497484688 1 3 3 2 2 0 3 1
0.008537924878437254 1 3 3 2 2 3 0 1
0.002355697043629914 1 3 3 2 2 3 3 1
181.75888933784796 2 0 0 1 1 0 0 2
0.24098272732155673 2 0 0 1 1 0 2 0
-0.0005297101660891017 2 0 0 1 1 0 2 3
-1.2952340964713867 2 0 0 1 1 0 3 2
-3.494799950721153 2 0 0 1 1 3 0 2
-0.002292633578684143 2 0 0 1 1 3 2 0
-0.00012523185474301937 2 0 0 1 1 3 2 3
-0.24312648104358453 2 0 0 1 1 3 3 2
-181.758889337848 2 0 0 1 2 0 0 1
-0.24098272732155676 2 0 0 1 2 0 1 0
0.0005297101660891013 2 0 0 1 2 0 1 3
1.2952340964713867 2 0 0 1 2 0 3 1
3.494799950721153 2 0 0 1 2 3 0 1
0.002292633578684143 2 0 0 1 2 3 1 0
0.00012523185474301937 2 0 0 1 2 3 1 3
0.24312648104358453 2 0 0 1 2 3 3 1
-0.2701738911622454 2 0 0 2 1 0 0 1
-183.5068835741241 2 0 0 2 1 0 1 0
0.9883184216779392 2 0 0 2 1 0 1 3
0.0010880568038992445 2 0 0 2 1 0 3 1
0.002642194277917656 2 0 0 2 1 3 0 1
3.5290654111265116 2 0 0 2 1 3 1 0
0.2271223039858316 2 0 0 2 1 3 1 3
0.0002239110737775477 2 0 0 2 1 3 3 1
-0.27017389116224544 2 0 0 2 2 0 0 2
-183.5068835741241 2 0 0 2 2 0 2 0
0.988318421677939 2 0 0 2 2 0 2 3
0.0010880568038992445 2 0 0 2 2 0 3 2
0.002642194277917655 2 0 0 2 2 3 0 2
3.529065411126512 2 0 0 2 2 3 2 0
0.22712230398583166 2 0 0 2 2 3 2 3
0.0002239110737775477 2 0 0 2 2 3 3 2
-0.7328928494021194 2 0 1 0 1 0 0 2
196.50426069948477 2 0 1 0 1 0 2 0
-1.1301022660956066 2 0 1 0 1 0 2 3
-0.9883184216779382 2 0 1 0 1 0 3 2
0.008452454249735907 2 0 1 0 1 3 0 2
-3.7792919584099915 2 0 1 0 1 3 2 0
-0.2590919584525855 2 0 1 0 1 3 2 3
-0.2271239487634123 2 0 1 0 1 3 3 2
0.7328928494021195 2 0 1 0 2 0 0 1
-196.50426069948475 2 0 1 0 2 0 1 0
1.1301022660956066 2 0 1 0 2 0 1 3
0.9883184216779382 2 0 1 0 2 0 3 1
-0.008452454249735907 2 0 1 0 2 3 0 1
3.7792919584099915 2 0 1 0 2 3 1 0
0.2590919584525854 2 0 1 0 2 3 1 3
0.22712394876341235 2 0 1 0 2 3 3 1
-1.2354329370827681 2 0 1 3 1 0 0 2
-1.1301022660956053 2 0 1 3 1 0 2 0
-0.8161714044686093 2 0 1 3 1 0 2 3
183.5068835741241 2 0 1 3 1 0 3 2
-0.22936247628850193 2 0 1 3 1 3 0 2
-0.26064108317368856 2 0 1 3 1 3 2 0
0.0095956776636912 2 0 1 3 1 3 2 3
-3.529077129951608 2 0 1 3 1 3 3 2
1.2354329370827684 2 0 1 3 2 0 0 1
1.1301022660956053 2 0 1 3 2 0 1 0
0.8161714044686093 2 0 1 3 2 0 1 3
-183.50688357412406 2 0 1 3 2 0 3 1
0.22936247628850193 2 0 1 3 2 3 0 1
0.26064108317368856 2 0 1 3 2 3 1 0
-0.0095956776636912 2 0 1 3 2 3 1 3
3.5290771299516086 2 0 1 3 2 3 3 1
0.0004639107344005976 2 0 2 0 1 0 0 1
-0.2910809765330392 2 0 2 0 1 0 1 0
0.0010018997498538527 2 0 2 0 1 0 1 3
0.0005297101660891022 2 0 2 0 1 0 3 1
0.0028485562578093636 2 0 2 0 1 3 1 0
0.00023273755827652614 2 0 2 0 1 3 1 3
0.00012358707716237315 2 0 2 0 1 3 3 1
0.0004639107344005976 2 0 2 0 2 0 0 2
-0.2910809765330393 2 0 2 0 2 0 2 0
0.0010018997498538527 2 0 2 0 2 0 2 3
0.0005297101660891022 2 0 2 0 2 0 3 2
0.0028485562578093636 2 0 2 0 2 3 2 0
0.00023273755827652614 2 0 2 0 2 3 2 3
0.00012358707716237315 2 0 2 0 2 3 3 2
0.0006528566670179941 2 0 2 3 1 0 0 1
0.0010018997498538525 2 0 2 3 1 0 1 0
0.0006209980696673203 2 0 2 3 1 0 1 3
-0.24098272732155673 2 0 2 3 1 0 3 1
0.0001264453540688002 2 0 2 3 1 3 0 1
0.00023522173651172078 2 0 2 3 1 3 1 0
0.002280914753586694 2 0 2 3 1 3 3 1
0.0006528566670179941 2 0 2 3 2 0 0 2
0.0010018997498538525 2 0 2 3 2 0 2 0
0.0006209980696673201 2 0 2 3 2 0 2 3
-0.24098272732155684 2 0 2 3 2 0 3 2
0.0001264453540688002 2 0 2 3 2 3 0 2
0.00023522173651172078 2 0 2 3 2 3 2 0
0.002280914753586695 2 0 2 3 2 3 3 2
-1.2952340964713858 2 0 3 1 1 0 0 2
-0.0006528566670179921 2 0 3 1 1 0 2 0
-0.0004639107344005976 2 0 3 1 1 0 2 3
-0.7118631401321088 2 0 3 1 1 0 3 2
-0.2446741754774968 2 0 3 1 1 3 0 2
-0.00012397940974353936 2 0 3 1 1 3 2 0
0.008882247497484686 2 0 3 1 1 3 3 2
1.2952340964713858 2 0 3 1 2 0 0 1
0.0006528566670179921 2 0 3 1 2 0 1 0
0.0004639107344005976 2 0 3 1 2 0 1 3
0.7118631401321088 2 0 3 1 2 0 3 1
0.24467417547749687 2 0 3 1 2 3 0 1
0.00012397940974353936 2 0 3 1 2 3 1 0
-0.008882247497484686 2 0 3 1 2 3 3 1
0.0010880568038992443 2 0 3 2 1 0 0 1
1.2354329370827672 2 0 3 2 1 0 1 0
0.7328928494021195 2 0 3 2 1 0 1 3
0.0005599517259449105 2 0 3 2 1 0 3 1
0.00022782553920362914 2 0 3 2 1 3 0 1
0.22936494223282727 2 0 3 2 1 3 1 0
-0.00845245424973591 2 0 3 2 1 3 1 3
0.0010880568038992443 2 0 3 2 2 0 0 2
1.2354329370827672 2 0 3 2 2 0 2 0
0.7328928494021195 2 0 3 2 2 0 2 3
0.0005599517259449105 2 0 3 2 2 0 3 2
0.00022782553920362914 2 0 3 2 2 3 0 2
0.22936494223282725 2 0 3 2 2 3 2 0
-0.00845245424973591 2 0 3 2 2 3 2 3
372.3037011433662 2 1 0 0 1 2 0 0
-4.387085747406563 2 1 0 0 1 2 0 3
0.08101495906227878 2 1 0 0 1 2 1 1
0.08101495906227876 2 1 0 0 1 2 2 2
-5.082437985235712 2 1 0 0 1 2 3 0
-0.5015417426541513 2 1 0 0 1 2 3 3
-372.3037011433662 2 1 0 0 2 1 0 0
4.387085747406563 2 1 0 0 2 1 0 3
-0.08101495906227878 2 1 0 0 2 1 1 1
-0.08101495906227878 2 1 0 0 2 1 2 2
5.082437985235712 2 1 0 0 2 1 3 0
0.5015417426541513 2 1 0 0 2 1 3 3
-4.387085747406561 2 1 0 3 1 2 0 0
-1.133212724967239 2 1 0 3 1 2 0 3
2.405839315476185 2 1 0 3 1 2 1 1
2.405839315476185 2 1 0 3 1 2 2 2
-1.1133761232334831 2 1 0 3 1 2 3 0
0.017231707364248214 2 1 0 3 1 2 3 3
4.3870857474065605 2 1 0 3 2 1 0 0
1.133212724967239 2 1 0 3 2 1 0 3
-2.405839315476185 2 1 0 3 2 1 1 1
-2.4058393154761846 2 1 0 3 2 1 2 2
1.113376123233483 2 1 0 3 2 1 3 0
-0.017231707364248214 2 1 0 3 2 1 3 3
2.4990749974414623e-06 2 1 1 1 1 1 1 2
3.929362188327759e-06 2 1 1 1 1 1 2 1
0.1562211789916617 2 1 1 1 1 2 0 0
0.000631540349312603 2 1 1 1 1 2 0 3
6.585371992529066e-06 2 1 1 1 1 2 1 1
1.3013809178298323e-05 2 1 1 1 1 2 2 2
2.4058393154761846 2 1 1 1 1 2 3 0
0.08101495906227876 2 1 1 1 1 2 3 3
-0.1562211789916617 2 1 1 1 2 1 0 0
-0.000631540349312603 2 1 1 1 2 1 0 3
-1.3013809178298323e-05 2 1 1 1 2 1 1 1
-6.585371992529065e-06 2 1 1 1 2 1 2 2
-2.4058393154761846 2 1 1 1 2 1 3 0
-0.08101495906227876 2 1 1 1 2 1 3 3
-3.929362188327729e-06 2 1 1 1 2 2 1 2
-2.499074997441391e-06 2 1 1 1 2 2 2 1
-2.4659443252609164e-06 2 1 1 2 1 1 0 0
1.4896762246276563e-08 2 1 1 2 1 1 1 1
0.0015451953589149553 2 1 1 2 1 1 2 2
1.1718825097448613e-05 2 1 1 2 1 1 3 0
1.644777580645846e-06 2 1 1 2 1 1 3 3
0.61182779520734 2 1 1 2 1 2 1 2
-0.6133729756694929 2 1 1 2 1 2 2 1
-0.6133729756694929 2 1 1 2 2 1 1 2
0.61182779520734 2 1 1 2 2 1 2 1
-2.4659443252609197e-06 2 1 1 2 2 2 0 0
0.0015451953589149558 2 1 1 2 2 2 1 1
1.4896762246278207e-08 2 1 1 2 2 2 2 2
1.1718825097448613e-05 2 1 1 2 2 2 3 0
1.644777580645846e-06 2 1 1 2 2 2 3 3
-2.4659443252609502e-06 2 1 2 1 1 1 0 0
1.489676224628375e-08 2 1 2 1 1 1 1 1
0.0015451953589149573 2 1 2 1 1 1 2 2
1.171882509744898e-05 2 1 2 1 1 1 3 0
1.6447775806458375e-06 2 1 2 1 1 1 3 3
-0.613372975669493 2 1 2 1 1 2 1 2
0.61182779520734 2 1 2 1 1 2 2 1
0.6118277952073399 2 1 2 1 2 1 1 2
-0.613372975669493 2 1 2 1 2 1 2 1
-2.4659443252609502e-06 2 1 2 1 2 2 0 0
0.0015451953589149556 2 1 2 1 2 2 1 1
1.4896762246270662e-08 2 1 2 1 2 2 2 2
1.171882509744898e-05 2 1 2 1 2 2 3 0
1.6447775806458375e-06 2 1 2 1 2 2 3 3
-2.499074997441387e-06 2 1 2 2 1 1 1 2
-3.929362188327745e-06 2 1 2 2 1 1 2 1
0.1562211789916617 2 1 2 2 1 2 0 0
0.000631540349312603 2 1 2 2 1 2 0 3
1.3013809178298345e-05 2 1 2 2 1 2 1 1
6.58537199252912e-06 2 1 2 2 1 2 2 2
2.4058393154761846 2 1 2 2 1 2 3 0
0.08101495906227876 2 1 2 2 1 2 3 3
-0.15622117899166174 2 1 2 2 2 1 0 0
-0.000631540349312603 2 1 2 2 2 1 0 3
-6.585371992529122e-06 2 1 2 2 2 1 1 1
-1.3013809178298342e-05 2 1 2 2 2 1 2 2
-2.4058393154761846 2 1 2 2 2 1 3 0
-0.08101495906227876 2 1 2 2 2 1 3 3
3.9293621883277785e-06 2 1 2 2 2 2 1 2
2.499074997441353e-06 2 1 2 2 2 2 2 1
-5.082437985235712 2 1 3 0 1 2 0 0
-1.1133761232334833 2 1 3 0 1 2 0 3
0.0006315403493126035 2 1 3 0 1 2 1 1
0.0006315403493126039 2 1 3 0 1 2 2 2
-1.1137101977643957 2 1 3 0 1 2 3 0
0.017145085724566387 2 1 3 0 1 2 3 3
5.082437985235711 2 1 3 0 2 1 0 0
1.1133761232334831 2 1 3 0 2 1 0 3
-0.0006315403493126039 2 1 3 0 2 1 1 1
-0.0006315403493126035 2 1 3 0 2 1 2 2
1.1137101977643957 2 1 3 0 2 1 3 0
-0.017145085724566387 2 1 3 0 2 1 3 3
-0.5015417426541513 2 1 3 3 1 2 0 0
0.017231707364248207 2 1 3 3 1 2 0 3
0.1562211789916617 2 1 3 3 1 2 1 1
0.1562211789916617 2 1 3 3 1 2 2 2
0.017145085724566383 2 1 3 3 1 2 3 0
0.004870463566178869 2 1 3 3 1 2 3 3
0.5015417426541513 2 1 3 3 2 1 0 0
-0.017231707364248207 2 1 3 3 2 1 0 3
-0.15622117899166174 2 1 3 3 2 1 1 1
-0.1562211789916617 2 1 3 3 2 1 2 2
-0.017145085724566383 2 1 3 3 2 1 3 0
-0.004870463566178869 2 1 3 3 2 1 3 3
-0.5211101255005262 2 2 0 0 1 1 0 0
0.003096295706743626 2 2 0 0 1 1 0 3
-7.486893331587702e-05 2 2 0 0 1 1 1 1
-7.157937815458555e-05 2 2 0 0 1 1 2 2
0.0035596001140945892 2 2 0 0 1 1 3 0
0.0003664141806546589 2 2 0 0 1 1 3 3
-1.644777580645834e-06 2 2 0 0 1 2 1 2
-1.6447775806458697e-06 2 2 0 0 1 2 2 1
-1.6447775806458697e-06 2 2 0 0 2 1 1 2
-1.644777580645834e-06 2 2 0 0 2 1 2 1
-0.5211101255005262 2 2 0 0 2 2 0 0
0.003096295706743626 2 2 0 0 2 2 0 3
-7.157937815458555e-05 2 2 0 0 2 2 1 1
-7.486893331587702e-05 2 2 0 0 2 2 2 2
0.0035596001140945892 2 2 0 0 2 2 3 0
0.0003664141806546589 2 2 0 0 2 2 3 3
0.003096295706743628 2 2 0 3 1 1 0 0
0.0008189133010836993 2 2 0 3 1 1 0 3
-0.001699388642989453 2 2 0 3 1 1 1 1
-0.0016759509927945556 2 2 0 3 1 1 2 2
0.0008040700072664158 2 2 0 3 1 1 3 0
-1.1718825097448696e-05 2 2 0 3 1 2 1 2
-1.1718825097448724e-05 2 2 0 3 1 2 2 1
-1.1718825097448724e-05 2 2 0 3 2 1 1 2
-1.1718825097448696e-05 2 2 0 3 2 1 2 1
0.003096295706743628 2 2 0 3 2 2 0 0
0.0008189133010836993 2 2 0 3 2 2 0 3
-0.0016759509927945556 2 2 0 3 2 2 1 1
-0.001699388642989453 2 2 0 3 2 2 2 2
0.0008040700072664162 2 2 0 3 2 2 3 0
-0.00012389237282031272 2 2 1 1 1 1 0 0
-2.979352449279344e-08 2 2 1 1 1 1 1 1
-0.003090420511354403 2 2 1 1 1 1 2 2
-0.001699388642989453 2 2 1 1 1 1 3 0
-7.486893331587702e-05 2 2 1 1 1 1 3 3
0.0015451953589149556 2 2 1 1 1 2 1 2
0.0015451953589149556 2 2 1 1 1 2 2 1
0.0015451953589149556 2 2 1 1 2 1 1 2
0.0015451953589149556 2 2 1 1 2 1 2 1
-0.00012389237282031272 2 2 1 1 2 2 0 0
-0.003090420511354403 2 2 1 1 2 2 1 1
-2.9793524492794163e-08 2 2 1 1 2 2 2 2
-0.001699388642989453 2 2 1 1 2 2 3 0
-7.486893331587702e-05 2 2 1 1 2 2 3 3
-0.0004376260330872635 2 2 1 2 1 1 1 2
0.00044548475746391863 2 2 1 2 1 1 2 1
-3.9293621883277125e-06 2 2 1 2 1 2 1 1
3.929362188327788e-06 2 2 1 2 1 2 2 2
-3.929362188327788e-06 2 2 1 2 2 1 1 1
3.929362188327714e-06 2 2 1 2 2 1 2 2
-0.00044548475746391907 2 2 1 2 2 2 1 2
0.0004376260330872635 2 2 1 2 2 2 2 1
0.0004426241830821461 2 2 2 1 1 1 1 2
-0.0004376260330872635 2 2 2 1 1 1 2 1
-2.4990749974413874e-06 2 2 2 1 1 2 1 1
2.4990749974413734e-06 2 2 2 1 1 2 2 2
-2.499074997441371e-06 2 2 2 1 2 1 1 1
2.4990749974413907e-06 2 2 2 1 2 1 2 2
0.0004376260330872635 2 2 2 1 2 2 1 2
-0.0004426241830821461 2 2 2 1 2 2 2 1
-0.0001288242614708344 2 2 2 2 1 1 0 0
-2.97935244927943e-08 2 2 2 2 1 1 2 2
-0.0016759509927945556 2 2 2 2 1 1 3 0
-7.157937815458545e-05 2 2 2 2 1 1 3 3
1.4896762246271576e-08 2 2 2 2 1 2 1 2
1.4896762246286613e-08 2 2 2 2 1 2 2 1
1.4896762246286613e-08 2 2 2 2 2 1 1 2
1.4896762246271576e-08 2 2 2 2 2 1 2 1
-0.0001288242614708344 2 2 2 2 2 2 0 0
-2.97935244927943e-08 2 2 2 2 2 2 1 1
-0.0016759509927945565 2 2 2 2 2 2 3 0
-7.157937815458545e-05 2 2 2 2 2 2 3 3
0.0035596001140945858 2 2 3 0 1 1 0 0
0.0008040700072664154 2 2 3 0 1 1 0 3
0.0008138721935807697 2 2 3 0 1 1 3 0
0.0035596001140945858 2 2 3 0 2 2 0 0
0.0008040700072664162 2 2 3 0 2 2 0 3
0.0008138721935807697 2 2 3 0 2 2 3 0
0.000366414180654659 2 2 3 3 1 1 0 0
-0.00012389237282031272 2 2 3 3 1 1 1 1
-0.00012882426147083417 2 2 3 3 1 1 2 2
2.465944325260921e-06 2 2 3 3 1 2 1 2
2.4659443252609286e-06 2 2 3 3 1 2 2 1
2.4659443252609253e-06 2 2 3 3 2 1 1 2
2.4659443252609236e-06 2 2 3 3 2 1 2 1
0.000366414180654659 2 2 3 3 2 2 0 0
-0.00012882426147083417 2 2 3 3 2 2 1 1
-0.0001238923728203125 2 2 3 3 2 2 2 2
-3.4947999507211542 2 3 0 1 1 0 0 2
-0.0022809147535866967 2 3 0 1 1 0 2 0
-0.00012358707716237326 2 3 0 1 1 0 2 3
-0.24467417547749684 2 3 0 1 1 0 3 2
-0.9600368866587058 2 3 0 1 1 3 0 2
-0.0006626670085016194 2 3 0 1 1 3 2 0
0.008537924878437256 2 3 0 1 1 3 3 2
3.4947999507211542 2 3 0 1 2 0 0 1
0.002280914753586696 2 3 0 1 2 0 1 0
0.00012358707716237315 2 3 0 1 2 0 1 3
0.24467417547749684 2 3 0 1 2 0 3 1
0.9600368866587058 2 3 0 1 2 3 0 1
0.0006626670085016202 2 3 0 1 2 3 1 0
-0.008537924878437256 2 3 0 1 2 3 3 1
0.0026421942779176573 2 3 0 2 1 0 0 1
3.5290771299516095 2 3 0 2 1 0 1 0
0.22712394876341235 2 3 0 2 1 0 1 3
0.0002278255392036291 2 3 0 2 1 0 3 1
0.000759904205807271 2 3 0 2 1 3 0 1
0.96932479056587 2 3 0 2 1 3 1 0
-0.007310124174781295 2 3 0 2 1 3 1 3
0.0026421942779176573 2 3 0 2 2 0 0 2
3.5290771299516095 2 3 0 2 2 0 2 0
0.22712394876341235 2 3 0 2 2 0 2 3
0.0002278255392036291 2 3 0 2 2 0 3 2
0.000759904205807271 2 3 0 2 2 3 0 2
0.96932479056587 2 3 0 2 2 3 2 0
-0.007310124174781295 2 3 0 2 2 3 2 3
0.008452454249735907 2 3 1 0 1 0 0 2
-3.7792919584099924 2 3 1 0 1 0 2 0
-0.26064108317368867 2 3 1 0 1 0 2 3
-0.2271223039858317 2 3 1 0 1 0 3 2
0.002300535317208414 2 3 1 0 1 3 0 2
-1.0379535723292603 2 3 1 0 1 3 2 0
0.008365736765766657 2 3 1 0 1 3 2 3
0.007310124174781293 2 3 1 0 1 3 3 2
-0.008452454249735907 2 3 1 0 2 0 0 1
3.7792919584099924 2 3 1 0 2 0 1 0
0.26064108317368856 2 3 1 0 2 0 1 3
0.2271223039858317 2 3 1 0 2 0 3 1
-0.002300535317208414 2 3 1 0 2 3 0 1
1.0379535723292603 2 3 1 0 2 3 1 0
-0.008365736765766657 2 3 1 0 2 3 1 3
-0.007310124174781293 2 3 1 0 2 3 3 1
-0.22936494223282725 2 3 1 3 1 0 0 2
-0.2590919584525855 2 3 1 3 1 0 2 0
0.009595677663691203 2 3 1 3 1 0 2 3
-3.529065411126512 2 3 1 3 1 0 3 2
0.008076627937491207 2 3 1 3 1 3 0 2
0.008365736765766655 2 3 1 3 1 3 2 0
0.0026468619477618876 2 3 1 3 1 3 2 3
-0.9693247905658701 2 3 1 3 1 3 3 2
0.2293649422328273 2 3 1 3 2 0 0 1
0.2590919584525854 2 3 1 3 2 0 1 0
-0.009595677663691203 2 3 1 3 2 0 1 3
3.5290654111265125 2 3 1 3 2 0 3 1
-0.008076627937491207 2 3 1 3 2 3 0 1
-0.008365736765766655 2 3 1 3 2 3 1 0
-0.0026468619477618876 2 3 1 3 2 3 1 3
0.96932479056587 2 3 1 3 2 3 3 1
0.0028485562578093662 2 3 2 0 1 0 1 0
0.00023522173651172084 2 3 2 0 1 0 1 3
0.00012523185474301905 2 3 2 0 1 0 3 1
0.0008176233242025805 2 3 2 0 1 3 1 0
0.0028485562578093662 2 3 2 0 2 0 2 0
0.00023522173651172084 2 3 2 0 2 0 2 3
0.00012523185474301905 2 3 2 0 2 0 3 2
0.0008176233242025805 2 3 2 0 2 3 2 0
0.0001239794097435393 2 3 2 3 1 0 0 1
0.00023273755827652592 2 3 2 3 1 0 1 0
0.0022926335786841445 2 3 2 3 1 0 3 1
0.0006626670085016198 2 3 2 3 1 3 3 1
0.00012397940974353942 2 3 2 3 2 0 0 2
0.00023273755827652592 2 3 2 3 2 0 2 0
0.0022926335786841437 2 3 2 3 2 0 3 2
0.0006626670085016198 2 3 2 3 2 3 3 2
-0.2431264810435846 2 3 3 1 1 0 0 2
-0.00012644535406879998 2 3 3 1 1 0 2 0
0.008882247497484685 2 3 3 1 1 0 3 2
0.008537924878437254 2 3 3 1 1 3 0 2
0.002355697043629914 2 3 3 1 1 3 3 2
0.24312648104358456 2 3 3 1 2 0 0 1
0.00012644535406879998 2 3 3 1 2 0 1 0
-0.008882247497484685 2 3 3 1 2 0 3 1
-0.008537924878437254 2 3 3 1 2 3 0 1
-0.002355697043629914 2 3 3 1 2 3 3 1
0.00022391107377754758 2 3 3 2 1 0 0 1
0.22936247628850195 2 3 3 2 1 0 1 0
-0.00845245424973591 2 3 3 2 1 0 1 3
-0.008076627937491206 2 3 3 2 1 3 1 0
-0.0023005353172084147 2 3 3 2 1 3 1 3
0.00022391107377754758 2 3 3 2 2 0 0 2
0.22936247628850198 2 3 3 2 2 0 2 0
-0.00845245424973591 2 3 3 2 2 0 2 3
-0.008076627937491206 2 3 3 2 2 3 2 0
-0.0023005353172084147 2 3 3 2 2 3 2 3
24850.733268341424 3 0 0 0 0 0 0 0
3472.2664598864403 3 0 0 0 0 0 0 3
52.353819282679794 3 0 0 0 0 0 1 1
52.353819282679794 3 0 0 0 0 0 2 2
3628.984252481841 3 0 0 0 0 0 3 0
-105.27587387317088 3 0 0 0 0 0 3 3
5510.593918171396 3 0 0 0 0 3 0 0
-211.18232386121267 3 0 0 0 0 3 0 3
11.589533741369781 3 0 0 0 0 3 1 1
11.589533741369781 3 0 0 0 0 3 2 2
-229.6886680811137 3 0 0 0 0 3 3 0
-22.228010072615003 3 0 0 0 0 3 3 3
6255.2013204581135 3 0 0 0 3 0 0 0
-219.95649535602573 3 0 0 0 3 0 0 3
11.751563659494346 3 0 0 0 3 0 1 1
11.751563659494344 3 0 0 0 3 0 2 2
-239.8535440515849 3 0 0 0 3 0 3 0
-23.23109355792331 3 0 0 0 3 0 3 3
-351.39321325183056 3 0 0 0 3 3 0 0
-47.958203571470506 3 0 0 0 3 3 0 3
-0.724234082030298 3 0 0 0 3 3 1 1
-0.724234082030298 3 0 0 0 3 3 2 2
-50.27790379231979 3 0 0 0 3 3 3 0
1.2296082958790415 3 0 0 0 3 3 3 3
3290.2373966574296 3 0 0 3 0 0 0 0
-162.45440442856653 3 0 0 3 0 0 0 3
-1963.057668469359 3 0 0 3 0 0 1 1
-1963.057668469359 3 0 0 3 0 0 2 2
-170.2861447626479 3 0 0 3 0 0 3 0
-26.190614790593376 3 0 0 3 0 0 3 3
-211.18232386121267 3 0 0 3 0 3 0 0
-36.72831280054326 3 0 0 3 0 3 0 3
116.40492384019419 3 0 0 3 0 3 1 1
116.4049238401942 3 0 0 3 0 3 2 2
-37.35065737103633 3 0 0 3 0 3 3 0
1.1276977609548753 3 0 0 3 0 3 3 3
-219.95649535602573 3 0 0 3 3 0 0 0
-38.994738250477724 3 0 0 3 3 0 0 3
121.21660247114657 3 0 0 3 3 0 1 1
121.21660247114657 3 0 0 3 3 0 2 2
-39.5774096175033 3 0 0 3 3 0 3 0
1.1621611756833712 3 0 0 3 3 0 3 3
-48.91900036233498 3 0 0 3 3 3 0 0
1.817037668800621 3 0 0 3 3 3 0 3
26.276697424366358 3 0 0 3 3 3 1 1
26.276697424366358 3 0 0 3 3 3 2 2
1.9095240501363888 3 0 0 3 3 3 3 0
0.26762702318929965 3 0 0 3 3 3 3 3
61.33142798452398 3 0 1 1 0 0 0 0
-2.1795993852860223 3 0 1 1 0 0 0 3
0.0005265489427063562 3 0 1 1 0 0 1 1
0.0005265489427063562 3 0 1 1 0 0 2 2
-1779.3098021679136 3 0 1 1 0 0 3 0
51.36497115083578 3 0 1 1 0 0 3 3
13.257870061862981 3 0 1 1 0 3 0 0
-0.1243227217697731 3 0 1 1 0 3 0 3
0.00013568618749587046 3 0 1 1 0 3 1 1
0.00013568618749587043 3 0 1 1 0 3 2 2
116.40492384019419 3 0 1 1 0 3 3 0
11.589533741369783 3 0 1 1 0 3 3 3
13.570312419846301 3 0 1 1 3 0 0 0
-0.12305964107114792 3 0 1 1 3 0 0 3
0.00015528536866669617 3 0 1 1 3 0 1 1
0.00015528536866669614 3 0 1 1 3 0 2 2
121.21660247114657 3 0 1 1 3 0 3 0
11.751563659494344 3 0 1 1 3 0 3 3
-0.8239129306223052 3 0 1 1 3 3 0 0
-0.028979153902623723 3 0 1 1 3 3 0 3
27.24668488194074 3 0 1 1 3 3 3 0
-0.7315442062050795 3 0 1 1 3 3 3 3
66.3060664938096 3 0 1 2 0 0 1 2
-66.30606649380958 3 0 1 2 0 0 2 1
15.120960003334487 3 0 1 2 0 3 1 2
-15.120960003334487 3 0 1 2 0 3 2 1
16.346160774211313 3 0 1 2 3 0 1 2
-16.346160774211313 3 0 1 2 3 0 2 1
-0.6713778293789101 3 0 1 2 3 3 1 2
0.6713778293789101 3 0 1 2 3 3 2 1
-66.3060664938096 3 0 2 1 0 0 1 2
66.3060664938096 3 0 2 1 0 0 2 1
-15.120960003334487 3 0 2 1 0 3 1 2
15.120960003334487 3 0 2 1 0 3 2 1
-16.346160774211317 3 0 2 1 3 0 1 2
16.346160774211313 3 0 2 1 3 0 2 1
0.6713778293789101 3 0 2 1 3 3 1 2
-0.6713778293789101 3 0 2 1 3 3 2 1
61.33142798452398 3 0 2 2 0 0 0 0
-2.1795993852860223 3 0 2 2 0 0 0 3
0.0005265489427063562 3 0 2 2 0 0 1 1
0.0005265489427063562 3 0 2 2 0 0 2 2
-1779.3098021679136 3 0 2 2 0 0 3 0
51.36497115083577 3 0 2 2 0 0 3 3
13.25787006186298 3 0 2 2 0 3 0 0
-0.12432272176977309 3 0 2 2 0 3 0 3
0.0001356861874958706 3 0 2 2 0 3 1 1
0.00013568618749587057 3 0 2 2 0 3 2 2
116.40492384019419 3 0 2 2 0 3 3 0
11.589533741369781 3 0 2 2 0 3 3 3
13.570312419846301 3 0 2 2 3 0 0 0
-0.12305964107114792 3 0 2 2 3 0 0 3
0.0001552853686666956 3 0 2 2 3 0 1 1
0.0001552853686666942 3 0 2 2 3 0 2 2
121.21660247114657 3 0 2 2 3 0 3 0
11.751563659494344 3 0 2 2 3 0 3 3
-0.8239129306223052 3 0 2 2 3 3 0 0
-0.028979153902623723 3 0 2 2 3 3 0 3
27.24668488194074 3 0 2 2 3 3 3 0
-0.7315442062050795 3 0 2 2 3 3 3 3
3432.1889108058244 3 0 3 0 0 0 0 0
-170.4513627500777 3 0 3 0 0 0 0 3
-1.4462426251495013 3 0 3 0 0 0 1 1
-1.4462426251495013 3 0 3 0 0 0 2 2
-180.1751825746109 3 0 3 0 0 0 3 0
-25.349215870079757 3 0 3 0 0 0 3 3
-229.6886680811136 3 0 3 0 0 3 0 0
-37.35065737103632 3 0 3 0 0 3 0 3
-0.12432272176977302 3 0 3 0 0 3 1 1
-0.12432272176977302 3 0 3 0 0 3 2 2
-38.283731938200084 3 0 3 0 0 3 3 0
1.1382655227302165 3 0 3 0 0 3 3 3
-239.85354405158486 3 0 3 0 3 0 0 0
-39.57740961750329 3 0 3 0 3 0 0 3
-0.12305964107114784 3 0 3 0 3 0 1 1
-0.12305964107114784 3 0 3 0 3 0 2 2
-40.51115233372887 3 0 3 0 3 0 3 0
1.1725556941793494 3 0 3 0 3 0 3 3
-51.31667498797326 3 0 3 0 3 3 0 0
1.9093518620237184 3 0 3 0 3 3 0 3
-0.02667861858541531 3 0 3 0 3 3 1 1
-0.02667861858541531 3 0 3 0 3 3 2 2
2.0175704470710714 3 0 3 0 3 3 3 0
0.26636527326953624 3 0 3 0 3 3 3 3
-102.8484475540501 3 0 3 3 0 0 0 0
-25.373822388055096 3 0 3 3 0 0 0 3
62.56751377827376 3 0 3 3 0 0 1 1
62.56751377827375 3 0 3 3 0 0 2 2
-24.636792778221686 3 0 3 3 0 0 3 0
1.051004829828162 3 0 3 3 0 0 3 3
-22.228010072615003 3 0 3 3 0 3 0 0
1.127697760954875 3 0 3 3 0 3 0 3
13.257870061862981 3 0 3 3 0 3 1 1
13.25787006186298 3 0 3 3 0 3 2 2
1.138265522730216 3 0 3 3 0 3 3 0
0.2445192271040068 3 0 3 3 0 3 3 3
-23.231093557923316 3 0 3 3 3 0 0 0
1.1621611756833712 3 0 3 3 3 0 0 3
13.5703124198463 3 0 3 3 3 0 1 1
13.5703124198463 3 0 3 3 3 0 2 2
1.172555694179349 3 0 3 3 3 0 3 0
0.2542601542363645 3 0 3 3 3 0 3 3
1.246511957523245 3 0 3 3 3 3 0 0
0.2702738851370616 3 0 3 3 3 3 0 3
-0.8158363026848139 3 0 3 3 3 3 1 1
-0.8158363026848139 3 0 3 3 3 3 2 2
0.2687209703131661 3 0 3 3 3 3 3 0
0.0026421942779176564 3 1 0 1 0 1 0 1
3.529077129951606 3 1 0 1 0 1 1 0
0.22712394876341244 3 1 0 1 0 1 1 3
0.00022782553920362939 3 1 0 1 0 1 3 1
0.0026421942779176564 3 1 0 1 0 2 0 2
3.5290771299516064 3 1 0 1 0 2 2 0
0.22712394876341244 3 1 0 1 0 2 2 3
0.0002278255392036294 3 1 0 1 0 2 3 2
0.000759904205807271 3 1 0 1 3 1 0 1
0.9693247905658703 3 1 0 1 3 1 1 0
-0.007310124174781292 3 1 0 1 3 1 1 3
0.000759904205807271 3 1 0 1 3 2 0 2
0.9693247905658703 3 1 0 1 3 2 2 0
-0.007310124174781292 3 1 0 1 3 2 2 3
3.4947999507211502 3 1 0 2 0 1 0 2
0.002280914753586694 3 1 0 2 0 1 2 0
0.00012358707716237326 3 1 0 2 0 1 2 3
0.24467417547749698 3 1 0 2 0 1 3 2
-3.4947999507211502 3 1 0 2 0 2 0 1
-0.002280914753586694 3 1 0 2 0 2 1 0
-0.00012358707716237326 3 1 0 2 0 2 1 3
-0.24467417547749698 3 1 0 2 0 2 3 1
0.960036886658706 3 1 0 2 3 1 0 2
0.0006626670085016198 3 1 0 2 3 1 2 0
-0.008537924878437252 3 1 0 2 3 1 3 2
-0.9600368866587061 3 1 0 2 3 2 0 1
-0.0006626670085016198 3 1 0 2 3 2 1 0
0.008537924878437252 3 1 0 2 3 2 3 1
0.0028485562578093645 3 1 1 0 0 1 1 0
0.00023522173651172092 3 1 1 0 0 1 1 3
0.00012523185474301915 3 1 1 0 0 1 3 1
0.0028485562578093645 3 1 1 0 0 2 2 0
0.00023522173651172097 3 1 1 0 0 2 2 3
0.00012523185474301913 3 1 1 0 0 2 3 2
0.0008176233242025816 3 1 1 0 3 1 1 0
0.0008176233242025816 3 1 1 0 3 2 2 0
0.00012397940974353936 3 1 1 3 0 1 0 1
0.00023273755827652592 3 1 1 3 0 1 1 0
0.0022926335786841424 3 1 1 3 0 1 3 1
0.00012397940974353936 3 1 1 3 0 2 0 2
0.0002327375582765259 3 1 1 3 0 2 2 0
0.0022926335786841424 3 1 1 3 0 2 3 2
0.0006626670085016196 3 1 1 3 3 1 3 1
0.0006626670085016196 3 1 1 3 3 2 3 2
-0.0084524542497359 3 1 2 0 0 1 0 2
3.7792919584099898 3 1 2 0 0 1 2 0
0.2606410831736889 3 1 2 0 0 1 2 3
0.22712230398583166 3 1 2 0 0 1 3 2
0.0084524542497359 3 1 2 0 0 2 0 1
-3.779291958409989 3 1 2 0 0 2 1 0
-0.2606410831736888 3 1 2 0 0 2 1 3
-0.22712230398583166 3 1 2 0 0 2 3 1
-0.0023005353172084147 3 1 2 0 3 1 0 2
1.0379535723292606 3 1 2 0 3 1 2 0
-0.008365736765766655 3 1 2 0 3 1 2 3
-0.00731012417478129 3 1 2 0 3 1 3 2
0.0023005353172084147 3 1 2 0 3 2 0 1
-1.0379535723292608 3 1 2 0 3 2 1 0
0.008365736765766655 3 1 2 0 3 2 1 3
0.00731012417478129 3 1 2 0 3 2 3 1
0.22936494223282733 3 1 2 3 0 1 0 2
0.25909195845258554 3 1 2 3 0 1 2 0
-0.009595677663691194 3 1 2 3 0 1 2 3
3.529065411126509 3 1 2 3 0 1 3 2
-0.22936494223282733 3 1 2 3 0 2 0 1
-0.25909195845258554 3 1 2 3 0 2 1 0
0.009595677663691194 3 1 2 3 0 2 1 3
-3.5290654111265094 3 1 2 3 0 2 3 1
-0.008076627937491209 3 1 2 3 3 1 0 2
-0.008365736765766652 3 1 2 3 3 1 2 0
-0.002646861947761888 3 1 2 3 3 1 2 3
0.9693247905658702 3 1 2 3 3 1 3 2
0.008076627937491209 3 1 2 3 3 2 0 1
0.008365736765766652 3 1 2 3 3 2 1 0
0.002646861947761888 3 1 2 3 3 2 1 3
-0.9693247905658702 3 1 2 3 3 2 3 1
0.00022391107377754755 3 1 3 1 0 1 0 1
0.22936247628850195 3 1 3 1 0 1 1 0
-0.008452454249735902 3 1 3 1 0 1 1 3
0.00022391107377754758 3 1 3 1 0 2 0 2
0.22936247628850198 3 1 3 1 0 2 2 0
-0.008452454249735902 3 1 3 1 0 2 2 3
-0.008076627937491204 3 1 3 1 3 1 1 0
-0.0023005353172084147 3 1 3 1 3 1 1 3
-0.008076627937491204 3 1 3 1 3 2 2 0
-0.002300535317208415 3 1 3 1 3 2 2 3
0.24312648104358459 3 1 3 2 0 1 0 2
0.00012644535406880006 3 1 3 2 0 1 2 0
-0.008882247497484683 3 1 3 2 0 1 3 2
-0.24312648104358459 3 1 3 2 0 2 0 1
-0.00012644535406880006 3 1 3 2 0 2 1 0
0.008882247497484683 3 1 3 2 0 2 3 1
-0.00853792487843725 3 1 3 2 3 1 0 2
-0.002355697043629914 3 1 3 2 3 1 3 2
0.00853792487843725 3 1 3 2 3 2 0 1
0.002355697043629914 3 1 3 2 3 2 3 1
-3.4947999507211502 3 2 0 1 0 1 0 2
-0.002280914753586694 3 2 0 1 0 1 2 0
-0.00012358707716237337 3 2 0 1 0 1 2 3
-0.24467417547749698 3 2 0 1 0 1 3 2
3.4947999507211502 3 2 0 1 0 2 0 1
0.002280914753586694 3 2 0 1 0 2 1 0
0.0001235870771623734 3 2 0 1 0 2 1 3
0.24467417547749698 3 2 0 1 0 2 3 1
-0.960036886658706 3 2 0 1 3 1 0 2
-0.0006626670085016189 3 2 0 1 3 1 2 0
0.008537924878437254 3 2 0 1 3 1 3 2
0.9600368866587061 3 2 0 1 3 2 0 1
0.0006626670085016189 3 2 0 1 3 2 1 0
-0.008537924878437254 3 2 0 1 3 2 3 1
0.0026421942779176564 3 2 0 2 0 1 0 1
3.529077129951606 3 2 0 2 0 1 1 0
0.22712394876341244 3 2 0 2 0 1 1 3
0.00022782553920362936 3 2 0 2 0 1 3 1
0.0026421942779176564 3 2 0 2 0 2 0 2
3.5290771299516064 3 2 0 2 0 2 2 0
0.22712394876341244 3 2 0 2 0 2 2 3
0.00022782553920362933 3 2 0 2 0 2 3 2
0.000759904205807271 3 2 0 2 3 1 0 1
0.9693247905658702 3 2 0 2 3 1 1 0
-0.007310124174781293 3 2 0 2 3 1 1 3
0.0007599042058072719 3 2 0 2 3 2 0 2
0.9693247905658702 3 2 0 2 3 2 2 0
-0.007310124174781293 3 2 0 2 3 2 2 3
0.0084524542497359 3 2 1 0 0 1 0 2
-3.7792919584099893 3 2 1 0 0 1 2 0
-0.2606410831736888 3 2 1 0 0 1 2 3
-0.22712230398583166 3 2 1 0 0 1 3 2
-0.0084524542497359 3 2 1 0 0 2 0 1
3.7792919584099893 3 2 1 0 0 2 1 0
0.2606410831736888 3 2 1 0 0 2 1 3
0.2271223039858317 3 2 1 0 0 2 3 1
0.0023005353172084147 3 2 1 0 3 1 0 2
-1.0379535723292606 3 2 1 0 3 1 2 0
0.008365736765766655 3 2 1 0 3 1 2 3
0.007310124174781291 3 2 1 0 3 1 3 2
-0.0023005353172084143 3 2 1 0 3 2 0 1
1.0379535723292603 3 2 1 0 3 2 1 0
-0.008365736765766655 3 2 1 0 3 2 1 3
-0.007310124174781291 3 2 1 0 3 2 3 1
-0.22936494223282733 3 2 1 3 0 1 0 2
-0.25909195845258554 3 2 1 3 0 1 2 0
0.009595677663691193 3 2 1 3 0 1 2 3
-3.5290654111265094 3 2 1 3 0 1 3 2
0.22936494223282738 3 2 1 3 0 2 0 1
0.2590919584525855 3 2 1 3 0 2 1 0
-0.009595677663691193 3 2 1 3 0 2 1 3
3.529065411126509 3 2 1 3 0 2 3 1
0.008076627937491209 3 2 1 3 3 1 0 2
0.008365736765766652 3 2 1 3 3 1 2 0
0.002646861947761888 3 2 1 3 3 1 2 3
-0.9693247905658702 3 2 1 3 3 1 3 2
-0.008076627937491209 3 2 1 3 3 2 0 1
-0.008365736765766652 3 2 1 3 3 2 1 0
-0.002646861947761888 3 2 1 3 3 2 1 3
0.9693247905658702 3 2 1 3 3 2 3 1
0.0028485562578093636 3 2 2 0 0 1 1 0
0.00023522173651172105 3 2 2 0 0 1 1 3
0.0001252318547430191 3 2 2 0 0 1 3 1
0.0028485562578093654 3 2 2 0 0 2 2 0
0.000235221736511721 3 2 2 0 0 2 2 3
0.0001252318547430191 3 2 2 0 0 2 3 2
0.0008176233242025808 3 2 2 0 3 1 1 0
0.0008176233242025816 3 2 2 0 3 2 2 0
0.00012397940974353934 3 2 2 3 0 1 0 1
0.00023273755827652592 3 2 2 3 0 1 1 0
0.0022926335786841424 3 2 2 3 0 1 3 1
0.00012397940974353936 3 2 2 3 0 2 0 2
0.0002327375582765259 3 2 2 3 0 2 2 0
0.0022926335786841424 3 2 2 3 0 2 3 2
0.0006626670085016213 3 2 2 3 3 1 3 1
0.0006626670085016196 3 2 2 3 3 2 3 2
-0.24312648104358459 3 2 3 1 0 1 0 2
-0.00012644535406880004 3 2 3 1 0 1 2 0
0.008882247497484683 3 2 3 1 0 1 3 2
0.24312648104358459 3 2 3 1 0 2 0 1
0.00012644535406880004 3 2 3 1 0 2 1 0
-0.008882247497484683 3 2 3 1 0 2 3 1
0.00853792487843725 3 2 3 1 3 1 0 2
0.0023556970436299147 3 2 3 1 3 1 3 2
-0.00853792487843725 3 2 3 1 3 2 0 1
-0.0023556970436299147 3 2 3 1 3 2 3 1
0.00022391107377754763 3 2 3 2 0 1 0 1
0.229362476288502 3 2 3 2 0 1 1 0
-0.008452454249735904 3 2 3 2 0 1 1 3
0.00022391107377754763 3 2 3 2 0 2 0 2
0.22936247628850198 3 2 3 2 0 2 2 0
-0.008452454249735904 3 2 3 2 0 2 2 3
-0.008076627937491204 3 2 3 2 3 1 1 0
-0.002300535317208415 3 2 3 2 3 1 1 3
-0.008076627937491204 3 2 3 2 3 2 2 0
-0.002300535317208415 3 2 3 2 3 2 2 3
5137.769106902521 3 3 0 0 0 0 0 0
-210.28958396309838 3 3 0 0 0 0 0 3
11.735693093992344 3 3 0 0 0 0 1 1
11.735693093992344 3 3 0 0 0 0 2 2
-228.38481101043158 3 3 0 0 0 0 3 0
-22.2318802217071 3 3 0 0 0 0 3 3
-351.3932132518306 3 3 0 0 0 3 0 0
-48.91900036233497 3 3 0 0 0 3 0 3
-0.7315442062050795 3 3 0 0 0 3 1 1
-0.7315442062050795 3 3 0 0 0 3 2 2
-51.31667498797325 3 3 0 0 0 3 3 0
1.2465119575232455 3 3 0 0 0 3 3 3
-351.3932132518305 3 3 0 0 3 0 0 0
-48.919000362334984 3 3 0 0 3 0 0 3
-0.7315442062050794 3 3 0 0 3 0 1 1
-0.7315442062050794 3 3 0 0 3 0 2 2
-51.31667498797325 3 3 0 0 3 0 3 0
1.2465119575232453 3 3 0 0 3 0 3 3
-81.26372025663174 3 3 0 0 3 3 0 0
2.604878648117741 3 3 0 0 3 3 0 3
-0.17730708757492056 3 3 0 0 3 3 1 1
-0.17730708757492056 3 3 0 0 3 3 2 2
2.798884656588037 3 3 0 0 3 3 3 0
0.29324176031108806 3 3 0 0 3 3 3 3
-203.2946996731003 3 3 0 3 0 0 0 0
-35.594281162274946 3 3 0 3 0 0 0 3
117.5287548996053 3 3 0 3 0 0 1 1
117.5287548996053 3 3 0 3 0 0 2 2
-36.25089987278975 3 3 0 3 0 0 3 0
1.120061731254318 3 3 0 3 0 0 3 3
-47.9582035714705 3 3 0 3 0 3 0 0
1.8170376688006207 3 3 0 3 0 3 0 3
27.246684881940734 3 3 0 3 0 3 1 1
27.246684881940734 3 3 0 3 0 3 2 2
1.9093518620237184 3 3 0 3 0 3 3 0
0.2702738851370616 3 3 0 3 0 3 3 3
-47.9582035714705 3 3 0 3 3 0 0 0
1.8170376688006207 3 3 0 3 3 0 0 3
27.246684881940737 3 3 0 3 3 0 1 1
27.246684881940737 3 3 0 3 3 0 2 2
1.9093518620237178 3 3 0 3 3 0 3 0
0.2702738851370616 3 3 0 3 3 0 3 3
2.604878648117741 3 3 0 3 3 3 0 0
0.4435566371717644 3 3 0 3 3 3 0 3
-1.4316011609271668 3 3 0 3 3 3 1 1
-1.4316011609271668 3 3 0 3 3 3 2 2
0.4578824599299491 3 3 0 3 3 3 3 0
12.8720336029116 3 3 1 1 0 0 0 0
-0.11650180786934983 3 3 1 1 0 0 0 3
0.0001290710219788468 3 3 1 1 0 0 1 1
0.00012907102197884675 3 3 1 1 0 0 2 2
110.4660388101949 3 3 1 1 0 0 3 0
11.281198022311198 3 3 1 1 0 0 3 3
-0.8158363026848139 3 3 1 1 0 3 0 0
-0.026678618585415318 3 3 1 1 0 3 0 3
26.276697424366354 3 3 1 1 0 3 3 0
-0.7242340820302983 3 3 1 1 0 3 3 3
-0.8158363026848139 3 3 1 1 3 0 0 0
-0.026678618585415315 3 3 1 1 3 0 0 3
26.276697424366358 3 3 1 1 3 0 3 0
-0.7242340820302982 3 3 1 1 3 0 3 3
-0.19536889516053627 3 3 1 1 3 3 0 0
-1.431601160927167 3 3 1 1 3 3 3 0
-0.17730708757492059 3 3 1 1 3 3 3 3
14.508694582094058 3 3 1 2 0 0 1 2
-14.508694582094058 3 3 1 2 0 0 2 1
-0.6713778293789101 3 3 1 2 0 3 1 2
0.6713778293789101 3 3 1 2 0 3 2 1
-0.6713778293789101 3 3 1 2 3 0 1 2
0.6713778293789101 3 3 1 2 3 0 2 1
-0.164640699618861 3 3 1 2 3 3 1 2
0.164640699618861 3 3 1 2 3 3 2 1
-14.508694582094058 3 3 2 1 0 0 1 2
14.508694582094058 3 3 2 1 0 0 2 1
0.6713778293789101 3 3 2 1 0 3 1 2
-0.6713778293789101 3 3 2 1 0 3 2 1
0.6713778293789101 3 3 2 1 3 0 1 2
-0.6713778293789101 3 3 2 1 3 0 2 1
0.164640699618861 3 3 2 1 3 3 1 2
-0.164640699618861 3 3 2 1 3 3 2 1
12.8720336029116 3 3 2 2 0 0 0 0
-0.11650180786934983 3 3 2 2 0 0 0 3
0.0001290710219788487 3 3 2 2 0 0 1 1
0.00012907102197884864 3 3 2 2 0 0 2 2
110.4660388101949 3 3 2 2 0 0 3 0
11.281198022311196 3 3 2 2 0 0 3 3
-0.8158363026848139 3 3 2 2 0 3 0 0
-0.026678618585415318 3 3 2 2 0 3 0 3
26.276697424366354 3 3 2 2 0 3 3 0
-0.7242340820302983 3 3 2 2 0 3 3 3
-0.8158363026848139 3 3 2 2 3 0 0 0
-0.026678618585415318 3 3 2 2 3 0 0 3
26.276697424366358 3 3 2 2 3 0 3 0
-0.7242340820302982 3 3 2 2 3 0 3 3
-0.19536889516053627 3 3 2 2 3 3 0 0
-1.431601160927167 3 3 2 2 3 3 3 0
-0.17730708757492059 3 3 2 2 3 3 3 3
-220.820529981096 3 3 3 0 0 0 0 0
-36.21895126500273 3 3 3 0 0 0 0 3
-0.1334067163688215 3 3 3 0 0 0 1 1
-0.1334067163688215 3 3 3 0 0 0 2 2
-37.1692078682421 3 3 3 0 0 0 3 0
1.1300026845031348 3 3 3 0 0 0 3 3
-50.27790379231977 3 3 3 0 0 3 0 0
1.909524050136389 3 3 3 0 0 3 0 3
-0.028979153902623726 3 3 3 0 0 3 1 1
-0.028979153902623726 3 3 3 0 0 3 2 2
2.0175704470710714 3 3 3 0 0 3 3 0
0.2687209703131661 3 3 3 0 0 3 3 3
-50.27790379231978 3 3 3 0 3 0 0 0
1.9095240501363888 3 3 3 0 3 0 0 3
-0.02897915390262373 3 3 3 0 3 0 1 1
-0.02897915390262373 3 3 3 0 3 0 2 2
2.0175704470710714 3 3 3 0 3 0 3 0
0.26872097031316616 3 3 3 0 3 0 3 3
2.7988846565880374 3 3 3 0 3 3 0 0
0.457882459929949 3 3 3 0 3 3 0 3
0.475223956233308 3 3 3 0 3 3 3 0
-21.223426827651988 3 3 3 3 0 0 0 0
1.1008703759269352 3 3 3 3 0 0 0 3
13.331011446196737 3 3 3 3 0 0 1 1
13.331011446196735 3 3 3 3 0 0 2 2
1.1122381895081652 3 3 3 3 0 0 3 0
0.2396487635378279 3 3 3 3 0 0 3 3
1.2296082958790413 3 3 3 3 0 3 0 0
0.2676270231892996 3 3 3 3 0 3 0 3
-0.823912930622305 3 3 3 3 0 3 1 1
-0.823912930622305 3 3 3 3 0 3 2 2
0.2663652732695362 3 3 3 3 0 3 3 0
1.2296082958790413 3 3 3 3 3 0 0 0
0.2676270231892996 3 3 3 3 3 0 0 3
-0.823912930622305 3 3 3 3 3 0 1 1
-0.823912930622305 3 3 3 3 3 0 2 2
0.2663652732695362 3 3 3 3 3 0 3 0
0.29324176031108806 3 3 3 3 3 3 0 0
-0.19536889516053624 3 3 3 3 3 3 1 1
-0.19536889516053624 3 3 3 3 3 3 2 2
