-874165.2007230191 0 0 0 0 0 0 0 0
14533.53548214536 0 0 0 0 0 0 0 3
-102.5097892093017 0 0 0 0 0 0 1 1
-102.5097892093017 0 0 0 0 0 0 2 2
20397.532189592377 0 0 0 0 0 0 3 0
2341.2092406808124 0 0 0 0 0 0 3 3
24953.442672366018 0 0 0 0 0 3 0 0
3599.469689913408 0 0 0 0 0 3 0 3
44.44134404813905 0 0 0 0 0 3 1 1
44.44134404813905 0 0 0 0 0 3 2 2
3740.501126252442 0 0 0 0 0 3 3 0
-139.19973005468424 0 0 0 0 0 3 3 3
24953.44267236604 0 0 0 0 3 0 0 0
3599.469689913408 0 0 0 0 3 0 0 3
44.44134404813906 0 0 0 0 3 0 1 1
44.44134404813906 0 0 0 0 3 0 2 2
3740.5011262524417 0 0 0 0 3 0 3 0
-139.1997300546843 0 0 0 0 3 0 3 3
5114.6244904616315 0 0 0 0 3 3 0 0
-213.53295505009513 0 0 0 0 3 3 0 3
10.189689920455587 0 0 0 0 3 3 1 1
10.189689920455587 0 0 0 0 3 3 2 2
-247.82859265960175 0 0 0 0 3 3 3 0
-29.569409341461856 0 0 0 0 3 3 3 3
14533.53548214535 0 0 0 3 0 0 0 0
4242.159112265817 0 0 0 3 0 0 0 3
-7147.216674368271 0 0 0 3 0 0 1 1
-7147.216674368272 0 0 0 3 0 0 2 2
4025.2460207414174 0 0 0 3 0 0 3 0
-144.42201345442172 0 0 0 3 0 0 3 3
3794.393464167652 0 0 0 3 0 3 0 0
-175.4461570630266 0 0 0 3 0 3 0 3
-1479.3238092266956 0 0 0 3 0 3 1 1
-1479.3238092266954 0 0 0 3 0 3 2 2
-193.39933055126082 0 0 0 3 0 3 3 0
-32.519652603122054 0 0 0 3 0 3 3 3
3794.393464167651 0 0 0 3 3 0 0 0
-175.44615706302665 0 0 0 3 3 0 0 3
-1479.3238092266952 0 0 0 3 3 0 1 1
-1479.3238092266952 0 0 0 3 3 0 2 2
-193.39933055126087 0 0 0 3 3 0 3 0
-32.51965260312205 0 0 0 3 3 0 3 3
-221.07658593972857 0 0 0 3 3 3 0 0
-41.138530266049415 0 0 0 3 3 3 0 3
93.33956855206473 0 0 0 3 3 3 1 1
93.33956855206473 0 0 0 3 3 3 2 2
-41.582795470695046 0 0 0 3 3 3 3 0
1.4393370904703318 0 0 0 3 3 3 3 3
-444.58631569500915 0 0 1 1 0 0 0 0
4.234518387223374 0 0 1 1 0 0 0 3
-0.2374147565677749 0 0 1 1 0 0 1 1
-0.23741475656777467 0 0 1 1 0 0 2 2
-7147.216674368273 0 0 1 1 0 0 3 0
-102.50978920930169 0 0 1 1 0 0 3 3
61.689862565152644 0 0 1 1 0 3 0 0
1.1614449145596928 0 0 1 1 0 3 0 3
0.0025896643487913484 0 0 1 1 0 3 1 1
0.0025896643487913554 0 0 1 1 0 3 2 2
-1646.0851366237202 0 0 1 1 0 3 3 0
45.25523623236264 0 0 1 1 0 3 3 3
61.68986256515266 0 0 1 1 3 0 0 0
1.1614449145596926 0 0 1 1 3 0 0 3
0.0025896643487913346 0 0 1 1 3 0 1 1
0.0025896643487913346 0 0 1 1 3 0 2 2
-1646.0851366237198 0 0 1 1 3 0 3 0
45.25523623236264 0 0 1 1 3 0 3 3
12.698834105670874 0 0 1 1 3 3 0 0
-0.23448659434818525 0 0 1 1 3 3 0 3
0.000617352381924726 0 0 1 1 3 3 1 1
0.000617352381924726 0 0 1 1 3 3 2 2
99.80122159820328 0 0 1 1 3 3 3 0
10.691894927449333 0 0 1 1 3 3 3 3
-1683.7993653040373 0 0 1 2 0 0 1 2
1683.7993653040376 0 0 1 2 0 0 2 1
52.04145724125433 0 0 1 2 0 3 1 2
-52.041457241254335 0 0 1 2 0 3 2 1
52.041457241254356 0 0 1 2 3 0 1 2
-52.041457241254356 0 0 1 2 3 0 2 1
11.221149008674097 0 0 1 2 3 3 1 2
-11.221149008674098 0 0 1 2 3 3 2 1
1683.7993653040369 0 0 2 1 0 0 1 2
-1683.799365304037 0 0 2 1 0 0 2 1
-52.04145724125432 0 0 2 1 0 3 1 2
52.04145724125433 0 0 2 1 0 3 2 1
-52.041457241254356 0 0 2 1 3 0 1 2
52.041457241254356 0 0 2 1 3 0 2 1
-11.221149008674095 0 0 2 1 3 3 1 2
11.221149008674095 0 0 2 1 3 3 2 1
-444.58631569500915 0 0 2 2 0 0 0 0
4.234518387223374 0 0 2 2 0 0 0 3
-0.2374147565677749 0 0 2 2 0 0 1 1
-0.2374147565677749 0 0 2 2 0 0 2 2
-7147.216674368272 0 0 2 2 0 0 3 0
-102.50978920930169 0 0 2 2 0 0 3 3
61.689862565152644 0 0 2 2 0 3 0 0
1.1614449145596932 0 0 2 2 0 3 0 3
0.0025896643487913554 0 0 2 2 0 3 1 1
0.0025896643487913554 0 0 2 2 0 3 2 2
-1646.08513662372 0 0 2 2 0 3 3 0
45.255236232362634 0 0 2 2 0 3 3 3
61.68986256515266 0 0 2 2 3 0 0 0
1.1614449145596928 0 0 2 2 3 0 0 3
0.0025896643487913346 0 0 2 2 3 0 1 1
0.0025896643487913346 0 0 2 2 3 0 2 2
-1646.0851366237196 0 0 2 2 3 0 3 0
45.25523623236264 0 0 2 2 3 0 3 3
12.698834105670876 0 0 2 2 3 3 0 0
-0.23448659434818525 0 0 2 2 3 3 0 3
0.000617352381924726 0 0 2 2 3 3 1 1
0.000617352381924726 0 0 2 2 3 3 2 2
99.80122159820328 0 0 2 2 3 3 3 0
10.691894927449333 0 0 2 2 3 3 3 3
20397.53218959238 0 0 3 0 0 0 0 0
4025.2460207414174 0 0 3 0 0 0 0 3
4.234518387223368 0 0 3 0 0 0 1 1
4.2345183872233685 0 0 3 0 0 0 2 2
4029.252462222288 0 0 3 0 0 0 3 0
-150.1883685743058 0 0 3 0 0 0 3 3
3963.0128173129906 0 0 3 0 0 3 0 0
-192.84392990367465 0 0 3 0 0 3 0 3
0.5174718645714362 0 0 3 0 0 3 1 1
0.5174718645714362 0 0 3 0 0 3 2 2
-217.74897039826746 0 0 3 0 0 3 3 0
-31.674495467223096 0 0 3 0 0 3 3 3
3963.0128173129897 0 0 3 0 3 0 0 0
-192.8439299036747 0 0 3 0 3 0 0 3
0.5174718645714358 0 0 3 0 3 0 1 1
0.5174718645714358 0 0 3 0 3 0 2 2
-217.74897039826752 0 0 3 0 3 0 3 0
-31.674495467223096 0 0 3 0 3 0 3 3
-256.4468962319224 0 0 3 0 3 3 0 0
-41.68330776004943 0 0 3 0 3 3 0 3
-0.21980890583837664 0 0 3 0 3 3 1 1
-0.21980890583837664 0 0 3 0 3 3 2 2
-43.159959255968396 0 0 3 0 3 3 3 0
1.5115163317855838 0 0 3 0 3 3 3 3
2341.2092406808124 0 0 3 3 0 0 0 0
-144.4220134544217 0 0 3 3 0 0 0 3
-444.58631569500926 0 0 3 3 0 0 1 1
-444.58631569500926 0 0 3 3 0 0 2 2
-150.1883685743058 0 0 3 3 0 0 3 0
-36.256091509254894 0 0 3 3 0 0 3 3
-142.955436589045 0 0 3 3 0 3 0 0
-33.47156666463753 0 0 3 3 0 3 0 3
60.28427493164339 0 0 3 3 0 3 1 1
60.28427493164339 0 0 3 3 0 3 2 2
-32.460683828381896 0 0 3 3 0 3 3 0
1.3406390923953457 0 0 3 3 0 3 3 3
-142.95543658904506 0 0 3 3 3 0 0 0
-33.47156666463752 0 0 3 3 3 0 0 3
60.28427493164339 0 0 3 3 3 0 1 1
60.28427493164339 0 0 3 3 3 0 2 2
-32.46068382838189 0 0 3 3 3 0 3 0
1.3406390923953462 0 0 3 3 3 0 3 3
-31.276693354177894 0 0 3 3 3 3 0 0
1.465833064485763 0 0 3 3 3 3 0 3
12.211695822724934 0 0 3 3 3 3 1 1
12.211695822724934 0 0 3 3 3 3 2 2
1.5376976716419555 0 0 3 3 3 3 3 0
0.31021573079445014 0 0 3 3 3 3 3 3
-0.3765872888073895 0 1 0 1 0 1 0 1
-166.6208603868334 0 1 0 1 0 1 1 0
0.8143436183040872 0 1 0 1 0 1 1 3
0.0027389586060491407 0 1 0 1 0 1 3 1
-0.3765872888073898 0 1 0 1 0 2 0 2
-166.6208603868334 0 1 0 1 0 2 2 0
0.8143436183040872 0 1 0 1 0 2 2 3
0.0027389586060491407 0 1 0 1 0 2 3 2
0.003896228925431704 0 1 0 1 3 1 0 1
3.229648806007902 0 1 0 1 3 1 1 0
0.25116611489036955 0 1 0 1 3 1 1 3
0.0005690543065677724 0 1 0 1 3 1 3 1
0.003896228925431704 0 1 0 1 3 2 0 2
3.229648806007902 0 1 0 1 3 2 2 0
0.25116611489036955 0 1 0 1 3 2 2 3
0.0005690543065677724 0 1 0 1 3 2 3 2
-194.54718696543716 0 1 0 2 0 1 0 2
-0.1404670101919151 0 1 0 2 0 1 2 0
-0.00045143408051231395 0 1 0 2 0 1 2 3
2.152814632367371 0 1 0 2 0 1 3 2
194.54718696543716 0 1 0 2 0 2 0 1
0.14046701019191518 0 1 0 2 0 2 1 0
0.00045143408051231395 0 1 0 2 0 2 1 3
-2.152814632367371 0 1 0 2 0 2 3 1
3.767919215891323 0 1 0 2 3 1 0 2
0.001177717061319803 0 1 0 2 3 1 2 0
-6.361139349854406e-05 0 1 0 2 3 1 2 3
0.3952408297820188 0 1 0 2 3 1 3 2
-3.767919215891324 0 1 0 2 3 2 0 1
-0.001177717061319803 0 1 0 2 3 2 1 0
6.361139349854428e-05 0 1 0 2 3 2 1 3
-0.39524082978201885 0 1 0 2 3 2 3 1
0.00015494294021852555 0 1 1 0 0 1 0 1
-0.40091761794861513 0 1 1 0 0 1 1 0
0.002167135183742959 0 1 1 0 0 1 1 3
-0.0004514340805123144 0 1 1 0 0 1 3 1
0.00015494294021852555 0 1 1 0 0 2 0 2
-0.4009176179486152 0 1 1 0 0 2 2 0
0.002167135183742958 0 1 1 0 0 2 2 3
-0.0004514340805123144 0 1 1 0 0 2 3 2
0.0040737827821802075 0 1 1 0 3 1 1 0
0.0005573702472414042 0 1 1 0 3 1 1 3
-7.560788196485878e-05 0 1 1 0 3 1 3 1
0.0040737827821802075 0 1 1 0 3 2 2 0
0.0005573702472414042 0 1 1 0 3 2 2 3
-7.560788196485878e-05 0 1 1 0 3 2 3 2
-0.00020506313972750356 0 1 1 3 0 1 0 1
0.002167135183742957 0 1 1 3 0 1 1 0
0.0009529501271647446 0 1 1 3 0 1 1 3
-0.14046701019191507 0 1 1 3 0 1 3 1
-0.00020506313972750356 0 1 1 3 0 2 0 2
0.002167135183742957 0 1 1 3 0 2 2 0
0.0009529501271647446 0 1 1 3 0 2 2 3
-0.14046701019191513 0 1 1 3 0 2 3 2
-6.565520437477055e-05 0 1 1 3 3 1 0 1
0.0005765613281480139 0 1 1 3 3 1 1 0
0.001146747056292109 0 1 1 3 3 1 3 1
-6.565520437477055e-05 0 1 1 3 3 2 0 2
0.0005765613281480139 0 1 1 3 3 2 2 0
0.001146747056292109 0 1 1 3 3 2 3 2
0.6438181070480395 0 1 2 0 0 1 0 2
-222.1107734425966 0 1 2 0 0 1 2 0
1.5979858082034837 0 1 2 0 0 1 2 3
0.8143436183040863 0 1 2 0 0 1 3 2
-0.6438181070480395 0 1 2 0 0 2 0 1
222.11077344259667 0 1 2 0 0 2 1 0
-1.5979858082034835 0 1 2 0 0 2 1 3
-0.8143436183040864 0 1 2 0 0 2 3 1
-0.007338844254904282 0 1 2 0 3 1 0 2
4.305078003378163 0 1 2 0 3 1 2 0
0.44550865851853394 0 1 2 0 3 1 2 3
0.251178111378836 0 1 2 0 3 1 3 2
0.007338844254904282 0 1 2 0 3 2 0 1
-4.305078003378163 0 1 2 0 3 2 1 0
-0.44550865851853394 0 1 2 0 3 2 1 3
-0.251178111378836 0 1 2 0 3 2 3 1
1.4057926966489995 0 1 2 3 0 1 0 2
1.5979858082034823 0 1 2 3 0 1 2 0
0.9509611113883216 0 1 2 3 0 1 2 3
-166.6208603868334 0 1 2 3 0 1 3 2
-1.4057926966489993 0 1 2 3 0 2 0 1
-1.5979858082034826 0 1 2 3 0 2 1 0
-0.9509611113883216 0 1 2 3 0 2 1 3
166.62086038683339 0 1 2 3 0 2 3 1
0.24363479667735133 0 1 2 3 3 1 0 2
0.4572555609412999 0 1 2 3 3 1 2 0
-0.013247987007715466 0 1 2 3 3 1 2 3
3.22967977601293 0 1 2 3 3 1 3 2
-0.2436347966773513 0 1 2 3 3 2 0 1
-0.4572555609412999 0 1 2 3 3 2 1 0
0.013247987007715466 0 1 2 3 3 2 1 3
-3.22967977601293 0 1 2 3 3 2 3 1
0.00273895860604914 0 1 3 1 0 1 0 1
1.4057926966490004 0 1 3 1 0 1 1 0
0.6438181070480394 0 1 3 1 0 1 1 3
0.0009024186336951149 0 1 3 1 0 1 3 1
0.0027389586060491407 0 1 3 1 0 2 0 2
1.4057926966490004 0 1 3 1 0 2 2 0
0.6438181070480395 0 1 3 1 0 2 2 3
0.0009024186336951149 0 1 3 1 0 2 3 2
0.000591790093185371 0 1 3 1 3 1 0 1
0.24364799960643402 0 1 3 1 3 1 1 0
-0.007338844254904286 0 1 3 1 3 1 1 3
0.000591790093185371 0 1 3 1 3 2 0 2
0.24364799960643396 0 1 3 1 3 2 2 0
-0.007338844254904286 0 1 3 1 3 2 2 3
2.1528146323673707 0 1 3 2 0 1 0 2
-0.0002050631397275051 0 1 3 2 0 1 2 0
0.000154942940218526 0 1 3 2 0 1 2 3
0.7852859425250995 0 1 3 2 0 1 3 2
-2.152814632367371 0 1 3 2 0 2 0 1
0.0002050631397275051 0 1 3 2 0 2 1 0
-0.00015494294021852568 0 1 3 2 0 2 1 3
-0.7852859425250994 0 1 3 2 0 2 3 1
0.4069841874990736 0 1 3 2 3 1 0 2
-7.885813345745376e-05 0 1 3 2 3 1 2 0
-0.013090669928185757 0 1 3 2 3 1 3 2
-0.4069841874990736 0 1 3 2 3 2 0 1
7.885813345745365e-05 0 1 3 2 3 2 1 0
0.013090669928185757 0 1 3 2 3 2 3 1
194.54718696543716 0 2 0 1 0 1 0 2
0.1404670101919151 0 2 0 1 0 1 2 0
0.00045143408051231395 0 2 0 1 0 1 2 3
-2.1528146323673716 0 2 0 1 0 1 3 2
-194.54718696543716 0 2 0 1 0 2 0 1
-0.14046701019191518 0 2 0 1 0 2 1 0
-0.00045143408051231395 0 2 0 1 0 2 1 3
2.1528146323673716 0 2 0 1 0 2 3 1
-3.7679192158913235 0 2 0 1 3 1 0 2
-0.001177717061319803 0 2 0 1 3 1 2 0
6.361139349854428e-05 0 2 0 1 3 1 2 3
-0.3952408297820188 0 2 0 1 3 1 3 2
3.7679192158913235 0 2 0 1 3 2 0 1
0.001177717061319803 0 2 0 1 3 2 1 0
-6.361139349854428e-05 0 2 0 1 3 2 1 3
0.39524082978201874 0 2 0 1 3 2 3 1
-0.3765872888073898 0 2 0 2 0 1 0 1
-166.6208603868334 0 2 0 2 0 1 1 0
0.8143436183040873 0 2 0 2 0 1 1 3
0.0027389586060491407 0 2 0 2 0 1 3 1
-0.3765872888073896 0 2 0 2 0 2 0 2
-166.6208603868334 0 2 0 2 0 2 2 0
0.8143436183040873 0 2 0 2 0 2 2 3
0.0027389586060491407 0 2 0 2 0 2 3 2
0.003896228925431704 0 2 0 2 3 1 0 1
3.2296488060079023 0 2 0 2 3 1 1 0
0.25116611489036966 0 2 0 2 3 1 1 3
0.0005690543065677725 0 2 0 2 3 1 3 1
0.003896228925431704 0 2 0 2 3 2 0 2
3.2296488060079023 0 2 0 2 3 2 2 0
0.2511661148903696 0 2 0 2 3 2 2 3
0.0005690543065677725 0 2 0 2 3 2 3 2
-0.6438181070480397 0 2 1 0 0 1 0 2
222.11077344259667 0 2 1 0 0 1 2 0
-1.5979858082034837 0 2 1 0 0 1 2 3
-0.8143436183040864 0 2 1 0 0 1 3 2
0.6438181070480395 0 2 1 0 0 2 0 1
-222.1107734425967 0 2 1 0 0 2 1 0
1.5979858082034835 0 2 1 0 0 2 1 3
0.8143436183040863 0 2 1 0 0 2 3 1
0.007338844254904283 0 2 1 0 3 1 0 2
-4.305078003378163 0 2 1 0 3 1 2 0
-0.44550865851853394 0 2 1 0 3 1 2 3
-0.251178111378836 0 2 1 0 3 1 3 2
-0.007338844254904283 0 2 1 0 3 2 0 1
4.305078003378163 0 2 1 0 3 2 1 0
0.44550865851853394 0 2 1 0 3 2 1 3
0.251178111378836 0 2 1 0 3 2 3 1
-1.405792696649 0 2 1 3 0 1 0 2
-1.5979858082034823 0 2 1 3 0 1 2 0
-0.9509611113883216 0 2 1 3 0 1 2 3
166.6208603868334 0 2 1 3 0 1 3 2
1.4057926966489995 0 2 1 3 0 2 0 1
1.5979858082034823 0 2 1 3 0 2 1 0
0.9509611113883216 0 2 1 3 0 2 1 3
-166.62086038683339 0 2 1 3 0 2 3 1
-0.24363479667735133 0 2 1 3 3 1 0 2
-0.4572555609412999 0 2 1 3 3 1 2 0
0.013247987007715466 0 2 1 3 3 1 2 3
-3.2296797760129303 0 2 1 3 3 1 3 2
0.2436347966773513 0 2 1 3 3 2 0 1
0.4572555609412999 0 2 1 3 3 2 1 0
-0.013247987007715466 0 2 1 3 3 2 1 3
3.22967977601293 0 2 1 3 3 2 3 1
0.00015494294021852598 0 2 2 0 0 1 0 1
-0.4009176179486152 0 2 2 0 0 1 1 0
0.002167135183742958 0 2 2 0 0 1 1 3
-0.0004514340805123144 0 2 2 0 0 1 3 1
0.00015494294021852544 0 2 2 0 0 2 0 2
-0.4009176179486151 0 2 2 0 0 2 2 0
0.002167135183742958 0 2 2 0 0 2 2 3
-0.0004514340805123144 0 2 2 0 0 2 3 2
0.0040737827821802075 0 2 2 0 3 1 1 0
0.0005573702472414042 0 2 2 0 3 1 1 3
-7.560788196485878e-05 0 2 2 0 3 1 3 1
0.0040737827821802075 0 2 2 0 3 2 2 0
0.0005573702472414042 0 2 2 0 3 2 2 3
-7.560788196485878e-05 0 2 2 0 3 2 3 2
-0.00020506313972750443 0 2 2 3 0 1 0 1
0.002167135183742959 0 2 2 3 0 1 1 0
0.0009529501271647446 0 2 2 3 0 1 1 3
-0.14046701019191513 0 2 2 3 0 1 3 1
-0.00020506313972750356 0 2 2 3 0 2 0 2
0.0021671351837429555 0 2 2 3 0 2 2 0
0.0009529501271647446 0 2 2 3 0 2 2 3
-0.14046701019191501 0 2 2 3 0 2 3 2
-6.565520437477055e-05 0 2 2 3 3 1 0 1
0.0005765613281480141 0 2 2 3 3 1 1 0
0.001146747056292109 0 2 2 3 3 1 3 1
-6.565520437477055e-05 0 2 2 3 3 2 0 2
0.0005765613281480141 0 2 2 3 3 2 2 0
0.001146747056292109 0 2 2 3 3 2 3 2
-2.1528146323673716 0 2 3 1 0 1 0 2
0.0002050631397275051 0 2 3 1 0 1 2 0
-0.0001549429402185258 0 2 3 1 0 1 2 3
-0.7852859425250994 0 2 3 1 0 1 3 2
2.1528146323673716 0 2 3 1 0 2 0 1
-0.0002050631397275051 0 2 3 1 0 2 1 0
0.00015494294021852568 0 2 3 1 0 2 1 3
0.7852859425250995 0 2 3 1 0 2 3 1
-0.40698418749907367 0 2 3 1 3 1 0 2
7.885813345745376e-05 0 2 3 1 3 1 2 0
0.013090669928185757 0 2 3 1 3 1 3 2
0.40698418749907356 0 2 3 1 3 2 0 1
-7.885813345745376e-05 0 2 3 1 3 2 1 0
-0.013090669928185757 0 2 3 1 3 2 3 1
0.00273895860604914 0 2 3 2 0 1 0 1
1.4057926966490006 0 2 3 2 0 1 1 0
0.6438181070480394 0 2 3 2 0 1 1 3
0.0009024186336951149 0 2 3 2 0 1 3 1
0.00273895860604914 0 2 3 2 0 2 0 2
1.4057926966490006 0 2 3 2 0 2 2 0
0.6438181070480394 0 2 3 2 0 2 2 3
0.0009024186336951147 0 2 3 2 0 2 3 2
0.000591790093185371 0 2 3 2 3 1 0 1
0.24364799960643402 0 2 3 2 3 1 1 0
-0.007338844254904284 0 2 3 2 3 1 1 3
0.000591790093185371 0 2 3 2 3 2 0 2
0.24364799960643396 0 2 3 2 3 2 2 0
-0.007338844254904284 0 2 3 2 3 2 2 3
24953.442672366014 0 3 0 0 0 0 0 0
3794.3934641676524 0 3 0 0 0 0 0 3
45.25523623236264 0 3 0 0 0 0 1 1
45.255236232362634 0 3 0 0 0 0 2 2
3963.012817312992 0 3 0 0 0 0 3 0
-142.955436589045 0 3 0 0 0 0 3 3
6229.649410592194 0 3 0 0 0 3 0 0
-229.95495345694943 0 3 0 0 0 3 0 3
10.653513454231128 0 3 0 0 0 3 1 1
10.653513454231128 0 3 0 0 0 3 2 2
-269.772133084391 0 3 0 0 0 3 3 0
-32.523085104690104 0 3 0 0 0 3 3 3
5486.648657898831 0 3 0 0 3 0 0 0
-221.52351482871566 0 3 0 0 3 0 0 3
10.511742660667133 0 3 0 0 3 0 1 1
10.511742660667133 0 3 0 0 3 0 2 2
-258.01862878761955 0 3 0 0 3 0 3 0
-31.115562250226073 0 3 0 0 3 0 3 3
-353.1160891133579 0 3 0 0 3 3 0 0
-52.22396807090267 0 3 0 0 3 3 0 3
-0.6445421609841167 0 3 0 0 3 3 1 1
-0.6445421609841167 0 3 0 0 3 3 2 2
-55.01847639981772 0 3 0 0 3 3 3 0
1.688733300250483 0 3 0 0 3 3 3 3
3599.469689913408 0 3 0 3 0 0 0 0
-175.44615706302656 0 3 0 3 0 0 0 3
-1646.08513662372 0 3 0 3 0 0 1 1
-1646.0851366237202 0 3 0 3 0 0 2 2
-192.84392990367465 0 3 0 3 0 0 3 0
-33.47156666463754 0 3 0 3 0 0 3 3
-229.95495345694937 0 3 0 3 0 3 0 0
-44.93788168534809 0 3 0 3 0 3 0 3
102.74663480410871 0 3 0 3 0 3 1 1
102.7466348041087 0 3 0 3 0 3 2 2
-45.268220509109014 0 3 0 3 0 3 3 0
1.5158916280313386 0 3 0 3 0 3 3 3
-221.52351482871563 0 3 0 3 3 0 0 0
-42.4056015030537 0 3 0 3 3 0 0 3
98.6301116933983 0 3 0 3 3 0 1 1
98.6301116933983 0 3 0 3 3 0 2 2
-42.85319565645202 0 3 0 3 3 0 3 0
1.4736872609958114 0 3 0 3 3 0 3 3
-53.25268749763309 0 3 0 3 3 3 0 0
2.03305563758369 0 3 0 3 3 3 0 3
21.936112878630837 0 3 0 3 3 3 1 1
21.93611287863084 0 3 0 3 3 3 2 2
2.215169297535789 0 3 0 3 3 3 3 0
0.35912926753150476 0 3 0 3 3 3 3 3
60.28427493164338 0 3 1 1 0 0 0 0
0.5174718645714362 0 3 1 1 0 0 0 3
0.0025896643487913445 0 3 1 1 0 0 1 1
0.0025896643487913376 0 3 1 1 0 0 2 2
-1479.3238092266959 0 3 1 1 0 0 3 0
44.441344048139065 0 3 1 1 0 0 3 3
12.982563544416283 0 3 1 1 0 3 0 0
-0.22996516938162673 0 3 1 1 0 3 0 3
0.0007558831428505651 0 3 1 1 0 3 1 1
0.0007558831428505651 0 3 1 1 0 3 2 2
102.7466348041087 0 3 1 1 0 3 3 0
10.653513454231128 0 3 1 1 0 3 3 3
12.631123541466579 0 3 1 1 3 0 0 0
-0.2280868898560629 0 3 1 1 3 0 0 3
0.0006496648476317472 0 3 1 1 3 0 1 1
0.0006496648476317472 0 3 1 1 3 0 2 2
98.6301116933983 0 3 1 1 3 0 3 0
10.511742660667132 0 3 1 1 3 0 3 3
-0.7920889636529542 0 3 1 1 3 3 0 0
-0.05551853664125691 0 3 1 1 3 3 0 3
22.81689191860353 0 3 1 1 3 3 3 0
-0.6518468769661767 0 3 1 1 3 3 3 3
52.04145724125433 0 3 1 2 0 0 1 2
-52.041457241254335 0 3 1 2 0 0 2 1
12.744379521276047 0 3 1 2 0 3 1 2
-12.744379521276048 0 3 1 2 0 3 2 1
11.725217647874649 0 3 1 2 3 0 1 2
-11.72521764787465 0 3 1 2 3 0 2 1
-0.5122429663336934 0 3 1 2 3 3 1 2
0.5122429663336934 0 3 1 2 3 3 2 1
-52.04145724125432 0 3 2 1 0 0 1 2
52.04145724125433 0 3 2 1 0 0 2 1
-12.744379521276047 0 3 2 1 0 3 1 2
12.744379521276052 0 3 2 1 0 3 2 1
-11.72521764787465 0 3 2 1 3 0 1 2
11.72521764787465 0 3 2 1 3 0 2 1
0.5122429663336934 0 3 2 1 3 3 1 2
-0.5122429663336934 0 3 2 1 3 3 2 1
60.28427493164338 0 3 2 2 0 0 0 0
0.5174718645714368 0 3 2 2 0 0 0 3
0.0025896643487913437 0 3 2 2 0 0 1 1
0.0025896643487913437 0 3 2 2 0 0 2 2
-1479.3238092266956 0 3 2 2 0 0 3 0
44.441344048139065 0 3 2 2 0 0 3 3
12.982563544416283 0 3 2 2 0 3 0 0
-0.22996516938162673 0 3 2 2 0 3 0 3
0.000755883142850567 0 3 2 2 0 3 1 1
0.000755883142850567 0 3 2 2 0 3 2 2
102.74663480410871 0 3 2 2 0 3 3 0
10.65351345423113 0 3 2 2 0 3 3 3
12.631123541466579 0 3 2 2 3 0 0 0
-0.2280868898560629 0 3 2 2 3 0 0 3
0.0006496648476317472 0 3 2 2 3 0 1 1
0.0006496648476317472 0 3 2 2 3 0 2 2
98.6301116933983 0 3 2 2 3 0 3 0
10.511742660667132 0 3 2 2 3 0 3 3
-0.7920889636529542 0 3 2 2 3 3 0 0
-0.05551853664125691 0 3 2 2 3 3 0 3
22.816891918603535 0 3 2 2 3 3 3 0
-0.6518468769661767 0 3 2 2 3 3 3 3
3740.501126252442 0 3 3 0 0 0 0 0
-193.39933055126087 0 3 3 0 0 0 0 3
1.1614449145596926 0 3 3 0 0 0 1 1
1.1614449145596932 0 3 3 0 0 0 2 2
-217.74897039826743 0 3 3 0 0 0 3 0
-32.46068382838186 0 3 3 0 0 0 3 3
-269.77213308439093 0 3 3 0 0 3 0 0
-45.26822050910903 0 3 3 0 0 3 0 3
-0.22996516938162678 0 3 3 0 0 3 1 1
-0.22996516938162678 0 3 3 0 0 3 2 2
-46.877768803597505 0 3 3 0 0 3 3 0
1.5906185551327785 0 3 3 0 0 3 3 3
-258.01862878761955 0 3 3 0 3 0 0 0
-42.85319565645202 0 3 3 0 3 0 0 3
-0.2280868898560629 0 3 3 0 3 0 1 1
-0.2280868898560629 0 3 3 0 3 0 2 2
-44.39985012642432 0 3 3 0 3 0 3 0
1.5466108528534397 0 3 3 0 3 0 3 3
-56.1929586167264 0 3 3 0 3 3 0 0
2.2145261296482044 0 3 3 0 3 3 0 3
-0.05351062794160463 0 3 3 0 3 3 1 1
-0.05351062794160463 0 3 3 0 3 3 2 2
2.452161189066614 0 3 3 0 3 3 3 0
0.36197333943456855 0 3 3 0 3 3 3 3
-139.19973005468432 0 3 3 3 0 0 0 0
-32.519652603122054 0 3 3 3 0 0 0 3
61.68986256515265 0 3 3 3 0 0 1 1
61.68986256515265 0 3 3 3 0 0 2 2
-31.674495467223085 0 3 3 3 0 0 3 0
1.3406390923953455 0 3 3 3 0 0 3 3
-32.523085104690125 0 3 3 3 0 3 0 0
1.5158916280313388 0 3 3 3 0 3 0 3
12.982563544416283 0 3 3 3 0 3 1 1
12.982563544416283 0 3 3 3 0 3 2 2
1.5906185551327785 0 3 3 3 0 3 3 0
0.327251663330862 0 3 3 3 0 3 3 3
-31.115562250226077 0 3 3 3 3 0 0 0
1.4736872609958112 0 3 3 3 3 0 0 3
12.631123541466579 0 3 3 3 3 0 1 1
12.631123541466579 0 3 3 3 3 0 2 2
1.5466108528534397 0 3 3 3 3 0 3 0
0.3158943749732541 0 3 3 3 3 0 3 3
1.7164761942661235 0 3 3 3 3 3 0 0
0.3628733056078662 0 3 3 3 3 3 0 3
-0.7831996322761684 0 3 3 3 3 3 1 1
-0.7831996322761684 0 3 3 3 3 3 2 2
0.36523188837632364 0 3 3 3 3 3 3 0
-0.37658728880738956 1 0 0 1 1 0 0 1
-166.6208603868334 1 0 0 1 1 0 1 0
0.8143436183040872 1 0 0 1 1 0 1 3
0.00273895860604914 1 0 0 1 1 0 3 1
0.0038962289254317025 1 0 0 1 1 3 0 1
3.2296488060078987 1 0 0 1 1 3 1 0
0.2511661148903696 1 0 0 1 1 3 1 3
0.0005690543065677726 1 0 0 1 1 3 3 1
-0.3765872888073898 1 0 0 1 2 0 0 2
-166.6208603868334 1 0 0 1 2 0 2 0
0.8143436183040872 1 0 0 1 2 0 2 3
0.00273895860604914 1 0 0 1 2 0 3 2
0.0038962289254317025 1 0 0 1 2 3 0 2
3.229648806007899 1 0 0 1 2 3 2 0
0.2511661148903696 1 0 0 1 2 3 2 3
0.0005690543065677726 1 0 0 1 2 3 3 2
-194.54718696543716 1 0 0 2 1 0 0 2
-0.14046701019191507 1 0 0 2 1 0 2 0
-0.0004514340805123157 1 0 0 2 1 0 2 3
2.1528146323673716 1 0 0 2 1 0 3 2
3.7679192158913195 1 0 0 2 1 3 0 2
0.0011777170613198 1 0 0 2 1 3 2 0
-6.361139349854439e-05 1 0 0 2 1 3 2 3
0.39524082978201885 1 0 0 2 1 3 3 2
194.54718696543716 1 0 0 2 2 0 0 1
0.14046701019191507 1 0 0 2 2 0 1 0
0.0004514340805123157 1 0 0 2 2 0 1 3
-2.152814632367372 1 0 0 2 2 0 3 1
-3.7679192158913195 1 0 0 2 2 3 0 1
-0.0011777170613198 1 0 0 2 2 3 1 0
6.361139349854439e-05 1 0 0 2 2 3 1 3
-0.3952408297820189 1 0 0 2 2 3 3 1
0.00015494294021852566 1 0 1 0 1 0 0 1
-0.4009176179486151 1 0 1 0 1 0 1 0
0.002167135183742958 1 0 1 0 1 0 1 3
-0.0004514340805123148 1 0 1 0 1 0 3 1
0.004073782782180204 1 0 1 0 1 3 1 0
0.0005573702472414046 1 0 1 0 1 3 1 3
-7.560788196485889e-05 1 0 1 0 1 3 3 1
0.00015494294021852577 1 0 1 0 2 0 0 2
-0.4009176179486152 1 0 1 0 2 0 2 0
0.002167135183742958 1 0 1 0 2 0 2 3
-0.0004514340805123148 1 0 1 0 2 0 3 2
0.004073782782180204 1 0 1 0 2 3 2 0
0.0005573702472414046 1 0 1 0 2 3 2 3
-7.560788196485867e-05 1 0 1 0 2 3 3 2
-0.00020506313972750486 1 0 1 3 1 0 0 1
0.002167135183742957 1 0 1 3 1 0 1 0
0.000952950127164745 1 0 1 3 1 0 1 3
-0.14046701019191501 1 0 1 3 1 0 3 1
-6.565520437477076e-05 1 0 1 3 1 3 0 1
0.0005765613281480139 1 0 1 3 1 3 1 0
0.0011467470562921073 1 0 1 3 1 3 3 1
-0.000205063139727504 1 0 1 3 2 0 0 2
0.002167135183742957 1 0 1 3 2 0 2 0
0.000952950127164745 1 0 1 3 2 0 2 3
-0.14046701019191515 1 0 1 3 2 0 3 2
-6.565520437477055e-05 1 0 1 3 2 3 0 2
0.0005765613281480139 1 0 1 3 2 3 2 0
0.0011467470562921073 1 0 1 3 2 3 3 2
0.6438181070480394 1 0 2 0 1 0 0 2
-222.1107734425966 1 0 2 0 1 0 2 0
1.5979858082034835 1 0 2 0 1 0 2 3
0.8143436183040864 1 0 2 0 1 0 3 2
-0.007338844254904277 1 0 2 0 1 3 0 2
4.305078003378158 1 0 2 0 1 3 2 0
0.44550865851853394 1 0 2 0 1 3 2 3
0.25117811137883606 1 0 2 0 1 3 3 2
-0.6438181070480394 1 0 2 0 2 0 0 1
222.11077344259667 1 0 2 0 2 0 1 0
-1.5979858082034837 1 0 2 0 2 0 1 3
-0.8143436183040863 1 0 2 0 2 0 3 1
0.007338844254904277 1 0 2 0 2 3 0 1
-4.305078003378158 1 0 2 0 2 3 1 0
-0.44550865851853394 1 0 2 0 2 3 1 3
-0.251178111378836 1 0 2 0 2 3 3 1
1.4057926966489998 1 0 2 3 1 0 0 2
1.5979858082034823 1 0 2 3 1 0 2 0
0.9509611113883216 1 0 2 3 1 0 2 3
-166.6208603868334 1 0 2 3 1 0 3 2
0.24363479667735138 1 0 2 3 1 3 0 2
0.4572555609412999 1 0 2 3 1 3 2 0
-0.013247987007715458 1 0 2 3 1 3 2 3
3.2296797760129268 1 0 2 3 1 3 3 2
-1.4057926966489995 1 0 2 3 2 0 0 1
-1.5979858082034826 1 0 2 3 2 0 1 0
-0.9509611113883216 1 0 2 3 2 0 1 3
166.62086038683339 1 0 2 3 2 0 3 1
-0.24363479667735133 1 0 2 3 2 3 0 1
-0.4572555609412999 1 0 2 3 2 3 1 0
0.013247987007715458 1 0 2 3 2 3 1 3
-3.229679776012927 1 0 2 3 2 3 3 1
0.0027389586060491407 1 0 3 1 1 0 0 1
1.4057926966490002 1 0 3 1 1 0 1 0
0.6438181070480395 1 0 3 1 1 0 1 3
0.0009024186336951147 1 0 3 1 1 0 3 1
0.0005917900931853711 1 0 3 1 1 3 0 1
0.24364799960643402 1 0 3 1 1 3 1 0
-0.007338844254904279 1 0 3 1 1 3 1 3
0.0027389586060491407 1 0 3 1 2 0 0 2
1.4057926966490002 1 0 3 1 2 0 2 0
0.6438181070480395 1 0 3 1 2 0 2 3
0.0009024186336951149 1 0 3 1 2 0 3 2
0.0005917900931853709 1 0 3 1 2 3 0 2
0.24364799960643402 1 0 3 1 2 3 2 0
-0.007338844254904279 1 0 3 1 2 3 2 3
2.1528146323673707 1 0 3 2 1 0 0 2
-0.00020506313972750424 1 0 3 2 1 0 2 0
0.0001549429402185259 1 0 3 2 1 0 2 3
0.7852859425250994 1 0 3 2 1 0 3 2
0.40698418749907367 1 0 3 2 1 3 0 2
-7.885813345745373e-05 1 0 3 2 1 3 2 0
-0.01309066992818575 1 0 3 2 1 3 3 2
-2.1528146323673707 1 0 3 2 2 0 0 1
0.00020506313972750424 1 0 3 2 2 0 1 0
-0.0001549429402185258 1 0 3 2 2 0 1 3
-0.7852859425250995 1 0 3 2 2 0 3 1
-0.4069841874990738 1 0 3 2 2 3 0 1
7.885813345745362e-05 1 0 3 2 2 3 1 0
0.01309066992818575 1 0 3 2 2 3 3 1
-0.5237910905099719 1 1 0 0 1 1 0 0
0.00302501968693465 1 1 0 0 1 1 0 3
-7.683642114363575e-05 1 1 0 0 1 1 1 1
-5.284344421100599e-05 1 1 0 0 1 1 2 2
0.004132193471564115 1 1 0 0 1 1 3 0
0.0005155686778237432 1 1 0 0 1 1 3 3
-1.1996488466314894e-05 1 1 0 0 1 2 1 2
-1.1996488466314873e-05 1 1 0 0 1 2 2 1
-1.1996488466314866e-05 1 1 0 0 2 1 1 2
-1.1996488466314894e-05 1 1 0 0 2 1 2 1
-0.5237910905099719 1 1 0 0 2 2 0 0
0.00302501968693465 1 1 0 0 2 2 0 3
-5.284344421100599e-05 1 1 0 0 2 2 1 1
-7.683642114363575e-05 1 1 0 0 2 2 2 2
0.004132193471564115 1 1 0 0 2 2 3 0
0.0005155686778237432 1 1 0 0 2 2 3 3
0.0030250196869346484 1 1 0 3 1 1 0 0
0.0009311458570921984 1 1 0 3 1 1 0 3
-0.0014860329140921388 1 1 0 3 1 1 1 1
-0.0014240929040367518 1 1 0 3 1 1 2 2
0.0008655212476101843 1 1 0 3 1 1 3 0
-3.097000502769328e-05 1 1 0 3 1 2 1 2
-3.097000502769337e-05 1 1 0 3 1 2 2 1
-3.097000502769337e-05 1 1 0 3 2 1 1 2
-3.097000502769328e-05 1 1 0 3 2 1 2 1
0.0030250196869346484 1 1 0 3 2 2 0 0
0.0009311458570921988 1 1 0 3 2 2 0 3
-0.0014240929040367518 1 1 0 3 2 2 1 1
-0.0014860329140921388 1 1 0 3 2 2 2 2
0.0008655212476101838 1 1 0 3 2 2 3 0
-0.0001517787229089831 1 1 1 1 1 1 0 0
-3.3350371944370096e-07 1 1 1 1 1 1 2 2
-0.0014240929040367518 1 1 1 1 1 1 3 0
-5.2843444211006095e-05 1 1 1 1 1 1 3 3
1.667518597218648e-07 1 1 1 1 1 2 1 2
1.667518597219048e-07 1 1 1 1 1 2 2 1
1.667518597219048e-07 1 1 1 1 2 1 1 2
1.667518597218648e-07 1 1 1 1 2 1 2 1
-0.0001517787229089831 1 1 1 1 2 2 0 0
-3.3350371944370096e-07 1 1 1 1 2 2 1 1
-0.0014240929040367518 1 1 1 1 2 2 3 0
-5.284344421100599e-05 1 1 1 1 2 2 3 3
-0.0003883347315996598 1 1 1 2 1 1 1 2
0.00034961906606699705 1 1 1 2 1 1 2 1
1.9357832766331508e-05 1 1 1 2 1 2 1 1
-1.9357832766331538e-05 1 1 1 2 1 2 2 2
1.9357832766331538e-05 1 1 1 2 2 1 1 1
-1.9357832766331508e-05 1 1 1 2 2 1 2 2
-0.00034961906606699705 1 1 1 2 2 2 1 2
0.0003883347315996598 1 1 1 2 2 2 2 1
0.00034961906606699694 1 1 2 1 1 1 1 2
-0.00039542414302163806 1 1 2 1 1 1 2 1
2.290253847732064e-05 1 1 2 1 1 2 1 1
-2.2902538477320647e-05 1 1 2 1 1 2 2 2
2.2902538477320647e-05 1 1 2 1 2 1 1 1
-2.290253847732064e-05 1 1 2 1 2 1 2 2
0.0003954241430216383 1 1 2 1 2 2 1 2
-0.00034961906606699694 1 1 2 1 2 2 2 1
-0.0001253728647436172 1 1 2 2 1 1 0 0
-3.335037194436978e-07 1 1 2 2 1 1 1 1
-0.023448333272296715 1 1 2 2 1 1 2 2
-0.0014860329140921388 1 1 2 2 1 1 3 0
-7.683642114363564e-05 1 1 2 2 1 1 3 3
0.01172399988428864 1 1 2 2 1 2 1 2
0.01172399988428864 1 1 2 2 1 2 2 1
0.01172399988428864 1 1 2 2 2 1 1 2
0.011723999884288641 1 1 2 2 2 1 2 1
-0.0001253728647436172 1 1 2 2 2 2 0 0
-0.02344833327229672 1 1 2 2 2 2 1 1
-3.335037194436995e-07 1 1 2 2 2 2 2 2
-0.0014860329140921388 1 1 2 2 2 2 3 0
-7.683642114363553e-05 1 1 2 2 2 2 3 3
0.004132193471564117 1 1 3 0 1 1 0 0
0.0008655212476101843 1 1 3 0 1 1 0 3
0.0009315318693066095 1 1 3 0 1 1 3 0
0.004132193471564117 1 1 3 0 2 2 0 0
0.0008655212476101834 1 1 3 0 2 2 0 3
0.0009315318693066095 1 1 3 0 2 2 3 0
0.0005155686778237425 1 1 3 3 1 1 0 0
-0.00012537286474361732 1 1 3 3 1 1 1 1
-0.00015177872290898287 1 1 3 3 1 1 2 2
1.320292908268294e-05 1 1 3 3 1 2 1 2
1.3202929082682967e-05 1 1 3 3 1 2 2 1
1.3202929082682967e-05 1 1 3 3 2 1 1 2
1.3202929082682994e-05 1 1 3 3 2 1 2 1
0.0005155686778237425 1 1 3 3 2 2 0 0
-0.00015177872290898287 1 1 3 3 2 2 1 1
-0.00012537286474361754 1 1 3 3 2 2 2 2
-371.5003763466809 1 2 0 0 1 2 0 0
4.215719314116914 1 2 0 0 1 2 0 3
-0.0708853967819967 1 2 0 0 1 2 1 1
-0.0708853967819967 1 2 0 0 1 2 2 2
5.876752148385794 1 2 0 0 1 2 3 0
0.7037614272320262 1 2 0 0 1 2 3 3
371.5003763466809 1 2 0 0 2 1 0 0
-4.215719314116914 1 2 0 0 2 1 0 3
0.0708853967819967 1 2 0 0 2 1 1 1
0.0708853967819967 1 2 0 0 2 1 2 2
-5.876752148385794 1 2 0 0 2 1 3 0
-0.7037614272320262 1 2 0 0 2 1 3 3
4.21571931411691 1 2 0 3 1 2 0 0
1.2661400911471987 1 2 0 3 1 2 0 3
-2.058261555355238 1 2 0 3 1 2 1 1
-2.0582615553552377 1 2 0 3 1 2 2 2
1.2075124263285004 1 2 0 3 1 2 3 0
-0.021102183517763995 1 2 0 3 1 2 3 3
-4.215719314116911 1 2 0 3 2 1 0 0
-1.2661400911471985 1 2 0 3 2 1 0 3
2.0582615553552377 1 2 0 3 2 1 1 1
2.0582615553552377 1 2 0 3 2 1 2 2
-1.2075124263285004 1 2 0 3 2 1 3 0
0.021102183517763995 1 2 0 3 2 1 3 3
1.9357832766331474e-05 1 2 1 1 1 1 1 2
2.2902538477320667e-05 1 2 1 1 1 1 2 1
-0.17572000147485245 1 2 1 1 1 2 0 0
0.0009391397627819294 1 2 1 1 1 2 0 3
-7.423933323123386e-05 1 2 1 1 1 2 1 1
-3.197896198758197e-05 1 2 1 1 1 2 2 2
-2.058261555355238 1 2 1 1 1 2 3 0
-0.07088539678199669 1 2 1 1 1 2 3 3
0.17572000147485245 1 2 1 1 2 1 0 0
-0.0009391397627819294 1 2 1 1 2 1 0 3
3.197896198758197e-05 1 2 1 1 2 1 1 1
7.423933323123386e-05 1 2 1 1 2 1 2 2
2.058261555355238 1 2 1 1 2 1 3 0
0.07088539678199669 1 2 1 1 2 1 3 3
-2.290253847732064e-05 1 2 1 1 2 2 1 2
-1.9357832766331508e-05 1 2 1 1 2 2 2 1
-1.320292908268295e-05 1 2 1 2 1 1 0 0
1.6675185972188785e-07 1 2 1 2 1 1 1 1
0.011723999884288638 1 2 1 2 1 1 2 2
3.097000502769342e-05 1 2 1 2 1 1 3 0
1.1996488466314866e-05 1 2 1 2 1 1 3 3
-0.5154428532669154 1 2 1 2 1 2 1 2
0.5037190201344862 1 2 1 2 1 2 2 1
0.5037190201344863 1 2 1 2 2 1 1 2
-0.5154428532669154 1 2 1 2 2 1 2 1
-1.320292908268295e-05 1 2 1 2 2 2 0 0
0.011723999884288638 1 2 1 2 2 2 1 1
1.6675185972188785e-07 1 2 1 2 2 2 2 2
3.097000502769342e-05 1 2 1 2 2 2 3 0
1.1996488466314866e-05 1 2 1 2 2 2 3 3
-1.320292908268295e-05 1 2 2 1 1 1 0 0
1.6675185972188174e-07 1 2 2 1 1 1 1 1
0.011723999884288638 1 2 2 1 1 1 2 2
3.09700050276934e-05 1 2 2 1 1 1 3 0
1.1996488466314868e-05 1 2 2 1 1 1 3 3
0.5037190201344862 1 2 2 1 1 2 1 2
-0.5154428532669153 1 2 2 1 1 2 2 1
-0.5154428532669154 1 2 2 1 2 1 1 2
0.5037190201344862 1 2 2 1 2 1 2 1
-1.320292908268295e-05 1 2 2 1 2 2 0 0
0.011723999884288638 1 2 2 1 2 2 1 1
1.6675185972189397e-07 1 2 2 1 2 2 2 2
3.09700050276934e-05 1 2 2 1 2 2 3 0
1.1996488466314868e-05 1 2 2 1 2 2 3 3
-1.93578327663315e-05 1 2 2 2 1 1 1 2
-2.2902538477320644e-05 1 2 2 2 1 1 2 1
-0.17572000147485245 1 2 2 2 1 2 0 0
0.0009391397627819297 1 2 2 2 1 2 0 3
-3.197896198758197e-05 1 2 2 2 1 2 1 1
-7.423933323123387e-05 1 2 2 2 1 2 2 2
-2.0582615553552377 1 2 2 2 1 2 3 0
-0.0708853967819967 1 2 2 2 1 2 3 3
0.17572000147485242 1 2 2 2 2 1 0 0
-0.0009391397627819297 1 2 2 2 2 1 0 3
7.423933323123387e-05 1 2 2 2 2 1 1 1
3.197896198758197e-05 1 2 2 2 2 1 2 2
2.0582615553552377 1 2 2 2 2 1 3 0
0.0708853967819967 1 2 2 2 2 1 3 3
2.290253847732067e-05 1 2 2 2 2 2 1 2
1.9357832766331474e-05 1 2 2 2 2 2 2 1
5.876752148385795 1 2 3 0 1 2 0 0
1.2075124263285004 1 2 3 0 1 2 0 3
0.0009391397627819293 1 2 3 0 1 2 1 1
0.0009391397627819292 1 2 3 0 1 2 2 2
1.2389593385866153 1 2 3 0 1 2 3 0
-0.022003851139669732 1 2 3 0 1 2 3 3
-5.876752148385795 1 2 3 0 2 1 0 0
-1.2075124263285004 1 2 3 0 2 1 0 3
-0.0009391397627819292 1 2 3 0 2 1 1 1
-0.0009391397627819293 1 2 3 0 2 1 2 2
-1.2389593385866153 1 2 3 0 2 1 3 0
0.022003851139669732 1 2 3 0 2 1 3 3
0.7037614272320261 1 2 3 3 1 2 0 0
-0.021102183517763995 1 2 3 3 1 2 0 3
-0.17572000147485245 1 2 3 3 1 2 1 1
-0.17572000147485248 1 2 3 3 1 2 2 2
-0.02200385113966973 1 2 3 3 1 2 3 0
-0.0056786441788039665 1 2 3 3 1 2 3 3
-0.7037614272320261 1 2 3 3 2 1 0 0
0.021102183517763995 1 2 3 3 2 1 0 3
0.17572000147485245 1 2 3 3 2 1 1 1
0.17572000147485245 1 2 3 3 2 1 2 2
0.02200385113966973 1 2 3 3 2 1 3 0
0.0056786441788039665 1 2 3 3 2 1 3 3
0.0038962289254317007 1 3 0 1 1 0 0 1
3.229679776012927 1 3 0 1 1 0 1 0
0.25117811137883594 1 3 0 1 1 0 1 3
0.0005917900931853708 1 3 0 1 1 0 3 1
0.0010930623689824979 1 3 0 1 1 3 0 1
0.8804266127758134 1 3 0 1 1 3 1 0
-0.007304715982059801 1 3 0 1 1 3 1 3
0.0038962289254317007 1 3 0 1 2 0 0 2
3.2296797760129268 1 3 0 1 2 0 2 0
0.2511781113788359 1 3 0 1 2 0 2 3
0.0005917900931853708 1 3 0 1 2 0 3 2
0.0010930623689824979 1 3 0 1 2 3 0 2
0.8804266127758135 1 3 0 1 2 3 2 0
-0.007304715982059801 1 3 0 1 2 3 2 3
3.7679192158913186 1 3 0 2 1 0 0 2
0.0011467470562921047 1 3 0 2 1 0 2 0
-7.560788196485878e-05 1 3 0 2 1 0 2 3
0.40698418749907367 1 3 0 2 1 0 3 2
1.027626364361429 1 3 0 2 1 3 0 2
0.00035242719688793347 1 3 0 2 1 3 2 0
-0.01419303095161268 1 3 0 2 1 3 3 2
-3.7679192158913195 1 3 0 2 2 0 0 1
-0.0011467470562921047 1 3 0 2 2 0 1 0
7.560788196485878e-05 1 3 0 2 2 0 1 3
-0.4069841874990738 1 3 0 2 2 0 3 1
-1.027626364361429 1 3 0 2 2 3 0 1
-0.00035242719688793303 1 3 0 2 2 3 1 0
0.01419303095161268 1 3 0 2 2 3 3 1
0.004073782782180203 1 3 1 0 1 0 1 0
0.0005765613281480141 1 3 1 0 1 0 1 3
-6.361139349854417e-05 1 3 1 0 1 0 3 1
0.0011536561208192384 1 3 1 0 1 3 1 0
0.004073782782180203 1 3 1 0 2 0 2 0
0.0005765613281480139 1 3 1 0 2 0 2 3
-6.361139349854417e-05 1 3 1 0 2 0 3 2
0.0011536561208192366 1 3 1 0 2 3 2 0
-7.885813345745365e-05 1 3 1 3 1 0 0 1
0.0005573702472414044 1 3 1 3 1 0 1 0
0.0011777170613197995 1 3 1 3 1 0 3 1
0.0003524271968879339 1 3 1 3 1 3 3 1
-7.885813345745354e-05 1 3 1 3 2 0 0 2
0.0005573702472414044 1 3 1 3 2 0 2 0
0.0011777170613197995 1 3 1 3 2 0 3 2
0.0003524271968879339 1 3 1 3 2 3 3 2
-0.007338844254904279 1 3 2 0 1 0 0 2
4.305078003378157 1 3 2 0 1 0 2 0
0.45725556094129993 1 3 2 0 1 0 2 3
0.25116611489036955 1 3 2 0 1 0 3 2
-0.0020079086996522767 1 3 2 0 1 3 0 2
1.1733285607878585 1 3 2 0 1 3 2 0
-0.013549863064027938 1 3 2 0 1 3 2 3
-0.007304715982059798 1 3 2 0 1 3 3 2
0.007338844254904279 1 3 2 0 2 0 0 1
-4.305078003378158 1 3 2 0 2 0 1 0
-0.45725556094129993 1 3 2 0 2 0 1 3
-0.25116611489036955 1 3 2 0 2 0 3 1
0.0020079086996522763 1 3 2 0 2 3 0 1
-1.1733285607878585 1 3 2 0 2 3 1 0
0.013549863064027938 1 3 2 0 2 3 1 3
0.007304715982059798 1 3 2 0 2 3 3 1
0.24364799960643402 1 3 2 3 1 0 0 2
0.4455086585185339 1 3 2 3 1 0 2 0
-0.013247987007715454 1 3 2 3 1 0 2 3
3.2296488060078987 1 3 2 3 1 0 3 2
-0.008889331376785934 1 3 2 3 1 3 0 2
-0.013549863064027935 1 3 2 3 1 3 2 0
-0.00374403807636143 1 3 2 3 1 3 2 3
0.8804266127758134 1 3 2 3 1 3 3 2
-0.243647999606434 1 3 2 3 2 0 0 1
-0.44550865851853394 1 3 2 3 2 0 1 0
0.013247987007715454 1 3 2 3 2 0 1 3
-3.229648806007899 1 3 2 3 2 0 3 1
0.008889331376785934 1 3 2 3 2 3 0 1
0.013549863064027935 1 3 2 3 2 3 1 0
0.00374403807636143 1 3 2 3 2 3 1 3
-0.8804266127758135 1 3 2 3 2 3 3 1
0.0005690543065677724 1 3 3 1 1 0 0 1
0.24363479667735125 1 3 3 1 1 0 1 0
-0.007338844254904279 1 3 3 1 1 0 1 3
-0.008889331376785936 1 3 3 1 1 3 1 0
-0.002007908699652277 1 3 3 1 1 3 1 3
0.0005690543065677724 1 3 3 1 2 0 0 2
0.24363479667735125 1 3 3 1 2 0 2 0
-0.007338844254904279 1 3 3 1 2 0 2 3
-0.008889331376785936 1 3 3 1 2 3 2 0
-0.002007908699652277 1 3 3 1 2 3 2 3
0.39524082978201885 1 3 3 2 1 0 0 2
-6.565520437477055e-05 1 3 3 2 1 0 2 0
-0.01309066992818575 1 3 3 2 1 0 3 2
-0.014193030951612683 1 3 3 2 1 3 0 2
-0.0032585489417552055 1 3 3 2 1 3 3 2
-0.3952408297820189 1 3 3 2 2 0 0 1
6.565520437477055e-05 1 3 3 2 2 0 1 0
0.01309066992818575 1 3 3 2 2 0 3 1
0.014193030951612683 1 3 3 2 2 3 0 1
0.003258548941755205 1 3 3 2 2 3 3 1
194.54718696543716 2 0 0 1 1 0 0 2
0.14046701019191507 2 0 0 1 1 0 2 0
0.0004514340805123157 2 0 0 1 1 0 2 3
-2.152814632367372 2 0 0 1 1 0 3 2
-3.76791921589132 2 0 0 1 1 3 0 2
-0.0011777170613198004 2 0 0 1 1 3 2 0
6.361139349854439e-05 2 0 0 1 1 3 2 3
-0.3952408297820189 2 0 0 1 1 3 3 2
-194.54718696543716 2 0 0 1 2 0 0 1
-0.14046701019191507 2 0 0 1 2 0 1 0
-0.0004514340805123157 2 0 0 1 2 0 1 3
2.1528146323673716 2 0 0 1 2 0 3 1
3.76791921589132 2 0 0 1 2 3 0 1
0.0011777170613198004 2 0 0 1 2 3 1 0
-6.361139349854417e-05 2 0 0 1 2 3 1 3
0.39524082978201885 2 0 0 1 2 3 3 1
-0.3765872888073899 2 0 0 2 1 0 0 1
-166.6208603868334 2 0 0 2 1 0 1 0
0.8143436183040873 2 0 0 2 1 0 1 3
0.00273895860604914 2 0 0 2 1 0 3 1
0.0038962289254317025 2 0 0 2 1 3 0 1
3.229648806007899 2 0 0 2 1 3 1 0
0.25116611489036966 2 0 0 2 1 3 1 3
0.0005690543065677727 2 0 0 2 1 3 3 1
-0.3765872888073897 2 0 0 2 2 0 0 2
-166.6208603868334 2 0 0 2 2 0 2 0
0.8143436183040873 2 0 0 2 2 0 2 3
0.00273895860604914 2 0 0 2 2 0 3 2
0.0038962289254317025 2 0 0 2 2 3 0 2
3.2296488060078987 2 0 0 2 2 3 2 0
0.2511661148903696 2 0 0 2 2 3 2 3
0.0005690543065677727 2 0 0 2 2 3 3 2
-0.6438181070480395 2 0 1 0 1 0 0 2
222.11077344259667 2 0 1 0 1 0 2 0
-1.5979858082034835 2 0 1 0 1 0 2 3
-0.8143436183040863 2 0 1 0 1 0 3 2
0.007338844254904277 2 0 1 0 1 3 0 2
-4.305078003378158 2 0 1 0 1 3 2 0
-0.44550865851853394 2 0 1 0 1 3 2 3
-0.25117811137883606 2 0 1 0 1 3 3 2
0.6438181070480394 2 0 1 0 2 0 0 1
-222.1107734425967 2 0 1 0 2 0 1 0
1.5979858082034837 2 0 1 0 2 0 1 3
0.8143436183040864 2 0 1 0 2 0 3 1
-0.007338844254904277 2 0 1 0 2 3 0 1
4.305078003378158 2 0 1 0 2 3 1 0
0.44550865851853394 2 0 1 0 2 3 1 3
0.25117811137883606 2 0 1 0 2 3 3 1
-1.405792696649 2 0 1 3 1 0 0 2
-1.5979858082034823 2 0 1 3 1 0 2 0
-0.9509611113883216 2 0 1 3 1 0 2 3
166.6208603868334 2 0 1 3 1 0 3 2
-0.24363479667735136 2 0 1 3 1 3 0 2
-0.4572555609412999 2 0 1 3 1 3 2 0
0.013247987007715458 2 0 1 3 1 3 2 3
-3.229679776012927 2 0 1 3 1 3 3 2
1.4057926966489998 2 0 1 3 2 0 0 1
1.5979858082034823 2 0 1 3 2 0 1 0
0.9509611113883216 2 0 1 3 2 0 1 3
-166.62086038683339 2 0 1 3 2 0 3 1
0.24363479667735136 2 0 1 3 2 3 0 1
0.4572555609412999 2 0 1 3 2 3 1 0
-0.013247987007715458 2 0 1 3 2 3 1 3
3.2296797760129268 2 0 1 3 2 3 3 1
0.00015494294021852598 2 0 2 0 1 0 0 1
-0.40091761794861513 2 0 2 0 1 0 1 0
0.002167135183742958 2 0 2 0 1 0 1 3
-0.0004514340805123148 2 0 2 0 1 0 3 1
0.004073782782180204 2 0 2 0 1 3 1 0
0.0005573702472414046 2 0 2 0 1 3 1 3
-7.560788196485878e-05 2 0 2 0 1 3 3 1
0.00015494294021852544 2 0 2 0 2 0 0 2
-0.400917617948615 2 0 2 0 2 0 2 0
0.002167135183742959 2 0 2 0 2 0 2 3
-0.0004514340805123148 2 0 2 0 2 0 3 2
0.004073782782180204 2 0 2 0 2 3 2 0
0.0005573702472414046 2 0 2 0 2 3 2 3
-7.560788196485889e-05 2 0 2 0 2 3 3 2
-0.00020506313972750443 2 0 2 3 1 0 0 1
0.002167135183742957 2 0 2 3 1 0 1 0
0.0009529501271647446 2 0 2 3 1 0 1 3
-0.14046701019191515 2 0 2 3 1 0 3 1
-6.565520437477055e-05 2 0 2 3 1 3 0 1
0.0005765613281480139 2 0 2 3 1 3 1 0
0.0011467470562921073 2 0 2 3 1 3 3 1
-0.00020506313972750443 2 0 2 3 2 0 0 2
0.002167135183742957 2 0 2 3 2 0 2 0
0.0009529501271647446 2 0 2 3 2 0 2 3
-0.140467010191915 2 0 2 3 2 0 3 2
-6.565520437477076e-05 2 0 2 3 2 3 0 2
0.0005765613281480139 2 0 2 3 2 3 2 0
0.0011467470562921073 2 0 2 3 2 3 3 2
-2.1528146323673716 2 0 3 1 1 0 0 2
0.0002050631397275051 2 0 3 1 1 0 2 0
-0.0001549429402185258 2 0 3 1 1 0 2 3
-0.7852859425250995 2 0 3 1 1 0 3 2
-0.4069841874990737 2 0 3 1 1 3 0 2
7.885813345745384e-05 2 0 3 1 1 3 2 0
0.01309066992818575 2 0 3 1 1 3 3 2
2.1528146323673716 2 0 3 1 2 0 0 1
-0.0002050631397275051 2 0 3 1 2 0 1 0
0.0001549429402185258 2 0 3 1 2 0 1 3
0.7852859425250994 2 0 3 1 2 0 3 1
0.4069841874990737 2 0 3 1 2 3 0 1
-7.885813345745373e-05 2 0 3 1 2 3 1 0
-0.01309066992818575 2 0 3 1 2 3 3 1
0.0027389586060491407 2 0 3 2 1 0 0 1
1.4057926966490004 2 0 3 2 1 0 1 0
0.6438181070480394 2 0 3 2 1 0 1 3
0.0009024186336951149 2 0 3 2 1 0 3 1
0.0005917900931853711 2 0 3 2 1 3 0 1
0.24364799960643402 2 0 3 2 1 3 1 0
-0.007338844254904279 2 0 3 2 1 3 1 3
0.0027389586060491407 2 0 3 2 2 0 0 2
1.4057926966490004 2 0 3 2 2 0 2 0
0.6438181070480395 2 0 3 2 2 0 2 3
0.0009024186336951149 2 0 3 2 2 0 3 2
0.0005917900931853709 2 0 3 2 2 3 0 2
0.24364799960643402 2 0 3 2 2 3 2 0
-0.007338844254904279 2 0 3 2 2 3 2 3
371.5003763466809 2 1 0 0 1 2 0 0
-4.215719314116914 2 1 0 0 1 2 0 3
0.07088539678199672 2 1 0 0 1 2 1 1
0.0708853967819967 2 1 0 0 1 2 2 2
-5.876752148385794 2 1 0 0 1 2 3 0
-0.7037614272320262 2 1 0 0 1 2 3 3
-371.5003763466809 2 1 0 0 2 1 0 0
4.215719314116915 2 1 0 0 2 1 0 3
-0.0708853967819967 2 1 0 0 2 1 1 1
-0.07088539678199672 2 1 0 0 2 1 2 2
5.876752148385794 2 1 0 0 2 1 3 0
0.7037614272320262 2 1 0 0 2 1 3 3
-4.215719314116911 2 1 0 3 1 2 0 0
-1.2661400911471985 2 1 0 3 1 2 0 3
2.0582615553552377 2 1 0 3 1 2 1 1
2.0582615553552377 2 1 0 3 1 2 2 2
-1.2075124263285004 2 1 0 3 1 2 3 0
0.021102183517763995 2 1 0 3 1 2 3 3
4.215719314116912 2 1 0 3 2 1 0 0
1.2661400911471987 2 1 0 3 2 1 0 3
-2.0582615553552377 2 1 0 3 2 1 1 1
-2.0582615553552372 2 1 0 3 2 1 2 2
1.2075124263285004 2 1 0 3 2 1 3 0
-0.021102183517763995 2 1 0 3 2 1 3 3
1.93578327663315e-05 2 1 1 1 1 1 1 2
2.2902538477320644e-05 2 1 1 1 1 1 2 1
0.17572000147485245 2 1 1 1 1 2 0 0
-0.0009391397627819294 2 1 1 1 1 2 0 3
3.197896198758197e-05 2 1 1 1 1 2 1 1
7.423933323123387e-05 2 1 1 1 1 2 2 2
2.058261555355238 2 1 1 1 1 2 3 0
0.0708853967819967 2 1 1 1 1 2 3 3
-0.17572000147485242 2 1 1 1 2 1 0 0
0.0009391397627819294 2 1 1 1 2 1 0 3
-7.423933323123387e-05 2 1 1 1 2 1 1 1
-3.197896198758197e-05 2 1 1 1 2 1 2 2
-2.0582615553552377 2 1 1 1 2 1 3 0
-0.07088539678199669 2 1 1 1 2 1 3 3
-2.290253847732067e-05 2 1 1 1 2 2 1 2
-1.9357832766331474e-05 2 1 1 1 2 2 2 1
-1.3202929082682948e-05 2 1 1 2 1 1 0 0
1.6675185972188785e-07 2 1 1 2 1 1 1 1
0.011723999884288636 2 1 1 2 1 1 2 2
3.09700050276934e-05 2 1 1 2 1 1 3 0
1.1996488466314868e-05 2 1 1 2 1 1 3 3
0.5037190201344863 2 1 1 2 1 2 1 2
-0.5154428532669154 2 1 1 2 1 2 2 1
-0.5154428532669155 2 1 1 2 2 1 1 2
0.5037190201344863 2 1 1 2 2 1 2 1
-1.3202929082682948e-05 2 1 1 2 2 2 0 0
0.01172399988428864 2 1 1 2 2 2 1 1
1.6675185972188785e-07 2 1 1 2 2 2 2 2
3.09700050276934e-05 2 1 1 2 2 2 3 0
1.1996488466314868e-05 2 1 1 2 2 2 3 3
-1.3202929082682958e-05 2 1 2 1 1 1 0 0
1.6675185972189463e-07 2 1 2 1 1 1 1 1
0.01172399988428864 2 1 2 1 1 1 2 2
3.097000502769342e-05 2 1 2 1 1 1 3 0
1.1996488466314873e-05 2 1 2 1 1 1 3 3
-0.5154428532669154 2 1 2 1 1 2 1 2
0.5037190201344862 2 1 2 1 1 2 2 1
0.5037190201344863 2 1 2 1 2 1 1 2
-0.5154428532669154 2 1 2 1 2 1 2 1
-1.3202929082682958e-05 2 1 2 1 2 2 0 0
0.01172399988428864 2 1 2 1 2 2 1 1
1.6675185972188042e-07 2 1 2 1 2 2 2 2
3.097000502769342e-05 2 1 2 1 2 2 3 0
1.1996488466314819e-05 2 1 2 1 2 2 3 3
-1.9357832766331494e-05 2 1 2 2 1 1 1 2
-2.2902538477320627e-05 2 1 2 2 1 1 2 1
0.17572000147485242 2 1 2 2 1 2 0 0
-0.0009391397627819297 2 1 2 2 1 2 0 3
7.423933323123386e-05 2 1 2 2 1 2 1 1
3.1978961987582e-05 2 1 2 2 1 2 2 2
2.0582615553552377 2 1 2 2 1 2 3 0
0.0708853967819967 2 1 2 2 1 2 3 3
-0.17572000147485242 2 1 2 2 2 1 0 0
0.0009391397627819297 2 1 2 2 2 1 0 3
-3.197896198758199e-05 2 1 2 2 2 1 1 1
-7.423933323123386e-05 2 1 2 2 2 1 2 2
-2.0582615553552372 2 1 2 2 2 1 3 0
-0.0708853967819967 2 1 2 2 2 1 3 3
2.29025384773206e-05 2 1 2 2 2 2 1 2
1.935783276633152e-05 2 1 2 2 2 2 2 1
-5.876752148385795 2 1 3 0 1 2 0 0
-1.2075124263285004 2 1 3 0 1 2 0 3
-0.0009391397627819293 2 1 3 0 1 2 1 1
-0.0009391397627819292 2 1 3 0 1 2 2 2
-1.2389593385866153 2 1 3 0 1 2 3 0
0.022003851139669732 2 1 3 0 1 2 3 3
5.876752148385795 2 1 3 0 2 1 0 0
1.2075124263285004 2 1 3 0 2 1 0 3
0.0009391397627819292 2 1 3 0 2 1 1 1
0.0009391397627819293 2 1 3 0 2 1 2 2
1.238959338586615 2 1 3 0 2 1 3 0
-0.022003851139669732 2 1 3 0 2 1 3 3
-0.7037614272320261 2 1 3 3 1 2 0 0
0.021102183517763995 2 1 3 3 1 2 0 3
0.17572000147485245 2 1 3 3 1 2 1 1
0.17572000147485248 2 1 3 3 1 2 2 2
0.02200385113966973 2 1 3 3 1 2 3 0
0.0056786441788039665 2 1 3 3 1 2 3 3
0.7037614272320261 2 1 3 3 2 1 0 0
-0.021102183517763995 2 1 3 3 2 1 0 3
-0.17572000147485245 2 1 3 3 2 1 1 1
-0.17572000147485242 2 1 3 3 2 1 2 2
-0.02200385113966973 2 1 3 3 2 1 3 0
-0.0056786441788039665 2 1 3 3 2 1 3 3
-0.5237910905099719 2 2 0 0 1 1 0 0
0.00302501968693465 2 2 0 0 1 1 0 3
-7.683642114363553e-05 2 2 0 0 1 1 1 1
-5.2843444211006095e-05 2 2 0 0 1 1 2 2
0.004132193471564115 2 2 0 0 1 1 3 0
0.0005155686778237432 2 2 0 0 1 1 3 3
-1.199648846631485e-05 2 2 0 0 1 2 1 2
-1.1996488466314883e-05 2 2 0 0 1 2 2 1
-1.199648846631488e-05 2 2 0 0 2 1 1 2
-1.1996488466314853e-05 2 2 0 0 2 1 2 1
-0.5237910905099719 2 2 0 0 2 2 0 0
0.00302501968693465 2 2 0 0 2 2 0 3
-5.2843444211006095e-05 2 2 0 0 2 2 1 1
-7.683642114363553e-05 2 2 0 0 2 2 2 2
0.004132193471564115 2 2 0 0 2 2 3 0
0.0005155686778237432 2 2 0 0 2 2 3 3
0.0030250196869346484 2 2 0 3 1 1 0 0
0.0009311458570921975 2 2 0 3 1 1 0 3
-0.0014860329140921388 2 2 0 3 1 1 1 1
-0.0014240929040367518 2 2 0 3 1 1 2 2
0.0008655212476101838 2 2 0 3 1 1 3 0
-3.097000502769335e-05 2 2 0 3 1 2 1 2
-3.0970005027693366e-05 2 2 0 3 1 2 2 1
-3.0970005027693366e-05 2 2 0 3 2 1 1 2
-3.097000502769335e-05 2 2 0 3 2 1 2 1
0.0030250196869346484 2 2 0 3 2 2 0 0
0.000931145857092198 2 2 0 3 2 2 0 3
-0.0014240929040367518 2 2 0 3 2 2 1 1
-0.0014860329140921388 2 2 0 3 2 2 2 2
0.0008655212476101843 2 2 0 3 2 2 3 0
-0.00012537286474361754 2 2 1 1 1 1 0 0
-3.3350371944369905e-07 2 2 1 1 1 1 1 1
-0.02344833327229672 2 2 1 1 1 1 2 2
-0.0014860329140921388 2 2 1 1 1 1 3 0
-7.683642114363564e-05 2 2 1 1 1 1 3 3
0.01172399988428864 2 2 1 1 1 2 1 2
0.01172399988428864 2 2 1 1 1 2 2 1
0.01172399988428864 2 2 1 1 2 1 1 2
0.011723999884288638 2 2 1 1 2 1 2 1
-0.00012537286474361754 2 2 1 1 2 2 0 0
-0.02344833327229672 2 2 1 1 2 2 1 1
-3.335037194436982e-07 2 2 1 1 2 2 2 2
-0.0014860329140921388 2 2 1 1 2 2 3 0
-7.683642114363564e-05 2 2 1 1 2 2 3 3
-0.00034961906606699705 2 2 1 2 1 1 1 2
0.0003954241430216384 2 2 1 2 1 1 2 1
-2.290253847732064e-05 2 2 1 2 1 2 1 1
2.2902538477320667e-05 2 2 1 2 1 2 2 2
-2.2902538477320613e-05 2 2 1 2 2 1 1 1
2.290253847732064e-05 2 2 1 2 2 1 2 2
-0.0003954241430216386 2 2 1 2 2 2 1 2
0.00034961906606699705 2 2 1 2 2 2 2 1
0.0003883347315996597 2 2 2 1 1 1 1 2
-0.00034961906606699716 2 2 2 1 1 1 2 1
-1.9357832766331484e-05 2 2 2 1 1 2 1 1
1.9357832766331477e-05 2 2 2 1 1 2 2 2
-1.9357832766331477e-05 2 2 2 1 2 1 1 1
1.9357832766331484e-05 2 2 2 1 2 1 2 2
0.00034961906606699694 2 2 2 1 2 2 1 2
-0.0003883347315996595 2 2 2 1 2 2 2 1
-0.0001517787229089831 2 2 2 2 1 1 0 0
-3.3350371944369805e-07 2 2 2 2 1 1 2 2
-0.0014240929040367518 2 2 2 2 1 1 3 0
-5.2843444211006095e-05 2 2 2 2 1 1 3 3
1.6675185972186893e-07 2 2 2 2 1 2 1 2
1.6675185972188245e-07 2 2 2 2 1 2 2 1
1.6675185972188245e-07 2 2 2 2 2 1 1 2
1.6675185972186893e-07 2 2 2 2 2 1 2 1
-0.0001517787229089831 2 2 2 2 2 2 0 0
-3.3350371944369805e-07 2 2 2 2 2 2 1 1
-0.0014240929040367518 2 2 2 2 2 2 3 0
-5.2843444211006095e-05 2 2 2 2 2 2 3 3
0.004132193471564117 2 2 3 0 1 1 0 0
0.0008655212476101834 2 2 3 0 1 1 0 3
0.0009315318693066095 2 2 3 0 1 1 3 0
0.004132193471564117 2 2 3 0 2 2 0 0
0.0008655212476101843 2 2 3 0 2 2 0 3
0.0009315318693066095 2 2 3 0 2 2 3 0
0.000515568677823743 2 2 3 3 1 1 0 0
-0.00012537286474361754 2 2 3 3 1 1 1 1
-0.0001517787229089831 2 2 3 3 1 1 2 2
1.3202929082682953e-05 2 2 3 3 1 2 1 2
1.3202929082682956e-05 2 2 3 3 1 2 2 1
1.3202929082682956e-05 2 2 3 3 2 1 1 2
1.3202929082682953e-05 2 2 3 3 2 1 2 1
0.000515568677823743 2 2 3 3 2 2 0 0
-0.0001517787229089831 2 2 3 3 2 2 1 1
-0.00012537286474361754 2 2 3 3 2 2 2 2
-3.767919215891319 2 3 0 1 1 0 0 2
-0.0011467470562921047 2 3 0 1 1 0 2 0
7.560788196485878e-05 2 3 0 1 1 0 2 3
-0.4069841874990737 2 3 0 1 1 0 3 2
-1.027626364361429 2 3 0 1 1 3 0 2
-0.0003524271968879339 2 3 0 1 1 3 2 0
0.01419303095161268 2 3 0 1 1 3 3 2
3.767919215891319 2 3 0 1 2 0 0 1
0.0011467470562921047 2 3 0 1 2 0 1 0
-7.560788196485878e-05 2 3 0 1 2 0 1 3
0.4069841874990737 2 3 0 1 2 0 3 1
1.0276263643614287 2 3 0 1 2 3 0 1
0.00035242719688793303 2 3 0 1 2 3 1 0
-0.01419303095161268 2 3 0 1 2 3 3 1
0.003896228925431699 2 3 0 2 1 0 0 1
3.2296797760129268 2 3 0 2 1 0 1 0
0.25117811137883606 2 3 0 2 1 0 1 3
0.000591790093185371 2 3 0 2 1 0 3 1
0.0010930623689824979 2 3 0 2 1 3 0 1
0.8804266127758135 2 3 0 2 1 3 1 0
-0.0073047159820598 2 3 0 2 1 3 1 3
0.003896228925431699 2 3 0 2 2 0 0 2
3.229679776012927 2 3 0 2 2 0 2 0
0.251178111378836 2 3 0 2 2 0 2 3
0.000591790093185371 2 3 0 2 2 0 3 2
0.0010930623689824979 2 3 0 2 2 3 0 2
0.8804266127758134 2 3 0 2 2 3 2 0
-0.0073047159820598 2 3 0 2 2 3 2 3
0.007338844254904279 2 3 1 0 1 0 0 2
-4.305078003378158 2 3 1 0 1 0 2 0
-0.45725556094129993 2 3 1 0 1 0 2 3
-0.25116611489036955 2 3 1 0 1 0 3 2
0.002007908699652277 2 3 1 0 1 3 0 2
-1.1733285607878585 2 3 1 0 1 3 2 0
0.013549863064027938 2 3 1 0 1 3 2 3
0.007304715982059798 2 3 1 0 1 3 3 2
-0.007338844254904279 2 3 1 0 2 0 0 1
4.305078003378158 2 3 1 0 2 0 1 0
0.45725556094129993 2 3 1 0 2 0 1 3
0.25116611489036955 2 3 1 0 2 0 3 1
-0.0020079086996522767 2 3 1 0 2 3 0 1
1.1733285607878585 2 3 1 0 2 3 1 0
-0.013549863064027938 2 3 1 0 2 3 1 3
-0.007304715982059798 2 3 1 0 2 3 3 1
-0.24364799960643405 2 3 1 3 1 0 0 2
-0.44550865851853394 2 3 1 3 1 0 2 0
0.013247987007715454 2 3 1 3 1 0 2 3
-3.229648806007899 2 3 1 3 1 0 3 2
0.008889331376785934 2 3 1 3 1 3 0 2
0.013549863064027935 2 3 1 3 1 3 2 0
0.00374403807636143 2 3 1 3 1 3 2 3
-0.8804266127758135 2 3 1 3 1 3 3 2
0.24364799960643402 2 3 1 3 2 0 0 1
0.44550865851853394 2 3 1 3 2 0 1 0
-0.013247987007715454 2 3 1 3 2 0 1 3
3.2296488060078987 2 3 1 3 2 0 3 1
-0.008889331376785934 2 3 1 3 2 3 0 1
-0.013549863064027935 2 3 1 3 2 3 1 0
-0.00374403807636143 2 3 1 3 2 3 1 3
0.8804266127758134 2 3 1 3 2 3 3 1
0.004073782782180206 2 3 2 0 1 0 1 0
0.0005765613281480141 2 3 2 0 1 0 1 3
-6.361139349854417e-05 2 3 2 0 1 0 3 1
0.0011536561208192375 2 3 2 0 1 3 1 0
0.004073782782180206 2 3 2 0 2 0 2 0
0.0005765613281480139 2 3 2 0 2 0 2 3
-6.361139349854417e-05 2 3 2 0 2 0 3 2
0.0011536561208192375 2 3 2 0 2 3 2 0
-7.885813345745376e-05 2 3 2 3 1 0 0 1
0.0005573702472414044 2 3 2 3 1 0 1 0
0.0011777170613198004 2 3 2 3 1 0 3 1
0.00035242719688793347 2 3 2 3 1 3 3 1
-7.885813345745376e-05 2 3 2 3 2 0 0 2
0.0005573702472414044 2 3 2 3 2 0 2 0
0.0011777170613198004 2 3 2 3 2 0 3 2
0.00035242719688793347 2 3 2 3 2 3 3 2
-0.3952408297820189 2 3 3 1 1 0 0 2
6.565520437477065e-05 2 3 3 1 1 0 2 0
0.01309066992818575 2 3 3 1 1 0 3 2
0.014193030951612683 2 3 3 1 1 3 0 2
0.003258548941755205 2 3 3 1 1 3 3 2
0.39524082978201885 2 3 3 1 2 0 0 1
-6.565520437477055e-05 2 3 3 1 2 0 1 0
-0.01309066992818575 2 3 3 1 2 0 3 1
-0.014193030951612683 2 3 3 1 2 3 0 1
-0.003258548941755205 2 3 3 1 2 3 3 1
0.0005690543065677724 2 3 3 2 1 0 0 1
0.24363479667735125 2 3 3 2 1 0 1 0
-0.007338844254904279 2 3 3 2 1 0 1 3
-0.008889331376785936 2 3 3 2 1 3 1 0
-0.002007908699652277 2 3 3 2 1 3 1 3
0.0005690543065677724 2 3 3 2 2 0 0 2
0.2436347966773512 2 3 3 2 2 0 2 0
-0.007338844254904279 2 3 3 2 2 0 2 3
-0.008889331376785936 2 3 3 2 2 3 2 0
-0.0020079086996522767 2 3 3 2 2 3 2 3
24953.442672366036 3 0 0 0 0 0 0 0
3794.3934641676515 3 0 0 0 0 0 0 3
45.25523623236264 3 0 0 0 0 0 1 1
45.255236232362634 3 0 0 0 0 0 2 2
3963.0128173129906 3 0 0 0 0 0 3 0
-142.955436589045 3 0 0 0 0 0 3 3
5486.648657898831 3 0 0 0 0 3 0 0
-221.52351482871566 3 0 0 0 0 3 0 3
10.511742660667135 3 0 0 0 0 3 1 1
10.511742660667135 3 0 0 0 0 3 2 2
-258.01862878761955 3 0 0 0 0 3 3 0
-31.115562250226077 3 0 0 0 0 3 3 3
6229.649410592192 3 0 0 0 3 0 0 0
-229.95495345694957 3 0 0 0 3 0 0 3
10.653513454231126 3 0 0 0 3 0 1 1
10.653513454231126 3 0 0 0 3 0 2 2
-269.7721330843911 3 0 0 0 3 0 3 0
-32.52308510469009 3 0 0 0 3 0 3 3
-353.11608911335793 3 0 0 0 3 3 0 0
-52.22396807090267 3 0 0 0 3 3 0 3
-0.6445421609841168 3 0 0 0 3 3 1 1
-0.6445421609841168 3 0 0 0 3 3 2 2
-55.018476399817715 3 0 0 0 3 3 3 0
1.688733300250483 3 0 0 0 3 3 3 3
3599.469689913408 3 0 0 3 0 0 0 0
-175.44615706302667 3 0 0 3 0 0 0 3
-1646.0851366237198 3 0 0 3 0 0 1 1
-1646.0851366237196 3 0 0 3 0 0 2 2
-192.84392990367468 3 0 0 3 0 0 3 0
-33.471566664637535 3 0 0 3 0 0 3 3
-221.52351482871563 3 0 0 3 0 3 0 0
-42.4056015030537 3 0 0 3 0 3 0 3
98.6301116933983 3 0 0 3 0 3 1 1
98.6301116933983 3 0 0 3 0 3 2 2
-42.853195656452016 3 0 0 3 0 3 3 0
1.4736872609958112 3 0 0 3 0 3 3 3
-229.95495345694948 3 0 0 3 3 0 0 0
-44.93788168534808 3 0 0 3 3 0 0 3
102.74663480410877 3 0 0 3 3 0 1 1
102.74663480410877 3 0 0 3 3 0 2 2
-45.26822050910902 3 0 0 3 3 0 3 0
1.5158916280313393 3 0 0 3 3 0 3 3
-53.25268749763309 3 0 0 3 3 3 0 0
2.0330556375836903 3 0 0 3 3 3 0 3
21.936112878630837 3 0 0 3 3 3 1 1
21.936112878630837 3 0 0 3 3 3 2 2
2.215169297535789 3 0 0 3 3 3 3 0
0.35912926753150476 3 0 0 3 3 3 3 3
60.28427493164339 3 0 1 1 0 0 0 0
0.517471864571436 3 0 1 1 0 0 0 3
0.0025896643487913445 3 0 1 1 0 0 1 1
0.0025896643487913515 3 0 1 1 0 0 2 2
-1479.3238092266954 3 0 1 1 0 0 3 0
44.44134404813906 3 0 1 1 0 0 3 3
12.63112354146658 3 0 1 1 0 3 0 0
-0.22808688985606287 3 0 1 1 0 3 0 3
0.0006496648476317481 3 0 1 1 0 3 1 1
0.0006496648476317481 3 0 1 1 0 3 2 2
98.6301116933983 3 0 1 1 0 3 3 0
10.511742660667132 3 0 1 1 0 3 3 3
12.982563544416282 3 0 1 1 3 0 0 0
-0.22996516938162676 3 0 1 1 3 0 0 3
0.0007558831428505638 3 0 1 1 3 0 1 1
0.0007558831428505655 3 0 1 1 3 0 2 2
102.74663480410875 3 0 1 1 3 0 3 0
10.653513454231126 3 0 1 1 3 0 3 3
-0.7920889636529547 3 0 1 1 3 3 0 0
-0.055518536641256916 3 0 1 1 3 3 0 3
22.81689191860353 3 0 1 1 3 3 3 0
-0.6518468769661767 3 0 1 1 3 3 3 3
52.041457241254356 3 0 1 2 0 0 1 2
-52.041457241254356 3 0 1 2 0 0 2 1
11.725217647874649 3 0 1 2 0 3 1 2
-11.725217647874649 3 0 1 2 0 3 2 1
12.744379521276048 3 0 1 2 3 0 1 2
-12.744379521276047 3 0 1 2 3 0 2 1
-0.5122429663336934 3 0 1 2 3 3 1 2
0.5122429663336934 3 0 1 2 3 3 2 1
-52.041457241254356 3 0 2 1 0 0 1 2
52.041457241254356 3 0 2 1 0 0 2 1
-11.72521764787465 3 0 2 1 0 3 1 2
11.725217647874649 3 0 2 1 0 3 2 1
-12.744379521276048 3 0 2 1 3 0 1 2
12.744379521276047 3 0 2 1 3 0 2 1
0.5122429663336935 3 0 2 1 3 3 1 2
-0.5122429663336935 3 0 2 1 3 3 2 1
60.28427493164339 3 0 2 2 0 0 0 0
0.5174718645714367 3 0 2 2 0 0 0 3
0.0025896643487913437 3 0 2 2 0 0 1 1
0.0025896643487913437 3 0 2 2 0 0 2 2
-1479.3238092266954 3 0 2 2 0 0 3 0
44.44134404813906 3 0 2 2 0 0 3 3
12.63112354146658 3 0 2 2 0 3 0 0
-0.22808688985606287 3 0 2 2 0 3 0 3
0.0006496648476317464 3 0 2 2 0 3 1 1
0.0006496648476317464 3 0 2 2 0 3 2 2
98.6301116933983 3 0 2 2 0 3 3 0
10.511742660667132 3 0 2 2 0 3 3 3
12.982563544416283 3 0 2 2 3 0 0 0
-0.22996516938162676 3 0 2 2 3 0 0 3
0.0007558831428505685 3 0 2 2 3 0 1 1
0.0007558831428505653 3 0 2 2 3 0 2 2
102.74663480410877 3 0 2 2 3 0 3 0
10.653513454231128 3 0 2 2 3 0 3 3
-0.7920889636529547 3 0 2 2 3 3 0 0
-0.055518536641256916 3 0 2 2 3 3 0 3
22.81689191860353 3 0 2 2 3 3 3 0
-0.6518468769661767 3 0 2 2 3 3 3 3
3740.501126252442 3 0 3 0 0 0 0 0
-193.39933055126096 3 0 3 0 0 0 0 3
1.1614449145596926 3 0 3 0 0 0 1 1
1.161444914559693 3 0 3 0 0 0 2 2
-217.7489703982675 3 0 3 0 0 0 3 0
-32.46068382838186 3 0 3 0 0 0 3 3
-258.01862878761955 3 0 3 0 0 3 0 0
-42.853195656452016 3 0 3 0 0 3 0 3
-0.2280868898560629 3 0 3 0 0 3 1 1
-0.2280868898560629 3 0 3 0 0 3 2 2
-44.39985012642431 3 0 3 0 0 3 3 0
1.54661085285344 3 0 3 0 0 3 3 3
-269.77213308439104 3 0 3 0 3 0 0 0
-45.26822050910902 3 0 3 0 3 0 0 3
-0.22996516938162676 3 0 3 0 3 0 1 1
-0.22996516938162676 3 0 3 0 3 0 2 2
-46.877768803597505 3 0 3 0 3 0 3 0
1.5906185551327796 3 0 3 0 3 0 3 3
-56.1929586167264 3 0 3 0 3 3 0 0
2.214526129648205 3 0 3 0 3 3 0 3
-0.05351062794160463 3 0 3 0 3 3 1 1
-0.05351062794160463 3 0 3 0 3 3 2 2
2.452161189066615 3 0 3 0 3 3 3 0
0.36197333943456855 3 0 3 0 3 3 3 3
-139.19973005468438 3 0 3 3 0 0 0 0
-32.51965260312205 3 0 3 3 0 0 0 3
61.689862565152666 3 0 3 3 0 0 1 1
61.689862565152666 3 0 3 3 0 0 2 2
-31.674495467223093 3 0 3 3 0 0 3 0
1.3406390923953457 3 0 3 3 0 0 3 3
-31.115562250226077 3 0 3 3 0 3 0 0
1.4736872609958112 3 0 3 3 0 3 0 3
12.63112354146658 3 0 3 3 0 3 1 1
12.63112354146658 3 0 3 3 0 3 2 2
1.5466108528534397 3 0 3 3 0 3 3 0
0.3158943749732541 3 0 3 3 0 3 3 3
-32.52308510469012 3 0 3 3 3 0 0 0
1.5158916280313395 3 0 3 3 3 0 0 3
12.982563544416282 3 0 3 3 3 0 1 1
12.982563544416282 3 0 3 3 3 0 2 2
1.5906185551327792 3 0 3 3 3 0 3 0
0.327251663330862 3 0 3 3 3 0 3 3
1.7164761942661237 3 0 3 3 3 3 0 0
0.3628733056078662 3 0 3 3 3 3 0 3
-0.7831996322761687 3 0 3 3 3 3 1 1
-0.7831996322761687 3 0 3 3 3 3 2 2
0.36523188837632364 3 0 3 3 3 3 3 0
0.003896228925431705 3 1 0 1 0 1 0 1
3.22967977601293 3 1 0 1 0 1 1 0
0.25117811137883594 3 1 0 1 0 1 1 3
0.000591790093185371 3 1 0 1 0 1 3 1
0.003896228925431705 3 1 0 1 0 2 0 2
3.22967977601293 3 1 0 1 0 2 2 0
0.2511781113788359 3 1 0 1 0 2 2 3
0.0005917900931853712 3 1 0 1 0 2 3 2
0.0010930623689824987 3 1 0 1 3 1 0 1
0.8804266127758132 3 1 0 1 3 1 1 0
-0.007304715982059805 3 1 0 1 3 1 1 3
0.0010930623689824996 3 1 0 1 3 2 0 2
0.8804266127758131 3 1 0 1 3 2 2 0
-0.007304715982059805 3 1 0 1 3 2 2 3
3.767919215891323 3 1 0 2 0 1 0 2
0.0011467470562921082 3 1 0 2 0 1 2 0
-7.56078819648589e-05 3 1 0 2 0 1 2 3
0.40698418749907367 3 1 0 2 0 1 3 2
-3.767919215891323 3 1 0 2 0 2 0 1
-0.0011467470562921073 3 1 0 2 0 2 1 0
7.56078819648589e-05 3 1 0 2 0 2 1 3
-0.4069841874990737 3 1 0 2 0 2 3 1
1.027626364361429 3 1 0 2 3 1 0 2
0.00035242719688793477 3 1 0 2 3 1 2 0
-0.014193030951612687 3 1 0 2 3 1 3 2
-1.0276263643614287 3 1 0 2 3 2 0 1
-0.00035242719688793477 3 1 0 2 3 2 1 0
0.014193030951612687 3 1 0 2 3 2 3 1
0.004073782782180207 3 1 1 0 0 1 1 0
0.0005765613281480143 3 1 1 0 0 1 1 3
-6.361139349854417e-05 3 1 1 0 0 1 3 1
0.004073782782180208 3 1 1 0 0 2 2 0
0.0005765613281480139 3 1 1 0 0 2 2 3
-6.361139349854417e-05 3 1 1 0 0 2 3 2
0.0011536561208192384 3 1 1 0 3 1 1 0
0.0011536561208192384 3 1 1 0 3 2 2 0
-7.885813345745368e-05 3 1 1 3 0 1 0 1
0.0005573702472414045 3 1 1 3 0 1 1 0
0.0011777170613198025 3 1 1 3 0 1 3 1
-7.885813345745361e-05 3 1 1 3 0 2 0 2
0.0005573702472414045 3 1 1 3 0 2 2 0
0.0011777170613198034 3 1 1 3 0 2 3 2
0.00035242719688793433 3 1 1 3 3 1 3 1
0.00035242719688793347 3 1 1 3 3 2 3 2
-0.007338844254904284 3 1 2 0 0 1 0 2
4.305078003378162 3 1 2 0 0 1 2 0
0.4572555609412999 3 1 2 0 0 1 2 3
0.2511661148903694 3 1 2 0 0 1 3 2
0.007338844254904284 3 1 2 0 0 2 0 1
-4.305078003378162 3 1 2 0 0 2 1 0
-0.4572555609412999 3 1 2 0 0 2 1 3
-0.2511661148903694 3 1 2 0 0 2 3 1
-0.0020079086996522763 3 1 2 0 3 1 0 2
1.1733285607878583 3 1 2 0 3 1 2 0
-0.013549863064027945 3 1 2 0 3 1 2 3
-0.007304715982059803 3 1 2 0 3 1 3 2
0.0020079086996522763 3 1 2 0 3 2 0 1
-1.1733285607878583 3 1 2 0 3 2 1 0
0.013549863064027945 3 1 2 0 3 2 1 3
0.007304715982059803 3 1 2 0 3 2 3 1
0.24364799960643402 3 1 2 3 0 1 0 2
0.4455086585185339 3 1 2 3 0 1 2 0
-0.013247987007715466 3 1 2 3 0 1 2 3
3.229648806007902 3 1 2 3 0 1 3 2
-0.243647999606434 3 1 2 3 0 2 0 1
-0.44550865851853394 3 1 2 3 0 2 1 0
0.013247987007715466 3 1 2 3 0 2 1 3
-3.229648806007902 3 1 2 3 0 2 3 1
-0.00888933137678594 3 1 2 3 3 1 0 2
-0.013549863064027941 3 1 2 3 3 1 2 0
-0.0037440380763614305 3 1 2 3 3 1 2 3
0.8804266127758132 3 1 2 3 3 1 3 2
0.00888933137678594 3 1 2 3 3 2 0 1
0.013549863064027941 3 1 2 3 3 2 1 0
0.0037440380763614305 3 1 2 3 3 2 1 3
-0.8804266127758132 3 1 2 3 3 2 3 1
0.0005690543065677724 3 1 3 1 0 1 0 1
0.24363479667735133 3 1 3 1 0 1 1 0
-0.007338844254904286 3 1 3 1 0 1 1 3
0.0005690543065677727 3 1 3 1 0 2 0 2
0.24363479667735133 3 1 3 1 0 2 2 0
-0.007338844254904286 3 1 3 1 0 2 2 3
-0.008889331376785941 3 1 3 1 3 1 1 0
-0.0020079086996522767 3 1 3 1 3 1 1 3
-0.008889331376785941 3 1 3 1 3 2 2 0
-0.0020079086996522767 3 1 3 1 3 2 2 3
0.39524082978201885 3 1 3 2 0 1 0 2
-6.565520437477071e-05 3 1 3 2 0 1 2 0
-0.013090669928185757 3 1 3 2 0 1 3 2
-0.3952408297820188 3 1 3 2 0 2 0 1
6.565520437477049e-05 3 1 3 2 0 2 1 0
0.013090669928185757 3 1 3 2 0 2 3 1
-0.014193030951612687 3 1 3 2 3 1 0 2
-0.0032585489417552038 3 1 3 2 3 1 3 2
0.014193030951612687 3 1 3 2 3 2 0 1
0.003258548941755204 3 1 3 2 3 2 3 1
-3.767919215891323 3 2 0 1 0 1 0 2
-0.0011467470562921073 3 2 0 1 0 1 2 0
7.560788196485889e-05 3 2 0 1 0 1 2 3
-0.40698418749907367 3 2 0 1 0 1 3 2
3.767919215891323 3 2 0 1 0 2 0 1
0.0011467470562921073 3 2 0 1 0 2 1 0
-7.560788196485892e-05 3 2 0 1 0 2 1 3
0.4069841874990736 3 2 0 1 0 2 3 1
-1.027626364361429 3 2 0 1 3 1 0 2
-0.0003524271968879339 3 2 0 1 3 1 2 0
0.014193030951612685 3 2 0 1 3 1 3 2
1.027626364361429 3 2 0 1 3 2 0 1
0.0003524271968879339 3 2 0 1 3 2 1 0
-0.014193030951612685 3 2 0 1 3 2 3 1
0.0038962289254317033 3 2 0 2 0 1 0 1
3.22967977601293 3 2 0 2 0 1 1 0
0.25117811137883594 3 2 0 2 0 1 1 3
0.0005917900931853709 3 2 0 2 0 1 3 1
0.003896228925431705 3 2 0 2 0 2 0 2
3.22967977601293 3 2 0 2 0 2 2 0
0.25117811137883594 3 2 0 2 0 2 2 3
0.0005917900931853708 3 2 0 2 0 2 3 2
0.001093062368982497 3 2 0 2 3 1 0 1
0.8804266127758132 3 2 0 2 3 1 1 0
-0.007304715982059805 3 2 0 2 3 1 1 3
0.0010930623689824979 3 2 0 2 3 2 0 2
0.8804266127758131 3 2 0 2 3 2 2 0
-0.007304715982059805 3 2 0 2 3 2 2 3
0.007338844254904284 3 2 1 0 0 1 0 2
-4.305078003378163 3 2 1 0 0 1 2 0
-0.4572555609412999 3 2 1 0 0 1 2 3
-0.25116611489036944 3 2 1 0 0 1 3 2
-0.007338844254904284 3 2 1 0 0 2 0 1
4.305078003378163 3 2 1 0 0 2 1 0
0.4572555609412999 3 2 1 0 0 2 1 3
0.25116611489036944 3 2 1 0 0 2 3 1
0.002007908699652276 3 2 1 0 3 1 0 2
-1.1733285607878583 3 2 1 0 3 1 2 0
0.013549863064027945 3 2 1 0 3 1 2 3
0.007304715982059803 3 2 1 0 3 1 3 2
-0.0020079086996522763 3 2 1 0 3 2 0 1
1.1733285607878583 3 2 1 0 3 2 1 0
-0.013549863064027945 3 2 1 0 3 2 1 3
-0.007304715982059803 3 2 1 0 3 2 3 1
-0.24364799960643405 3 2 1 3 0 1 0 2
-0.44550865851853394 3 2 1 3 0 1 2 0
0.013247987007715468 3 2 1 3 0 1 2 3
-3.229648806007902 3 2 1 3 0 1 3 2
0.243647999606434 3 2 1 3 0 2 0 1
0.44550865851853394 3 2 1 3 0 2 1 0
-0.013247987007715468 3 2 1 3 0 2 1 3
3.229648806007902 3 2 1 3 0 2 3 1
0.00888933137678594 3 2 1 3 3 1 0 2
0.013549863064027941 3 2 1 3 3 1 2 0
0.00374403807636143 3 2 1 3 3 1 2 3
-0.8804266127758132 3 2 1 3 3 1 3 2
-0.00888933137678594 3 2 1 3 3 2 0 1
-0.013549863064027941 3 2 1 3 3 2 1 0
-0.00374403807636143 3 2 1 3 3 2 1 3
0.8804266127758131 3 2 1 3 3 2 3 1
0.004073782782180207 3 2 2 0 0 1 1 0
0.000576561328148014 3 2 2 0 0 1 1 3
-6.361139349854423e-05 3 2 2 0 0 1 3 1
0.004073782782180207 3 2 2 0 0 2 2 0
0.000576561328148014 3 2 2 0 0 2 2 3
-6.361139349854423e-05 3 2 2 0 0 2 3 2
0.0011536561208192375 3 2 2 0 3 1 1 0
0.0011536561208192392 3 2 2 0 3 2 2 0
-7.885813345745361e-05 3 2 2 3 0 1 0 1
0.0005573702472414043 3 2 2 3 0 1 1 0
0.0011777170613198025 3 2 2 3 0 1 3 1
-7.88581334574536e-05 3 2 2 3 0 2 0 2
0.0005573702472414043 3 2 2 3 0 2 2 0
0.0011777170613198025 3 2 2 3 0 2 3 2
0.00035242719688793347 3 2 2 3 3 1 3 1
0.0003524271968879326 3 2 2 3 3 2 3 2
-0.3952408297820188 3 2 3 1 0 1 0 2
6.565520437477063e-05 3 2 3 1 0 1 2 0
0.013090669928185755 3 2 3 1 0 1 3 2
0.39524082978201885 3 2 3 1 0 2 0 1
-6.565520437477061e-05 3 2 3 1 0 2 1 0
-0.013090669928185755 3 2 3 1 0 2 3 1
0.014193030951612687 3 2 3 1 3 1 0 2
0.003258548941755204 3 2 3 1 3 1 3 2
-0.014193030951612687 3 2 3 1 3 2 0 1
-0.003258548941755204 3 2 3 1 3 2 3 1
0.0005690543065677724 3 2 3 2 0 1 0 1
0.24363479667735136 3 2 3 2 0 1 1 0
-0.007338844254904284 3 2 3 2 0 1 1 3
0.0005690543065677724 3 2 3 2 0 2 0 2
0.24363479667735136 3 2 3 2 0 2 2 0
-0.007338844254904284 3 2 3 2 0 2 2 3
-0.008889331376785941 3 2 3 2 3 1 1 0
-0.0020079086996522767 3 2 3 2 3 1 1 3
-0.008889331376785941 3 2 3 2 3 2 2 0
-0.0020079086996522767 3 2 3 2 3 2 2 3
5114.624490461626 3 3 0 0 0 0 0 0
-221.07658593972857 3 3 0 0 0 0 0 3
10.69189492744933 3 3 0 0 0 0 1 1
10.69189492744933 3 3 0 0 0 0 2 2
-256.4468962319222 3 3 0 0 0 0 3 0
-31.276693354177905 3 3 0 0 0 0 3 3
-353.1160891133579 3 3 0 0 0 3 0 0
-53.25268749763309 3 3 0 0 0 3 0 3
-0.6518468769661766 3 3 0 0 0 3 1 1
-0.6518468769661766 3 3 0 0 0 3 2 2
-56.19295861672641 3 3 0 0 0 3 3 0
1.7164761942661229 3 3 0 0 0 3 3 3
-353.11608911335793 3 3 0 0 3 0 0 0
-53.252687497633076 3 3 0 0 3 0 0 3
-0.6518468769661766 3 3 0 0 3 0 1 1
-0.6518468769661766 3 3 0 0 3 0 2 2
-56.19295861672639 3 3 0 0 3 0 3 0
1.716476194266124 3 3 0 0 3 0 3 3
-80.99483028011129 3 3 0 0 3 3 0 0
2.7811813568540833 3 3 0 0 3 3 0 3
-0.1609157415303167 3 3 0 0 3 3 1 1
-0.1609157415303167 3 3 0 0 3 3 2 2
3.1333025219810913 3 3 0 0 3 3 3 0
0.40944000043914297 3 3 0 0 3 3 3 3
-213.53295505009507 3 3 0 3 0 0 0 0
-41.1385302660494 3 3 0 3 0 0 0 3
99.80122159820328 3 3 0 3 0 0 1 1
99.80122159820327 3 3 0 3 0 0 2 2
-41.68330776004942 3 3 0 3 0 0 3 0
1.4658330644857631 3 3 0 3 0 0 3 3
-52.22396807090267 3 3 0 3 0 3 0 0
2.03305563758369 3 3 0 3 0 3 0 3
22.81689191860353 3 3 0 3 0 3 1 1
22.81689191860353 3 3 0 3 0 3 2 2
2.2145261296482035 3 3 0 3 0 3 3 0
0.36287330560786607 3 3 0 3 0 3 3 3
-52.223968070902664 3 3 0 3 3 0 0 0
2.03305563758369 3 3 0 3 3 0 0 3
22.816891918603524 3 3 0 3 3 0 1 1
22.816891918603524 3 3 0 3 3 0 2 2
2.2145261296482044 3 3 0 3 3 0 3 0
0.3628733056078662 3 3 0 3 3 0 3 3
2.7811813568540824 3 3 0 3 3 3 0 0
0.5147249139016834 3 3 0 3 3 3 0 3
-1.2121843416102303 3 3 0 3 3 3 1 1
-1.2121843416102303 3 3 0 3 3 3 2 2
0.5338303120898393 3 3 0 3 3 3 3 0
12.211695822724932 3 3 1 1 0 0 0 0
-0.2198089058383767 3 3 1 1 0 0 0 3
0.0006173523819247257 3 3 1 1 0 0 1 1
0.0006173523819247275 3 3 1 1 0 0 2 2
93.33956855206472 3 3 1 1 0 0 3 0
10.189689920455592 3 3 1 1 0 0 3 3
-0.7831996322761685 3 3 1 1 0 3 0 0
-0.05351062794160461 3 3 1 1 0 3 0 3
21.93611287863083 3 3 1 1 0 3 3 0
-0.6445421609841168 3 3 1 1 0 3 3 3
-0.7831996322761685 3 3 1 1 3 0 0 0
-0.053510627941604626 3 3 1 1 3 0 0 3
21.93611287863083 3 3 1 1 3 0 3 0
-0.6445421609841169 3 3 1 1 3 0 3 3
-0.18399596234716067 3 3 1 1 3 3 0 0
-1.2121843416102303 3 3 1 1 3 3 3 0
-0.16091574153031674 3 3 1 1 3 3 3 3
11.221149008674095 3 3 1 2 0 0 1 2
-11.221149008674097 3 3 1 2 0 0 2 1
-0.5122429663336934 3 3 1 2 0 3 1 2
0.5122429663336934 3 3 1 2 0 3 2 1
-0.5122429663336934 3 3 1 2 3 0 1 2
0.5122429663336934 3 3 1 2 3 0 2 1
-0.12439031165069644 3 3 1 2 3 3 1 2
0.12439031165069644 3 3 1 2 3 3 2 1
-11.221149008674095 3 3 2 1 0 0 1 2
11.221149008674095 3 3 2 1 0 0 2 1
0.5122429663336934 3 3 2 1 0 3 1 2
-0.5122429663336934 3 3 2 1 0 3 2 1
0.5122429663336935 3 3 2 1 3 0 1 2
-0.5122429663336935 3 3 2 1 3 0 2 1
0.12439031165069644 3 3 2 1 3 3 1 2
-0.12439031165069644 3 3 2 1 3 3 2 1
12.21169582272493 3 3 2 2 0 0 0 0
-0.2198089058383767 3 3 2 2 0 0 0 3
0.0006173523819247257 3 3 2 2 0 0 1 1
0.0006173523819247257 3 3 2 2 0 0 2 2
93.3395685520647 3 3 2 2 0 0 3 0
10.189689920455592 3 3 2 2 0 0 3 3
-0.7831996322761685 3 3 2 2 0 3 0 0
-0.05351062794160461 3 3 2 2 0 3 0 3
21.93611287863083 3 3 2 2 0 3 3 0
-0.6445421609841168 3 3 2 2 0 3 3 3
-0.7831996322761685 3 3 2 2 3 0 0 0
-0.053510627941604626 3 3 2 2 3 0 0 3
21.93611287863083 3 3 2 2 3 0 3 0
-0.6445421609841169 3 3 2 2 3 0 3 3
-0.18399596234716067 3 3 2 2 3 3 0 0
-1.2121843416102303 3 3 2 2 3 3 3 0
-0.16091574153031674 3 3 2 2 3 3 3 3
-247.82859265960175 3 3 3 0 0 0 0 0
-41.582795470695046 3 3 3 0 0 0 0 3
-0.23448659434818522 3 3 3 0 0 0 1 1
-0.23448659434818522 3 3 3 0 0 0 2 2
-43.15995925596838 3 3 3 0 0 0 3 0
1.5376976716419555 3 3 3 0 0 0 3 3
-55.01847639981771 3 3 3 0 0 3 0 0
2.215169297535789 3 3 3 0 0 3 0 3
-0.0555185366412569 3 3 3 0 0 3 1 1
-0.0555185366412569 3 3 3 0 0 3 2 2
2.452161189066614 3 3 3 0 0 3 3 0
0.3652318883763237 3 3 3 0 0 3 3 3
-55.01847639981771 3 3 3 0 3 0 0 0
2.215169297535789 3 3 3 0 3 0 0 3
-0.05551853664125691 3 3 3 0 3 0 1 1
-0.05551853664125691 3 3 3 0 3 0 2 2
2.452161189066614 3 3 3 0 3 0 3 0
0.3652318883763237 3 3 3 0 3 0 3 3
3.133302521981091 3 3 3 0 3 3 0 0
0.5338303120898394 3 3 3 0 3 3 0 3
0.5632221447260456 3 3 3 0 3 3 3 0
-29.56940934146185 3 3 3 3 0 0 0 0
1.439337090470332 3 3 3 3 0 0 0 3
12.698834105670874 3 3 3 3 0 0 1 1
12.698834105670874 3 3 3 3 0 0 2 2
1.5115163317855838 3 3 3 3 0 0 3 0
0.3102157307944502 3 3 3 3 0 0 3 3
1.6887333002504825 3 3 3 3 0 3 0 0
0.35912926753150487 3 3 3 3 0 3 0 3
-0.7920889636529543 3 3 3 3 0 3 1 1
-0.7920889636529543 3 3 3 3 0 3 2 2
0.36197333943456844 3 3 3 3 0 3 3 0
1.6887333002504827 3 3 3 3 3 0 0 0
0.3591292675315048 3 3 3 3 3 0 0 3
-0.7920889636529543 3 3 3 3 3 0 1 1
-0.7920889636529543 3 3 3 3 3 0 2 2
0.3619733394345685 3 3 3 3 3 0 3 0
0.40944000043914297 3 3 3 3 3 3 0 0
-0.18399596234716067 3 3 3 3 3 3 1 1
-0.18399596234716067 3 3 3 3 3 3 2 2
