-877156.9837255783 0 0 0 0 0 0 0 0
15144.078722280961 0 0 0 0 0 0 0 3
-122.25978311889091 0 0 0 0 0 0 1 1
-122.25978311889091 0 0 0 0 0 0 2 2
17127.91575821286 0 0 0 0 0 0 3 0
1504.2460384006376 0 0 0 0 0 0 3 3
24844.133176942207 0 0 0 0 0 3 0 0
3209.3320862234746 0 0 0 0 0 3 0 3
52.437437818351725 0 0 0 0 0 3 1 1
52.437437818351725 0 0 0 0 0 3 2 2
3373.015970260312 0 0 0 0 0 3 3 0
-94.14146693669682 0 0 0 0 0 3 3 3
24844.133176942203 0 0 0 0 3 0 0 0
3209.332086223475 0 0 0 0 3 0 0 3
52.437437818351725 0 0 0 0 3 0 1 1
52.437437818351725 0 0 0 0 3 0 2 2
3373.015970260312 0 0 0 0 3 0 3 0
-94.1414669366968 0 0 0 0 3 0 3 3
5139.894661330719 0 0 0 0 3 3 0 0
-199.75146674340613 0 0 0 0 3 3 0 3
11.42710489929977 0 0 0 0 3 3 1 1
11.427104899299772 0 0 0 0 3 3 2 2
-215.8458505574413 0 0 0 0 3 3 3 0
-19.31187203152061 0 0 0 0 3 3 3 3
15144.078722280972 0 0 0 3 0 0 0 0
3687.513367501485 0 0 0 3 0 0 0 3
-8660.316724958475 0 0 0 3 0 0 1 1
-8660.316724958477 0 0 0 3 0 0 2 2
3626.24817861334 0 0 0 3 0 0 3 0
-112.0046038087857 0 0 0 3 0 0 3 3
3389.3116317446206 0 0 0 3 0 3 0 0
-158.0038568010408 0 0 0 3 0 3 0 3
-1848.7268231931523 0 0 0 3 0 3 1 1
-1848.7268231931525 0 0 0 3 0 3 2 2
-165.13492302000097 0 0 0 3 0 3 3 0
-23.845779070062076 0 0 0 3 0 3 3 3
3389.31163174462 0 0 0 3 3 0 0 0
-158.00385680104077 0 0 0 3 3 0 0 3
-1848.7268231931525 0 0 0 3 3 0 1 1
-1848.7268231931523 0 0 0 3 3 0 2 2
-165.13492302000097 0 0 0 3 3 0 3 0
-23.845779070062076 0 0 0 3 3 0 3 3
-206.66424246505545 0 0 0 3 3 3 0 0
-34.24381936325168 0 0 0 3 3 3 0 3
114.6170943907422 0 0 0 3 3 3 1 1
114.6170943907422 0 0 0 3 3 3 2 2
-35.046168575473914 0 0 0 3 3 3 3 0
1.023933238412603 0 0 0 3 3 3 3 3
-375.73148999564637 0 0 1 1 0 0 0 0
-9.35475017990865 0 0 1 1 0 0 0 3
-0.025342843524503306 0 0 1 1 0 0 1 1
-0.025342843524503306 0 0 1 1 0 0 2 2
-8660.31672495847 0 0 1 1 0 0 3 0
-122.25978311889098 0 0 1 1 0 0 3 3
63.13544903475403 0 0 1 1 0 3 0 0
-2.133306542152841 0 0 1 1 0 3 0 3
0.00028039020011604715 0 0 1 1 0 3 1 1
0.00028039020011604715 0 0 1 1 0 3 2 2
-2033.6986251627195 0 0 1 1 0 3 3 0
53.40212227066444 0 0 1 1 0 3 3 3
63.13544903475404 0 0 1 1 3 0 0 0
-2.133306542152842 0 0 1 1 3 0 0 3
0.00028039020011604715 0 0 1 1 3 0 1 1
0.00028039020011604715 0 0 1 1 3 0 2 2
-2033.698625162719 0 0 1 1 3 0 3 0
53.402122270664435 0 0 1 1 3 0 3 3
13.529306813985611 0 0 1 1 3 3 0 0
-0.10427935235311893 0 0 1 1 3 3 0 3
6.900234193446195e-05 0 0 1 1 3 3 1 1
6.900234193446195e-05 0 0 1 1 3 3 2 2
121.72269524473786 0 0 1 1 3 3 3 0
11.850251026266456 0 0 1 1 3 3 3 3
-2121.9767973691783 0 0 1 2 0 0 1 2
2121.976797369178 0 0 1 2 0 0 2 1
69.84838748910309 0 0 1 2 0 3 1 2
-69.84838748910309 0 0 1 2 0 3 2 1
69.84838748910309 0 0 1 2 3 0 1 2
-69.84838748910309 0 0 1 2 3 0 2 1
15.301228419726703 0 0 1 2 3 3 1 2
-15.301228419726703 0 0 1 2 3 3 2 1
2121.9767973691783 0 0 2 1 0 0 1 2
-2121.976797369178 0 0 2 1 0 0 2 1
-69.84838748910309 0 0 2 1 0 3 1 2
69.84838748910309 0 0 2 1 0 3 2 1
-69.84838748910309 0 0 2 1 3 0 1 2
69.84838748910309 0 0 2 1 3 0 2 1
-15.301228419726705 0 0 2 1 3 3 1 2
15.301228419726705 0 0 2 1 3 3 2 1
-375.73148999564637 0 0 2 2 0 0 0 0
-9.354750179908649 0 0 2 2 0 0 0 3
-0.02534284352450286 0 0 2 2 0 0 1 1
-0.025342843524503306 0 0 2 2 0 0 2 2
-8660.31672495847 0 0 2 2 0 0 3 0
-122.25978311889095 0 0 2 2 0 0 3 3
63.13544903475404 0 0 2 2 0 3 0 0
-2.1333065421528405 0 0 2 2 0 3 0 3
0.00028039020011604715 0 0 2 2 0 3 1 1
0.00028039020011604715 0 0 2 2 0 3 2 2
-2033.698625162719 0 0 2 2 0 3 3 0
53.40212227066444 0 0 2 2 0 3 3 3
63.13544903475403 0 0 2 2 3 0 0 0
-2.1333065421528414 0 0 2 2 3 0 0 3
0.00028039020011604715 0 0 2 2 3 0 1 1
0.00028039020011604715 0 0 2 2 3 0 2 2
-2033.698625162719 0 0 2 2 3 0 3 0
53.40212227066444 0 0 2 2 3 0 3 3
13.529306813985613 0 0 2 2 3 3 0 0
-0.1042793523531189 0 0 2 2 3 3 0 3
6.900234193446195e-05 0 0 2 2 3 3 1 1
6.900234193446195e-05 0 0 2 2 3 3 2 2
121.72269524473788 0 0 2 2 3 3 3 0
11.850251026266458 0 0 2 2 3 3 3 3
17127.915758212857 0 0 3 0 0 0 0 0
3626.2481786133403 0 0 3 0 0 0 0 3
-9.354750179908647 0 0 3 0 0 0 1 1
-9.354750179908647 0 0 3 0 0 0 2 2
3609.0749325334064 0 0 3 0 0 0 3 0
-110.51729588984762 0 0 3 0 0 0 3 3
3568.952620645691 0 0 3 0 0 3 0 0
-165.04981148226867 0 0 3 0 0 3 0 3
-2.8730201811994687 0 0 3 0 0 3 1 1
-2.873020181199469 0 0 3 0 0 3 2 2
-173.69902084092087 0 0 3 0 0 3 3 0
-23.174810229336916 0 0 3 0 0 3 3 3
3568.952620645691 0 0 3 0 3 0 0 0
-165.04981148226867 0 0 3 0 3 0 0 3
-2.8730201811994687 0 0 3 0 3 0 1 1
-2.873020181199469 0 0 3 0 3 0 2 2
-173.69902084092084 0 0 3 0 3 0 3 0
-23.174810229336916 0 0 3 0 3 0 3 3
-223.37284570358167 0 0 3 0 3 3 0 0
-35.078157585798024 0 0 3 0 3 3 0 3
-0.08752805407958177 0 0 3 0 3 3 1 1
-0.08752805407958177 0 0 3 0 3 3 2 2
-36.12538140714351 0 0 3 0 3 3 3 0
1.0307115804794862 0 0 3 0 3 3 3 3
1504.2460384006376 0 0 3 3 0 0 0 0
-112.00460380878572 0 0 3 3 0 0 0 3
-375.7314899956461 0 0 3 3 0 0 1 1
-375.7314899956461 0 0 3 3 0 0 2 2
-110.51729588984763 0 0 3 3 0 0 3 0
-30.31389716320273 0 0 3 3 0 0 3 3
-96.34593180696646 0 0 3 3 0 3 0 0
-24.652051948709758 0 0 3 3 0 3 0 3
61.99764412476009 0 0 3 3 0 3 1 1
61.99764412476009 0 0 3 3 0 3 2 2
-23.881293276236097 0 0 3 3 0 3 3 0
0.9967302243038753 0 0 3 3 0 3 3 3
-96.34593180696645 0 0 3 3 3 0 0 0
-24.652051948709758 0 0 3 3 3 0 0 3
61.99764412476009 0 0 3 3 3 0 1 1
61.99764412476009 0 0 3 3 3 0 2 2
-23.881293276236097 0 0 3 3 3 0 3 0
0.9967302243038753 0 0 3 3 3 0 3 3
-20.21144130563451 0 0 3 3 3 3 0 0
1.042313045155051 0 0 3 3 3 3 0 3
13.101629913630754 0 0 3 3 3 3 1 1
13.101629913630754 0 0 3 3 3 3 2 2
1.0474640064971392 0 0 3 3 3 3 3 0
0.22706880602718743 0 0 3 3 3 3 3 3
-0.25960485991260324 0 1 0 1 0 1 0 1
-184.72180103845196 0 1 0 1 0 1 1 0
0.9640911106220785 0 1 0 1 0 1 1 3
0.0008939254331120756 0 1 0 1 0 1 3 1
-0.25960485991260324 0 1 0 1 0 2 0 2
-184.72180103845196 0 1 0 1 0 2 2 0
0.9640911106220785 0 1 0 1 0 2 2 3
0.0008939254331120756 0 1 0 1 0 2 3 2
0.0025215104673413013 0 1 0 1 3 1 0 1
3.550406874997008 0 1 0 1 3 1 1 0
0.21143954588930977 0 1 0 1 3 1 1 3
0.00018318914370886317 0 1 0 1 3 1 3 1
0.0025215104673413013 0 1 0 1 3 2 0 2
3.550406874997008 0 1 0 1 3 2 2 0
0.21143954588930977 0 1 0 1 3 2 2 3
0.00018318914370886317 0 1 0 1 3 2 3 2
-179.7199406612321 0 1 0 2 0 1 0 2
-0.25000093111515526 0 1 0 2 0 1 2 0
0.0005933416906678704 0 1 0 2 0 1 2 3
1.143894278567857 0 1 0 2 0 1 3 2
179.7199406612321 0 1 0 2 0 2 0 1
0.2500009311151552 0 1 0 2 0 2 1 0
-0.0005933416906678704 0 1 0 2 0 2 1 3
-1.1438942785678572 0 1 0 2 0 2 3 1
3.4538663503572447 0 1 0 2 3 1 0 2
0.002393552000863882 0 1 0 2 3 1 2 0
0.00013351759403662744 0 1 0 2 3 1 2 3
0.21631637179862243 0 1 0 2 3 1 3 2
-3.4538663503572447 0 1 0 2 3 2 0 1
-0.002393552000863882 0 1 0 2 3 2 1 0
-0.00013351759403662744 0 1 0 2 3 2 1 3
-0.2163163717986224 0 1 0 2 3 2 3 1
0.0004919340134730843 0 1 1 0 0 1 0 1
-0.2825080830547221 0 1 1 0 0 1 1 0
0.0008611842478728495 0 1 1 0 0 1 1 3
0.0005933416906678721 0 1 1 0 0 1 3 1
0.0004919340134730847 0 1 1 0 0 2 0 2
-0.2825080830547222 0 1 1 0 0 2 2 0
0.0008611842478728495 0 1 1 0 0 2 2 3
0.0005933416906678721 0 1 1 0 0 2 3 2
0.002747147004533026 0 1 1 0 3 1 1 0
0.00019402699675774126 0 1 1 0 3 1 1 3
0.0001327587998186233 0 1 1 0 3 1 3 1
0.002747147004533026 0 1 1 0 3 2 2 0
0.00019402699675774126 0 1 1 0 3 2 2 3
0.0001327587998186233 0 1 1 0 3 2 3 2
0.0006799306082408709 0 1 1 3 0 1 0 1
0.0008611842478728506 0 1 1 3 0 1 1 0
0.0005904100812241761 0 1 1 3 0 1 1 3
-0.25000093111515526 0 1 1 3 0 1 3 1
0.0006799306082408718 0 1 1 3 0 2 0 2
0.0008611842478728497 0 1 1 3 0 2 2 0
0.0005904100812241761 0 1 1 3 0 2 2 3
-0.25000093111515514 0 1 1 3 0 2 3 2
0.00013461182476809776 0 1 1 3 3 1 0 1
0.00019516141581447325 0 1 1 3 3 1 1 0
0.0023854089987059035 0 1 1 3 3 1 3 1
0.00013461182476809798 0 1 1 3 3 2 0 2
0.00019516141581447325 0 1 1 3 3 2 2 0
0.0023854089987059026 0 1 1 3 3 2 3 2
0.7392217050331537 0 1 2 0 0 1 0 2
-195.65414230232307 0 1 2 0 0 1 2 0
1.058815482020788 0 1 2 0 0 1 2 3
0.9640911106220801 0 1 2 0 0 1 3 2
-0.7392217050331537 0 1 2 0 0 2 0 1
195.65414230232304 0 1 2 0 0 2 1 0
-1.0588154820207882 0 1 2 0 0 2 1 3
-0.9640911106220801 0 1 2 0 0 2 3 1
-0.008375649136768592 0 1 2 0 3 1 0 2
3.760750426065646 0 1 2 0 3 1 2 0
0.23230003910762387 0 1 2 0 3 1 2 3
0.2114403046835277 0 1 2 0 3 1 3 2
0.008375649136768592 0 1 2 0 3 2 0 1
-3.760750426065646 0 1 2 0 3 2 1 0
-0.23230003910762387 0 1 2 0 3 2 1 3
-0.2114403046835277 0 1 2 0 3 2 3 1
1.1371249793856941 0 1 2 3 0 1 0 2
1.0588154820207893 0 1 2 3 0 1 2 0
0.8056824685664685 0 1 2 3 0 1 2 3
-184.72180103845196 0 1 2 3 0 1 3 2
-1.1371249793856943 0 1 2 3 0 2 0 1
-1.0588154820207891 0 1 2 3 0 2 1 0
-0.8056824685664684 0 1 2 3 0 2 1 3
184.72180103845196 0 1 2 3 0 2 3 1
0.21370383835265871 0 1 2 3 3 1 0 2
0.23308991469880166 0 1 2 3 3 1 2 0
-0.009189903371224146 0 1 2 3 3 1 2 3
3.550415017999166 0 1 2 3 3 1 3 2
-0.21370383835265871 0 1 2 3 3 2 0 1
-0.23308991469880166 0 1 2 3 3 2 1 0
0.009189903371224146 0 1 2 3 3 2 1 3
-3.550415017999166 0 1 2 3 3 2 3 1
0.000893925433112074 0 1 3 1 0 1 0 1
1.137124979385694 0 1 3 1 0 1 1 0
0.7392217050331537 0 1 3 1 0 1 1 3
0.0005286642442716628 0 1 3 1 0 1 3 1
0.000893925433112074 0 1 3 1 0 2 0 2
1.137124979385694 0 1 3 1 0 2 2 0
0.7392217050331538 0 1 3 1 0 2 2 3
0.000528664244271663 0 1 3 1 0 2 3 2
0.00018541177822567598 0 1 3 1 3 1 0 1
0.21370525031166096 0 1 3 1 3 1 1 0
-0.008375649136768588 0 1 3 1 3 1 1 3
0.0001854117782256762 0 1 3 1 3 2 0 2
0.21370525031166093 0 1 3 1 3 2 2 0
-0.008375649136768588 0 1 3 1 3 2 2 3
1.1438942785678565 0 1 3 2 0 1 0 2
0.0006799306082408697 0 1 3 2 0 1 2 0
0.000491934013473085 0 1 3 2 0 1 2 3
0.7059543826549194 0 1 3 2 0 1 3 2
-1.1438942785678563 0 1 3 2 0 2 0 1
-0.0006799306082408697 0 1 3 2 0 2 1 0
-0.0004919340134730842 0 1 3 2 0 2 1 3
-0.7059543826549194 0 1 3 2 0 2 3 1
0.21710515917434015 0 1 3 2 3 1 0 2
0.00013319986576593515 0 1 3 2 3 1 2 0
-0.008376213008826471 0 1 3 2 3 1 3 2
-0.21710515917434015 0 1 3 2 3 2 0 1
-0.00013319986576593515 0 1 3 2 3 2 1 0
0.008376213008826471 0 1 3 2 3 2 3 1
179.7199406612321 0 2 0 1 0 1 0 2
0.25000093111515526 0 2 0 1 0 1 2 0
-0.0005933416906678708 0 2 0 1 0 1 2 3
-1.143894278567857 0 2 0 1 0 1 3 2
-179.7199406612321 0 2 0 1 0 2 0 1
-0.2500009311151552 0 2 0 1 0 2 1 0
0.0005933416906678708 0 2 0 1 0 2 1 3
1.1438942785678572 0 2 0 1 0 2 3 1
-3.4538663503572447 0 2 0 1 3 1 0 2
-0.002393552000863884 0 2 0 1 3 1 2 0
-0.00013351759403662744 0 2 0 1 3 1 2 3
-0.2163163717986224 0 2 0 1 3 1 3 2
3.4538663503572447 0 2 0 1 3 2 0 1
0.002393552000863884 0 2 0 1 3 2 1 0
0.00013351759403662744 0 2 0 1 3 2 1 3
0.21631637179862237 0 2 0 1 3 2 3 1
-0.2596048599126032 0 2 0 2 0 1 0 1
-184.72180103845199 0 2 0 2 0 1 1 0
0.9640911106220788 0 2 0 2 0 1 1 3
0.0008939254331120756 0 2 0 2 0 1 3 1
-0.25960485991260324 0 2 0 2 0 2 0 2
-184.72180103845199 0 2 0 2 0 2 2 0
0.9640911106220788 0 2 0 2 0 2 2 3
0.0008939254331120756 0 2 0 2 0 2 3 2
0.0025215104673413013 0 2 0 2 3 1 0 1
3.550406874997008 0 2 0 2 3 1 1 0
0.21143954588930977 0 2 0 2 3 1 1 3
0.00018318914370886317 0 2 0 2 3 1 3 1
0.0025215104673413013 0 2 0 2 3 2 0 2
3.550406874997008 0 2 0 2 3 2 2 0
0.21143954588930977 0 2 0 2 3 2 2 3
0.00018318914370886317 0 2 0 2 3 2 3 2
-0.7392217050331538 0 2 1 0 0 1 0 2
195.65414230232304 0 2 1 0 0 1 2 0
-1.058815482020788 0 2 1 0 0 1 2 3
-0.9640911106220801 0 2 1 0 0 1 3 2
0.7392217050331538 0 2 1 0 0 2 0 1
-195.654142302323 0 2 1 0 0 2 1 0
1.058815482020788 0 2 1 0 0 2 1 3
0.9640911106220803 0 2 1 0 0 2 3 1
0.008375649136768592 0 2 1 0 3 1 0 2
-3.7607504260656466 0 2 1 0 3 1 2 0
-0.23230003910762387 0 2 1 0 3 1 2 3
-0.2114403046835277 0 2 1 0 3 1 3 2
-0.008375649136768592 0 2 1 0 3 2 0 1
3.7607504260656466 0 2 1 0 3 2 1 0
0.23230003910762384 0 2 1 0 3 2 1 3
0.21144030468352776 0 2 1 0 3 2 3 1
-1.137124979385694 0 2 1 3 0 1 0 2
-1.0588154820207893 0 2 1 3 0 1 2 0
-0.8056824685664685 0 2 1 3 0 1 2 3
184.72180103845196 0 2 1 3 0 1 3 2
1.1371249793856941 0 2 1 3 0 2 0 1
1.0588154820207893 0 2 1 3 0 2 1 0
0.8056824685664685 0 2 1 3 0 2 1 3
-184.72180103845199 0 2 1 3 0 2 3 1
-0.2137038383526587 0 2 1 3 3 1 0 2
-0.23308991469880166 0 2 1 3 3 1 2 0
0.009189903371224148 0 2 1 3 3 1 2 3
-3.550415017999166 0 2 1 3 3 1 3 2
0.21370383835265874 0 2 1 3 3 2 0 1
0.23308991469880166 0 2 1 3 3 2 1 0
-0.009189903371224148 0 2 1 3 3 2 1 3
3.550415017999166 0 2 1 3 3 2 3 1
0.0004919340134730843 0 2 2 0 0 1 0 1
-0.28250808305472214 0 2 2 0 0 1 1 0
0.0008611842478728495 0 2 2 0 0 1 1 3
0.000593341690667873 0 2 2 0 0 1 3 1
0.0004919340134730843 0 2 2 0 0 2 0 2
-0.2825080830547222 0 2 2 0 0 2 2 0
0.0008611842478728495 0 2 2 0 0 2 2 3
0.000593341690667873 0 2 2 0 0 2 3 2
0.002747147004533027 0 2 2 0 3 1 1 0
0.00019402699675774126 0 2 2 0 3 1 1 3
0.00013275879981862308 0 2 2 0 3 1 3 1
0.002747147004533027 0 2 2 0 3 2 2 0
0.00019402699675774126 0 2 2 0 3 2 2 3
0.0001327587998186233 0 2 2 0 3 2 3 2
0.0006799306082408709 0 2 2 3 0 1 0 1
0.0008611842478728497 0 2 2 3 0 1 1 0
0.0005904100812241757 0 2 2 3 0 1 1 3
-0.25000093111515514 0 2 2 3 0 1 3 1
0.0006799306082408709 0 2 2 3 0 2 0 2
0.0008611842478728497 0 2 2 3 0 2 2 0
0.0005904100812241757 0 2 2 3 0 2 2 3
-0.25000093111515526 0 2 2 3 0 2 3 2
0.00013461182476809798 0 2 2 3 3 1 0 1
0.00019516141581447325 0 2 2 3 3 1 1 0
0.0023854089987059026 0 2 2 3 3 1 3 1
0.00013461182476809798 0 2 2 3 3 2 0 2
0.00019516141581447325 0 2 2 3 3 2 2 0
0.0023854089987059026 0 2 2 3 3 2 3 2
-1.1438942785678565 0 2 3 1 0 1 0 2
-0.0006799306082408706 0 2 3 1 0 1 2 0
-0.0004919340134730846 0 2 3 1 0 1 2 3
-0.7059543826549194 0 2 3 1 0 1 3 2
1.1438942785678565 0 2 3 1 0 2 0 1
0.0006799306082408706 0 2 3 1 0 2 1 0
0.0004919340134730846 0 2 3 1 0 2 1 3
0.7059543826549194 0 2 3 1 0 2 3 1
-0.21710515917434015 0 2 3 1 3 1 0 2
-0.00013319986576593515 0 2 3 1 3 1 2 0
0.008376213008826471 0 2 3 1 3 1 3 2
0.21710515917434015 0 2 3 1 3 2 0 1
0.00013319986576593515 0 2 3 1 3 2 1 0
-0.008376213008826471 0 2 3 1 3 2 3 1
0.000893925433112074 0 2 3 2 0 1 0 1
1.137124979385694 0 2 3 2 0 1 1 0
0.7392217050331537 0 2 3 2 0 1 1 3
0.0005286642442716632 0 2 3 2 0 1 3 1
0.000893925433112074 0 2 3 2 0 2 0 2
1.1371249793856937 0 2 3 2 0 2 2 0
0.7392217050331538 0 2 3 2 0 2 2 3
0.0005286642442716632 0 2 3 2 0 2 3 2
0.0001854117782256762 0 2 3 2 3 1 0 1
0.21370525031166093 0 2 3 2 3 1 1 0
-0.008375649136768588 0 2 3 2 3 1 1 3
0.0001854117782256762 0 2 3 2 3 2 0 2
0.21370525031166096 0 2 3 2 3 2 2 0
-0.008375649136768588 0 2 3 2 3 2 2 3
24844.1331769422 0 3 0 0 0 0 0 0
3389.3116317446206 0 3 0 0 0 0 0 3
53.402122270664464 0 3 0 0 0 0 1 1
53.402122270664464 0 3 0 0 0 0 2 2
3568.952620645689 0 3 0 0 0 0 3 0
-96.34593180696646 0 3 0 0 0 0 3 3
6257.495111444248 0 3 0 0 0 3 0 0
-216.31560427532617 0 3 0 0 0 3 0 3
11.880121629134477 0 3 0 0 0 3 1 1
11.880121629134477 0 3 0 0 0 3 2 2
-234.41051682909597 0 3 0 0 0 3 3 0
-21.124960911987188 0 3 0 0 0 3 3 3
5512.7754695353515 0 3 0 0 3 0 0 0
-207.57915609850446 0 3 0 0 3 0 0 3
11.719207818814144 0 3 0 0 3 0 1 1
11.719207818814143 0 3 0 0 3 0 2 2
-224.5453751229859 0 3 0 0 3 0 3 0
-20.215785784827812 0 3 0 0 3 0 3 3
-351.2817533186671 0 3 0 0 3 3 0 0
-46.82582292649519 0 3 0 0 3 3 0 3
-0.7366756158552095 0 3 0 0 3 3 1 1
-0.7366756158552095 0 3 0 0 3 3 2 2
-49.391027259503915 0 3 0 0 3 3 3 0
1.1236348892008872 0 3 0 0 3 3 3 3
3209.332086223475 0 3 0 3 0 0 0 0
-158.00385680104083 0 3 0 3 0 0 0 3
-2033.6986251627197 0 3 0 3 0 0 1 1
-2033.69862516272 0 3 0 3 0 0 2 2
-165.04981148226875 0 3 0 3 0 0 3 0
-24.652051948709758 0 3 0 3 0 0 3 3
-216.31560427532622 0 3 0 3 0 3 0 0
-37.55113692785705 0 3 0 3 0 3 0 3
125.65067872354179 0 3 0 3 0 3 1 1
125.6506787235418 0 3 0 3 0 3 2 2
-38.334312592293806 0 3 0 3 0 3 3 0
1.0819853784874411 0 3 0 3 0 3 3 3
-207.57915609850446 0 3 0 3 3 0 0 0
-35.34678904019223 0 3 0 3 3 0 0 3
120.66465480055243 0 3 0 3 3 0 1 1
120.66465480055243 0 3 0 3 3 0 2 2
-36.15393234915408 0 3 0 3 3 0 3 0
1.049410554018365 0 3 0 3 3 0 3 3
-47.77585771276102 0 3 0 3 3 3 0 0
1.7552434202133642 0 3 0 3 3 3 0 3
27.275422899425614 0 3 0 3 3 3 1 1
27.27542289942561 0 3 0 3 3 3 2 2
1.8427755190496264 0 3 0 3 3 3 3 0
0.24805670325846207 0 3 0 3 3 3 3 3
61.9976441247601 0 3 1 1 0 0 0 0
-2.8730201811994682 0 3 1 1 0 0 0 3
0.00028039020011603577 0 3 1 1 0 0 1 1
0.00028039020011603555 0 3 1 1 0 0 2 2
-1848.726823193153 0 3 1 1 0 0 3 0
52.43743781835171 0 3 1 1 0 0 3 3
13.784593785188159 0 3 1 1 0 3 0 0
-0.09271328234618659 0 3 1 1 0 3 0 3
8.287858806818788e-05 0 3 1 1 0 3 1 1
8.287858806818614e-05 0 3 1 1 0 3 2 2
125.6506787235418 0 3 1 1 0 3 3 0
11.880121629134477 0 3 1 1 0 3 3 3
13.471927975376548 0 3 1 1 3 0 0 0
-0.09484022959296243 0 3 1 1 3 0 0 3
7.251281496563865e-05 0 3 1 1 3 0 1 1
7.251281496563865e-05 0 3 1 1 3 0 2 2
120.66465480055243 0 3 1 1 3 0 3 0
11.719207818814146 0 3 1 1 3 0 3 3
-0.8345204757313698 0 3 1 1 3 3 0 0
-0.02159441733936917 0 3 1 1 3 3 0 3
28.251874001635915 0 3 1 1 3 3 3 0
-0.7436073948147728 0 3 1 1 3 3 3 3
69.84838748910308 0 3 1 2 0 0 1 2
-69.84838748910308 0 3 1 2 0 0 2 1
17.20926880171855 0 3 1 2 0 3 1 2
-17.209268801718547 0 3 1 2 0 3 2 1
15.937283041501063 0 3 1 2 3 0 1 2
-15.937283041501063 0 3 1 2 3 0 2 1
-0.711578619114549 0 3 1 2 3 3 1 2
0.711578619114549 0 3 1 2 3 3 2 1
-69.84838748910306 0 3 2 1 0 0 1 2
69.84838748910306 0 3 2 1 0 0 2 1
-17.209268801718547 0 3 2 1 0 3 1 2
17.209268801718547 0 3 2 1 0 3 2 1
-15.937283041501065 0 3 2 1 3 0 1 2
15.937283041501065 0 3 2 1 3 0 2 1
0.711578619114549 0 3 2 1 3 3 1 2
-0.711578619114549 0 3 2 1 3 3 2 1
61.9976441247601 0 3 2 2 0 0 0 0
-2.8730201811994687 0 3 2 2 0 0 0 3
0.00028039020011602883 0 3 2 2 0 0 1 1
0.0002803902001160286 0 3 2 2 0 0 2 2
-1848.7268231931528 0 3 2 2 0 0 3 0
52.43743781835171 0 3 2 2 0 0 3 3
13.784593785188159 0 3 2 2 0 3 0 0
-0.09271328234618656 0 3 2 2 0 3 0 3
8.287858806818767e-05 0 3 2 2 0 3 1 1
8.287858806818246e-05 0 3 2 2 0 3 2 2
125.6506787235418 0 3 2 2 0 3 3 0
11.880121629134477 0 3 2 2 0 3 3 3
13.471927975376548 0 3 2 2 3 0 0 0
-0.09484022959296243 0 3 2 2 3 0 0 3
7.251281496563865e-05 0 3 2 2 3 0 1 1
7.251281496563865e-05 0 3 2 2 3 0 2 2
120.66465480055243 0 3 2 2 3 0 3 0
11.719207818814146 0 3 2 2 3 0 3 3
-0.8345204757313698 0 3 2 2 3 3 0 0
-0.02159441733936917 0 3 2 2 3 3 0 3
28.251874001635915 0 3 2 2 3 3 3 0
-0.7436073948147728 0 3 2 2 3 3 3 3
3373.01597026031 0 3 3 0 0 0 0 0
-165.13492302000097 0 3 3 0 0 0 0 3
-2.133306542152843 0 3 3 0 0 0 1 1
-2.133306542152843 0 3 3 0 0 0 2 2
-173.69902084092084 0 3 3 0 0 0 3 0
-23.881293276236104 0 3 3 0 0 0 3 3
-234.41051682909594 0 3 3 0 0 3 0 0
-38.33431259229379 0 3 3 0 0 3 0 3
-0.0927132823461866 0 3 3 0 0 3 1 1
-0.0927132823461866 0 3 3 0 0 3 2 2
-39.404753508214114 0 3 3 0 0 3 3 0
1.0874140940249755 0 3 3 0 0 3 3 3
-224.5453751229859 0 3 3 0 3 0 0 0
-36.153932349154076 0 3 3 0 3 0 0 3
-0.09484022959296244 0 3 3 0 3 0 1 1
-0.09484022959296244 0 3 3 0 3 0 2 2
-37.21903634918403 0 3 3 0 3 0 3 0
1.0551965603338667 0 3 3 0 3 0 3 3
-50.4253154800245 0 3 3 0 3 3 0 0
1.8428378115702593 0 3 3 0 3 3 0 3
-0.019307823838278317 0 3 3 0 3 3 1 1
-0.019307823838278317 0 3 3 0 3 3 2 2
1.9435372315661046 0 3 3 0 3 3 3 0
0.24701446848602102 0 3 3 0 3 3 3 3
-94.14146693669679 0 3 3 3 0 0 0 0
-23.84577907006207 0 3 3 3 0 0 0 3
63.135449034754025 0 3 3 3 0 0 1 1
63.135449034754025 0 3 3 3 0 0 2 2
-23.17481022933692 0 3 3 3 0 0 3 0
0.996730224303875 0 3 3 3 0 0 3 3
-21.12496091198719 0 3 3 3 0 3 0 0
1.0819853784874414 0 3 3 3 0 3 0 3
13.784593785188157 0 3 3 3 0 3 1 1
13.784593785188157 0 3 3 3 0 3 2 2
1.0874140940249755 0 3 3 3 0 3 3 0
0.24125140581115695 0 3 3 3 0 3 3 3
-20.215785784827812 0 3 3 3 3 0 0 0
1.0494105540183651 0 3 3 3 3 0 0 3
13.471927975376547 0 3 3 3 3 0 1 1
13.471927975376545 0 3 3 3 3 0 2 2
1.0551965603338667 0 3 3 3 3 0 3 0
0.2317963392885106 0 3 3 3 3 0 3 3
1.1388212031899 0 3 3 3 3 3 0 0
0.25058898398344526 0 3 3 3 3 3 0 3
-0.8270384131573936 0 3 3 3 3 3 1 1
-0.8270384131573936 0 3 3 3 3 3 2 2
0.24926410346947175 0 3 3 3 3 3 3 0
-0.2596048599126032 1 0 0 1 1 0 0 1
-184.72180103845196 1 0 0 1 1 0 1 0
0.9640911106220785 1 0 0 1 1 0 1 3
0.0008939254331120743 1 0 0 1 1 0 3 1
0.0025215104673413005 1 0 0 1 1 3 0 1
3.550406874997008 1 0 0 1 1 3 1 0
0.2114395458893098 1 0 0 1 1 3 1 3
0.00018318914370886317 1 0 0 1 1 3 3 1
-0.2596048599126031 1 0 0 1 2 0 0 2
-184.72180103845196 1 0 0 1 2 0 2 0
0.9640911106220785 1 0 0 1 2 0 2 3
0.0008939254331120743 1 0 0 1 2 0 3 2
0.0025215104673413005 1 0 0 1 2 3 0 2
3.550406874997008 1 0 0 1 2 3 2 0
0.2114395458893098 1 0 0 1 2 3 2 3
0.00018318914370886317 1 0 0 1 2 3 3 2
-179.7199406612321 1 0 0 2 1 0 0 2
-0.2500009311151552 1 0 0 2 1 0 2 0
0.0005933416906678695 1 0 0 2 1 0 2 3
1.143894278567857 1 0 0 2 1 0 3 2
3.4538663503572447 1 0 0 2 1 3 0 2
0.002393552000863882 1 0 0 2 1 3 2 0
0.00013351759403662766 1 0 0 2 1 3 2 3
0.2163163717986224 1 0 0 2 1 3 3 2
179.7199406612321 1 0 0 2 2 0 0 1
0.25000093111515526 1 0 0 2 2 0 1 0
-0.0005933416906678691 1 0 0 2 2 0 1 3
-1.1438942785678572 1 0 0 2 2 0 3 1
-3.4538663503572447 1 0 0 2 2 3 0 1
-0.0023935520008638803 1 0 0 2 2 3 1 0
-0.00013351759403662744 1 0 0 2 2 3 1 3
-0.21631637179862237 1 0 0 2 2 3 3 1
0.0004919340134730845 1 0 1 0 1 0 0 1
-0.282508083054722 1 0 1 0 1 0 1 0
0.0008611842478728486 1 0 1 0 1 0 1 3
0.0005933416906678713 1 0 1 0 1 0 3 1
0.002747147004533026 1 0 1 0 1 3 1 0
0.00019402699675774126 1 0 1 0 1 3 1 3
0.00013275879981862308 1 0 1 0 1 3 3 1
0.0004919340134730845 1 0 1 0 2 0 0 2
-0.282508083054722 1 0 1 0 2 0 2 0
0.0008611842478728478 1 0 1 0 2 0 2 3
0.0005933416906678713 1 0 1 0 2 0 3 2
0.0027471470045330243 1 0 1 0 2 3 2 0
0.00019402699675774126 1 0 1 0 2 3 2 3
0.00013275879981862308 1 0 1 0 2 3 3 2
0.0006799306082408696 1 0 1 3 1 0 0 1
0.0008611842478728493 1 0 1 3 1 0 1 0
0.0005904100812241766 1 0 1 3 1 0 1 3
-0.2500009311151552 1 0 1 3 1 0 3 1
0.00013461182476809776 1 0 1 3 1 3 0 1
0.00019516141581447325 1 0 1 3 1 3 1 0
0.0023854089987059026 1 0 1 3 1 3 3 1
0.00067993060824087 1 0 1 3 2 0 0 2
0.0008611842478728493 1 0 1 3 2 0 2 0
0.0005904100812241761 1 0 1 3 2 0 2 3
-0.25000093111515514 1 0 1 3 2 0 3 2
0.00013461182476809776 1 0 1 3 2 3 0 2
0.00019516141581447325 1 0 1 3 2 3 2 0
0.0023854089987059017 1 0 1 3 2 3 3 2
0.7392217050331537 1 0 2 0 1 0 0 2
-195.65414230232307 1 0 2 0 1 0 2 0
1.058815482020788 1 0 2 0 1 0 2 3
0.9640911106220801 1 0 2 0 1 0 3 2
-0.008375649136768592 1 0 2 0 1 3 0 2
3.760750426065647 1 0 2 0 1 3 2 0
0.23230003910762387 1 0 2 0 1 3 2 3
0.21144030468352773 1 0 2 0 1 3 3 2
-0.7392217050331537 1 0 2 0 2 0 0 1
195.65414230232304 1 0 2 0 2 0 1 0
-1.058815482020788 1 0 2 0 2 0 1 3
-0.9640911106220801 1 0 2 0 2 0 3 1
0.008375649136768592 1 0 2 0 2 3 0 1
-3.760750426065647 1 0 2 0 2 3 1 0
-0.23230003910762387 1 0 2 0 2 3 1 3
-0.21144030468352773 1 0 2 0 2 3 3 1
1.1371249793856941 1 0 2 3 1 0 0 2
1.0588154820207893 1 0 2 3 1 0 2 0
0.8056824685664684 1 0 2 3 1 0 2 3
-184.72180103845196 1 0 2 3 1 0 3 2
0.21370383835265877 1 0 2 3 1 3 0 2
0.2330899146988017 1 0 2 3 1 3 2 0
-0.009189903371224146 1 0 2 3 1 3 2 3
3.550415017999166 1 0 2 3 1 3 3 2
-1.1371249793856943 1 0 2 3 2 0 0 1
-1.0588154820207893 1 0 2 3 2 0 1 0
-0.8056824685664685 1 0 2 3 2 0 1 3
184.72180103845196 1 0 2 3 2 0 3 1
-0.21370383835265877 1 0 2 3 2 3 0 1
-0.2330899146988017 1 0 2 3 2 3 1 0
0.009189903371224146 1 0 2 3 2 3 1 3
-3.550415017999166 1 0 2 3 2 3 3 1
0.0008939254331120736 1 0 3 1 1 0 0 1
1.137124979385694 1 0 3 1 1 0 1 0
0.7392217050331537 1 0 3 1 1 0 1 3
0.000528664244271663 1 0 3 1 1 0 3 1
0.00018541177822567608 1 0 3 1 1 3 0 1
0.21370525031166096 1 0 3 1 1 3 1 0
-0.008375649136768588 1 0 3 1 1 3 1 3
0.0008939254331120736 1 0 3 1 2 0 0 2
1.137124979385694 1 0 3 1 2 0 2 0
0.7392217050331537 1 0 3 1 2 0 2 3
0.000528664244271663 1 0 3 1 2 0 3 2
0.00018541177822567608 1 0 3 1 2 3 0 2
0.21370525031166093 1 0 3 1 2 3 2 0
-0.008375649136768588 1 0 3 1 2 3 2 3
1.1438942785678565 1 0 3 2 1 0 0 2
0.0006799306082408693 1 0 3 2 1 0 2 0
0.000491934013473085 1 0 3 2 1 0 2 3
0.7059543826549193 1 0 3 2 1 0 3 2
0.21710515917434015 1 0 3 2 1 3 0 2
0.00013319986576593501 1 0 3 2 1 3 2 0
-0.008376213008826471 1 0 3 2 1 3 3 2
-1.1438942785678563 1 0 3 2 2 0 0 1
-0.0006799306082408684 1 0 3 2 2 0 1 0
-0.0004919340134730846 1 0 3 2 2 0 1 3
-0.7059543826549193 1 0 3 2 2 0 3 1
-0.21710515917434015 1 0 3 2 2 3 0 1
-0.00013319986576593523 1 0 3 2 2 3 1 0
0.008376213008826471 1 0 3 2 2 3 3 1
-0.5209872501904667 1 1 0 0 1 1 0 0
0.0030774058628823178 1 1 0 0 1 1 0 3
-7.370966507984778e-05 1 1 0 0 1 1 1 1
-7.219207664383809e-05 1 1 0 0 1 1 2 2
0.0034561394193558144 1 1 0 0 1 1 3 0
0.00033256268078729937 1 1 0 0 1 1 3 3
-7.587942180048113e-07 1 1 0 0 1 2 1 2
-7.587942180047686e-07 1 1 0 0 1 2 2 1
-7.587942180047686e-07 1 1 0 0 2 1 1 2
-7.587942180048099e-07 1 1 0 0 2 1 2 1
-0.5209872501904667 1 1 0 0 2 2 0 0
0.0030774058628823178 1 1 0 0 2 2 0 3
-7.219207664383809e-05 1 1 0 0 2 2 1 1
-7.370966507984778e-05 1 1 0 0 2 2 2 2
0.0034561394193558144 1 1 0 0 2 2 3 0
0.00033256268078729937 1 1 0 0 2 2 3 3
0.0030774058628823186 1 1 0 3 1 1 0 0
0.0007957331081256294 1 1 0 3 1 1 0 3
-0.001756164319928524 1 1 0 3 1 1 1 1
-0.0017398783156125659 1 1 0 3 1 1 2 2
0.0007881369379972145 1 1 0 3 1 1 3 0
-8.143002157978826e-06 1 1 0 3 1 2 1 2
-8.143002157978867e-06 1 1 0 3 1 2 2 1
-8.143002157978867e-06 1 1 0 3 2 1 1 2
-8.143002157978826e-06 1 1 0 3 2 1 2 1
0.0030774058628823186 1 1 0 3 2 2 0 0
0.0007957331081256294 1 1 0 3 2 2 0 3
-0.0017398783156125659 1 1 0 3 2 2 1 1
-0.001756164319928524 1 1 0 3 2 2 2 2
0.0007881369379972149 1 1 0 3 2 2 3 0
-0.0001281186215624547 1 1 1 1 1 1 0 0
-1.2226533383085327e-08 1 1 1 1 1 1 2 2
-0.0017398783156125659 1 1 1 1 1 1 3 0
-7.219207664383787e-05 1 1 1 1 1 1 3 3
6.113266691446573e-09 1 1 1 1 1 2 1 2
6.113266691452988e-09 1 1 1 1 1 2 2 1
6.113266691452988e-09 1 1 1 1 2 1 1 2
6.113266691446573e-09 1 1 1 1 2 1 2 1
-0.0001281186215624546 1 1 1 1 2 2 0 0
-1.2226533383085327e-08 1 1 1 1 2 2 1 1
-0.0017398783156125659 1 1 1 1 2 2 3 0
-7.219207664383776e-05 1 1 1 1 2 2 3 3
-0.0004578430953233796 1 1 1 2 1 1 1 2
0.00045556203067653245 1 1 1 2 1 1 2 1
1.1405323234234597e-06 1 1 1 2 1 2 1 1
-1.1405323234234895e-06 1 1 1 2 1 2 2 2
1.1405323234234902e-06 1 1 1 2 2 1 1 1
-1.1405323234234597e-06 1 1 1 2 2 1 2 2
-0.00045556203067653245 1 1 1 2 2 2 1 2
0.0004578430953233796 1 1 1 2 2 2 2 1
0.00045556203067653245 1 1 2 1 1 1 1 2
-0.00046001952624354114 1 1 2 1 1 1 2 1
2.228747783504469e-06 1 1 2 1 1 2 1 1
-2.2287477835045044e-06 1 1 2 1 1 2 2 2
2.2287477835045057e-06 1 1 2 1 2 1 1 1
-2.2287477835044705e-06 1 1 2 1 2 1 2 2
0.00046001952624354114 1 1 2 1 2 2 1 2
-0.00045556203067653267 1 1 2 1 2 2 2 1
-0.00012529470355812828 1 1 2 2 1 1 0 0
-1.2226533383085263e-08 1 1 2 2 1 1 1 1
-0.0015753059133221984 1 1 2 2 1 1 2 2
-0.001756164319928524 1 1 2 2 1 1 3 0
-7.370966507984757e-05 1 1 2 2 1 1 3 3
0.0007876468433944073 1 1 2 2 1 2 1 2
0.0007876468433944074 1 1 2 2 1 2 2 1
0.0007876468433944074 1 1 2 2 2 1 1 2
0.0007876468433944073 1 1 2 2 2 1 2 1
-0.0001252947035581284 1 1 2 2 2 2 0 0
-0.0015753059133221984 1 1 2 2 2 2 1 1
-1.2226533383088133e-08 1 1 2 2 2 2 2 2
-0.001756164319928524 1 1 2 2 2 2 3 0
-7.370966507984757e-05 1 1 2 2 2 2 3 3
0.0034561394193558144 1 1 3 0 1 1 0 0
0.0007881369379972145 1 1 3 0 1 1 0 3
0.000796362525494858 1 1 3 0 1 1 3 0
0.0034561394193558144 1 1 3 0 2 2 0 0
0.0007881369379972145 1 1 3 0 2 2 0 3
0.000796362525494858 1 1 3 0 2 2 3 0
0.0003325626807872998 1 1 3 3 1 1 0 0
-0.0001252947035581284 1 1 3 3 1 1 1 1
-0.0001281186215624548 1 1 3 3 1 1 2 2
1.4119590021630997e-06 1 1 3 3 1 2 1 2
1.4119590021630796e-06 1 1 3 3 1 2 2 1
1.4119590021630796e-06 1 1 3 3 2 1 1 2
1.411959002163099e-06 1 1 3 3 2 1 2 1
0.0003325626807872998 1 1 3 3 2 2 0 0
-0.0001281186215624547 1 1 3 3 2 2 1 1
-0.0001252947035581285 1 1 3 3 2 2 2 2
-372.3598209544439 1 2 0 0 1 2 0 0
4.368224088410784 1 2 0 0 1 2 0 3
-0.08045690516016764 1 2 0 0 1 2 1 1
-0.08045690516016762 1 2 0 0 1 2 2 2
4.932570853054993 1 2 0 0 1 2 3 0
0.45458756357968977 1 2 0 0 1 2 3 3
372.3598209544439 1 2 0 0 2 1 0 0
-4.368224088410783 1 2 0 0 2 1 0 3
0.08045690516016762 1 2 0 0 2 1 1 1
0.08045690516016762 1 2 0 0 2 1 2 2
-4.932570853054994 1 2 0 0 2 1 3 0
-0.45458756357968977 1 2 0 0 2 1 3 3
4.368224088410786 1 2 0 3 1 2 0 0
1.1021739438324145 1 2 0 3 1 2 0 3
-2.4930119614946453 1 2 0 3 1 2 1 1
-2.4930119614946453 1 2 0 3 1 2 2 2
1.090190121569863 1 2 0 3 1 2 3 0
-0.016287412234537932 1 2 0 3 1 2 3 3
-4.368224088410786 1 2 0 3 2 1 0 0
-1.1021739438324145 1 2 0 3 2 1 0 3
2.4930119614946458 1 2 0 3 2 1 1 1
2.4930119614946453 1 2 0 3 2 1 2 2
-1.090190121569863 1 2 0 3 2 1 3 0
0.016287412234537932 1 2 0 3 2 1 3 3
1.1405323234234762e-06 1 2 1 1 1 1 1 2
2.2287477835045146e-06 1 2 1 1 1 1 2 1
-0.15633290490580326 1 2 1 1 1 2 0 0
-0.001063473623387907 1 2 1 1 1 2 0 3
-6.8675266047339755e-06 1 2 1 1 1 2 1 1
-3.498246497805766e-06 1 2 1 1 1 2 2 2
-2.4930119614946453 1 2 1 1 1 2 3 0
-0.08045690516016765 1 2 1 1 1 2 3 3
0.15633290490580326 1 2 1 1 2 1 0 0
0.001063473623387907 1 2 1 1 2 1 0 3
3.4982464978057645e-06 1 2 1 1 2 1 1 1
6.8675266047339755e-06 1 2 1 1 2 1 2 2
2.4930119614946453 1 2 1 1 2 1 3 0
0.08045690516016762 1 2 1 1 2 1 3 3
-2.2287477835044807e-06 1 2 1 1 2 2 1 2
-1.1405323234235086e-06 1 2 1 1 2 2 2 1
-1.4119590021630728e-06 1 2 1 2 1 1 0 0
6.113266691458258e-09 1 2 1 2 1 1 1 1
0.0007876468433944073 1 2 1 2 1 1 2 2
8.143002157978823e-06 1 2 1 2 1 1 3 0
7.587942180048343e-07 1 2 1 2 1 1 3 3
-0.6363867004738025 1 2 1 2 1 2 1 2
0.6355990597436749 1 2 1 2 1 2 2 1
0.6355990597436749 1 2 1 2 2 1 1 2
-0.6363867004738026 1 2 1 2 2 1 2 1
-1.4119590021630745e-06 1 2 1 2 2 2 0 0
0.0007876468433944056 1 2 1 2 2 2 1 1
6.113266691459702e-09 1 2 1 2 2 2 2 2
8.143002157978823e-06 1 2 1 2 2 2 3 0
7.587942180048343e-07 1 2 1 2 2 2 3 3
-1.4119590021630743e-06 1 2 2 1 1 1 0 0
6.11326669148155e-09 1 2 2 1 1 1 1 1
0.0007876468433944057 1 2 2 1 1 1 2 2
8.143002157978821e-06 1 2 2 1 1 1 3 0
7.587942180048361e-07 1 2 2 1 1 1 3 3
0.6355990597436749 1 2 2 1 1 2 1 2
-0.6363867004738026 1 2 2 1 1 2 2 1
-0.6363867004738026 1 2 2 1 2 1 1 2
0.635599059743675 1 2 2 1 2 1 2 1
-1.4119590021630726e-06 1 2 2 1 2 2 0 0
0.0007876468433944054 1 2 2 1 2 2 1 1
6.1132666914359945e-09 1 2 2 1 2 2 2 2
8.143002157978821e-06 1 2 2 1 2 2 3 0
7.587942180048395e-07 1 2 2 1 2 2 3 3
-1.1405323234235086e-06 1 2 2 2 1 1 1 2
-2.228747783504479e-06 1 2 2 2 1 1 2 1
-0.15633290490580326 1 2 2 2 1 2 0 0
-0.0010634736233879074 1 2 2 2 1 2 0 3
-3.498246497805762e-06 1 2 2 2 1 2 1 1
-6.867526604734026e-06 1 2 2 2 1 2 2 2
-2.4930119614946458 1 2 2 2 1 2 3 0
-0.08045690516016764 1 2 2 2 1 2 3 3
0.1563329049058033 1 2 2 2 2 1 0 0
0.0010634736233879074 1 2 2 2 2 1 0 3
6.867526604733972e-06 1 2 2 2 2 1 1 1
3.4982464978057645e-06 1 2 2 2 2 1 2 2
2.4930119614946458 1 2 2 2 2 1 3 0
0.08045690516016764 1 2 2 2 2 1 3 3
2.2287477835044587e-06 1 2 2 2 2 2 1 2
1.140532323423473e-06 1 2 2 2 2 2 2 1
4.93257085305499 1 2 3 0 1 2 0 0
1.0901901215698633 1 2 3 0 1 2 0 3
-0.0010634736233879067 1 2 3 0 1 2 1 1
-0.0010634736233879063 1 2 3 0 1 2 2 2
1.0928585795150383 1 2 3 0 1 2 3 0
-0.01610876684555422 1 2 3 0 1 2 3 3
-4.93257085305499 1 2 3 0 2 1 0 0
-1.090190121569863 1 2 3 0 2 1 0 3
0.0010634736233879063 1 2 3 0 2 1 1 1
0.0010634736233879067 1 2 3 0 2 1 2 2
-1.0928585795150383 1 2 3 0 2 1 3 0
0.01610876684555422 1 2 3 0 2 1 3 3
0.45458756357968977 1 2 3 3 1 2 0 0
-0.016287412234537932 1 2 3 3 1 2 0 3
-0.15633290490580323 1 2 3 3 1 2 1 1
-0.15633290490580326 1 2 3 3 1 2 2 2
-0.016108766845554227 1 2 3 3 1 2 3 0
-0.0047275332613231635 1 2 3 3 1 2 3 3
-0.45458756357968977 1 2 3 3 2 1 0 0
0.016287412234537932 1 2 3 3 2 1 0 3
0.15633290490580326 1 2 3 3 2 1 1 1
0.15633290490580323 1 2 3 3 2 1 2 2
0.016108766845554227 1 2 3 3 2 1 3 0
0.0047275332613231635 1 2 3 3 2 1 3 3
0.0025215104673412996 1 3 0 1 1 0 0 1
3.5504150179991654 1 3 0 1 1 0 1 0
0.21144030468352779 1 3 0 1 1 0 1 3
0.00018541177822567598 1 3 0 1 1 0 3 1
0.0007267216181720949 1 3 0 1 1 3 0 1
0.9757599169591652 1 3 0 1 1 3 1 0
-0.006931778959563373 1 3 0 1 1 3 1 3
0.0025215104673412996 1 3 0 1 2 0 0 2
3.550415017999166 1 3 0 1 2 0 2 0
0.21144030468352779 1 3 0 1 2 0 2 3
0.00018541177822567598 1 3 0 1 2 0 3 2
0.0007267216181720945 1 3 0 1 2 3 0 2
0.9757599169591652 1 3 0 1 2 3 2 0
-0.006931778959563373 1 3 0 1 2 3 2 3
3.453866350357245 1 3 0 2 1 0 0 2
0.002385408998705902 1 3 0 2 1 0 2 0
0.00013275879981862308 1 3 0 2 1 0 2 3
0.2171051591743401 1 3 0 2 1 0 3 2
0.9493080646476665 1 3 0 2 1 3 0 2
0.0006911852511600127 1 3 0 2 1 3 2 0
-0.007562010734190008 1 3 0 2 1 3 3 2
-3.453866350357245 1 3 0 2 2 0 0 1
-0.002385408998705902 1 3 0 2 2 0 1 0
-0.00013275879981862308 1 3 0 2 2 0 1 3
-0.2171051591743401 1 3 0 2 2 0 3 1
-0.9493080646476665 1 3 0 2 2 3 0 1
-0.0006911852511600136 1 3 0 2 2 3 1 0
0.007562010734190008 1 3 0 2 2 3 3 1
0.002747147004533025 1 3 1 0 1 0 1 0
0.00019516141581447314 1 3 1 0 1 0 1 3
0.00013351759403662766 1 3 1 0 1 0 3 1
0.000790290719989822 1 3 1 0 1 3 1 0
0.002747147004533025 1 3 1 0 2 0 2 0
0.00019516141581447314 1 3 1 0 2 0 2 3
0.00013351759403662766 1 3 1 0 2 0 3 2
0.0007902907199898216 1 3 1 0 2 3 2 0
0.00013319986576593515 1 3 1 3 1 0 0 1
0.00019402699675774126 1 3 1 3 1 0 1 0
0.002393552000863881 1 3 1 3 1 0 3 1
0.0006911852511600125 1 3 1 3 1 3 3 1
0.00013319986576593515 1 3 1 3 2 0 0 2
0.00019402699675774126 1 3 1 3 2 0 2 0
0.0023935520008638803 1 3 1 3 2 0 3 2
0.0006911852511600133 1 3 1 3 2 3 3 2
-0.008375649136768588 1 3 2 0 1 0 0 2
3.760750426065647 1 3 2 0 1 0 2 0
0.23308991469880175 1 3 2 0 1 0 2 3
0.21143954588930974 1 3 2 0 1 0 3 2
-0.002286593501090857 1 3 2 0 1 3 0 2
1.0334979298006155 1 3 2 0 1 3 2 0
-0.007624303254823101 1 3 2 0 1 3 2 3
-0.006931778959563376 1 3 2 0 1 3 3 2
0.008375649136768588 1 3 2 0 2 0 0 1
-3.760750426065647 1 3 2 0 2 0 1 0
-0.23308991469880175 1 3 2 0 2 0 1 3
-0.21143954588930977 1 3 2 0 2 0 3 1
0.0022865935010908576 1 3 2 0 2 3 0 1
-1.0334979298006157 1 3 2 0 2 3 1 0
0.007624303254823101 1 3 2 0 2 3 1 3
0.006931778959563376 1 3 2 0 2 3 3 1
0.21370525031166088 1 3 2 3 1 0 0 2
0.2323000391076238 1 3 2 3 1 0 2 0
-0.009189903371224143 1 3 2 3 1 0 2 3
3.550406874997008 1 3 2 3 1 0 3 2
-0.0074820625739760935 1 3 2 3 1 3 0 2
-0.007624303254823103 1 3 2 3 1 3 2 0
-0.002532280724983155 1 3 2 3 1 3 2 3
0.9757599169591652 1 3 2 3 1 3 3 2
-0.21370525031166088 1 3 2 3 2 0 0 1
-0.2323000391076238 1 3 2 3 2 0 1 0
0.009189903371224143 1 3 2 3 2 0 1 3
-3.5504068749970075 1 3 2 3 2 0 3 1
0.0074820625739760935 1 3 2 3 2 3 0 1
0.007624303254823103 1 3 2 3 2 3 1 0
0.002532280724983155 1 3 2 3 2 3 1 3
-0.9757599169591653 1 3 2 3 2 3 3 1
0.0001831891437088631 1 3 3 1 1 0 0 1
0.2137038383526586 1 3 3 1 1 0 1 0
-0.008375649136768588 1 3 3 1 1 0 1 3
-0.007482062573976092 1 3 3 1 1 3 1 0
-0.002286593501090858 1 3 3 1 1 3 1 3
0.00018318914370886333 1 3 3 1 2 0 0 2
0.21370383835265863 1 3 3 1 2 0 2 0
-0.008375649136768588 1 3 3 1 2 0 2 3
-0.007482062573976092 1 3 3 1 2 3 2 0
-0.002286593501090858 1 3 3 1 2 3 2 3
0.21631637179862231 1 3 3 2 1 0 0 2
0.00013461182476809809 1 3 3 2 1 0 2 0
-0.008376213008826471 1 3 3 2 1 0 3 2
-0.007562010734190006 1 3 3 2 1 3 0 2
-0.002249634983450773 1 3 3 2 1 3 3 2
-0.21631637179862231 1 3 3 2 2 0 0 1
-0.00013461182476809787 1 3 3 2 2 0 1 0
0.008376213008826471 1 3 3 2 2 0 3 1
0.007562010734190006 1 3 3 2 2 3 0 1
0.002249634983450773 1 3 3 2 2 3 3 1
179.7199406612321 2 0 0 1 1 0 0 2
0.2500009311151552 2 0 0 1 1 0 2 0
-0.0005933416906678695 2 0 0 1 1 0 2 3
-1.143894278567857 2 0 0 1 1 0 3 2
-3.4538663503572447 2 0 0 1 1 3 0 2
-0.0023935520008638816 2 0 0 1 1 3 2 0
-0.00013351759403662766 2 0 0 1 1 3 2 3
-0.21631637179862237 2 0 0 1 1 3 3 2
-179.7199406612321 2 0 0 1 2 0 0 1
-0.2500009311151552 2 0 0 1 2 0 1 0
0.0005933416906678695 2 0 0 1 2 0 1 3
1.1438942785678572 2 0 0 1 2 0 3 1
3.4538663503572447 2 0 0 1 2 3 0 1
0.0023935520008638816 2 0 0 1 2 3 1 0
0.00013351759403662766 2 0 0 1 2 3 1 3
0.21631637179862234 2 0 0 1 2 3 3 1
-0.2596048599126031 2 0 0 2 1 0 0 1
-184.72180103845199 2 0 0 2 1 0 1 0
0.9640911106220789 2 0 0 2 1 0 1 3
0.0008939254331120743 2 0 0 2 1 0 3 1
0.0025215104673413005 2 0 0 2 1 3 0 1
3.550406874997008 2 0 0 2 1 3 1 0
0.2114395458893098 2 0 0 2 1 3 1 3
0.00018318914370886317 2 0 0 2 1 3 3 1
-0.2596048599126032 2 0 0 2 2 0 0 2
-184.72180103845199 2 0 0 2 2 0 2 0
0.9640911106220786 2 0 0 2 2 0 2 3
0.0008939254331120743 2 0 0 2 2 0 3 2
0.0025215104673412996 2 0 0 2 2 3 0 2
3.550406874997008 2 0 0 2 2 3 2 0
0.2114395458893098 2 0 0 2 2 3 2 3
0.00018318914370886317 2 0 0 2 2 3 3 2
-0.7392217050331538 2 0 1 0 1 0 0 2
195.65414230232304 2 0 1 0 1 0 2 0
-1.058815482020788 2 0 1 0 1 0 2 3
-0.9640911106220801 2 0 1 0 1 0 3 2
0.008375649136768592 2 0 1 0 1 3 0 2
-3.7607504260656466 2 0 1 0 1 3 2 0
-0.23230003910762387 2 0 1 0 1 3 2 3
-0.21144030468352773 2 0 1 0 1 3 3 2
0.7392217050331538 2 0 1 0 2 0 0 1
-195.654142302323 2 0 1 0 2 0 1 0
1.0588154820207878 2 0 1 0 2 0 1 3
0.9640911106220803 2 0 1 0 2 0 3 1
-0.008375649136768592 2 0 1 0 2 3 0 1
3.7607504260656466 2 0 1 0 2 3 1 0
0.23230003910762384 2 0 1 0 2 3 1 3
0.21144030468352776 2 0 1 0 2 3 3 1
-1.137124979385694 2 0 1 3 1 0 0 2
-1.0588154820207893 2 0 1 3 1 0 2 0
-0.8056824685664685 2 0 1 3 1 0 2 3
184.72180103845196 2 0 1 3 1 0 3 2
-0.21370383835265874 2 0 1 3 1 3 0 2
-0.23308991469880166 2 0 1 3 1 3 2 0
0.009189903371224148 2 0 1 3 1 3 2 3
-3.550415017999166 2 0 1 3 1 3 3 2
1.1371249793856941 2 0 1 3 2 0 0 1
1.0588154820207891 2 0 1 3 2 0 1 0
0.8056824685664685 2 0 1 3 2 0 1 3
-184.72180103845199 2 0 1 3 2 0 3 1
0.2137038383526588 2 0 1 3 2 3 0 1
0.23308991469880166 2 0 1 3 2 3 1 0
-0.009189903371224148 2 0 1 3 2 3 1 3
3.550415017999166 2 0 1 3 2 3 3 1
0.0004919340134730845 2 0 2 0 1 0 0 1
-0.2825080830547221 2 0 2 0 1 0 1 0
0.0008611842478728486 2 0 2 0 1 0 1 3
0.0005933416906678713 2 0 2 0 1 0 3 1
0.002747147004533025 2 0 2 0 1 3 1 0
0.00019402699675774126 2 0 2 0 1 3 1 3
0.00013275879981862308 2 0 2 0 1 3 3 1
0.0004919340134730845 2 0 2 0 2 0 0 2
-0.2825080830547221 2 0 2 0 2 0 2 0
0.0008611842478728478 2 0 2 0 2 0 2 3
0.0005933416906678713 2 0 2 0 2 0 3 2
0.002747147004533025 2 0 2 0 2 3 2 0
0.00019402699675774126 2 0 2 0 2 3 2 3
0.00013275879981862308 2 0 2 0 2 3 3 2
0.0006799306082408696 2 0 2 3 1 0 0 1
0.0008611842478728493 2 0 2 3 1 0 1 0
0.0005904100812241757 2 0 2 3 1 0 1 3
-0.25000093111515514 2 0 2 3 1 0 3 1
0.00013461182476809776 2 0 2 3 1 3 0 1
0.00019516141581447325 2 0 2 3 1 3 1 0
0.0023854089987059017 2 0 2 3 1 3 3 1
0.00067993060824087 2 0 2 3 2 0 0 2
0.0008611842478728493 2 0 2 3 2 0 2 0
0.0005904100812241757 2 0 2 3 2 0 2 3
-0.2500009311151552 2 0 2 3 2 0 3 2
0.00013461182476809776 2 0 2 3 2 3 0 2
0.00019516141581447325 2 0 2 3 2 3 2 0
0.0023854089987059017 2 0 2 3 2 3 3 2
-1.1438942785678565 2 0 3 1 1 0 0 2
-0.0006799306082408693 2 0 3 1 1 0 2 0
-0.000491934013473085 2 0 3 1 1 0 2 3
-0.7059543826549193 2 0 3 1 1 0 3 2
-0.21710515917434015 2 0 3 1 1 3 0 2
-0.00013319986576593523 2 0 3 1 1 3 2 0
0.008376213008826471 2 0 3 1 1 3 3 2
1.1438942785678565 2 0 3 1 2 0 0 1
0.0006799306082408693 2 0 3 1 2 0 1 0
0.000491934013473085 2 0 3 1 2 0 1 3
0.7059543826549193 2 0 3 1 2 0 3 1
0.21710515917434015 2 0 3 1 2 3 0 1
0.00013319986576593523 2 0 3 1 2 3 1 0
-0.008376213008826471 2 0 3 1 2 3 3 1
0.0008939254331120736 2 0 3 2 1 0 0 1
1.137124979385694 2 0 3 2 1 0 1 0
0.7392217050331535 2 0 3 2 1 0 1 3
0.0005286642442716632 2 0 3 2 1 0 3 1
0.00018541177822567608 2 0 3 2 1 3 0 1
0.21370525031166093 2 0 3 2 1 3 1 0
-0.008375649136768588 2 0 3 2 1 3 1 3
0.0008939254331120736 2 0 3 2 2 0 0 2
1.1371249793856937 2 0 3 2 2 0 2 0
0.7392217050331538 2 0 3 2 2 0 2 3
0.0005286642442716632 2 0 3 2 2 0 3 2
0.00018541177822567608 2 0 3 2 2 3 0 2
0.21370525031166096 2 0 3 2 2 3 2 0
-0.008375649136768588 2 0 3 2 2 3 2 3
372.3598209544439 2 1 0 0 1 2 0 0
-4.368224088410783 2 1 0 0 1 2 0 3
0.08045690516016762 2 1 0 0 1 2 1 1
0.08045690516016762 2 1 0 0 1 2 2 2
-4.932570853054994 2 1 0 0 1 2 3 0
-0.45458756357968977 2 1 0 0 1 2 3 3
-372.3598209544439 2 1 0 0 2 1 0 0
4.368224088410783 2 1 0 0 2 1 0 3
-0.08045690516016762 2 1 0 0 2 1 1 1
-0.08045690516016761 2 1 0 0 2 1 2 2
4.932570853054994 2 1 0 0 2 1 3 0
0.45458756357968977 2 1 0 0 2 1 3 3
-4.368224088410786 2 1 0 3 1 2 0 0
-1.1021739438324145 2 1 0 3 1 2 0 3
2.4930119614946458 2 1 0 3 1 2 1 1
2.4930119614946453 2 1 0 3 1 2 2 2
-1.090190121569863 2 1 0 3 1 2 3 0
0.016287412234537932 2 1 0 3 1 2 3 3
4.368224088410785 2 1 0 3 2 1 0 0
1.1021739438324145 2 1 0 3 2 1 0 3
-2.4930119614946458 2 1 0 3 2 1 1 1
-2.4930119614946458 2 1 0 3 2 1 2 2
1.0901901215698628 2 1 0 3 2 1 3 0
-0.016287412234537932 2 1 0 3 2 1 3 3
1.1405323234235086e-06 2 1 1 1 1 1 1 2
2.2287477835044815e-06 2 1 1 1 1 1 2 1
0.15633290490580326 2 1 1 1 1 2 0 0
0.001063473623387907 2 1 1 1 1 2 0 3
3.498246497805764e-06 2 1 1 1 1 2 1 1
6.8675266047339755e-06 2 1 1 1 1 2 2 2
2.4930119614946453 2 1 1 1 1 2 3 0
0.08045690516016764 2 1 1 1 1 2 3 3
-0.1563329049058033 2 1 1 1 2 1 0 0
-0.001063473623387907 2 1 1 1 2 1 0 3
-6.867526604733972e-06 2 1 1 1 2 1 1 1
-3.4982464978057657e-06 2 1 1 1 2 1 2 2
-2.4930119614946453 2 1 1 1 2 1 3 0
-0.08045690516016762 2 1 1 1 2 1 3 3
-2.2287477835044612e-06 2 1 1 1 2 2 1 2
-1.140532323423473e-06 2 1 1 1 2 2 2 1
-1.4119590021630743e-06 2 1 1 2 1 1 0 0
6.113266691458151e-09 2 1 1 2 1 1 1 1
0.0007876468433944073 2 1 1 2 1 1 2 2
8.143002157978821e-06 2 1 1 2 1 1 3 0
7.58794218004833e-07 2 1 1 2 1 1 3 3
0.6355990597436749 2 1 1 2 1 2 1 2
-0.6363867004738026 2 1 1 2 1 2 2 1
-0.6363867004738026 2 1 1 2 2 1 1 2
0.635599059743675 2 1 1 2 2 1 2 1
-1.4119590021630726e-06 2 1 1 2 2 2 0 0
0.0007876468433944056 2 1 1 2 2 2 1 1
6.1132666914597114e-09 2 1 1 2 2 2 2 2
8.143002157978821e-06 2 1 1 2 2 2 3 0
7.58794218004833e-07 2 1 1 2 2 2 3 3
-1.4119590021631033e-06 2 1 2 1 1 1 0 0
6.11326669143418e-09 2 1 2 1 1 1 1 1
0.0007876468433944054 2 1 2 1 1 1 2 2
8.143002157978823e-06 2 1 2 1 1 1 3 0
7.587942180048309e-07 2 1 2 1 1 1 3 3
-0.6363867004738026 2 1 2 1 1 2 1 2
0.6355990597436749 2 1 2 1 1 2 2 1
0.6355990597436749 2 1 2 1 2 1 1 2
-0.6363867004738029 2 1 2 1 2 1 2 1
-1.4119590021631016e-06 2 1 2 1 2 2 0 0
0.0007876468433944057 2 1 2 1 2 2 1 1
6.113266691483419e-09 2 1 2 1 2 2 2 2
8.143002157978823e-06 2 1 2 1 2 2 3 0
7.587942180047801e-07 2 1 2 1 2 2 3 3
-1.1405323234234965e-06 2 1 2 2 1 1 1 2
-2.2287477835044943e-06 2 1 2 2 1 1 2 1
0.1563329049058033 2 1 2 2 1 2 0 0
0.0010634736233879074 2 1 2 2 1 2 0 3
6.867526604733986e-06 2 1 2 2 1 2 1 1
3.4982464978057768e-06 2 1 2 2 1 2 2 2
2.4930119614946458 2 1 2 2 1 2 3 0
0.08045690516016762 2 1 2 2 1 2 3 3
-0.1563329049058033 2 1 2 2 2 1 0 0
-0.0010634736233879074 2 1 2 2 2 1 0 3
-3.4982464978057746e-06 2 1 2 2 2 1 1 1
-6.867526604733986e-06 2 1 2 2 2 1 2 2
-2.4930119614946458 2 1 2 2 2 1 3 0
-0.08045690516016761 2 1 2 2 2 1 3 3
2.2287477835045146e-06 2 1 2 2 2 2 1 2
1.1405323234234747e-06 2 1 2 2 2 2 2 1
-4.93257085305499 2 1 3 0 1 2 0 0
-1.090190121569863 2 1 3 0 1 2 0 3
0.0010634736233879063 2 1 3 0 1 2 1 1
0.0010634736233879067 2 1 3 0 1 2 2 2
-1.0928585795150383 2 1 3 0 1 2 3 0
0.01610876684555422 2 1 3 0 1 2 3 3
4.932570853054991 2 1 3 0 2 1 0 0
1.090190121569863 2 1 3 0 2 1 0 3
-0.0010634736233879067 2 1 3 0 2 1 1 1
-0.0010634736233879063 2 1 3 0 2 1 2 2
1.0928585795150383 2 1 3 0 2 1 3 0
-0.01610876684555422 2 1 3 0 2 1 3 3
-0.45458756357968977 2 1 3 3 1 2 0 0
0.016287412234537932 2 1 3 3 1 2 0 3
0.15633290490580323 2 1 3 3 1 2 1 1
0.1563329049058033 2 1 3 3 1 2 2 2
0.016108766845554227 2 1 3 3 1 2 3 0
0.0047275332613231635 2 1 3 3 1 2 3 3
0.45458756357968977 2 1 3 3 2 1 0 0
-0.016287412234537932 2 1 3 3 2 1 0 3
-0.1563329049058033 2 1 3 3 2 1 1 1
-0.15633290490580323 2 1 3 3 2 1 2 2
-0.016108766845554227 2 1 3 3 2 1 3 0
-0.0047275332613231635 2 1 3 3 2 1 3 3
-0.5209872501904667 2 2 0 0 1 1 0 0
0.0030774058628823178 2 2 0 0 1 1 0 3
-7.370966507984778e-05 2 2 0 0 1 1 1 1
-7.219207664383787e-05 2 2 0 0 1 1 2 2
0.0034561394193558144 2 2 0 0 1 1 3 0
0.00033256268078729937 2 2 0 0 1 1 3 3
-7.587942180047571e-07 2 2 0 0 1 2 1 2
-7.587942180047995e-07 2 2 0 0 1 2 2 1
-7.587942180048029e-07 2 2 0 0 2 1 1 2
-7.587942180047557e-07 2 2 0 0 2 1 2 1
-0.5209872501904668 2 2 0 0 2 2 0 0
0.0030774058628823178 2 2 0 0 2 2 0 3
-7.219207664383798e-05 2 2 0 0 2 2 1 1
-7.370966507984778e-05 2 2 0 0 2 2 2 2
0.0034561394193558144 2 2 0 0 2 2 3 0
0.00033256268078729937 2 2 0 0 2 2 3 3
0.0030774058628823204 2 2 0 3 1 1 0 0
0.0007957331081256294 2 2 0 3 1 1 0 3
-0.001756164319928524 2 2 0 3 1 1 1 1
-0.0017398783156125659 2 2 0 3 1 1 2 2
0.0007881369379972145 2 2 0 3 1 1 3 0
-8.143002157978872e-06 2 2 0 3 1 2 1 2
-8.143002157978867e-06 2 2 0 3 1 2 2 1
-8.143002157978867e-06 2 2 0 3 2 1 1 2
-8.143002157978872e-06 2 2 0 3 2 1 2 1
0.0030774058628823186 2 2 0 3 2 2 0 0
0.0007957331081256294 2 2 0 3 2 2 0 3
-0.0017398783156125659 2 2 0 3 2 2 1 1
-0.001756164319928524 2 2 0 3 2 2 2 2
0.0007881369379972145 2 2 0 3 2 2 3 0
-0.00012529470355812828 2 2 1 1 1 1 0 0
-1.2226533383084624e-08 2 2 1 1 1 1 1 1
-0.001575305913322195 2 2 1 1 1 1 2 2
-0.001756164319928524 2 2 1 1 1 1 3 0
-7.370966507984757e-05 2 2 1 1 1 1 3 3
0.0007876468433944056 2 2 1 1 1 2 1 2
0.0007876468433944037 2 2 1 1 1 2 2 1
0.0007876468433944054 2 2 1 1 2 1 1 2
0.0007876468433944038 2 2 1 1 2 1 2 1
-0.0001252947035581284 2 2 1 1 2 2 0 0
-0.0015753059133221915 2 2 1 1 2 2 1 1
-1.2226533383088133e-08 2 2 1 1 2 2 2 2
-0.001756164319928524 2 2 1 1 2 2 3 0
-7.370966507984746e-05 2 2 1 1 2 2 3 3
-0.00045556203067653245 2 2 1 2 1 1 1 2
0.0004600195262435407 2 2 1 2 1 1 2 1
-2.2287477835044536e-06 2 2 1 2 1 2 1 1
2.2287477835045006e-06 2 2 1 2 1 2 2 2
-2.228747783504502e-06 2 2 1 2 2 1 1 1
2.228747783504452e-06 2 2 1 2 2 1 2 2
-0.0004600195262435407 2 2 1 2 2 2 1 2
0.00045556203067653224 2 2 1 2 2 2 2 1
0.00045784309532338004 2 2 2 1 1 1 1 2
-0.00045556203067653224 2 2 2 1 1 1 2 1
-1.1405323234234843e-06 2 2 2 1 1 2 1 1
1.1405323234234567e-06 2 2 2 1 1 2 2 2
-1.140532323423457e-06 2 2 2 1 2 1 1 1
1.1405323234234843e-06 2 2 2 1 2 1 2 2
0.00045556203067653245 2 2 2 1 2 2 1 2
-0.0004578430953233796 2 2 2 1 2 2 2 1
-0.00012811862156245448 2 2 2 2 1 1 0 0
-1.2226533383088136e-08 2 2 2 2 1 1 2 2
-0.0017398783156125659 2 2 2 2 1 1 3 0
-7.219207664383776e-05 2 2 2 2 1 1 3 3
6.1132666914372e-09 2 2 2 2 1 2 1 2
6.113266691484335e-09 2 2 2 2 1 2 2 1
6.113266691484335e-09 2 2 2 2 2 1 1 2
6.1132666914372e-09 2 2 2 2 2 1 2 1
-0.0001281186215624546 2 2 2 2 2 2 0 0
-1.2226533383088136e-08 2 2 2 2 2 2 1 1
-0.0017398783156125659 2 2 2 2 2 2 3 0
-7.219207664383776e-05 2 2 2 2 2 2 3 3
0.0034561394193558144 2 2 3 0 1 1 0 0
0.0007881369379972145 2 2 3 0 1 1 0 3
0.0007963625254948585 2 2 3 0 1 1 3 0
0.0034561394193558144 2 2 3 0 2 2 0 0
0.0007881369379972145 2 2 3 0 2 2 0 3
0.0007963625254948585 2 2 3 0 2 2 3 0
0.0003325626807872998 2 2 3 3 1 1 0 0
-0.0001252947035581286 2 2 3 3 1 1 1 1
-0.0001281186215624548 2 2 3 3 1 1 2 2
1.411959002163076e-06 2 2 3 3 1 2 1 2
1.4119590021630762e-06 2 2 3 3 1 2 2 1
1.4119590021630762e-06 2 2 3 3 2 1 1 2
1.411959002163076e-06 2 2 3 3 2 1 2 1
0.0003325626807872998 2 2 3 3 2 2 0 0
-0.0001281186215624548 2 2 3 3 2 2 1 1
-0.0001252947035581285 2 2 3 3 2 2 2 2
-3.453866350357245 2 3 0 1 1 0 0 2
-0.002385408998705903 2 3 0 1 1 0 2 0
-0.00013275879981862308 2 3 0 1 1 0 2 3
-0.21710515917434006 2 3 0 1 1 0 3 2
-0.9493080646476665 2 3 0 1 1 3 0 2
-0.0006911852511600127 2 3 0 1 1 3 2 0
0.007562010734190008 2 3 0 1 1 3 3 2
3.453866350357245 2 3 0 1 2 0 0 1
0.002385408998705903 2 3 0 1 2 0 1 0
0.00013275879981862308 2 3 0 1 2 0 1 3
0.21710515917434006 2 3 0 1 2 0 3 1
0.9493080646476665 2 3 0 1 2 3 0 1
0.0006911852511600131 2 3 0 1 2 3 1 0
-0.007562010734190008 2 3 0 1 2 3 3 1
0.0025215104673412987 2 3 0 2 1 0 0 1
3.550415017999166 2 3 0 2 1 0 1 0
0.21144030468352779 2 3 0 2 1 0 1 3
0.00018541177822567587 2 3 0 2 1 0 3 1
0.0007267216181720954 2 3 0 2 1 3 0 1
0.9757599169591653 2 3 0 2 1 3 1 0
-0.006931778959563372 2 3 0 2 1 3 1 3
0.0025215104673412996 2 3 0 2 2 0 0 2
3.5504150179991654 2 3 0 2 2 0 2 0
0.21144030468352779 2 3 0 2 2 0 2 3
0.00018541177822567598 2 3 0 2 2 0 3 2
0.0007267216181720945 2 3 0 2 2 3 0 2
0.9757599169591653 2 3 0 2 2 3 2 0
-0.006931778959563372 2 3 0 2 2 3 2 3
0.00837564913676859 2 3 1 0 1 0 0 2
-3.760750426065647 2 3 1 0 1 0 2 0
-0.23308991469880175 2 3 1 0 1 0 2 3
-0.21143954588930974 2 3 1 0 1 0 3 2
0.0022865935010908576 2 3 1 0 1 3 0 2
-1.0334979298006157 2 3 1 0 1 3 2 0
0.007624303254823101 2 3 1 0 1 3 2 3
0.006931778959563376 2 3 1 0 1 3 3 2
-0.00837564913676859 2 3 1 0 2 0 0 1
3.760750426065647 2 3 1 0 2 0 1 0
0.23308991469880172 2 3 1 0 2 0 1 3
0.21143954588930977 2 3 1 0 2 0 3 1
-0.0022865935010908576 2 3 1 0 2 3 0 1
1.0334979298006157 2 3 1 0 2 3 1 0
-0.007624303254823101 2 3 1 0 2 3 1 3
-0.006931778959563376 2 3 1 0 2 3 3 1
-0.21370525031166088 2 3 1 3 1 0 0 2
-0.2323000391076238 2 3 1 3 1 0 2 0
0.009189903371224143 2 3 1 3 1 0 2 3
-3.550406874997008 2 3 1 3 1 0 3 2
0.0074820625739760935 2 3 1 3 1 3 0 2
0.007624303254823103 2 3 1 3 1 3 2 0
0.002532280724983155 2 3 1 3 1 3 2 3
-0.9757599169591652 2 3 1 3 1 3 3 2
0.21370525031166088 2 3 1 3 2 0 0 1
0.2323000391076238 2 3 1 3 2 0 1 0
-0.009189903371224143 2 3 1 3 2 0 1 3
3.5504068749970075 2 3 1 3 2 0 3 1
-0.0074820625739760935 2 3 1 3 2 3 0 1
-0.007624303254823103 2 3 1 3 2 3 1 0
-0.002532280724983155 2 3 1 3 2 3 1 3
0.9757599169591653 2 3 1 3 2 3 3 1
0.002747147004533025 2 3 2 0 1 0 1 0
0.00019516141581447314 2 3 2 0 1 0 1 3
0.00013351759403662766 2 3 2 0 1 0 3 1
0.000790290719989822 2 3 2 0 1 3 1 0
0.002747147004533025 2 3 2 0 2 0 2 0
0.00019516141581447314 2 3 2 0 2 0 2 3
0.00013351759403662766 2 3 2 0 2 0 3 2
0.0007902907199898212 2 3 2 0 2 3 2 0
0.000133199865765935 2 3 2 3 1 0 0 1
0.00019402699675774126 2 3 2 3 1 0 1 0
0.002393552000863881 2 3 2 3 1 0 3 1
0.0006911852511600129 2 3 2 3 1 3 3 1
0.000133199865765935 2 3 2 3 2 0 0 2
0.00019402699675774126 2 3 2 3 2 0 2 0
0.002393552000863881 2 3 2 3 2 0 3 2
0.0006911852511600133 2 3 2 3 2 3 3 2
-0.2163163717986223 2 3 3 1 1 0 0 2
-0.00013461182476809809 2 3 3 1 1 0 2 0
0.008376213008826471 2 3 3 1 1 0 3 2
0.007562010734190006 2 3 3 1 1 3 0 2
0.002249634983450773 2 3 3 1 1 3 3 2
0.2163163717986223 2 3 3 1 2 0 0 1
0.00013461182476809809 2 3 3 1 2 0 1 0
-0.008376213008826471 2 3 3 1 2 0 3 1
-0.007562010734190006 2 3 3 1 2 3 0 1
-0.002249634983450773 2 3 3 1 2 3 3 1
0.00018318914370886333 2 3 3 2 1 0 0 1
0.21370383835265866 2 3 3 2 1 0 1 0
-0.008375649136768588 2 3 3 2 1 0 1 3
-0.007482062573976092 2 3 3 2 1 3 1 0
-0.0022865935010908576 2 3 3 2 1 3 1 3
0.00018318914370886333 2 3 3 2 2 0 0 2
0.21370383835265863 2 3 3 2 2 0 2 0
-0.008375649136768588 2 3 3 2 2 0 2 3
-0.007482062573976092 2 3 3 2 2 3 2 0
-0.002286593501090858 2 3 3 2 2 3 2 3
24844.133176942218 3 0 0 0 0 0 0 0
3389.311631744621 3 0 0 0 0 0 0 3
53.40212227066446 3 0 0 0 0 0 1 1
53.40212227066446 3 0 0 0 0 0 2 2
3568.952620645689 3 0 0 0 0 0 3 0
-96.34593180696646 3 0 0 0 0 0 3 3
5512.775469535351 3 0 0 0 0 3 0 0
-207.57915609850446 3 0 0 0 0 3 0 3
11.719207818814143 3 0 0 0 0 3 1 1
11.719207818814143 3 0 0 0 0 3 2 2
-224.54537512298594 3 0 0 0 0 3 3 0
-20.215785784827812 3 0 0 0 0 3 3 3
6257.4951114442465 3 0 0 0 3 0 0 0
-216.31560427532617 3 0 0 0 3 0 0 3
11.880121629134475 3 0 0 0 3 0 1 1
11.880121629134475 3 0 0 0 3 0 2 2
-234.41051682909594 3 0 0 0 3 0 3 0
-21.124960911987184 3 0 0 0 3 0 3 3
-351.2817533186671 3 0 0 0 3 3 0 0
-46.82582292649519 3 0 0 0 3 3 0 3
-0.7366756158552096 3 0 0 0 3 3 1 1
-0.7366756158552096 3 0 0 0 3 3 2 2
-49.3910272595039 3 0 0 0 3 3 3 0
1.1236348892008872 3 0 0 0 3 3 3 3
3209.3320862234746 3 0 0 3 0 0 0 0
-158.00385680104083 3 0 0 3 0 0 0 3
-2033.69862516272 3 0 0 3 0 0 1 1
-2033.69862516272 3 0 0 3 0 0 2 2
-165.0498114822688 3 0 0 3 0 0 3 0
-24.652051948709747 3 0 0 3 0 0 3 3
-207.5791560985045 3 0 0 3 0 3 0 0
-35.34678904019222 3 0 0 3 0 3 0 3
120.66465480055244 3 0 0 3 0 3 1 1
120.66465480055243 3 0 0 3 0 3 2 2
-36.15393234915408 3 0 0 3 0 3 3 0
1.0494105540183651 3 0 0 3 0 3 3 3
-216.31560427532625 3 0 0 3 3 0 0 0
-37.551136927857044 3 0 0 3 3 0 0 3
125.6506787235418 3 0 0 3 3 0 1 1
125.6506787235418 3 0 0 3 3 0 2 2
-38.33431259229379 3 0 0 3 3 0 3 0
1.0819853784874414 3 0 0 3 3 0 3 3
-47.77585771276101 3 0 0 3 3 3 0 0
1.7552434202133642 3 0 0 3 3 3 0 3
27.27542289942561 3 0 0 3 3 3 1 1
27.275422899425614 3 0 0 3 3 3 2 2
1.8427755190496264 3 0 0 3 3 3 3 0
0.24805670325846207 3 0 0 3 3 3 3 3
61.99764412476011 3 0 1 1 0 0 0 0
-2.8730201811994687 3 0 1 1 0 0 0 3
0.0002803902001160219 3 0 1 1 0 0 1 1
0.00028039020011602167 3 0 1 1 0 0 2 2
-1848.7268231931528 3 0 1 1 0 0 3 0
52.43743781835171 3 0 1 1 0 0 3 3
13.471927975376548 3 0 1 1 0 3 0 0
-0.09484022959296243 3 0 1 1 0 3 0 3
7.251281496563881e-05 3 0 1 1 0 3 1 1
7.251281496563881e-05 3 0 1 1 0 3 2 2
120.66465480055244 3 0 1 1 0 3 3 0
11.719207818814146 3 0 1 1 0 3 3 3
13.784593785188159 3 0 1 1 3 0 0 0
-0.09271328234618656 3 0 1 1 3 0 0 3
8.287858806818791e-05 3 0 1 1 3 0 1 1
8.287858806818616e-05 3 0 1 1 3 0 2 2
125.6506787235418 3 0 1 1 3 0 3 0
11.880121629134477 3 0 1 1 3 0 3 3
-0.8345204757313698 3 0 1 1 3 3 0 0
-0.02159441733936917 3 0 1 1 3 3 0 3
28.251874001635915 3 0 1 1 3 3 3 0
-0.7436073948147728 3 0 1 1 3 3 3 3
69.8483874891031 3 0 1 2 0 0 1 2
-69.8483874891031 3 0 1 2 0 0 2 1
15.937283041501066 3 0 1 2 0 3 1 2
-15.937283041501066 3 0 1 2 0 3 2 1
17.20926880171855 3 0 1 2 3 0 1 2
-17.209268801718547 3 0 1 2 3 0 2 1
-0.7115786191145491 3 0 1 2 3 3 1 2
0.7115786191145491 3 0 1 2 3 3 2 1
-69.84838748910309 3 0 2 1 0 0 1 2
69.84838748910309 3 0 2 1 0 0 2 1
-15.937283041501063 3 0 2 1 0 3 1 2
15.937283041501063 3 0 2 1 0 3 2 1
-17.209268801718544 3 0 2 1 3 0 1 2
17.209268801718547 3 0 2 1 3 0 2 1
0.7115786191145491 3 0 2 1 3 3 1 2
-0.7115786191145491 3 0 2 1 3 3 2 1
61.99764412476011 3 0 2 2 0 0 0 0
-2.8730201811994696 3 0 2 2 0 0 0 3
0.00028039020011602883 3 0 2 2 0 0 1 1
0.0002803902001160286 3 0 2 2 0 0 2 2
-1848.7268231931528 3 0 2 2 0 0 3 0
52.43743781835171 3 0 2 2 0 0 3 3
13.471927975376548 3 0 2 2 0 3 0 0
-0.0948402295929624 3 0 2 2 0 3 0 3
7.251281496563895e-05 3 0 2 2 0 3 1 1
7.251281496563895e-05 3 0 2 2 0 3 2 2
120.66465480055246 3 0 2 2 0 3 3 0
11.719207818814144 3 0 2 2 0 3 3 3
13.784593785188159 3 0 2 2 3 0 0 0
-0.09271328234618653 3 0 2 2 3 0 0 3
8.287858806818725e-05 3 0 2 2 3 0 1 1
8.287858806818593e-05 3 0 2 2 3 0 2 2
125.65067872354182 3 0 2 2 3 0 3 0
11.880121629134477 3 0 2 2 3 0 3 3
-0.8345204757313698 3 0 2 2 3 3 0 0
-0.02159441733936917 3 0 2 2 3 3 0 3
28.251874001635915 3 0 2 2 3 3 3 0
-0.7436073948147728 3 0 2 2 3 3 3 3
3373.0159702603105 3 0 3 0 0 0 0 0
-165.134923020001 3 0 3 0 0 0 0 3
-2.133306542152843 3 0 3 0 0 0 1 1
-2.133306542152843 3 0 3 0 0 0 2 2
-173.69902084092087 3 0 3 0 0 0 3 0
-23.881293276236104 3 0 3 0 0 0 3 3
-224.5453751229859 3 0 3 0 0 3 0 0
-36.153932349154076 3 0 3 0 0 3 0 3
-0.09484022959296244 3 0 3 0 0 3 1 1
-0.09484022959296244 3 0 3 0 0 3 2 2
-37.21903634918403 3 0 3 0 0 3 3 0
1.0551965603338669 3 0 3 0 0 3 3 3
-234.41051682909594 3 0 3 0 3 0 0 0
-38.3343125922938 3 0 3 0 3 0 0 3
-0.0927132823461866 3 0 3 0 3 0 1 1
-0.0927132823461866 3 0 3 0 3 0 2 2
-39.40475350821411 3 0 3 0 3 0 3 0
1.0874140940249755 3 0 3 0 3 0 3 3
-50.42531548002451 3 0 3 0 3 3 0 0
1.8428378115702593 3 0 3 0 3 3 0 3
-0.019307823838278317 3 0 3 0 3 3 1 1
-0.019307823838278317 3 0 3 0 3 3 2 2
1.9435372315661048 3 0 3 0 3 3 3 0
0.24701446848602102 3 0 3 0 3 3 3 3
-94.14146693669679 3 0 3 3 0 0 0 0
-23.845779070062072 3 0 3 3 0 0 0 3
63.13544903475404 3 0 3 3 0 0 1 1
63.13544903475403 3 0 3 3 0 0 2 2
-23.174810229336913 3 0 3 3 0 0 3 0
0.9967302243038753 3 0 3 3 0 0 3 3
-20.215785784827816 3 0 3 3 0 3 0 0
1.0494105540183654 3 0 3 3 0 3 0 3
13.471927975376545 3 0 3 3 0 3 1 1
13.471927975376547 3 0 3 3 0 3 2 2
1.0551965603338669 3 0 3 3 0 3 3 0
0.2317963392885106 3 0 3 3 0 3 3 3
-21.124960911987184 3 0 3 3 3 0 0 0
1.0819853784874414 3 0 3 3 3 0 0 3
13.784593785188157 3 0 3 3 3 0 1 1
13.784593785188159 3 0 3 3 3 0 2 2
1.0874140940249755 3 0 3 3 3 0 3 0
0.24125140581115695 3 0 3 3 3 0 3 3
1.1388212031899 3 0 3 3 3 3 0 0
0.25058898398344526 3 0 3 3 3 3 0 3
-0.8270384131573938 3 0 3 3 3 3 1 1
-0.8270384131573938 3 0 3 3 3 3 2 2
0.24926410346947175 3 0 3 3 3 3 3 0
0.0025215104673413005 3 1 0 1 0 1 0 1
3.550415017999167 3 1 0 1 0 1 1 0
0.2114403046835277 3 1 0 1 0 1 1 3
0.00018541177822567598 3 1 0 1 0 1 3 1
0.0025215104673413005 3 1 0 1 0 2 0 2
3.550415017999167 3 1 0 1 0 2 2 0
0.2114403046835277 3 1 0 1 0 2 2 3
0.0001854117782256759 3 1 0 1 0 2 3 2
0.0007267216181720958 3 1 0 1 3 1 0 1
0.9757599169591653 3 1 0 1 3 1 1 0
-0.006931778959563372 3 1 0 1 3 1 1 3
0.0007267216181720958 3 1 0 1 3 2 0 2
0.9757599169591653 3 1 0 1 3 2 2 0
-0.006931778959563372 3 1 0 1 3 2 2 3
3.4538663503572464 3 1 0 2 0 1 0 2
0.0023854089987059048 3 1 0 2 0 1 2 0
0.00013275879981862297 3 1 0 2 0 1 2 3
0.2171051591743401 3 1 0 2 0 1 3 2
-3.4538663503572464 3 1 0 2 0 2 0 1
-0.0023854089987059048 3 1 0 2 0 2 1 0
-0.000132758799818623 3 1 0 2 0 2 1 3
-0.2171051591743401 3 1 0 2 0 2 3 1
0.9493080646476663 3 1 0 2 3 1 0 2
0.0006911852511600136 3 1 0 2 3 1 2 0
-0.0075620107341900075 3 1 0 2 3 1 3 2
-0.9493080646476663 3 1 0 2 3 2 0 1
-0.0006911852511600153 3 1 0 2 3 2 1 0
0.0075620107341900075 3 1 0 2 3 2 3 1
0.0027471470045330295 3 1 1 0 0 1 1 0
0.0001951614158144731 3 1 1 0 0 1 1 3
0.00013351759403662763 3 1 1 0 0 1 3 1
0.0027471470045330277 3 1 1 0 0 2 2 0
0.0001951614158144731 3 1 1 0 0 2 2 3
0.00013351759403662763 3 1 1 0 0 2 3 2
0.0007902907199898233 3 1 1 0 3 1 1 0
0.0007902907199898233 3 1 1 0 3 2 2 0
0.00013319986576593496 3 1 1 3 0 1 0 1
0.00019402699675774153 3 1 1 3 0 1 1 0
0.0023935520008638847 3 1 1 3 0 1 3 1
0.0001331998657659351 3 1 1 3 0 2 0 2
0.0001940269967577413 3 1 1 3 0 2 2 0
0.0023935520008638847 3 1 1 3 0 2 3 2
0.0006911852511600133 3 1 1 3 3 1 3 1
0.0006911852511600142 3 1 1 3 3 2 3 2
-0.008375649136768594 3 1 2 0 0 1 0 2
3.760750426065649 3 1 2 0 0 1 2 0
0.23308991469880172 3 1 2 0 0 1 2 3
0.21143954588930972 3 1 2 0 0 1 3 2
0.008375649136768594 3 1 2 0 0 2 0 1
-3.760750426065649 3 1 2 0 0 2 1 0
-0.2330899146988017 3 1 2 0 0 2 1 3
-0.21143954588930972 3 1 2 0 0 2 3 1
-0.002286593501090857 3 1 2 0 3 1 0 2
1.0334979298006155 3 1 2 0 3 1 2 0
-0.0076243032548231 3 1 2 0 3 1 2 3
-0.006931778959563375 3 1 2 0 3 1 3 2
0.002286593501090857 3 1 2 0 3 2 0 1
-1.0334979298006157 3 1 2 0 3 2 1 0
0.0076243032548231 3 1 2 0 3 2 1 3
0.006931778959563375 3 1 2 0 3 2 3 1
0.2137052503116609 3 1 2 3 0 1 0 2
0.2323000391076238 3 1 2 3 0 1 2 0
-0.009189903371224148 3 1 2 3 0 1 2 3
3.5504068749970092 3 1 2 3 0 1 3 2
-0.2137052503116609 3 1 2 3 0 2 0 1
-0.2323000391076238 3 1 2 3 0 2 1 0
0.009189903371224148 3 1 2 3 0 2 1 3
-3.5504068749970092 3 1 2 3 0 2 3 1
-0.007482062573976091 3 1 2 3 3 1 0 2
-0.007624303254823104 3 1 2 3 3 1 2 0
-0.002532280724983155 3 1 2 3 3 1 2 3
0.9757599169591652 3 1 2 3 3 1 3 2
0.007482062573976091 3 1 2 3 3 2 0 1
0.007624303254823104 3 1 2 3 3 2 1 0
0.002532280724983155 3 1 2 3 3 2 1 3
-0.9757599169591652 3 1 2 3 3 2 3 1
0.00018318914370886317 3 1 3 1 0 1 0 1
0.2137038383526587 3 1 3 1 0 1 1 0
-0.008375649136768592 3 1 3 1 0 1 1 3
0.0001831891437088632 3 1 3 1 0 2 0 2
0.21370383835265866 3 1 3 1 0 2 2 0
-0.008375649136768592 3 1 3 1 0 2 2 3
-0.007482062573976091 3 1 3 1 3 1 1 0
-0.0022865935010908576 3 1 3 1 3 1 1 3
-0.007482062573976091 3 1 3 1 3 2 2 0
-0.0022865935010908576 3 1 3 1 3 2 2 3
0.21631637179862231 3 1 3 2 0 1 0 2
0.0001346118247680979 3 1 3 2 0 1 2 0
-0.008376213008826471 3 1 3 2 0 1 3 2
-0.21631637179862231 3 1 3 2 0 2 0 1
-0.00013461182476809784 3 1 3 2 0 2 1 0
0.008376213008826471 3 1 3 2 0 2 3 1
-0.007562010734190005 3 1 3 2 3 1 0 2
-0.0022496349834507726 3 1 3 2 3 1 3 2
0.007562010734190005 3 1 3 2 3 2 0 1
0.0022496349834507726 3 1 3 2 3 2 3 1
-3.4538663503572464 3 2 0 1 0 1 0 2
-0.0023854089987059056 3 2 0 1 0 1 2 0
-0.00013275879981862316 3 2 0 1 0 1 2 3
-0.21710515917434006 3 2 0 1 0 1 3 2
3.4538663503572464 3 2 0 1 0 2 0 1
0.0023854089987059056 3 2 0 1 0 2 1 0
0.00013275879981862316 3 2 0 1 0 2 1 3
0.21710515917434006 3 2 0 1 0 2 3 1
-0.9493080646476663 3 2 0 1 3 1 0 2
-0.0006911852511600136 3 2 0 1 3 1 2 0
0.0075620107341900075 3 2 0 1 3 1 3 2
0.9493080646476663 3 2 0 1 3 2 0 1
0.0006911852511600136 3 2 0 1 3 2 1 0
-0.0075620107341900075 3 2 0 1 3 2 3 1
0.0025215104673413013 3 2 0 2 0 1 0 1
3.5504150179991676 3 2 0 2 0 1 1 0
0.21144030468352779 3 2 0 2 0 1 1 3
0.00018541177822567587 3 2 0 2 0 1 3 1
0.0025215104673413013 3 2 0 2 0 2 0 2
3.5504150179991676 3 2 0 2 0 2 2 0
0.21144030468352779 3 2 0 2 0 2 2 3
0.00018541177822567587 3 2 0 2 0 2 3 2
0.0007267216181720949 3 2 0 2 3 1 0 1
0.9757599169591652 3 2 0 2 3 1 1 0
-0.006931778959563371 3 2 0 2 3 1 1 3
0.0007267216181720949 3 2 0 2 3 2 0 2
0.9757599169591652 3 2 0 2 3 2 2 0
-0.006931778959563371 3 2 0 2 3 2 2 3
0.008375649136768594 3 2 1 0 0 1 0 2
-3.7607504260656484 3 2 1 0 0 1 2 0
-0.23308991469880172 3 2 1 0 0 1 2 3
-0.2114395458893097 3 2 1 0 0 1 3 2
-0.008375649136768594 3 2 1 0 0 2 0 1
3.7607504260656484 3 2 1 0 0 2 1 0
0.2330899146988017 3 2 1 0 0 2 1 3
0.21143954588930974 3 2 1 0 0 2 3 1
0.002286593501090857 3 2 1 0 3 1 0 2
-1.0334979298006155 3 2 1 0 3 1 2 0
0.0076243032548231 3 2 1 0 3 1 2 3
0.006931778959563375 3 2 1 0 3 1 3 2
-0.002286593501090857 3 2 1 0 3 2 0 1
1.0334979298006153 3 2 1 0 3 2 1 0
-0.0076243032548231 3 2 1 0 3 2 1 3
-0.006931778959563375 3 2 1 0 3 2 3 1
-0.2137052503116609 3 2 1 3 0 1 0 2
-0.23230003910762376 3 2 1 3 0 1 2 0
0.009189903371224148 3 2 1 3 0 1 2 3
-3.5504068749970092 3 2 1 3 0 1 3 2
0.21370525031166096 3 2 1 3 0 2 0 1
0.23230003910762376 3 2 1 3 0 2 1 0
-0.009189903371224148 3 2 1 3 0 2 1 3
3.5504068749970097 3 2 1 3 0 2 3 1
0.007482062573976091 3 2 1 3 3 1 0 2
0.007624303254823104 3 2 1 3 3 1 2 0
0.0025322807249831556 3 2 1 3 3 1 2 3
-0.9757599169591653 3 2 1 3 3 1 3 2
-0.007482062573976091 3 2 1 3 3 2 0 1
-0.007624303254823104 3 2 1 3 3 2 1 0
-0.0025322807249831556 3 2 1 3 3 2 1 3
0.9757599169591652 3 2 1 3 3 2 3 1
0.002747147004533027 3 2 2 0 0 1 1 0
0.0001951614158144731 3 2 2 0 0 1 1 3
0.0001335175940366276 3 2 2 0 0 1 3 1
0.002747147004533027 3 2 2 0 0 2 2 0
0.00019516141581447303 3 2 2 0 0 2 2 3
0.0001335175940366276 3 2 2 0 0 2 3 2
0.0007902907199898225 3 2 2 0 3 1 1 0
0.0007902907199898233 3 2 2 0 3 2 2 0
0.0001331998657659351 3 2 2 3 0 1 0 1
0.00019402699675774134 3 2 2 3 0 1 1 0
0.0023935520008638847 3 2 2 3 0 1 3 1
0.00013319986576593507 3 2 2 3 0 2 0 2
0.0001940269967577413 3 2 2 3 0 2 2 0
0.0023935520008638855 3 2 2 3 0 2 3 2
0.0006911852511600133 3 2 2 3 3 1 3 1
0.0006911852511600116 3 2 2 3 3 2 3 2
-0.21631637179862234 3 2 3 1 0 1 0 2
-0.00013461182476809809 3 2 3 1 0 1 2 0
0.008376213008826471 3 2 3 1 0 1 3 2
0.21631637179862234 3 2 3 1 0 2 0 1
0.00013461182476809817 3 2 3 1 0 2 1 0
-0.008376213008826471 3 2 3 1 0 2 3 1
0.007562010734190005 3 2 3 1 3 1 0 2
0.0022496349834507726 3 2 3 1 3 1 3 2
-0.007562010734190005 3 2 3 1 3 2 0 1
-0.0022496349834507726 3 2 3 1 3 2 3 1
0.00018318914370886314 3 2 3 2 0 1 0 1
0.2137038383526587 3 2 3 2 0 1 1 0
-0.008375649136768592 3 2 3 2 0 1 1 3
0.00018318914370886325 3 2 3 2 0 2 0 2
0.21370383835265871 3 2 3 2 0 2 2 0
-0.008375649136768592 3 2 3 2 0 2 2 3
-0.007482062573976091 3 2 3 2 3 1 1 0
-0.0022865935010908576 3 2 3 2 3 1 1 3
-0.007482062573976091 3 2 3 2 3 2 2 0
-0.0022865935010908576 3 2 3 2 3 2 2 3
5139.89466133072 3 3 0 0 0 0 0 0
-206.66424246505545 3 3 0 0 0 0 0 3
11.850251026266456 3 3 0 0 0 0 1 1
11.850251026266456 3 3 0 0 0 0 2 2
-223.37284570358176 3 3 0 0 0 0 3 0
-20.211441305634512 3 3 0 0 0 0 3 3
-351.28175331866714 3 3 0 0 0 3 0 0
-47.77585771276102 3 3 0 0 0 3 0 3
-0.743607394814773 3 3 0 0 0 3 1 1
-0.743607394814773 3 3 0 0 0 3 2 2
-50.42531548002451 3 3 0 0 0 3 3 0
1.1388212031899 3 3 0 0 0 3 3 3
-351.28175331866714 3 3 0 0 3 0 0 0
-47.77585771276102 3 3 0 0 3 0 0 3
-0.7436073948147729 3 3 0 0 3 0 1 1
-0.7436073948147729 3 3 0 0 3 0 2 2
-50.42531548002451 3 3 0 0 3 0 3 0
1.1388212031899 3 3 0 0 3 0 3 3
-81.29066630572075 3 3 0 0 3 3 0 0
2.553516883677705 3 3 0 0 3 3 0 3
-0.17956695965273645 3 3 0 0 3 3 1 1
-0.17956695965273645 3 3 0 0 3 3 2 2
2.739222160228845 3 3 0 0 3 3 3 0
0.2670602405632126 3 3 0 0 3 3 3 3
-199.75146674340624 3 3 0 3 0 0 0 0
-34.24381936325168 3 3 0 3 0 0 0 3
121.72269524473789 3 3 0 3 0 0 1 1
121.72269524473788 3 3 0 3 0 0 2 2
-35.078157585798 3 3 0 3 0 0 3 0
1.0423130451550515 3 3 0 3 0 0 3 3
-46.82582292649519 3 3 0 3 0 3 0 0
1.7552434202133642 3 3 0 3 0 3 0 3
28.251874001635915 3 3 0 3 0 3 1 1
28.25187400163592 3 3 0 3 0 3 2 2
1.8428378115702597 3 3 0 3 0 3 3 0
0.2505889839834452 3 3 0 3 0 3 3 3
-46.8258229264952 3 3 0 3 3 0 0 0
1.755243420213364 3 3 0 3 3 0 0 3
28.25187400163592 3 3 0 3 3 0 1 1
28.25187400163592 3 3 0 3 3 0 2 2
1.8428378115702595 3 3 0 3 3 0 3 0
0.2505889839834452 3 3 0 3 3 0 3 3
2.5535168836777054 3 3 0 3 3 3 0 0
0.42585682181149537 3 3 0 3 3 3 0 3
-1.4840783772851827 3 3 0 3 3 3 1 1
-1.4840783772851827 3 3 0 3 3 3 2 2
0.44164987833419406 3 3 0 3 3 3 3 0
13.101629913630756 3 3 1 1 0 0 0 0
-0.08752805407958172 3 3 1 1 0 0 0 3
6.900234193446178e-05 3 3 1 1 0 0 1 1
6.900234193446178e-05 3 3 1 1 0 0 2 2
114.6170943907422 3 3 1 1 0 0 3 0
11.427104899299769 3 3 1 1 0 0 3 3
-0.8270384131573936 3 3 1 1 0 3 0 0
-0.019307823838278313 3 3 1 1 0 3 0 3
27.27542289942561 3 3 1 1 0 3 3 0
-0.7366756158552095 3 3 1 1 0 3 3 3
-0.8270384131573939 3 3 1 1 3 0 0 0
-0.01930782383827832 3 3 1 1 3 0 0 3
27.275422899425614 3 3 1 1 3 0 3 0
-0.7366756158552094 3 3 1 1 3 0 3 3
-0.19861805273939842 3 3 1 1 3 3 0 0
-1.4840783772851824 3 3 1 1 3 3 3 0
-0.1795669596527365 3 3 1 1 3 3 3 3
15.301228419726705 3 3 1 2 0 0 1 2
-15.301228419726705 3 3 1 2 0 0 2 1
-0.711578619114549 3 3 1 2 0 3 1 2
0.711578619114549 3 3 1 2 0 3 2 1
-0.7115786191145491 3 3 1 2 3 0 1 2
0.7115786191145491 3 3 1 2 3 0 2 1
-0.17458963777098147 3 3 1 2 3 3 1 2
0.17458963777098147 3 3 1 2 3 3 2 1
-15.301228419726705 3 3 2 1 0 0 1 2
15.301228419726705 3 3 2 1 0 0 2 1
0.711578619114549 3 3 2 1 0 3 1 2
-0.711578619114549 3 3 2 1 0 3 2 1
0.7115786191145491 3 3 2 1 3 0 1 2
-0.7115786191145491 3 3 2 1 3 0 2 1
0.1745896377709815 3 3 2 1 3 3 1 2
-0.1745896377709815 3 3 2 1 3 3 2 1
13.101629913630756 3 3 2 2 0 0 0 0
-0.08752805407958172 3 3 2 2 0 0 0 3
6.900234193446193e-05 3 3 2 2 0 0 1 1
6.900234193446193e-05 3 3 2 2 0 0 2 2
114.6170943907422 3 3 2 2 0 0 3 0
11.427104899299769 3 3 2 2 0 0 3 3
-0.8270384131573936 3 3 2 2 0 3 0 0
-0.019307823838278317 3 3 2 2 0 3 0 3
27.275422899425614 3 3 2 2 0 3 3 0
-0.7366756158552095 3 3 2 2 0 3 3 3
-0.8270384131573939 3 3 2 2 3 0 0 0
-0.019307823838278317 3 3 2 2 3 0 0 3
27.27542289942561 3 3 2 2 3 0 3 0
-0.7366756158552094 3 3 2 2 3 0 3 3
-0.19861805273939842 3 3 2 2 3 3 0 0
-1.4840783772851824 3 3 2 2 3 3 3 0
-0.1795669596527365 3 3 2 2 3 3 3 3
-215.84585055744128 3 3 3 0 0 0 0 0
-35.0461685754739 3 3 3 0 0 0 0 3
-0.10427935235311894 3 3 3 0 0 0 1 1
-0.10427935235311894 3 3 3 0 0 0 2 2
-36.12538140714349 3 3 3 0 0 0 3 0
1.047464006497139 3 3 3 0 0 0 3 3
-49.39102725950391 3 3 3 0 0 3 0 0
1.8427755190496258 3 3 3 0 0 3 0 3
-0.021594417339369173 3 3 3 0 0 3 1 1
-0.021594417339369173 3 3 3 0 0 3 2 2
1.9435372315661044 3 3 3 0 0 3 3 0
0.2492641034694718 3 3 3 0 0 3 3 3
-49.39102725950391 3 3 3 0 3 0 0 0
1.8427755190496262 3 3 3 0 3 0 0 3
-0.021594417339369166 3 3 3 0 3 0 1 1
-0.021594417339369166 3 3 3 0 3 0 2 2
1.9435372315661044 3 3 3 0 3 0 3 0
0.2492641034694718 3 3 3 0 3 0 3 3
2.7392221602288447 3 3 3 0 3 3 0 0
0.4416498783341941 3 3 3 0 3 3 0 3
0.460052858486627 3 3 3 0 3 3 3 0
-19.311872031520615 3 3 3 3 0 0 0 0
1.0239332384126028 3 3 3 3 0 0 0 3
13.529306813985611 3 3 3 3 0 0 1 1
13.529306813985613 3 3 3 3 0 0 2 2
1.0307115804794864 3 3 3 3 0 0 3 0
0.22706880602718746 3 3 3 3 0 0 3 3
1.123634889200887 3 3 3 3 0 3 0 0
0.24805670325846207 3 3 3 3 0 3 0 3
-0.8345204757313698 3 3 3 3 0 3 1 1
-0.8345204757313698 3 3 3 3 0 3 2 2
0.24701446848602104 3 3 3 3 0 3 3 0
1.1236348892008872 3 3 3 3 3 0 0 0
0.24805670325846205 3 3 3 3 3 0 0 3
-0.8345204757313698 3 3 3 3 3 0 1 1
-0.8345204757313698 3 3 3 3 3 0 2 2
0.24701446848602104 3 3 3 3 3 0 3 0
0.26706024056321254 3 3 3 3 3 3 0 0
-0.1986180527393984 3 3 3 3 3 3 1 1
-0.1986180527393984 3 3 3 3 3 3 2 2
