-875755.6742533523 0 0 0 0 0 0 0 0
14971.182413507011 0 0 0 0 0 0 0 3
-118.50653842252981 0 0 0 0 0 0 1 1
-118.50653842252981 0 0 0 0 0 0 2 2
19234.03978502407 0 0 0 0 0 0 3 0
2075.9171300238168 0 0 0 0 0 0 3 3
24893.756614019498 0 0 0 0 0 3 0 0
3486.290216073241 0 0 0 0 0 3 0 3
47.56252291930871 0 0 0 0 0 3 1 1
47.56252291930872 0 0 0 0 0 3 2 2
3607.803047718183 0 0 0 0 0 3 3 0
-125.20420156666565 0 0 0 0 0 3 3 3
24893.756614019498 0 0 0 0 3 0 0 0
3486.290216073241 0 0 0 0 3 0 0 3
47.56252291930871 0 0 0 0 3 0 1 1
47.56252291930872 0 0 0 0 3 0 2 2
3607.803047718183 0 0 0 0 3 0 3 0
-125.20420156666565 0 0 0 0 3 0 3 3
5127.178725079163 0 0 0 0 3 3 0 0
-210.45513599827837 0 0 0 0 3 3 0 3
10.707118260568373 0 0 0 0 3 3 1 1
10.707118260568373 0 0 0 0 3 3 2 2
-236.08168867912724 0 0 0 0 3 3 3 0
-26.26734247100876 0 0 0 0 3 3 3 3
14971.182413507007 0 0 0 3 0 0 0 0
4068.6546084285496 0 0 0 3 0 0 0 3
-7606.102166418474 0 0 0 3 0 0 1 1
-7606.102166418473 0 0 0 3 0 0 2 2
3904.08540320154 0 0 0 3 0 0 3 0
-134.7299612295605 0 0 0 3 0 0 3 3
3675.366434540311 0 0 0 3 0 3 0 0
-171.64584073391907 0 0 0 3 0 3 0 3
-1597.9245029899334 0 0 0 3 0 3 1 1
-1597.9245029899337 0 0 0 3 0 3 2 2
-184.4692997108388 0 0 0 3 0 3 3 0
-29.629643378736915 0 0 0 3 0 3 3 3
3675.3664345403104 0 0 0 3 3 0 0 0
-171.6458407339191 0 0 0 3 3 0 0 3
-1597.9245029899337 0 0 0 3 3 0 1 1
-1597.9245029899337 0 0 0 3 3 0 2 2
-184.4692997108388 0 0 0 3 3 0 3 0
-29.629643378736915 0 0 0 3 3 0 3 3
-217.7427760522583 0 0 0 3 3 3 0 0
-39.037962314619286 0 0 0 3 3 3 0 3
99.9365244310886 0 0 0 3 3 3 1 1
99.9365244310886 0 0 0 3 3 3 2 2
-39.41992972848757 0 0 0 3 3 3 3 0
1.3063786287903774 0 0 0 3 3 3 3 3
-401.7178207460923 0 0 1 1 0 0 0 0
0.3744008703993707 0 0 1 1 0 0 0 3
-0.14827581532772507 0 0 1 1 0 0 1 1
-0.148275815327724 0 0 1 1 0 0 2 2
-7606.102166418473 0 0 1 1 0 0 3 0
-118.50653842252983 0 0 1 1 0 0 3 3
61.724275819727794 0 0 1 1 0 3 0 0
0.19609436814648032 0 0 1 1 0 3 0 3
0.0016226820950165227 0 0 1 1 0 3 1 1
0.0016226820950165297 0 0 1 1 0 3 2 2
-1774.3088343823058 0 0 1 1 0 3 3 0
48.50442137273701 0 0 1 1 0 3 3 3
61.7242758197278 0 0 1 1 3 0 0 0
0.1960943681464802 0 0 1 1 3 0 0 3
0.0016226820950165227 0 0 1 1 3 0 1 1
0.0016226820950165297 0 0 1 1 3 0 2 2
-1774.3088343823058 0 0 1 1 3 0 3 0
48.50442137273702 0 0 1 1 3 0 3 3
12.89962961179263 0 0 1 1 3 3 0 0
-0.19921975845295578 0 0 1 1 3 3 0 3
0.00039133646342653407 0 0 1 1 3 3 1 1
0.00039133646342653407 0 0 1 1 3 3 2 2
106.73988024890012 0 0 1 1 3 3 3 0
11.211731358889653 0 0 1 1 3 3 3 3
-1828.0199973623935 0 0 1 2 0 0 1 2
1828.0199973623933 0 0 1 2 0 0 2 1
57.48860516235761 0 0 1 2 0 3 1 2
-57.48860516235761 0 0 1 2 0 3 2 1
57.48860516235761 0 0 1 2 3 0 1 2
-57.48860516235761 0 0 1 2 3 0 2 1
12.496635335903413 0 0 1 2 3 3 1 2
-12.496635335903413 0 0 1 2 3 3 2 1
1828.019997362393 0 0 2 1 0 0 1 2
-1828.0199973623933 0 0 2 1 0 0 2 1
-57.48860516235761 0 0 2 1 0 3 1 2
57.488605162357615 0 0 2 1 0 3 2 1
-57.48860516235761 0 0 2 1 3 0 1 2
57.488605162357615 0 0 2 1 3 0 2 1
-12.496635335903413 0 0 2 1 3 3 1 2
12.496635335903413 0 0 2 1 3 3 2 1
-401.71782074609223 0 0 2 2 0 0 0 0
0.37440087039937414 0 0 2 2 0 0 0 3
-0.148275815327724 0 0 2 2 0 0 1 1
-0.14827581532772488 0 0 2 2 0 0 2 2
-7606.102166418473 0 0 2 2 0 0 3 0
-118.5065384225298 0 0 2 2 0 0 3 3
61.724275819727794 0 0 2 2 0 3 0 0
0.19609436814648004 0 0 2 2 0 3 0 3
0.0016226820950165297 0 0 2 2 0 3 1 1
0.0016226820950165297 0 0 2 2 0 3 2 2
-1774.3088343823058 0 0 2 2 0 3 3 0
48.50442137273702 0 0 2 2 0 3 3 3
61.7242758197278 0 0 2 2 3 0 0 0
0.19609436814648015 0 0 2 2 3 0 0 3
0.0016226820950165297 0 0 2 2 3 0 1 1
0.0016226820950165297 0 0 2 2 3 0 2 2
-1774.3088343823058 0 0 2 2 3 0 3 0
48.50442137273702 0 0 2 2 3 0 3 3
12.899629611792628 0 0 2 2 3 3 0 0
-0.1992197584529558 0 0 2 2 3 3 0 3
0.0003913364634265358 0 0 2 2 3 3 1 1
0.0003913364634265358 0 0 2 2 3 3 2 2
106.73988024890012 0 0 2 2 3 3 3 0
11.211731358889654 0 0 2 2 3 3 3 3
19234.039785024084 0 0 3 0 0 0 0 0
3904.0854032015395 0 0 3 0 0 0 0 3
0.3744008703993781 0 0 3 0 0 0 1 1
0.3744008703993781 0 0 3 0 0 0 2 2
3873.4024573130423 0 0 3 0 0 0 3 0
-137.00210720565175 0 0 3 0 0 0 3 3
3814.6833399836246 0 0 3 0 0 3 0 0
-184.06488936816882 0 0 3 0 0 3 0 3
-0.49922108930843806 0 0 3 0 0 3 1 1
-0.49922108930843817 0 0 3 0 0 3 2 2
-200.9943492763911 0 0 3 0 0 3 3 0
-28.764276744122657 0 0 3 0 0 3 3 3
3814.683339983624 0 0 3 0 3 0 0 0
-184.06488936816885 0 0 3 0 3 0 0 3
-0.49922108930843806 0 0 3 0 3 0 1 1
-0.49922108930843817 0 0 3 0 3 0 2 2
-200.9943492763911 0 0 3 0 3 0 3 0
-28.76427674412266 0 0 3 0 3 0 3 3
-244.05998029428088 0 0 3 0 3 3 0 0
-39.47252515268277 0 0 3 0 3 3 0 3
-0.18291380033769203 0 0 3 0 3 3 1 1
-0.18291380033769203 0 0 3 0 3 3 2 2
-40.48001280924789 0 0 3 0 3 3 3 0
1.3447273338915806 0 0 3 0 3 3 3 3
2075.9171300238168 0 0 3 3 0 0 0 0
-134.72996122956056 0 0 3 3 0 0 0 3
-401.7178207460921 0 0 3 3 0 0 1 1
-401.71782074609206 0 0 3 3 0 0 2 2
-137.00210720565173 0 0 3 3 0 0 3 0
-34.07186359058806 0 0 3 3 0 0 3 3
-128.34953182343676 0 0 3 3 0 3 0 0
-30.50667419882715 0 0 3 3 0 3 0 3
60.31559197635717 0 0 3 3 0 3 1 1
60.31559197635717 0 0 3 3 0 3 2 2
-29.51116875638437 0 0 3 3 0 3 3 0
1.2173691274321115 0 0 3 3 0 3 3 3
-128.3495318234368 0 0 3 3 3 0 0 0
-30.50667419882715 0 0 3 3 3 0 0 3
60.31559197635717 0 0 3 3 3 0 1 1
60.31559197635717 0 0 3 3 3 0 2 2
-29.51116875638437 0 0 3 3 3 0 3 0
1.2173691274321115 0 0 3 3 3 0 3 3
-27.643139684957173 0 0 3 3 3 3 0 0
1.3290828350953887 0 0 3 3 3 3 0 3
12.396729681279519 0 0 3 3 3 3 1 1
12.396729681279519 0 0 3 3 3 3 2 2
1.3666842186332624 0 0 3 3 3 3 3 0
0.27938670965891116 0 0 3 3 3 3 3 3
-0.32125779725793435 0 1 0 1 0 1 0 1
-176.19104913872505 0 1 0 1 0 1 1 0
0.9418193350353817 0 1 0 1 0 1 1 3
0.0019067405276629997 0 1 0 1 0 1 3 1
-0.3212577972579343 0 1 0 1 0 2 0 2
-176.19104913872502 0 1 0 1 0 2 2 0
0.9418193350353816 0 1 0 1 0 2 2 3
0.0019067405276629989 0 1 0 1 0 2 3 2
0.003237793736153592 0 1 0 1 3 1 0 1
3.3999158975082633 0 1 0 1 3 1 1 0
0.2522634829401151 0 1 0 1 3 1 1 3
0.0003957472056746697 0 1 0 1 3 1 3 1
0.003237793736153592 0 1 0 1 3 2 0 2
3.3999158975082637 0 1 0 1 3 2 2 0
0.2522634829401151 0 1 0 1 3 2 2 3
0.00039574720567466947 0 1 0 1 3 2 3 2
-188.7549606698111 0 1 0 2 0 1 0 2
-0.19328225364744867 0 1 0 2 0 1 2 0
7.91183929342589e-05 0 1 0 2 0 1 2 3
1.7729635591928306 0 1 0 2 0 1 3 2
188.7549606698111 0 1 0 2 0 2 0 1
0.1932822536474487 0 1 0 2 0 2 1 0
-7.91183929342589e-05 0 1 0 2 0 2 1 3
-1.7729635591928308 0 1 0 2 0 2 3 1
3.640582233253781 0 1 0 2 3 1 0 2
0.001762011397574103 0 1 0 2 3 1 2 0
4.306622052628823e-05 0 1 0 2 3 1 2 3
0.327384545350311 0 1 0 2 3 1 3 2
-3.6405822332537814 0 1 0 2 3 2 0 1
-0.001762011397574103 0 1 0 2 3 2 1 0
-4.306622052628823e-05 0 1 0 2 3 2 1 3
-0.327384545350311 0 1 0 2 3 2 3 1
0.00031710160015380764 0 1 1 0 0 1 0 1
-0.3419920465901131 0 1 1 0 0 1 1 0
0.0015971401649503823 0 1 1 0 0 1 1 3
7.911839293425758e-05 0 1 1 0 0 1 3 1
0.00031710160015380743 0 1 1 0 0 2 0 2
-0.341992046590113 0 1 1 0 0 2 2 0
0.0015971401649503823 0 1 1 0 0 2 2 3
7.911839293425845e-05 0 1 1 0 0 2 3 2
0.003424280862568428 0 1 1 0 3 1 1 0
0.00039633478491908907 0 1 1 0 3 1 1 3
3.6486837106637876e-05 0 1 1 0 3 1 3 1
0.003424280862568428 0 1 1 0 3 2 2 0
0.00039633478491908907 0 1 1 0 3 2 2 3
3.6486837106637876e-05 0 1 1 0 3 2 3 2
0.00029646696911804363 0 1 1 3 0 1 0 1
0.0015971401649503805 0 1 1 3 0 1 1 0
0.0007808494624773069 0 1 1 3 0 1 1 3
-0.19328225364744867 0 1 1 3 0 1 3 1
0.00029646696911804363 0 1 1 3 0 2 0 2
0.0015971401649503814 0 1 1 3 0 2 2 0
0.0007808494624773069 0 1 1 3 0 2 2 3
-0.19328225364744855 0 1 1 3 0 2 3 2
4.3327730443278034e-05 0 1 1 3 3 1 0 1
0.0004065673924729437 0 1 1 3 3 1 1 0
0.00173886805083104 0 1 1 3 3 1 3 1
4.3327730443278034e-05 0 1 1 3 3 2 0 2
0.0004065673924729437 0 1 1 3 3 2 2 0
0.00173886805083104 0 1 1 3 3 2 3 2
0.6949983558547657 0 1 2 0 0 1 0 2
-206.53830021885224 0 1 2 0 0 1 2 0
1.3688628168855368 0 1 2 0 0 1 2 3
0.9418193350353812 0 1 2 0 0 1 3 2
-0.6949983558547655 0 1 2 0 0 2 0 1
206.53830021885224 0 1 2 0 0 2 1 0
-1.3688628168855368 0 1 2 0 0 2 1 3
-0.9418193350353812 0 1 2 0 0 2 3 1
-0.008152979057631876 0 1 2 0 3 1 0 2
3.9857215267142294 0 1 2 0 3 1 2 0
0.3536816698686754 0 1 2 0 3 1 2 3
0.2522700623235349 0 1 2 0 3 1 3 2
0.008152979057631876 0 1 2 0 3 2 0 1
-3.98572152671423 0 1 2 0 3 2 1 0
-0.3536816698686755 0 1 2 0 3 2 1 3
-0.2522700623235349 0 1 2 0 3 2 3 1
1.4083873764015225 0 1 2 3 0 1 0 2
1.3688628168855366 0 1 2 3 0 1 2 0
0.876249970627746 0 1 2 3 0 1 2 3
-176.19104913872505 0 1 2 3 0 1 3 2
-1.4083873764015222 0 1 2 3 0 2 0 1
-1.3688628168855366 0 1 2 3 0 2 1 0
-0.876249970627746 0 1 2 3 0 2 1 3
176.19104913872505 0 1 2 3 0 2 3 1
0.25140663752611014 0 1 2 3 3 1 0 2
0.35971174702575537 0 1 2 3 3 1 2 0
-0.011352103152505379 0 1 2 3 3 1 2 3
3.3999390408550063 0 1 2 3 3 1 3 2
-0.2514066375261101 0 1 2 3 3 2 0 1
-0.3597117470257553 0 1 2 3 3 2 1 0
0.011352103152505379 0 1 2 3 3 2 1 3
-3.3999390408550063 0 1 2 3 3 2 3 1
0.0019067405276629989 0 1 3 1 0 1 0 1
1.4083873764015233 0 1 3 1 0 1 1 0
0.6949983558547659 0 1 3 1 0 1 1 3
0.0007218238159830831 0 1 3 1 0 1 3 1
0.0019067405276629989 0 1 3 1 0 2 0 2
1.4083873764015233 0 1 3 1 0 2 2 0
0.6949983558547659 0 1 3 1 0 2 2 3
0.0007218238159830835 0 1 3 1 0 2 3 2
0.000408419311798433 0 1 3 1 3 1 0 1
0.2514142896977554 0 1 3 1 3 1 1 0
-0.008152979057631876 0 1 3 1 3 1 1 3
0.00040841931179843276 0 1 3 1 3 2 0 2
0.25141428969775537 0 1 3 1 3 2 2 0
-0.008152979057631876 0 1 3 1 3 2 2 3
1.772963559192832 0 1 3 2 0 1 0 2
0.0002964669691180446 0 1 3 2 0 1 2 0
0.0003171016001538075 0 1 3 2 0 1 2 3
0.7461701884457327 0 1 3 2 0 1 3 2
-1.7729635591928319 0 1 3 2 0 2 0 1
-0.0002964669691180446 0 1 3 2 0 2 1 0
-0.0003171016001538077 0 1 3 2 0 2 1 3
-0.7461701884457329 0 1 3 2 0 2 3 1
0.3334121830088213 0 1 3 2 3 1 0 2
3.567555879837811e-05 0 1 3 2 3 1 2 0
-0.010978442370841147 0 1 3 2 3 1 3 2
-0.3334121830088213 0 1 3 2 3 2 0 1
-3.567555879837811e-05 0 1 3 2 3 2 1 0
0.010978442370841147 0 1 3 2 3 2 3 1
188.7549606698111 0 2 0 1 0 1 0 2
0.19328225364744867 0 2 0 1 0 1 2 0
-7.91183929342589e-05 0 2 0 1 0 1 2 3
-1.7729635591928308 0 2 0 1 0 1 3 2
-188.7549606698111 0 2 0 1 0 2 0 1
-0.1932822536474487 0 2 0 1 0 2 1 0
7.91183929342589e-05 0 2 0 1 0 2 1 3
1.7729635591928306 0 2 0 1 0 2 3 1
-3.6405822332537814 0 2 0 1 3 1 0 2
-0.001762011397574102 0 2 0 1 3 1 2 0
-4.306622052628823e-05 0 2 0 1 3 1 2 3
-0.327384545350311 0 2 0 1 3 1 3 2
3.640582233253781 0 2 0 1 3 2 0 1
0.0017620113975741038 0 2 0 1 3 2 1 0
4.306622052628823e-05 0 2 0 1 3 2 1 3
0.327384545350311 0 2 0 1 3 2 3 1
-0.3212577972579343 0 2 0 2 0 1 0 1
-176.19104913872505 0 2 0 2 0 1 1 0
0.9418193350353818 0 2 0 2 0 1 1 3
0.0019067405276629984 0 2 0 2 0 1 3 1
-0.32125779725793435 0 2 0 2 0 2 0 2
-176.19104913872502 0 2 0 2 0 2 2 0
0.9418193350353816 0 2 0 2 0 2 2 3
0.0019067405276629993 0 2 0 2 0 2 3 2
0.003237793736153592 0 2 0 2 3 1 0 1
3.3999158975082633 0 2 0 2 3 1 1 0
0.2522634829401151 0 2 0 2 3 1 1 3
0.0003957472056746697 0 2 0 2 3 1 3 1
0.003237793736153592 0 2 0 2 3 2 0 2
3.3999158975082637 0 2 0 2 3 2 2 0
0.25226348294011514 0 2 0 2 3 2 2 3
0.0003957472056746697 0 2 0 2 3 2 3 2
-0.6949983558547655 0 2 1 0 0 1 0 2
206.5383002188522 0 2 1 0 0 1 2 0
-1.3688628168855368 0 2 1 0 0 1 2 3
-0.941819335035381 0 2 1 0 0 1 3 2
0.6949983558547655 0 2 1 0 0 2 0 1
-206.53830021885224 0 2 1 0 0 2 1 0
1.3688628168855368 0 2 1 0 0 2 1 3
0.9418193350353812 0 2 1 0 0 2 3 1
0.00815297905763188 0 2 1 0 3 1 0 2
-3.98572152671423 0 2 1 0 3 1 2 0
-0.35368166986867544 0 2 1 0 3 1 2 3
-0.2522700623235349 0 2 1 0 3 1 3 2
-0.00815297905763188 0 2 1 0 3 2 0 1
3.9857215267142294 0 2 1 0 3 2 1 0
0.3536816698686755 0 2 1 0 3 2 1 3
0.25227006232353494 0 2 1 0 3 2 3 1
-1.4083873764015222 0 2 1 3 0 1 0 2
-1.3688628168855363 0 2 1 3 0 1 2 0
-0.876249970627746 0 2 1 3 0 1 2 3
176.19104913872502 0 2 1 3 0 1 3 2
1.4083873764015222 0 2 1 3 0 2 0 1
1.3688628168855363 0 2 1 3 0 2 1 0
0.876249970627746 0 2 1 3 0 2 1 3
-176.19104913872505 0 2 1 3 0 2 3 1
-0.2514066375261101 0 2 1 3 3 1 0 2
-0.3597117470257553 0 2 1 3 3 1 2 0
0.011352103152505379 0 2 1 3 3 1 2 3
-3.3999390408550068 0 2 1 3 3 1 3 2
0.25140663752611014 0 2 1 3 3 2 0 1
0.3597117470257553 0 2 1 3 3 2 1 0
-0.011352103152505379 0 2 1 3 3 2 1 3
3.3999390408550068 0 2 1 3 3 2 3 1
0.00031710160015380743 0 2 2 0 0 1 0 1
-0.3419920465901129 0 2 2 0 0 1 1 0
0.0015971401649503823 0 2 2 0 0 1 1 3
7.911839293425758e-05 0 2 2 0 0 1 3 1
0.00031710160015380754 0 2 2 0 0 2 0 2
-0.3419920465901129 0 2 2 0 0 2 2 0
0.0015971401649503823 0 2 2 0 0 2 2 3
7.911839293425758e-05 0 2 2 0 0 2 3 2
0.003424280862568428 0 2 2 0 3 1 1 0
0.00039633478491908907 0 2 2 0 3 1 1 3
3.6486837106637876e-05 0 2 2 0 3 1 3 1
0.003424280862568428 0 2 2 0 3 2 2 0
0.00039633478491908907 0 2 2 0 3 2 2 3
3.6486837106637876e-05 0 2 2 0 3 2 3 2
0.00029646696911804363 0 2 2 3 0 1 0 1
0.0015971401649503805 0 2 2 3 0 1 1 0
0.0007808494624773065 0 2 2 3 0 1 1 3
-0.19328225364744867 0 2 2 3 0 1 3 1
0.00029646696911804363 0 2 2 3 0 2 0 2
0.0015971401649503805 0 2 2 3 0 2 2 0
0.0007808494624773069 0 2 2 3 0 2 2 3
-0.19328225364744872 0 2 2 3 0 2 3 2
4.3327730443278034e-05 0 2 2 3 3 1 0 1
0.0004065673924729437 0 2 2 3 3 1 1 0
0.00173886805083104 0 2 2 3 3 1 3 1
4.3327730443278034e-05 0 2 2 3 3 2 0 2
0.0004065673924729437 0 2 2 3 3 2 2 0
0.00173886805083104 0 2 2 3 3 2 3 2
-1.772963559192832 0 2 3 1 0 1 0 2
-0.0002964669691180446 0 2 3 1 0 1 2 0
-0.0003171016001538075 0 2 3 1 0 1 2 3
-0.7461701884457329 0 2 3 1 0 1 3 2
1.7729635591928319 0 2 3 1 0 2 0 1
0.0002964669691180446 0 2 3 1 0 2 1 0
0.0003171016001538075 0 2 3 1 0 2 1 3
0.7461701884457329 0 2 3 1 0 2 3 1
-0.33341218300882136 0 2 3 1 3 1 0 2
-3.567555879837811e-05 0 2 3 1 3 1 2 0
0.010978442370841151 0 2 3 1 3 1 3 2
0.33341218300882125 0 2 3 1 3 2 0 1
3.567555879837811e-05 0 2 3 1 3 2 1 0
-0.010978442370841151 0 2 3 1 3 2 3 1
0.0019067405276629989 0 2 3 2 0 1 0 1
1.4083873764015236 0 2 3 2 0 1 1 0
0.6949983558547658 0 2 3 2 0 1 1 3
0.0007218238159830831 0 2 3 2 0 1 3 1
0.0019067405276629989 0 2 3 2 0 2 0 2
1.4083873764015233 0 2 3 2 0 2 2 0
0.6949983558547658 0 2 3 2 0 2 2 3
0.0007218238159830835 0 2 3 2 0 2 3 2
0.000408419311798433 0 2 3 2 3 1 0 1
0.2514142896977554 0 2 3 2 3 1 1 0
-0.00815297905763188 0 2 3 2 3 1 1 3
0.0004084193117984332 0 2 3 2 3 2 0 2
0.2514142896977554 0 2 3 2 3 2 2 0
-0.00815297905763188 0 2 3 2 3 2 2 3
24893.756614019498 0 3 0 0 0 0 0 0
3675.3664345403104 0 3 0 0 0 0 0 3
48.50442137273701 0 3 0 0 0 0 1 1
48.50442137273701 0 3 0 0 0 0 2 2
3814.683339983625 0 3 0 0 0 0 3 0
-128.3495318234367 0 3 0 0 0 0 3 3
6243.567482501519 0 3 0 0 0 3 0 0
-227.0981716238999 0 3 0 0 0 3 0 3
11.191325406582909 0 3 0 0 0 3 1 1
11.191325406582909 0 3 0 0 0 3 2 2
-256.6926038585097 0 3 0 0 0 3 3 0
-28.824420988852875 0 3 0 0 0 3 3 3
5499.656371978522 0 3 0 0 3 0 0 0
-218.43408209717236 0 3 0 0 3 0 0 3
11.036771664352607 0 3 0 0 3 0 1 1
11.036771664352608 0 3 0 0 3 0 2 2
-245.61401218720096 0 3 0 0 3 0 3 0
-27.574578294432637 0 3 0 0 3 0 3 3
-352.1179631956059 0 3 0 0 3 3 0 0
-50.67517935806437 0 3 0 0 3 3 0 3
-0.6805505884135803 0 3 0 0 3 3 1 1
-0.6805505884135803 0 3 0 0 3 3 2 2
-52.95545475240503 0 3 0 0 3 3 3 0
1.5074004733649566 0 3 0 0 3 3 3 3
3486.2902160732415 0 3 0 3 0 0 0 0
-171.64584073391904 0 3 0 3 0 0 0 3
-1774.308834382306 0 3 0 3 0 0 1 1
-1774.308834382306 0 3 0 3 0 0 2 2
-184.06488936816882 0 3 0 3 0 0 3 0
-30.506674198827138 0 3 0 3 0 0 3 3
-227.0981716238999 0 3 0 3 0 3 0 0
-42.68358717793907 0 3 0 3 0 3 0 3
109.90881336192919 0 3 0 3 0 3 1 1
109.90881336192919 0 3 0 3 0 3 2 2
-42.97114619682013 0 3 0 3 0 3 3 0
1.3766957737442536 0 3 0 3 0 3 3 3
-218.4340820971723 0 3 0 3 3 0 0 0
-40.253760130569525 0 3 0 3 3 0 0 3
105.52943333656285 0 3 0 3 3 0 1 1
105.52943333656283 0 3 0 3 3 0 2 2
-40.625789255715674 0 3 0 3 3 0 3 0
1.3373857458766734 0 3 0 3 3 0 3 3
-51.67305530275935 0 3 0 3 3 3 0 0
1.958658795099913 0 3 0 3 3 3 0 3
23.659104568113044 0 3 0 3 3 3 1 1
23.659104568113047 0 3 0 3 3 3 2 2
2.091472942721587 0 3 0 3 3 3 3 0
0.3219487993300044 0 3 0 3 3 3 3 3
60.315591976357155 0 3 1 1 0 0 0 0
-0.499221089308439 0 3 1 1 0 0 0 3
0.00162268209501652 0 3 1 1 0 0 1 1
0.00162268209501652 0 3 1 1 0 0 2 2
-1597.9245029899332 0 3 1 1 0 0 3 0
47.56252291930872 0 3 1 1 0 0 3 3
13.138167337179244 0 3 1 1 0 3 0 0
-0.1921898996208142 0 3 1 1 0 3 0 3
0.00047515566162814875 0 3 1 1 0 3 1 1
0.0004751556616281522 0 3 1 1 0 3 2 2
109.90881336192918 0 3 1 1 0 3 3 0
11.19132540658291 0 3 1 1 0 3 3 3
12.811595953872617 0 3 1 1 3 0 0 0
-0.1914411528038207 0 3 1 1 3 0 0 3
0.00041169562327470274 0 3 1 1 3 0 1 1
0.000411695623274701 0 3 1 1 3 0 2 2
105.5294333365628 0 3 1 1 3 0 3 0
11.03677166435261 0 3 1 1 3 0 3 3
-0.8019288993017331 0 3 1 1 3 3 0 0
-0.046034541658344315 0 3 1 1 3 3 0 3
24.5903920525322 0 3 1 1 3 3 3 0
-0.688229794216975 0 3 1 1 3 3 3 3
57.488605162357615 0 3 1 2 0 0 1 2
-57.488605162357615 0 3 1 2 0 0 2 1
14.146250052305621 0 3 1 2 0 3 1 2
-14.146250052305621 0 3 1 2 0 3 2 1
13.044758955895137 0 3 1 2 3 0 1 2
-13.044758955895137 0 3 1 2 3 0 2 1
-0.5724212993333662 0 3 1 2 3 3 1 2
0.5724212993333662 0 3 1 2 3 3 2 1
-57.48860516235761 0 3 2 1 0 0 1 2
57.48860516235761 0 3 2 1 0 0 2 1
-14.146250052305621 0 3 2 1 0 3 1 2
14.146250052305621 0 3 2 1 0 3 2 1
-13.044758955895135 0 3 2 1 3 0 1 2
13.044758955895135 0 3 2 1 3 0 2 1
0.5724212993333662 0 3 2 1 3 3 1 2
-0.5724212993333662 0 3 2 1 3 3 2 1
60.31559197635716 0 3 2 2 0 0 0 0
-0.49922108930843884 0 3 2 2 0 0 0 3
0.00162268209501652 0 3 2 2 0 0 1 1
0.0016226820950165268 0 3 2 2 0 0 2 2
-1597.9245029899334 0 3 2 2 0 0 3 0
47.562522919308726 0 3 2 2 0 0 3 3
13.138167337179244 0 3 2 2 0 3 0 0
-0.1921898996208142 0 3 2 2 0 3 0 3
0.00047515566162814946 0 3 2 2 0 3 1 1
0.0004751556616281512 0 3 2 2 0 3 2 2
109.90881336192918 0 3 2 2 0 3 3 0
11.191325406582907 0 3 2 2 0 3 3 3
12.811595953872617 0 3 2 2 3 0 0 0
-0.1914411528038207 0 3 2 2 3 0 0 3
0.000411695623274701 0 3 2 2 3 0 1 1
0.00041169562327470274 0 3 2 2 3 0 2 2
105.52943333656282 0 3 2 2 3 0 3 0
11.03677166435261 0 3 2 2 3 0 3 3
-0.8019288993017331 0 3 2 2 3 3 0 0
-0.04603454165834432 0 3 2 2 3 3 0 3
24.5903920525322 0 3 2 2 3 3 3 0
-0.688229794216975 0 3 2 2 3 3 3 3
3607.803047718181 0 3 3 0 0 0 0 0
-184.46929971083892 0 3 3 0 0 0 0 3
0.19609436814648143 0 3 3 0 0 0 1 1
0.19609436814648137 0 3 3 0 0 0 2 2
-200.9943492763911 0 3 3 0 0 0 3 0
-29.511168756384368 0 3 3 0 0 0 3 3
-256.69260385850976 0 3 3 0 0 3 0 0
-42.97114619682013 0 3 3 0 0 3 0 3
-0.19218989962081412 0 3 3 0 0 3 1 1
-0.19218989962081412 0 3 3 0 0 3 2 2
-44.02821175117247 0 3 3 0 0 3 3 0
1.4158142950794774 0 3 3 0 0 3 3 3
-245.61401218720096 0 3 3 0 3 0 0 0
-40.62578925571568 0 3 3 0 3 0 0 3
-0.19144115280382068 0 3 3 0 3 0 1 1
-0.19144115280382068 0 3 3 0 3 0 2 2
-41.66332956704755 0 3 3 0 3 0 3 0
1.37574194920144 0 3 3 0 3 0 3 3
-54.0473808412798 0 3 3 0 3 3 0 0
2.0908023332525048 0 3 3 0 3 3 0 3
-0.0438191744416568 0 3 3 0 3 3 1 1
-0.0438191744416568 0 3 3 0 3 3 2 2
2.256352213187384 0 3 3 0 3 3 3 0
0.32175310381499667 0 3 3 0 3 3 3 3
-125.20420156666566 0 3 3 3 0 0 0 0
-29.629643378736922 0 3 3 3 0 0 0 3
61.72427581972781 0 3 3 3 0 0 1 1
61.724275819727815 0 3 3 3 0 0 2 2
-28.76427674412266 0 3 3 3 0 0 3 0
1.2173691274321117 0 3 3 3 0 0 3 3
-28.82442098885287 0 3 3 3 0 3 0 0
1.3766957737442533 0 3 3 3 0 3 0 3
13.13816733717924 0 3 3 3 0 3 1 1
13.13816733717924 0 3 3 3 0 3 2 2
1.4158142950794774 0 3 3 3 0 3 3 0
0.2953729108340669 0 3 3 3 0 3 3 3
-27.574578294432637 0 3 3 3 3 0 0 0
1.3373857458766731 0 3 3 3 3 0 0 3
12.811595953872617 0 3 3 3 3 0 1 1
12.811595953872617 0 3 3 3 3 0 2 2
1.37574194920144 0 3 3 3 3 0 3 0
0.2847154433839631 0 3 3 3 3 0 3 3
1.5300322039424024 0 3 3 3 3 3 0 0
0.32511311563540474 0 3 3 3 3 3 0 3
-0.7929010838617275 0 3 3 3 3 3 1 1
-0.7929010838617275 0 3 3 3 3 3 2 2
0.3245563600038926 0 3 3 3 3 3 3 0
-0.3212577972579342 1 0 0 1 1 0 0 1
-176.19104913872508 1 0 0 1 1 0 1 0
0.9418193350353821 1 0 0 1 1 0 1 3
0.0019067405276629997 1 0 0 1 1 0 3 1
0.003237793736153594 1 0 0 1 1 3 0 1
3.399915897508264 1 0 0 1 1 3 1 0
0.2522634829401152 1 0 0 1 1 3 1 3
0.0003957472056746696 1 0 0 1 1 3 3 1
-0.32125779725793424 1 0 0 1 2 0 0 2
-176.19104913872508 1 0 0 1 2 0 2 0
0.9418193350353818 1 0 0 1 2 0 2 3
0.0019067405276629989 1 0 0 1 2 0 3 2
0.003237793736153594 1 0 0 1 2 3 0 2
3.3999158975082637 1 0 0 1 2 3 2 0
0.2522634829401152 1 0 0 1 2 3 2 3
0.0003957472056746696 1 0 0 1 2 3 3 2
-188.7549606698111 1 0 0 2 1 0 0 2
-0.19328225364744872 1 0 0 2 1 0 2 0
7.911839293425933e-05 1 0 0 2 1 0 2 3
1.7729635591928306 1 0 0 2 1 0 3 2
3.6405822332537814 1 0 0 2 1 3 0 2
0.001762011397574103 1 0 0 2 1 3 2 0
4.306622052628855e-05 1 0 0 2 1 3 2 3
0.3273845453503109 1 0 0 2 1 3 3 2
188.7549606698111 1 0 0 2 2 0 0 1
0.19328225364744872 1 0 0 2 2 0 1 0
-7.911839293425933e-05 1 0 0 2 2 0 1 3
-1.7729635591928306 1 0 0 2 2 0 3 1
-3.640582233253782 1 0 0 2 2 3 0 1
-0.001762011397574103 1 0 0 2 2 3 1 0
-4.306622052628855e-05 1 0 0 2 2 3 1 3
-0.3273845453503109 1 0 0 2 2 3 3 1
0.00031710160015380797 1 0 1 0 1 0 0 1
-0.34199204659011295 1 0 1 0 1 0 1 0
0.0015971401649503818 1 0 1 0 1 0 1 3
7.911839293425889e-05 1 0 1 0 1 0 3 1
0.0034242808625684308 1 0 1 0 1 3 1 0
0.00039633478491908863 1 0 1 0 1 3 1 3
3.648683710663766e-05 1 0 1 0 1 3 3 1
0.00031710160015380764 1 0 1 0 2 0 0 2
-0.34199204659011306 1 0 1 0 2 0 2 0
0.0015971401649503827 1 0 1 0 2 0 2 3
7.911839293425889e-05 1 0 1 0 2 0 3 2
0.0034242808625684308 1 0 1 0 2 3 2 0
0.0003963347849190884 1 0 1 0 2 3 2 3
3.648683710663766e-05 1 0 1 0 2 3 3 2
0.00029646696911804406 1 0 1 3 1 0 0 1
0.0015971401649503801 1 0 1 3 1 0 1 0
0.000780849462477307 1 0 1 3 1 0 1 3
-0.19328225364744867 1 0 1 3 1 0 3 1
4.3327730443278034e-05 1 0 1 3 1 3 0 1
0.00040656739247294367 1 0 1 3 1 3 1 0
0.00173886805083104 1 0 1 3 1 3 3 1
0.00029646696911804406 1 0 1 3 2 0 0 2
0.0015971401649503801 1 0 1 3 2 0 2 0
0.0007808494624773074 1 0 1 3 2 0 2 3
-0.19328225364744878 1 0 1 3 2 0 3 2
4.3327730443278034e-05 1 0 1 3 2 3 0 2
0.00040656739247294367 1 0 1 3 2 3 2 0
0.00173886805083104 1 0 1 3 2 3 3 2
0.6949983558547658 1 0 2 0 1 0 0 2
-206.53830021885227 1 0 2 0 1 0 2 0
1.3688628168855372 1 0 2 0 1 0 2 3
0.9418193350353814 1 0 2 0 1 0 3 2
-0.00815297905763188 1 0 2 0 1 3 0 2
3.9857215267142303 1 0 2 0 1 3 2 0
0.3536816698686754 1 0 2 0 1 3 2 3
0.252270062323535 1 0 2 0 1 3 3 2
-0.6949983558547658 1 0 2 0 2 0 0 1
206.53830021885227 1 0 2 0 2 0 1 0
-1.368862816885537 1 0 2 0 2 0 1 3
-0.9418193350353814 1 0 2 0 2 0 3 1
0.00815297905763188 1 0 2 0 2 3 0 1
-3.9857215267142303 1 0 2 0 2 3 1 0
-0.35368166986867544 1 0 2 0 2 3 1 3
-0.252270062323535 1 0 2 0 2 3 3 1
1.408387376401523 1 0 2 3 1 0 0 2
1.3688628168855368 1 0 2 3 1 0 2 0
0.8762499706277461 1 0 2 3 1 0 2 3
-176.19104913872508 1 0 2 3 1 0 3 2
0.25140663752611014 1 0 2 3 1 3 0 2
0.3597117470257555 1 0 2 3 1 3 2 0
-0.011352103152505379 1 0 2 3 1 3 2 3
3.399939040855007 1 0 2 3 1 3 3 2
-1.4083873764015227 1 0 2 3 2 0 0 1
-1.3688628168855368 1 0 2 3 2 0 1 0
-0.8762499706277461 1 0 2 3 2 0 1 3
176.19104913872508 1 0 2 3 2 0 3 1
-0.25140663752611014 1 0 2 3 2 3 0 1
-0.3597117470257554 1 0 2 3 2 3 1 0
0.011352103152505379 1 0 2 3 2 3 1 3
-3.399939040855007 1 0 2 3 2 3 3 1
0.001906740527662999 1 0 3 1 1 0 0 1
1.408387376401524 1 0 3 1 1 0 1 0
0.694998355854766 1 0 3 1 1 0 1 3
0.0007218238159830833 1 0 3 1 1 0 3 1
0.000408419311798433 1 0 3 1 1 3 0 1
0.2514142896977554 1 0 3 1 1 3 1 0
-0.00815297905763188 1 0 3 1 1 3 1 3
0.001906740527662999 1 0 3 1 2 0 0 2
1.408387376401524 1 0 3 1 2 0 2 0
0.694998355854766 1 0 3 1 2 0 2 3
0.0007218238159830833 1 0 3 1 2 0 3 2
0.000408419311798433 1 0 3 1 2 3 0 2
0.2514142896977555 1 0 3 1 2 3 2 0
-0.00815297905763188 1 0 3 1 2 3 2 3
1.7729635591928317 1 0 3 2 1 0 0 2
0.00029646696911804417 1 0 3 2 1 0 2 0
0.00031710160015380813 1 0 3 2 1 0 2 3
0.7461701884457328 1 0 3 2 1 0 3 2
0.3334121830088213 1 0 3 2 1 3 0 2
3.5675558798378155e-05 1 0 3 2 1 3 2 0
-0.010978442370841151 1 0 3 2 1 3 3 2
-1.7729635591928317 1 0 3 2 2 0 0 1
-0.00029646696911804417 1 0 3 2 2 0 1 0
-0.0003171016001538079 1 0 3 2 2 0 1 3
-0.7461701884457328 1 0 3 2 2 0 3 1
-0.33341218300882125 1 0 3 2 2 3 0 1
-3.5675558798378155e-05 1 0 3 2 2 3 1 0
0.010978442370841151 1 0 3 2 2 3 3 1
-0.5220916378541397 1 1 0 0 1 1 0 0
0.003081308540315854 1 1 0 0 1 1 0 3
-7.656289186800541e-05 1 1 0 0 1 1 1 1
-6.34041250287046e-05 1 1 0 0 1 1 2 2
0.0038818648425893165 1 1 0 0 1 1 3 0
0.0004561790041580226 1 1 0 0 1 1 3 3
-6.579383419650438e-06 1 1 0 0 1 2 1 2
-6.579383419650458e-06 1 1 0 0 1 2 2 1
-6.579383419650458e-06 1 1 0 0 2 1 1 2
-6.579383419650438e-06 1 1 0 0 2 1 2 1
-0.5220916378541396 1 1 0 0 2 2 0 0
0.003081308540315854 1 1 0 0 2 2 0 3
-6.34041250287046e-05 1 1 0 0 2 2 1 1
-7.656289186800541e-05 1 1 0 0 2 2 2 2
0.0038818648425893165 1 1 0 0 2 2 3 0
0.0004561790041580226 1 1 0 0 2 2 3 3
0.0030813085403158524 1 1 0 3 1 1 0 0
0.0008842922654733925 1 1 0 3 1 1 0 3
-0.0015641272320010774 1 1 0 3 1 1 1 1
-0.0015178405385149517 1 1 0 3 1 1 2 2
0.0008430348136350507 1 1 0 3 1 1 3 0
-2.3143346743063077e-05 1 1 0 3 1 2 1 2
-2.3143346743062992e-05 1 1 0 3 1 2 2 1
-2.3143346743062992e-05 1 1 0 3 2 1 1 2
-2.314334674306307e-05 1 1 0 3 2 1 2 1
0.0030813085403158524 1 1 0 3 2 2 0 0
0.0008842922654733929 1 1 0 3 2 2 0 3
-0.0015178405385149508 1 1 0 3 2 2 1 1
-0.0015641272320010774 1 1 0 3 2 2 2 2
0.0008430348136350507 1 1 0 3 2 2 3 0
-0.00013826785487791593 1 1 1 1 1 1 0 0
-1.629950205054377e-07 1 1 1 1 1 1 2 2
-0.0015178405385149513 1 1 1 1 1 1 3 0
-6.34041250287046e-05 1 1 1 1 1 1 3 3
8.149751025281424e-08 1 1 1 1 1 2 1 2
8.149751025279665e-08 1 1 1 1 1 2 2 1
8.149751025279665e-08 1 1 1 1 2 1 1 2
8.149751025281424e-08 1 1 1 1 2 1 2 1
-0.00013826785487791593 1 1 1 1 2 2 0 0
-1.629950205054377e-07 1 1 1 1 2 2 1 1
-0.0015178405385149513 1 1 1 1 2 2 3 0
-6.34041250287046e-05 1 1 1 1 2 2 3 3
-0.00040732102458473896 1 1 1 2 1 1 1 2
0.0003866928144565234 1 1 1 2 1 1 2 1
1.0314105064108023e-05 1 1 1 2 1 2 1 1
-1.0314105064107996e-05 1 1 1 2 1 2 2 2
1.0314105064107972e-05 1 1 1 2 2 1 1 1
-1.0314105064107992e-05 1 1 1 2 2 1 2 2
-0.0003866928144565234 1 1 1 2 2 2 1 2
0.00040732102458473896 1 1 1 2 2 2 2 1
0.0003866928144565234 1 1 2 1 1 1 1 2
-0.00041220002172455677 1 1 2 1 1 1 2 1
1.2753603634016793e-05 1 1 2 1 1 2 1 1
-1.275360363401675e-05 1 1 2 1 1 2 2 2
1.275360363401675e-05 1 1 2 1 2 1 1 1
-1.2753603634016793e-05 1 1 2 1 2 1 2 2
0.00041220002172455655 1 1 2 1 2 2 1 2
-0.0003866928144565236 1 1 2 1 2 2 2 1
-0.00012296351158811694 1 1 2 2 1 1 0 0
-1.6299502050543653e-07 1 1 2 2 1 1 1 1
-0.0120348101019127 1 1 2 2 1 1 2 2
-0.0015641272320010774 1 1 2 2 1 1 3 0
-7.656289186800552e-05 1 1 2 2 1 1 3 3
0.006017323553446099 1 1 2 2 1 2 1 2
0.006017323553446099 1 1 2 2 1 2 2 1
0.006017323553446099 1 1 2 2 2 1 1 2
0.006017323553446098 1 1 2 2 2 1 2 1
-0.00012296351158811673 1 1 2 2 2 2 0 0
-0.012034810101912699 1 1 2 2 2 2 1 1
-1.6299502050543478e-07 1 1 2 2 2 2 2 2
-0.0015641272320010774 1 1 2 2 2 2 3 0
-7.656289186800541e-05 1 1 2 2 2 2 3 3
0.0038818648425893165 1 1 3 0 1 1 0 0
0.0008430348136350498 1 1 3 0 1 1 0 3
0.0008756657371596782 1 1 3 0 1 1 3 0
0.0038818648425893165 1 1 3 0 2 2 0 0
0.0008430348136350507 1 1 3 0 2 2 0 3
0.0008756657371596778 1 1 3 0 2 2 3 0
0.00045617900415802323 1 1 3 3 1 1 0 0
-0.00012296351158811618 1 1 3 3 1 1 1 1
-0.0001382678548779155 1 1 3 3 1 1 2 2
7.652171644899548e-06 1 1 3 3 1 2 1 2
7.652171644899588e-06 1 1 3 3 1 2 2 1
7.652171644899588e-06 1 1 3 3 2 1 1 2
7.652171644899548e-06 1 1 3 3 2 1 2 1
0.00045617900415802323 1 1 3 3 2 2 0 0
-0.0001382678548779155 1 1 3 3 2 2 1 1
-0.00012296351158811597 1 1 3 3 2 2 2 2
-371.9555552615002 1 2 0 0 1 2 0 0
4.332044763363781 1 2 0 0 1 2 0 3
-0.07727687111514972 1 2 0 0 1 2 1 1
-0.07727687111514969 1 2 0 0 1 2 2 2
5.539295835654348 1 2 0 0 1 2 3 0
0.6249213472101284 1 2 0 0 1 2 3 3
371.9555552615002 1 2 0 0 2 1 0 0
-4.332044763363781 1 2 0 0 2 1 0 3
0.0772768711151497 1 2 0 0 2 1 1 1
0.0772768711151497 1 2 0 0 2 1 2 2
-5.539295835654348 1 2 0 0 2 1 3 0
-0.6249213472101284 1 2 0 0 2 1 3 3
4.332044763363777 1 2 0 3 1 2 0 0
1.2149135236847706 1 2 0 3 1 2 0 3
-2.1896900126832044 1 2 0 3 1 2 1 1
-2.1896900126832044 1 2 0 3 1 2 2 2
1.1726784705522288 1 2 0 3 1 2 3 0
-0.019655013933790155 1 2 0 3 1 2 3 3
-4.332044763363778 1 2 0 3 2 1 0 0
-1.2149135236847706 1 2 0 3 2 1 0 3
2.1896900126832044 1 2 0 3 2 1 1 1
2.1896900126832044 1 2 0 3 2 1 2 2
-1.172678470552229 1 2 0 3 2 1 3 0
0.019655013933790155 1 2 0 3 2 1 3 3
1.0314105064107987e-05 1 2 1 1 1 1 1 2
1.2753603634016773e-05 1 2 1 1 1 1 2 1
-0.1632856916533102 1 2 1 1 1 2 0 0
0.00037437340849674387 1 2 1 1 1 2 0 3
-4.3263873525788076e-05 1 2 1 1 1 2 1 1
-2.019616482766339e-05 1 2 1 1 1 2 2 2
-2.1896900126832035 1 2 1 1 1 2 3 0
-0.0772768711151497 1 2 1 1 1 2 3 3
0.16328569165331022 1 2 1 1 2 1 0 0
-0.00037437340849674387 1 2 1 1 2 1 0 3
2.019616482766339e-05 1 2 1 1 2 1 1 1
4.3263873525788076e-05 1 2 1 1 2 1 2 2
2.1896900126832035 1 2 1 1 2 1 3 0
0.0772768711151497 1 2 1 1 2 1 3 3
-1.2753603634016773e-05 1 2 1 1 2 2 1 2
-1.0314105064107987e-05 1 2 1 1 2 2 2 1
-7.652171644899587e-06 1 2 1 2 1 1 0 0
8.149751025280085e-08 1 2 1 2 1 1 1 1
0.006017323553446097 1 2 1 2 1 1 2 2
2.314334674306304e-05 1 2 1 2 1 1 3 0
6.5793834196504766e-06 1 2 1 2 1 1 3 3
-0.5537541692332095 1 2 1 2 1 2 1 2
0.5477369271772738 1 2 1 2 1 2 2 1
0.547736927177274 1 2 1 2 2 1 1 2
-0.5537541692332095 1 2 1 2 2 1 2 1
-7.652171644899587e-06 1 2 1 2 2 2 0 0
0.006017323553446097 1 2 1 2 2 2 1 1
8.149751025280123e-08 1 2 1 2 2 2 2 2
2.314334674306304e-05 1 2 1 2 2 2 3 0
6.5793834196504766e-06 1 2 1 2 2 2 3 3
-7.652171644899597e-06 1 2 2 1 1 1 0 0
8.14975102527982e-08 1 2 2 1 1 1 1 1
0.006017323553446096 1 2 2 1 1 1 2 2
2.3143346743063083e-05 1 2 2 1 1 1 3 0
6.579383419650476e-06 1 2 2 1 1 1 3 3
0.5477369271772737 1 2 2 1 1 2 1 2
-0.5537541692332095 1 2 2 1 1 2 2 1
-0.5537541692332095 1 2 2 1 2 1 1 2
0.5477369271772738 1 2 2 1 2 1 2 1
-7.652171644899597e-06 1 2 2 1 2 2 0 0
0.0060173235534460995 1 2 2 1 2 2 1 1
8.149751025280784e-08 1 2 2 1 2 2 2 2
2.3143346743063083e-05 1 2 2 1 2 2 3 0
6.579383419650425e-06 1 2 2 1 2 2 3 3
-1.0314105064107992e-05 1 2 2 2 1 1 1 2
-1.2753603634016774e-05 1 2 2 2 1 1 2 1
-0.1632856916533102 1 2 2 2 1 2 0 0
0.00037437340849674403 1 2 2 2 1 2 0 3
-2.0196164827663397e-05 1 2 2 2 1 2 1 1
-4.326387352578806e-05 1 2 2 2 1 2 2 2
-2.1896900126832035 1 2 2 2 1 2 3 0
-0.07727687111514972 1 2 2 2 1 2 3 3
0.16328569165331022 1 2 2 2 2 1 0 0
-0.00037437340849674403 1 2 2 2 2 1 0 3
4.326387352578806e-05 1 2 2 2 2 1 1 1
2.01961648276634e-05 1 2 2 2 2 1 2 2
2.1896900126832035 1 2 2 2 2 1 3 0
0.07727687111514972 1 2 2 2 2 1 3 3
1.2753603634016766e-05 1 2 2 2 2 2 1 2
1.0314105064107992e-05 1 2 2 2 2 2 2 1
5.539295835654349 1 2 3 0 1 2 0 0
1.172678470552229 1 2 3 0 1 2 0 3
0.00037437340849674354 1 2 3 0 1 2 1 1
0.00037437340849674354 1 2 3 0 1 2 2 2
1.182441092062462 1 2 3 0 1 2 3 0
-0.020036172939018652 1 2 3 0 1 2 3 3
-5.539295835654349 1 2 3 0 2 1 0 0
-1.1726784705522288 1 2 3 0 2 1 0 3
-0.00037437340849674354 1 2 3 0 2 1 1 1
-0.00037437340849674354 1 2 3 0 2 1 2 2
-1.1824410920624622 1 2 3 0 2 1 3 0
0.020036172939018652 1 2 3 0 2 1 3 3
0.6249213472101285 1 2 3 3 1 2 0 0
-0.019655013933790155 1 2 3 3 1 2 0 3
-0.16328569165331022 1 2 3 3 1 2 1 1
-0.16328569165331022 1 2 3 3 1 2 2 2
-0.020036172939018645 1 2 3 3 1 2 3 0
-0.0053287337250519096 1 2 3 3 1 2 3 3
-0.6249213472101285 1 2 3 3 2 1 0 0
0.019655013933790155 1 2 3 3 2 1 0 3
0.16328569165331022 1 2 3 3 2 1 1 1
0.16328569165331022 1 2 3 3 2 1 2 2
0.020036172939018645 1 2 3 3 2 1 3 0
0.0053287337250519096 1 2 3 3 2 1 3 3
0.003237793736153592 1 3 0 1 1 0 0 1
3.3999390408550068 1 3 0 1 1 0 1 0
0.252270062323535 1 3 0 1 1 0 1 3
0.00040841931179843314 1 3 0 1 1 0 3 1
0.0009203287584090391 1 3 0 1 1 3 0 1
0.9307733279303645 1 3 0 1 1 3 1 0
-0.007679205803394755 1 3 0 1 1 3 1 3
0.003237793736153592 1 3 0 1 2 0 0 2
3.399939040855007 1 3 0 1 2 0 2 0
0.252270062323535 1 3 0 1 2 0 2 3
0.00040841931179843314 1 3 0 1 2 0 3 2
0.0009203287584090374 1 3 0 1 2 3 0 2
0.9307733279303645 1 3 0 1 2 3 2 0
-0.007679205803394755 1 3 0 1 2 3 2 3
3.6405822332537814 1 3 0 2 1 0 0 2
0.0017388680508310383 1 3 0 2 1 0 2 0
3.648683710663777e-05 1 3 0 2 1 0 2 3
0.3334121830088213 1 3 0 2 1 0 3 2
0.9969556159365804 1 3 0 2 1 3 0 2
0.0005141564887974986 1 3 0 2 1 3 2 0
-0.011651170023264289 1 3 0 2 1 3 3 2
-3.6405822332537814 1 3 0 2 2 0 0 1
-0.0017388680508310383 1 3 0 2 2 0 1 0
-3.648683710663777e-05 1 3 0 2 2 0 1 3
-0.33341218300882125 1 3 0 2 2 0 3 1
-0.9969556159365804 1 3 0 2 2 3 0 1
-0.000514156488797499 1 3 0 2 2 3 1 0
0.011651170023264289 1 3 0 2 2 3 3 1
0.0034242808625684264 1 3 1 0 1 0 1 0
0.0004065673924729437 1 3 1 0 1 0 1 3
4.3066220526288884e-05 1 3 1 0 1 0 3 1
0.0009752159119482723 1 3 1 0 1 3 1 0
0.0034242808625684264 1 3 1 0 2 0 2 0
0.0004065673924729437 1 3 1 0 2 0 2 3
4.3066220526288884e-05 1 3 1 0 2 0 3 2
0.0009752159119482723 1 3 1 0 2 3 2 0
3.5675558798378324e-05 1 3 1 3 1 0 0 1
0.0003963347849190884 1 3 1 3 1 0 1 0
0.001762011397574103 1 3 1 3 1 0 3 1
0.0005141564887974983 1 3 1 3 1 3 3 1
3.5675558798378324e-05 1 3 1 3 2 0 0 2
0.0003963347849190884 1 3 1 3 2 0 2 0
0.001762011397574103 1 3 1 3 2 0 3 2
0.0005141564887974988 1 3 1 3 2 3 3 2
-0.008152979057631878 1 3 2 0 1 0 0 2
3.98572152671423 1 3 2 0 1 0 2 0
0.3597117470257554 1 3 2 0 1 0 2 3
0.2522634829401152 1 3 2 0 1 0 3 2
-0.0022153672166875184 1 3 2 0 1 3 0 2
1.0909508729628243 1 3 2 0 1 3 2 0
-0.01098056055418176 1 3 2 0 1 3 2 3
-0.00767920580339475 1 3 2 0 1 3 3 2
0.008152979057631878 1 3 2 0 2 0 0 1
-3.9857215267142303 1 3 2 0 2 0 1 0
-0.35971174702575537 1 3 2 0 2 0 1 3
-0.2522634829401152 1 3 2 0 2 0 3 1
0.002215367216687518 1 3 2 0 2 3 0 1
-1.0909508729628243 1 3 2 0 2 3 1 0
0.01098056055418176 1 3 2 0 2 3 1 3
0.00767920580339475 1 3 2 0 2 3 3 1
0.25141428969775537 1 3 2 3 1 0 0 2
0.35368166986867544 1 3 2 3 1 0 2 0
-0.011352103152505377 1 3 2 3 1 0 2 3
3.3999158975082637 1 3 2 3 1 0 3 2
-0.009027815440005691 1 3 2 3 1 3 0 2
-0.010980560554181756 1 3 2 3 1 3 2 0
-0.0031643163054002558 1 3 2 3 1 3 2 3
0.9307733279303645 1 3 2 3 1 3 3 2
-0.25141428969775537 1 3 2 3 2 0 0 1
-0.35368166986867544 1 3 2 3 2 0 1 0
0.011352103152505377 1 3 2 3 2 0 1 3
-3.3999158975082637 1 3 2 3 2 0 3 1
0.009027815440005691 1 3 2 3 2 3 0 1
0.010980560554181756 1 3 2 3 2 3 1 0
0.0031643163054002558 1 3 2 3 2 3 1 3
-0.9307733279303645 1 3 2 3 2 3 3 1
0.0003957472056746694 1 3 3 1 1 0 0 1
0.2514066375261104 1 3 3 1 1 0 1 0
-0.00815297905763188 1 3 3 1 1 0 1 3
-0.00902781544000569 1 3 3 1 1 3 1 0
-0.0022153672166875184 1 3 3 1 1 3 1 3
0.0003957472056746694 1 3 3 1 2 0 0 2
0.25140663752611037 1 3 3 1 2 0 2 0
-0.00815297905763188 1 3 3 1 2 0 2 3
-0.00902781544000569 1 3 3 1 2 3 2 0
-0.0022153672166875184 1 3 3 1 2 3 2 3
0.327384545350311 1 3 3 2 1 0 0 2
4.332773044327857e-05 1 3 3 2 1 0 2 0
-0.010978442370841147 1 3 3 2 1 0 3 2
-0.011651170023264289 1 3 3 2 1 3 0 2
-0.002803256188896047 1 3 3 2 1 3 3 2
-0.327384545350311 1 3 3 2 2 0 0 1
-4.332773044327835e-05 1 3 3 2 2 0 1 0
0.010978442370841147 1 3 3 2 2 0 3 1
0.011651170023264289 1 3 3 2 2 3 0 1
0.002803256188896047 1 3 3 2 2 3 3 1
188.7549606698111 2 0 0 1 1 0 0 2
0.1932822536474487 2 0 0 1 1 0 2 0
-7.911839293425933e-05 2 0 0 1 1 0 2 3
-1.7729635591928306 2 0 0 1 1 0 3 2
-3.640582233253782 2 0 0 1 1 3 0 2
-0.001762011397574103 2 0 0 1 1 3 2 0
-4.306622052628855e-05 2 0 0 1 1 3 2 3
-0.3273845453503109 2 0 0 1 1 3 3 2
-188.7549606698111 2 0 0 1 2 0 0 1
-0.19328225364744864 2 0 0 1 2 0 1 0
7.911839293425933e-05 2 0 0 1 2 0 1 3
1.7729635591928306 2 0 0 1 2 0 3 1
3.6405822332537814 2 0 0 1 2 3 0 1
0.001762011397574103 2 0 0 1 2 3 1 0
4.306622052628855e-05 2 0 0 1 2 3 1 3
0.3273845453503109 2 0 0 1 2 3 3 1
-0.3212577972579342 2 0 0 2 1 0 0 1
-176.19104913872505 2 0 0 2 1 0 1 0
0.941819335035382 2 0 0 2 1 0 1 3
0.0019067405276629989 2 0 0 2 1 0 3 1
0.003237793736153594 2 0 0 2 1 3 0 1
3.399915897508264 2 0 0 2 1 3 1 0
0.25226348294011514 2 0 0 2 1 3 1 3
0.00039574720567466936 2 0 0 2 1 3 3 1
-0.3212577972579343 2 0 0 2 2 0 0 2
-176.19104913872505 2 0 0 2 2 0 2 0
0.941819335035382 2 0 0 2 2 0 2 3
0.0019067405276629989 2 0 0 2 2 0 3 2
0.003237793736153594 2 0 0 2 2 3 0 2
3.3999158975082637 2 0 0 2 2 3 2 0
0.25226348294011525 2 0 0 2 2 3 2 3
0.0003957472056746696 2 0 0 2 2 3 3 2
-0.6949983558547658 2 0 1 0 1 0 0 2
206.53830021885227 2 0 1 0 1 0 2 0
-1.3688628168855372 2 0 1 0 1 0 2 3
-0.9418193350353816 2 0 1 0 1 0 3 2
0.00815297905763188 2 0 1 0 1 3 0 2
-3.9857215267142303 2 0 1 0 1 3 2 0
-0.35368166986867544 2 0 1 0 1 3 2 3
-0.25227006232353505 2 0 1 0 1 3 3 2
0.6949983558547658 2 0 1 0 2 0 0 1
-206.53830021885224 2 0 1 0 2 0 1 0
1.3688628168855372 2 0 1 0 2 0 1 3
0.9418193350353814 2 0 1 0 2 0 3 1
-0.00815297905763188 2 0 1 0 2 3 0 1
3.9857215267142303 2 0 1 0 2 3 1 0
0.35368166986867555 2 0 1 0 2 3 1 3
0.252270062323535 2 0 1 0 2 3 3 1
-1.4083873764015227 2 0 1 3 1 0 0 2
-1.3688628168855368 2 0 1 3 1 0 2 0
-0.8762499706277461 2 0 1 3 1 0 2 3
176.19104913872508 2 0 1 3 1 0 3 2
-0.25140663752611014 2 0 1 3 1 3 0 2
-0.3597117470257554 2 0 1 3 1 3 2 0
0.011352103152505379 2 0 1 3 1 3 2 3
-3.3999390408550068 2 0 1 3 1 3 3 2
1.4083873764015225 2 0 1 3 2 0 0 1
1.3688628168855368 2 0 1 3 2 0 1 0
0.8762499706277461 2 0 1 3 2 0 1 3
-176.19104913872505 2 0 1 3 2 0 3 1
0.2514066375261101 2 0 1 3 2 3 0 1
0.3597117470257554 2 0 1 3 2 3 1 0
-0.011352103152505379 2 0 1 3 2 3 1 3
3.3999390408550068 2 0 1 3 2 3 3 1
0.00031710160015380786 2 0 2 0 1 0 0 1
-0.34199204659011295 2 0 2 0 1 0 1 0
0.0015971401649503818 2 0 2 0 1 0 1 3
7.911839293425889e-05 2 0 2 0 1 0 3 1
0.003424280862568429 2 0 2 0 1 3 1 0
0.0003963347849190884 2 0 2 0 1 3 1 3
3.648683710663766e-05 2 0 2 0 1 3 3 1
0.0003171016001538082 2 0 2 0 2 0 0 2
-0.341992046590113 2 0 2 0 2 0 2 0
0.0015971401649503818 2 0 2 0 2 0 2 3
7.911839293425802e-05 2 0 2 0 2 0 3 2
0.003424280862568429 2 0 2 0 2 3 2 0
0.0003963347849190884 2 0 2 0 2 3 2 3
3.648683710663766e-05 2 0 2 0 2 3 3 2
0.00029646696911804406 2 0 2 3 1 0 0 1
0.0015971401649503818 2 0 2 3 1 0 1 0
0.0007808494624773066 2 0 2 3 1 0 1 3
-0.19328225364744872 2 0 2 3 1 0 3 1
4.3327730443278034e-05 2 0 2 3 1 3 0 1
0.00040656739247294367 2 0 2 3 1 3 1 0
0.0017388680508310396 2 0 2 3 1 3 3 1
0.00029646696911804406 2 0 2 3 2 0 0 2
0.0015971401649503801 2 0 2 3 2 0 2 0
0.0007808494624773066 2 0 2 3 2 0 2 3
-0.19328225364744867 2 0 2 3 2 0 3 2
4.332773044327825e-05 2 0 2 3 2 3 0 2
0.00040656739247294367 2 0 2 3 2 3 2 0
0.0017388680508310405 2 0 2 3 2 3 3 2
-1.7729635591928317 2 0 3 1 1 0 0 2
-0.00029646696911804417 2 0 3 1 1 0 2 0
-0.00031710160015380813 2 0 3 1 1 0 2 3
-0.7461701884457328 2 0 3 1 1 0 3 2
-0.33341218300882125 2 0 3 1 1 3 0 2
-3.5675558798378155e-05 2 0 3 1 1 3 2 0
0.010978442370841147 2 0 3 1 1 3 3 2
1.7729635591928317 2 0 3 1 2 0 0 1
0.00029646696911804504 2 0 3 1 2 0 1 0
0.0003171016001538079 2 0 3 1 2 0 1 3
0.746170188445733 2 0 3 1 2 0 3 1
0.33341218300882125 2 0 3 1 2 3 0 1
3.567555879837837e-05 2 0 3 1 2 3 1 0
-0.010978442370841147 2 0 3 1 2 3 3 1
0.001906740527662999 2 0 3 2 1 0 0 1
1.4083873764015238 2 0 3 2 1 0 1 0
0.6949983558547659 2 0 3 2 1 0 1 3
0.0007218238159830833 2 0 3 2 1 0 3 1
0.000408419311798433 2 0 3 2 1 3 0 1
0.25141428969775537 2 0 3 2 1 3 1 0
-0.00815297905763188 2 0 3 2 1 3 1 3
0.0019067405276629982 2 0 3 2 2 0 0 2
1.4083873764015238 2 0 3 2 2 0 2 0
0.6949983558547659 2 0 3 2 2 0 2 3
0.0007218238159830831 2 0 3 2 2 0 3 2
0.000408419311798433 2 0 3 2 2 3 0 2
0.2514142896977554 2 0 3 2 2 3 2 0
-0.00815297905763188 2 0 3 2 2 3 2 3
371.9555552615002 2 1 0 0 1 2 0 0
-4.332044763363781 2 1 0 0 1 2 0 3
0.07727687111514972 2 1 0 0 1 2 1 1
0.07727687111514968 2 1 0 0 1 2 2 2
-5.539295835654348 2 1 0 0 1 2 3 0
-0.6249213472101284 2 1 0 0 1 2 3 3
-371.9555552615002 2 1 0 0 2 1 0 0
4.332044763363781 2 1 0 0 2 1 0 3
-0.07727687111514968 2 1 0 0 2 1 1 1
-0.0772768711151497 2 1 0 0 2 1 2 2
5.5392958356543485 2 1 0 0 2 1 3 0
0.6249213472101284 2 1 0 0 2 1 3 3
-4.332044763363778 2 1 0 3 1 2 0 0
-1.2149135236847706 2 1 0 3 1 2 0 3
2.1896900126832044 2 1 0 3 1 2 1 1
2.1896900126832044 2 1 0 3 1 2 2 2
-1.172678470552229 2 1 0 3 1 2 3 0
0.019655013933790155 2 1 0 3 1 2 3 3
4.332044763363777 2 1 0 3 2 1 0 0
1.2149135236847706 2 1 0 3 2 1 0 3
-2.1896900126832044 2 1 0 3 2 1 1 1
-2.1896900126832044 2 1 0 3 2 1 2 2
1.1726784705522288 2 1 0 3 2 1 3 0
-0.019655013933790155 2 1 0 3 2 1 3 3
1.0314105064107989e-05 2 1 1 1 1 1 1 2
1.2753603634016774e-05 2 1 1 1 1 1 2 1
0.16328569165331022 2 1 1 1 1 2 0 0
-0.0003743734084967439 2 1 1 1 1 2 0 3
2.01961648276634e-05 2 1 1 1 1 2 1 1
4.326387352578805e-05 2 1 1 1 1 2 2 2
2.1896900126832035 2 1 1 1 1 2 3 0
0.07727687111514972 2 1 1 1 1 2 3 3
-0.16328569165331025 2 1 1 1 2 1 0 0
0.0003743734084967439 2 1 1 1 2 1 0 3
-4.3263873525788035e-05 2 1 1 1 2 1 1 1
-2.0196164827663397e-05 2 1 1 1 2 1 2 2
-2.1896900126832035 2 1 1 1 2 1 3 0
-0.0772768711151497 2 1 1 1 2 1 3 3
-1.2753603634016769e-05 2 1 1 1 2 2 1 2
-1.0314105064107996e-05 2 1 1 1 2 2 2 1
-7.652171644899593e-06 2 1 1 2 1 1 0 0
8.149751025280587e-08 2 1 1 2 1 1 1 1
0.0060173235534460995 2 1 1 2 1 1 2 2
2.3143346743063083e-05 2 1 1 2 1 1 3 0
6.579383419650476e-06 2 1 1 2 1 1 3 3
0.547736927177274 2 1 1 2 1 2 1 2
-0.5537541692332095 2 1 1 2 1 2 2 1
-0.5537541692332095 2 1 1 2 2 1 1 2
0.5477369271772738 2 1 1 2 2 1 2 1
-7.652171644899597e-06 2 1 1 2 2 2 0 0
0.006017323553446103 2 1 1 2 2 2 1 1
8.149751025280335e-08 2 1 1 2 2 2 2 2
2.3143346743063083e-05 2 1 1 2 2 2 3 0
6.579383419650425e-06 2 1 1 2 2 2 3 3
-7.652171644899598e-06 2 1 2 1 1 1 0 0
8.149751025281017e-08 2 1 2 1 1 1 1 1
0.006017323553446096 2 1 2 1 1 1 2 2
2.314334674306304e-05 2 1 2 1 1 1 3 0
6.579383419650439e-06 2 1 2 1 1 1 3 3
-0.5537541692332095 2 1 2 1 1 2 1 2
0.5477369271772737 2 1 2 1 1 2 2 1
0.5477369271772738 2 1 2 1 2 1 1 2
-0.5537541692332096 2 1 2 1 2 1 2 1
-7.652171644899544e-06 2 1 2 1 2 2 0 0
0.006017323553446097 2 1 2 1 2 2 1 1
8.149751025279026e-08 2 1 2 1 2 2 2 2
2.314334674306304e-05 2 1 2 1 2 2 3 0
6.579383419650439e-06 2 1 2 1 2 2 3 3
-1.0314105064108008e-05 2 1 2 2 1 1 1 2
-1.2753603634016776e-05 2 1 2 2 1 1 2 1
0.16328569165331022 2 1 2 2 1 2 0 0
-0.00037437340849674403 2 1 2 2 1 2 0 3
4.326387352578805e-05 2 1 2 2 1 2 1 1
2.0196164827663384e-05 2 1 2 2 1 2 2 2
2.1896900126832035 2 1 2 2 1 2 3 0
0.07727687111514969 2 1 2 2 1 2 3 3
-0.16328569165331025 2 1 2 2 2 1 0 0
0.00037437340849674403 2 1 2 2 2 1 0 3
-2.0196164827663384e-05 2 1 2 2 2 1 1 1
-4.3263873525788035e-05 2 1 2 2 2 1 2 2
-2.1896900126832035 2 1 2 2 2 1 3 0
-0.07727687111514969 2 1 2 2 2 1 3 3
1.275360363401678e-05 2 1 2 2 2 2 1 2
1.0314105064108e-05 2 1 2 2 2 2 2 1
-5.539295835654349 2 1 3 0 1 2 0 0
-1.1726784705522288 2 1 3 0 1 2 0 3
-0.00037437340849674354 2 1 3 0 1 2 1 1
-0.00037437340849674354 2 1 3 0 1 2 2 2
-1.1824410920624622 2 1 3 0 1 2 3 0
0.020036172939018652 2 1 3 0 1 2 3 3
5.53929583565435 2 1 3 0 2 1 0 0
1.172678470552229 2 1 3 0 2 1 0 3
0.00037437340849674354 2 1 3 0 2 1 1 1
0.00037437340849674354 2 1 3 0 2 1 2 2
1.182441092062462 2 1 3 0 2 1 3 0
-0.020036172939018652 2 1 3 0 2 1 3 3
-0.6249213472101285 2 1 3 3 1 2 0 0
0.019655013933790155 2 1 3 3 1 2 0 3
0.16328569165331025 2 1 3 3 1 2 1 1
0.16328569165331022 2 1 3 3 1 2 2 2
0.020036172939018645 2 1 3 3 1 2 3 0
0.0053287337250519096 2 1 3 3 1 2 3 3
0.6249213472101285 2 1 3 3 2 1 0 0
-0.019655013933790155 2 1 3 3 2 1 0 3
-0.16328569165331025 2 1 3 3 2 1 1 1
-0.16328569165331025 2 1 3 3 2 1 2 2
-0.020036172939018645 2 1 3 3 2 1 3 0
-0.0053287337250519096 2 1 3 3 2 1 3 3
-0.5220916378541396 2 2 0 0 1 1 0 0
0.003081308540315854 2 2 0 0 1 1 0 3
-7.656289186800541e-05 2 2 0 0 1 1 1 1
-6.340412502870449e-05 2 2 0 0 1 1 2 2
0.0038818648425893165 2 2 0 0 1 1 3 0
0.0004561790041580226 2 2 0 0 1 1 3 3
-6.57938341965046e-06 2 2 0 0 1 2 1 2
-6.579383419650429e-06 2 2 0 0 1 2 2 1
-6.579383419650429e-06 2 2 0 0 2 1 1 2
-6.57938341965046e-06 2 2 0 0 2 1 2 1
-0.5220916378541396 2 2 0 0 2 2 0 0
0.003081308540315854 2 2 0 0 2 2 0 3
-6.340412502870449e-05 2 2 0 0 2 2 1 1
-7.656289186800541e-05 2 2 0 0 2 2 2 2
0.0038818648425893165 2 2 0 0 2 2 3 0
0.0004561790041580226 2 2 0 0 2 2 3 3
0.003081308540315854 2 2 0 3 1 1 0 0
0.0008842922654733929 2 2 0 3 1 1 0 3
-0.0015641272320010774 2 2 0 3 1 1 1 1
-0.0015178405385149517 2 2 0 3 1 1 2 2
0.0008430348136350503 2 2 0 3 1 1 3 0
-2.3143346743063012e-05 2 2 0 3 1 2 1 2
-2.3143346743062985e-05 2 2 0 3 1 2 2 1
-2.3143346743062985e-05 2 2 0 3 2 1 1 2
-2.3143346743063012e-05 2 2 0 3 2 1 2 1
0.0030813085403158524 2 2 0 3 2 2 0 0
0.0008842922654733925 2 2 0 3 2 2 0 3
-0.0015178405385149508 2 2 0 3 2 2 1 1
-0.0015641272320010774 2 2 0 3 2 2 2 2
0.0008430348136350503 2 2 0 3 2 2 3 0
-0.0001229635115881165 2 2 1 1 1 1 0 0
-1.62995020505434e-07 2 2 1 1 1 1 1 1
-0.012034810101912699 2 2 1 1 1 1 2 2
-0.0015641272320010774 2 2 1 1 1 1 3 0
-7.656289186800541e-05 2 2 1 1 1 1 3 3
0.006017323553446097 2 2 1 1 1 2 1 2
0.0060173235534460995 2 2 1 1 1 2 2 1
0.006017323553446101 2 2 1 1 2 1 1 2
0.006017323553446098 2 2 1 1 2 1 2 1
-0.0001229635115881165 2 2 1 1 2 2 0 0
-0.0120348101019127 2 2 1 1 2 2 1 1
-1.6299502050543145e-07 2 2 1 1 2 2 2 2
-0.0015641272320010774 2 2 1 1 2 2 3 0
-7.656289186800541e-05 2 2 1 1 2 2 3 3
-0.0003866928144565234 2 2 1 2 1 1 1 2
0.00041220002172455677 2 2 1 2 1 1 2 1
-1.2753603634016783e-05 2 2 1 2 1 2 1 1
1.275360363401678e-05 2 2 1 2 1 2 2 2
-1.2753603634016803e-05 2 2 1 2 2 1 1 1
1.2753603634016749e-05 2 2 1 2 2 1 2 2
-0.00041220002172455677 2 2 1 2 2 2 1 2
0.0003866928144565234 2 2 1 2 2 2 2 1
0.0004073210245847392 2 2 2 1 1 1 1 2
-0.0003866928144565236 2 2 2 1 1 1 2 1
-1.0314105064107969e-05 2 2 2 1 1 2 1 1
1.0314105064107987e-05 2 2 2 1 1 2 2 2
-1.0314105064107989e-05 2 2 2 1 2 1 1 1
1.0314105064107974e-05 2 2 2 1 2 1 2 2
0.0003866928144565234 2 2 2 1 2 2 1 2
-0.0004073210245847392 2 2 2 1 2 2 2 1
-0.0001382678548779157 2 2 2 2 1 1 0 0
-1.6299502050544092e-07 2 2 2 2 1 1 2 2
-0.0015178405385149513 2 2 2 2 1 1 3 0
-6.340412502870449e-05 2 2 2 2 1 1 3 3
8.149751025279429e-08 2 2 2 2 1 2 1 2
8.149751025281161e-08 2 2 2 2 1 2 2 1
8.149751025281161e-08 2 2 2 2 2 1 1 2
8.149751025279429e-08 2 2 2 2 2 1 2 1
-0.00013826785487791593 2 2 2 2 2 2 0 0
-1.6299502050544092e-07 2 2 2 2 2 2 1 1
-0.0015178405385149513 2 2 2 2 2 2 3 0
-6.340412502870449e-05 2 2 2 2 2 2 3 3
0.0038818648425893165 2 2 3 0 1 1 0 0
0.0008430348136350507 2 2 3 0 1 1 0 3
0.0008756657371596778 2 2 3 0 1 1 3 0
0.0038818648425893165 2 2 3 0 2 2 0 0
0.0008430348136350507 2 2 3 0 2 2 0 3
0.0008756657371596782 2 2 3 0 2 2 3 0
0.00045617900415802323 2 2 3 3 1 1 0 0
-0.00012296351158811608 2 2 3 3 1 1 1 1
-0.0001382678548779155 2 2 3 3 1 1 2 2
7.652171644899597e-06 2 2 3 3 1 2 1 2
7.652171644899581e-06 2 2 3 3 1 2 2 1
7.652171644899578e-06 2 2 3 3 2 1 1 2
7.652171644899595e-06 2 2 3 3 2 1 2 1
0.00045617900415802323 2 2 3 3 2 2 0 0
-0.0001382678548779155 2 2 3 3 2 2 1 1
-0.00012296351158811608 2 2 3 3 2 2 2 2
-3.6405822332537814 2 3 0 1 1 0 0 2
-0.0017388680508310388 2 3 0 1 1 0 2 0
-3.648683710663777e-05 2 3 0 1 1 0 2 3
-0.3334121830088213 2 3 0 1 1 0 3 2
-0.9969556159365804 2 3 0 1 1 3 0 2
-0.000514156488797499 2 3 0 1 1 3 2 0
0.011651170023264285 2 3 0 1 1 3 3 2
3.6405822332537814 2 3 0 1 2 0 0 1
0.0017388680508310388 2 3 0 1 2 0 1 0
3.648683710663777e-05 2 3 0 1 2 0 1 3
0.33341218300882125 2 3 0 1 2 0 3 1
0.9969556159365802 2 3 0 1 2 3 0 1
0.0005141564887974986 2 3 0 1 2 3 1 0
-0.011651170023264285 2 3 0 1 2 3 3 1
0.003237793736153593 2 3 0 2 1 0 0 1
3.399939040855007 2 3 0 2 1 0 1 0
0.252270062323535 2 3 0 2 1 0 1 3
0.00040841931179843314 2 3 0 2 1 0 3 1
0.0009203287584090382 2 3 0 2 1 3 0 1
0.9307733279303645 2 3 0 2 1 3 1 0
-0.007679205803394757 2 3 0 2 1 3 1 3
0.003237793736153593 2 3 0 2 2 0 0 2
3.3999390408550068 2 3 0 2 2 0 2 0
0.25227006232353505 2 3 0 2 2 0 2 3
0.00040841931179843314 2 3 0 2 2 0 3 2
0.0009203287584090382 2 3 0 2 2 3 0 2
0.9307733279303645 2 3 0 2 2 3 2 0
-0.007679205803394757 2 3 0 2 2 3 2 3
0.008152979057631878 2 3 1 0 1 0 0 2
-3.9857215267142303 2 3 1 0 1 0 2 0
-0.35971174702575537 2 3 1 0 1 0 2 3
-0.25226348294011525 2 3 1 0 1 0 3 2
0.0022153672166875184 2 3 1 0 1 3 0 2
-1.0909508729628243 2 3 1 0 1 3 2 0
0.01098056055418176 2 3 1 0 1 3 2 3
0.00767920580339475 2 3 1 0 1 3 3 2
-0.008152979057631878 2 3 1 0 2 0 0 1
3.98572152671423 2 3 1 0 2 0 1 0
0.35971174702575537 2 3 1 0 2 0 1 3
0.25226348294011525 2 3 1 0 2 0 3 1
-0.0022153672166875184 2 3 1 0 2 3 0 1
1.0909508729628243 2 3 1 0 2 3 1 0
-0.01098056055418176 2 3 1 0 2 3 1 3
-0.00767920580339475 2 3 1 0 2 3 3 1
-0.2514142896977553 2 3 1 3 1 0 0 2
-0.3536816698686755 2 3 1 3 1 0 2 0
0.011352103152505377 2 3 1 3 1 0 2 3
-3.399915897508264 2 3 1 3 1 0 3 2
0.009027815440005691 2 3 1 3 1 3 0 2
0.010980560554181756 2 3 1 3 1 3 2 0
0.003164316305400255 2 3 1 3 1 3 2 3
-0.9307733279303645 2 3 1 3 1 3 3 2
0.2514142896977553 2 3 1 3 2 0 0 1
0.3536816698686755 2 3 1 3 2 0 1 0
-0.011352103152505377 2 3 1 3 2 0 1 3
3.399915897508264 2 3 1 3 2 0 3 1
-0.009027815440005691 2 3 1 3 2 3 0 1
-0.010980560554181756 2 3 1 3 2 3 1 0
-0.003164316305400255 2 3 1 3 2 3 1 3
0.9307733279303644 2 3 1 3 2 3 3 1
0.0034242808625684264 2 3 2 0 1 0 1 0
0.0004065673924729437 2 3 2 0 1 0 1 3
4.3066220526288884e-05 2 3 2 0 1 0 3 1
0.0009752159119482723 2 3 2 0 1 3 1 0
0.0034242808625684247 2 3 2 0 2 0 2 0
0.0004065673924729435 2 3 2 0 2 0 2 3
4.3066220526288884e-05 2 3 2 0 2 0 3 2
0.0009752159119482723 2 3 2 0 2 3 2 0
3.5675558798378324e-05 2 3 2 3 1 0 0 1
0.0003963347849190884 2 3 2 3 1 0 1 0
0.0017620113975741016 2 3 2 3 1 0 3 1
0.0005141564887974983 2 3 2 3 1 3 3 1
3.567555879837854e-05 2 3 2 3 2 0 0 2
0.0003963347849190884 2 3 2 3 2 0 2 0
0.0017620113975741025 2 3 2 3 2 0 3 2
0.0005141564887974988 2 3 2 3 2 3 3 2
-0.327384545350311 2 3 3 1 1 0 0 2
-4.332773044327835e-05 2 3 3 1 1 0 2 0
0.010978442370841147 2 3 3 1 1 0 3 2
0.011651170023264289 2 3 3 1 1 3 0 2
0.002803256188896047 2 3 3 1 1 3 3 2
0.327384545350311 2 3 3 1 2 0 0 1
4.332773044327857e-05 2 3 3 1 2 0 1 0
-0.010978442370841147 2 3 3 1 2 0 3 1
-0.011651170023264289 2 3 3 1 2 3 0 1
-0.002803256188896047 2 3 3 1 2 3 3 1
0.0003957472056746694 2 3 3 2 1 0 0 1
0.25140663752611037 2 3 3 2 1 0 1 0
-0.00815297905763188 2 3 3 2 1 0 1 3
-0.00902781544000569 2 3 3 2 1 3 1 0
-0.0022153672166875184 2 3 3 2 1 3 1 3
0.0003957472056746694 2 3 3 2 2 0 0 2
0.2514066375261104 2 3 3 2 2 0 2 0
-0.00815297905763188 2 3 3 2 2 0 2 3
-0.00902781544000569 2 3 3 2 2 3 2 0
-0.0022153672166875184 2 3 3 2 2 3 2 3
24893.756614019494 3 0 0 0 0 0 0 0
3675.3664345403104 3 0 0 0 0 0 0 3
48.50442137273701 3 0 0 0 0 0 1 1
48.50442137273701 3 0 0 0 0 0 2 2
3814.683339983625 3 0 0 0 0 0 3 0
-128.3495318234367 3 0 0 0 0 0 3 3
5499.656371978522 3 0 0 0 0 3 0 0
-218.43408209717234 3 0 0 0 0 3 0 3
11.036771664352608 3 0 0 0 0 3 1 1
11.03677166435261 3 0 0 0 0 3 2 2
-245.61401218720093 3 0 0 0 0 3 3 0
-27.574578294432637 3 0 0 0 0 3 3 3
6243.567482501519 3 0 0 0 3 0 0 0
-227.09817162389993 3 0 0 0 3 0 0 3
11.19132540658291 3 0 0 0 3 0 1 1
11.19132540658291 3 0 0 0 3 0 2 2
-256.69260385850964 3 0 0 0 3 0 3 0
-28.824420988852875 3 0 0 0 3 0 3 3
-352.11796319560585 3 0 0 0 3 3 0 0
-50.67517935806437 3 0 0 0 3 3 0 3
-0.6805505884135802 3 0 0 0 3 3 1 1
-0.6805505884135802 3 0 0 0 3 3 2 2
-52.95545475240503 3 0 0 0 3 3 3 0
1.5074004733649569 3 0 0 0 3 3 3 3
3486.2902160732415 3 0 0 3 0 0 0 0
-171.64584073391904 3 0 0 3 0 0 0 3
-1774.308834382306 3 0 0 3 0 0 1 1
-1774.3088343823058 3 0 0 3 0 0 2 2
-184.06488936816882 3 0 0 3 0 0 3 0
-30.506674198827138 3 0 0 3 0 0 3 3
-218.43408209717234 3 0 0 3 0 3 0 0
-40.253760130569525 3 0 0 3 0 3 0 3
105.52943333656285 3 0 0 3 0 3 1 1
105.52943333656283 3 0 0 3 0 3 2 2
-40.625789255715674 3 0 0 3 0 3 3 0
1.3373857458766734 3 0 0 3 0 3 3 3
-227.09817162389987 3 0 0 3 3 0 0 0
-42.68358717793907 3 0 0 3 3 0 0 3
109.90881336192919 3 0 0 3 3 0 1 1
109.90881336192919 3 0 0 3 3 0 2 2
-42.97114619682012 3 0 0 3 3 0 3 0
1.3766957737442536 3 0 0 3 3 0 3 3
-51.673055302759344 3 0 0 3 3 3 0 0
1.9586587950999128 3 0 0 3 3 3 0 3
23.659104568113044 3 0 0 3 3 3 1 1
23.659104568113044 3 0 0 3 3 3 2 2
2.0914729427215866 3 0 0 3 3 3 3 0
0.3219487993300045 3 0 0 3 3 3 3 3
60.31559197635716 3 0 1 1 0 0 0 0
-0.4992210893084388 3 0 1 1 0 0 0 3
0.00162268209501652 3 0 1 1 0 0 1 1
0.00162268209501652 3 0 1 1 0 0 2 2
-1597.9245029899332 3 0 1 1 0 0 3 0
47.56252291930872 3 0 1 1 0 0 3 3
12.811595953872617 3 0 1 1 0 3 0 0
-0.1914411528038207 3 0 1 1 0 3 0 3
0.00041169562327470253 3 0 1 1 0 3 1 1
0.0004116956232747008 3 0 1 1 0 3 2 2
105.52943333656282 3 0 1 1 0 3 3 0
11.036771664352612 3 0 1 1 0 3 3 3
13.138167337179244 3 0 1 1 3 0 0 0
-0.1921898996208142 3 0 1 1 3 0 0 3
0.0004751556616281481 3 0 1 1 3 0 1 1
0.00047515566162815157 3 0 1 1 3 0 2 2
109.90881336192918 3 0 1 1 3 0 3 0
11.191325406582907 3 0 1 1 3 0 3 3
-0.8019288993017331 3 0 1 1 3 3 0 0
-0.04603454165834433 3 0 1 1 3 3 0 3
24.5903920525322 3 0 1 1 3 3 3 0
-0.688229794216975 3 0 1 1 3 3 3 3
57.48860516235761 3 0 1 2 0 0 1 2
-57.48860516235761 3 0 1 2 0 0 2 1
13.044758955895137 3 0 1 2 0 3 1 2
-13.044758955895137 3 0 1 2 0 3 2 1
14.14625005230562 3 0 1 2 3 0 1 2
-14.14625005230562 3 0 1 2 3 0 2 1
-0.5724212993333663 3 0 1 2 3 3 1 2
0.5724212993333663 3 0 1 2 3 3 2 1
-57.4886051623576 3 0 2 1 0 0 1 2
57.488605162357615 3 0 2 1 0 0 2 1
-13.044758955895135 3 0 2 1 0 3 1 2
13.044758955895135 3 0 2 1 0 3 2 1
-14.14625005230562 3 0 2 1 3 0 1 2
14.14625005230562 3 0 2 1 3 0 2 1
0.5724212993333662 3 0 2 1 3 3 1 2
-0.5724212993333662 3 0 2 1 3 3 2 1
60.315591976357155 3 0 2 2 0 0 0 0
-0.4992210893084387 3 0 2 2 0 0 0 3
0.00162268209501652 3 0 2 2 0 0 1 1
0.0016226820950165268 3 0 2 2 0 0 2 2
-1597.9245029899332 3 0 2 2 0 0 3 0
47.56252291930872 3 0 2 2 0 0 3 3
12.811595953872617 3 0 2 2 0 3 0 0
-0.1914411528038207 3 0 2 2 0 3 0 3
0.0004116956232747008 3 0 2 2 0 3 1 1
0.0004116956232747008 3 0 2 2 0 3 2 2
105.52943333656283 3 0 2 2 0 3 3 0
11.036771664352612 3 0 2 2 0 3 3 3
13.138167337179244 3 0 2 2 3 0 0 0
-0.1921898996208142 3 0 2 2 3 0 0 3
0.00047515566162814826 3 0 2 2 3 0 1 1
0.0004751556616281477 3 0 2 2 3 0 2 2
109.90881336192918 3 0 2 2 3 0 3 0
11.191325406582907 3 0 2 2 3 0 3 3
-0.8019288993017331 3 0 2 2 3 3 0 0
-0.04603454165834432 3 0 2 2 3 3 0 3
24.590392052532202 3 0 2 2 3 3 3 0
-0.688229794216975 3 0 2 2 3 3 3 3
3607.803047718181 3 0 3 0 0 0 0 0
-184.46929971083892 3 0 3 0 0 0 0 3
0.1960943681464815 3 0 3 0 0 0 1 1
0.19609436814648143 3 0 3 0 0 0 2 2
-200.9943492763911 3 0 3 0 0 0 3 0
-29.511168756384368 3 0 3 0 0 0 3 3
-245.61401218720096 3 0 3 0 0 3 0 0
-40.62578925571568 3 0 3 0 0 3 0 3
-0.19144115280382068 3 0 3 0 0 3 1 1
-0.19144115280382068 3 0 3 0 0 3 2 2
-41.66332956704755 3 0 3 0 0 3 3 0
1.37574194920144 3 0 3 0 0 3 3 3
-256.6926038585097 3 0 3 0 3 0 0 0
-42.97114619682013 3 0 3 0 3 0 0 3
-0.19218989962081412 3 0 3 0 3 0 1 1
-0.19218989962081412 3 0 3 0 3 0 2 2
-44.028211751172456 3 0 3 0 3 0 3 0
1.4158142950794774 3 0 3 0 3 0 3 3
-54.047380841279804 3 0 3 0 3 3 0 0
2.0908023332525043 3 0 3 0 3 3 0 3
-0.0438191744416568 3 0 3 0 3 3 1 1
-0.0438191744416568 3 0 3 0 3 3 2 2
2.256352213187384 3 0 3 0 3 3 3 0
0.32175310381499667 3 0 3 0 3 3 3 3
-125.20420156666566 3 0 3 3 0 0 0 0
-29.62964337873692 3 0 3 3 0 0 0 3
61.724275819727815 3 0 3 3 0 0 1 1
61.72427581972781 3 0 3 3 0 0 2 2
-28.764276744122665 3 0 3 3 0 0 3 0
1.2173691274321117 3 0 3 3 0 0 3 3
-27.574578294432637 3 0 3 3 0 3 0 0
1.3373857458766731 3 0 3 3 0 3 0 3
12.811595953872617 3 0 3 3 0 3 1 1
12.811595953872617 3 0 3 3 0 3 2 2
1.37574194920144 3 0 3 3 0 3 3 0
0.2847154433839631 3 0 3 3 0 3 3 3
-28.82442098885288 3 0 3 3 3 0 0 0
1.3766957737442533 3 0 3 3 3 0 0 3
13.13816733717924 3 0 3 3 3 0 1 1
13.13816733717924 3 0 3 3 3 0 2 2
1.4158142950794774 3 0 3 3 3 0 3 0
0.2953729108340669 3 0 3 3 3 0 3 3
1.5300322039424024 3 0 3 3 3 3 0 0
0.32511311563540474 3 0 3 3 3 3 0 3
-0.7929010838617275 3 0 3 3 3 3 1 1
-0.7929010838617275 3 0 3 3 3 3 2 2
0.3245563600038926 3 0 3 3 3 3 3 0
0.0032377937361535943 3 1 0 1 0 1 0 1
3.3999390408550063 3 1 0 1 0 1 1 0
0.25227006232353494 3 1 0 1 0 1 1 3
0.00040841931179843314 3 1 0 1 0 1 3 1
0.0032377937361535943 3 1 0 1 0 2 0 2
3.3999390408550063 3 1 0 1 0 2 2 0
0.2522700623235349 3 1 0 1 0 2 2 3
0.000408419311798433 3 1 0 1 0 2 3 2
0.0009203287584090378 3 1 0 1 3 1 0 1
0.9307733279303643 3 1 0 1 3 1 1 0
-0.007679205803394754 3 1 0 1 3 1 1 3
0.0009203287584090378 3 1 0 1 3 2 0 2
0.9307733279303642 3 1 0 1 3 2 2 0
-0.007679205803394754 3 1 0 1 3 2 2 3
3.640582233253781 3 1 0 2 0 1 0 2
0.0017388680508310396 3 1 0 2 0 1 2 0
3.648683710663785e-05 3 1 0 2 0 1 2 3
0.3334121830088213 3 1 0 2 0 1 3 2
-3.640582233253781 3 1 0 2 0 2 0 1
-0.0017388680508310388 3 1 0 2 0 2 1 0
-3.648683710663786e-05 3 1 0 2 0 2 1 3
-0.33341218300882136 3 1 0 2 0 2 3 1
0.9969556159365806 3 1 0 2 3 1 0 2
0.0005141564887974977 3 1 0 2 3 1 2 0
-0.011651170023264289 3 1 0 2 3 1 3 2
-0.9969556159365806 3 1 0 2 3 2 0 1
-0.0005141564887974977 3 1 0 2 3 2 1 0
0.011651170023264289 3 1 0 2 3 2 3 1
0.0034242808625684264 3 1 1 0 0 1 1 0
0.000406567392472944 3 1 1 0 0 1 1 3
4.306622052628869e-05 3 1 1 0 0 1 3 1
0.0034242808625684264 3 1 1 0 0 2 2 0
0.000406567392472944 3 1 1 0 0 2 2 3
4.306622052628869e-05 3 1 1 0 0 2 3 2
0.0009752159119482708 3 1 1 0 3 1 1 0
0.0009752159119482708 3 1 1 0 3 2 2 0
3.567555879837837e-05 3 1 1 3 0 1 0 1
0.00039633478491908896 3 1 1 3 0 1 1 0
0.001762011397574103 3 1 1 3 0 1 3 1
3.5675558798378385e-05 3 1 1 3 0 2 0 2
0.00039633478491908896 3 1 1 3 0 2 2 0
0.001762011397574102 3 1 1 3 0 2 3 2
0.0005141564887974988 3 1 1 3 3 1 3 1
0.0005141564887974979 3 1 1 3 3 2 3 2
-0.008152979057631878 3 1 2 0 0 1 0 2
3.98572152671423 3 1 2 0 0 1 2 0
0.3597117470257554 3 1 2 0 0 1 2 3
0.25226348294011525 3 1 2 0 0 1 3 2
0.008152979057631878 3 1 2 0 0 2 0 1
-3.9857215267142294 3 1 2 0 0 2 1 0
-0.3597117470257554 3 1 2 0 0 2 1 3
-0.25226348294011525 3 1 2 0 0 2 3 1
-0.0022153672166875175 3 1 2 0 3 1 0 2
1.0909508729628241 3 1 2 0 3 1 2 0
-0.01098056055418176 3 1 2 0 3 1 2 3
-0.007679205803394751 3 1 2 0 3 1 3 2
0.002215367216687518 3 1 2 0 3 2 0 1
-1.0909508729628241 3 1 2 0 3 2 1 0
0.01098056055418176 3 1 2 0 3 2 1 3
0.007679205803394751 3 1 2 0 3 2 3 1
0.25141428969775537 3 1 2 3 0 1 0 2
0.35368166986867544 3 1 2 3 0 1 2 0
-0.011352103152505377 3 1 2 3 0 1 2 3
3.3999158975082633 3 1 2 3 0 1 3 2
-0.2514142896977554 3 1 2 3 0 2 0 1
-0.3536816698686755 3 1 2 3 0 2 1 0
0.011352103152505377 3 1 2 3 0 2 1 3
-3.3999158975082633 3 1 2 3 0 2 3 1
-0.00902781544000569 3 1 2 3 3 1 0 2
-0.010980560554181756 3 1 2 3 3 1 2 0
-0.003164316305400255 3 1 2 3 3 1 2 3
0.9307733279303643 3 1 2 3 3 1 3 2
0.00902781544000569 3 1 2 3 3 2 0 1
0.010980560554181756 3 1 2 3 3 2 1 0
0.003164316305400255 3 1 2 3 3 2 1 3
-0.9307733279303643 3 1 2 3 3 2 3 1
0.0003957472056746696 3 1 3 1 0 1 0 1
0.2514066375261105 3 1 3 1 0 1 1 0
-0.008152979057631876 3 1 3 1 0 1 1 3
0.0003957472056746695 3 1 3 1 0 2 0 2
0.2514066375261104 3 1 3 1 0 2 2 0
-0.008152979057631876 3 1 3 1 0 2 2 3
-0.009027815440005688 3 1 3 1 3 1 1 0
-0.002215367216687518 3 1 3 1 3 1 1 3
-0.009027815440005688 3 1 3 1 3 2 2 0
-0.0022153672166875175 3 1 3 1 3 2 2 3
0.327384545350311 3 1 3 2 0 1 0 2
4.33277304432783e-05 3 1 3 2 0 1 2 0
-0.01097844237084115 3 1 3 2 0 1 3 2
-0.327384545350311 3 1 3 2 0 2 0 1
-4.33277304432783e-05 3 1 3 2 0 2 1 0
0.01097844237084115 3 1 3 2 0 2 3 1
-0.011651170023264289 3 1 3 2 3 1 0 2
-0.0028032561888960473 3 1 3 2 3 1 3 2
0.011651170023264289 3 1 3 2 3 2 0 1
0.0028032561888960473 3 1 3 2 3 2 3 1
-3.640582233253781 3 2 0 1 0 1 0 2
-0.0017388680508310388 3 2 0 1 0 1 2 0
-3.648683710663772e-05 3 2 0 1 0 1 2 3
-0.3334121830088213 3 2 0 1 0 1 3 2
3.640582233253781 3 2 0 1 0 2 0 1
0.0017388680508310388 3 2 0 1 0 2 1 0
3.648683710663792e-05 3 2 0 1 0 2 1 3
0.33341218300882136 3 2 0 1 0 2 3 1
-0.9969556159365807 3 2 0 1 3 1 0 2
-0.0005141564887974994 3 2 0 1 3 1 2 0
0.011651170023264289 3 2 0 1 3 1 3 2
0.9969556159365807 3 2 0 1 3 2 0 1
0.0005141564887974986 3 2 0 1 3 2 1 0
-0.011651170023264289 3 2 0 1 3 2 3 1
0.0032377937361535943 3 2 0 2 0 1 0 1
3.3999390408550063 3 2 0 2 0 1 1 0
0.2522700623235349 3 2 0 2 0 1 1 3
0.00040841931179843314 3 2 0 2 0 1 3 1
0.0032377937361535943 3 2 0 2 0 2 0 2
3.3999390408550063 3 2 0 2 0 2 2 0
0.2522700623235349 3 2 0 2 0 2 2 3
0.000408419311798433 3 2 0 2 0 2 3 2
0.0009203287584090378 3 2 0 2 3 1 0 1
0.9307733279303643 3 2 0 2 3 1 1 0
-0.007679205803394754 3 2 0 2 3 1 1 3
0.0009203287584090378 3 2 0 2 3 2 0 2
0.9307733279303644 3 2 0 2 3 2 2 0
-0.007679205803394754 3 2 0 2 3 2 2 3
0.008152979057631878 3 2 1 0 0 1 0 2
-3.9857215267142294 3 2 1 0 0 1 2 0
-0.3597117470257554 3 2 1 0 0 1 2 3
-0.2522634829401152 3 2 1 0 0 1 3 2
-0.008152979057631878 3 2 1 0 0 2 0 1
3.98572152671423 3 2 1 0 0 2 1 0
0.3597117470257554 3 2 1 0 0 2 1 3
0.25226348294011525 3 2 1 0 0 2 3 1
0.0022153672166875175 3 2 1 0 3 1 0 2
-1.0909508729628241 3 2 1 0 3 1 2 0
0.01098056055418176 3 2 1 0 3 1 2 3
0.007679205803394751 3 2 1 0 3 1 3 2
-0.0022153672166875175 3 2 1 0 3 2 0 1
1.0909508729628241 3 2 1 0 3 2 1 0
-0.01098056055418176 3 2 1 0 3 2 1 3
-0.007679205803394751 3 2 1 0 3 2 3 1
-0.2514142896977553 3 2 1 3 0 1 0 2
-0.35368166986867544 3 2 1 3 0 1 2 0
0.011352103152505377 3 2 1 3 0 1 2 3
-3.3999158975082633 3 2 1 3 0 1 3 2
0.2514142896977554 3 2 1 3 0 2 0 1
0.35368166986867544 3 2 1 3 0 2 1 0
-0.011352103152505377 3 2 1 3 0 2 1 3
3.3999158975082633 3 2 1 3 0 2 3 1
0.00902781544000569 3 2 1 3 3 1 0 2
0.010980560554181756 3 2 1 3 3 1 2 0
0.003164316305400255 3 2 1 3 3 1 2 3
-0.9307733279303643 3 2 1 3 3 1 3 2
-0.00902781544000569 3 2 1 3 3 2 0 1
-0.010980560554181756 3 2 1 3 3 2 1 0
-0.003164316305400255 3 2 1 3 3 2 1 3
0.9307733279303644 3 2 1 3 3 2 3 1
0.0034242808625684273 3 2 2 0 0 1 1 0
0.000406567392472944 3 2 2 0 0 1 1 3
4.3066220526288674e-05 3 2 2 0 0 1 3 1
0.0034242808625684273 3 2 2 0 0 2 2 0
0.00040656739247294405 3 2 2 0 0 2 2 3
4.306622052628869e-05 3 2 2 0 0 2 3 2
0.0009752159119482708 3 2 2 0 3 1 1 0
0.0009752159119482717 3 2 2 0 3 2 2 0
3.5675558798378365e-05 3 2 2 3 0 1 0 1
0.00039633478491908885 3 2 2 3 0 1 1 0
0.001762011397574102 3 2 2 3 0 1 3 1
3.567555879837838e-05 3 2 2 3 0 2 0 2
0.00039633478491908885 3 2 2 3 0 2 2 0
0.001762011397574103 3 2 2 3 0 2 3 2
0.0005141564887974988 3 2 2 3 3 1 3 1
0.0005141564887974996 3 2 2 3 3 2 3 2
-0.327384545350311 3 2 3 1 0 1 0 2
-4.3327730443278326e-05 3 2 3 1 0 1 2 0
0.01097844237084115 3 2 3 1 0 1 3 2
0.327384545350311 3 2 3 1 0 2 0 1
4.3327730443278204e-05 3 2 3 1 0 2 1 0
-0.01097844237084115 3 2 3 1 0 2 3 1
0.011651170023264287 3 2 3 1 3 1 0 2
0.002803256188896047 3 2 3 1 3 1 3 2
-0.011651170023264287 3 2 3 1 3 2 0 1
-0.002803256188896047 3 2 3 1 3 2 3 1
0.0003957472056746696 3 2 3 2 0 1 0 1
0.2514066375261105 3 2 3 2 0 1 1 0
-0.008152979057631878 3 2 3 2 0 1 1 3
0.0003957472056746697 3 2 3 2 0 2 0 2
0.2514066375261104 3 2 3 2 0 2 2 0
-0.008152979057631878 3 2 3 2 0 2 2 3
-0.009027815440005688 3 2 3 2 3 1 1 0
-0.0022153672166875175 3 2 3 2 3 1 1 3
-0.009027815440005688 3 2 3 2 3 2 2 0
-0.0022153672166875175 3 2 3 2 3 2 2 3
5127.178725079163 3 3 0 0 0 0 0 0
-217.74277605225834 3 3 0 0 0 0 0 3
11.211731358889661 3 3 0 0 0 0 1 1
11.211731358889663 3 3 0 0 0 0 2 2
-244.0599802942808 3 3 0 0 0 0 3 0
-27.643139684957166 3 3 0 0 0 0 3 3
-352.11796319560597 3 3 0 0 0 3 0 0
-51.67305530275935 3 3 0 0 0 3 0 3
-0.688229794216975 3 3 0 0 0 3 1 1
-0.688229794216975 3 3 0 0 0 3 2 2
-54.047380841279804 3 3 0 0 0 3 3 0
1.530032203942403 3 3 0 0 0 3 3 3
-352.11796319560597 3 3 0 0 3 0 0 0
-51.67305530275935 3 3 0 0 3 0 0 3
-0.688229794216975 3 3 0 0 3 0 1 1
-0.688229794216975 3 3 0 0 3 0 2 2
-54.047380841279804 3 3 0 0 3 0 3 0
1.530032203942403 3 3 0 0 3 0 3 3
-81.13819670050115 3 3 0 0 3 3 0 0
2.720027710471568 3 3 0 0 3 3 0 3
-0.16865503160276427 3 3 0 0 3 3 1 1
-0.16865503160276427 3 3 0 0 3 3 2 2
2.98519073612774 3 3 0 0 3 3 3 0
0.3629282037925521 3 3 0 0 3 3 3 3
-210.45513599827837 3 3 0 3 0 0 0 0
-39.03796231461928 3 3 0 3 0 0 0 3
106.73988024890014 3 3 0 3 0 0 1 1
106.73988024890014 3 3 0 3 0 0 2 2
-39.472525152682806 3 3 0 3 0 0 3 0
1.329082835095389 3 3 0 3 0 0 3 3
-50.67517935806437 3 3 0 3 0 3 0 0
1.9586587950999128 3 3 0 3 0 3 0 3
24.5903920525322 3 3 0 3 0 3 1 1
24.590392052532195 3 3 0 3 0 3 2 2
2.0908023332525043 3 3 0 3 0 3 3 0
0.3251131156354048 3 3 0 3 0 3 3 3
-50.67517935806437 3 3 0 3 3 0 0 0
1.9586587950999128 3 3 0 3 3 0 0 3
24.590392052532195 3 3 0 3 3 0 1 1
24.5903920525322 3 3 0 3 3 0 2 2
2.0908023332525043 3 3 0 3 3 0 3 0
0.3251131156354047 3 3 0 3 3 0 3 3
2.7200277104715678 3 3 0 3 3 3 0 0
0.4879999453359377 3 3 0 3 3 3 0 3
-1.297428809314708 3 3 0 3 3 3 1 1
-1.297428809314708 3 3 0 3 3 3 2 2
0.5027253287838452 3 3 0 3 3 3 3 0
12.396729681279515 3 3 1 1 0 0 0 0
-0.18291380033769203 3 3 1 1 0 0 0 3
0.0003913364634265336 3 3 1 1 0 0 1 1
0.0003913364634265333 3 3 1 1 0 0 2 2
99.93652443108859 3 3 1 1 0 0 3 0
10.707118260568373 3 3 1 1 0 0 3 3
-0.7929010838617274 3 3 1 1 0 3 0 0
-0.04381917444165682 3 3 1 1 0 3 0 3
23.65910456811304 3 3 1 1 0 3 3 0
-0.6805505884135802 3 3 1 1 0 3 3 3
-0.7929010838617273 3 3 1 1 3 0 0 0
-0.0438191744416568 3 3 1 1 3 0 0 3
23.65910456811304 3 3 1 1 3 0 3 0
-0.6805505884135803 3 3 1 1 3 0 3 3
-0.1879325580334788 3 3 1 1 3 3 0 0
-1.2974288093147077 3 3 1 1 3 3 3 0
-0.16865503160276424 3 3 1 1 3 3 3 3
12.496635335903413 3 3 1 2 0 0 1 2
-12.496635335903411 3 3 1 2 0 0 2 1
-0.572421299333366 3 3 1 2 0 3 1 2
0.572421299333366 3 3 1 2 0 3 2 1
-0.5724212993333662 3 3 1 2 3 0 1 2
0.5724212993333662 3 3 1 2 3 0 2 1
-0.13979712499129332 3 3 1 2 3 3 1 2
0.13979712499129332 3 3 1 2 3 3 2 1
-12.496635335903411 3 3 2 1 0 0 1 2
12.496635335903413 3 3 2 1 0 0 2 1
0.572421299333366 3 3 2 1 0 3 1 2
-0.572421299333366 3 3 2 1 0 3 2 1
0.5724212993333662 3 3 2 1 3 0 1 2
-0.5724212993333662 3 3 2 1 3 0 2 1
0.13979712499129332 3 3 2 1 3 3 1 2
-0.13979712499129332 3 3 2 1 3 3 2 1
12.396729681279515 3 3 2 2 0 0 0 0
-0.18291380033769208 3 3 2 2 0 0 0 3
0.0003913364634265315 3 3 2 2 0 0 1 1
0.0003913364634265335 3 3 2 2 0 0 2 2
99.93652443108859 3 3 2 2 0 0 3 0
10.707118260568373 3 3 2 2 0 0 3 3
-0.7929010838617274 3 3 2 2 0 3 0 0
-0.04381917444165682 3 3 2 2 0 3 0 3
23.659104568113044 3 3 2 2 0 3 3 0
-0.6805505884135802 3 3 2 2 0 3 3 3
-0.7929010838617273 3 3 2 2 3 0 0 0
-0.0438191744416568 3 3 2 2 3 0 0 3
23.659104568113044 3 3 2 2 3 0 3 0
-0.6805505884135803 3 3 2 2 3 0 3 3
-0.1879325580334788 3 3 2 2 3 3 0 0
-1.2974288093147077 3 3 2 2 3 3 3 0
-0.16865503160276424 3 3 2 2 3 3 3 3
-236.0816886791273 3 3 3 0 0 0 0 0
-39.41992972848754 3 3 3 0 0 0 0 3
-0.1992197584529558 3 3 3 0 0 0 1 1
-0.1992197584529558 3 3 3 0 0 0 2 2
-40.48001280924789 3 3 3 0 0 0 3 0
1.3666842186332628 3 3 3 0 0 0 3 3
-52.955454752405025 3 3 3 0 0 3 0 0
2.091472942721587 3 3 3 0 0 3 0 3
-0.046034541658344315 3 3 3 0 0 3 1 1
-0.046034541658344315 3 3 3 0 0 3 2 2
2.256352213187384 3 3 3 0 0 3 3 0
0.3245563600038926 3 3 3 0 0 3 3 3
-52.955454752405025 3 3 3 0 3 0 0 0
2.091472942721587 3 3 3 0 3 0 0 3
-0.04603454165834433 3 3 3 0 3 0 1 1
-0.04603454165834433 3 3 3 0 3 0 2 2
2.2563522131873843 3 3 3 0 3 0 3 0
0.32455636000389265 3 3 3 0 3 0 3 3
2.9851907361277394 3 3 3 0 3 3 0 0
0.5027253287838453 3 3 3 0 3 3 0 3
0.5236180386245207 3 3 3 0 3 3 3 0
-26.267342471008764 3 3 3 3 0 0 0 0
1.3063786287903776 3 3 3 3 0 0 0 3
12.899629611792628 3 3 3 3 0 0 1 1
12.899629611792628 3 3 3 3 0 0 2 2
1.34472733389158 3 3 3 3 0 0 3 0
0.27938670965891116 3 3 3 3 0 0 3 3
1.5074004733649564 3 3 3 3 0 3 0 0
0.32194879933000453 3 3 3 3 0 3 0 3
-0.801928899301733 3 3 3 3 0 3 1 1
-0.801928899301733 3 3 3 3 0 3 2 2
0.3217531038149966 3 3 3 3 0 3 3 0
1.5074004733649564 3 3 3 3 3 0 0 0
0.3219487993300044 3 3 3 3 3 0 0 3
-0.801928899301733 3 3 3 3 3 0 1 1
-0.801928899301733 3 3 3 3 3 0 2 2
0.3217531038149966 3 3 3 3 3 0 3 0
0.3629282037925521 3 3 3 3 3 3 0 0
-0.1879325580334788 3 3 3 3 3 3 1 1
-0.1879325580334788 3 3 3 3 3 3 2 2
