-871093.5911268389 0 0 0 0 0 0 0 0
13688.96350257156 0 0 0 0 0 0 0 3
25077.061148128563 0 0 0 0 0 0 3 0
3717.9771414721085 0 0 0 0 0 0 3 3
25077.06114812855 0 0 0 0 0 3 0 0
3717.9771414721113 0 0 0 0 0 3 0 3
5091.3256926053755 0 0 0 0 0 3 3 0
-215.60626087619383 0 0 0 0 0 3 3 3
-0.1494898457333576 0 0 0 0 1 0 0 1
-0.6006015050458807 0 0 0 0 1 0 3 1
-0.6006015050458807 0 0 0 0 1 3 0 1
9.884135694276388 0 0 0 0 1 3 3 1
-0.1494898457333576 0 0 0 0 2 0 0 2
-0.6006015050458807 0 0 0 0 2 0 3 2
-0.6006015050458807 0 0 0 0 2 3 0 2
9.884135694276388 0 0 0 0 2 3 3 2
21894.333416727513 0 0 0 0 3 0 0 0
2642.094501346716 0 0 0 0 3 0 0 3
3912.5378309349453 0 0 0 0 3 0 3 0
-154.89059396342952 0 0 0 0 3 0 3 3
3912.537830934946 0 0 0 0 3 3 0 0
-154.89059396342952 0 0 0 0 3 3 0 3
-263.67737743605375 0 0 0 0 3 3 3 0
-33.46050452059746 0 0 0 0 3 3 3 3
13688.963502571565 0 0 0 3 0 0 0 0
4432.323127007626 0 0 0 3 0 0 0 3
3920.7565289860736 0 0 0 3 0 0 3 0
-177.3319395527025 0 0 0 3 0 0 3 3
3920.7565289860754 0 0 0 3 0 3 0 0
-177.33193955270247 0 0 0 3 0 3 0 3
-223.51839991473344 0 0 0 3 0 3 3 0
-43.42408997589642 0 0 0 3 0 3 3 3
-1.111106310594406 0 0 0 3 1 0 0 1
20.610677607825416 0 0 0 3 1 0 3 1
20.610677607825405 0 0 0 3 1 3 0 1
91.4408977970898 0 0 0 3 1 3 3 1
-1.111106310594406 0 0 0 3 2 0 0 2
20.610677607825412 0 0 0 3 2 0 3 2
20.610677607825405 0 0 0 3 2 3 0 2
91.44089779708979 0 0 0 3 2 3 3 2
4143.895646834253 0 0 0 3 3 0 0 0
-154.00290664622875 0 0 0 3 3 0 0 3
-203.25740202607926 0 0 0 3 3 0 3 0
-35.931856175977664 0 0 0 3 3 0 3 3
-203.25740202607926 0 0 0 3 3 3 0 0
-35.931856175977686 0 0 0 3 3 3 0 3
-44.1452904698738 0 0 0 3 3 3 3 0
1.589925297207951 0 0 0 3 3 3 3 3
-0.4651883666119208 0 0 1 1 0 0 1 1
-0.4651883666119209 0 0 1 1 0 0 2 2
0.004981407369705245 0 0 1 1 0 3 1 1
0.004981407369705247 0 0 1 1 0 3 2 2
-0.00010623733825816466 0 0 1 1 1 0 1 0
-0.00023536468185378443 0 0 1 1 1 3 1 0
0.0002548440539023685 0 0 1 1 1 3 1 3
-0.0001062373382581638 0 0 1 1 2 0 2 0
-0.00023536468185378443 0 0 1 1 2 3 2 0
0.0002548440539023685 0 0 1 1 2 3 2 3
0.004067248136207739 0 0 1 1 3 0 1 1
0.004067248136207739 0 0 1 1 3 0 2 2
0.0008392085956577184 0 0 1 1 3 3 1 1
0.0008392085956577184 0 0 1 1 3 3 2 2
-202.31419914735108 0 0 1 2 0 0 1 2
202.3141991473511 0 0 1 2 0 0 2 1
3.9510881119001406 0 0 1 2 0 3 1 2
-3.951088111900141 0 0 1 2 0 3 2 1
0.7835471259443141 0 0 1 2 1 0 2 0
-0.006075859422470593 0 0 1 2 1 0 2 3
2.8983183281466283 0 0 1 2 1 3 2 0
0.2255480769987092 0 0 1 2 1 3 2 3
-0.783547125944314 0 0 1 2 2 0 1 0
0.006075859422470593 0 0 1 2 2 0 1 3
-2.898318328146628 0 0 1 2 2 3 1 0
-0.2255480769987092 0 0 1 2 2 3 1 3
2.680758794399796 0 0 1 2 3 0 1 2
-2.680758794399796 0 0 1 2 3 0 2 1
0.48950382581650154 0 0 1 2 3 3 1 2
-0.48950382581650154 0 0 1 2 3 3 2 1
202.3141991473511 0 0 2 1 0 0 1 2
-202.31419914735108 0 0 2 1 0 0 2 1
-3.951088111900141 0 0 2 1 0 3 1 2
3.9510881119001406 0 0 2 1 0 3 2 1
-0.7835471259443141 0 0 2 1 1 0 2 0
0.006075859422470593 0 0 2 1 1 0 2 3
-2.8983183281466283 0 0 2 1 1 3 2 0
-0.2255480769987092 0 0 2 1 1 3 2 3
0.783547125944314 0 0 2 1 2 0 1 0
-0.006075859422470593 0 0 2 1 2 0 1 3
2.898318328146628 0 0 2 1 2 3 1 0
0.2255480769987092 0 0 2 1 2 3 1 3
-2.680758794399796 0 0 2 1 3 0 1 2
2.680758794399796 0 0 2 1 3 0 2 1
-0.48950382581650154 0 0 2 1 3 3 1 2
0.48950382581650154 0 0 2 1 3 3 2 1
-0.4651883666119209 0 0 2 2 0 0 1 1
-0.4651883666119209 0 0 2 2 0 0 2 2
0.004981407369705245 0 0 2 2 0 3 1 1
0.004981407369705247 0 0 2 2 0 3 2 2
-0.0001062373382581651 0 0 2 2 1 0 1 0
-0.00023536468185378443 0 0 2 2 1 3 1 0
0.0002548440539023685 0 0 2 2 1 3 1 3
-0.00010623733825816466 0 0 2 2 2 0 2 0
-0.0002353646818537853 0 0 2 2 2 3 2 0
0.0002548440539023685 0 0 2 2 2 3 2 3
0.004067248136207738 0 0 2 2 3 0 1 1
0.004067248136207739 0 0 2 2 3 0 2 2
0.0008392085956577184 0 0 2 2 3 3 1 1
0.000839208595657718 0 0 2 2 3 3 2 2
25077.06114812856 0 0 3 0 0 0 0 0
3920.756528986074 0 0 3 0 0 0 0 3
6203.722244397913 0 0 3 0 0 0 3 0
-231.52691102267582 0 0 3 0 0 0 3 3
5462.4767272749095 0 0 3 0 0 3 0 0
-223.55246563141702 0 0 3 0 0 3 0 3
-355.1634809662229 0 0 3 0 0 3 3 0
-53.82044987774838 0 0 3 0 0 3 3 3
-0.59452564562341 0 0 3 0 1 0 0 1
9.837740627361702 0 0 3 0 1 0 3 1
9.718512585367273 0 0 3 0 1 3 0 1
40.71591566948768 0 0 3 0 1 3 3 1
-0.59452564562341 0 0 3 0 2 0 0 2
9.8377406273617 0 0 3 0 2 0 3 2
9.718512585367275 0 0 3 0 2 3 0 2
40.71591566948768 0 0 3 0 2 3 3 2
4165.819177297741 0 0 3 0 3 0 0 0
-159.53544411180263 0 0 3 0 3 0 0 3
-287.5720143441049 0 0 3 0 3 0 3 0
-36.929542928168125 0 0 3 0 3 0 3 3
-274.94353176315303 0 0 3 0 3 3 0 0
-35.343298141854525 0 0 3 0 3 3 0 3
-57.75288057455937 0 0 3 0 3 3 3 0
1.9038131664186524 0 0 3 0 3 3 3 3
3717.977141472109 0 0 3 3 0 0 0 0
-177.3319395527025 0 0 3 3 0 0 0 3
-231.52691102267582 0 0 3 3 0 0 3 0
-47.39266680378076 0 0 3 3 0 0 3 3
-223.55246563141702 0 0 3 3 0 3 0 0
-44.74761096589791 0 0 3 3 0 3 0 3
-54.890724814461734 0 0 3 3 0 3 3 0
2.1008115345837735 0 0 3 3 0 3 3 3
19.827024244542848 0 0 3 3 1 0 0 1
94.2682587971883 0 0 3 3 1 0 3 1
90.4518899847555 0 0 3 3 1 3 0 1
-1483.748697042223 0 0 3 3 1 3 3 1
19.827024244542848 0 0 3 3 2 0 0 2
94.26825879718831 0 0 3 3 2 0 3 2
90.4518899847555 0 0 3 3 2 3 0 2
-1483.748697042223 0 0 3 3 2 3 3 2
-202.53260008938025 0 0 3 3 3 0 0 0
-37.019248422347104 0 0 3 3 3 0 0 3
-47.99785988615823 0 0 3 3 3 0 3 0
1.674014481728006 0 0 3 3 3 0 3 3
-45.51719809006701 0 0 3 3 3 3 0 0
1.6289032373177705 0 0 3 3 3 3 0 3
2.3648648414492897 0 0 3 3 3 3 3 0
0.4039777909381603 0 0 3 3 3 3 3 3
-0.46518836661192087 0 1 0 1 0 1 0 1
0.0049814073697052475 0 1 0 1 0 1 3 1
-0.465188366611921 0 1 0 1 0 2 0 2
0.004981407369705249 0 1 0 1 0 2 3 2
-0.0001062373382581638 0 1 0 1 1 1 0 0
-0.00023536468185378443 0 1 0 1 1 1 3 0
0.00025484405390236884 0 1 0 1 1 1 3 3
-0.0001062373382581638 0 1 0 1 2 2 0 0
-0.00023536468185378443 0 1 0 1 2 2 3 0
0.00025484405390236906 0 1 0 1 2 2 3 3
0.004067248136207745 0 1 0 1 3 1 0 1
0.0008392085956577186 0 1 0 1 3 1 3 1
0.004067248136207741 0 1 0 1 3 2 0 2
0.000839208595657719 0 1 0 1 3 2 3 2
-202.31419914735108 0 1 0 2 0 1 0 2
3.951088111900144 0 1 0 2 0 1 3 2
202.3141991473511 0 1 0 2 0 2 0 1
-3.951088111900144 0 1 0 2 0 2 3 1
0.7835471259443137 0 1 0 2 1 2 0 0
-0.006075859422470594 0 1 0 2 1 2 0 3
2.898318328146632 0 1 0 2 1 2 3 0
0.22554807699870935 0 1 0 2 1 2 3 3
-0.7835471259443136 0 1 0 2 2 1 0 0
0.006075859422470594 0 1 0 2 2 1 0 3
-2.898318328146632 0 1 0 2 2 1 3 0
-0.22554807699870935 0 1 0 2 2 1 3 3
2.680758794399796 0 1 0 2 3 1 0 2
0.4895038258165014 0 1 0 2 3 1 3 2
-2.6807587943997966 0 1 0 2 3 2 0 1
-0.4895038258165014 0 1 0 2 3 2 3 1
-0.5282761080398758 0 1 1 0 0 1 1 0
0.0029125403240928133 0 1 1 0 0 1 1 3
-0.5282761080398757 0 1 1 0 0 2 2 0
0.0029125403240928133 0 1 1 0 0 2 2 3
-3.631149396475422e-05 0 1 1 0 1 1 1 1
1.979154451184793e-05 0 1 1 0 1 1 2 2
1.9791544511847843e-05 0 1 1 0 1 2 1 2
-7.58945829884499e-05 0 1 1 0 1 2 2 1
-7.58945829884499e-05 0 1 1 0 2 1 1 2
1.9791544511847843e-05 0 1 1 0 2 1 2 1
1.979154451184793e-05 0 1 1 0 2 2 1 1
-3.631149396475422e-05 0 1 1 0 2 2 2 2
0.004485432711257361 0 1 1 0 3 1 1 0
0.0005883545166170561 0 1 1 0 3 1 1 3
0.004485432711257361 0 1 1 0 3 2 2 0
0.0005883545166170561 0 1 1 0 3 2 2 3
0.002912540324092815 0 1 1 3 0 1 1 0
0.0009930710600374523 0 1 1 3 0 1 1 3
0.0029125403240928167 0 1 1 3 0 2 2 0
0.0009930710600374528 0 1 1 3 0 2 2 3
-0.001323071034739197 0 1 1 3 1 1 1 1
3.840324299203534e-05 0 1 1 3 1 1 2 2
3.840324299203622e-05 0 1 1 3 1 2 1 2
-0.0013998775207232682 0 1 1 3 1 2 2 1
-0.0013998775207232682 0 1 1 3 2 1 1 2
3.840324299203622e-05 0 1 1 3 2 1 2 1
3.840324299203534e-05 0 1 1 3 2 2 1 1
-0.0013230710347391966 0 1 1 3 2 2 2 2
0.0008902087655395189 0 1 1 3 3 1 1 0
0.0008902087655395189 0 1 1 3 3 2 2 0
-370.6227585615002 0 1 2 0 0 1 2 0
3.987222695629384 0 1 2 0 0 1 2 3
370.6227585615002 0 1 2 0 0 2 1 0
-3.987222695629384 0 1 2 0 0 2 1 3
-0.05961402099721315 0 1 2 0 1 1 2 1
0.059614020997213156 0 1 2 0 1 2 1 1
-0.05961402099721315 0 1 2 0 2 1 2 2
0.05961402099721315 0 1 2 0 2 2 1 2
6.314241290475965 0 1 2 0 3 1 2 0
0.7931223931568052 0 1 2 0 3 1 2 3
-6.314241290475965 0 1 2 0 3 2 1 0
-0.7931223931568052 0 1 2 0 3 2 1 3
3.9872226956293852 0 1 2 3 0 1 2 0
1.3225279189414474 0 1 2 3 0 1 2 3
-3.9872226956293852 0 1 2 3 0 2 1 0
-1.3225279189414474 0 1 2 3 0 2 1 3
-1.9081844062164286 0 1 2 3 1 1 2 1
1.9081844062164284 0 1 2 3 1 2 1 1
-1.9081844062164286 0 1 2 3 2 1 2 2
1.9081844062164284 0 1 2 3 2 2 1 2
1.2403308980456107 0 1 2 3 3 1 2 0
-0.02255562220511791 0 1 2 3 3 1 2 3
-1.2403308980456107 0 1 2 3 3 2 1 0
0.02255562220511791 0 1 2 3 3 2 1 3
0.00498140736970525 0 1 3 1 0 1 0 1
0.0013678087095162041 0 1 3 1 0 1 3 1
0.00498140736970525 0 1 3 1 0 2 0 2
0.0013678087095162041 0 1 3 1 0 2 3 2
-0.00027376792484582087 0 1 3 1 1 1 0 0
0.00023505250939052068 0 1 3 1 1 1 0 3
0.05879453936072178 0 1 3 1 1 1 3 0
0.0012689653760531972 0 1 3 1 1 1 3 3
-0.00027376792484582087 0 1 3 1 2 2 0 0
0.00023505250939052068 0 1 3 1 2 2 0 3
0.05879453936072176 0 1 3 1 2 2 3 0
0.0012689653760531972 0 1 3 1 2 2 3 3
0.0008789421990866729 0 1 3 1 3 1 0 1
0.0008789421990866729 0 1 3 1 3 2 0 2
3.9510881119001438 0 1 3 2 0 1 0 2
1.0689071280038458 0 1 3 2 0 1 3 2
-3.9510881119001438 0 1 3 2 0 2 0 1
-1.068907128003846 0 1 3 2 0 2 3 1
2.8982799249036404 0 1 3 2 1 2 0 0
0.2255282854541974 0 1 3 2 1 2 0 3
-148.20521130844162 0 1 3 2 1 2 3 0
0.55492218587845 0 1 3 2 1 2 3 3
-2.8982799249036404 0 1 3 2 2 1 0 0
-0.2255282854541974 0 1 3 2 2 1 0 3
148.2052113084416 0 1 3 2 2 1 3 0
-0.55492218587845 0 1 3 2 2 1 3 3
0.511753800835785 0 1 3 2 3 1 0 2
-0.017808179588474263 0 1 3 2 3 1 3 2
-0.511753800835785 0 1 3 2 3 2 0 1
0.017808179588474263 0 1 3 2 3 2 3 1
202.3141991473511 0 2 0 1 0 1 0 2
-3.9510881119001446 0 2 0 1 0 1 3 2
-202.31419914735108 0 2 0 1 0 2 0 1
3.951088111900144 0 2 0 1 0 2 3 1
-0.7835471259443137 0 2 0 1 1 2 0 0
0.006075859422470595 0 2 0 1 1 2 0 3
-2.898318328146632 0 2 0 1 1 2 3 0
-0.22554807699870938 0 2 0 1 1 2 3 3
0.7835471259443136 0 2 0 1 2 1 0 0
-0.006075859422470595 0 2 0 1 2 1 0 3
2.898318328146632 0 2 0 1 2 1 3 0
0.22554807699870935 0 2 0 1 2 1 3 3
-2.6807587943997966 0 2 0 1 3 1 0 2
-0.4895038258165014 0 2 0 1 3 1 3 2
2.680758794399796 0 2 0 1 3 2 0 1
0.4895038258165014 0 2 0 1 3 2 3 1
-0.465188366611921 0 2 0 2 0 1 0 1
0.004981407369705249 0 2 0 2 0 1 3 1
-0.46518836661192087 0 2 0 2 0 2 0 2
0.004981407369705249 0 2 0 2 0 2 3 2
-0.0001062373382581638 0 2 0 2 1 1 0 0
-0.00023536468185378443 0 2 0 2 1 1 3 0
0.00025484405390236884 0 2 0 2 1 1 3 3
-0.00010623733825816423 0 2 0 2 2 2 0 0
-0.00023536468185378443 0 2 0 2 2 2 3 0
0.00025484405390236884 0 2 0 2 2 2 3 3
0.004067248136207741 0 2 0 2 3 1 0 1
0.0008392085956577186 0 2 0 2 3 1 3 1
0.004067248136207741 0 2 0 2 3 2 0 2
0.000839208595657719 0 2 0 2 3 2 3 2
370.6227585615002 0 2 1 0 0 1 2 0
-3.987222695629384 0 2 1 0 0 1 2 3
-370.6227585615002 0 2 1 0 0 2 1 0
3.987222695629384 0 2 1 0 0 2 1 3
0.059614020997213156 0 2 1 0 1 1 2 1
-0.05961402099721315 0 2 1 0 1 2 1 1
0.05961402099721317 0 2 1 0 2 1 2 2
-0.05961402099721315 0 2 1 0 2 2 1 2
-6.314241290475965 0 2 1 0 3 1 2 0
-0.7931223931568052 0 2 1 0 3 1 2 3
6.314241290475965 0 2 1 0 3 2 1 0
0.7931223931568052 0 2 1 0 3 2 1 3
-3.9872226956293852 0 2 1 3 0 1 2 0
-1.3225279189414474 0 2 1 3 0 1 2 3
3.9872226956293852 0 2 1 3 0 2 1 0
1.3225279189414474 0 2 1 3 0 2 1 3
1.9081844062164284 0 2 1 3 1 1 2 1
-1.9081844062164286 0 2 1 3 1 2 1 1
1.9081844062164284 0 2 1 3 2 1 2 2
-1.9081844062164286 0 2 1 3 2 2 1 2
-1.2403308980456107 0 2 1 3 3 1 2 0
0.02255562220511791 0 2 1 3 3 1 2 3
1.2403308980456107 0 2 1 3 3 2 1 0
-0.02255562220511791 0 2 1 3 3 2 1 3
-0.5282761080398757 0 2 2 0 0 1 1 0
0.0029125403240928133 0 2 2 0 0 1 1 3
-0.5282761080398757 0 2 2 0 0 2 2 0
0.0029125403240928133 0 2 2 0 0 2 2 3
-3.631149396475422e-05 0 2 2 0 1 1 1 1
1.979154451184793e-05 0 2 2 0 1 1 2 2
1.9791544511847843e-05 0 2 2 0 1 2 1 2
-7.589458298845012e-05 0 2 2 0 1 2 2 1
-7.589458298845012e-05 0 2 2 0 2 1 1 2
1.9791544511847843e-05 0 2 2 0 2 1 2 1
1.979154451184793e-05 0 2 2 0 2 2 1 1
-3.631149396475422e-05 0 2 2 0 2 2 2 2
0.004485432711257361 0 2 2 0 3 1 1 0
0.0005883545166170561 0 2 2 0 3 1 1 3
0.004485432711257361 0 2 2 0 3 2 2 0
0.0005883545166170557 0 2 2 0 3 2 2 3
0.002912540324092815 0 2 2 3 0 1 1 0
0.0009930710600374528 0 2 2 3 0 1 1 3
0.0029125403240928167 0 2 2 3 0 2 2 0
0.0009930710600374528 0 2 2 3 0 2 2 3
-0.001323071034739197 0 2 2 3 1 1 1 1
3.840324299203534e-05 0 2 2 3 1 1 2 2
3.840324299203622e-05 0 2 2 3 1 2 1 2
-0.001399877520723269 0 2 2 3 1 2 2 1
-0.0013998775207232682 0 2 2 3 2 1 1 2
3.840324299203611e-05 0 2 2 3 2 1 2 1
3.840324299203545e-05 0 2 2 3 2 2 1 1
-0.001323071034739197 0 2 2 3 2 2 2 2
0.0008902087655395189 0 2 2 3 3 1 1 0
0.0008902087655395189 0 2 2 3 3 2 2 0
-3.951088111900144 0 2 3 1 0 1 0 2
-1.068907128003846 0 2 3 1 0 1 3 2
3.9510881119001438 0 2 3 1 0 2 0 1
1.068907128003846 0 2 3 1 0 2 3 1
-2.89827992490364 0 2 3 1 1 2 0 0
-0.2255282854541974 0 2 3 1 1 2 0 3
148.20521130844162 0 2 3 1 1 2 3 0
-0.55492218587845 0 2 3 1 1 2 3 3
2.89827992490364 0 2 3 1 2 1 0 0
0.2255282854541974 0 2 3 1 2 1 0 3
-148.2052113084416 0 2 3 1 2 1 3 0
0.5549221858784499 0 2 3 1 2 1 3 3
-0.511753800835785 0 2 3 1 3 1 0 2
0.017808179588474263 0 2 3 1 3 1 3 2
0.5117538008357849 0 2 3 1 3 2 0 1
-0.017808179588474263 0 2 3 1 3 2 3 1
0.00498140736970525 0 2 3 2 0 1 0 1
0.001367808709516205 0 2 3 2 0 1 3 1
0.00498140736970525 0 2 3 2 0 2 0 2
0.001367808709516205 0 2 3 2 0 2 3 2
-0.00027376792484582 0 2 3 2 1 1 0 0
0.00023505250939052068 0 2 3 2 1 1 0 3
0.058794539360721806 0 2 3 2 1 1 3 0
0.0012689653760531972 0 2 3 2 1 1 3 3
-0.00027376792484582 0 2 3 2 2 2 0 0
0.0002350525093905209 0 2 3 2 2 2 0 3
0.05879453936072176 0 2 3 2 2 2 3 0
0.0012689653760531972 0 2 3 2 2 2 3 3
0.0008789421990866729 0 2 3 2 3 1 0 1
0.0008789421990866729 0 2 3 2 3 2 0 2
25077.061148128534 0 3 0 0 0 0 0 0
3920.7565289860763 0 3 0 0 0 0 0 3
5462.476727274909 0 3 0 0 0 0 3 0
-223.55246563141702 0 3 0 0 0 0 3 3
6203.722244397917 0 3 0 0 0 3 0 0
-231.5269110226758 0 3 0 0 0 3 0 3
-355.16348096622295 0 3 0 0 0 3 3 0
-53.820449877748395 0 3 0 0 0 3 3 3
-0.59452564562341 0 3 0 0 1 0 0 1
9.718512585367273 0 3 0 0 1 0 3 1
9.837740627361692 0 3 0 0 1 3 0 1
40.715915669487664 0 3 0 0 1 3 3 1
-0.59452564562341 0 3 0 0 2 0 0 2
9.718512585367273 0 3 0 0 2 0 3 2
9.837740627361692 0 3 0 0 2 3 0 2
40.71591566948766 0 3 0 0 2 3 3 2
4165.8191772977425 0 3 0 0 3 0 0 0
-159.5354441118026 0 3 0 0 3 0 0 3
-274.943531763153 0 3 0 0 3 0 3 0
-35.343298141854525 0 3 0 0 3 0 3 3
-287.57201434410496 0 3 0 0 3 3 0 0
-36.929542928168146 0 3 0 0 3 3 0 3
-57.752880574559406 0 3 0 0 3 3 3 0
1.9038131664186526 0 3 0 0 3 3 3 3
3717.977141472113 0 3 0 3 0 0 0 0
-177.33193955270244 0 3 0 3 0 0 0 3
-223.55246563141705 0 3 0 3 0 0 3 0
-44.74761096589791 0 3 0 3 0 0 3 3
-231.52691102267585 0 3 0 3 0 3 0 0
-47.3926668037808 0 3 0 3 0 3 0 3
-54.89072481446176 0 3 0 3 0 3 3 0
2.100811534583774 0 3 0 3 0 3 3 3
19.827024244542848 0 3 0 3 1 0 0 1
90.45188998475547 0 3 0 3 1 0 3 1
94.2682587971883 0 3 0 3 1 3 0 1
-1483.748697042222 0 3 0 3 1 3 3 1
19.827024244542844 0 3 0 3 2 0 0 2
90.45188998475547 0 3 0 3 2 0 3 2
94.26825879718831 0 3 0 3 2 3 0 2
-1483.7486970422221 0 3 0 3 2 3 3 2
-202.53260008938025 0 3 0 3 3 0 0 0
-37.01924842234712 0 3 0 3 3 0 0 3
-45.51719809006701 0 3 0 3 3 0 3 0
1.62890323731777 0 3 0 3 3 0 3 3
-47.997859886158274 0 3 0 3 3 3 0 0
1.6740144817280065 0 3 0 3 3 3 0 3
2.36486484144929 0 3 0 3 3 3 3 0
0.40397779093816044 0 3 0 3 3 3 3 3
0.004981407369705243 0 3 1 1 0 0 1 1
0.004981407369705243 0 3 1 1 0 0 2 2
0.0013678087095162043 0 3 1 1 0 3 1 1
0.0013678087095162043 0 3 1 1 0 3 2 2
-0.00027376792484582087 0 3 1 1 1 0 1 0
0.00023505250939052078 0 3 1 1 1 0 1 3
0.05879453936072189 0 3 1 1 1 3 1 0
0.001268965376053196 0 3 1 1 1 3 1 3
-0.00027376792484582087 0 3 1 1 2 0 2 0
0.0002350525093905209 0 3 1 1 2 0 2 3
0.05879453936072187 0 3 1 1 2 3 2 0
0.001268965376053196 0 3 1 1 2 3 2 3
0.0008789421990866725 0 3 1 1 3 0 1 1
0.0008789421990866725 0 3 1 1 3 0 2 2
3.9510881119001398 0 3 1 2 0 0 1 2
-3.9510881119001398 0 3 1 2 0 0 2 1
1.0689071280038465 0 3 1 2 0 3 1 2
-1.0689071280038467 0 3 1 2 0 3 2 1
2.8982799249036377 0 3 1 2 1 0 2 0
0.22552828545419742 0 3 1 2 1 0 2 3
-148.20521130844156 0 3 1 2 1 3 2 0
0.5549221858784498 0 3 1 2 1 3 2 3
-2.8982799249036373 0 3 1 2 2 0 1 0
-0.22552828545419737 0 3 1 2 2 0 1 3
148.20521130844153 0 3 1 2 2 3 1 0
-0.5549221858784497 0 3 1 2 2 3 1 3
0.5117538008357853 0 3 1 2 3 0 1 2
-0.5117538008357853 0 3 1 2 3 0 2 1
-0.017808179588474266 0 3 1 2 3 3 1 2
0.017808179588474266 0 3 1 2 3 3 2 1
-3.9510881119001398 0 3 2 1 0 0 1 2
3.9510881119001398 0 3 2 1 0 0 2 1
-1.0689071280038467 0 3 2 1 0 3 1 2
1.0689071280038465 0 3 2 1 0 3 2 1
-2.8982799249036377 0 3 2 1 1 0 2 0
-0.22552828545419742 0 3 2 1 1 0 2 3
148.20521130844153 0 3 2 1 1 3 2 0
-0.5549221858784498 0 3 2 1 1 3 2 3
2.8982799249036373 0 3 2 1 2 0 1 0
0.22552828545419737 0 3 2 1 2 0 1 3
-148.20521130844153 0 3 2 1 2 3 1 0
0.5549221858784497 0 3 2 1 2 3 1 3
-0.5117538008357853 0 3 2 1 3 0 1 2
0.5117538008357853 0 3 2 1 3 0 2 1
0.017808179588474266 0 3 2 1 3 3 1 2
-0.017808179588474266 0 3 2 1 3 3 2 1
0.004981407369705243 0 3 2 2 0 0 1 1
0.004981407369705243 0 3 2 2 0 0 2 2
0.0013678087095162052 0 3 2 2 0 3 1 1
0.0013678087095162052 0 3 2 2 0 3 2 2
-0.00027376792484582087 0 3 2 2 1 0 1 0
0.00023505250939052078 0 3 2 2 1 0 1 3
0.05879453936072184 0 3 2 2 1 3 1 0
0.001268965376053196 0 3 2 2 1 3 1 3
-0.00027376792484582087 0 3 2 2 2 0 2 0
0.0002350525093905209 0 3 2 2 2 0 2 3
0.05879453936072178 0 3 2 2 2 3 2 0
0.001268965376053196 0 3 2 2 2 3 2 3
0.0008789421990866725 0 3 2 2 3 0 1 1
0.0008789421990866725 0 3 2 2 3 0 2 2
5091.32569260538 0 3 3 0 0 0 0 0
-223.51839991473338 0 3 3 0 0 0 0 3
-355.1634809662228 0 3 3 0 0 0 3 0
-54.89072481446175 0 3 3 0 0 0 3 3
-355.16348096622306 0 3 3 0 0 3 0 0
-54.89072481446177 0 3 3 0 0 3 0 3
-80.73298300896127 0 3 3 0 0 3 3 0
2.841413073526058 0 3 3 0 0 3 3 3
9.433549228386772 0 3 3 0 1 0 0 1
40.16226244898528 0 3 3 0 1 0 3 1
40.16226244898527 0 3 3 0 1 3 0 1
-74.91462330137239 0 3 3 0 1 3 3 1
9.43354922838677 0 3 3 0 2 0 0 2
40.16226244898529 0 3 3 0 2 0 3 2
40.16226244898527 0 3 3 0 2 3 0 2
-74.9146233013724 0 3 3 0 2 3 3 2
-273.5722326438778 0 3 3 0 3 0 0 0
-35.683249685010225 0 3 3 0 3 0 0 3
-59.09009163400753 0 3 3 0 3 0 3 0
1.9394421846759895 0 3 3 0 3 0 3 3
-59.090091634007564 0 3 3 0 3 3 0 0
1.93944218467599 0 3 3 0 3 3 0 3
3.3395789401076157 0 3 3 0 3 3 3 0
0.4656821424787095 0 3 3 0 3 3 3 3
-215.6062608761938 0 3 3 3 0 0 0 0
-43.42408997589643 0 3 3 3 0 0 0 3
-53.82044987774838 0 3 3 3 0 0 3 0
2.1008115345837735 0 3 3 3 0 0 3 3
-53.820449877748395 0 3 3 3 0 3 0 0
2.1008115345837743 0 3 3 3 0 3 0 3
2.8414130735260574 0 3 3 3 0 3 3 0
0.5435427911804729 0 3 3 3 0 3 3 3
85.64379041143282 0 3 3 3 1 0 0 1
-1335.4846911944214 0 3 3 3 1 0 3 1
-1335.4846911944203 0 3 3 3 1 3 0 1
-6620.713846234837 0 3 3 3 1 3 3 1
85.6437904114328 0 3 3 3 2 0 0 2
-1335.4846911944212 0 3 3 3 2 0 3 2
-1335.48469119442 0 3 3 3 2 3 0 2
-6620.713846234838 0 3 3 3 2 3 3 2
-44.36208407939252 0 3 3 3 3 0 0 0
1.6227699330173537 0 3 3 3 3 0 0 3
2.364877500529678 0 3 3 3 3 0 3 0
0.40873837498614934 0 3 3 3 3 0 3 3
2.364877500529678 0 3 3 3 3 3 0 0
0.4087383749861495 0 3 3 3 3 3 0 3
0.5721333147005152 0 3 3 3 3 3 3 0
-0.17969590572023533 1 0 0 1 0 0 0 0
-0.7754729881779913 1 0 0 1 0 0 3 0
-0.06359920566539265 1 0 0 1 0 0 3 3
-0.7754729881779914 1 0 0 1 0 3 0 0
-0.06359920566539264 1 0 0 1 0 3 0 3
12.102456662295062 1 0 0 1 0 3 3 0
-0.25781433709251067 1 0 0 1 0 3 3 3
-0.35686106229474146 1 0 0 1 1 0 0 1
0.003881732970325742 1 0 0 1 1 0 3 1
0.003881732970325763 1 0 0 1 1 3 0 1
0.0009126933851704641 1 0 0 1 1 3 3 1
-0.3568610622947414 1 0 0 1 2 0 0 2
0.003881732970325742 1 0 0 1 2 0 3 2
0.003881732970325763 1 0 0 1 2 3 0 2
0.0009126933851704641 1 0 0 1 2 3 3 2
-1.111106310594406 1 0 0 1 3 0 0 0
-0.1494898457333576 1 0 0 1 3 0 0 3
19.827024244542855 1 0 0 1 3 0 3 0
-0.5945256456234101 1 0 0 1 3 0 3 3
19.827024244542848 1 0 0 1 3 3 0 0
-0.59452564562341 1 0 0 1 3 3 0 3
85.64379041143282 1 0 0 1 3 3 3 0
9.433549228386772 1 0 0 1 3 3 3 3
-1501.4442844252426 1 0 0 2 1 0 0 2
45.67810028714331 1 0 0 2 1 0 3 2
45.6781002871433 1 0 0 2 1 3 0 2
9.70318718706688 1 0 0 2 1 3 3 2
1501.4442844252426 1 0 0 2 2 0 0 1
-45.67810028714331 1 0 0 2 2 0 3 1
-45.6781002871433 1 0 0 2 2 3 0 1
-9.70318718706688 1 0 0 2 2 3 3 1
0.0015365717787251293 1 0 1 0 0 0 1 1
0.0015365717787251295 1 0 1 0 0 0 2 2
0.005469601204271857 1 0 1 0 0 3 1 1
0.005469601204271857 1 0 1 0 0 3 2 2
-0.4936628475259427 1 0 1 0 1 0 1 0
0.0029400832201640177 1 0 1 0 1 0 1 3
0.005085082679765509 1 0 1 0 1 3 1 0
0.0007918831506909668 1 0 1 0 1 3 1 3
-0.4936628475259427 1 0 1 0 2 0 2 0
0.0029400832201640177 1 0 1 0 2 0 2 3
0.005085082679765509 1 0 1 0 2 3 2 0
0.0007918831506909666 1 0 1 0 2 3 2 3
0.006075859422470594 1 0 1 0 3 0 1 1
0.006075859422470594 1 0 1 0 3 0 2 2
-0.22552828545419745 1 0 1 0 3 3 1 1
-0.22552828545419745 1 0 1 0 3 3 2 2
0.00758143304595833 1 0 1 3 0 0 1 1
0.00758143304595833 1 0 1 3 0 0 2 2
-0.2023314506703647 1 0 1 3 0 3 1 1
-0.20233145067036465 1 0 1 3 0 3 2 2
0.0029400832201640194 1 0 1 3 1 0 1 0
0.0012107456321440026 1 0 1 3 1 0 1 3
0.0008252389839025595 1 0 1 3 1 3 1 0
0.0029400832201640194 1 0 1 3 2 0 2 0
0.0012107456321440026 1 0 1 3 2 0 2 3
0.0008252389839025595 1 0 1 3 2 3 2 0
-0.7835471259443143 1 0 1 3 3 0 1 1
-0.7835471259443141 1 0 1 3 3 0 2 2
-2.898279924903636 1 0 1 3 3 3 1 1
-2.898279924903636 1 0 1 3 3 3 2 2
-252.78768351526952 1 0 2 0 1 0 2 0
1.9570840226169228 1 0 2 0 1 0 2 3
4.9423425212322 1 0 2 0 1 3 2 0
0.5979479560208172 1 0 2 0 1 3 2 3
252.78768351526952 1 0 2 0 2 0 1 0
-1.9570840226169228 1 0 2 0 2 0 1 3
-4.942342521232199 1 0 2 0 2 3 1 0
-0.5979479560208172 1 0 2 0 2 3 1 3
-0.000235052509390521 1 0 2 0 3 3 1 2
0.000235052509390521 1 0 2 0 3 3 2 1
-0.0002635833126606454 1 0 2 3 0 3 1 2
0.0002635833126606454 1 0 2 3 0 3 2 1
1.957084022616924 1 0 2 3 1 0 2 0
1.0861815007372748 1 0 2 3 1 0 2 3
0.6202043088103176 1 0 2 3 1 3 2 0
-0.016422317904701306 1 0 2 3 1 3 2 3
-1.9570840226169235 1 0 2 3 2 0 1 0
-1.0861815007372748 1 0 2 3 2 0 1 3
-0.6202043088103176 1 0 2 3 2 3 1 0
0.016422317904701306 1 0 2 3 2 3 1 3
0.00010623733825816466 1 0 2 3 3 0 1 2
-0.00010623733825816466 1 0 2 3 3 0 2 1
0.00027376792484582 1 0 2 3 3 3 1 2
-0.00027376792484582 1 0 2 3 3 3 2 1
-0.7830544212239497 1 0 3 1 0 0 0 0
-0.06513577744411779 1 0 3 1 0 0 0 3
12.903277850008967 1 0 3 1 0 0 3 0
-0.26783164270786763 1 0 3 1 0 0 3 3
12.504211131017023 1 0 3 1 0 3 0 0
-0.2647998397671442 1 0 3 1 0 3 0 3
60.847685675692915 1 0 3 1 0 3 3 0
1.6789189388946495 1 0 3 1 0 3 3 3
0.003881732970325749 1 0 3 1 1 0 0 1
0.0011293328440412764 1 0 3 1 1 0 3 1
0.0009607242566726827 1 0 3 1 1 3 0 1
0.003881732970325742 1 0 3 1 2 0 0 2
0.0011293328440412729 1 0 3 1 2 0 3 2
0.0009607242566726827 1 0 3 1 2 3 0 2
20.610677607825412 1 0 3 1 3 0 0 0
-0.6006015050458807 1 0 3 1 3 0 0 3
94.26825879718831 1 0 3 1 3 0 3 0
9.837740627361702 1 0 3 1 3 0 3 3
90.45188998475548 1 0 3 1 3 3 0 0
9.718512585367268 1 0 3 1 3 3 0 3
-1335.4846911944207 1 0 3 1 3 3 3 0
40.16226244898527 1 0 3 1 3 3 3 3
45.678100287143316 1 0 3 2 1 0 0 2
11.067187625146047 1 0 3 2 1 0 3 2
10.150649515333102 1 0 3 2 1 3 0 2
-0.44324349544216246 1 0 3 2 1 3 3 2
-45.67810028714331 1 0 3 2 2 0 0 1
-11.067187625146047 1 0 3 2 2 0 3 1
-10.150649515333102 1 0 3 2 2 3 0 1
0.44324349544216246 1 0 3 2 2 3 3 1
0.0015365717787251282 1 1 0 0 0 1 0 1
0.0054696012042718635 1 1 0 0 0 1 3 1
0.0015365717787251282 1 1 0 0 0 2 0 2
0.0054696012042718635 1 1 0 0 0 2 3 2
-0.49366284752594297 1 1 0 0 1 1 0 0
0.002940083220164022 1 1 0 0 1 1 0 3
0.0050850826797655116 1 1 0 0 1 1 3 0
0.0007918831506909683 1 1 0 0 1 1 3 3
-0.49366284752594297 1 1 0 0 2 2 0 0
0.0029400832201640203 1 1 0 0 2 2 0 3
0.005085082679765515 1 1 0 0 2 2 3 0
0.0007918831506909681 1 1 0 0 2 2 3 3
0.006075859422470598 1 1 0 0 3 1 0 1
-0.2255282854541974 1 1 0 0 3 1 3 1
0.006075859422470598 1 1 0 0 3 2 0 2
-0.22552828545419734 1 1 0 0 3 2 3 2
0.007581433045958329 1 1 0 3 0 1 0 1
-0.20233145067036462 1 1 0 3 0 1 3 1
0.007581433045958329 1 1 0 3 0 2 0 2
-0.20233145067036457 1 1 0 3 0 2 3 2
0.0029400832201640203 1 1 0 3 1 1 0 0
0.0012107456321440034 1 1 0 3 1 1 0 3
0.00082523898390256 1 1 0 3 1 1 3 0
0.0029400832201640203 1 1 0 3 2 2 0 0
0.0012107456321440034 1 1 0 3 2 2 0 3
0.0008252389839025595 1 1 0 3 2 2 3 0
-0.7835471259443139 1 1 0 3 3 1 0 1
-2.89827992490364 1 1 0 3 3 1 3 1
-0.7835471259443137 1 1 0 3 3 2 0 2
-2.8982799249036395 1 1 0 3 3 2 3 2
-0.00013159031577956112 1 1 1 1 0 1 1 0
-0.000131590315779561 1 1 1 1 0 2 2 0
2.712961382016663e-07 1 1 1 1 1 1 2 2
2.71296138201463e-07 1 1 1 1 1 2 1 2
-5.425922764030717e-07 1 1 1 1 1 2 2 1
-5.425922764030717e-07 1 1 1 1 2 1 1 2
2.71296138201463e-07 1 1 1 1 2 1 2 1
2.712961382016663e-07 1 1 1 1 2 2 1 1
-0.0013998775207232697 1 1 1 1 3 1 1 0
-7.589458298845023e-05 1 1 1 1 3 1 1 3
-0.0013998775207232697 1 1 1 1 3 2 2 0
-7.589458298845045e-05 1 1 1 1 3 2 2 3
-0.0003685659153456485 1 1 1 2 1 1 1 2
3.362712934979412e-05 1 1 1 2 1 1 2 1
3.3627129349794176e-05 1 1 1 2 1 2 1 1
-0.0003013116566460602 1 1 1 2 1 2 2 2
0.0003013116566460602 1 1 1 2 2 1 1 1
-3.362712934979418e-05 1 1 1 2 2 1 2 2
-3.362712934979412e-05 1 1 1 2 2 2 1 2
0.00036856591534564873 1 1 1 2 2 2 2 1
-0.1995333594959667 1 1 2 1 0 1 2 0
0.0015159014703616449 1 1 2 1 0 1 2 3
0.1995333594959667 1 1 2 1 0 2 1 0
-0.0015159014703616449 1 1 2 1 0 2 1 3
3.3627129349794176e-05 1 1 2 1 1 1 1 2
-0.00012112030814276892 1 1 2 1 1 1 2 1
4.748827922581897e-05 1 1 2 1 1 2 1 1
-4.000489956715569e-05 1 1 2 1 1 2 2 2
4.000489956715569e-05 1 1 2 1 2 1 1 1
-4.748827922581897e-05 1 1 2 1 2 1 2 2
0.00012112030814276892 1 1 2 1 2 2 1 2
-3.3627129349794176e-05 1 1 2 1 2 2 2 1
-1.9081844062164286 1 1 2 1 3 1 2 0
-0.05961402099721317 1 1 2 1 3 1 2 3
1.9081844062164286 1 1 2 1 3 2 1 0
0.05961402099721317 1 1 2 1 3 2 1 3
2.165155251597908e-05 1 1 2 2 0 1 1 0
2.1651552515979014e-05 1 1 2 2 0 2 2 0
2.7129613820161885e-07 1 1 2 2 1 1 1 1
-0.46937709320337534 1 1 2 2 1 1 2 2
0.44716101660958013 1 1 2 2 1 2 1 2
0.02221634788993344 1 1 2 2 1 2 2 1
0.022216347889933437 1 1 2 2 2 1 1 2
0.44716101660958013 1 1 2 2 2 1 2 1
-0.46937709320337534 1 1 2 2 2 2 1 1
2.7129613820161885e-07 1 1 2 2 2 2 2 2
-3.840324299203611e-05 1 1 2 2 3 1 1 0
-1.979154451184779e-05 1 1 2 2 3 1 1 3
-3.840324299203611e-05 1 1 2 2 3 2 2 0
-1.9791544511847843e-05 1 1 2 2 3 2 2 3
0.005469601204271864 1 1 3 0 0 1 0 1
-0.5432904945805064 1 1 3 0 0 1 3 1
0.005469601204271864 1 1 3 0 0 2 0 2
-0.5432904945805064 1 1 3 0 0 2 3 2
0.0050850826797655116 1 1 3 0 1 1 0 0
0.0008252389839025597 1 1 3 0 1 1 0 3
0.0014292558343228898 1 1 3 0 1 1 3 0
0.0050850826797655116 1 1 3 0 2 2 0 0
0.0008252389839025597 1 1 3 0 2 2 0 3
0.0014292558343228898 1 1 3 0 2 2 3 0
-0.2255480769987094 1 1 3 0 3 1 0 1
-0.5549221858784505 1 1 3 0 3 1 3 1
-0.22554807699870935 1 1 3 0 3 2 0 2
-0.5549221858784504 1 1 3 0 3 2 3 2
-0.20230979911784847 1 1 3 3 0 1 0 1
-1.2243939480474315 1 1 3 3 0 1 3 1
-0.20230979911784838 1 1 3 3 0 2 0 2
-1.2243939480474315 1 1 3 3 0 2 3 2
0.0007918831506909683 1 1 3 3 1 1 0 0
0.0007918831506909679 1 1 3 3 2 2 0 0
-2.898318328146632 1 1 3 3 3 1 0 1
148.20521130844162 1 1 3 3 3 1 3 1
-2.898318328146632 1 1 3 3 3 2 0 2
148.20521130844162 1 1 3 3 3 2 3 2
-252.78768351526958 1 2 0 0 1 2 0 0
1.9570840226169242 1 2 0 0 1 2 0 3
4.942342521232205 1 2 0 0 1 2 3 0
0.5979479560208172 1 2 0 0 1 2 3 3
252.78768351526958 1 2 0 0 2 1 0 0
-1.9570840226169242 1 2 0 0 2 1 0 3
-4.942342521232204 1 2 0 0 2 1 3 0
-0.5979479560208171 1 2 0 0 2 1 3 3
-0.00023505250939052078 1 2 0 0 3 1 3 2
0.00023505250939052068 1 2 0 0 3 2 3 1
-0.0002635833126606459 1 2 0 3 0 1 3 2
0.0002635833126606457 1 2 0 3 0 2 3 1
1.9570840226169246 1 2 0 3 1 2 0 0
1.0861815007372753 1 2 0 3 1 2 0 3
0.6202043088103179 1 2 0 3 1 2 3 0
-0.016422317904701323 1 2 0 3 1 2 3 3
-1.9570840226169246 1 2 0 3 2 1 0 0
-1.0861815007372753 1 2 0 3 2 1 0 3
-0.6202043088103179 1 2 0 3 2 1 3 0
0.016422317904701323 1 2 0 3 2 1 3 3
0.00010623733825816445 1 2 0 3 3 1 0 2
0.00027376792484581913 1 2 0 3 3 1 3 2
-0.00010623733825816401 1 2 0 3 3 2 0 1
-0.00027376792484581913 1 2 0 3 3 2 3 1
0.19953335949596668 1 2 1 1 0 1 2 0
-0.0015159014703616449 1 2 1 1 0 1 2 3
-0.19953335949596668 1 2 1 1 0 2 1 0
0.0015159014703616449 1 2 1 1 0 2 1 3
3.362712934979417e-05 1 2 1 1 1 1 1 2
4.7488279225819e-05 1 2 1 1 1 1 2 1
-0.00012112030814276874 1 2 1 1 1 2 1 1
-4.000489956715558e-05 1 2 1 1 1 2 2 2
4.000489956715569e-05 1 2 1 1 2 1 1 1
0.0001211203081427688 1 2 1 1 2 1 2 2
-4.7488279225819e-05 1 2 1 1 2 2 1 2
-3.362712934979417e-05 1 2 1 1 2 2 2 1
1.9081844062164286 1 2 1 1 3 1 2 0
0.059614020997213184 1 2 1 1 3 1 2 3
-1.9081844062164286 1 2 1 1 3 2 1 0
-0.059614020997213184 1 2 1 1 3 2 1 3
2.1651552515979227e-05 1 2 1 2 0 1 1 0
2.165155251597928e-05 1 2 1 2 0 2 2 0
2.71296138201402e-07 1 2 1 2 1 1 1 1
0.44716101660958013 1 2 1 2 1 1 2 2
-0.46937709320337534 1 2 1 2 1 2 1 2
0.022216347889933458 1 2 1 2 1 2 2 1
0.02221634788993345 1 2 1 2 2 1 1 2
-0.46937709320337534 1 2 1 2 2 1 2 1
0.44716101660958013 1 2 1 2 2 2 1 1
2.712961382014562e-07 1 2 1 2 2 2 2 2
-3.8403242992035325e-05 1 2 1 2 3 1 1 0
-1.9791544511847965e-05 1 2 1 2 3 1 1 3
-3.8403242992035325e-05 1 2 1 2 3 2 2 0
-1.9791544511847965e-05 1 2 1 2 3 2 2 3
-0.00017489342081151925 1 2 2 1 0 1 1 0
-0.00017489342081151936 1 2 2 1 0 2 2 0
-5.425922764030717e-07 1 2 2 1 1 1 1 1
0.022216347889933444 1 2 2 1 1 1 2 2
0.02221634788993345 1 2 2 1 1 2 1 2
-0.04443323837214327 1 2 2 1 1 2 2 1
-0.044433238372143274 1 2 2 1 2 1 1 2
0.022216347889933447 1 2 2 1 2 1 2 1
0.022216347889933444 1 2 2 1 2 2 1 1
-5.425922764030683e-07 1 2 2 1 2 2 2 2
-0.0013230710347391984 1 2 2 1 3 1 1 0
-3.631149396475447e-05 1 2 2 1 3 1 1 3
-0.0013230710347391984 1 2 2 1 3 2 2 0
-3.631149396475447e-05 1 2 2 1 3 2 2 3
-0.00030131165664606024 1 2 2 2 1 1 1 2
-4.0004899567155634e-05 1 2 2 2 1 1 2 1
-4.000489956715558e-05 1 2 2 2 1 2 1 1
-0.00038132145578037156 1 2 2 2 1 2 2 2
0.00038132145578037135 1 2 2 2 2 1 1 1
4.000489956715558e-05 1 2 2 2 2 1 2 2
4.0004899567155634e-05 1 2 2 2 2 2 1 2
0.0003013116566460607 1 2 2 2 2 2 2 1
-9.732332022027463e-05 1 2 3 0 0 1 3 2
9.732332022027463e-05 1 2 3 0 0 2 3 1
4.942342521232205 1 2 3 0 1 2 0 0
0.620204308810318 1 2 3 0 1 2 0 3
1.335781803613804 1 2 3 0 1 2 3 0
-0.017820838668862807 1 2 3 0 1 2 3 3
-4.942342521232204 1 2 3 0 2 1 0 0
-0.620204308810318 1 2 3 0 2 1 0 3
-1.335781803613804 1 2 3 0 2 1 3 0
0.017820838668862807 1 2 3 0 2 1 3 3
-0.00025484405390236906 1 2 3 0 3 1 0 2
-0.0012689653760531963 1 2 3 0 3 1 3 2
0.00025484405390236906 1 2 3 0 3 2 0 1
0.0012689653760531963 1 2 3 0 3 2 3 1
-0.00024193176014466653 1 2 3 3 0 1 0 2
-0.0010584457663523807 1 2 3 3 0 1 3 2
0.00024193176014466653 1 2 3 3 0 2 0 1
0.0010584457663523807 1 2 3 3 0 2 3 1
0.5979479560208171 1 2 3 3 1 2 0 0
-0.016422317904701327 1 2 3 3 1 2 0 3
-0.01782083866886281 1 2 3 3 1 2 3 0
-0.004760584047989076 1 2 3 3 1 2 3 3
-0.5979479560208171 1 2 3 3 2 1 0 0
0.016422317904701327 1 2 3 3 2 1 0 3
0.01782083866886281 1 2 3 3 2 1 3 0
0.004760584047989076 1 2 3 3 2 1 3 3
0.00023536468185378356 1 2 3 3 3 1 0 2
-0.0587945393607218 1 2 3 3 3 1 3 2
-0.00023536468185378356 1 2 3 3 3 2 0 1
0.058794539360721855 1 2 3 3 3 2 3 1
-0.7830544212239497 1 3 0 1 0 0 0 0
-0.06513577744411775 1 3 0 1 0 0 0 3
12.504211131017023 1 3 0 1 0 0 3 0
-0.2647998397671443 1 3 0 1 0 0 3 3
12.903277850008953 1 3 0 1 0 3 0 0
-0.2678316427078674 1 3 0 1 0 3 0 3
60.847685675692915 1 3 0 1 0 3 3 0
1.6789189388946484 1 3 0 1 0 3 3 3
0.003881732970325742 1 3 0 1 1 0 0 1
0.0009607242566726827 1 3 0 1 1 0 3 1
0.0011293328440412833 1 3 0 1 1 3 0 1
0.003881732970325742 1 3 0 1 2 0 0 2
0.0009607242566726827 1 3 0 1 2 0 3 2
0.001129332844041278 1 3 0 1 2 3 0 2
20.610677607825412 1 3 0 1 3 0 0 0
-0.6006015050458807 1 3 0 1 3 0 0 3
90.45188998475552 1 3 0 1 3 0 3 0
9.718512585367273 1 3 0 1 3 0 3 3
94.26825879718831 1 3 0 1 3 3 0 0
9.837740627361693 1 3 0 1 3 3 0 3
-1335.48469119442 1 3 0 1 3 3 3 0
40.16226244898526 1 3 0 1 3 3 3 3
45.678100287143295 1 3 0 2 1 0 0 2
10.1506495153331 1 3 0 2 1 0 3 2
11.067187625146058 1 3 0 2 1 3 0 2
-0.44324349544216257 1 3 0 2 1 3 3 2
-45.67810028714329 1 3 0 2 2 0 0 1
-10.1506495153331 1 3 0 2 2 0 3 1
-11.067187625146056 1 3 0 2 2 3 0 1
0.44324349544216257 1 3 0 2 2 3 3 1
0.005469601204271858 1 3 1 0 0 0 1 1
0.005469601204271858 1 3 1 0 0 0 2 2
-0.5432904945805062 1 3 1 0 0 3 1 1
-0.5432904945805062 1 3 1 0 0 3 2 2
0.005085082679765504 1 3 1 0 1 0 1 0
0.0008252389839025591 1 3 1 0 1 0 1 3
0.0014292558343228894 1 3 1 0 1 3 1 0
0.005085082679765504 1 3 1 0 2 0 2 0
0.0008252389839025591 1 3 1 0 2 0 2 3
0.0014292558343228894 1 3 1 0 2 3 2 0
-0.2255480769987093 1 3 1 0 3 0 1 1
-0.22554807699870924 1 3 1 0 3 0 2 2
-0.5549221858784503 1 3 1 0 3 3 1 1
-0.5549221858784502 1 3 1 0 3 3 2 2
-0.20230979911784833 1 3 1 3 0 0 1 1
-0.20230979911784835 1 3 1 3 0 0 2 2
-1.2243939480474313 1 3 1 3 0 3 1 1
-1.2243939480474313 1 3 1 3 0 3 2 2
0.0007918831506909673 1 3 1 3 1 0 1 0
0.000791883150690967 1 3 1 3 2 0 2 0
-2.898318328146629 1 3 1 3 3 0 1 1
-2.8983183281466287 1 3 1 3 3 0 2 2
148.20521130844156 1 3 1 3 3 3 1 1
148.20521130844156 1 3 1 3 3 3 2 2
-9.73233202202742e-05 1 3 2 0 0 3 1 2
9.73233202202742e-05 1 3 2 0 0 3 2 1
4.942342521232197 1 3 2 0 1 0 2 0
0.6202043088103179 1 3 2 0 1 0 2 3
1.3357818036138047 1 3 2 0 1 3 2 0
-0.017820838668862797 1 3 2 0 1 3 2 3
-4.942342521232196 1 3 2 0 2 0 1 0
-0.620204308810318 1 3 2 0 2 0 1 3
-1.3357818036138047 1 3 2 0 2 3 1 0
0.017820838668862797 1 3 2 0 2 3 1 3
-0.0002548440539023686 1 3 2 0 3 0 1 2
0.0002548440539023686 1 3 2 0 3 0 2 1
-0.0012689653760531955 1 3 2 0 3 3 1 2
0.0012689653760531955 1 3 2 0 3 3 2 1
-0.00024193176014466675 1 3 2 3 0 0 1 2
0.00024193176014466675 1 3 2 3 0 0 2 1
-0.0010584457663523781 1 3 2 3 0 3 1 2
0.0010584457663523781 1 3 2 3 0 3 2 1
0.5979479560208174 1 3 2 3 1 0 2 0
-0.016422317904701306 1 3 2 3 1 0 2 3
-0.017820838668862797 1 3 2 3 1 3 2 0
-0.004760584047989079 1 3 2 3 1 3 2 3
-0.5979479560208174 1 3 2 3 2 0 1 0
0.016422317904701306 1 3 2 3 2 0 1 3
0.017820838668862797 1 3 2 3 2 3 1 0
0.004760584047989079 1 3 2 3 2 3 1 3
0.0002353646818537853 1 3 2 3 3 0 1 2
-0.0002353646818537853 1 3 2 3 3 0 2 1
-0.058794539360721924 1 3 2 3 3 3 1 2
0.05879453936072197 1 3 2 3 3 3 2 1
12.506592397010467 1 3 3 1 0 0 0 0
-0.2687535395010544 1 3 3 1 0 0 0 3
62.07102117797398 1 3 3 1 0 0 3 0
2.2221121101549337 1 3 3 1 0 0 3 3
62.071021177973975 1 3 3 1 0 3 0 0
2.222112110154934 1 3 3 1 0 3 0 3
-527.9530633779989 1 3 3 1 0 3 3 0
8.279845539255776 1 3 3 1 0 3 3 3
0.0009126933851704658 1 3 3 1 1 0 0 1
0.0009126933851704658 1 3 3 1 2 0 0 2
91.44089779708982 1 3 3 1 3 0 0 0
9.884135694276388 1 3 3 1 3 0 0 3
-1483.7486970422233 1 3 3 1 3 0 3 0
40.71591566948768 1 3 3 1 3 0 3 3
-1483.7486970422221 1 3 3 1 3 3 0 0
40.71591566948766 1 3 3 1 3 3 0 3
-6620.713846234837 1 3 3 1 3 3 3 0
-74.91462330137247 1 3 3 1 3 3 3 3
9.703187187066876 1 3 3 2 1 0 0 2
-0.44324349544216246 1 3 3 2 1 0 3 2
-0.4432434954421626 1 3 3 2 1 3 0 2
-0.10645117222180576 1 3 3 2 1 3 3 2
-9.703187187066876 1 3 3 2 2 0 0 1
0.44324349544216246 1 3 3 2 2 0 3 1
0.4432434954421626 1 3 3 2 2 3 0 1
0.10645117222180576 1 3 3 2 2 3 3 1
1501.4442844252426 2 0 0 1 1 0 0 2
-45.678100287143316 2 0 0 1 1 0 3 2
-45.67810028714331 2 0 0 1 1 3 0 2
-9.703187187066879 2 0 0 1 1 3 3 2
-1501.4442844252426 2 0 0 1 2 0 0 1
45.678100287143316 2 0 0 1 2 0 3 1
45.67810028714331 2 0 0 1 2 3 0 1
9.70318718706688 2 0 0 1 2 3 3 1
-0.17969590572023533 2 0 0 2 0 0 0 0
-0.7754729881779913 2 0 0 2 0 0 3 0
-0.06359920566539265 2 0 0 2 0 0 3 3
-0.7754729881779914 2 0 0 2 0 3 0 0
-0.06359920566539264 2 0 0 2 0 3 0 3
12.102456662295062 2 0 0 2 0 3 3 0
-0.25781433709251067 2 0 0 2 0 3 3 3
-0.35686106229474135 2 0 0 2 1 0 0 1
0.003881732970325749 2 0 0 2 1 0 3 1
0.003881732970325763 2 0 0 2 1 3 0 1
0.0009126933851704641 2 0 0 2 1 3 3 1
-0.3568610622947414 2 0 0 2 2 0 0 2
0.003881732970325742 2 0 0 2 2 0 3 2
0.003881732970325763 2 0 0 2 2 3 0 2
0.0009126933851704641 2 0 0 2 2 3 3 2
-1.111106310594406 2 0 0 2 3 0 0 0
-0.1494898457333576 2 0 0 2 3 0 0 3
19.827024244542855 2 0 0 2 3 0 3 0
-0.5945256456234101 2 0 0 2 3 0 3 3
19.827024244542844 2 0 0 2 3 3 0 0
-0.59452564562341 2 0 0 2 3 3 0 3
85.64379041143282 2 0 0 2 3 3 3 0
9.433549228386772 2 0 0 2 3 3 3 3
252.78768351526952 2 0 1 0 1 0 2 0
-1.9570840226169228 2 0 1 0 1 0 2 3
-4.942342521232199 2 0 1 0 1 3 2 0
-0.5979479560208171 2 0 1 0 1 3 2 3
-252.78768351526952 2 0 1 0 2 0 1 0
1.9570840226169228 2 0 1 0 2 0 1 3
4.942342521232199 2 0 1 0 2 3 1 0
0.5979479560208172 2 0 1 0 2 3 1 3
0.00023505250939052078 2 0 1 0 3 3 1 2
-0.00023505250939052078 2 0 1 0 3 3 2 1
0.0002635833126606454 2 0 1 3 0 3 1 2
-0.0002635833126606454 2 0 1 3 0 3 2 1
-1.957084022616924 2 0 1 3 1 0 2 0
-1.0861815007372748 2 0 1 3 1 0 2 3
-0.6202043088103177 2 0 1 3 1 3 2 0
0.016422317904701306 2 0 1 3 1 3 2 3
1.9570840226169235 2 0 1 3 2 0 1 0
1.0861815007372748 2 0 1 3 2 0 1 3
0.6202043088103177 2 0 1 3 2 3 1 0
-0.016422317904701306 2 0 1 3 2 3 1 3
-0.00010623733825816423 2 0 1 3 3 0 1 2
0.00010623733825816466 2 0 1 3 3 0 2 1
-0.00027376792484582 2 0 1 3 3 3 1 2
0.00027376792484582 2 0 1 3 3 3 2 1
0.0015365717787251293 2 0 2 0 0 0 1 1
0.0015365717787251295 2 0 2 0 0 0 2 2
0.005469601204271857 2 0 2 0 0 3 1 1
0.005469601204271857 2 0 2 0 0 3 2 2
-0.49366284752594275 2 0 2 0 1 0 1 0
0.0029400832201640177 2 0 2 0 1 0 1 3
0.005085082679765509 2 0 2 0 1 3 1 0
0.0007918831506909668 2 0 2 0 1 3 1 3
-0.49366284752594275 2 0 2 0 2 0 2 0
0.0029400832201640177 2 0 2 0 2 0 2 3
0.005085082679765509 2 0 2 0 2 3 2 0
0.0007918831506909666 2 0 2 0 2 3 2 3
0.006075859422470594 2 0 2 0 3 0 1 1
0.006075859422470594 2 0 2 0 3 0 2 2
-0.22552828545419748 2 0 2 0 3 3 1 1
-0.22552828545419742 2 0 2 0 3 3 2 2
0.00758143304595833 2 0 2 3 0 0 1 1
0.00758143304595833 2 0 2 3 0 0 2 2
-0.20233145067036468 2 0 2 3 0 3 1 1
-0.20233145067036462 2 0 2 3 0 3 2 2
0.0029400832201640194 2 0 2 3 1 0 1 0
0.0012107456321440026 2 0 2 3 1 0 1 3
0.0008252389839025595 2 0 2 3 1 3 1 0
0.0029400832201640194 2 0 2 3 2 0 2 0
0.0012107456321440026 2 0 2 3 2 0 2 3
0.0008252389839025595 2 0 2 3 2 3 2 0
-0.7835471259443142 2 0 2 3 3 0 1 1
-0.7835471259443142 2 0 2 3 3 0 2 2
-2.898279924903636 2 0 2 3 3 3 1 1
-2.898279924903636 2 0 2 3 3 3 2 2
-45.678100287143316 2 0 3 1 1 0 0 2
-11.06718762514605 2 0 3 1 1 0 3 2
-10.1506495153331 2 0 3 1 1 3 0 2
0.44324349544216246 2 0 3 1 1 3 3 2
45.67810028714331 2 0 3 1 2 0 0 1
11.067187625146047 2 0 3 1 2 0 3 1
10.150649515333102 2 0 3 1 2 3 0 1
-0.44324349544216246 2 0 3 1 2 3 3 1
-0.7830544212239497 2 0 3 2 0 0 0 0
-0.06513577744411779 2 0 3 2 0 0 0 3
12.903277850008967 2 0 3 2 0 0 3 0
-0.26783164270786763 2 0 3 2 0 0 3 3
12.504211131017023 2 0 3 2 0 3 0 0
-0.2647998397671442 2 0 3 2 0 3 0 3
60.847685675692915 2 0 3 2 0 3 3 0
1.6789189388946495 2 0 3 2 0 3 3 3
0.003881732970325749 2 0 3 2 1 0 0 1
0.0011293328440412746 2 0 3 2 1 0 3 1
0.0009607242566726844 2 0 3 2 1 3 0 1
0.003881732970325742 2 0 3 2 2 0 0 2
0.0011293328440412746 2 0 3 2 2 0 3 2
0.0009607242566726844 2 0 3 2 2 3 0 2
20.61067760782541 2 0 3 2 3 0 0 0
-0.6006015050458807 2 0 3 2 3 0 0 3
94.26825879718832 2 0 3 2 3 0 3 0
9.837740627361702 2 0 3 2 3 0 3 3
90.45188998475548 2 0 3 2 3 3 0 0
9.718512585367272 2 0 3 2 3 3 0 3
-1335.4846911944207 2 0 3 2 3 3 3 0
40.162262448985274 2 0 3 2 3 3 3 3
252.78768351526958 2 1 0 0 1 2 0 0
-1.9570840226169242 2 1 0 0 1 2 0 3
-4.942342521232204 2 1 0 0 1 2 3 0
-0.5979479560208172 2 1 0 0 1 2 3 3
-252.78768351526958 2 1 0 0 2 1 0 0
1.9570840226169242 2 1 0 0 2 1 0 3
4.942342521232204 2 1 0 0 2 1 3 0
0.5979479560208171 2 1 0 0 2 1 3 3
0.00023505250939052068 2 1 0 0 3 1 3 2
-0.00023505250939052068 2 1 0 0 3 2 3 1
0.0002635833126606459 2 1 0 3 0 1 3 2
-0.0002635833126606459 2 1 0 3 0 2 3 1
-1.9570840226169246 2 1 0 3 1 2 0 0
-1.0861815007372755 2 1 0 3 1 2 0 3
-0.620204308810318 2 1 0 3 1 2 3 0
0.016422317904701323 2 1 0 3 1 2 3 3
1.9570840226169246 2 1 0 3 2 1 0 0
1.0861815007372755 2 1 0 3 2 1 0 3
0.620204308810318 2 1 0 3 2 1 3 0
-0.016422317904701323 2 1 0 3 2 1 3 3
-0.00010623733825816445 2 1 0 3 3 1 0 2
-0.00027376792484581913 2 1 0 3 3 1 3 2
0.00010623733825816445 2 1 0 3 3 2 0 1
0.00027376792484581913 2 1 0 3 3 2 3 1
0.0003013116566460598 2 1 1 1 1 1 1 2
4.0004899567155634e-05 2 1 1 1 1 1 2 1
4.000489956715558e-05 2 1 1 1 1 2 1 1
0.00038132145578037156 2 1 1 1 1 2 2 2
-0.00038132145578037135 2 1 1 1 2 1 1 1
-4.0004899567155526e-05 2 1 1 1 2 1 2 2
-4.000489956715569e-05 2 1 1 1 2 2 1 2
-0.00030131165664606024 2 1 1 1 2 2 2 1
-0.0001748934208115193 2 1 1 2 0 1 1 0
-0.00017489342081151933 2 1 1 2 0 2 2 0
-5.425922764030683e-07 2 1 1 2 1 1 1 1
0.022216347889933444 2 1 1 2 1 1 2 2
0.022216347889933458 2 1 1 2 1 2 1 2
-0.044433238372143274 2 1 1 2 1 2 2 1
-0.044433238372143274 2 1 1 2 2 1 1 2
0.022216347889933458 2 1 1 2 2 1 2 1
0.022216347889933444 2 1 1 2 2 2 1 1
-5.425922764030683e-07 2 1 1 2 2 2 2 2
-0.0013230710347391995 2 1 1 2 3 1 1 0
-3.6311493964754305e-05 2 1 1 2 3 1 1 3
-0.0013230710347391977 2 1 1 2 3 2 2 0
-3.6311493964754515e-05 2 1 1 2 3 2 2 3
2.1651552515979278e-05 2 1 2 1 0 1 1 0
2.1651552515979278e-05 2 1 2 1 0 2 2 0
2.7129613820150026e-07 2 1 2 1 1 1 1 1
0.44716101660958013 2 1 2 1 1 1 2 2
-0.46937709320337534 2 1 2 1 1 2 1 2
0.022216347889933458 2 1 2 1 1 2 2 1
0.022216347889933458 2 1 2 1 2 1 1 2
-0.46937709320337534 2 1 2 1 2 1 2 1
0.44716101660958013 2 1 2 1 2 2 1 1
2.7129613820150026e-07 2 1 2 1 2 2 2 2
-3.840324299203511e-05 2 1 2 1 3 1 1 0
-1.9791544511847965e-05 2 1 2 1 3 1 1 3
-3.840324299203511e-05 2 1 2 1 3 2 2 0
-1.9791544511847965e-05 2 1 2 1 3 2 2 3
-0.19953335949596668 2 1 2 2 0 1 2 0
0.001515901470361645 2 1 2 2 0 1 2 3
0.19953335949596668 2 1 2 2 0 2 1 0
-0.001515901470361645 2 1 2 2 0 2 1 3
-3.3627129349794156e-05 2 1 2 2 1 1 1 2
-4.7488279225819024e-05 2 1 2 2 1 1 2 1
0.00012112030814276877 2 1 2 2 1 2 1 1
4.000489956715554e-05 2 1 2 2 1 2 2 2
-4.0004899567155593e-05 2 1 2 2 2 1 1 1
-0.00012112030814276888 2 1 2 2 2 1 2 2
4.748827922581897e-05 2 1 2 2 2 2 1 2
3.3627129349794136e-05 2 1 2 2 2 2 2 1
-1.9081844062164286 2 1 2 2 3 1 2 0
-0.05961402099721319 2 1 2 2 3 1 2 3
1.9081844062164286 2 1 2 2 3 2 1 0
0.05961402099721319 2 1 2 2 3 2 1 3
9.732332022027474e-05 2 1 3 0 0 1 3 2
-9.732332022027452e-05 2 1 3 0 0 2 3 1
-4.942342521232205 2 1 3 0 1 2 0 0
-0.6202043088103179 2 1 3 0 1 2 0 3
-1.3357818036138038 2 1 3 0 1 2 3 0
0.01782083866886281 2 1 3 0 1 2 3 3
4.942342521232204 2 1 3 0 2 1 0 0
0.6202043088103179 2 1 3 0 2 1 0 3
1.335781803613804 2 1 3 0 2 1 3 0
-0.01782083866886281 2 1 3 0 2 1 3 3
0.00025484405390236895 2 1 3 0 3 1 0 2
0.0012689653760531963 2 1 3 0 3 1 3 2
-0.00025484405390236895 2 1 3 0 3 2 0 1
-0.0012689653760531968 2 1 3 0 3 2 3 1
0.00024193176014466653 2 1 3 3 0 1 0 2
0.0010584457663523807 2 1 3 3 0 1 3 2
-0.00024193176014466653 2 1 3 3 0 2 0 1
-0.0010584457663523807 2 1 3 3 0 2 3 1
-0.5979479560208171 2 1 3 3 1 2 0 0
0.01642231790470132 2 1 3 3 1 2 0 3
0.01782083866886281 2 1 3 3 1 2 3 0
0.004760584047989076 2 1 3 3 1 2 3 3
0.5979479560208171 2 1 3 3 2 1 0 0
-0.01642231790470132 2 1 3 3 2 1 0 3
-0.01782083866886281 2 1 3 3 2 1 3 0
-0.004760584047989076 2 1 3 3 2 1 3 3
-0.00023536468185378356 2 1 3 3 3 1 0 2
0.058794539360721855 2 1 3 3 3 1 3 2
0.00023536468185378356 2 1 3 3 3 2 0 1
-0.0587945393607218 2 1 3 3 3 2 3 1
0.0015365717787251287 2 2 0 0 0 1 0 1
0.0054696012042718635 2 2 0 0 0 1 3 1
0.0015365717787251287 2 2 0 0 0 2 0 2
0.0054696012042718635 2 2 0 0 0 2 3 2
-0.493662847525943 2 2 0 0 1 1 0 0
0.0029400832201640203 2 2 0 0 1 1 0 3
0.005085082679765511 2 2 0 0 1 1 3 0
0.0007918831506909681 2 2 0 0 1 1 3 3
-0.493662847525943 2 2 0 0 2 2 0 0
0.002940083220164022 2 2 0 0 2 2 0 3
0.005085082679765511 2 2 0 0 2 2 3 0
0.0007918831506909681 2 2 0 0 2 2 3 3
0.006075859422470598 2 2 0 0 3 1 0 1
-0.2255282854541974 2 2 0 0 3 1 3 1
0.006075859422470598 2 2 0 0 3 2 0 2
-0.2255282854541974 2 2 0 0 3 2 3 2
0.007581433045958329 2 2 0 3 0 1 0 1
-0.2023314506703646 2 2 0 3 0 1 3 1
0.007581433045958329 2 2 0 3 0 2 0 2
-0.20233145067036454 2 2 0 3 0 2 3 2
0.0029400832201640203 2 2 0 3 1 1 0 0
0.0012107456321440039 2 2 0 3 1 1 0 3
0.00082523898390256 2 2 0 3 1 1 3 0
0.002940083220164021 2 2 0 3 2 2 0 0
0.0012107456321440034 2 2 0 3 2 2 0 3
0.0008252389839025602 2 2 0 3 2 2 3 0
-0.7835471259443137 2 2 0 3 3 1 0 1
-2.89827992490364 2 2 0 3 3 1 3 1
-0.7835471259443137 2 2 0 3 3 2 0 2
-2.89827992490364 2 2 0 3 3 2 3 2
2.1651552515979112e-05 2 2 1 1 0 1 1 0
2.1651552515979058e-05 2 2 1 1 0 2 2 0
2.7129613820161885e-07 2 2 1 1 1 1 1 1
-0.46937709320337534 2 2 1 1 1 1 2 2
0.4471610166095802 2 2 1 1 1 2 1 2
0.022216347889933444 2 2 1 1 1 2 2 1
0.02221634788993344 2 2 1 1 2 1 1 2
0.4471610166095802 2 2 1 1 2 1 2 1
-0.46937709320337534 2 2 1 1 2 2 1 1
2.7129613820161885e-07 2 2 1 1 2 2 2 2
-3.84032429920361e-05 2 2 1 1 3 1 1 0
-1.979154451184781e-05 2 2 1 1 3 1 1 3
-3.84032429920361e-05 2 2 1 1 3 2 2 0
-1.979154451184781e-05 2 2 1 1 3 2 2 3
0.19953335949596668 2 2 1 2 0 1 2 0
-0.0015159014703616449 2 2 1 2 0 1 2 3
-0.1995333594959667 2 2 1 2 0 2 1 0
0.0015159014703616449 2 2 1 2 0 2 1 3
-3.3627129349794176e-05 2 2 1 2 1 1 1 2
0.00012112030814276875 2 2 1 2 1 1 2 1
-4.7488279225819e-05 2 2 1 2 1 2 1 1
4.000489956715558e-05 2 2 1 2 1 2 2 2
-4.0004899567155634e-05 2 2 1 2 2 1 1 1
4.7488279225819e-05 2 2 1 2 2 1 2 2
-0.00012112030814276881 2 2 1 2 2 2 1 2
3.3627129349794176e-05 2 2 1 2 2 2 2 1
1.9081844062164286 2 2 1 2 3 1 2 0
0.05961402099721317 2 2 1 2 3 1 2 3
-1.9081844062164286 2 2 1 2 3 2 1 0
-0.05961402099721317 2 2 1 2 3 2 1 3
0.00036856591534564835 2 2 2 1 1 1 1 2
-3.3627129349794176e-05 2 2 2 1 1 1 2 1
-3.362712934979411e-05 2 2 2 1 1 2 1 1
0.00030131165664606024 2 2 2 1 1 2 2 2
-0.00030131165664606024 2 2 2 1 2 1 1 1
3.362712934979416e-05 2 2 2 1 2 1 2 2
3.362712934979412e-05 2 2 2 1 2 2 1 2
-0.00036856591534564857 2 2 2 1 2 2 2 1
-0.00013159031577956122 2 2 2 2 0 1 1 0
-0.00013159031577956122 2 2 2 2 0 2 2 0
2.7129613820161207e-07 2 2 2 2 1 1 2 2
2.712961382015172e-07 2 2 2 2 1 2 1 2
-5.425922764030683e-07 2 2 2 2 1 2 2 1
-5.425922764030683e-07 2 2 2 2 2 1 1 2
2.712961382015172e-07 2 2 2 2 2 1 2 1
2.7129613820161207e-07 2 2 2 2 2 2 1 1
-0.0013998775207232697 2 2 2 2 3 1 1 0
-7.589458298845023e-05 2 2 2 2 3 1 1 3
-0.0013998775207232697 2 2 2 2 3 2 2 0
-7.589458298845045e-05 2 2 2 2 3 2 2 3
0.0054696012042718635 2 2 3 0 0 1 0 1
-0.5432904945805063 2 2 3 0 0 1 3 1
0.0054696012042718635 2 2 3 0 0 2 0 2
-0.5432904945805062 2 2 3 0 0 2 3 2
0.0050850826797655116 2 2 3 0 1 1 0 0
0.0008252389839025597 2 2 3 0 1 1 0 3
0.001429255834322889 2 2 3 0 1 1 3 0
0.0050850826797655116 2 2 3 0 2 2 0 0
0.0008252389839025597 2 2 3 0 2 2 0 3
0.0014292558343228898 2 2 3 0 2 2 3 0
-0.22554807699870935 2 2 3 0 3 1 0 1
-0.5549221858784503 2 2 3 0 3 1 3 1
-0.22554807699870935 2 2 3 0 3 2 0 2
-0.5549221858784503 2 2 3 0 3 2 3 2
-0.20230979911784838 2 2 3 3 0 1 0 1
-1.2243939480474317 2 2 3 3 0 1 3 1
-0.2023097991178484 2 2 3 3 0 2 0 2
-1.224393948047432 2 2 3 3 0 2 3 2
0.0007918831506909683 2 2 3 3 1 1 0 0
0.0007918831506909683 2 2 3 3 2 2 0 0
-2.898318328146632 2 2 3 3 3 1 0 1
148.20521130844162 2 2 3 3 3 1 3 1
-2.898318328146632 2 2 3 3 3 2 0 2
148.20521130844162 2 2 3 3 3 2 3 2
-45.678100287143295 2 3 0 1 1 0 0 2
-10.150649515333098 2 3 0 1 1 0 3 2
-11.067187625146058 2 3 0 1 1 3 0 2
0.44324349544216257 2 3 0 1 1 3 3 2
45.678100287143295 2 3 0 1 2 0 0 1
10.1506495153331 2 3 0 1 2 0 3 1
11.067187625146058 2 3 0 1 2 3 0 1
-0.44324349544216257 2 3 0 1 2 3 3 1
-0.7830544212239497 2 3 0 2 0 0 0 0
-0.06513577744411775 2 3 0 2 0 0 0 3
12.504211131017023 2 3 0 2 0 0 3 0
-0.2647998397671443 2 3 0 2 0 0 3 3
12.903277850008953 2 3 0 2 0 3 0 0
-0.2678316427078674 2 3 0 2 0 3 0 3
60.84768567569291 2 3 0 2 0 3 3 0
1.678918938894648 2 3 0 2 0 3 3 3
0.003881732970325742 2 3 0 2 1 0 0 1
0.0009607242566726844 2 3 0 2 1 0 3 1
0.0011293328440412768 2 3 0 2 1 3 0 1
0.003881732970325742 2 3 0 2 2 0 0 2
0.0009607242566726827 2 3 0 2 2 0 3 2
0.001129332844041274 2 3 0 2 2 3 0 2
20.61067760782541 2 3 0 2 3 0 0 0
-0.6006015050458807 2 3 0 2 3 0 0 3
90.45188998475551 2 3 0 2 3 0 3 0
9.718512585367273 2 3 0 2 3 0 3 3
94.26825879718831 2 3 0 2 3 3 0 0
9.837740627361693 2 3 0 2 3 3 0 3
-1335.4846911944198 2 3 0 2 3 3 3 0
40.16226244898526 2 3 0 2 3 3 3 3
9.732332022027441e-05 2 3 1 0 0 3 1 2
-9.73233202202742e-05 2 3 1 0 0 3 2 1
-4.942342521232196 2 3 1 0 1 0 2 0
-0.6202043088103179 2 3 1 0 1 0 2 3
-1.3357818036138045 2 3 1 0 1 3 2 0
0.017820838668862797 2 3 1 0 1 3 2 3
4.942342521232196 2 3 1 0 2 0 1 0
0.620204308810318 2 3 1 0 2 0 1 3
1.3357818036138047 2 3 1 0 2 3 1 0
-0.017820838668862797 2 3 1 0 2 3 1 3
0.0002548440539023686 2 3 1 0 3 0 1 2
-0.0002548440539023686 2 3 1 0 3 0 2 1
0.0012689653760531955 2 3 1 0 3 3 1 2
-0.0012689653760531955 2 3 1 0 3 3 2 1
0.00024193176014466675 2 3 1 3 0 0 1 2
-0.00024193176014466675 2 3 1 3 0 0 2 1
0.0010584457663523781 2 3 1 3 0 3 1 2
-0.0010584457663523781 2 3 1 3 0 3 2 1
-0.5979479560208175 2 3 1 3 1 0 2 0
0.016422317904701306 2 3 1 3 1 0 2 3
0.017820838668862797 2 3 1 3 1 3 2 0
0.004760584047989079 2 3 1 3 1 3 2 3
0.5979479560208175 2 3 1 3 2 0 1 0
-0.016422317904701306 2 3 1 3 2 0 1 3
-0.017820838668862797 2 3 1 3 2 3 1 0
-0.004760584047989079 2 3 1 3 2 3 1 3
-0.0002353646818537853 2 3 1 3 3 0 1 2
0.0002353646818537853 2 3 1 3 3 0 2 1
0.05879453936072186 2 3 1 3 3 3 1 2
-0.05879453936072195 2 3 1 3 3 3 2 1
0.005469601204271858 2 3 2 0 0 0 1 1
0.005469601204271858 2 3 2 0 0 0 2 2
-0.543290494580506 2 3 2 0 0 3 1 1
-0.543290494580506 2 3 2 0 0 3 2 2
0.005085082679765504 2 3 2 0 1 0 1 0
0.0008252389839025591 2 3 2 0 1 0 1 3
0.0014292558343228894 2 3 2 0 1 3 1 0
0.005085082679765504 2 3 2 0 2 0 2 0
0.0008252389839025595 2 3 2 0 2 0 2 3
0.0014292558343228894 2 3 2 0 2 3 2 0
-0.22554807699870935 2 3 2 0 3 0 1 1
-0.2255480769987093 2 3 2 0 3 0 2 2
-0.5549221858784502 2 3 2 0 3 3 1 1
-0.5549221858784501 2 3 2 0 3 3 2 2
-0.20230979911784835 2 3 2 3 0 0 1 1
-0.20230979911784833 2 3 2 3 0 0 2 2
-1.224393948047431 2 3 2 3 0 3 1 1
-1.2243939480474313 2 3 2 3 0 3 2 2
0.000791883150690967 2 3 2 3 1 0 1 0
0.000791883150690967 2 3 2 3 2 0 2 0
-2.898318328146629 2 3 2 3 3 0 1 1
-2.8983183281466287 2 3 2 3 3 0 2 2
148.20521130844156 2 3 2 3 3 3 1 1
148.20521130844156 2 3 2 3 3 3 2 2
-9.703187187066876 2 3 3 1 1 0 0 2
0.44324349544216246 2 3 3 1 1 0 3 2
0.4432434954421626 2 3 3 1 1 3 0 2
0.10645117222180576 2 3 3 1 1 3 3 2
9.703187187066874 2 3 3 1 2 0 0 1
-0.44324349544216246 2 3 3 1 2 0 3 1
-0.4432434954421626 2 3 3 1 2 3 0 1
-0.10645117222180576 2 3 3 1 2 3 3 1
12.506592397010467 2 3 3 2 0 0 0 0
-0.2687535395010544 2 3 3 2 0 0 0 3
62.07102117797399 2 3 3 2 0 0 3 0
2.2221121101549337 2 3 3 2 0 0 3 3
62.07102117797398 2 3 3 2 0 3 0 0
2.2221121101549333 2 3 3 2 0 3 0 3
-527.9530633779989 2 3 3 2 0 3 3 0
8.279845539255776 2 3 3 2 0 3 3 3
0.0009126933851704658 2 3 3 2 1 0 0 1
0.0009126933851704658 2 3 3 2 2 0 0 2
91.44089779708983 2 3 3 2 3 0 0 0
9.88413569427639 2 3 3 2 3 0 0 3
-1483.748697042223 2 3 3 2 3 0 3 0
40.71591566948768 2 3 3 2 3 0 3 3
-1483.7486970422228 2 3 3 2 3 3 0 0
40.71591566948766 2 3 3 2 3 3 0 3
-6620.713846234838 2 3 3 2 3 3 3 0
-74.91462330137247 2 3 3 2 3 3 3 3
21894.333416727506 3 0 0 0 0 0 0 0
4143.895646834254 3 0 0 0 0 0 0 3
4165.819177297743 3 0 0 0 0 0 3 0
-202.53260008938022 3 0 0 0 0 0 3 3
4165.819177297745 3 0 0 0 0 3 0 0
-202.53260008938022 3 0 0 0 0 3 0 3
-273.5722326438778 3 0 0 0 0 3 3 0
-44.36208407939249 3 0 0 0 0 3 3 3
-0.06513577744411778 3 0 0 0 1 0 3 1
-0.06513577744411776 3 0 0 0 1 3 0 1
-0.26875353950105446 3 0 0 0 1 3 3 1
-0.06513577744411778 3 0 0 0 2 0 3 2
-0.06513577744411776 3 0 0 0 2 3 0 2
-0.26875353950105446 3 0 0 0 2 3 3 2
4235.436578115267 3 0 0 0 3 0 0 0
-165.66786525881275 3 0 0 0 3 0 0 3
-241.2002892067793 3 0 0 0 3 0 3 0
-35.29828464179744 3 0 0 0 3 0 3 3
-241.2002892067793 3 0 0 0 3 3 0 0
-35.29828464179744 3 0 0 0 3 3 0 3
-46.89093328629844 3 0 0 0 3 3 3 0
1.7243976172691282 3 0 0 0 3 3 3 3
2642.094501346716 3 0 0 3 0 0 0 0
-154.00290664622875 3 0 0 3 0 0 0 3
-159.53544411180275 3 0 0 3 0 0 3 0
-37.019248422347104 3 0 0 3 0 0 3 3
-159.53544411180272 3 0 0 3 0 3 0 0
-37.01924842234711 3 0 0 3 0 3 0 3
-35.68324968501021 3 0 0 3 0 3 3 0
1.6227699330173535 3 0 0 3 0 3 3 3
-0.17969590572023536 3 0 0 3 1 0 0 1
-0.7830544212239496 3 0 0 3 1 0 3 1
-0.7830544212239495 3 0 0 3 1 3 0 1
12.50659239701047 3 0 0 3 1 3 3 1
-0.17969590572023536 3 0 0 3 2 0 0 2
-0.7830544212239496 3 0 0 3 2 0 3 2
-0.7830544212239495 3 0 0 3 2 3 0 2
12.50659239701047 3 0 0 3 2 3 3 2
-165.6678652588127 3 0 0 3 3 0 0 0
-38.97626740006117 3 0 0 3 3 0 0 3
-36.149614987918646 3 0 0 3 3 0 3 0
1.4947436521439088 3 0 0 3 3 0 3 3
-36.14961498791867 3 0 0 3 3 3 0 0
1.4947436521439093 3 0 0 3 3 3 0 3
1.7574413985344748 3 0 0 3 3 3 3 0
0.3508564586389955 3 0 0 3 3 3 3 3
0.004067248136207738 3 0 1 1 0 0 1 1
0.004067248136207738 3 0 1 1 0 0 2 2
0.0008789421990866725 3 0 1 1 0 3 1 1
0.0008789421990866725 3 0 1 1 0 3 2 2
0.00024193176014466685 3 0 1 1 1 3 1 0
0.00024193176014466664 3 0 1 1 2 3 2 0
0.0011986231108208037 3 0 1 1 3 0 1 1
0.0011986231108208037 3 0 1 1 3 0 2 2
2.6807587943997953 3 0 1 2 0 0 1 2
-2.680758794399795 3 0 1 2 0 0 2 1
0.5117538008357851 3 0 1 2 0 3 1 2
-0.5117538008357851 3 0 1 2 0 3 2 1
-0.0075814330459583286 3 0 1 2 1 0 2 0
-0.0015365717787251291 3 0 1 2 1 0 2 3
0.20230979911784847 3 0 1 2 1 3 2 0
-0.0054696012042718565 3 0 1 2 1 3 2 3
0.0075814330459583286 3 0 1 2 2 0 1 0
0.0015365717787251291 3 0 1 2 2 0 1 3
-0.2023097991178484 3 0 1 2 2 3 1 0
0.0054696012042718565 3 0 1 2 2 3 1 3
0.8501317230103816 3 0 1 2 3 0 1 2
-0.8501317230103816 3 0 1 2 3 0 2 1
-0.01652189063267316 3 0 1 2 3 3 1 2
0.01652189063267316 3 0 1 2 3 3 2 1
-2.680758794399795 3 0 2 1 0 0 1 2
2.680758794399795 3 0 2 1 0 0 2 1
-0.5117538008357851 3 0 2 1 0 3 1 2
0.5117538008357851 3 0 2 1 0 3 2 1
0.0075814330459583286 3 0 2 1 1 0 2 0
0.0015365717787251287 3 0 2 1 1 0 2 3
-0.20230979911784847 3 0 2 1 1 3 2 0
0.0054696012042718565 3 0 2 1 1 3 2 3
-0.0075814330459583286 3 0 2 1 2 0 1 0
-0.0015365717787251287 3 0 2 1 2 0 1 3
0.20230979911784847 3 0 2 1 2 3 1 0
-0.0054696012042718565 3 0 2 1 2 3 1 3
-0.8501317230103816 3 0 2 1 3 0 1 2
0.8501317230103816 3 0 2 1 3 0 2 1
0.01652189063267316 3 0 2 1 3 3 1 2
-0.01652189063267316 3 0 2 1 3 3 2 1
0.004067248136207739 3 0 2 2 0 0 1 1
0.004067248136207739 3 0 2 2 0 0 2 2
0.0008789421990866725 3 0 2 2 0 3 1 1
0.0008789421990866725 3 0 2 2 0 3 2 2
0.00024193176014466664 3 0 2 2 1 3 1 0
0.00024193176014466664 3 0 2 2 2 3 2 0
0.0011986231108208037 3 0 2 2 3 0 1 1
0.0011986231108208037 3 0 2 2 3 0 2 2
3912.5378309349453 3 0 3 0 0 0 0 0
-203.25740202607926 3 0 3 0 0 0 0 3
-287.57201434410484 3 0 3 0 0 0 3 0
-47.99785988615824 3 0 3 0 0 0 3 3
-274.9435317631531 3 0 3 0 0 3 0 0
-45.51719809006703 3 0 3 0 0 3 0 3
-59.09009163400753 3 0 3 0 0 3 3 0
2.364877500529678 3 0 3 0 0 3 3 3
-0.06359920566539265 3 0 3 0 1 0 0 1
-0.26783164270786763 3 0 3 0 1 0 3 1
-0.2647998397671443 3 0 3 0 1 3 0 1
2.2221121101549346 3 0 3 0 1 3 3 1
-0.06359920566539265 3 0 3 0 2 0 0 2
-0.26783164270786763 3 0 3 0 2 0 3 2
-0.2647998397671443 3 0 3 0 2 3 0 2
2.2221121101549346 3 0 3 0 2 3 3 2
-241.20028920677933 3 0 3 0 3 0 0 0
-36.149614987918646 3 0 3 0 3 0 0 3
-50.84937487904226 3 0 3 0 3 0 3 0
1.8139355404237127 3 0 3 0 3 0 3 3
-48.21109347328669 3 0 3 0 3 3 0 0
1.7652581854091054 3 0 3 0 3 3 0 3
2.7317820620487243 3 0 3 0 3 3 3 0
0.4140246785411039 3 0 3 0 3 3 3 3
-154.89059396342952 3 0 3 3 0 0 0 0
-35.93185617597768 3 0 3 3 0 0 0 3
-36.929542928168104 3 0 3 3 0 0 3 0
1.674014481728006 3 0 3 3 0 0 3 3
-35.34329814185449 3 0 3 3 0 3 0 0
1.6289032373177705 3 0 3 3 0 3 0 3
1.93944218467599 3 0 3 3 0 3 3 0
0.40873837498614934 3 0 3 3 0 3 3 3
-0.7754729881779915 3 0 3 3 1 0 0 1
12.903277850008967 3 0 3 3 1 0 3 1
12.504211131017021 3 0 3 3 1 3 0 1
62.071021177973975 3 0 3 3 1 3 3 1
-0.7754729881779915 3 0 3 3 2 0 0 2
12.903277850008966 3 0 3 3 2 0 3 2
12.504211131017021 3 0 3 3 2 3 0 2
62.07102117797397 3 0 3 3 2 3 3 2
-35.29828464179743 3 0 3 3 3 0 0 0
1.4947436521439093 3 0 3 3 3 0 0 3
1.8139355404237125 3 0 3 3 3 0 3 0
0.36921786349422675 3 0 3 3 3 0 3 3
1.7652581854091052 3 0 3 3 3 3 0 0
0.35697692692407257 3 0 3 3 3 3 0 3
0.4180192051975671 3 0 3 3 3 3 3 0
0.00406724813620774 3 1 0 1 0 1 0 1
0.0008789421990866729 3 1 0 1 0 1 3 1
0.00406724813620774 3 1 0 1 0 2 0 2
0.0008789421990866729 3 1 0 1 0 2 3 2
0.00024193176014466685 3 1 0 1 1 1 3 0
0.00024193176014466707 3 1 0 1 2 2 3 0
0.001198623110820804 3 1 0 1 3 1 0 1
0.0011986231108208044 3 1 0 1 3 2 0 2
2.6807587943997953 3 1 0 2 0 1 0 2
0.511753800835785 3 1 0 2 0 1 3 2
-2.6807587943997953 3 1 0 2 0 2 0 1
-0.5117538008357849 3 1 0 2 0 2 3 1
-0.007581433045958329 3 1 0 2 1 2 0 0
-0.0015365717787251282 3 1 0 2 1 2 0 3
0.2023097991178484 3 1 0 2 1 2 3 0
-0.005469601204271863 3 1 0 2 1 2 3 3
0.007581433045958329 3 1 0 2 2 1 0 0
0.0015365717787251278 3 1 0 2 2 1 0 3
-0.20230979911784835 3 1 0 2 2 1 3 0
0.005469601204271863 3 1 0 2 2 1 3 3
0.8501317230103819 3 1 0 2 3 1 0 2
-0.016521890632673168 3 1 0 2 3 1 3 2
-0.8501317230103819 3 1 0 2 3 2 0 1
0.016521890632673168 3 1 0 2 3 2 3 1
0.004485432711257356 3 1 1 0 0 1 1 0
0.0008902087655395198 3 1 1 0 0 1 1 3
0.004485432711257356 3 1 1 0 0 2 2 0
0.0008902087655395189 3 1 1 0 0 2 2 3
0.0010194841104563153 3 1 1 0 3 1 1 0
0.0010194841104563162 3 1 1 0 3 2 2 0
0.0005883545166170565 3 1 1 3 0 1 1 0
0.0005883545166170563 3 1 1 3 0 2 2 0
-0.00017489342081151906 3 1 1 3 1 1 1 1
-2.165155251597924e-05 3 1 1 3 1 1 2 2
-2.1651552515979095e-05 3 1 1 3 1 2 1 2
-0.0001315903157795607 3 1 1 3 1 2 2 1
-0.00013159031577956093 3 1 1 3 2 1 1 2
-2.1651552515979122e-05 3 1 1 3 2 1 2 1
-2.1651552515979295e-05 3 1 1 3 2 2 1 1
-0.00017489342081151906 3 1 1 3 2 2 2 2
6.314241290475963 3 1 2 0 0 1 2 0
1.240330898045611 3 1 2 0 0 1 2 3
-6.314241290475963 3 1 2 0 0 2 1 0
-1.240330898045611 3 1 2 0 0 2 1 3
0.0015159014703616457 3 1 2 0 1 1 2 1
-0.001515901470361646 3 1 2 0 1 2 1 1
0.001515901470361646 3 1 2 0 2 1 2 2
-0.0015159014703616457 3 1 2 0 2 2 1 2
1.3191407028778088 3 1 2 0 3 1 2 0
-0.024338677507304014 3 1 2 0 3 1 2 3
-1.3191407028778088 3 1 2 0 3 2 1 0
0.024338677507304014 3 1 2 0 3 2 1 3
0.7931223931568052 3 1 2 3 0 1 2 0
-0.022555622205117913 3 1 2 3 0 1 2 3
-0.7931223931568052 3 1 2 3 0 2 1 0
0.022555622205117913 3 1 2 3 0 2 1 3
-0.1995333594959667 3 1 2 3 1 1 2 1
0.19953335949596668 3 1 2 3 1 2 1 1
-0.19953335949596668 3 1 2 3 2 1 2 2
0.1995333594959667 3 1 2 3 2 2 1 2
-0.02433867750730402 3 1 2 3 3 1 2 0
-0.006120468285077178 3 1 2 3 3 1 2 3
0.02433867750730402 3 1 2 3 3 2 1 0
0.006120468285077178 3 1 2 3 3 2 1 3
0.0008392085956577186 3 1 3 1 0 1 0 1
0.0008392085956577186 3 1 3 1 0 2 0 2
0.0002635833126606458 3 1 3 1 1 1 0 0
0.0010584457663523788 3 1 3 1 1 1 3 0
9.732332022027463e-05 3 1 3 1 1 1 3 3
0.00026358331266064603 3 1 3 1 2 2 0 0
0.0010584457663523796 3 1 3 1 2 2 3 0
9.732332022027463e-05 3 1 3 1 2 2 3 3
0.48950382581650165 3 1 3 2 0 1 0 2
-0.017808179588474263 3 1 3 2 0 1 3 2
-0.48950382581650165 3 1 3 2 0 2 0 1
0.017808179588474263 3 1 3 2 0 2 3 1
0.20233145067036445 3 1 3 2 1 2 0 0
-0.005469601204271864 3 1 3 2 1 2 0 3
1.2243939480474306 3 1 3 2 1 2 3 0
0.5432904945805064 3 1 3 2 1 2 3 3
-0.20233145067036445 3 1 3 2 2 1 0 0
0.005469601204271864 3 1 3 2 2 1 0 3
-1.2243939480474302 3 1 3 2 2 1 3 0
-0.5432904945805063 3 1 3 2 2 1 3 3
-0.016521890632673165 3 1 3 2 3 1 0 2
-0.003994526656463282 3 1 3 2 3 1 3 2
0.016521890632673165 3 1 3 2 3 2 0 1
0.003994526656463282 3 1 3 2 3 2 3 1
-2.6807587943997957 3 2 0 1 0 1 0 2
-0.511753800835785 3 2 0 1 0 1 3 2
2.6807587943997953 3 2 0 1 0 2 0 1
0.5117538008357849 3 2 0 1 0 2 3 1
0.007581433045958329 3 2 0 1 1 2 0 0
0.001536571778725128 3 2 0 1 1 2 0 3
-0.2023097991178484 3 2 0 1 1 2 3 0
0.0054696012042718635 3 2 0 1 1 2 3 3
-0.007581433045958329 3 2 0 1 2 1 0 0
-0.001536571778725128 3 2 0 1 2 1 0 3
0.20230979911784835 3 2 0 1 2 1 3 0
-0.0054696012042718635 3 2 0 1 2 1 3 3
-0.8501317230103818 3 2 0 1 3 1 0 2
0.01652189063267316 3 2 0 1 3 1 3 2
0.8501317230103818 3 2 0 1 3 2 0 1
-0.01652189063267316 3 2 0 1 3 2 3 1
0.00406724813620774 3 2 0 2 0 1 0 1
0.0008789421990866729 3 2 0 2 0 1 3 1
0.00406724813620774 3 2 0 2 0 2 0 2
0.0008789421990866729 3 2 0 2 0 2 3 2
0.00024193176014466685 3 2 0 2 1 1 3 0
0.00024193176014466685 3 2 0 2 2 2 3 0
0.0011986231108208048 3 2 0 2 3 1 0 1
0.0011986231108208044 3 2 0 2 3 2 0 2
-6.314241290475963 3 2 1 0 0 1 2 0
-1.240330898045611 3 2 1 0 0 1 2 3
6.314241290475963 3 2 1 0 0 2 1 0
1.240330898045611 3 2 1 0 0 2 1 3
-0.0015159014703616457 3 2 1 0 1 1 2 1
0.001515901470361646 3 2 1 0 1 2 1 1
-0.001515901470361646 3 2 1 0 2 1 2 2
0.0015159014703616457 3 2 1 0 2 2 1 2
-1.3191407028778088 3 2 1 0 3 1 2 0
0.024338677507304014 3 2 1 0 3 1 2 3
1.3191407028778088 3 2 1 0 3 2 1 0
-0.024338677507304014 3 2 1 0 3 2 1 3
-0.7931223931568052 3 2 1 3 0 1 2 0
0.022555622205117913 3 2 1 3 0 1 2 3
0.7931223931568052 3 2 1 3 0 2 1 0
-0.022555622205117913 3 2 1 3 0 2 1 3
0.19953335949596668 3 2 1 3 1 1 2 1
-0.1995333594959667 3 2 1 3 1 2 1 1
0.1995333594959667 3 2 1 3 2 1 2 2
-0.19953335949596668 3 2 1 3 2 2 1 2
0.024338677507304018 3 2 1 3 3 1 2 0
0.0061204682850771784 3 2 1 3 3 1 2 3
-0.024338677507304018 3 2 1 3 3 2 1 0
-0.0061204682850771784 3 2 1 3 3 2 1 3
0.004485432711257356 3 2 2 0 0 1 1 0
0.000890208765539518 3 2 2 0 0 1 1 3
0.004485432711257356 3 2 2 0 0 2 2 0
0.0008902087655395206 3 2 2 0 0 2 2 3
0.0010194841104563162 3 2 2 0 3 1 1 0
0.0010194841104563153 3 2 2 0 3 2 2 0
0.0005883545166170561 3 2 2 3 0 1 1 0
0.0005883545166170566 3 2 2 3 0 2 2 0
-0.0001748934208115195 3 2 2 3 1 1 1 1
-2.1651552515979325e-05 3 2 2 3 1 1 2 2
-2.1651552515979152e-05 3 2 2 3 1 2 1 2
-0.0001315903157795605 3 2 2 3 1 2 2 1
-0.0001315903157795605 3 2 2 3 2 1 1 2
-2.1651552515979152e-05 3 2 2 3 2 1 2 1
-2.1651552515979217e-05 3 2 2 3 2 2 1 1
-0.0001748934208115195 3 2 2 3 2 2 2 2
-0.48950382581650137 3 2 3 1 0 1 0 2
0.017808179588474263 3 2 3 1 0 1 3 2
0.48950382581650137 3 2 3 1 0 2 0 1
-0.017808179588474263 3 2 3 1 0 2 3 1
-0.2023314506703645 3 2 3 1 1 2 0 0
0.005469601204271864 3 2 3 1 1 2 0 3
-1.2243939480474313 3 2 3 1 1 2 3 0
-0.5432904945805063 3 2 3 1 1 2 3 3
0.20233145067036445 3 2 3 1 2 1 0 0
-0.005469601204271864 3 2 3 1 2 1 0 3
1.2243939480474308 3 2 3 1 2 1 3 0
0.5432904945805063 3 2 3 1 2 1 3 3
0.01652189063267316 3 2 3 1 3 1 0 2
0.003994526656463281 3 2 3 1 3 1 3 2
-0.01652189063267316 3 2 3 1 3 2 0 1
-0.003994526656463281 3 2 3 1 3 2 3 1
0.0008392085956577186 3 2 3 2 0 1 0 1
0.0008392085956577182 3 2 3 2 0 2 0 2
0.0002635833126606458 3 2 3 2 1 1 0 0
0.0010584457663523796 3 2 3 2 1 1 3 0
9.732332022027452e-05 3 2 3 2 1 1 3 3
0.0002635833126606458 3 2 3 2 2 2 0 0
0.0010584457663523796 3 2 3 2 2 2 3 0
9.732332022027452e-05 3 2 3 2 2 2 3 3
3912.5378309349485 3 3 0 0 0 0 0 0
-203.25740202607923 3 3 0 0 0 0 0 3
-274.943531763153 3 3 0 0 0 0 3 0
-45.517198090067026 3 3 0 0 0 0 3 3
-287.5720143441049 3 3 0 0 0 3 0 0
-47.99785988615828 3 3 0 0 0 3 0 3
-59.09009163400756 3 3 0 0 0 3 3 0
2.364877500529679 3 3 0 0 0 3 3 3
-0.06359920566539264 3 3 0 0 1 0 0 1
-0.2647998397671442 3 3 0 0 1 0 3 1
-0.2678316427078674 3 3 0 0 1 3 0 1
2.222112110154933 3 3 0 0 1 3 3 1
-0.06359920566539264 3 3 0 0 2 0 0 2
-0.2647998397671442 3 3 0 0 2 0 3 2
-0.2678316427078674 3 3 0 0 2 3 0 2
2.2221121101549333 3 3 0 0 2 3 3 2
-241.2002892067793 3 3 0 0 3 0 0 0
-36.14961498791866 3 3 0 0 3 0 0 3
-48.21109347328669 3 3 0 0 3 0 3 0
1.7652581854091054 3 3 0 0 3 0 3 3
-50.849374879042294 3 3 0 0 3 3 0 0
1.8139355404237134 3 3 0 0 3 3 0 3
2.7317820620487248 3 3 0 0 3 3 3 0
0.4140246785411041 3 3 0 0 3 3 3 3
-154.89059396342952 3 3 0 3 0 0 0 0
-35.93185617597769 3 3 0 3 0 0 0 3
-35.3432981418545 3 3 0 3 0 0 3 0
1.6289032373177705 3 3 0 3 0 0 3 3
-36.92954292816814 3 3 0 3 0 3 0 0
1.6740144817280065 3 3 0 3 0 3 0 3
1.9394421846759902 3 3 0 3 0 3 3 0
0.40873837498614946 3 3 0 3 0 3 3 3
-0.775472988177991 3 3 0 3 1 0 0 1
12.504211131017021 3 3 0 3 1 0 3 1
12.903277850008955 3 3 0 3 1 3 0 1
62.07102117797396 3 3 0 3 1 3 3 1
-0.775472988177991 3 3 0 3 2 0 0 2
12.504211131017021 3 3 0 3 2 0 3 2
12.903277850008955 3 3 0 3 2 3 0 2
62.07102117797396 3 3 0 3 2 3 3 2
-35.298284641797444 3 3 0 3 3 0 0 0
1.4947436521439095 3 3 0 3 3 0 0 3
1.7652581854091054 3 3 0 3 3 0 3 0
0.3569769269240726 3 3 0 3 3 0 3 3
1.8139355404237136 3 3 0 3 3 3 0 0
0.3692178634942271 3 3 0 3 3 3 0 3
0.41801920519756736 3 3 0 3 3 3 3 0
0.000839208595657718 3 3 1 1 0 0 1 1
0.000839208595657718 3 3 1 1 0 0 2 2
0.0002635833126606456 3 3 1 1 1 0 1 0
0.0010584457663523781 3 3 1 1 1 3 1 0
9.732332022027441e-05 3 3 1 1 1 3 1 3
0.00026358331266064516 3 3 1 1 2 0 2 0
0.0010584457663523781 3 3 1 1 2 3 2 0
9.732332022027441e-05 3 3 1 1 2 3 2 3
0.4895038258165018 3 3 1 2 0 0 1 2
-0.4895038258165018 3 3 1 2 0 0 2 1
-0.017808179588474263 3 3 1 2 0 3 1 2
0.017808179588474263 3 3 1 2 0 3 2 1
0.20233145067036457 3 3 1 2 1 0 2 0
-0.005469601204271859 3 3 1 2 1 0 2 3
1.2243939480474304 3 3 1 2 1 3 2 0
0.5432904945805062 3 3 1 2 1 3 2 3
-0.2023314506703645 3 3 1 2 2 0 1 0
0.005469601204271859 3 3 1 2 2 0 1 3
-1.2243939480474302 3 3 1 2 2 3 1 0
-0.5432904945805062 3 3 1 2 2 3 1 3
-0.016521890632673154 3 3 1 2 3 0 1 2
0.016521890632673154 3 3 1 2 3 0 2 1
-0.003994526656463284 3 3 1 2 3 3 1 2
0.003994526656463284 3 3 1 2 3 3 2 1
-0.4895038258165017 3 3 2 1 0 0 1 2
0.4895038258165017 3 3 2 1 0 0 2 1
0.01780817958847426 3 3 2 1 0 3 1 2
-0.01780817958847426 3 3 2 1 0 3 2 1
-0.20233145067036454 3 3 2 1 1 0 2 0
0.005469601204271858 3 3 2 1 1 0 2 3
-1.2243939480474304 3 3 2 1 1 3 2 0
-0.543290494580506 3 3 2 1 1 3 2 3
0.20233145067036448 3 3 2 1 2 0 1 0
-0.005469601204271858 3 3 2 1 2 0 1 3
1.2243939480474304 3 3 2 1 2 3 1 0
0.543290494580506 3 3 2 1 2 3 1 3
0.016521890632673154 3 3 2 1 3 0 1 2
-0.016521890632673154 3 3 2 1 3 0 2 1
0.003994526656463284 3 3 2 1 3 3 1 2
-0.003994526656463284 3 3 2 1 3 3 2 1
0.0008392085956577184 3 3 2 2 0 0 1 1
0.0008392085956577184 3 3 2 2 0 0 2 2
0.00026358331266064516 3 3 2 2 1 0 1 0
0.0010584457663523764 3 3 2 2 1 3 1 0
9.732332022027452e-05 3 3 2 2 1 3 1 3
0.0002635833126606454 3 3 2 2 2 0 2 0
0.0010584457663523764 3 3 2 2 2 3 2 0
9.732332022027463e-05 3 3 2 2 2 3 2 3
-263.67737743605375 3 3 3 0 0 0 0 0
-44.14529046987381 3 3 3 0 0 0 0 3
-57.75288057455937 3 3 3 0 0 0 3 0
2.364864841449289 3 3 3 0 0 0 3 3
-57.7528805745594 3 3 3 0 0 3 0 0
2.3648648414492897 3 3 3 0 0 3 0 3
3.339578940107616 3 3 3 0 0 3 3 0
0.5721333147005152 3 3 3 0 0 3 3 3
-0.2578143370925108 3 3 3 0 1 0 0 1
1.6789189388946484 3 3 3 0 1 0 3 1
1.6789189388946482 3 3 3 0 1 3 0 1
8.279845539255774 3 3 3 0 1 3 3 1
-0.2578143370925108 3 3 3 0 2 0 0 2
1.6789189388946482 3 3 3 0 2 0 3 2
1.678918938894648 3 3 3 0 2 3 0 2
8.279845539255776 3 3 3 0 2 3 3 2
-46.89093328629847 3 3 3 0 3 0 0 0
1.7574413985344741 3 3 3 0 3 0 0 3
2.7317820620487248 3 3 3 0 3 0 3 0
0.4180192051975672 3 3 3 0 3 0 3 3
2.7317820620487248 3 3 3 0 3 3 0 0
0.41801920519756736 3 3 3 0 3 3 0 3
0.6192019984017454 3 3 3 0 3 3 3 0
-33.460504520597375 3 3 3 3 0 0 0 0
1.589925297207951 3 3 3 3 0 0 0 3
1.9038131664186526 3 3 3 3 0 0 3 0
0.4039777909381603 3 3 3 3 0 0 3 3
1.9038131664186524 3 3 3 3 0 3 0 0
0.4039777909381604 3 3 3 3 0 3 0 3
0.4656821424787095 3 3 3 3 0 3 3 0
12.102456662295065 3 3 3 3 1 0 0 1
60.847685675692915 3 3 3 3 1 0 3 1
60.8476856756929 3 3 3 3 1 3 0 1
-527.9530633779989 3 3 3 3 1 3 3 1
12.102456662295065 3 3 3 3 2 0 0 2
60.84768567569291 3 3 3 3 2 0 3 2
60.8476856756929 3 3 3 3 2 3 0 2
-527.9530633779989 3 3 3 3 2 3 3 2
1.724397617269128 3 3 3 3 3 0 0 0
0.35085645863899556 3 3 3 3 3 0 0 3
0.4140246785411038 3 3 3 3 3 0 3 0
0.41402467854110403 3 3 3 3 3 3 0 0
