-876564.7451848751 0 0 0 0 0 0 0 0
15162.56966835432 0 0 0 0 0 0 0 3
-125.25988051681988 0 0 0 0 0 0 1 1
-125.25988051681986 0 0 0 0 0 0 2 2
18335.35160806251 0 0 0 0 0 0 3 0
1850.2784060221977 0 0 0 0 0 0 3 3
24864.863599258297 0 0 0 0 0 3 0 0
3382.632854463608 0 0 0 0 0 3 0 3
49.80086972383502 0 0 0 0 0 3 1 1
49.800869723835014 0 0 0 0 0 3 2 2
3507.934199688082 0 0 0 0 0 3 3 0
-113.1239914900671 0 0 0 0 0 3 3 3
24864.863599258308 0 0 0 0 3 0 0 0
3382.632854463611 0 0 0 0 3 0 0 3
49.80086972383505 0 0 0 0 3 0 1 1
49.80086972383505 0 0 0 0 3 0 2 2
3507.934199688084 0 0 0 0 3 0 3 0
-113.12399149006714 0 0 0 0 3 0 3 3
5134.003092017746 0 0 0 0 3 3 0 0
-206.9349523350848 0 0 0 0 3 3 0 3
11.054143550613505 0 0 0 0 3 3 1 1
11.054143550613503 0 0 0 0 3 3 2 2
-227.35395605401138 0 0 0 0 3 3 3 0
-23.512802818238743 0 0 0 0 3 3 3 3
15162.569668354316 0 0 0 3 0 0 0 0
3918.413121663697 0 0 0 3 0 0 0 3
-8008.135372112468 0 0 0 3 0 0 1 1
-8008.13537211247 0 0 0 3 0 0 2 2
3795.666664697528 0 0 0 3 0 0 3 0
-125.95395621788697 0 0 0 3 0 0 3 3
3567.560338323014 0 0 0 3 0 3 0 0
-167.11438777608083 0 0 0 3 0 3 0 3
-1696.7047298663927 0 0 0 3 0 3 1 1
-1696.7047298663927 0 0 0 3 0 3 2 2
-176.83631684333417 0 0 0 3 0 3 3 0
-27.27179189435158 0 0 0 3 0 3 3 3
3567.560338323016 0 0 0 3 3 0 0 0
-167.1143877760809 0 0 0 3 3 0 0 3
-1696.7047298663938 0 0 0 3 3 0 1 1
-1696.7047298663938 0 0 0 3 3 0 2 2
-176.83631684333426 0 0 0 3 3 0 3 0
-27.271791894351594 0 0 0 3 3 0 3 3
-214.048332859077 0 0 0 3 3 3 0 0
-37.186797544876384 0 0 0 3 3 3 0 3
105.60931536907897 0 0 0 3 3 3 1 1
105.60931536907897 0 0 0 3 3 3 2 2
-37.65316779798624 0 0 0 3 3 3 3 0
1.1940627233953922 0 0 0 3 3 3 3 3
-382.73558210610474 0 0 1 1 0 0 0 0
-3.193303367791798 0 0 1 1 0 0 0 3
-0.08660561403966754 0 0 1 1 0 0 1 1
-0.08660561403966753 0 0 1 1 0 0 2 2
-8008.135372112463 0 0 1 1 0 0 3 0
-125.2598805168199 0 0 1 1 0 0 3 3
62.06283533112769 0 0 1 1 0 3 0 0
-0.6719566812144441 0 0 1 1 0 3 0 3
0.0009508726770749501 0 0 1 1 0 3 1 1
0.0009508726770749501 0 0 1 1 0 3 2 2
-1877.99029307351 0 0 1 1 0 3 3 0
50.789472580318716 0 0 1 1 0 3 3 3
62.06283533112773 0 0 1 1 3 0 0 0
-0.6719566812144446 0 0 1 1 3 0 0 3
0.000950872677074957 0 0 1 1 3 0 1 1
0.000950872677074957 0 0 1 1 3 0 2 2
-1877.9902930735118 0 0 1 1 3 0 3 0
50.78947258031876 0 0 1 1 3 0 3 3
13.11607993111303 0 0 1 1 3 3 0 0
-0.1651887707481258 0 0 1 1 3 3 0 3
0.00023147848194263188 0 0 1 1 3 3 1 1
0.00023147848194263188 0 0 1 1 3 3 2 2
112.5855702555189 0 0 1 1 3 3 3 0
11.538153253848217 0 0 1 1 3 3 3 3
-1945.3016530612929 0 0 1 2 0 0 1 2
1945.3016530612929 0 0 1 2 0 0 2 1
62.21249643690919 0 0 1 2 0 3 1 2
-62.21249643690919 0 0 1 2 0 3 2 1
62.21249643690921 0 0 1 2 3 0 1 2
-62.21249643690921 0 0 1 2 3 0 2 1
13.582172562160345 0 0 1 2 3 3 1 2
-13.582172562160347 0 0 1 2 3 3 2 1
1945.3016530612927 0 0 2 1 0 0 1 2
-1945.3016530612927 0 0 2 1 0 0 2 1
-62.212496436909184 0 0 2 1 0 3 1 2
62.212496436909184 0 0 2 1 0 3 2 1
-62.21249643690921 0 0 2 1 3 0 1 2
62.21249643690921 0 0 2 1 3 0 2 1
-13.582172562160345 0 0 2 1 3 3 1 2
13.582172562160347 0 0 2 1 3 3 2 1
-382.73558210610463 0 0 2 2 0 0 0 0
-3.1933033677917972 0 0 2 2 0 0 0 3
-0.0866056140396671 0 0 2 2 0 0 1 1
-0.08660561403966709 0 0 2 2 0 0 2 2
-8008.135372112465 0 0 2 2 0 0 3 0
-125.2598805168199 0 0 2 2 0 0 3 3
62.06283533112769 0 0 2 2 0 3 0 0
-0.6719566812144444 0 0 2 2 0 3 0 3
0.0009508726770749501 0 0 2 2 0 3 1 1
0.0009508726770749501 0 0 2 2 0 3 2 2
-1877.99029307351 0 0 2 2 0 3 3 0
50.78947258031872 0 0 2 2 0 3 3 3
62.06283533112774 0 0 2 2 3 0 0 0
-0.6719566812144451 0 0 2 2 3 0 0 3
0.000950872677074957 0 0 2 2 3 0 1 1
0.000950872677074957 0 0 2 2 3 0 2 2
-1877.9902930735116 0 0 2 2 3 0 3 0
50.78947258031876 0 0 2 2 3 0 3 3
13.11607993111303 0 0 2 2 3 3 0 0
-0.16518877074812582 0 0 2 2 3 3 0 3
0.00023147848194263188 0 0 2 2 3 3 1 1
0.00023147848194263188 0 0 2 2 3 3 2 2
112.5855702555189 0 0 2 2 3 3 3 0
11.538153253848217 0 0 2 2 3 3 3 3
18335.351608062512 0 0 3 0 0 0 0 0
3795.6666646975286 0 0 3 0 0 0 0 3
-3.1933033677917937 0 0 3 0 0 0 1 1
-3.1933033677917932 0 0 3 0 0 0 2 2
3757.450058747122 0 0 3 0 0 0 3 0
-126.20594798357244 0 0 3 0 0 0 3 3
3707.6194951846805 0 0 3 0 0 3 0 0
-176.56445400714767 0 0 3 0 0 3 0 3
-1.392728005304966 0 0 3 0 0 3 1 1
-1.392728005304966 0 0 3 0 0 3 2 2
-188.93039262811973 0 0 3 0 0 3 3 0
-26.46061849736191 0 0 3 0 0 3 3 3
3707.6194951846833 0 0 3 0 3 0 0 0
-176.56445400714782 0 0 3 0 3 0 0 3
-1.3927280053049684 0 0 3 0 3 0 1 1
-1.3927280053049684 0 0 3 0 3 0 2 2
-188.93039262811982 0 0 3 0 3 0 3 0
-26.460618497361935 0 0 3 0 3 0 3 3
-235.03793320837448 0 0 3 0 3 3 0 0
-37.68921888423492 0 0 3 0 3 3 0 3
-0.14833355246142127 0 0 3 0 3 3 1 1
-0.14833355246142127 0 0 3 0 3 3 2 2
-38.56116570641258 0 0 3 0 3 3 3 0
1.214525536257976 0 0 3 0 3 3 3 3
1850.2784060221975 0 0 3 3 0 0 0 0
-125.95395621788697 0 0 3 3 0 0 0 3
-382.7355821061046 0 0 3 3 0 0 1 1
-382.73558210610463 0 0 3 3 0 0 2 2
-126.20594798357241 0 0 3 3 0 0 3 0
-32.41987584620321 0 0 3 3 0 0 3 3
-115.84988474124238 0 0 3 3 0 3 0 0
-28.109140897628684 0 0 3 3 0 3 0 3
60.728364232375114 0 0 3 3 0 3 1 1
60.72836423237512 0 0 3 3 0 3 2 2
-27.185026456094995 0 0 3 3 0 3 3 0
1.1226643243640992 0 0 3 3 0 3 3 3
-115.84988474124243 0 0 3 3 3 0 0 0
-28.109140897628695 0 0 3 3 3 0 0 3
60.72836423237516 0 0 3 3 3 0 1 1
60.728364232375164 0 0 3 3 3 0 2 2
-27.185026456095013 0 0 3 3 3 0 3 0
1.1226643243640995 0 0 3 3 3 0 3 3
-24.6709014766655 0 0 3 3 3 3 0 0
1.214560893248782 0 0 3 3 3 3 0 3
12.62894276388387 0 0 3 3 3 3 1 1
12.62894276388387 0 0 3 3 3 3 2 2
1.2338908169931389 0 0 3 3 3 3 3 0
0.25652801386809343 0 0 3 3 3 3 3 3
-0.2887446486430454 0 1 0 1 0 1 0 1
-181.06150309011298 0 1 0 1 0 1 1 0
0.9882235145494591 0 1 0 1 0 1 1 3
0.0013984942459537154 0 1 0 1 0 1 3 1
-0.2887446486430455 0 1 0 1 0 2 0 2
-181.06150309011298 0 1 0 1 0 2 2 0
0.9882235145494592 0 1 0 1 0 2 2 3
0.0013984942459537154 0 1 0 1 0 2 3 2
0.0028570219121578627 0 1 0 1 3 1 0 1
3.4860235693133323 0 1 0 1 3 1 1 0
0.24190511699550998 0 1 0 1 3 1 1 3
0.00028909505165182416 0 1 0 1 3 1 3 1
0.0028570219121578627 0 1 0 1 3 2 0 2
3.4860235693133323 0 1 0 1 3 2 2 0
0.24190511699551004 0 1 0 1 3 2 2 3
0.00028909505165182416 0 1 0 1 3 2 3 2
-184.63873921076433 0 1 0 2 0 1 0 2
-0.22406011700448467 0 1 0 2 0 1 2 0
0.00037934193426172446 0 1 0 2 0 1 2 3
1.4974795494349646 0 1 0 2 0 1 3 2
184.63873921076433 0 1 0 2 0 2 0 1
0.22406011700448472 0 1 0 2 0 2 1 0
-0.00037934193426172446 0 1 0 2 0 2 1 3
-1.4974795494349646 0 1 0 2 0 2 3 1
3.553833240084017 0 1 0 2 3 1 0 2
0.0021038739066173693 0 1 0 2 3 1 2 0
9.973462184246227e-05 0 1 0 2 3 1 2 3
0.2786913745009691 0 1 0 2 3 1 3 2
-3.553833240084017 0 1 0 2 3 2 0 1
-0.0021038739066173684 0 1 0 2 3 2 1 0
-9.973462184246227e-05 0 1 0 2 3 2 1 3
-0.2786913745009691 0 1 0 2 3 2 3 1
0.00041168239858420456 0 1 1 0 0 1 0 1
-0.3085647749642352 0 1 1 0 0 1 1 0
0.0012287346259709166 0 1 1 0 0 1 1 3
0.00037934193426172576 0 1 1 0 0 1 3 1
0.00041168239858420456 0 1 1 0 0 2 0 2
-0.3085647749642353 0 1 1 0 0 2 2 0
0.001228734625970917 0 1 1 0 0 2 2 3
0.00037934193426172576 0 1 1 0 0 2 3 2
0.0030492519001189414 0 1 1 0 3 1 1 0
0.00029488714208187727 0 1 1 0 3 1 1 3
9.63571253417443e-05 0 1 1 0 3 1 3 1
0.0030492519001189414 0 1 1 0 3 2 2 0
0.00029488714208187727 0 1 1 0 3 2 2 3
9.63571253417443e-05 0 1 1 0 3 2 3 2
0.0005483711876899718 0 1 1 3 0 1 0 1
0.0012287346259709179 0 1 1 3 0 1 1 0
0.0006781888551534546 0 1 1 3 0 1 1 3
-0.2240601170044846 0 1 1 3 0 1 3 1
0.0005483711876899723 0 1 1 3 0 2 0 2
0.0012287346259709179 0 1 1 3 0 2 2 0
0.0006781888551534542 0 1 1 3 0 2 2 3
-0.22406011700448458 0 1 1 3 0 2 3 2
0.00010081153767231316 0 1 1 3 3 1 0 1
0.00030004887397498063 0 1 1 3 3 1 1 0
0.0020872266681308854 0 1 1 3 3 1 3 1
0.00010081153767231338 0 1 1 3 3 2 0 2
0.00030004887397498063 0 1 1 3 3 2 2 0
0.0020872266681308854 0 1 1 3 3 2 3 2
0.7203596416919384 0 1 2 0 0 1 0 2
-199.37673072163412 0 1 2 0 0 1 2 0
1.2257864728684047 0 1 2 0 0 1 2 3
0.9882235145494589 0 1 2 0 0 1 3 2
-0.7203596416919384 0 1 2 0 0 2 0 1
199.37673072163415 0 1 2 0 0 2 1 0
-1.2257864728684047 0 1 2 0 0 2 1 3
-0.9882235145494591 0 1 2 0 0 2 3 1
-0.00842760914335224 0 1 2 0 3 1 0 2
3.8389393252813684 0 1 2 0 3 1 2 0
0.29671112553487444 0 1 2 0 3 1 2 3
0.24190849449201066 0 1 2 0 3 1 3 2
0.00842760914335224 0 1 2 0 3 2 0 1
-3.838939325281369 0 1 2 0 3 2 1 0
-0.2967111255348744 0 1 2 0 3 2 1 3
-0.24190849449201068 0 1 2 0 3 2 3 1
1.333922727564888 0 1 2 3 0 1 0 2
1.2257864728684038 0 1 2 3 0 1 2 0
0.8366708144219551 0 1 2 3 0 1 2 3
-181.06150309011298 0 1 2 3 0 1 3 2
-1.333922727564888 0 1 2 3 0 2 0 1
-1.2257864728684038 0 1 2 3 0 2 1 0
-0.8366708144219551 0 1 2 3 0 2 1 3
181.061503090113 0 1 2 3 0 2 3 1
0.2434677720769108 0 1 2 3 3 1 0 2
0.299768810786793 0 1 2 3 3 1 2 0
-0.010249084926694997 0 1 2 3 3 1 2 3
3.486040216551818 0 1 2 3 3 1 3 2
-0.24346777207691084 0 1 2 3 3 2 0 1
-0.29976881078679307 0 1 2 3 3 2 1 0
0.010249084926694997 0 1 2 3 3 2 1 3
-3.4860402165518183 0 1 2 3 3 2 3 1
0.0013984942459537163 0 1 3 1 0 1 0 1
1.3339227275648886 0 1 3 1 0 1 1 0
0.7203596416919387 0 1 3 1 0 1 1 3
0.0006177029935434235 0 1 3 1 0 1 3 1
0.0013984942459537154 0 1 3 1 0 2 0 2
1.3339227275648888 0 1 3 1 0 2 2 0
0.7203596416919387 0 1 3 1 0 2 2 3
0.0006177029935434235 0 1 3 1 0 2 3 2
0.0002961103012267403 0 1 3 1 3 1 0 1
0.2434721184595816 0 1 3 1 3 1 1 0
-0.00842760914335224 0 1 3 1 3 1 1 3
0.0002961103012267403 0 1 3 1 3 2 0 2
0.24347211845958167 0 1 3 1 3 2 2 0
-0.00842760914335224 0 1 3 1 3 2 2 3
1.4974795494349655 0 1 3 2 0 1 0 2
0.0005483711876899738 0 1 3 2 0 1 2 0
0.00041168239858420483 0 1 3 2 0 1 2 3
0.7237902557395548 0 1 3 2 0 1 3 2
-1.4974795494349655 0 1 3 2 0 2 0 1
-0.000548371187689972 0 1 3 2 0 2 1 0
-0.0004116823985842046 0 1 3 2 0 2 1 3
-0.7237902557395549 0 1 3 2 0 2 3 1
0.28174720623520627 0 1 3 2 3 1 0 2
9.646515500145514e-05 0 1 3 2 3 1 2 0
-0.009682640367581364 0 1 3 2 3 1 3 2
-0.2817472062352062 0 1 3 2 3 2 0 1
-9.646515500145514e-05 0 1 3 2 3 2 1 0
0.009682640367581364 0 1 3 2 3 2 3 1
184.63873921076433 0 2 0 1 0 1 0 2
0.22406011700448467 0 2 0 1 0 1 2 0
-0.00037934193426172446 0 2 0 1 0 1 2 3
-1.4974795494349646 0 2 0 1 0 1 3 2
-184.6387392107643 0 2 0 1 0 2 0 1
-0.22406011700448467 0 2 0 1 0 2 1 0
0.00037934193426172446 0 2 0 1 0 2 1 3
1.4974795494349646 0 2 0 1 0 2 3 1
-3.5538332400840176 0 2 0 1 3 1 0 2
-0.0021038739066173684 0 2 0 1 3 1 2 0
-9.973462184246227e-05 0 2 0 1 3 1 2 3
-0.27869137450096904 0 2 0 1 3 1 3 2
3.5538332400840176 0 2 0 1 3 2 0 1
0.0021038739066173693 0 2 0 1 3 2 1 0
9.973462184246227e-05 0 2 0 1 3 2 1 3
0.27869137450096904 0 2 0 1 3 2 3 1
-0.2887446486430455 0 2 0 2 0 1 0 1
-181.061503090113 0 2 0 2 0 1 1 0
0.9882235145494593 0 2 0 2 0 1 1 3
0.0013984942459537154 0 2 0 2 0 1 3 1
-0.2887446486430454 0 2 0 2 0 2 0 2
-181.06150309011298 0 2 0 2 0 2 2 0
0.9882235145494592 0 2 0 2 0 2 2 3
0.0013984942459537154 0 2 0 2 0 2 3 2
0.0028570219121578627 0 2 0 2 3 1 0 1
3.486023569313332 0 2 0 2 3 1 1 0
0.24190511699551 0 2 0 2 3 1 1 3
0.00028909505165182427 0 2 0 2 3 1 3 1
0.0028570219121578627 0 2 0 2 3 2 0 2
3.486023569313332 0 2 0 2 3 2 2 0
0.24190511699551 0 2 0 2 3 2 2 3
0.00028909505165182427 0 2 0 2 3 2 3 2
-0.7203596416919384 0 2 1 0 0 1 0 2
199.37673072163415 0 2 1 0 0 1 2 0
-1.225786472868405 0 2 1 0 0 1 2 3
-0.988223514549459 0 2 1 0 0 1 3 2
0.7203596416919384 0 2 1 0 0 2 0 1
-199.37673072163415 0 2 1 0 0 2 1 0
1.2257864728684045 0 2 1 0 0 2 1 3
0.9882235145494592 0 2 1 0 0 2 3 1
0.00842760914335224 0 2 1 0 3 1 0 2
-3.838939325281369 0 2 1 0 3 1 2 0
-0.29671112553487444 0 2 1 0 3 1 2 3
-0.2419084944920106 0 2 1 0 3 1 3 2
-0.00842760914335224 0 2 1 0 3 2 0 1
3.8389393252813684 0 2 1 0 3 2 1 0
0.29671112553487433 0 2 1 0 3 2 1 3
0.24190849449201063 0 2 1 0 3 2 3 1
-1.3339227275648877 0 2 1 3 0 1 0 2
-1.2257864728684043 0 2 1 3 0 1 2 0
-0.8366708144219551 0 2 1 3 0 1 2 3
181.06150309011298 0 2 1 3 0 1 3 2
1.3339227275648877 0 2 1 3 0 2 0 1
1.225786472868404 0 2 1 3 0 2 1 0
0.8366708144219551 0 2 1 3 0 2 1 3
-181.06150309011298 0 2 1 3 0 2 3 1
-0.24346777207691075 0 2 1 3 3 1 0 2
-0.29976881078679307 0 2 1 3 3 1 2 0
0.010249084926694997 0 2 1 3 3 1 2 3
-3.4860402165518183 0 2 1 3 3 1 3 2
0.2434677720769108 0 2 1 3 3 2 0 1
0.29976881078679307 0 2 1 3 3 2 1 0
-0.010249084926694997 0 2 1 3 3 2 1 3
3.486040216551818 0 2 1 3 3 2 3 1
0.0004116823985842048 0 2 2 0 0 1 0 1
-0.30856477496423523 0 2 2 0 0 1 1 0
0.001228734625970917 0 2 2 0 0 1 1 3
0.0003793419342617249 0 2 2 0 0 1 3 1
0.0004116823985842048 0 2 2 0 0 2 0 2
-0.30856477496423507 0 2 2 0 0 2 2 0
0.001228734625970917 0 2 2 0 0 2 2 3
0.0003793419342617249 0 2 2 0 0 2 3 2
0.0030492519001189414 0 2 2 0 3 1 1 0
0.00029488714208187705 0 2 2 0 3 1 1 3
9.635712534174432e-05 0 2 2 0 3 1 3 1
0.0030492519001189414 0 2 2 0 3 2 2 0
0.00029488714208187727 0 2 2 0 3 2 2 3
9.635712534174432e-05 0 2 2 0 3 2 3 2
0.0005483711876899723 0 2 2 3 0 1 0 1
0.0012287346259709179 0 2 2 3 0 1 1 0
0.0006781888551534542 0 2 2 3 0 1 1 3
-0.22406011700448472 0 2 2 3 0 1 3 1
0.0005483711876899723 0 2 2 3 0 2 0 2
0.0012287346259709179 0 2 2 3 0 2 2 0
0.0006781888551534546 0 2 2 3 0 2 2 3
-0.22406011700448467 0 2 2 3 0 2 3 2
0.00010081153767231338 0 2 2 3 3 1 0 1
0.00030004887397498063 0 2 2 3 3 1 1 0
0.0020872266681308854 0 2 2 3 3 1 3 1
0.00010081153767231338 0 2 2 3 3 2 0 2
0.00030004887397498063 0 2 2 3 3 2 2 0
0.0020872266681308854 0 2 2 3 3 2 3 2
-1.4974795494349653 0 2 3 1 0 1 0 2
-0.000548371187689972 0 2 3 1 0 1 2 0
-0.0004116823985842046 0 2 3 1 0 1 2 3
-0.7237902557395551 0 2 3 1 0 1 3 2
1.497479549434965 0 2 3 1 0 2 0 1
0.000548371187689972 0 2 3 1 0 2 1 0
0.0004116823985842046 0 2 3 1 0 2 1 3
0.7237902557395551 0 2 3 1 0 2 3 1
-0.2817472062352062 0 2 3 1 3 1 0 2
-9.646515500145512e-05 0 2 3 1 3 1 2 0
0.009682640367581364 0 2 3 1 3 1 3 2
0.28174720623520616 0 2 3 1 3 2 0 1
9.646515500145512e-05 0 2 3 1 3 2 1 0
-0.009682640367581364 0 2 3 1 3 2 3 1
0.0013984942459537154 0 2 3 2 0 1 0 1
1.3339227275648882 0 2 3 2 0 1 1 0
0.7203596416919386 0 2 3 2 0 1 1 3
0.0006177029935434232 0 2 3 2 0 1 3 1
0.0013984942459537163 0 2 3 2 0 2 0 2
1.3339227275648884 0 2 3 2 0 2 2 0
0.7203596416919386 0 2 3 2 0 2 2 3
0.0006177029935434235 0 2 3 2 0 2 3 2
0.0002961103012267401 0 2 3 2 3 1 0 1
0.24347211845958164 0 2 3 2 3 1 1 0
-0.00842760914335224 0 2 3 2 3 1 1 3
0.0002961103012267401 0 2 3 2 3 2 0 2
0.24347211845958164 0 2 3 2 3 2 2 0
-0.00842760914335224 0 2 3 2 3 2 2 3
24864.863599258308 0 3 0 0 0 0 0 0
3567.5603383230145 0 3 0 0 0 0 0 3
50.789472580318716 0 3 0 0 0 0 1 1
50.78947258031872 0 3 0 0 0 0 2 2
3707.619495184681 0 3 0 0 0 0 3 0
-115.84988474124238 0 3 0 0 0 0 3 3
6251.088322227772 0 3 0 0 0 3 0 0
-223.63692162785907 0 3 0 0 0 3 0 3
11.536990902614196 0 3 0 0 0 3 1 1
11.536990902614198 0 3 0 0 0 3 2 2
-247.03935838126543 0 3 0 0 0 3 3 0
-25.762545690768174 0 3 0 0 0 3 3 3
5506.712435400571 0 3 0 0 3 0 0 0
-214.87546946528514 0 3 0 0 3 0 0 3
11.376477550501372 0 3 0 0 3 0 1 1
11.376477550501372 0 3 0 0 3 0 2 2
-236.47954739065653 0 3 0 0 3 0 3 0
-24.646979490980094 0 3 0 0 3 0 3 3
-351.63131618872154 0 3 0 0 3 3 0 0
-49.24352979843606 0 3 0 0 3 3 0 3
-0.7062445904396788 0 3 0 0 3 3 1 1
-0.7062445904396788 0 3 0 0 3 3 2 2
-51.425175039551526 0 3 0 0 3 3 3 0
1.35597731555851 0 3 0 0 3 3 3 3
3382.632854463608 0 3 0 3 0 0 0 0
-167.1143877760808 0 3 0 3 0 0 0 3
-1877.9902930735097 0 3 0 3 0 0 1 1
-1877.9902930735095 0 3 0 3 0 0 2 2
-176.5644540071477 0 3 0 3 0 0 3 0
-28.10914089762868 0 3 0 3 0 0 3 3
-223.63692162785907 0 3 0 3 0 3 0 0
-40.699389971207715 0 3 0 3 0 3 0 3
116.01462659123393 0 3 0 3 0 3 1 1
116.01462659123392 0 3 0 3 0 3 2 2
-41.09757507497863 0 3 0 3 0 3 3 0
1.2593689302485394 0 3 0 3 0 3 3 3
-214.87546946528508 0 3 0 3 3 0 0 0
-38.35822689675523 0 3 0 3 3 0 0 3
111.40424988214164 0 3 0 3 3 0 1 1
111.40424988214164 0 3 0 3 3 0 2 2
-38.81591075404521 0 3 0 3 3 0 3 0
1.2226641822975715 0 3 0 3 3 0 3 3
-50.21956349391546 0 3 0 3 3 3 0 0
1.885439697928104 0 3 0 3 3 3 0 3
25.08647539228474 0 3 0 3 3 3 1 1
25.086475392284743 0 3 0 3 3 3 2 2
1.9910520239627998 0 3 0 3 3 3 3 0
0.291849883911909 0 3 0 3 3 3 3 3
60.728364232375114 0 3 1 1 0 0 0 0
-1.3927280053049669 0 3 1 1 0 0 0 3
0.0009508726770749528 0 3 1 1 0 0 1 1
0.0009508726770749526 0 3 1 1 0 0 2 2
-1696.7047298663927 0 3 1 1 0 0 3 0
49.80086972383503 0 3 1 1 0 0 3 3
13.34627918493586 0 3 1 1 0 3 0 0
-0.15630547040083148 0 3 1 1 0 3 0 3
0.00027945128960272565 0 3 1 1 0 3 1 1
0.00027945128960272565 0 3 1 1 0 3 2 2
116.0146265912339 0 3 1 1 0 3 3 0
11.536990902614196 0 3 1 1 0 3 3 3
13.030518772466674 0 3 1 1 3 0 0 0
-0.1566092645367929 0 3 1 1 3 0 0 3
0.00024343424198688265 0 3 1 1 3 0 1 1
0.00024343424198688265 0 3 1 1 3 0 2 2
111.40424988214164 0 3 1 1 3 0 3 0
11.376477550501376 0 3 1 1 3 0 3 3
-0.8128039367170758 0 3 1 1 3 3 0 0
-0.03713558414041829 0 3 1 1 3 3 0 3
26.043505096432266 0 3 1 1 3 3 3 0
-0.7138473035368902 0 3 1 1 3 3 3 3
62.212496436909184 0 3 1 2 0 0 1 2
-62.212496436909184 0 3 1 2 0 0 2 1
15.334749932920856 0 3 1 2 0 3 1 2
-15.334749932920852 0 3 1 2 0 3 2 1
14.165624981839331 0 3 1 2 3 0 1 2
-14.165624981839331 0 3 1 2 3 0 2 1
-0.6252286807852049 0 3 1 2 3 3 1 2
0.6252286807852049 0 3 1 2 3 3 2 1
-62.212496436909184 0 3 2 1 0 0 1 2
62.212496436909184 0 3 2 1 0 0 2 1
-15.334749932920852 0 3 2 1 0 3 1 2
15.334749932920852 0 3 2 1 0 3 2 1
-14.165624981839333 0 3 2 1 3 0 1 2
14.165624981839333 0 3 2 1 3 0 2 1
0.6252286807852049 0 3 2 1 3 3 1 2
-0.6252286807852049 0 3 2 1 3 3 2 1
60.72836423237512 0 3 2 2 0 0 0 0
-1.3927280053049673 0 3 2 2 0 0 0 3
0.0009508726770749459 0 3 2 2 0 0 1 1
0.0009508726770749457 0 3 2 2 0 0 2 2
-1696.7047298663922 0 3 2 2 0 0 3 0
49.80086972383503 0 3 2 2 0 0 3 3
13.346279184935861 0 3 2 2 0 3 0 0
-0.15630547040083145 0 3 2 2 0 3 0 3
0.0002794512896027237 0 3 2 2 0 3 1 1
0.00027945128960272717 0 3 2 2 0 3 2 2
116.0146265912339 0 3 2 2 0 3 3 0
11.536990902614196 0 3 2 2 0 3 3 3
13.030518772466674 0 3 2 2 3 0 0 0
-0.15660926453679289 0 3 2 2 3 0 0 3
0.0002434342419868844 0 3 2 2 3 0 1 1
0.0002434342419868844 0 3 2 2 3 0 2 2
111.40424988214166 0 3 2 2 3 0 3 0
11.376477550501376 0 3 2 2 3 0 3 3
-0.8128039367170758 0 3 2 2 3 3 0 0
-0.03713558414041828 0 3 2 2 3 3 0 3
26.043505096432266 0 3 2 2 3 3 3 0
-0.7138473035368902 0 3 2 2 3 3 3 3
3507.934199688082 0 3 3 0 0 0 0 0
-176.83631684333417 0 3 3 0 0 0 0 3
-0.6719566812144436 0 3 3 0 0 0 1 1
-0.6719566812144435 0 3 3 0 0 0 2 2
-188.93039262811968 0 3 3 0 0 0 3 0
-27.185026456094995 0 3 3 0 0 0 3 3
-247.03935838126546 0 3 3 0 0 3 0 0
-41.097575074978636 0 3 3 0 0 3 0 3
-0.15630547040083145 0 3 3 0 0 3 1 1
-0.15630547040083145 0 3 3 0 0 3 2 2
-41.98884546780679 0 3 3 0 0 3 3 0
1.2795070570920317 0 3 3 0 0 3 3 3
-236.47954739065656 0 3 3 0 3 0 0 0
-38.81591075404521 0 3 3 0 3 0 0 3
-0.15660926453679289 0 3 3 0 3 0 1 1
-0.15660926453679289 0 3 3 0 3 0 2 2
-39.70428482397554 0 3 3 0 3 0 3 0
1.242641136781049 0 3 3 0 3 0 3 3
-52.47915189207136 0 3 3 0 3 3 0 0
1.990607934295803 0 3 3 0 3 3 0 3
-0.03484666247400438 0 3 3 0 3 3 1 1
-0.03484666247400438 0 3 3 0 3 3 2 2
2.117566540537813 0 3 3 0 3 3 3 0
0.2906642245809179 0 3 3 0 3 3 3 3
-113.1239914900671 0 3 3 3 0 0 0 0
-27.271791894351583 0 3 3 3 0 0 0 3
62.062835331127694 0 3 3 3 0 0 1 1
62.062835331127694 0 3 3 3 0 0 2 2
-26.460618497361917 0 3 3 3 0 0 3 0
1.122664324364099 0 3 3 3 0 0 3 3
-25.762545690768174 0 3 3 3 0 3 0 0
1.2593689302485391 0 3 3 3 0 3 0 3
13.346279184935861 0 3 3 3 0 3 1 1
13.346279184935861 0 3 3 3 0 3 2 2
1.2795070570920317 0 3 3 3 0 3 3 0
0.2717225517384819 0 3 3 3 0 3 3 3
-24.646979490980094 0 3 3 3 3 0 0 0
1.2226641822975715 0 3 3 3 3 0 0 3
13.030518772466674 0 3 3 3 3 0 1 1
13.030518772466674 0 3 3 3 3 0 2 2
1.242641136781049 0 3 3 3 3 0 3 0
0.2615928598248897 0 3 3 3 3 0 3 3
1.3752252811296832 0 3 3 3 3 3 0 0
0.2946863249798003 0 3 3 3 3 3 0 3
-0.8041594479861898 0 3 3 3 3 3 1 1
-0.8041594479861898 0 3 3 3 3 3 2 2
0.2931896770013379 0 3 3 3 3 3 3 0
-0.2887446486430454 1 0 0 1 1 0 0 1
-181.06150309011312 1 0 0 1 1 0 1 0
0.9882235145494597 1 0 0 1 1 0 1 3
0.0013984942459537159 1 0 0 1 1 0 3 1
0.0028570219121578583 1 0 0 1 1 3 0 1
3.486023569313334 1 0 0 1 1 3 1 0
0.24190511699550993 1 0 0 1 1 3 1 3
0.00028909505165182427 1 0 0 1 1 3 3 1
-0.28874464864304544 1 0 0 1 2 0 0 2
-181.06150309011312 1 0 0 1 2 0 2 0
0.9882235145494597 1 0 0 1 2 0 2 3
0.0013984942459537167 1 0 0 1 2 0 3 2
0.002857021912157859 1 0 0 1 2 3 0 2
3.486023569313334 1 0 0 1 2 3 2 0
0.24190511699550996 1 0 0 1 2 3 2 3
0.00028909505165182427 1 0 0 1 2 3 3 2
-184.6387392107645 1 0 0 2 1 0 0 2
-0.2240601170044844 1 0 0 2 1 0 2 0
0.0003793419342617236 1 0 0 2 1 0 2 3
1.4974795494349662 1 0 0 2 1 0 3 2
3.5538332400840202 1 0 0 2 1 3 0 2
0.002103873906617367 1 0 0 2 1 3 2 0
9.973462184246259e-05 1 0 0 2 1 3 2 3
0.2786913745009692 1 0 0 2 1 3 3 2
184.6387392107645 1 0 0 2 2 0 0 1
0.2240601170044845 1 0 0 2 2 0 1 0
-0.0003793419342617227 1 0 0 2 2 0 1 3
-1.4974795494349662 1 0 0 2 2 0 3 1
-3.5538332400840202 1 0 0 2 2 3 0 1
-0.0021038739066173663 1 0 0 2 2 3 1 0
-9.973462184246259e-05 1 0 0 2 2 3 1 3
-0.27869137450096915 1 0 0 2 2 3 3 1
0.00041168239858420434 1 0 1 0 1 0 0 1
-0.30856477496423484 1 0 1 0 1 0 1 0
0.0012287346259709148 1 0 1 0 1 0 1 3
0.00037934193426172576 1 0 1 0 1 0 3 1
0.003049251900118936 1 0 1 0 1 3 1 0
0.0002948871420818764 1 0 1 0 1 3 1 3
9.635712534174419e-05 1 0 1 0 1 3 3 1
0.00041168239858420434 1 0 1 0 2 0 0 2
-0.3085647749642348 1 0 1 0 2 0 2 0
0.0012287346259709148 1 0 1 0 2 0 2 3
0.00037934193426172576 1 0 1 0 2 0 3 2
0.003049251900118936 1 0 1 0 2 3 2 0
0.0002948871420818764 1 0 1 0 2 3 2 3
9.635712534174397e-05 1 0 1 0 2 3 3 2
0.0005483711876899723 1 0 1 3 1 0 0 1
0.0012287346259709144 1 0 1 3 1 0 1 0
0.0006781888551534531 1 0 1 3 1 0 1 3
-0.2240601170044845 1 0 1 3 1 0 3 1
0.00010081153767231305 1 0 1 3 1 3 0 1
0.0003000488739749799 1 0 1 3 1 3 1 0
0.0020872266681308833 1 0 1 3 1 3 3 1
0.0005483711876899723 1 0 1 3 2 0 0 2
0.0012287346259709153 1 0 1 3 2 0 2 0
0.0006781888551534533 1 0 1 3 2 0 2 3
-0.22406011700448447 1 0 1 3 2 0 3 2
0.00010081153767231305 1 0 1 3 2 3 0 2
0.0003000488739749799 1 0 1 3 2 3 2 0
0.0020872266681308824 1 0 1 3 2 3 3 2
0.720359641691939 1 0 2 0 1 0 0 2
-199.37673072163423 1 0 2 0 1 0 2 0
1.225786472868405 1 0 2 0 1 0 2 3
0.9882235145494597 1 0 2 0 1 0 3 2
-0.00842760914335225 1 0 2 0 1 3 0 2
3.8389393252813693 1 0 2 0 1 3 2 0
0.2967111255348744 1 0 2 0 1 3 2 3
0.24190849449201077 1 0 2 0 1 3 3 2
-0.7203596416919391 1 0 2 0 2 0 0 1
199.37673072163423 1 0 2 0 2 0 1 0
-1.2257864728684047 1 0 2 0 2 0 1 3
-0.9882235145494597 1 0 2 0 2 0 3 1
0.00842760914335225 1 0 2 0 2 3 0 1
-3.838939325281369 1 0 2 0 2 3 1 0
-0.2967111255348743 1 0 2 0 2 3 1 3
-0.2419084944920108 1 0 2 0 2 3 3 1
1.3339227275648895 1 0 2 3 1 0 0 2
1.2257864728684043 1 0 2 3 1 0 2 0
0.8366708144219556 1 0 2 3 1 0 2 3
-181.06150309011315 1 0 2 3 1 0 3 2
0.243467772076911 1 0 2 3 1 3 0 2
0.299768810786793 1 0 2 3 1 3 2 0
-0.010249084926694997 1 0 2 3 1 3 2 3
3.4860402165518205 1 0 2 3 1 3 3 2
-1.3339227275648895 1 0 2 3 2 0 0 1
-1.225786472868404 1 0 2 3 2 0 1 0
-0.8366708144219556 1 0 2 3 2 0 1 3
181.06150309011315 1 0 2 3 2 0 3 1
-0.243467772076911 1 0 2 3 2 3 0 1
-0.299768810786793 1 0 2 3 2 3 1 0
0.010249084926694997 1 0 2 3 2 3 1 3
-3.4860402165518205 1 0 2 3 2 3 3 1
0.0013984942459537159 1 0 3 1 1 0 0 1
1.33392272756489 1 0 3 1 1 0 1 0
0.7203596416919391 1 0 3 1 1 0 1 3
0.0006177029935434227 1 0 3 1 1 0 3 1
0.0002961103012267398 1 0 3 1 1 3 0 1
0.2434721184595818 1 0 3 1 1 3 1 0
-0.008427609143352246 1 0 3 1 1 3 1 3
0.0013984942459537159 1 0 3 1 2 0 0 2
1.3339227275648902 1 0 3 1 2 0 2 0
0.7203596416919391 1 0 3 1 2 0 2 3
0.0006177029935434229 1 0 3 1 2 0 3 2
0.00029611030122674004 1 0 3 1 2 3 0 2
0.2434721184595818 1 0 3 1 2 3 2 0
-0.008427609143352246 1 0 3 1 2 3 2 3
1.497479549434967 1 0 3 2 1 0 0 2
0.0005483711876899712 1 0 3 2 1 0 2 0
0.0004116823985842042 1 0 3 2 1 0 2 3
0.7237902557395556 1 0 3 2 1 0 3 2
0.2817472062352064 1 0 3 2 1 3 0 2
9.646515500145559e-05 1 0 3 2 1 3 2 0
-0.009682640367581367 1 0 3 2 1 3 3 2
-1.4974795494349666 1 0 3 2 2 0 0 1
-0.0005483711876899712 1 0 3 2 2 0 1 0
-0.0004116823985842046 1 0 3 2 2 0 1 3
-0.7237902557395557 1 0 3 2 2 0 3 1
-0.2817472062352064 1 0 3 2 2 3 0 1
-9.646515500145559e-05 1 0 3 2 2 3 1 0
0.009682640367581367 1 0 3 2 2 3 3 1
-0.5213999692267018 1 1 0 0 1 1 0 0
0.003100786917081831 1 1 0 0 1 1 0 3
-7.584971060489764e-05 1 1 0 0 1 1 1 1
-6.909471760346158e-05 1 1 0 0 1 1 2 2
0.003697264159164366 1 1 0 0 1 1 3 0
0.00040709061771757515 1 1 0 0 1 1 3 3
-3.3774965007180826e-06 1 1 0 0 1 2 1 2
-3.377496500718016e-06 1 1 0 0 1 2 2 1
-3.3774965007180703e-06 1 1 0 0 2 1 1 2
-3.3774965007180826e-06 1 1 0 0 2 1 2 1
-0.521399969226702 1 1 0 0 2 2 0 0
0.003100786917081831 1 1 0 0 2 2 0 3
-6.909471760346158e-05 1 1 0 0 2 2 1 1
-7.584971060489764e-05 1 1 0 0 2 2 2 2
0.003697264159164368 1 1 0 0 2 2 3 0
0.00040709061771757515 1 1 0 0 2 2 3 3
0.0031007869170818344 1 1 0 3 1 1 0 0
0.0008478146525916696 1 1 0 3 1 1 0 3
-0.001635362535117103 1 1 0 3 1 1 1 1
-0.001602068058144137 1 1 0 3 1 1 2 2
0.0008224054840843542 1 1 0 3 1 1 3 0
-1.664723848648323e-05 1 1 0 3 1 2 1 2
-1.664723848648248e-05 1 1 0 3 1 2 2 1
-1.664723848648248e-05 1 1 0 3 2 1 1 2
-1.6647238486483222e-05 1 1 0 3 2 1 2 1
0.0031007869170818344 1 1 0 3 2 2 0 0
0.0008478146525916705 1 1 0 3 2 2 0 3
-0.001602068058144137 1 1 0 3 2 2 1 1
-0.001635362535117103 1 1 0 3 2 2 2 2
0.0008224054840843542 1 1 0 3 2 2 3 0
-0.0001315651162924346 1 1 1 1 1 1 0 0
-7.145394070300756e-08 1 1 1 1 1 1 2 2
-0.001602068058144136 1 1 1 1 1 1 3 0
-6.909471760346169e-05 1 1 1 1 1 1 3 3
3.572697035142205e-08 1 1 1 1 1 2 1 2
3.572697035157733e-08 1 1 1 1 1 2 2 1
3.572697035157733e-08 1 1 1 1 2 1 1 2
3.572697035142205e-08 1 1 1 1 2 1 2 1
-0.0001315651162924346 1 1 1 1 2 2 0 0
-7.145394070300756e-08 1 1 1 1 2 2 1 1
-0.001602068058144136 1 1 1 1 2 2 3 0
-6.909471760346169e-05 1 1 1 1 2 2 3 3
-0.000425638330152985 1 1 1 2 1 1 1 2
0.00041524341242607564 1 1 1 2 1 1 2 1
5.197458863454889e-06 1 1 1 2 1 2 1 1
-5.197458863454964e-06 1 1 1 2 1 2 2 2
5.197458863454962e-06 1 1 1 2 2 1 1 1
-5.197458863454889e-06 1 1 1 2 2 1 2 2
-0.0004152434124260754 1 1 1 2 2 2 1 2
0.000425638330152985 1 1 1 2 2 2 2 1
0.0004152434124260751 1 1 2 1 1 1 1 2
-0.00042934536551661007 1 1 2 1 1 1 2 1
7.050976545267801e-06 1 1 2 1 1 2 1 1
-7.050976545267852e-06 1 1 2 1 1 2 2 2
7.050976545267852e-06 1 1 2 1 2 1 1 1
-7.0509765452677995e-06 1 1 2 1 2 1 2 2
0.0004293453655166103 1 1 2 1 2 2 1 2
-0.0004152434124260751 1 1 2 1 2 2 2 1
-0.0001228723509507188 1 1 2 2 1 1 0 0
-7.14539407030052e-08 1 1 2 2 1 1 1 1
-0.006101340004687938 1 1 2 2 1 1 2 2
-0.0016353625351171021 1 1 2 2 1 1 3 0
-7.584971060489807e-05 1 1 2 2 1 1 3 3
0.003050634275373621 1 1 2 2 1 2 1 2
0.0030506342753736084 1 1 2 2 1 2 2 1
0.00305063427537361 1 1 2 2 2 1 1 2
0.003050634275373621 1 1 2 2 2 1 2 1
-0.0001228723509507188 1 1 2 2 2 2 0 0
-0.006101340004687933 1 1 2 2 2 2 1 1
-7.145394070300622e-08 1 1 2 2 2 2 2 2
-0.0016353625351171021 1 1 2 2 2 2 3 0
-7.584971060489807e-05 1 1 2 2 2 2 3 3
0.003697264159164366 1 1 3 0 1 1 0 0
0.0008224054840843542 1 1 3 0 1 1 0 3
0.0008387956473000086 1 1 3 0 1 1 3 0
0.003697264159164366 1 1 3 0 2 2 0 0
0.0008224054840843542 1 1 3 0 2 2 0 3
0.0008387956473000081 1 1 3 0 2 2 3 0
0.00040709061771757537 1 1 3 3 1 1 0 0
-0.0001228723509507189 1 1 3 3 1 1 1 1
-0.00013156511629243482 1 1 3 3 1 1 2 2
4.346382670857896e-06 1 1 3 3 1 2 1 2
4.346382670857813e-06 1 1 3 3 1 2 2 1
4.346382670857813e-06 1 1 3 3 2 1 1 2
4.3463826708578975e-06 1 1 3 3 2 1 2 1
0.00040709061771757537 1 1 3 3 2 2 0 0
-0.00013156511629243482 1 1 3 3 2 2 1 1
-0.00012287235095071868 1 1 3 3 2 2 2 2
-372.1879434136014 1 2 0 0 1 2 0 0
4.380726081287071 1 2 0 0 1 2 0 3
-0.08025667605641444 1 2 0 0 1 2 1 1
-0.08025667605641444 1 2 0 0 1 2 2 2
5.279905495304463 1 2 0 0 1 2 3 0
0.557783099894058 1 2 0 0 1 2 3 3
372.18794341360143 1 2 0 0 2 1 0 0
-4.380726081287071 1 2 0 0 2 1 0 3
0.08025667605641446 1 2 0 0 2 1 1 1
0.08025667605641444 1 2 0 0 2 1 2 2
-5.279905495304463 1 2 0 0 2 1 3 0
-0.557783099894058 1 2 0 0 2 1 3 3
4.3807260812870705 1 2 0 3 1 2 0 0
1.1705815372262587 1 2 0 3 1 2 0 3
-2.30518835454614 1 2 0 3 1 2 1 1
-2.30518835454614 1 2 0 3 1 2 2 2
1.1408321604667284 1 2 0 3 1 2 3 0
-0.018352373975484303 1 2 0 3 1 2 3 3
-4.3807260812870705 1 2 0 3 2 1 0 0
-1.1705815372262587 1 2 0 3 2 1 0 3
2.3051883545461402 1 2 0 3 2 1 1 1
2.3051883545461402 1 2 0 3 2 1 2 2
-1.1408321604667284 1 2 0 3 2 1 3 0
0.018352373975484303 1 2 0 3 2 1 3 3
5.197458863454877e-06 1 2 1 1 1 1 1 2
7.050976545267842e-06 1 2 1 1 1 1 2 1
-0.1578802062346 1 2 1 1 1 2 0 0
-0.00015189706798066237 1 2 1 1 1 2 0 3
-2.4132741512278915e-05 1 2 1 1 1 2 1 1
-1.1884306103556351e-05 1 2 1 1 1 2 2 2
-2.30518835454614 1 2 1 1 1 2 3 0
-0.08025667605641444 1 2 1 1 1 2 3 3
0.1578802062346 1 2 1 1 2 1 0 0
0.00015189706798066237 1 2 1 1 2 1 0 3
1.188430610355635e-05 1 2 1 1 2 1 1 1
2.4132741512278915e-05 1 2 1 1 2 1 2 2
2.3051883545461402 1 2 1 1 2 1 3 0
0.08025667605641443 1 2 1 1 2 1 3 3
-7.050976545267803e-06 1 2 1 1 2 2 1 2
-5.197458863454864e-06 1 2 1 1 2 2 2 1
-4.3463826708578475e-06 1 2 1 2 1 1 0 0
3.572697035142153e-08 1 2 1 2 1 1 1 1
0.003050634275373627 1 2 1 2 1 1 2 2
1.6647238486482995e-05 1 2 1 2 1 1 3 0
3.377496500718094e-06 1 2 1 2 1 1 3 3
-0.5860877748149702 1 2 1 2 1 2 1 2
0.5830371762665673 1 2 1 2 1 2 2 1
0.5830371762665671 1 2 1 2 2 1 1 2
-0.5860877748149702 1 2 1 2 2 1 2 1
-4.3463826708578475e-06 1 2 1 2 2 2 0 0
0.0030506342753736236 1 2 1 2 2 2 1 1
3.5726970351423776e-08 1 2 1 2 2 2 2 2
1.6647238486482995e-05 1 2 1 2 2 2 3 0
3.37749650071804e-06 1 2 1 2 2 2 3 3
-4.346382670857901e-06 1 2 2 1 1 1 0 0
3.572697035159111e-08 1 2 2 1 1 1 1 1
0.003050634275373607 1 2 2 1 1 1 2 2
1.6647238486482795e-05 1 2 2 1 1 1 3 0
3.3774965007180424e-06 1 2 2 1 1 1 3 3
0.5830371762665673 1 2 2 1 1 2 1 2
-0.5860877748149702 1 2 2 1 1 2 2 1
-0.5860877748149702 1 2 2 1 2 1 1 2
0.5830371762665673 1 2 2 1 2 1 2 1
-4.346382670857899e-06 1 2 2 1 2 2 0 0
0.0030506342753736054 1 2 2 1 2 2 1 1
3.5726970351582766e-08 1 2 2 1 2 2 2 2
1.6647238486482795e-05 1 2 2 1 2 2 3 0
3.3774965007180424e-06 1 2 2 1 2 2 3 3
-5.197458863454945e-06 1 2 2 2 1 1 1 2
-7.050976545267799e-06 1 2 2 2 1 1 2 1
-0.15788020623459997 1 2 2 2 1 2 0 0
-0.00015189706798066272 1 2 2 2 1 2 0 3
-1.18843061035563e-05 1 2 2 2 1 2 1 1
-2.4132741512278875e-05 1 2 2 2 1 2 2 2
-2.3051883545461402 1 2 2 2 1 2 3 0
-0.08025667605641444 1 2 2 2 1 2 3 3
0.15788020623459997 1 2 2 2 2 1 0 0
0.00015189706798066272 1 2 2 2 2 1 0 3
2.4132741512278875e-05 1 2 2 2 2 1 1 1
1.18843061035563e-05 1 2 2 2 2 1 2 2
2.3051883545461402 1 2 2 2 2 1 3 0
0.08025667605641443 1 2 2 2 2 1 3 3
7.050976545267785e-06 1 2 2 2 2 2 1 2
5.1974588634549585e-06 1 2 2 2 2 2 2 1
5.2799054953044635 1 2 3 0 1 2 0 0
1.1408321604667286 1 2 3 0 1 2 0 3
-0.00015189706798066218 1 2 3 0 1 2 1 1
-0.00015189706798066213 1 2 3 0 1 2 2 2
1.1422803219156616 1 2 3 0 1 2 3 0
-0.018432960155491715 1 2 3 0 1 2 3 3
-5.2799054953044635 1 2 3 0 2 1 0 0
-1.1408321604667286 1 2 3 0 2 1 0 3
0.00015189706798066213 1 2 3 0 2 1 1 1
0.00015189706798066218 1 2 3 0 2 1 2 2
-1.1422803219156616 1 2 3 0 2 1 3 0
0.018432960155491715 1 2 3 0 2 1 3 3
0.5577830998940582 1 2 3 3 1 2 0 0
-0.018352373975484303 1 2 3 3 1 2 0 3
-0.15788020623459997 1 2 3 3 1 2 1 1
-0.1578802062346 1 2 3 3 1 2 2 2
-0.018432960155491715 1 2 3 3 1 2 3 0
-0.005064845956796196 1 2 3 3 1 2 3 3
-0.5577830998940582 1 2 3 3 2 1 0 0
0.018352373975484303 1 2 3 3 2 1 0 3
0.1578802062346 1 2 3 3 2 1 1 1
0.15788020623459997 1 2 3 3 2 1 2 2
0.018432960155491715 1 2 3 3 2 1 3 0
0.005064845956796196 1 2 3 3 2 1 3 3
0.0028570219121578605 1 3 0 1 1 0 0 1
3.48604021655182 1 3 0 1 1 0 1 0
0.24190849449201074 1 3 0 1 1 0 1 3
0.0002961103012267401 1 3 0 1 1 0 3 1
0.0008183015420121435 1 3 0 1 1 3 0 1
0.9564200813012685 1 3 0 1 1 3 1 0
-0.007602713097211342 1 3 0 1 1 3 1 3
0.0028570219121578605 1 3 0 1 2 0 0 2
3.48604021655182 1 3 0 1 2 0 2 0
0.24190849449201077 1 3 0 1 2 0 2 3
0.0002961103012267401 1 3 0 1 2 0 3 2
0.0008183015420121426 1 3 0 1 2 3 0 2
0.9564200813012687 1 3 0 1 2 3 2 0
-0.007602713097211342 1 3 0 1 2 3 2 3
3.55383324008402 1 3 0 2 1 0 0 2
0.0020872266681308833 1 3 0 2 1 0 2 0
9.635712534174419e-05 1 3 0 2 1 0 2 3
0.28174720623520644 1 3 0 2 1 0 3 2
0.9752153939373869 1 3 0 2 1 3 0 2
0.0006096228462544413 1 3 0 2 1 3 2 0
-0.009846027619085039 1 3 0 2 1 3 3 2
-3.55383324008402 1 3 0 2 2 0 0 1
-0.0020872266681308833 1 3 0 2 2 0 1 0
-9.635712534174419e-05 1 3 0 2 2 0 1 3
-0.2817472062352064 1 3 0 2 2 0 3 1
-0.975215393937387 1 3 0 2 2 3 0 1
-0.0006096228462544413 1 3 0 2 2 3 1 0
0.009846027619085039 1 3 0 2 2 3 3 1
0.0030492519001189353 1 3 1 0 1 0 1 0
0.00030004887397497976 1 3 1 0 1 0 1 3
9.973462184246248e-05 1 3 1 0 1 0 3 1
0.0008723179081217289 1 3 1 0 1 3 1 0
0.0030492519001189353 1 3 1 0 2 0 2 0
0.00030004887397498 1 3 1 0 2 0 2 3
9.973462184246248e-05 1 3 1 0 2 0 3 2
0.0008723179081217289 1 3 1 0 2 3 2 0
9.646515500145525e-05 1 3 1 3 1 0 0 1
0.00029488714208187694 1 3 1 3 1 0 1 0
0.002103873906617367 1 3 1 3 1 0 3 1
0.0006096228462544413 1 3 1 3 1 3 3 1
9.646515500145525e-05 1 3 1 3 2 0 0 2
0.00029488714208187694 1 3 1 3 2 0 2 0
0.002103873906617367 1 3 1 3 2 0 3 2
0.0006096228462544409 1 3 1 3 2 3 3 2
-0.00842760914335225 1 3 2 0 1 0 0 2
3.8389393252813693 1 3 2 0 1 0 2 0
0.29976881078679307 1 3 2 0 1 0 2 3
0.24190511699551004 1 3 2 0 1 0 3 2
-0.0022889216664139077 1 3 2 0 1 3 0 2
1.0531045346116954 1 3 2 0 1 3 2 0
-0.009401937952087987 1 3 2 0 1 3 2 3
-0.007602713097211344 1 3 2 0 1 3 3 2
0.00842760914335225 1 3 2 0 2 0 0 1
-3.838939325281369 1 3 2 0 2 0 1 0
-0.299768810786793 1 3 2 0 2 0 1 3
-0.24190511699551007 1 3 2 0 2 0 3 1
0.0022889216664139077 1 3 2 0 2 3 0 1
-1.0531045346116954 1 3 2 0 2 3 1 0
0.009401937952087987 1 3 2 0 2 3 1 3
0.007602713097211344 1 3 2 0 2 3 3 1
0.24347211845958186 1 3 2 3 1 0 0 2
0.2967111255348743 1 3 2 3 1 0 2 0
-0.010249084926694997 1 3 2 3 1 0 2 3
3.4860235693133346 1 3 2 3 1 0 3 2
-0.008644488730885944 1 3 2 3 1 3 0 2
-0.00940193795208799 1 3 2 3 1 3 2 0
-0.00283644106789123 1 3 2 3 1 3 2 3
0.9564200813012688 1 3 2 3 1 3 3 2
-0.2434721184595819 1 3 2 3 2 0 0 1
-0.2967111255348743 1 3 2 3 2 0 1 0
0.010249084926694997 1 3 2 3 2 0 1 3
-3.4860235693133346 1 3 2 3 2 0 3 1
0.008644488730885944 1 3 2 3 2 3 0 1
0.00940193795208799 1 3 2 3 2 3 1 0
0.0028364410678912303 1 3 2 3 2 3 1 3
-0.9564200813012688 1 3 2 3 2 3 3 1
0.00028909505165182416 1 3 3 1 1 0 0 1
0.24346777207691092 1 3 3 1 1 0 1 0
-0.008427609143352246 1 3 3 1 1 0 1 3
-0.008644488730885944 1 3 3 1 1 3 1 0
-0.002288921666413907 1 3 3 1 1 3 1 3
0.00028909505165182416 1 3 3 1 2 0 0 2
0.24346777207691098 1 3 3 1 2 0 2 0
-0.008427609143352246 1 3 3 1 2 0 2 3
-0.008644488730885944 1 3 3 1 2 3 2 0
-0.002288921666413907 1 3 3 1 2 3 2 3
0.27869137450096926 1 3 3 2 1 0 0 2
0.00010081153767231305 1 3 3 2 1 0 2 0
-0.009682640367581367 1 3 3 2 1 0 3 2
-0.00984602761908504 1 3 3 2 1 3 0 2
-0.002525452420419925 1 3 3 2 1 3 3 2
-0.2786913745009692 1 3 3 2 2 0 0 1
-0.00010081153767231327 1 3 3 2 2 0 1 0
0.009682640367581367 1 3 3 2 2 0 3 1
0.00984602761908504 1 3 3 2 2 3 0 1
0.002525452420419925 1 3 3 2 2 3 3 1
184.6387392107645 2 0 0 1 1 0 0 2
0.22406011700448444 2 0 0 1 1 0 2 0
-0.0003793419342617227 2 0 0 1 1 0 2 3
-1.4974795494349664 2 0 0 1 1 0 3 2
-3.55383324008402 2 0 0 1 1 3 0 2
-0.002103873906617366 2 0 0 1 1 3 2 0
-9.973462184246237e-05 2 0 0 1 1 3 2 3
-0.27869137450096915 2 0 0 1 1 3 3 2
-184.6387392107645 2 0 0 1 2 0 0 1
-0.22406011700448444 2 0 0 1 2 0 1 0
0.0003793419342617227 2 0 0 1 2 0 1 3
1.4974795494349664 2 0 0 1 2 0 3 1
3.55383324008402 2 0 0 1 2 3 0 1
0.002103873906617366 2 0 0 1 2 3 1 0
9.973462184246259e-05 2 0 0 1 2 3 1 3
0.2786913745009691 2 0 0 1 2 3 3 1
-0.2887446486430454 2 0 0 2 1 0 0 1
-181.06150309011312 2 0 0 2 1 0 1 0
0.9882235145494597 2 0 0 2 1 0 1 3
0.0013984942459537167 2 0 0 2 1 0 3 1
0.0028570219121578583 2 0 0 2 1 3 0 1
3.486023569313334 2 0 0 2 1 3 1 0
0.24190511699550996 2 0 0 2 1 3 1 3
0.00028909505165182427 2 0 0 2 1 3 3 1
-0.28874464864304544 2 0 0 2 2 0 0 2
-181.06150309011312 2 0 0 2 2 0 2 0
0.9882235145494597 2 0 0 2 2 0 2 3
0.0013984942459537167 2 0 0 2 2 0 3 2
0.0028570219121578583 2 0 0 2 2 3 0 2
3.4860235693133337 2 0 0 2 2 3 2 0
0.24190511699550993 2 0 0 2 2 3 2 3
0.00028909505165182427 2 0 0 2 2 3 3 2
-0.7203596416919391 2 0 1 0 1 0 0 2
199.3767307216342 2 0 1 0 1 0 2 0
-1.2257864728684047 2 0 1 0 1 0 2 3
-0.9882235145494598 2 0 1 0 1 0 3 2
0.00842760914335225 2 0 1 0 1 3 0 2
-3.838939325281369 2 0 1 0 1 3 2 0
-0.2967111255348743 2 0 1 0 1 3 2 3
-0.24190849449201082 2 0 1 0 1 3 3 2
0.7203596416919391 2 0 1 0 2 0 0 1
-199.37673072163423 2 0 1 0 2 0 1 0
1.2257864728684047 2 0 1 0 2 0 1 3
0.98822351454946 2 0 1 0 2 0 3 1
-0.00842760914335225 2 0 1 0 2 3 0 1
3.838939325281369 2 0 1 0 2 3 1 0
0.2967111255348742 2 0 1 0 2 3 1 3
0.2419084944920108 2 0 1 0 2 3 3 1
-1.3339227275648897 2 0 1 3 1 0 0 2
-1.2257864728684043 2 0 1 3 1 0 2 0
-0.8366708144219556 2 0 1 3 1 0 2 3
181.06150309011315 2 0 1 3 1 0 3 2
-0.243467772076911 2 0 1 3 1 3 0 2
-0.29976881078679296 2 0 1 3 1 3 2 0
0.010249084926694997 2 0 1 3 1 3 2 3
-3.4860402165518205 2 0 1 3 1 3 3 2
1.3339227275648895 2 0 1 3 2 0 0 1
1.225786472868404 2 0 1 3 2 0 1 0
0.8366708144219556 2 0 1 3 2 0 1 3
-181.06150309011315 2 0 1 3 2 0 3 1
0.243467772076911 2 0 1 3 2 3 0 1
0.29976881078679307 2 0 1 3 2 3 1 0
-0.010249084926694997 2 0 1 3 2 3 1 3
3.4860402165518205 2 0 1 3 2 3 3 1
0.00041168239858420413 2 0 2 0 1 0 0 1
-0.3085647749642349 2 0 2 0 1 0 1 0
0.0012287346259709148 2 0 2 0 1 0 1 3
0.00037934193426172576 2 0 2 0 1 0 3 1
0.003049251900118936 2 0 2 0 1 3 1 0
0.0002948871420818764 2 0 2 0 1 3 1 3
9.635712534174419e-05 2 0 2 0 1 3 3 1
0.00041168239858420434 2 0 2 0 2 0 0 2
-0.30856477496423484 2 0 2 0 2 0 2 0
0.0012287346259709148 2 0 2 0 2 0 2 3
0.00037934193426172576 2 0 2 0 2 0 3 2
0.003049251900118936 2 0 2 0 2 3 2 0
0.0002948871420818764 2 0 2 0 2 3 2 3
9.635712534174419e-05 2 0 2 0 2 3 3 2
0.0005483711876899727 2 0 2 3 1 0 0 1
0.0012287346259709153 2 0 2 3 1 0 1 0
0.0006781888551534533 2 0 2 3 1 0 1 3
-0.2240601170044845 2 0 2 3 1 0 3 1
0.00010081153767231305 2 0 2 3 1 3 0 1
0.0003000488739749799 2 0 2 3 1 3 1 0
0.0020872266681308833 2 0 2 3 1 3 3 1
0.0005483711876899727 2 0 2 3 2 0 0 2
0.0012287346259709153 2 0 2 3 2 0 2 0
0.0006781888551534533 2 0 2 3 2 0 2 3
-0.22406011700448447 2 0 2 3 2 0 3 2
0.00010081153767231305 2 0 2 3 2 3 0 2
0.0003000488739749799 2 0 2 3 2 3 2 0
0.0020872266681308833 2 0 2 3 2 3 3 2
-1.4974795494349666 2 0 3 1 1 0 0 2
-0.0005483711876899711 2 0 3 1 1 0 2 0
-0.0004116823985842046 2 0 3 1 1 0 2 3
-0.7237902557395557 2 0 3 1 1 0 3 2
-0.2817472062352064 2 0 3 1 1 3 0 2
-9.646515500145556e-05 2 0 3 1 1 3 2 0
0.009682640367581367 2 0 3 1 1 3 3 2
1.4974795494349666 2 0 3 1 2 0 0 1
0.0005483711876899711 2 0 3 1 2 0 1 0
0.0004116823985842046 2 0 3 1 2 0 1 3
0.7237902557395557 2 0 3 1 2 0 3 1
0.2817472062352063 2 0 3 1 2 3 0 1
9.646515500145556e-05 2 0 3 1 2 3 1 0
-0.009682640367581367 2 0 3 1 2 3 3 1
0.0013984942459537167 2 0 3 2 1 0 0 1
1.3339227275648895 2 0 3 2 1 0 1 0
0.7203596416919391 2 0 3 2 1 0 1 3
0.0006177029935434225 2 0 3 2 1 0 3 1
0.00029611030122674004 2 0 3 2 1 3 0 1
0.24347211845958183 2 0 3 2 1 3 1 0
-0.008427609143352246 2 0 3 2 1 3 1 3
0.0013984942459537167 2 0 3 2 2 0 0 2
1.3339227275648895 2 0 3 2 2 0 2 0
0.7203596416919391 2 0 3 2 2 0 2 3
0.0006177029935434227 2 0 3 2 2 0 3 2
0.00029611030122674004 2 0 3 2 2 3 0 2
0.2434721184595819 2 0 3 2 2 3 2 0
-0.008427609143352246 2 0 3 2 2 3 2 3
372.18794341360143 2 1 0 0 1 2 0 0
-4.380726081287071 2 1 0 0 1 2 0 3
0.08025667605641446 2 1 0 0 1 2 1 1
0.08025667605641444 2 1 0 0 1 2 2 2
-5.279905495304463 2 1 0 0 1 2 3 0
-0.557783099894058 2 1 0 0 1 2 3 3
-372.18794341360143 2 1 0 0 2 1 0 0
4.380726081287071 2 1 0 0 2 1 0 3
-0.08025667605641444 2 1 0 0 2 1 1 1
-0.08025667605641443 2 1 0 0 2 1 2 2
5.279905495304463 2 1 0 0 2 1 3 0
0.5577830998940582 2 1 0 0 2 1 3 3
-4.3807260812870705 2 1 0 3 1 2 0 0
-1.1705815372262587 2 1 0 3 1 2 0 3
2.3051883545461402 2 1 0 3 1 2 1 1
2.3051883545461402 2 1 0 3 1 2 2 2
-1.1408321604667284 2 1 0 3 1 2 3 0
0.018352373975484303 2 1 0 3 1 2 3 3
4.3807260812870705 2 1 0 3 2 1 0 0
1.1705815372262587 2 1 0 3 2 1 0 3
-2.3051883545461402 2 1 0 3 2 1 1 1
-2.3051883545461402 2 1 0 3 2 1 2 2
1.1408321604667284 2 1 0 3 2 1 3 0
-0.018352373975484303 2 1 0 3 2 1 3 3
5.197458863454944e-06 2 1 1 1 1 1 1 2
7.050976545267799e-06 2 1 1 1 1 1 2 1
0.1578802062346 2 1 1 1 1 2 0 0
0.00015189706798066237 2 1 1 1 1 2 0 3
1.1884306103556356e-05 2 1 1 1 1 2 1 1
2.4132741512278885e-05 2 1 1 1 1 2 2 2
2.3051883545461402 2 1 1 1 1 2 3 0
0.08025667605641443 2 1 1 1 1 2 3 3
-0.1578802062346 2 1 1 1 2 1 0 0
-0.00015189706798066237 2 1 1 1 2 1 0 3
-2.4132741512278885e-05 2 1 1 1 2 1 1 1
-1.1884306103556356e-05 2 1 1 1 2 1 2 2
-2.3051883545461407 2 1 1 1 2 1 3 0
-0.08025667605641444 2 1 1 1 2 1 3 3
-7.050976545267785e-06 2 1 1 1 2 2 1 2
-5.197458863454958e-06 2 1 1 1 2 2 2 1
-4.346382670857905e-06 2 1 1 2 1 1 0 0
3.5726970351567394e-08 2 1 1 2 1 1 1 1
0.003050634275373607 2 1 1 2 1 1 2 2
1.6647238486482785e-05 2 1 1 2 1 1 3 0
3.377496500718049e-06 2 1 1 2 1 1 3 3
0.583037176266567 2 1 1 2 1 2 1 2
-0.5860877748149703 2 1 1 2 1 2 2 1
-0.5860877748149703 2 1 1 2 2 1 1 2
0.583037176266567 2 1 1 2 2 1 2 1
-4.3463826708579e-06 2 1 1 2 2 2 0 0
0.0030506342753736054 2 1 1 2 2 2 1 1
3.5726970351565826e-08 2 1 1 2 2 2 2 2
1.6647238486482785e-05 2 1 1 2 2 2 3 0
3.3774965007180424e-06 2 1 1 2 2 2 3 3
-4.346382670857842e-06 2 1 2 1 1 1 0 0
3.572697035141151e-08 2 1 2 1 1 1 1 1
0.0030506342753736236 2 1 2 1 1 1 2 2
1.664723848648302e-05 2 1 2 1 1 1 3 0
3.377496500718084e-06 2 1 2 1 1 1 3 3
-0.5860877748149702 2 1 2 1 1 2 1 2
0.5830371762665671 2 1 2 1 1 2 2 1
0.583037176266567 2 1 2 1 2 1 1 2
-0.5860877748149703 2 1 2 1 2 1 2 1
-4.346382670857842e-06 2 1 2 1 2 2 0 0
0.0030506342753736223 2 1 2 1 2 2 1 1
3.572697035144671e-08 2 1 2 1 2 2 2 2
1.664723848648302e-05 2 1 2 1 2 2 3 0
3.377496500718084e-06 2 1 2 1 2 2 3 3
-5.197458863454884e-06 2 1 2 2 1 1 1 2
-7.050976545267869e-06 2 1 2 2 1 1 2 1
0.1578802062346 2 1 2 2 1 2 0 0
0.00015189706798066267 2 1 2 2 1 2 0 3
2.4132741512278895e-05 2 1 2 2 1 2 1 1
1.18843061035563e-05 2 1 2 2 1 2 2 2
2.3051883545461402 2 1 2 2 1 2 3 0
0.08025667605641443 2 1 2 2 1 2 3 3
-0.1578802062346 2 1 2 2 2 1 0 0
-0.00015189706798066267 2 1 2 2 2 1 0 3
-1.1884306103556356e-05 2 1 2 2 2 1 1 1
-2.4132741512278888e-05 2 1 2 2 2 1 2 2
-2.3051883545461402 2 1 2 2 2 1 3 0
-0.08025667605641441 2 1 2 2 2 1 3 3
7.050976545267886e-06 2 1 2 2 2 2 1 2
5.19745886345487e-06 2 1 2 2 2 2 2 1
-5.2799054953044635 2 1 3 0 1 2 0 0
-1.1408321604667286 2 1 3 0 1 2 0 3
0.00015189706798066218 2 1 3 0 1 2 1 1
0.00015189706798066213 2 1 3 0 1 2 2 2
-1.1422803219156616 2 1 3 0 1 2 3 0
0.018432960155491715 2 1 3 0 1 2 3 3
5.2799054953044635 2 1 3 0 2 1 0 0
1.1408321604667286 2 1 3 0 2 1 0 3
-0.00015189706798066213 2 1 3 0 2 1 1 1
-0.00015189706798066218 2 1 3 0 2 1 2 2
1.1422803219156616 2 1 3 0 2 1 3 0
-0.018432960155491715 2 1 3 0 2 1 3 3
-0.5577830998940582 2 1 3 3 1 2 0 0
0.018352373975484303 2 1 3 3 1 2 0 3
0.15788020623459997 2 1 3 3 1 2 1 1
0.1578802062346 2 1 3 3 1 2 2 2
0.018432960155491715 2 1 3 3 1 2 3 0
0.005064845956796196 2 1 3 3 1 2 3 3
0.5577830998940582 2 1 3 3 2 1 0 0
-0.018352373975484303 2 1 3 3 2 1 0 3
-0.15788020623460003 2 1 3 3 2 1 1 1
-0.1578802062346 2 1 3 3 2 1 2 2
-0.018432960155491715 2 1 3 3 2 1 3 0
-0.005064845956796196 2 1 3 3 2 1 3 3
-0.521399969226702 2 2 0 0 1 1 0 0
0.003100786917081831 2 2 0 0 1 1 0 3
-7.584971060489785e-05 2 2 0 0 1 1 1 1
-6.909471760346137e-05 2 2 0 0 1 1 2 2
0.003697264159164368 2 2 0 0 1 1 3 0
0.00040709061771757515 2 2 0 0 1 1 3 3
-3.377496500718051e-06 2 2 0 0 1 2 1 2
-3.3774965007180864e-06 2 2 0 0 1 2 2 1
-3.3774965007180864e-06 2 2 0 0 2 1 1 2
-3.3774965007180526e-06 2 2 0 0 2 1 2 1
-0.521399969226702 2 2 0 0 2 2 0 0
0.003100786917081831 2 2 0 0 2 2 0 3
-6.909471760346137e-05 2 2 0 0 2 2 1 1
-7.584971060489785e-05 2 2 0 0 2 2 2 2
0.003697264159164368 2 2 0 0 2 2 3 0
0.00040709061771757515 2 2 0 0 2 2 3 3
0.0031007869170818344 2 2 0 3 1 1 0 0
0.0008478146525916705 2 2 0 3 1 1 0 3
-0.001635362535117103 2 2 0 3 1 1 1 1
-0.001602068058144137 2 2 0 3 1 1 2 2
0.0008224054840843542 2 2 0 3 1 1 3 0
-1.6647238486483096e-05 2 2 0 3 1 2 1 2
-1.664723848648271e-05 2 2 0 3 1 2 2 1
-1.664723848648271e-05 2 2 0 3 2 1 1 2
-1.6647238486483083e-05 2 2 0 3 2 1 2 1
0.0031007869170818344 2 2 0 3 2 2 0 0
0.0008478146525916705 2 2 0 3 2 2 0 3
-0.001602068058144137 2 2 0 3 2 2 1 1
-0.001635362535117103 2 2 0 3 2 2 2 2
0.0008224054840843542 2 2 0 3 2 2 3 0
-0.00012287235095071835 2 2 1 1 1 1 0 0
-7.145394070300764e-08 2 2 1 1 1 1 1 1
-0.006101340004687939 2 2 1 1 1 1 2 2
-0.0016353625351171021 2 2 1 1 1 1 3 0
-7.584971060489796e-05 2 2 1 1 1 1 3 3
0.0030506342753736228 2 2 1 1 1 2 1 2
0.0030506342753736067 2 2 1 1 1 2 2 1
0.003050634275373612 2 2 1 1 2 1 1 2
0.003050634275373621 2 2 1 1 2 1 2 1
-0.00012287235095071835 2 2 1 1 2 2 0 0
-0.006101340004687935 2 2 1 1 2 2 1 1
-7.145394070300731e-08 2 2 1 1 2 2 2 2
-0.0016353625351171021 2 2 1 1 2 2 3 0
-7.584971060489796e-05 2 2 1 1 2 2 3 3
-0.0004152434124260754 2 2 1 2 1 1 1 2
0.0004293453655166104 2 2 1 2 1 1 2 1
-7.050976545267832e-06 2 2 1 2 1 2 1 1
7.050976545267807e-06 2 2 1 2 1 2 2 2
-7.050976545267807e-06 2 2 1 2 2 1 1 1
7.050976545267833e-06 2 2 1 2 2 1 2 2
-0.0004293453655166102 2 2 1 2 2 2 1 2
0.0004152434124260752 2 2 1 2 2 2 2 1
0.0004256383301529847 2 2 2 1 1 1 1 2
-0.0004152434124260751 2 2 2 1 1 1 2 1
-5.197458863454898e-06 2 2 2 1 1 2 1 1
5.197458863454956e-06 2 2 2 1 1 2 2 2
-5.197458863454956e-06 2 2 2 1 2 1 1 1
5.197458863454897e-06 2 2 2 1 2 1 2 2
0.0004152434124260751 2 2 2 1 2 2 1 2
-0.0004256383301529847 2 2 2 1 2 2 2 1
-0.0001315651162924346 2 2 2 2 1 1 0 0
-7.14539407030073e-08 2 2 2 2 1 1 2 2
-0.001602068058144136 2 2 2 2 1 1 3 0
-6.909471760346148e-05 2 2 2 2 1 1 3 3
3.572697035142825e-08 2 2 2 2 1 2 1 2
3.57269703516032e-08 2 2 2 2 1 2 2 1
3.57269703516032e-08 2 2 2 2 2 1 1 2
3.572697035142825e-08 2 2 2 2 2 1 2 1
-0.0001315651162924346 2 2 2 2 2 2 0 0
-7.14539407030073e-08 2 2 2 2 2 2 1 1
-0.001602068058144136 2 2 2 2 2 2 3 0
-6.909471760346158e-05 2 2 2 2 2 2 3 3
0.003697264159164366 2 2 3 0 1 1 0 0
0.0008224054840843542 2 2 3 0 1 1 0 3
0.0008387956473000086 2 2 3 0 1 1 3 0
0.003697264159164366 2 2 3 0 2 2 0 0
0.0008224054840843542 2 2 3 0 2 2 0 3
0.0008387956473000086 2 2 3 0 2 2 3 0
0.00040709061771757537 2 2 3 3 1 1 0 0
-0.00012287235095071857 2 2 3 3 1 1 1 1
-0.00013156511629243493 2 2 3 3 1 1 2 2
4.3463826708579085e-06 2 2 3 3 1 2 1 2
4.3463826708578636e-06 2 2 3 3 1 2 2 1
4.346382670857867e-06 2 2 3 3 2 1 1 2
4.3463826708579085e-06 2 2 3 3 2 1 2 1
0.00040709061771757537 2 2 3 3 2 2 0 0
-0.00013156511629243493 2 2 3 3 2 2 1 1
-0.00012287235095071857 2 2 3 3 2 2 2 2
-3.55383324008402 2 3 0 1 1 0 0 2
-0.0020872266681308833 2 3 0 1 1 0 2 0
-9.635712534174397e-05 2 3 0 1 1 0 2 3
-0.2817472062352064 2 3 0 1 1 0 3 2
-0.975215393937387 2 3 0 1 1 3 0 2
-0.0006096228462544413 2 3 0 1 1 3 2 0
0.009846027619085039 2 3 0 1 1 3 3 2
3.55383324008402 2 3 0 1 2 0 0 1
0.002087226668130884 2 3 0 1 2 0 1 0
9.635712534174397e-05 2 3 0 1 2 0 1 3
0.2817472062352063 2 3 0 1 2 0 3 1
0.9752153939373869 2 3 0 1 2 3 0 1
0.0006096228462544413 2 3 0 1 2 3 1 0
-0.009846027619085039 2 3 0 1 2 3 3 1
0.00285702191215786 2 3 0 2 1 0 0 1
3.48604021655182 2 3 0 2 1 0 1 0
0.24190849449201077 2 3 0 2 1 0 1 3
0.0002961103012267401 2 3 0 2 1 0 3 1
0.0008183015420121435 2 3 0 2 1 3 0 1
0.9564200813012685 2 3 0 2 1 3 1 0
-0.007602713097211342 2 3 0 2 1 3 1 3
0.00285702191215786 2 3 0 2 2 0 0 2
3.4860402165518196 2 3 0 2 2 0 2 0
0.2419084944920107 2 3 0 2 2 0 2 3
0.00029611030122674 2 3 0 2 2 0 3 2
0.0008183015420121426 2 3 0 2 2 3 0 2
0.9564200813012687 2 3 0 2 2 3 2 0
-0.007602713097211342 2 3 0 2 2 3 2 3
0.00842760914335225 2 3 1 0 1 0 0 2
-3.838939325281369 2 3 1 0 1 0 2 0
-0.299768810786793 2 3 1 0 1 0 2 3
-0.24190511699551004 2 3 1 0 1 0 3 2
0.0022889216664139077 2 3 1 0 1 3 0 2
-1.0531045346116954 2 3 1 0 1 3 2 0
0.009401937952087987 2 3 1 0 1 3 2 3
0.007602713097211344 2 3 1 0 1 3 3 2
-0.00842760914335225 2 3 1 0 2 0 0 1
3.838939325281369 2 3 1 0 2 0 1 0
0.299768810786793 2 3 1 0 2 0 1 3
0.24190511699551007 2 3 1 0 2 0 3 1
-0.0022889216664139077 2 3 1 0 2 3 0 1
1.0531045346116954 2 3 1 0 2 3 1 0
-0.009401937952087987 2 3 1 0 2 3 1 3
-0.007602713097211344 2 3 1 0 2 3 3 1
-0.2434721184595819 2 3 1 3 1 0 0 2
-0.2967111255348742 2 3 1 3 1 0 2 0
0.010249084926694997 2 3 1 3 1 0 2 3
-3.4860235693133346 2 3 1 3 1 0 3 2
0.008644488730885944 2 3 1 3 1 3 0 2
0.00940193795208799 2 3 1 3 1 3 2 0
0.0028364410678912303 2 3 1 3 1 3 2 3
-0.9564200813012688 2 3 1 3 1 3 3 2
0.2434721184595819 2 3 1 3 2 0 0 1
0.2967111255348742 2 3 1 3 2 0 1 0
-0.010249084926694997 2 3 1 3 2 0 1 3
3.4860235693133346 2 3 1 3 2 0 3 1
-0.008644488730885944 2 3 1 3 2 3 0 1
-0.00940193795208799 2 3 1 3 2 3 1 0
-0.0028364410678912303 2 3 1 3 2 3 1 3
0.9564200813012688 2 3 1 3 2 3 3 1
0.0030492519001189353 2 3 2 0 1 0 1 0
0.00030004887397498 2 3 2 0 1 0 1 3
9.973462184246248e-05 2 3 2 0 1 0 3 1
0.0008723179081217289 2 3 2 0 1 3 1 0
0.0030492519001189353 2 3 2 0 2 0 2 0
0.00030004887397497987 2 3 2 0 2 0 2 3
9.973462184246248e-05 2 3 2 0 2 0 3 2
0.0008723179081217289 2 3 2 0 2 3 2 0
9.646515500145536e-05 2 3 2 3 1 0 0 1
0.00029488714208187694 2 3 2 3 1 0 1 0
0.002103873906617367 2 3 2 3 1 0 3 1
0.0006096228462544409 2 3 2 3 1 3 3 1
9.646515500145536e-05 2 3 2 3 2 0 0 2
0.00029488714208187694 2 3 2 3 2 0 2 0
0.002103873906617367 2 3 2 3 2 0 3 2
0.0006096228462544409 2 3 2 3 2 3 3 2
-0.27869137450096915 2 3 3 1 1 0 0 2
-0.00010081153767231327 2 3 3 1 1 0 2 0
0.009682640367581367 2 3 3 1 1 0 3 2
0.00984602761908504 2 3 3 1 1 3 0 2
0.002525452420419925 2 3 3 1 1 3 3 2
0.27869137450096915 2 3 3 1 2 0 0 1
0.00010081153767231327 2 3 3 1 2 0 1 0
-0.009682640367581367 2 3 3 1 2 0 3 1
-0.00984602761908504 2 3 3 1 2 3 0 1
-0.002525452420419925 2 3 3 1 2 3 3 1
0.00028909505165182416 2 3 3 2 1 0 0 1
0.243467772076911 2 3 3 2 1 0 1 0
-0.008427609143352246 2 3 3 2 1 0 1 3
-0.008644488730885944 2 3 3 2 1 3 1 0
-0.002288921666413907 2 3 3 2 1 3 1 3
0.00028909505165182416 2 3 3 2 2 0 0 2
0.243467772076911 2 3 3 2 2 0 2 0
-0.008427609143352246 2 3 3 2 2 0 2 3
-0.008644488730885944 2 3 3 2 2 3 2 0
-0.002288921666413907 2 3 3 2 2 3 2 3
24864.863599258322 3 0 0 0 0 0 0 0
3567.560338323017 3 0 0 0 0 0 0 3
50.78947258031875 3 0 0 0 0 0 1 1
50.78947258031876 3 0 0 0 0 0 2 2
3707.619495184684 3 0 0 0 0 0 3 0
-115.84988474124245 3 0 0 0 0 0 3 3
5506.712435400571 3 0 0 0 0 3 0 0
-214.87546946528514 3 0 0 0 0 3 0 3
11.376477550501376 3 0 0 0 0 3 1 1
11.376477550501376 3 0 0 0 0 3 2 2
-236.47954739065653 3 0 0 0 0 3 3 0
-24.646979490980087 3 0 0 0 0 3 3 3
6251.088322227775 3 0 0 0 3 0 0 0
-223.63692162785932 3 0 0 0 3 0 0 3
11.536990902614214 3 0 0 0 3 0 1 1
11.536990902614214 3 0 0 0 3 0 2 2
-247.0393583812657 3 0 0 0 3 0 3 0
-25.762545690768217 3 0 0 0 3 0 3 3
-351.6313161887217 3 0 0 0 3 3 0 0
-49.243529798436086 3 0 0 0 3 3 0 3
-0.7062445904396794 3 0 0 0 3 3 1 1
-0.7062445904396794 3 0 0 0 3 3 2 2
-51.425175039551554 3 0 0 0 3 3 3 0
1.3559773155585109 3 0 0 0 3 3 3 3
3382.632854463611 3 0 0 3 0 0 0 0
-167.11438777608092 3 0 0 3 0 0 0 3
-1877.9902930735109 3 0 0 3 0 0 1 1
-1877.9902930735109 3 0 0 3 0 0 2 2
-176.56445400714782 3 0 0 3 0 0 3 0
-28.109140897628695 3 0 0 3 0 0 3 3
-214.8754694652851 3 0 0 3 0 3 0 0
-38.358226896755234 3 0 0 3 0 3 0 3
111.40424988214166 3 0 0 3 0 3 1 1
111.40424988214167 3 0 0 3 0 3 2 2
-38.81591075404521 3 0 0 3 0 3 3 0
1.2226641822975717 3 0 0 3 0 3 3 3
-223.63692162785932 3 0 0 3 3 0 0 0
-40.69938997120776 3 0 0 3 3 0 0 3
116.01462659123405 3 0 0 3 3 0 1 1
116.01462659123405 3 0 0 3 3 0 2 2
-41.09757507497867 3 0 0 3 3 0 3 0
1.259368930248541 3 0 0 3 3 0 3 3
-50.21956349391548 3 0 0 3 3 3 0 0
1.8854396979281052 3 0 0 3 3 3 0 3
25.086475392284754 3 0 0 3 3 3 1 1
25.086475392284758 3 0 0 3 3 3 2 2
1.9910520239628011 3 0 0 3 3 3 3 0
0.29184988391190925 3 0 0 3 3 3 3 3
60.72836423237515 3 0 1 1 0 0 0 0
-1.392728005304969 3 0 1 1 0 0 0 3
0.0009508726770749473 3 0 1 1 0 0 1 1
0.0009508726770749475 3 0 1 1 0 0 2 2
-1696.7047298663936 3 0 1 1 0 0 3 0
49.800869723835056 3 0 1 1 0 0 3 3
13.030518772466674 3 0 1 1 0 3 0 0
-0.15660926453679289 3 0 1 1 0 3 0 3
0.00024343424198688303 3 0 1 1 0 3 1 1
0.00024343424198688303 3 0 1 1 0 3 2 2
111.40424988214164 3 0 1 1 0 3 3 0
11.376477550501377 3 0 1 1 0 3 3 3
13.346279184935883 3 0 1 1 3 0 0 0
-0.15630547040083168 3 0 1 1 3 0 0 3
0.0002794512896027232 3 0 1 1 3 0 1 1
0.0002794512896027232 3 0 1 1 3 0 2 2
116.01462659123405 3 0 1 1 3 0 3 0
11.536990902614217 3 0 1 1 3 0 3 3
-0.8128039367170763 3 0 1 1 3 3 0 0
-0.03713558414041832 3 0 1 1 3 3 0 3
26.043505096432277 3 0 1 1 3 3 3 0
-0.7138473035368907 3 0 1 1 3 3 3 3
62.21249643690923 3 0 1 2 0 0 1 2
-62.21249643690923 3 0 1 2 0 0 2 1
14.165624981839331 3 0 1 2 0 3 1 2
-14.165624981839331 3 0 1 2 0 3 2 1
15.334749932920875 3 0 1 2 3 0 1 2
-15.334749932920872 3 0 1 2 3 0 2 1
-0.6252286807852052 3 0 1 2 3 3 1 2
0.6252286807852052 3 0 1 2 3 3 2 1
-62.212496436909234 3 0 2 1 0 0 1 2
62.212496436909234 3 0 2 1 0 0 2 1
-14.165624981839333 3 0 2 1 0 3 1 2
14.165624981839333 3 0 2 1 0 3 2 1
-15.334749932920868 3 0 2 1 3 0 1 2
15.334749932920872 3 0 2 1 3 0 2 1
0.6252286807852052 3 0 2 1 3 3 1 2
-0.6252286807852052 3 0 2 1 3 3 2 1
60.72836423237516 3 0 2 2 0 0 0 0
-1.39272800530497 3 0 2 2 0 0 0 3
0.0009508726770749473 3 0 2 2 0 0 1 1
0.0009508726770749475 3 0 2 2 0 0 2 2
-1696.7047298663936 3 0 2 2 0 0 3 0
49.80086972383506 3 0 2 2 0 0 3 3
13.030518772466674 3 0 2 2 0 3 0 0
-0.15660926453679289 3 0 2 2 0 3 0 3
0.00024343424198688477 3 0 2 2 0 3 1 1
0.00024343424198688477 3 0 2 2 0 3 2 2
111.40424988214166 3 0 2 2 0 3 3 0
11.376477550501377 3 0 2 2 0 3 3 3
13.346279184935883 3 0 2 2 3 0 0 0
-0.15630547040083168 3 0 2 2 3 0 0 3
0.0002794512896027223 3 0 2 2 3 0 1 1
0.0002794512896027186 3 0 2 2 3 0 2 2
116.01462659123406 3 0 2 2 3 0 3 0
11.536990902614216 3 0 2 2 3 0 3 3
-0.8128039367170763 3 0 2 2 3 3 0 0
-0.037135584140418315 3 0 2 2 3 3 0 3
26.043505096432277 3 0 2 2 3 3 3 0
-0.7138473035368907 3 0 2 2 3 3 3 3
3507.934199688085 3 0 3 0 0 0 0 0
-176.8363168433343 3 0 3 0 0 0 0 3
-0.6719566812144449 3 0 3 0 0 0 1 1
-0.6719566812144447 3 0 3 0 0 0 2 2
-188.93039262811985 3 0 3 0 0 0 3 0
-27.185026456095017 3 0 3 0 0 0 3 3
-236.47954739065656 3 0 3 0 0 3 0 0
-38.815910754045206 3 0 3 0 0 3 0 3
-0.1566092645367929 3 0 3 0 0 3 1 1
-0.1566092645367929 3 0 3 0 0 3 2 2
-39.70428482397553 3 0 3 0 0 3 3 0
1.2426411367810493 3 0 3 0 0 3 3 3
-247.03935838126577 3 0 3 0 3 0 0 0
-41.09757507497868 3 0 3 0 3 0 0 3
-0.15630547040083165 3 0 3 0 3 0 1 1
-0.15630547040083165 3 0 3 0 3 0 2 2
-41.98884546780685 3 0 3 0 3 0 3 0
1.279507057092033 3 0 3 0 3 0 3 3
-52.479151892071386 3 0 3 0 3 3 0 0
1.9906079342958036 3 0 3 0 3 3 0 3
-0.0348466624740044 3 0 3 0 3 3 1 1
-0.0348466624740044 3 0 3 0 3 3 2 2
2.1175665405378146 3 0 3 0 3 3 3 0
0.29066422458091806 3 0 3 0 3 3 3 3
-113.12399149006717 3 0 3 3 0 0 0 0
-27.271791894351598 3 0 3 3 0 0 0 3
62.06283533112774 3 0 3 3 0 0 1 1
62.06283533112774 3 0 3 3 0 0 2 2
-26.460618497361935 3 0 3 3 0 0 3 0
1.1226643243641 3 0 3 3 0 0 3 3
-24.646979490980094 3 0 3 3 0 3 0 0
1.2226641822975715 3 0 3 3 0 3 0 3
13.030518772466674 3 0 3 3 0 3 1 1
13.030518772466674 3 0 3 3 0 3 2 2
1.2426411367810493 3 0 3 3 0 3 3 0
0.2615928598248897 3 0 3 3 0 3 3 3
-25.762545690768224 3 0 3 3 3 0 0 0
1.259368930248541 3 0 3 3 3 0 0 3
13.346279184935884 3 0 3 3 3 0 1 1
13.346279184935884 3 0 3 3 3 0 2 2
1.279507057092033 3 0 3 3 3 0 3 0
0.2717225517384822 3 0 3 3 3 0 3 3
1.375225281129684 3 0 3 3 3 3 0 0
0.29468632497980046 3 0 3 3 3 3 0 3
-0.8041594479861903 3 0 3 3 3 3 1 1
-0.8041594479861903 3 0 3 3 3 3 2 2
0.293189677001338 3 0 3 3 3 3 3 0
0.0028570219121578627 3 1 0 1 0 1 0 1
3.486040216551819 3 1 0 1 0 1 1 0
0.24190849449201068 3 1 0 1 0 1 1 3
0.00029611030122674026 3 1 0 1 0 1 3 1
0.0028570219121578627 3 1 0 1 0 2 0 2
3.486040216551819 3 1 0 1 0 2 2 0
0.24190849449201068 3 1 0 1 0 2 2 3
0.00029611030122674026 3 1 0 1 0 2 3 2
0.0008183015420121455 3 1 0 1 3 1 0 1
0.9564200813012689 3 1 0 1 3 1 1 0
-0.007602713097211345 3 1 0 1 3 1 1 3
0.0008183015420121455 3 1 0 1 3 2 0 2
0.9564200813012689 3 1 0 1 3 2 2 0
-0.007602713097211345 3 1 0 1 3 2 2 3
3.5538332400840185 3 1 0 2 0 1 0 2
0.002087226668130886 3 1 0 2 0 1 2 0
9.635712534174455e-05 3 1 0 2 0 1 2 3
0.28174720623520616 3 1 0 2 0 1 3 2
-3.5538332400840185 3 1 0 2 0 2 0 1
-0.002087226668130886 3 1 0 2 0 2 1 0
-9.635712534174455e-05 3 1 0 2 0 2 1 3
-0.28174720623520616 3 1 0 2 0 2 3 1
0.975215393937387 3 1 0 2 3 1 0 2
0.0006096228462544439 3 1 0 2 3 1 2 0
-0.009846027619085039 3 1 0 2 3 1 3 2
-0.9752153939373869 3 1 0 2 3 2 0 1
-0.0006096228462544439 3 1 0 2 3 2 1 0
0.009846027619085039 3 1 0 2 3 2 3 1
0.003049251900118943 3 1 1 0 0 1 1 0
0.0003000488739749807 3 1 1 0 0 1 1 3
9.973462184246239e-05 3 1 1 0 0 1 3 1
0.003049251900118943 3 1 1 0 0 2 2 0
0.00030004887397498074 3 1 1 0 0 2 2 3
9.973462184246239e-05 3 1 1 0 0 2 3 2
0.000872317908121733 3 1 1 0 3 1 1 0
0.000872317908121733 3 1 1 0 3 2 2 0
9.646515500145509e-05 3 1 1 3 0 1 0 1
0.0002948871420818773 3 1 1 3 0 1 1 0
0.002103873906617371 3 1 1 3 0 1 3 1
9.64651550014552e-05 3 1 1 3 0 2 0 2
0.0002948871420818773 3 1 1 3 0 2 2 0
0.002103873906617371 3 1 1 3 0 2 3 2
0.0006096228462544439 3 1 1 3 3 1 3 1
0.0006096228462544439 3 1 1 3 3 2 3 2
-0.008427609143352246 3 1 2 0 0 1 0 2
3.83893932528137 3 1 2 0 0 1 2 0
0.29976881078679324 3 1 2 0 0 1 2 3
0.24190511699551 3 1 2 0 0 1 3 2
0.008427609143352246 3 1 2 0 0 2 0 1
-3.83893932528137 3 1 2 0 0 2 1 0
-0.2997688107867933 3 1 2 0 0 2 1 3
-0.24190511699551 3 1 2 0 0 2 3 1
-0.002288921666413907 3 1 2 0 3 1 0 2
1.0531045346116958 3 1 2 0 3 1 2 0
-0.009401937952087996 3 1 2 0 3 1 2 3
-0.007602713097211344 3 1 2 0 3 1 3 2
0.002288921666413907 3 1 2 0 3 2 0 1
-1.053104534611696 3 1 2 0 3 2 1 0
0.009401937952087996 3 1 2 0 3 2 1 3
0.007602713097211344 3 1 2 0 3 2 3 1
0.24347211845958164 3 1 2 3 0 1 0 2
0.2967111255348744 3 1 2 3 0 1 2 0
-0.010249084926694997 3 1 2 3 0 1 2 3
3.4860235693133337 3 1 2 3 0 1 3 2
-0.2434721184595817 3 1 2 3 0 2 0 1
-0.29671112553487433 3 1 2 3 0 2 1 0
0.010249084926694997 3 1 2 3 0 2 1 3
-3.486023569313334 3 1 2 3 0 2 3 1
-0.008644488730885943 3 1 2 3 3 1 0 2
-0.009401937952087996 3 1 2 3 3 1 2 0
-0.002836441067891231 3 1 2 3 3 1 2 3
0.9564200813012689 3 1 2 3 3 1 3 2
0.008644488730885943 3 1 2 3 3 2 0 1
0.009401937952087996 3 1 2 3 3 2 1 0
0.002836441067891231 3 1 2 3 3 2 1 3
-0.9564200813012689 3 1 2 3 3 2 3 1
0.00028909505165182427 3 1 3 1 0 1 0 1
0.24346777207691087 3 1 3 1 0 1 1 0
-0.008427609143352244 3 1 3 1 0 1 1 3
0.00028909505165182416 3 1 3 1 0 2 0 2
0.24346777207691087 3 1 3 1 0 2 2 0
-0.008427609143352244 3 1 3 1 0 2 2 3
-0.008644488730885943 3 1 3 1 3 1 1 0
-0.0022889216664139073 3 1 3 1 3 1 1 3
-0.008644488730885943 3 1 3 1 3 2 2 0
-0.0022889216664139073 3 1 3 1 3 2 2 3
0.2786913745009692 3 1 3 2 0 1 0 2
0.00010081153767231326 3 1 3 2 0 1 2 0
-0.009682640367581367 3 1 3 2 0 1 3 2
-0.2786913745009692 3 1 3 2 0 2 0 1
-0.00010081153767231326 3 1 3 2 0 2 1 0
0.009682640367581367 3 1 3 2 0 2 3 1
-0.009846027619085042 3 1 3 2 3 1 0 2
-0.002525452420419926 3 1 3 2 3 1 3 2
0.009846027619085042 3 1 3 2 3 2 0 1
0.002525452420419926 3 1 3 2 3 2 3 1
-3.5538332400840185 3 2 0 1 0 1 0 2
-0.002087226668130886 3 2 0 1 0 1 2 0
-9.635712534174458e-05 3 2 0 1 0 1 2 3
-0.28174720623520605 3 2 0 1 0 1 3 2
3.5538332400840185 3 2 0 1 0 2 0 1
0.002087226668130886 3 2 0 1 0 2 1 0
9.635712534174459e-05 3 2 0 1 0 2 1 3
0.2817472062352061 3 2 0 1 0 2 3 1
-0.975215393937387 3 2 0 1 3 1 0 2
-0.0006096228462544413 3 2 0 1 3 1 2 0
0.00984602761908504 3 2 0 1 3 1 3 2
0.9752153939373869 3 2 0 1 3 2 0 1
0.000609622846254443 3 2 0 1 3 2 1 0
-0.00984602761908504 3 2 0 1 3 2 3 1
0.0028570219121578627 3 2 0 2 0 1 0 1
3.486040216551819 3 2 0 2 0 1 1 0
0.24190849449201068 3 2 0 2 0 1 1 3
0.00029611030122674037 3 2 0 2 0 1 3 1
0.0028570219121578627 3 2 0 2 0 2 0 2
3.486040216551819 3 2 0 2 0 2 2 0
0.24190849449201063 3 2 0 2 0 2 2 3
0.00029611030122674026 3 2 0 2 0 2 3 2
0.0008183015420121437 3 2 0 2 3 1 0 1
0.9564200813012689 3 2 0 2 3 1 1 0
-0.007602713097211344 3 2 0 2 3 1 1 3
0.0008183015420121446 3 2 0 2 3 2 0 2
0.9564200813012689 3 2 0 2 3 2 2 0
-0.007602713097211344 3 2 0 2 3 2 2 3
0.008427609143352246 3 2 1 0 0 1 0 2
-3.83893932528137 3 2 1 0 0 1 2 0
-0.29976881078679335 3 2 1 0 0 1 2 3
-0.24190511699550996 3 2 1 0 0 1 3 2
-0.008427609143352246 3 2 1 0 0 2 0 1
3.83893932528137 3 2 1 0 0 2 1 0
0.29976881078679335 3 2 1 0 0 2 1 3
0.24190511699551004 3 2 1 0 0 2 3 1
0.002288921666413907 3 2 1 0 3 1 0 2
-1.053104534611696 3 2 1 0 3 1 2 0
0.009401937952087996 3 2 1 0 3 1 2 3
0.007602713097211344 3 2 1 0 3 1 3 2
-0.002288921666413907 3 2 1 0 3 2 0 1
1.0531045346116958 3 2 1 0 3 2 1 0
-0.009401937952087996 3 2 1 0 3 2 1 3
-0.007602713097211344 3 2 1 0 3 2 3 1
-0.24347211845958158 3 2 1 3 0 1 0 2
-0.29671112553487433 3 2 1 3 0 1 2 0
0.010249084926694997 3 2 1 3 0 1 2 3
-3.4860235693133332 3 2 1 3 0 1 3 2
0.24347211845958164 3 2 1 3 0 2 0 1
0.29671112553487433 3 2 1 3 0 2 1 0
-0.010249084926694997 3 2 1 3 0 2 1 3
3.4860235693133337 3 2 1 3 0 2 3 1
0.008644488730885943 3 2 1 3 3 1 0 2
0.009401937952087996 3 2 1 3 3 1 2 0
0.002836441067891231 3 2 1 3 3 1 2 3
-0.9564200813012689 3 2 1 3 3 1 3 2
-0.008644488730885943 3 2 1 3 3 2 0 1
-0.009401937952087996 3 2 1 3 3 2 1 0
-0.002836441067891231 3 2 1 3 3 2 1 3
0.9564200813012689 3 2 1 3 3 2 3 1
0.0030492519001189405 3 2 2 0 0 1 1 0
0.0003000488739749805 3 2 2 0 0 1 1 3
9.973462184246237e-05 3 2 2 0 0 1 3 1
0.0030492519001189405 3 2 2 0 0 2 2 0
0.0003000488739749808 3 2 2 0 0 2 2 3
9.973462184246237e-05 3 2 2 0 0 2 3 2
0.0008723179081217304 3 2 2 0 3 1 1 0
0.0008723179081217313 3 2 2 0 3 2 2 0
9.64651550014553e-05 3 2 2 3 0 1 0 1
0.0002948871420818774 3 2 2 3 0 1 1 0
0.002103873906617371 3 2 2 3 0 1 3 1
9.646515500145527e-05 3 2 2 3 0 2 0 2
0.0002948871420818774 3 2 2 3 0 2 2 0
0.002103873906617371 3 2 2 3 0 2 3 2
0.000609622846254443 3 2 2 3 3 1 3 1
0.000609622846254443 3 2 2 3 3 2 3 2
-0.2786913745009692 3 2 3 1 0 1 0 2
-0.00010081153767231326 3 2 3 1 0 1 2 0
0.00968264036758137 3 2 3 1 0 1 3 2
0.27869137450096915 3 2 3 1 0 2 0 1
0.00010081153767231305 3 2 3 1 0 2 1 0
-0.00968264036758137 3 2 3 1 0 2 3 1
0.009846027619085042 3 2 3 1 3 1 0 2
0.002525452420419926 3 2 3 1 3 1 3 2
-0.009846027619085042 3 2 3 1 3 2 0 1
-0.002525452420419926 3 2 3 1 3 2 3 1
0.0002890950516518242 3 2 3 2 0 1 0 1
0.24346777207691087 3 2 3 2 0 1 1 0
-0.008427609143352242 3 2 3 2 0 1 1 3
0.00028909505165182427 3 2 3 2 0 2 0 2
0.24346777207691087 3 2 3 2 0 2 2 0
-0.008427609143352242 3 2 3 2 0 2 2 3
-0.008644488730885943 3 2 3 2 3 1 1 0
-0.0022889216664139073 3 2 3 2 3 1 1 3
-0.008644488730885943 3 2 3 2 3 2 2 0
-0.0022889216664139073 3 2 3 2 3 2 2 3
5134.0030920177405 3 3 0 0 0 0 0 0
-214.04833285907702 3 3 0 0 0 0 0 3
11.53815325384822 3 3 0 0 0 0 1 1
11.53815325384822 3 3 0 0 0 0 2 2
-235.0379332083745 3 3 0 0 0 0 3 0
-24.6709014766655 3 3 0 0 0 0 3 3
-351.6313161887214 3 3 0 0 0 3 0 0
-50.21956349391546 3 3 0 0 0 3 0 3
-0.7138473035368903 3 3 0 0 0 3 1 1
-0.7138473035368903 3 3 0 0 0 3 2 2
-52.47915189207134 3 3 0 0 0 3 3 0
1.3752252811296832 3 3 0 0 0 3 3 3
-351.6313161887216 3 3 0 0 3 0 0 0
-50.21956349391549 3 3 0 0 3 0 0 3
-0.7138473035368905 3 3 0 0 3 0 1 1
-0.7138473035368905 3 3 0 0 3 0 2 2
-52.47915189207138 3 3 0 0 3 0 3 0
1.3752252811296837 3 3 0 0 3 0 3 3
-81.21806386424697 3 3 0 0 3 3 0 0
2.660743784128422 3 3 0 0 3 3 0 3
-0.17385970543846174 3 3 0 0 3 3 1 1
-0.17385970543846174 3 3 0 0 3 3 2 2
2.8778837692805195 3 3 0 0 3 3 3 0
0.3247255201932445 3 3 0 0 3 3 3 3
-206.93495233508477 3 3 0 3 0 0 0 0
-37.18679754487637 3 3 0 3 0 0 0 3
112.5855702555189 3 3 0 3 0 0 1 1
112.5855702555189 3 3 0 3 0 0 2 2
-37.68921888423492 3 3 0 3 0 0 3 0
1.2145608932487824 3 3 0 3 0 0 3 3
-49.243529798436036 3 3 0 3 0 3 0 0
1.8854396979281043 3 3 0 3 0 3 0 3
26.043505096432263 3 3 0 3 0 3 1 1
26.043505096432263 3 3 0 3 0 3 2 2
1.990607934295803 3 3 0 3 0 3 3 0
0.2946863249798004 3 3 0 3 0 3 3 3
-49.243529798436064 3 3 0 3 3 0 0 0
1.885439697928105 3 3 0 3 3 0 0 3
26.043505096432277 3 3 0 3 3 0 1 1
26.043505096432277 3 3 0 3 3 0 2 2
1.9906079342958038 3 3 0 3 3 0 3 0
0.29468632497980035 3 3 0 3 3 0 3 3
2.6607437841284223 3 3 0 3 3 3 0 0
0.4642221288150225 3 3 0 3 3 3 0 3
-1.3699422702932955 3 3 0 3 3 3 1 1
-1.3699422702932955 3 3 0 3 3 3 2 2
0.4778493032254777 3 3 0 3 3 3 3 0
12.628942763883868 3 3 1 1 0 0 0 0
-0.1483335524614213 3 3 1 1 0 0 0 3
0.00023147848194262857 3 3 1 1 0 0 1 1
0.0002314784819426269 3 3 1 1 0 0 2 2
105.60931536907898 3 3 1 1 0 0 3 0
11.054143550613508 3 3 1 1 0 0 3 3
-0.8041594479861899 3 3 1 1 0 3 0 0
-0.034846662474004385 3 3 1 1 0 3 0 3
25.086475392284736 3 3 1 1 0 3 3 0
-0.706244590439679 3 3 1 1 0 3 3 3
-0.8041594479861902 3 3 1 1 3 0 0 0
-0.034846662474004406 3 3 1 1 3 0 0 3
25.086475392284754 3 3 1 1 3 0 3 0
-0.7062445904396794 3 3 1 1 3 0 3 3
-0.19176246806469457 3 3 1 1 3 3 0 0
-1.3699422702932957 3 3 1 1 3 3 3 0
-0.17385970543846177 3 3 1 1 3 3 3 3
13.582172562160345 3 3 1 2 0 0 1 2
-13.582172562160343 3 3 1 2 0 0 2 1
-0.6252286807852049 3 3 1 2 0 3 1 2
0.6252286807852049 3 3 1 2 0 3 2 1
-0.6252286807852052 3 3 1 2 3 0 1 2
0.6252286807852052 3 3 1 2 3 0 2 1
-0.15312378303223315 3 3 1 2 3 3 1 2
0.15312378303223315 3 3 1 2 3 3 2 1
-13.582172562160343 3 3 2 1 0 0 1 2
13.582172562160345 3 3 2 1 0 0 2 1
0.6252286807852049 3 3 2 1 0 3 1 2
-0.6252286807852049 3 3 2 1 0 3 2 1
0.6252286807852052 3 3 2 1 3 0 1 2
-0.6252286807852052 3 3 2 1 3 0 2 1
0.15312378303223315 3 3 2 1 3 3 1 2
-0.15312378303223315 3 3 2 1 3 3 2 1
12.628942763883868 3 3 2 2 0 0 0 0
-0.14833355246142127 3 3 2 2 0 0 0 3
0.00023147848194262868 3 3 2 2 0 0 1 1
0.00023147848194262873 3 3 2 2 0 0 2 2
105.60931536907898 3 3 2 2 0 0 3 0
11.054143550613508 3 3 2 2 0 0 3 3
-0.8041594479861899 3 3 2 2 0 3 0 0
-0.03484666247400438 3 3 2 2 0 3 0 3
25.086475392284736 3 3 2 2 0 3 3 0
-0.706244590439679 3 3 2 2 0 3 3 3
-0.8041594479861902 3 3 2 2 3 0 0 0
-0.034846662474004406 3 3 2 2 3 0 0 3
25.08647539228475 3 3 2 2 3 0 3 0
-0.7062445904396794 3 3 2 2 3 0 3 3
-0.19176246806469457 3 3 2 2 3 3 0 0
-1.3699422702932957 3 3 2 2 3 3 3 0
-0.17385970543846177 3 3 2 2 3 3 3 3
-227.35395605401143 3 3 3 0 0 0 0 0
-37.653167797986235 3 3 3 0 0 0 0 3
-0.1651887707481258 3 3 3 0 0 0 1 1
-0.1651887707481258 3 3 3 0 0 0 2 2
-38.56116570641255 3 3 3 0 0 0 3 0
1.2338908169931389 3 3 3 0 0 0 3 3
-51.42517503955153 3 3 3 0 0 3 0 0
1.9910520239628 3 3 3 0 0 3 0 3
-0.0371355841404183 3 3 3 0 0 3 1 1
-0.0371355841404183 3 3 3 0 0 3 2 2
2.117566540537813 3 3 3 0 0 3 3 0
0.29318967700133786 3 3 3 0 0 3 3 3
-51.42517503955156 3 3 3 0 3 0 0 0
1.991052023962801 3 3 3 0 3 0 0 3
-0.03713558414041831 3 3 3 0 3 0 1 1
-0.03713558414041831 3 3 3 0 3 0 2 2
2.117566540537814 3 3 3 0 3 0 3 0
0.293189677001338 3 3 3 0 3 0 3 3
2.8778837692805195 3 3 3 0 3 3 0 0
0.4778493032254778 3 3 3 0 3 3 0 3
0.49551884150991793 3 3 3 0 3 3 3 0
-23.512802818238733 3 3 3 3 0 0 0 0
1.1940627233953922 3 3 3 3 0 0 0 3
13.11607993111303 3 3 3 3 0 0 1 1
13.11607993111303 3 3 3 3 0 0 2 2
1.214525536257976 3 3 3 3 0 0 3 0
0.2565280138680934 3 3 3 3 0 0 3 3
1.3559773155585102 3 3 3 3 0 3 0 0
0.2918498839119091 3 3 3 3 0 3 0 3
-0.812803936717076 3 3 3 3 0 3 1 1
-0.812803936717076 3 3 3 3 0 3 2 2
0.290664224580918 3 3 3 3 0 3 3 0
1.3559773155585106 3 3 3 3 3 0 0 0
0.29184988391190925 3 3 3 3 3 0 0 3
-0.8128039367170764 3 3 3 3 3 0 1 1
-0.8128039367170764 3 3 3 3 3 0 2 2
0.2906642245809181 3 3 3 3 3 0 3 0
0.3247255201932446 3 3 3 3 3 3 0 0
-0.19176246806469457 3 3 3 3 3 3 1 1
-0.19176246806469457 3 3 3 3 3 3 2 2
