-832734.3831934343 0 0 0 0 0 0 0 0
6590.300490386069 0 0 0 0 0 0 0 3
26374.45069188409 0 0 0 0 0 0 3 0
3871.434573816525 0 0 0 0 0 0 3 3
26374.450691884074 0 0 0 0 0 3 0 0
3871.4345738165243 0 0 0 0 0 3 0 3
4832.553514662312 0 0 0 0 0 3 3 0
-203.7775608274564 0 0 0 0 0 3 3 3
-0.07370627411592791 0 0 0 0 1 0 0 1
-0.28997779990427996 0 0 0 0 1 0 3 1
-0.28997779990428 0 0 0 0 1 3 0 1
4.3643649660980035 0 0 0 0 1 3 3 1
-0.07370627411592791 0 0 0 0 2 0 0 2
-0.28997779990427996 0 0 0 0 2 0 3 2
-0.28997779990428 0 0 0 0 2 3 0 2
4.3643649660980035 0 0 0 0 2 3 3 2
28398.05579622383 0 0 0 0 3 0 0 0
3391.199457751418 0 0 0 0 3 0 0 3
4442.54253137753 0 0 0 0 3 0 3 0
-193.29456873729217 0 0 0 0 3 0 3 3
4442.542531377529 0 0 0 0 3 3 0 0
-193.2945687372921 0 0 0 0 3 3 0 3
-340.2073342331229 0 0 0 0 3 3 3 0
-44.73928034399137 0 0 0 0 3 3 3 3
6590.300490386061 0 0 0 3 0 0 0 0
4448.686692091661 0 0 0 3 0 0 0 3
4108.0912212345565 0 0 0 3 0 0 3 0
-143.10561301957082 0 0 0 3 0 0 3 3
4108.091221234555 0 0 0 3 0 3 0 0
-143.1056130195707 0 0 0 3 0 3 0 3
-213.92042528920442 0 0 0 3 0 3 3 0
-46.009918725025386 0 0 0 3 0 3 3 3
-0.6088010161504449 0 0 0 3 1 0 0 1
9.5083224711319 0 0 0 3 1 0 3 1
9.508322471131905 0 0 0 3 1 3 0 1
47.774357804655686 0 0 0 3 1 3 3 1
-0.6088010161504449 0 0 0 3 2 0 0 2
9.508322471131901 0 0 0 3 2 0 3 2
9.508322471131905 0 0 0 3 2 3 0 2
47.77435780465568 0 0 0 3 2 3 3 2
3947.0546826715695 0 0 0 3 3 0 0 0
-146.89900198321996 0 0 0 3 3 0 0 3
-215.52734387669096 0 0 0 3 3 0 3 0
-42.52280156150022 0 0 0 3 3 0 3 3
-215.5273438766909 0 0 0 3 3 3 0 0
-42.522801561500216 0 0 0 3 3 3 0 3
-49.724729644089024 0 0 0 3 3 3 3 0
1.8495894000811586 0 0 0 3 3 3 3 3
-0.756301558458557 0 0 1 1 0 0 1 1
-0.756301558458557 0 0 1 1 0 0 2 2
0.009985637676206534 0 0 1 1 0 3 1 1
0.009985637676206534 0 0 1 1 0 3 2 2
0.00032671284767450475 0 0 1 1 1 0 1 0
0.0014320081026291914 0 0 1 1 1 3 1 0
0.0004756063206245081 0 0 1 1 1 3 1 3
0.00032671284767450454 0 0 1 1 2 0 2 0
0.0014320081026291914 0 0 1 1 2 3 2 0
0.0004756063206245081 0 0 1 1 2 3 2 3
0.010553282573468426 0 0 1 1 3 0 1 1
0.010553282573468423 0 0 1 1 3 0 2 2
0.0018256152469122056 0 0 1 1 3 3 1 1
0.0018256152469122047 0 0 1 1 3 3 2 2
-235.90034585957784 0 0 1 2 0 0 1 2
235.9003458595778 0 0 1 2 0 0 2 1
5.061446593197759 0 0 1 2 0 3 1 2
-5.061446593197759 0 0 1 2 0 3 2 1
-0.10024877253543775 0 0 1 2 1 0 2 0
0.006846931642128966 0 0 1 2 1 0 2 3
-0.4042096118549117 0 0 1 2 1 3 2 0
-0.19523931161296515 0 0 1 2 1 3 2 3
0.10024877253543778 0 0 1 2 2 0 1 0
-0.006846931642128966 0 0 1 2 2 0 1 3
0.40420961185491183 0 0 1 2 2 3 1 0
0.19523931161296515 0 0 1 2 2 3 1 3
5.496374487617901 0 0 1 2 3 0 1 2
-5.496374487617901 0 0 1 2 3 0 2 1
0.9242970925592996 0 0 1 2 3 3 1 2
-0.9242970925592996 0 0 1 2 3 3 2 1
235.9003458595778 0 0 2 1 0 0 1 2
-235.90034585957778 0 0 2 1 0 0 2 1
-5.061446593197759 0 0 2 1 0 3 1 2
5.061446593197759 0 0 2 1 0 3 2 1
0.10024877253543775 0 0 2 1 1 0 2 0
-0.006846931642128966 0 0 2 1 1 0 2 3
0.4042096118549117 0 0 2 1 1 3 2 0
0.19523931161296515 0 0 2 1 1 3 2 3
-0.10024877253543778 0 0 2 1 2 0 1 0
0.006846931642128966 0 0 2 1 2 0 1 3
-0.40420961185491183 0 0 2 1 2 3 1 0
-0.19523931161296515 0 0 2 1 2 3 1 3
-5.4963744876179 0 0 2 1 3 0 1 2
5.4963744876179 0 0 2 1 3 0 2 1
-0.9242970925592996 0 0 2 1 3 3 1 2
0.9242970925592996 0 0 2 1 3 3 2 1
-0.756301558458557 0 0 2 2 0 0 1 1
-0.756301558458557 0 0 2 2 0 0 2 2
0.009985637676206534 0 0 2 2 0 3 1 1
0.00998563767620653 0 0 2 2 0 3 2 2
0.00032671284767450475 0 0 2 2 1 0 1 0
0.0014320081026291914 0 0 2 2 1 3 1 0
0.000475606320624508 0 0 2 2 1 3 1 3
0.00032671284767450454 0 0 2 2 2 0 2 0
0.0014320081026291914 0 0 2 2 2 3 2 0
0.000475606320624508 0 0 2 2 2 3 2 3
0.010553282573468423 0 0 2 2 3 0 1 1
0.010553282573468426 0 0 2 2 3 0 2 2
0.0018256152469122047 0 0 2 2 3 3 1 1
0.0018256152469122047 0 0 2 2 3 3 2 2
26374.450691884093 0 0 3 0 0 0 0 0
4108.0912212345565 0 0 3 0 0 0 0 3
5912.040229503059 0 0 3 0 0 0 3 0
-214.92617579163198 0 0 3 0 0 0 3 3
5192.805184360536 0 0 3 0 0 3 0 0
-210.87609422511346 0 0 3 0 0 3 0 3
-377.85330897661174 0 0 3 0 0 3 3 0
-55.58546519779847 0 0 3 0 0 3 3 3
-0.29682473154640887 0 0 3 0 1 0 0 1
4.536477533918775 0 0 3 0 1 0 3 1
4.552218956185648 0 0 3 0 1 3 0 1
16.43766354755076 0 0 3 0 1 3 3 1
-0.29682473154640887 0 0 3 0 2 0 0 2
4.536477533918775 0 0 3 0 2 0 3 2
4.552218956185648 0 0 3 0 2 3 0 2
16.437663547550756 0 0 3 0 2 3 3 2
4919.841086200964 0 0 3 0 3 0 0 0
-201.54713415586525 0 0 3 0 3 0 0 3
-375.4174765387721 0 0 3 0 3 0 3 0
-50.26872655221718 0 0 3 0 3 0 3 3
-358.79427522799966 0 0 3 0 3 3 0 0
-48.23140346652452 0 0 3 0 3 3 0 3
-67.57792228546053 0 0 3 0 3 3 3 0
2.6149151204489223 0 0 3 0 3 3 3 3
3871.4345738165252 0 0 3 3 0 0 0 0
-143.1056130195708 0 0 3 3 0 0 0 3
-214.92617579163192 0 0 3 3 0 0 3 0
-50.04921059549073 0 0 3 3 0 0 3 3
-210.87609422511343 0 0 3 3 0 3 0 0
-47.35720126597941 0 0 3 3 0 3 0 3
-56.84193274017875 0 0 3 3 0 3 3 0
2.0137923134018543 0 0 3 3 0 3 3 3
9.608897956515017 0 0 3 3 1 0 0 1
51.55487597438566 0 0 3 3 1 0 3 1
49.3055250758391 0 0 3 3 1 3 0 1
-642.1535204311054 0 0 3 3 1 3 3 1
9.608897956515017 0 0 3 3 2 0 0 2
51.55487597438566 0 0 3 3 2 0 3 2
49.3055250758391 0 0 3 3 2 3 0 2
-642.1535204311054 0 0 3 3 2 3 3 2
-212.76605375488137 0 0 3 3 3 0 0 0
-44.35400396358342 0 0 3 3 3 0 0 3
-53.97613596754774 0 0 3 3 3 0 3 0
1.946043578626611 0 0 3 3 3 0 3 3
-51.615671831209006 0 0 3 3 3 3 0 0
1.9016716684707662 0 0 3 3 3 3 0 3
2.8060261945085276 0 0 3 3 3 3 3 0
0.5169277814477446 0 0 3 3 3 3 3 3
-0.7563015584585564 0 1 0 1 0 1 0 1
0.009985637676206527 0 1 0 1 0 1 3 1
-0.7563015584585565 0 1 0 1 0 2 0 2
0.009985637676206527 0 1 0 1 0 2 3 2
0.0003267128476745039 0 1 0 1 1 1 0 0
0.0014320081026291888 0 1 0 1 1 1 3 0
0.0004756063206245076 0 1 0 1 1 1 3 3
0.0003267128476745039 0 1 0 1 2 2 0 0
0.0014320081026291888 0 1 0 1 2 2 3 0
0.0004756063206245077 0 1 0 1 2 2 3 3
0.010553282573468405 0 1 0 1 3 1 0 1
0.001825615246912204 0 1 0 1 3 1 3 1
0.010553282573468405 0 1 0 1 3 2 0 2
0.0018256152469122036 0 1 0 1 3 2 3 2
-235.90034585957775 0 1 0 2 0 1 0 2
5.0614465931977595 0 1 0 2 0 1 3 2
235.90034585957773 0 1 0 2 0 2 0 1
-5.06144659319776 0 1 0 2 0 2 3 1
-0.10024877253543765 0 1 0 2 1 2 0 0
0.0068469316421289695 0 1 0 2 1 2 0 3
-0.4042096118549117 0 1 0 2 1 2 3 0
-0.19523931161296507 0 1 0 2 1 2 3 3
0.10024877253543765 0 1 0 2 2 1 0 0
-0.0068469316421289695 0 1 0 2 2 1 0 3
0.4042096118549117 0 1 0 2 2 1 3 0
0.19523931161296507 0 1 0 2 2 1 3 3
5.4963744876179 0 1 0 2 3 1 0 2
0.9242970925592997 0 1 0 2 3 1 3 2
-5.4963744876179 0 1 0 2 3 2 0 1
-0.9242970925592997 0 1 0 2 3 2 3 1
-0.6341471269682234 0 1 1 0 0 1 1 0
0.0020603835237736293 0 1 1 0 0 1 1 3
-0.6341471269682235 0 1 1 0 0 2 2 0
0.0020603835237736293 0 1 1 0 0 2 2 3
-7.234295133041004e-07 0 1 1 0 1 1 1 1
9.059857979691109e-06 0 1 1 0 1 1 2 2
9.059857979691155e-06 0 1 1 0 1 2 1 2
-1.8843145472686356e-05 0 1 1 0 1 2 2 1
-1.8843145472686247e-05 0 1 1 0 2 1 1 2
9.059857979691155e-06 0 1 1 0 2 1 2 1
9.059857979691109e-06 0 1 1 0 2 2 1 1
-7.234295133040462e-07 0 1 1 0 2 2 2 2
0.007274247519124999 0 1 1 0 3 1 1 0
0.0009689538914739097 0 1 1 0 3 1 1 3
0.007274247519125003 0 1 1 0 3 2 2 0
0.0009689538914739097 0 1 1 0 3 2 2 3
0.0020603835237736276 0 1 1 3 0 1 1 0
0.0012778761983626746 0 1 1 3 0 1 1 3
0.0020603835237736276 0 1 1 3 0 2 2 0
0.0012778761983626738 0 1 1 3 0 2 2 3
-0.000953022484562516 0 1 1 3 1 1 1 1
-0.00010282053198087798 0 1 1 3 1 1 2 2
-0.00010282053198087777 0 1 1 3 1 2 1 2
-0.00074738142060076 0 1 1 3 1 2 2 1
-0.00074738142060076 0 1 1 3 2 1 1 2
-0.00010282053198087788 0 1 1 3 2 1 2 1
-0.00010282053198087798 0 1 1 3 2 2 1 1
-0.000953022484562516 0 1 1 3 2 2 2 2
0.001081228205964322 0 1 1 3 3 1 1 0
0.001081228205964322 0 1 1 3 3 2 2 0
-359.6175225712618 0 1 2 0 0 1 2 0
2.0250407832591897 0 1 2 0 0 1 2 3
359.61752257126176 0 1 2 0 0 2 1 0
-2.0250407832591897 0 1 2 0 0 2 1 3
0.00787071113343634 0 1 2 0 1 1 2 1
-0.007870711133436336 0 1 2 0 1 2 1 1
0.007870711133436336 0 1 2 0 2 1 2 2
-0.00787071113343634 0 1 2 0 2 2 1 2
8.311600655386192 0 1 2 0 3 1 2 0
1.0186615428463164 0 1 2 0 3 1 2 3
-8.311600655386194 0 1 2 0 3 2 1 0
-1.0186615428463164 0 1 2 0 3 2 1 3
2.025040783259188 0 1 2 3 0 1 2 0
1.346004664755656 0 1 2 3 0 1 2 3
-2.025040783259188 0 1 2 3 0 2 1 0
-1.346004664755656 0 1 2 3 0 2 1 3
-1.1246754492732978 0 1 2 3 1 1 2 1
1.1246754492732978 0 1 2 3 1 2 1 1
-1.124675449273298 0 1 2 3 2 1 2 2
1.1246754492732975 0 1 2 3 2 2 1 2
1.1802320681693645 0 1 2 3 3 1 2 0
-0.022185955077922405 0 1 2 3 3 1 2 3
-1.1802320681693645 0 1 2 3 3 2 1 0
0.022185955077922405 0 1 2 3 3 2 1 3
0.009985637676206527 0 1 3 1 0 1 0 1
0.0023123630218962014 0 1 3 1 0 1 3 1
0.00998563767620653 0 1 3 1 0 2 0 2
0.0023123630218962014 0 1 3 1 0 2 3 2
0.0015348286346100648 0 1 3 1 1 1 0 0
0.0004665464626448164 0 1 3 1 1 1 0 3
-0.09243788015067844 0 1 3 1 1 1 3 0
0.00273209224223051 0 1 3 1 1 1 3 3
0.0015348286346100648 0 1 3 1 2 2 0 0
0.00046654646264481653 0 1 3 1 2 2 0 3
-0.09243788015067846 0 1 3 1 2 2 3 0
0.0027320922422305093 0 1 3 1 2 2 3 3
0.001941864244623263 0 1 3 1 3 1 0 1
0.001941864244623263 0 1 3 1 3 2 0 2
5.06144659319776 0 1 3 2 0 1 0 2
1.2541551793583783 0 1 3 2 0 1 3 2
-5.06144659319776 0 1 3 2 0 2 0 1
-1.254155179358378 0 1 3 2 0 2 3 1
-0.40410679132293065 0 1 3 2 1 2 0 0
-0.19524837147094473 0 1 3 2 1 2 0 3
18.987208050804508 0 1 3 2 1 2 3 0
-0.8380750403677534 0 1 3 2 1 2 3 3
0.40410679132293065 0 1 3 2 2 1 0 0
0.19524837147094473 0 1 3 2 2 1 0 3
-18.987208050804504 0 1 3 2 2 1 3 0
0.8380750403677534 0 1 3 2 2 1 3 3
1.0135625241233273 0 1 3 2 3 1 0 2
-0.03783502005521073 0 1 3 2 3 1 3 2
-1.0135625241233273 0 1 3 2 3 2 0 1
0.03783502005521073 0 1 3 2 3 2 3 1
235.90034585957775 0 2 0 1 0 1 0 2
-5.06144659319776 0 2 0 1 0 1 3 2
-235.90034585957773 0 2 0 1 0 2 0 1
5.06144659319776 0 2 0 1 0 2 3 1
0.10024877253543767 0 2 0 1 1 2 0 0
-0.0068469316421289695 0 2 0 1 1 2 0 3
0.4042096118549117 0 2 0 1 1 2 3 0
0.19523931161296507 0 2 0 1 1 2 3 3
-0.10024877253543767 0 2 0 1 2 1 0 0
0.0068469316421289695 0 2 0 1 2 1 0 3
-0.4042096118549117 0 2 0 1 2 1 3 0
-0.19523931161296507 0 2 0 1 2 1 3 3
-5.496374487617898 0 2 0 1 3 1 0 2
-0.9242970925592997 0 2 0 1 3 1 3 2
5.496374487617899 0 2 0 1 3 2 0 1
0.9242970925592997 0 2 0 1 3 2 3 1
-0.7563015584585565 0 2 0 2 0 1 0 1
0.009985637676206527 0 2 0 2 0 1 3 1
-0.7563015584585564 0 2 0 2 0 2 0 2
0.009985637676206527 0 2 0 2 0 2 3 2
0.00032671284767450367 0 2 0 2 1 1 0 0
0.0014320081026291888 0 2 0 2 1 1 3 0
0.0004756063206245076 0 2 0 2 1 1 3 3
0.0003267128476745039 0 2 0 2 2 2 0 0
0.0014320081026291888 0 2 0 2 2 2 3 0
0.0004756063206245076 0 2 0 2 2 2 3 3
0.010553282573468405 0 2 0 2 3 1 0 1
0.001825615246912204 0 2 0 2 3 1 3 1
0.010553282573468405 0 2 0 2 3 2 0 2
0.0018256152469122036 0 2 0 2 3 2 3 2
359.61752257126176 0 2 1 0 0 1 2 0
-2.0250407832591897 0 2 1 0 0 1 2 3
-359.61752257126176 0 2 1 0 0 2 1 0
2.0250407832591897 0 2 1 0 0 2 1 3
-0.00787071113343634 0 2 1 0 1 1 2 1
0.007870711133436336 0 2 1 0 1 2 1 1
-0.007870711133436336 0 2 1 0 2 1 2 2
0.00787071113343634 0 2 1 0 2 2 1 2
-8.311600655386192 0 2 1 0 3 1 2 0
-1.0186615428463162 0 2 1 0 3 1 2 3
8.311600655386194 0 2 1 0 3 2 1 0
1.0186615428463162 0 2 1 0 3 2 1 3
-2.0250407832591875 0 2 1 3 0 1 2 0
-1.346004664755656 0 2 1 3 0 1 2 3
2.0250407832591875 0 2 1 3 0 2 1 0
1.346004664755656 0 2 1 3 0 2 1 3
1.1246754492732975 0 2 1 3 1 1 2 1
-1.1246754492732975 0 2 1 3 1 2 1 1
1.1246754492732975 0 2 1 3 2 1 2 2
-1.1246754492732975 0 2 1 3 2 2 1 2
-1.1802320681693645 0 2 1 3 3 1 2 0
0.022185955077922405 0 2 1 3 3 1 2 3
1.1802320681693645 0 2 1 3 3 2 1 0
-0.022185955077922405 0 2 1 3 3 2 1 3
-0.6341471269682235 0 2 2 0 0 1 1 0
0.0020603835237736293 0 2 2 0 0 1 1 3
-0.6341471269682235 0 2 2 0 0 2 2 0
0.0020603835237736293 0 2 2 0 0 2 2 3
-7.234295133040462e-07 0 2 2 0 1 1 1 1
9.059857979691109e-06 0 2 2 0 1 1 2 2
9.059857979691155e-06 0 2 2 0 1 2 1 2
-1.8843145472686247e-05 0 2 2 0 1 2 2 1
-1.8843145472686247e-05 0 2 2 0 2 1 1 2
9.059857979691155e-06 0 2 2 0 2 1 2 1
9.059857979691136e-06 0 2 2 0 2 2 1 1
-7.234295133040462e-07 0 2 2 0 2 2 2 2
0.007274247519124999 0 2 2 0 3 1 1 0
0.0009689538914739097 0 2 2 0 3 1 1 3
0.007274247519124999 0 2 2 0 3 2 2 0
0.0009689538914739097 0 2 2 0 3 2 2 3
0.0020603835237736276 0 2 2 3 0 1 1 0
0.0012778761983626738 0 2 2 3 0 1 1 3
0.0020603835237736276 0 2 2 3 0 2 2 0
0.0012778761983626746 0 2 2 3 0 2 2 3
-0.000953022484562516 0 2 2 3 1 1 1 1
-0.00010282053198087795 0 2 2 3 1 1 2 2
-0.00010282053198087794 0 2 2 3 1 2 1 2
-0.00074738142060076 0 2 2 3 1 2 2 1
-0.00074738142060076 0 2 2 3 2 1 1 2
-0.00010282053198087783 0 2 2 3 2 1 2 1
-0.00010282053198087784 0 2 2 3 2 2 1 1
-0.000953022484562516 0 2 2 3 2 2 2 2
0.001081228205964322 0 2 2 3 3 1 1 0
0.001081228205964322 0 2 2 3 3 2 2 0
-5.06144659319776 0 2 3 1 0 1 0 2
-1.254155179358378 0 2 3 1 0 1 3 2
5.06144659319776 0 2 3 1 0 2 0 1
1.254155179358378 0 2 3 1 0 2 3 1
0.40410679132293065 0 2 3 1 1 2 0 0
0.19524837147094473 0 2 3 1 1 2 0 3
-18.987208050804508 0 2 3 1 1 2 3 0
0.8380750403677534 0 2 3 1 1 2 3 3
-0.40410679132293065 0 2 3 1 2 1 0 0
-0.19524837147094473 0 2 3 1 2 1 0 3
18.987208050804504 0 2 3 1 2 1 3 0
-0.8380750403677534 0 2 3 1 2 1 3 3
-1.0135625241233275 0 2 3 1 3 1 0 2
0.037835020055210736 0 2 3 1 3 1 3 2
1.0135625241233275 0 2 3 1 3 2 0 1
-0.037835020055210736 0 2 3 1 3 2 3 1
0.00998563767620653 0 2 3 2 0 1 0 1
0.0023123630218962014 0 2 3 2 0 1 3 1
0.009985637676206527 0 2 3 2 0 2 0 2
0.0023123630218962014 0 2 3 2 0 2 3 2
0.0015348286346100648 0 2 3 2 1 1 0 0
0.0004665464626448164 0 2 3 2 1 1 0 3
-0.09243788015067846 0 2 3 2 1 1 3 0
0.00273209224223051 0 2 3 2 1 1 3 3
0.0015348286346100648 0 2 3 2 2 2 0 0
0.0004665464626448164 0 2 3 2 2 2 0 3
-0.09243788015067846 0 2 3 2 2 2 3 0
0.0027320922422305093 0 2 3 2 2 2 3 3
0.001941864244623263 0 2 3 2 3 1 0 1
0.001941864244623263 0 2 3 2 3 2 0 2
26374.45069188405 0 3 0 0 0 0 0 0
4108.0912212345565 0 3 0 0 0 0 0 3
5192.805184360537 0 3 0 0 0 0 3 0
-210.87609422511338 0 3 0 0 0 0 3 3
5912.040229503054 0 3 0 0 0 3 0 0
-214.92617579163175 0 3 0 0 0 3 0 3
-377.85330897661134 0 3 0 0 0 3 3 0
-55.585465197798456 0 3 0 0 0 3 3 3
-0.2968247315464091 0 3 0 0 1 0 0 1
4.552218956185647 0 3 0 0 1 0 3 1
4.536477533918777 0 3 0 0 1 3 0 1
16.437663547550766 0 3 0 0 1 3 3 1
-0.2968247315464091 0 3 0 0 2 0 0 2
4.552218956185648 0 3 0 0 2 0 3 2
4.536477533918777 0 3 0 0 2 3 0 2
16.437663547550763 0 3 0 0 2 3 3 2
4919.841086200962 0 3 0 0 3 0 0 0
-201.5471341558651 0 3 0 0 3 0 0 3
-358.7942752279995 0 3 0 0 3 0 3 0
-48.23140346652453 0 3 0 0 3 0 3 3
-375.41747653877167 0 3 0 0 3 3 0 0
-50.26872655221715 0 3 0 0 3 3 0 3
-67.5779222854605 0 3 0 0 3 3 3 0
2.6149151204489205 0 3 0 0 3 3 3 3
3871.434573816524 0 3 0 3 0 0 0 0
-143.10561301957063 0 3 0 3 0 0 0 3
-210.87609422511332 0 3 0 3 0 0 3 0
-47.357201265979405 0 3 0 3 0 0 3 3
-214.92617579163166 0 3 0 3 0 3 0 0
-50.04921059549069 0 3 0 3 0 3 0 3
-56.841932740178734 0 3 0 3 0 3 3 0
2.013792313401853 0 3 0 3 0 3 3 3
9.608897956515017 0 3 0 3 1 0 0 1
49.30552507583912 0 3 0 3 1 0 3 1
51.55487597438572 0 3 0 3 1 3 0 1
-642.1535204311057 0 3 0 3 1 3 3 1
9.608897956515019 0 3 0 3 2 0 0 2
49.30552507583912 0 3 0 3 2 0 3 2
51.55487597438572 0 3 0 3 2 3 0 2
-642.1535204311057 0 3 0 3 2 3 3 2
-212.76605375488123 0 3 0 3 3 0 0 0
-44.354003963583416 0 3 0 3 3 0 0 3
-51.61567183120902 0 3 0 3 3 0 3 0
1.9016716684707655 0 3 0 3 3 0 3 3
-53.97613596754771 0 3 0 3 3 3 0 0
1.9460435786266097 0 3 0 3 3 3 0 3
2.8060261945085254 0 3 0 3 3 3 3 0
0.5169277814477444 0 3 0 3 3 3 3 3
0.00998563767620653 0 3 1 1 0 0 1 1
0.00998563767620653 0 3 1 1 0 0 2 2
0.002312363021896204 0 3 1 1 0 3 1 1
0.002312363021896204 0 3 1 1 0 3 2 2
0.0015348286346100692 0 3 1 1 1 0 1 0
0.00046654646264481707 0 3 1 1 1 0 1 3
-0.09243788015067864 0 3 1 1 1 3 1 0
0.0027320922422305128 0 3 1 1 1 3 1 3
0.0015348286346100692 0 3 1 1 2 0 2 0
0.00046654646264481696 0 3 1 1 2 0 2 3
-0.09243788015067868 0 3 1 1 2 3 2 0
0.0027320922422305128 0 3 1 1 2 3 2 3
0.0019418642446232647 0 3 1 1 3 0 1 1
0.0019418642446232639 0 3 1 1 3 0 2 2
5.061446593197755 0 3 1 2 0 0 1 2
-5.061446593197756 0 3 1 2 0 0 2 1
1.2541551793583774 0 3 1 2 0 3 1 2
-1.2541551793583774 0 3 1 2 0 3 2 1
-0.40410679132293115 0 3 1 2 1 0 2 0
-0.19524837147094481 0 3 1 2 1 0 2 3
18.987208050804536 0 3 1 2 1 3 2 0
-0.8380750403677537 0 3 1 2 1 3 2 3
0.40410679132293115 0 3 1 2 2 0 1 0
0.19524837147094481 0 3 1 2 2 0 1 3
-18.98720805080454 0 3 1 2 2 3 1 0
0.8380750403677537 0 3 1 2 2 3 1 3
1.0135625241233273 0 3 1 2 3 0 1 2
-1.0135625241233273 0 3 1 2 3 0 2 1
-0.03783502005521071 0 3 1 2 3 3 1 2
0.03783502005521071 0 3 1 2 3 3 2 1
-5.061446593197756 0 3 2 1 0 0 1 2
5.061446593197755 0 3 2 1 0 0 2 1
-1.2541551793583774 0 3 2 1 0 3 1 2
1.2541551793583776 0 3 2 1 0 3 2 1
0.40410679132293115 0 3 2 1 1 0 2 0
0.19524837147094481 0 3 2 1 1 0 2 3
-18.98720805080454 0 3 2 1 1 3 2 0
0.8380750403677537 0 3 2 1 1 3 2 3
-0.40410679132293115 0 3 2 1 2 0 1 0
-0.19524837147094481 0 3 2 1 2 0 1 3
18.98720805080454 0 3 2 1 2 3 1 0
-0.8380750403677537 0 3 2 1 2 3 1 3
-1.0135625241233273 0 3 2 1 3 0 1 2
1.0135625241233273 0 3 2 1 3 0 2 1
0.03783502005521071 0 3 2 1 3 3 1 2
-0.03783502005521071 0 3 2 1 3 3 2 1
0.00998563767620653 0 3 2 2 0 0 1 1
0.00998563767620653 0 3 2 2 0 0 2 2
0.002312363021896203 0 3 2 2 0 3 1 1
0.0023123630218962023 0 3 2 2 0 3 2 2
0.0015348286346100692 0 3 2 2 1 0 1 0
0.00046654646264481685 0 3 2 2 1 0 1 3
-0.09243788015067865 0 3 2 2 1 3 1 0
0.0027320922422305128 0 3 2 2 1 3 1 3
0.0015348286346100692 0 3 2 2 2 0 2 0
0.00046654646264481696 0 3 2 2 2 0 2 3
-0.09243788015067866 0 3 2 2 2 3 2 0
0.0027320922422305128 0 3 2 2 2 3 2 3
0.0019418642446232647 0 3 2 2 3 0 1 1
0.0019418642446232647 0 3 2 2 3 0 2 2
4832.55351466231 0 3 3 0 0 0 0 0
-213.92042528920442 0 3 3 0 0 0 0 3
-377.85330897661174 0 3 3 0 0 0 3 0
-56.841932740178756 0 3 3 0 0 0 3 3
-377.85330897661146 0 3 3 0 0 3 0 0
-56.841932740178734 0 3 3 0 0 3 0 3
-77.93119775534224 0 3 3 0 0 3 3 0
2.9221315103968646 0 3 3 0 0 3 3 3
4.75579480196518 0 3 3 0 1 0 0 1
17.27847068016075 0 3 3 0 1 0 3 1
17.27847068016075 0 3 3 0 1 3 0 1
36.69227352439284 0 3 3 0 1 3 3 1
4.7557948019651795 0 3 3 0 2 0 0 2
17.27847068016075 0 3 3 0 2 0 3 2
17.278470680160755 0 3 3 0 2 3 0 2
36.69227352439284 0 3 3 0 2 3 3 2
-360.7434664170655 0 3 3 0 3 0 0 0
-49.863028956705534 0 3 3 0 3 0 0 3
-70.11582019957581 0 3 3 0 3 0 3 0
2.695693785994349 0 3 3 0 3 0 3 3
-70.11582019957578 0 3 3 0 3 3 0 0
2.695693785994347 0 3 3 0 3 3 0 3
4.437538269412057 0 3 3 0 3 3 3 0
0.650816583995825 0 3 3 0 3 3 3 3
-203.7775608274563 0 3 3 3 0 0 0 0
-46.009918725025386 0 3 3 3 0 0 0 3
-55.58546519779847 0 3 3 3 0 0 3 0
2.0137923134018543 0 3 3 3 0 0 3 3
-55.58546519779846 0 3 3 3 0 3 0 0
2.013792313401854 0 3 3 3 0 3 0 3
2.9221315103968637 0 3 3 3 0 3 3 0
0.5804785086533422 0 3 3 3 0 3 3 3
48.585641044570764 0 3 3 3 1 0 0 1
-661.2331663620602 0 3 3 3 1 0 3 1
-661.2331663620604 0 3 3 3 1 3 0 1
-3846.3181792509563 0 3 3 3 1 3 3 1
48.585641044570764 0 3 3 3 2 0 0 2
-661.2331663620602 0 3 3 3 2 0 3 2
-661.2331663620605 0 3 3 3 2 3 0 2
-3846.3181792509563 0 3 3 3 2 3 3 2
-50.96522406445485 0 3 3 3 3 0 0 0
1.909382026704528 0 3 3 3 3 0 0 3
2.811134819943532 0 3 3 3 3 0 3 0
0.5277384082159845 0 3 3 3 3 0 3 3
2.8111348199435318 0 3 3 3 3 3 0 0
0.5277384082159843 0 3 3 3 3 3 0 3
0.6842684240712434 0 3 3 3 3 3 3 0
-0.12699417576992095 1 0 0 1 0 0 0 0
-0.6145408991946749 1 0 0 1 0 0 3 0
-0.06738004482667309 1 0 0 1 0 0 3 3
-0.6145408991946752 1 0 0 1 0 3 0 0
-0.06738004482667313 1 0 0 1 0 3 0 3
9.693160103924663 1 0 0 1 0 3 3 0
-0.27284856627665754 1 0 0 1 0 3 3 3
-0.5942638766701128 1 0 0 1 1 0 0 1
0.006906594226292962 1 0 0 1 1 0 3 1
0.006906594226292952 1 0 0 1 1 3 0 1
0.0014241192335282802 1 0 0 1 1 3 3 1
-0.5942638766701125 1 0 0 1 2 0 0 2
0.006906594226292962 1 0 0 1 2 0 3 2
0.006906594226292955 1 0 0 1 2 3 0 2
0.0014241192335282793 1 0 0 1 2 3 3 2
-0.608801016150445 1 0 0 1 3 0 0 0
-0.0737062741159279 1 0 0 1 3 0 0 3
9.608897956515019 1 0 0 1 3 0 3 0
-0.29682473154640904 1 0 0 1 3 0 3 3
9.608897956515024 1 0 0 1 3 3 0 0
-0.29682473154640904 1 0 0 1 3 3 0 3
48.58564104457074 1 0 0 1 3 3 3 0
4.755794801965181 1 0 0 1 3 3 3 3
-555.2609610434797 1 0 0 2 1 0 0 2
16.7189407749812 1 0 0 2 1 0 3 2
16.7189407749812 1 0 0 2 1 3 0 2
3.131779765251662 1 0 0 2 1 3 3 2
555.2609610434796 1 0 0 2 2 0 0 1
-16.718940774981196 1 0 0 2 2 0 3 1
-16.7189407749812 1 0 0 2 2 3 0 1
-3.131779765251662 1 0 0 2 2 3 3 1
-0.0025600453405263813 1 0 1 0 0 0 1 1
-0.002560045340526381 1 0 1 0 0 0 2 2
-0.010315930804330667 1 0 1 0 0 3 1 1
-0.010315930804330667 1 0 1 0 0 3 2 2
-0.8501022770817127 1 0 1 0 1 0 1 0
0.0030529276904751514 1 0 1 0 1 0 1 3
0.009317109954089955 1 0 1 0 1 3 1 0
0.0014580280327525538 1 0 1 0 1 3 1 3
-0.8501022770817122 1 0 1 0 2 0 2 0
0.0030529276904751514 1 0 1 0 2 0 2 3
0.009317109954089952 1 0 1 0 2 3 2 0
0.0014580280327525538 1 0 1 0 2 3 2 3
-0.006846931642128964 1 0 1 0 3 0 1 1
-0.006846931642128964 1 0 1 0 3 0 2 2
0.19524837147094484 1 0 1 0 3 3 1 1
0.19524837147094484 1 0 1 0 3 3 2 2
-0.013389157122647051 1 0 1 3 0 0 1 1
-0.013389157122647051 1 0 1 3 0 0 2 2
0.3450105484914816 1 0 1 3 0 3 1 1
0.3450105484914816 1 0 1 3 0 3 2 2
0.0030529276904751462 1 0 1 3 1 0 1 0
0.0018184229693590476 1 0 1 3 1 0 1 3
0.001543868559768187 1 0 1 3 1 3 1 0
0.0030529276904751462 1 0 1 3 2 0 2 0
0.0018184229693590476 1 0 1 3 2 0 2 3
0.001543868559768187 1 0 1 3 2 3 2 0
0.10024877253543776 1 0 1 3 3 0 1 1
0.10024877253543776 1 0 1 3 3 0 2 2
0.40410679132293087 1 0 1 3 3 3 1 1
0.40410679132293087 1 0 1 3 3 3 2 2
-476.44845254634635 1 0 2 0 1 0 2 0
2.742584720691255 1 0 2 0 1 0 2 3
10.258748982017252 1 0 2 0 1 3 2 0
1.5449118899563732 1 0 2 0 1 3 2 3
476.44845254634635 1 0 2 0 2 0 1 0
-2.742584720691255 1 0 2 0 2 0 1 3
-10.258748982017252 1 0 2 0 2 3 1 0
-1.5449118899563732 1 0 2 0 2 3 1 3
-0.00046654646264481685 1 0 2 0 3 3 1 2
0.00046654646264481696 1 0 2 0 3 3 2 1
-0.0005059420860454556 1 0 2 3 0 3 1 2
0.0005059420860454554 1 0 2 3 0 3 2 1
2.742584720691251 1 0 2 3 1 0 2 0
1.8293839791138367 1 0 2 3 1 0 2 3
1.634207729991095 1 0 2 3 1 3 2 0
-0.029896313311684915 1 0 2 3 1 3 2 3
-2.7425847206912515 1 0 2 3 2 0 1 0
-1.8293839791138367 1 0 2 3 2 0 1 3
-1.6342077299910953 1 0 2 3 2 3 1 0
0.029896313311684915 1 0 2 3 2 3 1 3
-0.00032671284767450475 1 0 2 3 3 0 1 2
0.00032671284767450464 1 0 2 3 3 0 2 1
-0.0015348286346100709 1 0 2 3 3 3 1 2
0.0015348286346100709 1 0 2 3 3 3 2 1
-0.601151742072028 1 0 3 1 0 0 0 0
-0.06481999948614671 1 0 3 1 0 0 0 3
10.086864285978537 1 0 3 1 0 0 3 0
-0.2675742313257651 1 0 3 1 0 0 3 3
9.594162885297171 1 0 3 1 0 3 0 0
-0.264213167423473 1 0 3 1 0 3 0 3
53.8504792478357 1 0 3 1 0 3 3 0
4.2976556847408505 1 0 3 1 0 3 3 3
0.006906594226292964 1 0 3 1 1 0 0 1
0.0018781527493427984 1 0 3 1 1 0 3 1
0.001507038705592407 1 0 3 1 1 3 0 1
0.006906594226292964 1 0 3 1 2 0 0 2
0.0018781527493427989 1 0 3 1 2 0 3 2
0.001507038705592407 1 0 3 1 2 3 0 2
9.508322471131905 1 0 3 1 3 0 0 0
-0.28997779990427996 1 0 3 1 3 0 0 3
51.554875974385666 1 0 3 1 3 0 3 0
4.536477533918776 1 0 3 1 3 0 3 3
49.305525075839114 1 0 3 1 3 3 0 0
4.5522189561856505 1 0 3 1 3 3 0 3
-661.2331663620605 1 0 3 1 3 3 3 0
17.278470680160765 1 0 3 1 3 3 3 3
16.718940774981213 1 0 3 2 1 0 0 2
3.705531262581225 1 0 3 2 1 0 3 2
3.29337964541714 1 0 3 2 1 3 0 2
-0.15327605400439498 1 0 3 2 1 3 3 2
-16.71894077498121 1 0 3 2 2 0 0 1
-3.705531262581225 1 0 3 2 2 0 3 1
-3.2933796454171396 1 0 3 2 2 3 0 1
0.15327605400439498 1 0 3 2 2 3 3 1
-0.002560045340526381 1 1 0 0 0 1 0 1
-0.01031593080433067 1 1 0 0 0 1 3 1
-0.002560045340526381 1 1 0 0 0 2 0 2
-0.01031593080433067 1 1 0 0 0 2 3 2
-0.8501022770817124 1 1 0 0 1 1 0 0
0.003052927690475153 1 1 0 0 1 1 0 3
0.009317109954089957 1 1 0 0 1 1 3 0
0.0014580280327525525 1 1 0 0 1 1 3 3
-0.8501022770817124 1 1 0 0 2 2 0 0
0.003052927690475153 1 1 0 0 2 2 0 3
0.00931710995408996 1 1 0 0 2 2 3 0
0.0014580280327525525 1 1 0 0 2 2 3 3
-0.006846931642128969 1 1 0 0 3 1 0 1
0.19524837147094473 1 1 0 0 3 1 3 1
-0.006846931642128969 1 1 0 0 3 2 0 2
0.19524837147094473 1 1 0 0 3 2 3 2
-0.013389157122647061 1 1 0 3 0 1 0 1
0.34501054849148166 1 1 0 3 0 1 3 1
-0.013389157122647061 1 1 0 3 0 2 0 2
0.34501054849148166 1 1 0 3 0 2 3 2
0.0030529276904751462 1 1 0 3 1 1 0 0
0.0018184229693590489 1 1 0 3 1 1 0 3
0.0015438685597681879 1 1 0 3 1 1 3 0
0.003052927690475148 1 1 0 3 2 2 0 0
0.0018184229693590489 1 1 0 3 2 2 0 3
0.0015438685597681879 1 1 0 3 2 2 3 0
0.10024877253543765 1 1 0 3 3 1 0 1
0.4041067913229308 1 1 0 3 3 1 3 1
0.10024877253543765 1 1 0 3 3 2 0 2
0.4041067913229308 1 1 0 3 3 2 3 2
-0.0001346420703703555 1 1 1 1 0 1 1 0
-0.0001346420703703555 1 1 1 1 0 2 2 0
-1.5927874477225006e-06 1 1 1 1 1 1 2 2
-1.5927874477225275e-06 1 1 1 1 1 2 1 2
3.1855748954450825e-06 1 1 1 1 1 2 2 1
3.1855748954450825e-06 1 1 1 1 2 1 1 2
-1.5927874477225275e-06 1 1 1 1 2 1 2 1
-1.5927874477225006e-06 1 1 1 1 2 2 1 1
-0.0007473814206007586 1 1 1 1 3 1 1 0
-1.8843145472686247e-05 1 1 1 1 3 1 1 3
-0.0007473814206007586 1 1 1 1 3 2 2 0
-1.884314547268614e-05 1 1 1 1 3 2 2 3
-0.0002839553685216798 1 1 1 2 1 1 1 2
8.42477395679108e-05 1 1 1 2 1 1 2 1
8.424773956791081e-05 1 1 1 2 1 2 1 1
-0.00011545988938585848 1 1 1 2 1 2 2 2
0.00011545988938585848 1 1 1 2 2 1 1 1
-8.424773956791079e-05 1 1 1 2 2 1 2 2
-8.42477395679108e-05 1 1 1 2 2 2 1 2
0.00028395536852167977 1 1 1 2 2 2 2 1
-0.24635070034068543 1 1 2 1 0 1 2 0
0.0016805319511461313 1 1 2 1 0 1 2 3
0.24635070034068543 1 1 2 1 0 2 1 0
-0.0016805319511461313 1 1 2 1 0 2 1 3
8.424773956791083e-05 1 1 2 1 1 1 1 2
-0.0002850089967908192 1 1 2 1 1 1 2 1
8.610504695957123e-05 1 1 2 1 1 2 1 1
-0.00011465621026333728 1 1 2 1 1 2 2 2
0.00011465621026333724 1 1 2 1 2 1 1 1
-8.610504695957123e-05 1 1 2 1 2 1 2 2
0.0002850089967908192 1 1 2 1 2 2 1 2
-8.424773956791085e-05 1 1 2 1 2 2 2 1
-1.1246754492732984 1 1 2 1 3 1 2 0
0.007870711133436339 1 1 2 1 3 1 2 3
1.1246754492732982 1 1 2 1 3 2 1 0
-0.007870711133436339 1 1 2 1 3 2 1 3
3.3929538986204104e-05 1 1 2 2 0 1 1 0
3.392953898620413e-05 1 1 2 2 0 2 2 0
-1.5927874477224735e-06 1 1 2 2 1 1 1 1
-0.2506671968879964 1 1 2 2 1 1 2 2
0.16148442027608942 1 1 2 2 1 2 1 2
0.08918118382445923 1 1 2 2 1 2 2 1
0.08918118382445923 1 1 2 2 2 1 1 2
0.1614844202760894 1 1 2 2 2 1 2 1
-0.2506671968879964 1 1 2 2 2 2 1 1
-1.5927874477225277e-06 1 1 2 2 2 2 2 2
0.00010282053198087775 1 1 2 2 3 1 1 0
-9.059857979691209e-06 1 1 2 2 3 1 1 3
0.00010282053198087777 1 1 2 2 3 2 2 0
-9.059857979691155e-06 1 1 2 2 3 2 2 3
-0.01031593080433067 1 1 3 0 0 1 0 1
0.23094018414865827 1 1 3 0 0 1 3 1
-0.01031593080433067 1 1 3 0 0 2 0 2
0.23094018414865827 1 1 3 0 0 2 3 2
0.009317109954089952 1 1 3 0 1 1 0 0
0.0015438685597681879 1 1 3 0 1 1 0 3
0.0024585606624202725 1 1 3 0 1 1 3 0
0.009317109954089952 1 1 3 0 2 2 0 0
0.0015438685597681879 1 1 3 0 2 2 0 3
0.0024585606624202734 1 1 3 0 2 2 3 0
0.19523931161296507 1 1 3 0 3 1 0 1
0.8380750403677534 1 1 3 0 3 1 3 1
0.19523931161296507 1 1 3 0 3 2 0 2
0.8380750403677534 1 1 3 0 3 2 3 2
0.34504447803046756 1 1 3 3 0 1 0 1
1.9267892200139964 1 1 3 3 0 1 3 1
0.3450444780304676 1 1 3 3 0 2 0 2
1.9267892200139964 1 1 3 3 0 2 3 2
0.0014580280327525538 1 1 3 3 1 1 0 0
0.0014580280327525538 1 1 3 3 2 2 0 0
0.40420961185491155 1 1 3 3 3 1 0 1
-18.987208050804504 1 1 3 3 3 1 3 1
0.40420961185491155 1 1 3 3 3 2 0 2
-18.987208050804508 1 1 3 3 3 2 3 2
-476.44845254634635 1 2 0 0 1 2 0 0
2.7425847206912546 1 2 0 0 1 2 0 3
10.258748982017257 1 2 0 0 1 2 3 0
1.5449118899563734 1 2 0 0 1 2 3 3
476.44845254634635 1 2 0 0 2 1 0 0
-2.7425847206912546 1 2 0 0 2 1 0 3
-10.258748982017257 1 2 0 0 2 1 3 0
-1.5449118899563734 1 2 0 0 2 1 3 3
-0.00046654646264481653 1 2 0 0 3 1 3 2
0.00046654646264481653 1 2 0 0 3 2 3 1
-0.0005059420860454548 1 2 0 3 0 1 3 2
0.0005059420860454548 1 2 0 3 0 2 3 1
2.7425847206912515 1 2 0 3 1 2 0 0
1.8293839791138364 1 2 0 3 1 2 0 3
1.634207729991096 1 2 0 3 1 2 3 0
-0.02989631331168492 1 2 0 3 1 2 3 3
-2.742584720691251 1 2 0 3 2 1 0 0
-1.8293839791138364 1 2 0 3 2 1 0 3
-1.6342077299910958 1 2 0 3 2 1 3 0
0.02989631331168492 1 2 0 3 2 1 3 3
-0.0003267128476745038 1 2 0 3 3 1 0 2
-0.0015348286346100674 1 2 0 3 3 1 3 2
0.0003267128476745039 1 2 0 3 3 2 0 1
0.0015348286346100674 1 2 0 3 3 2 3 1
0.24635070034068549 1 2 1 1 0 1 2 0
-0.0016805319511461316 1 2 1 1 0 1 2 3
-0.24635070034068549 1 2 1 1 0 2 1 0
0.0016805319511461316 1 2 1 1 0 2 1 3
8.424773956791077e-05 1 2 1 1 1 1 1 2
8.610504695957131e-05 1 2 1 1 1 1 2 1
-0.0002850089967908194 1 2 1 1 1 2 1 1
-0.00011465621026333743 1 2 1 1 1 2 2 2
0.00011465621026333743 1 2 1 1 2 1 1 1
0.0002850089967908194 1 2 1 1 2 1 2 2
-8.610504695957124e-05 1 2 1 1 2 2 1 2
-8.424773956791077e-05 1 2 1 1 2 2 2 1
1.1246754492732982 1 2 1 1 3 1 2 0
-0.007870711133436344 1 2 1 1 3 1 2 3
-1.1246754492732982 1 2 1 1 3 2 1 0
0.007870711133436344 1 2 1 1 3 2 1 3
3.392953898620401e-05 1 2 1 2 0 1 1 0
3.392953898620398e-05 1 2 1 2 0 2 2 0
-1.5927874477225277e-06 1 2 1 2 1 1 1 1
0.16148442027608942 1 2 1 2 1 1 2 2
-0.25066719688799644 1 2 1 2 1 2 1 2
0.08918118382445925 1 2 1 2 1 2 2 1
0.08918118382445925 1 2 1 2 2 1 1 2
-0.2506671968879964 1 2 1 2 2 1 2 1
0.1614844202760894 1 2 1 2 2 2 1 1
-1.5927874477225489e-06 1 2 1 2 2 2 2 2
0.00010282053198087796 1 2 1 2 3 1 1 0
-9.059857979691126e-06 1 2 1 2 3 1 1 3
0.00010282053198087799 1 2 1 2 3 2 2 0
-9.059857979691126e-06 1 2 1 2 3 2 2 3
-0.0002025011483427635 1 2 2 1 0 1 1 0
-0.00020250114834276345 1 2 2 1 0 2 2 0
3.185574895445069e-06 1 2 2 1 1 1 1 1
0.08918118382445923 1 2 2 1 1 1 2 2
0.08918118382445925 1 2 2 1 1 2 1 2
-0.178359182074023 1 2 2 1 1 2 2 1
-0.178359182074023 1 2 2 1 2 1 1 2
0.08918118382445923 1 2 2 1 2 1 2 1
0.08918118382445922 1 2 2 1 2 2 1 1
3.1855748954450825e-06 1 2 2 1 2 2 2 2
-0.0009530224845625144 1 2 2 1 3 1 1 0
-7.234295133040615e-07 1 2 2 1 3 1 1 3
-0.0009530224845625149 1 2 2 1 3 2 2 0
-7.234295133040073e-07 1 2 2 1 3 2 2 3
-0.00011545988938585849 1 2 2 2 1 1 1 2
-0.0001146562102633371 1 2 2 2 1 1 2 1
-0.00011465621026333746 1 2 2 2 1 2 1 1
-0.00034477230991253294 1 2 2 2 1 2 2 2
0.00034477230991253294 1 2 2 2 2 1 1 1
0.00011465621026333746 1 2 2 2 2 1 2 2
0.00011465621026333721 1 2 2 2 2 2 1 2
0.00011545988938585828 1 2 2 2 2 2 2 1
-0.0005667472061311646 1 2 3 0 0 1 3 2
0.0005667472061311646 1 2 3 0 0 2 3 1
10.25874898201726 1 2 3 0 1 2 0 0
1.6342077299910958 1 2 3 0 1 2 0 3
2.5354393534528277 1 2 3 0 1 2 3 0
-0.04294364549021637 1 2 3 0 1 2 3 3
-10.25874898201726 1 2 3 0 2 1 0 0
-1.6342077299910958 1 2 3 0 2 1 0 3
-2.5354393534528277 1 2 3 0 2 1 3 0
0.04294364549021637 1 2 3 0 2 1 3 3
-0.0004756063206245076 1 2 3 0 3 1 0 2
-0.0027320922422305084 1 2 3 0 3 1 3 2
0.0004756063206245076 1 2 3 0 3 2 0 1
0.0027320922422305084 1 2 3 0 3 2 3 1
-0.00047201254705925115 1 2 3 3 0 1 0 2
-0.0029180948928343342 1 2 3 3 0 1 3 2
0.00047201254705925115 1 2 3 3 0 2 0 1
0.002918094892834334 1 2 3 3 0 2 3 1
1.5449118899563732 1 2 3 3 1 2 0 0
-0.029896313311684925 1 2 3 3 1 2 0 3
-0.04294364549021636 1 2 3 3 1 2 3 0
-0.010810626768239812 1 2 3 3 1 2 3 3
-1.5449118899563734 1 2 3 3 2 1 0 0
0.029896313311684925 1 2 3 3 2 1 0 3
0.04294364549021636 1 2 3 3 2 1 3 0
0.010810626768239812 1 2 3 3 2 1 3 3
-0.0014320081026291873 1 2 3 3 3 1 0 2
0.09243788015067847 1 2 3 3 3 1 3 2
0.0014320081026291873 1 2 3 3 3 2 0 1
-0.09243788015067846 1 2 3 3 3 2 3 1
-0.6011517420720284 1 3 0 1 0 0 0 0
-0.06481999948614672 1 3 0 1 0 0 0 3
9.594162885297171 1 3 0 1 0 0 3 0
-0.264213167423473 1 3 0 1 0 0 3 3
10.086864285978544 1 3 0 1 0 3 0 0
-0.26757423132576535 1 3 0 1 0 3 0 3
53.850479247835736 1 3 0 1 0 3 3 0
4.297655684740852 1 3 0 1 0 3 3 3
0.006906594226292945 1 3 0 1 1 0 0 1
0.001507038705592407 1 3 0 1 1 0 3 1
0.0018781527493427945 1 3 0 1 1 3 0 1
0.006906594226292948 1 3 0 1 2 0 0 2
0.001507038705592407 1 3 0 1 2 0 3 2
0.0018781527493427954 1 3 0 1 2 3 0 2
9.508322471131907 1 3 0 1 3 0 0 0
-0.28997779990428013 1 3 0 1 3 0 0 3
49.30552507583913 1 3 0 1 3 0 3 0
4.55221895618565 1 3 0 1 3 0 3 3
51.55487597438572 1 3 0 1 3 3 0 0
4.536477533918778 1 3 0 1 3 3 0 3
-661.2331663620608 1 3 0 1 3 3 3 0
17.278470680160762 1 3 0 1 3 3 3 3
16.71894077498119 1 3 0 2 1 0 0 2
3.2933796454171396 1 3 0 2 1 0 3 2
3.705531262581222 1 3 0 2 1 3 0 2
-0.15327605400439492 1 3 0 2 1 3 3 2
-16.71894077498119 1 3 0 2 2 0 0 1
-3.29337964541714 1 3 0 2 2 0 3 1
-3.705531262581222 1 3 0 2 2 3 0 1
0.15327605400439492 1 3 0 2 2 3 3 1
-0.010315930804330669 1 3 1 0 0 0 1 1
-0.010315930804330669 1 3 1 0 0 0 2 2
0.23094018414865838 1 3 1 0 0 3 1 1
0.2309401841486584 1 3 1 0 0 3 2 2
0.009317109954089948 1 3 1 0 1 0 1 0
0.0015438685597681879 1 3 1 0 1 0 1 3
0.0024585606624202743 1 3 1 0 1 3 1 0
0.009317109954089948 1 3 1 0 2 0 2 0
0.0015438685597681874 1 3 1 0 2 0 2 3
0.0024585606624202743 1 3 1 0 2 3 2 0
0.19523931161296515 1 3 1 0 3 0 1 1
0.19523931161296515 1 3 1 0 3 0 2 2
0.8380750403677537 1 3 1 0 3 3 1 1
0.8380750403677537 1 3 1 0 3 3 2 2
0.34504447803046756 1 3 1 3 0 0 1 1
0.34504447803046756 1 3 1 3 0 0 2 2
1.926789220013997 1 3 1 3 0 3 1 1
1.926789220013997 1 3 1 3 0 3 2 2
0.0014580280327525538 1 3 1 3 1 0 1 0
0.0014580280327525538 1 3 1 3 2 0 2 0
0.40420961185491205 1 3 1 3 3 0 1 1
0.40420961185491205 1 3 1 3 3 0 2 2
-18.987208050804536 1 3 1 3 3 3 1 1
-18.987208050804536 1 3 1 3 3 3 2 2
-0.0005667472061311656 1 3 2 0 0 3 1 2
0.0005667472061311656 1 3 2 0 0 3 2 1
10.258748982017247 1 3 2 0 1 0 2 0
1.6342077299910953 1 3 2 0 1 0 2 3
2.535439353452827 1 3 2 0 1 3 2 0
-0.04294364549021633 1 3 2 0 1 3 2 3
-10.258748982017247 1 3 2 0 2 0 1 0
-1.6342077299910953 1 3 2 0 2 0 1 3
-2.535439353452827 1 3 2 0 2 3 1 0
0.04294364549021633 1 3 2 0 2 3 1 3
-0.0004756063206245082 1 3 2 0 3 0 1 2
0.000475606320624508 1 3 2 0 3 0 2 1
-0.002732092242230512 1 3 2 0 3 3 1 2
0.002732092242230512 1 3 2 0 3 3 2 1
-0.0004720125470592516 1 3 2 3 0 0 1 2
0.0004720125470592516 1 3 2 3 0 0 2 1
-0.00291809489283434 1 3 2 3 0 3 1 2
0.0029180948928343407 1 3 2 3 0 3 2 1
1.5449118899563732 1 3 2 3 1 0 2 0
-0.029896313311684897 1 3 2 3 1 0 2 3
-0.04294364549021632 1 3 2 3 1 3 2 0
-0.010810626768239807 1 3 2 3 1 3 2 3
-1.5449118899563732 1 3 2 3 2 0 1 0
0.029896313311684897 1 3 2 3 2 0 1 3
0.04294364549021632 1 3 2 3 2 3 1 0
0.010810626768239807 1 3 2 3 2 3 1 3
-0.0014320081026291918 1 3 2 3 3 0 1 2
0.0014320081026291918 1 3 2 3 3 0 2 1
0.09243788015067866 1 3 2 3 3 3 1 2
-0.09243788015067866 1 3 2 3 3 3 2 1
9.002127122769602 1 3 3 1 0 0 0 0
-0.25221670466799617 1 3 3 1 0 0 0 3
51.920771932928865 1 3 3 1 0 0 3 0
4.066148753386059 1 3 3 1 0 0 3 3
51.920771932928886 1 3 3 1 0 3 0 0
4.066148753386061 1 3 3 1 0 3 0 3
-827.5791934129239 1 3 3 1 0 3 3 0
12.451912576848208 1 3 3 1 0 3 3 3
0.0014241192335282798 1 3 3 1 1 0 0 1
0.0014241192335282798 1 3 3 1 2 0 0 2
47.77435780465569 1 3 3 1 3 0 0 0
4.364364966098003 1 3 3 1 3 0 0 3
-642.1535204311056 1 3 3 1 3 0 3 0
16.437663547550766 1 3 3 1 3 0 3 3
-642.1535204311057 1 3 3 1 3 3 0 0
16.43766354755078 1 3 3 1 3 3 0 3
-3846.318179250957 1 3 3 1 3 3 3 0
36.69227352439287 1 3 3 1 3 3 3 3
3.1317797652516615 1 3 3 2 1 0 0 2
-0.15327605400439495 1 3 3 2 1 0 3 2
-0.1532760540043949 1 3 3 2 1 3 0 2
-0.03345184007541831 1 3 3 2 1 3 3 2
-3.1317797652516615 1 3 3 2 2 0 0 1
0.15327605400439495 1 3 3 2 2 0 3 1
0.1532760540043949 1 3 3 2 2 3 0 1
0.03345184007541831 1 3 3 2 2 3 3 1
555.2609610434796 2 0 0 1 1 0 0 2
-16.718940774981203 2 0 0 1 1 0 3 2
-16.7189407749812 2 0 0 1 1 3 0 2
-3.131779765251662 2 0 0 1 1 3 3 2
-555.2609610434796 2 0 0 1 2 0 0 1
16.718940774981203 2 0 0 1 2 0 3 1
16.718940774981196 2 0 0 1 2 3 0 1
3.131779765251662 2 0 0 1 2 3 3 1
-0.12699417576992095 2 0 0 2 0 0 0 0
-0.6145408991946749 2 0 0 2 0 0 3 0
-0.06738004482667308 2 0 0 2 0 0 3 3
-0.6145408991946752 2 0 0 2 0 3 0 0
-0.06738004482667313 2 0 0 2 0 3 0 3
9.693160103924663 2 0 0 2 0 3 3 0
-0.27284856627665754 2 0 0 2 0 3 3 3
-0.5942638766701126 2 0 0 2 1 0 0 1
0.006906594226292962 2 0 0 2 1 0 3 1
0.006906594226292955 2 0 0 2 1 3 0 1
0.0014241192335282802 2 0 0 2 1 3 3 1
-0.5942638766701128 2 0 0 2 2 0 0 2
0.006906594226292962 2 0 0 2 2 0 3 2
0.006906594226292955 2 0 0 2 2 3 0 2
0.0014241192335282802 2 0 0 2 2 3 3 2
-0.608801016150445 2 0 0 2 3 0 0 0
-0.0737062741159279 2 0 0 2 3 0 0 3
9.60889795651502 2 0 0 2 3 0 3 0
-0.29682473154640904 2 0 0 2 3 0 3 3
9.608897956515024 2 0 0 2 3 3 0 0
-0.29682473154640904 2 0 0 2 3 3 0 3
48.585641044570735 2 0 0 2 3 3 3 0
4.755794801965181 2 0 0 2 3 3 3 3
476.44845254634635 2 0 1 0 1 0 2 0
-2.742584720691255 2 0 1 0 1 0 2 3
-10.258748982017252 2 0 1 0 1 3 2 0
-1.5449118899563732 2 0 1 0 1 3 2 3
-476.44845254634646 2 0 1 0 2 0 1 0
2.742584720691255 2 0 1 0 2 0 1 3
10.258748982017252 2 0 1 0 2 3 1 0
1.5449118899563732 2 0 1 0 2 3 1 3
0.00046654646264481685 2 0 1 0 3 3 1 2
-0.00046654646264481696 2 0 1 0 3 3 2 1
0.0005059420860454556 2 0 1 3 0 3 1 2
-0.0005059420860454556 2 0 1 3 0 3 2 1
-2.7425847206912515 2 0 1 3 1 0 2 0
-1.8293839791138367 2 0 1 3 1 0 2 3
-1.6342077299910953 2 0 1 3 1 3 2 0
0.029896313311684915 2 0 1 3 1 3 2 3
2.742584720691251 2 0 1 3 2 0 1 0
1.8293839791138367 2 0 1 3 2 0 1 3
1.634207729991095 2 0 1 3 2 3 1 0
-0.029896313311684915 2 0 1 3 2 3 1 3
0.00032671284767450464 2 0 1 3 3 0 1 2
-0.00032671284767450475 2 0 1 3 3 0 2 1
0.00153482863461007 2 0 1 3 3 3 1 2
-0.00153482863461007 2 0 1 3 3 3 2 1
-0.002560045340526381 2 0 2 0 0 0 1 1
-0.002560045340526381 2 0 2 0 0 0 2 2
-0.010315930804330667 2 0 2 0 0 3 1 1
-0.010315930804330667 2 0 2 0 0 3 2 2
-0.8501022770817123 2 0 2 0 1 0 1 0
0.0030529276904751514 2 0 2 0 1 0 1 3
0.009317109954089955 2 0 2 0 1 3 1 0
0.0014580280327525538 2 0 2 0 1 3 1 3
-0.8501022770817126 2 0 2 0 2 0 2 0
0.0030529276904751514 2 0 2 0 2 0 2 3
0.009317109954089955 2 0 2 0 2 3 2 0
0.0014580280327525538 2 0 2 0 2 3 2 3
-0.006846931642128964 2 0 2 0 3 0 1 1
-0.006846931642128964 2 0 2 0 3 0 2 2
0.19524837147094484 2 0 2 0 3 3 1 1
0.19524837147094484 2 0 2 0 3 3 2 2
-0.013389157122647051 2 0 2 3 0 0 1 1
-0.013389157122647051 2 0 2 3 0 0 2 2
0.34501054849148155 2 0 2 3 0 3 1 1
0.34501054849148155 2 0 2 3 0 3 2 2
0.0030529276904751462 2 0 2 3 1 0 1 0
0.0018184229693590478 2 0 2 3 1 0 1 3
0.001543868559768187 2 0 2 3 1 3 1 0
0.0030529276904751445 2 0 2 3 2 0 2 0
0.0018184229693590478 2 0 2 3 2 0 2 3
0.001543868559768187 2 0 2 3 2 3 2 0
0.10024877253543776 2 0 2 3 3 0 1 1
0.10024877253543776 2 0 2 3 3 0 2 2
0.40410679132293087 2 0 2 3 3 3 1 1
0.40410679132293087 2 0 2 3 3 3 2 2
-16.718940774981213 2 0 3 1 1 0 0 2
-3.705531262581225 2 0 3 1 1 0 3 2
-3.293379645417139 2 0 3 1 1 3 0 2
0.15327605400439498 2 0 3 1 1 3 3 2
16.718940774981213 2 0 3 1 2 0 0 1
3.705531262581225 2 0 3 1 2 0 3 1
3.2933796454171396 2 0 3 1 2 3 0 1
-0.15327605400439498 2 0 3 1 2 3 3 1
-0.601151742072028 2 0 3 2 0 0 0 0
-0.06481999948614671 2 0 3 2 0 0 0 3
10.086864285978539 2 0 3 2 0 0 3 0
-0.2675742313257651 2 0 3 2 0 0 3 3
9.594162885297175 2 0 3 2 0 3 0 0
-0.264213167423473 2 0 3 2 0 3 0 3
53.8504792478357 2 0 3 2 0 3 3 0
4.2976556847408505 2 0 3 2 0 3 3 3
0.006906594226292964 2 0 3 2 1 0 0 1
0.0018781527493427984 2 0 3 2 1 0 3 1
0.001507038705592407 2 0 3 2 1 3 0 1
0.006906594226292964 2 0 3 2 2 0 0 2
0.001878152749342798 2 0 3 2 2 0 3 2
0.001507038705592407 2 0 3 2 2 3 0 2
9.508322471131905 2 0 3 2 3 0 0 0
-0.28997779990427996 2 0 3 2 3 0 0 3
51.554875974385666 2 0 3 2 3 0 3 0
4.536477533918776 2 0 3 2 3 0 3 3
49.305525075839114 2 0 3 2 3 3 0 0
4.5522189561856505 2 0 3 2 3 3 0 3
-661.2331663620605 2 0 3 2 3 3 3 0
17.278470680160765 2 0 3 2 3 3 3 3
476.4484525463464 2 1 0 0 1 2 0 0
-2.7425847206912546 2 1 0 0 1 2 0 3
-10.25874898201726 2 1 0 0 1 2 3 0
-1.5449118899563734 2 1 0 0 1 2 3 3
-476.4484525463464 2 1 0 0 2 1 0 0
2.7425847206912546 2 1 0 0 2 1 0 3
10.25874898201726 2 1 0 0 2 1 3 0
1.5449118899563734 2 1 0 0 2 1 3 3
0.0004665464626448164 2 1 0 0 3 1 3 2
-0.0004665464626448164 2 1 0 0 3 2 3 1
0.0005059420860454548 2 1 0 3 0 1 3 2
-0.0005059420860454548 2 1 0 3 0 2 3 1
-2.742584720691251 2 1 0 3 1 2 0 0
-1.8293839791138364 2 1 0 3 1 2 0 3
-1.6342077299910958 2 1 0 3 1 2 3 0
0.02989631331168492 2 1 0 3 1 2 3 3
2.7425847206912515 2 1 0 3 2 1 0 0
1.8293839791138364 2 1 0 3 2 1 0 3
1.634207729991096 2 1 0 3 2 1 3 0
-0.02989631331168492 2 1 0 3 2 1 3 3
0.0003267128476745039 2 1 0 3 3 1 0 2
0.0015348286346100666 2 1 0 3 3 1 3 2
-0.0003267128476745039 2 1 0 3 3 2 0 1
-0.0015348286346100666 2 1 0 3 3 2 3 1
0.00011545988938585828 2 1 1 1 1 1 1 2
0.00011465621026333721 2 1 1 1 1 1 2 1
0.00011465621026333746 2 1 1 1 1 2 1 1
0.00034477230991253294 2 1 1 1 1 2 2 2
-0.00034477230991253294 2 1 1 1 2 1 1 1
-0.00011465621026333746 2 1 1 1 2 1 2 2
-0.00011465621026333721 2 1 1 1 2 2 1 2
-0.00011545988938585828 2 1 1 1 2 2 2 1
-0.00020250114834276343 2 1 1 2 0 1 1 0
-0.00020250114834276345 2 1 1 2 0 2 2 0
3.185574895445083e-06 2 1 1 2 1 1 1 1
0.08918118382445922 2 1 1 2 1 1 2 2
0.08918118382445925 2 1 1 2 1 2 1 2
-0.17835918207402296 2 1 1 2 1 2 2 1
-0.178359182074023 2 1 1 2 2 1 1 2
0.08918118382445926 2 1 1 2 2 1 2 1
0.08918118382445922 2 1 1 2 2 2 1 1
3.185574895445082e-06 2 1 1 2 2 2 2 2
-0.0009530224845625147 2 1 1 2 3 1 1 0
-7.234295133040411e-07 2 1 1 2 3 1 1 3
-0.0009530224845625147 2 1 1 2 3 2 2 0
-7.234295133040411e-07 2 1 1 2 3 2 2 3
3.3929538986204037e-05 2 1 2 1 0 1 1 0
3.3929538986204037e-05 2 1 2 1 0 2 2 0
-1.5927874477225078e-06 2 1 2 1 1 1 1 1
0.1614844202760894 2 1 2 1 1 1 2 2
-0.25066719688799644 2 1 2 1 1 2 1 2
0.08918118382445925 2 1 2 1 1 2 2 1
0.08918118382445923 2 1 2 1 2 1 1 2
-0.2506671968879965 2 1 2 1 2 1 2 1
0.1614844202760894 2 1 2 1 2 2 1 1
-1.5927874477225144e-06 2 1 2 1 2 2 2 2
0.00010282053198087796 2 1 2 1 3 1 1 0
-9.059857979691126e-06 2 1 2 1 3 1 1 3
0.00010282053198087799 2 1 2 1 3 2 2 0
-9.059857979691126e-06 2 1 2 1 3 2 2 3
-0.24635070034068546 2 1 2 2 0 1 2 0
0.0016805319511461316 2 1 2 2 0 1 2 3
0.24635070034068546 2 1 2 2 0 2 1 0
-0.0016805319511461316 2 1 2 2 0 2 1 3
-8.424773956791076e-05 2 1 2 2 1 1 1 2
-8.610504695957126e-05 2 1 2 2 1 1 2 1
0.00028500899679081943 2 1 2 2 1 2 1 1
0.00011465621026333744 2 1 2 2 1 2 2 2
-0.00011465621026333744 2 1 2 2 2 1 1 1
-0.00028500899679081943 2 1 2 2 2 1 2 2
8.610504695957129e-05 2 1 2 2 2 2 1 2
8.424773956791076e-05 2 1 2 2 2 2 2 1
-1.1246754492732984 2 1 2 2 3 1 2 0
0.007870711133436344 2 1 2 2 3 1 2 3
1.1246754492732982 2 1 2 2 3 2 1 0
-0.007870711133436344 2 1 2 2 3 2 1 3
0.0005667472061311647 2 1 3 0 0 1 3 2
-0.0005667472061311645 2 1 3 0 0 2 3 1
-10.25874898201726 2 1 3 0 1 2 0 0
-1.634207729991096 2 1 3 0 1 2 0 3
-2.5354393534528272 2 1 3 0 1 2 3 0
0.04294364549021637 2 1 3 0 1 2 3 3
10.25874898201726 2 1 3 0 2 1 0 0
1.634207729991096 2 1 3 0 2 1 0 3
2.5354393534528272 2 1 3 0 2 1 3 0
-0.04294364549021637 2 1 3 0 2 1 3 3
0.00047560632062450747 2 1 3 0 3 1 0 2
0.0027320922422305084 2 1 3 0 3 1 3 2
-0.00047560632062450747 2 1 3 0 3 2 0 1
-0.002732092242230509 2 1 3 0 3 2 3 1
0.00047201254705925104 2 1 3 3 0 1 0 2
0.0029180948928343342 2 1 3 3 0 1 3 2
-0.00047201254705925104 2 1 3 3 0 2 0 1
-0.0029180948928343342 2 1 3 3 0 2 3 1
-1.5449118899563732 2 1 3 3 1 2 0 0
0.029896313311684925 2 1 3 3 1 2 0 3
0.04294364549021636 2 1 3 3 1 2 3 0
0.01081062676823981 2 1 3 3 1 2 3 3
1.5449118899563734 2 1 3 3 2 1 0 0
-0.029896313311684925 2 1 3 3 2 1 0 3
-0.04294364549021636 2 1 3 3 2 1 3 0
-0.01081062676823981 2 1 3 3 2 1 3 3
0.0014320081026291864 2 1 3 3 3 1 0 2
-0.09243788015067844 2 1 3 3 3 1 3 2
-0.0014320081026291873 2 1 3 3 3 2 0 1
0.09243788015067843 2 1 3 3 3 2 3 1
-0.0025600453405263818 2 2 0 0 0 1 0 1
-0.01031593080433067 2 2 0 0 0 1 3 1
-0.0025600453405263818 2 2 0 0 0 2 0 2
-0.01031593080433067 2 2 0 0 0 2 3 2
-0.8501022770817124 2 2 0 0 1 1 0 0
0.003052927690475153 2 2 0 0 1 1 0 3
0.009317109954089959 2 2 0 0 1 1 3 0
0.0014580280327525534 2 2 0 0 1 1 3 3
-0.8501022770817123 2 2 0 0 2 2 0 0
0.003052927690475153 2 2 0 0 2 2 0 3
0.009317109954089955 2 2 0 0 2 2 3 0
0.0014580280327525525 2 2 0 0 2 2 3 3
-0.006846931642128969 2 2 0 0 3 1 0 1
0.19524837147094473 2 2 0 0 3 1 3 1
-0.006846931642128969 2 2 0 0 3 2 0 2
0.19524837147094473 2 2 0 0 3 2 3 2
-0.013389157122647061 2 2 0 3 0 1 0 1
0.34501054849148155 2 2 0 3 0 1 3 1
-0.013389157122647061 2 2 0 3 0 2 0 2
0.34501054849148155 2 2 0 3 0 2 3 2
0.003052927690475148 2 2 0 3 1 1 0 0
0.0018184229693590489 2 2 0 3 1 1 0 3
0.0015438685597681879 2 2 0 3 1 1 3 0
0.003052927690475148 2 2 0 3 2 2 0 0
0.0018184229693590471 2 2 0 3 2 2 0 3
0.001543868559768187 2 2 0 3 2 2 3 0
0.10024877253543767 2 2 0 3 3 1 0 1
0.4041067913229308 2 2 0 3 3 1 3 1
0.10024877253543767 2 2 0 3 3 2 0 2
0.4041067913229308 2 2 0 3 3 2 3 2
3.3929538986203935e-05 2 2 1 1 0 1 1 0
3.3929538986204e-05 2 2 1 1 0 2 2 0
-1.5927874477225277e-06 2 2 1 1 1 1 1 1
-0.2506671968879964 2 2 1 1 1 1 2 2
0.16148442027608942 2 2 1 1 1 2 1 2
0.08918118382445922 2 2 1 1 1 2 2 1
0.08918118382445922 2 2 1 1 2 1 1 2
0.1614844202760894 2 2 1 1 2 1 2 1
-0.2506671968879964 2 2 1 1 2 2 1 1
-1.5927874477225277e-06 2 2 1 1 2 2 2 2
0.00010282053198087788 2 2 1 1 3 1 1 0
-9.059857979691148e-06 2 2 1 1 3 1 1 3
0.00010282053198087799 2 2 1 1 3 2 2 0
-9.059857979691175e-06 2 2 1 1 3 2 2 3
0.24635070034068549 2 2 1 2 0 1 2 0
-0.0016805319511461313 2 2 1 2 0 1 2 3
-0.24635070034068549 2 2 1 2 0 2 1 0
0.0016805319511461313 2 2 1 2 0 2 1 3
-8.42477395679108e-05 2 2 1 2 1 1 1 2
0.0002850089967908191 2 2 1 2 1 1 2 1
-8.610504695957129e-05 2 2 1 2 1 2 1 1
0.00011465621026333724 2 2 1 2 1 2 2 2
-0.00011465621026333724 2 2 1 2 2 1 1 1
8.610504695957126e-05 2 2 1 2 2 1 2 2
-0.0002850089967908191 2 2 1 2 2 2 1 2
8.424773956791083e-05 2 2 1 2 2 2 2 1
1.1246754492732982 2 2 1 2 3 1 2 0
-0.007870711133436339 2 2 1 2 3 1 2 3
-1.1246754492732982 2 2 1 2 3 2 1 0
0.007870711133436339 2 2 1 2 3 2 1 3
0.0002839553685216798 2 2 2 1 1 1 1 2
-8.424773956791083e-05 2 2 2 1 1 1 2 1
-8.424773956791075e-05 2 2 2 1 1 2 1 1
0.00011545988938585833 2 2 2 1 1 2 2 2
-0.00011545988938585822 2 2 2 1 2 1 1 1
8.424773956791075e-05 2 2 2 1 2 1 2 2
8.424773956791083e-05 2 2 2 1 2 2 1 2
-0.0002839553685216798 2 2 2 1 2 2 2 1
-0.0001346420703703555 2 2 2 2 0 1 1 0
-0.0001346420703703555 2 2 2 2 0 2 2 0
-1.592787447722528e-06 2 2 2 2 1 1 2 2
-1.5927874477225141e-06 2 2 2 2 1 2 1 2
3.1855748954450757e-06 2 2 2 2 1 2 2 1
3.1855748954450757e-06 2 2 2 2 2 1 1 2
-1.5927874477225141e-06 2 2 2 2 2 1 2 1
-1.592787447722528e-06 2 2 2 2 2 2 1 1
-0.0007473814206007586 2 2 2 2 3 1 1 0
-1.8843145472686247e-05 2 2 2 2 3 1 1 3
-0.0007473814206007586 2 2 2 2 3 2 2 0
-1.8843145472686247e-05 2 2 2 2 3 2 2 3
-0.01031593080433067 2 2 3 0 0 1 0 1
0.23094018414865825 2 2 3 0 0 1 3 1
-0.01031593080433067 2 2 3 0 0 2 0 2
0.23094018414865825 2 2 3 0 0 2 3 2
0.009317109954089945 2 2 3 0 1 1 0 0
0.0015438685597681879 2 2 3 0 1 1 0 3
0.0024585606624202717 2 2 3 0 1 1 3 0
0.009317109954089945 2 2 3 0 2 2 0 0
0.0015438685597681879 2 2 3 0 2 2 0 3
0.0024585606624202725 2 2 3 0 2 2 3 0
0.19523931161296507 2 2 3 0 3 1 0 1
0.8380750403677534 2 2 3 0 3 1 3 1
0.19523931161296507 2 2 3 0 3 2 0 2
0.8380750403677534 2 2 3 0 3 2 3 2
0.34504447803046745 2 2 3 3 0 1 0 1
1.9267892200139964 2 2 3 3 0 1 3 1
0.3450444780304675 2 2 3 3 0 2 0 2
1.9267892200139964 2 2 3 3 0 2 3 2
0.0014580280327525538 2 2 3 3 1 1 0 0
0.0014580280327525538 2 2 3 3 2 2 0 0
0.40420961185491155 2 2 3 3 3 1 0 1
-18.987208050804504 2 2 3 3 3 1 3 1
0.40420961185491155 2 2 3 3 3 2 0 2
-18.987208050804508 2 2 3 3 3 2 3 2
-16.718940774981192 2 3 0 1 1 0 0 2
-3.2933796454171396 2 3 0 1 1 0 3 2
-3.705531262581222 2 3 0 1 1 3 0 2
0.15327605400439492 2 3 0 1 1 3 3 2
16.71894077498119 2 3 0 1 2 0 0 1
3.29337964541714 2 3 0 1 2 0 3 1
3.705531262581222 2 3 0 1 2 3 0 1
-0.15327605400439492 2 3 0 1 2 3 3 1
-0.6011517420720284 2 3 0 2 0 0 0 0
-0.06481999948614672 2 3 0 2 0 0 0 3
9.594162885297173 2 3 0 2 0 0 3 0
-0.264213167423473 2 3 0 2 0 0 3 3
10.086864285978544 2 3 0 2 0 3 0 0
-0.26757423132576535 2 3 0 2 0 3 0 3
53.850479247835736 2 3 0 2 0 3 3 0
4.297655684740852 2 3 0 2 0 3 3 3
0.006906594226292945 2 3 0 2 1 0 0 1
0.001507038705592407 2 3 0 2 1 0 3 1
0.0018781527493427945 2 3 0 2 1 3 0 1
0.006906594226292948 2 3 0 2 2 0 0 2
0.001507038705592407 2 3 0 2 2 0 3 2
0.0018781527493427958 2 3 0 2 2 3 0 2
9.508322471131908 2 3 0 2 3 0 0 0
-0.28997779990428013 2 3 0 2 3 0 0 3
49.30552507583913 2 3 0 2 3 0 3 0
4.552218956185649 2 3 0 2 3 0 3 3
51.55487597438572 2 3 0 2 3 3 0 0
4.536477533918778 2 3 0 2 3 3 0 3
-661.2331663620606 2 3 0 2 3 3 3 0
17.278470680160765 2 3 0 2 3 3 3 3
0.0005667472061311656 2 3 1 0 0 3 1 2
-0.0005667472061311656 2 3 1 0 0 3 2 1
-10.258748982017247 2 3 1 0 1 0 2 0
-1.6342077299910953 2 3 1 0 1 0 2 3
-2.5354393534528263 2 3 1 0 1 3 2 0
0.04294364549021633 2 3 1 0 1 3 2 3
10.258748982017247 2 3 1 0 2 0 1 0
1.6342077299910953 2 3 1 0 2 0 1 3
2.5354393534528263 2 3 1 0 2 3 1 0
-0.04294364549021633 2 3 1 0 2 3 1 3
0.0004756063206245082 2 3 1 0 3 0 1 2
-0.0004756063206245082 2 3 1 0 3 0 2 1
0.002732092242230512 2 3 1 0 3 3 1 2
-0.002732092242230512 2 3 1 0 3 3 2 1
0.0004720125470592516 2 3 1 3 0 0 1 2
-0.0004720125470592516 2 3 1 3 0 0 2 1
0.0029180948928343407 2 3 1 3 0 3 1 2
-0.0029180948928343407 2 3 1 3 0 3 2 1
-1.5449118899563734 2 3 1 3 1 0 2 0
0.029896313311684897 2 3 1 3 1 0 2 3
0.04294364549021632 2 3 1 3 1 3 2 0
0.010810626768239807 2 3 1 3 1 3 2 3
1.5449118899563734 2 3 1 3 2 0 1 0
-0.029896313311684897 2 3 1 3 2 0 1 3
-0.04294364549021632 2 3 1 3 2 3 1 0
-0.010810626768239807 2 3 1 3 2 3 1 3
0.0014320081026291923 2 3 1 3 3 0 1 2
-0.0014320081026291923 2 3 1 3 3 0 2 1
-0.0924378801506787 2 3 1 3 3 3 1 2
0.09243788015067869 2 3 1 3 3 3 2 1
-0.010315930804330669 2 3 2 0 0 0 1 1
-0.010315930804330669 2 3 2 0 0 0 2 2
0.23094018414865838 2 3 2 0 0 3 1 1
0.2309401841486584 2 3 2 0 0 3 2 2
0.009317109954089948 2 3 2 0 1 0 1 0
0.0015438685597681879 2 3 2 0 1 0 1 3
0.0024585606624202734 2 3 2 0 1 3 1 0
0.009317109954089948 2 3 2 0 2 0 2 0
0.0015438685597681874 2 3 2 0 2 0 2 3
0.0024585606624202725 2 3 2 0 2 3 2 0
0.19523931161296518 2 3 2 0 3 0 1 1
0.19523931161296518 2 3 2 0 3 0 2 2
0.8380750403677537 2 3 2 0 3 3 1 1
0.8380750403677537 2 3 2 0 3 3 2 2
0.34504447803046756 2 3 2 3 0 0 1 1
0.34504447803046756 2 3 2 3 0 0 2 2
1.926789220013997 2 3 2 3 0 3 1 1
1.926789220013997 2 3 2 3 0 3 2 2
0.001458028032752553 2 3 2 3 1 0 1 0
0.0014580280327525538 2 3 2 3 2 0 2 0
0.40420961185491205 2 3 2 3 3 0 1 1
0.40420961185491205 2 3 2 3 3 0 2 2
-18.98720805080454 2 3 2 3 3 3 1 1
-18.98720805080454 2 3 2 3 3 3 2 2
-3.131779765251661 2 3 3 1 1 0 0 2
0.15327605400439495 2 3 3 1 1 0 3 2
0.1532760540043949 2 3 3 1 1 3 0 2
0.03345184007541831 2 3 3 1 1 3 3 2
3.131779765251661 2 3 3 1 2 0 0 1
-0.15327605400439495 2 3 3 1 2 0 3 1
-0.1532760540043949 2 3 3 1 2 3 0 1
-0.03345184007541831 2 3 3 1 2 3 3 1
9.002127122769604 2 3 3 2 0 0 0 0
-0.25221670466799617 2 3 3 2 0 0 0 3
51.92077193292886 2 3 3 2 0 0 3 0
4.066148753386059 2 3 3 2 0 0 3 3
51.920771932928886 2 3 3 2 0 3 0 0
4.066148753386062 2 3 3 2 0 3 0 3
-827.5791934129239 2 3 3 2 0 3 3 0
12.451912576848208 2 3 3 2 0 3 3 3
0.0014241192335282798 2 3 3 2 1 0 0 1
0.0014241192335282798 2 3 3 2 2 0 0 2
47.77435780465569 2 3 3 2 3 0 0 0
4.364364966098003 2 3 3 2 3 0 0 3
-642.1535204311056 2 3 3 2 3 0 3 0
16.437663547550763 2 3 3 2 3 0 3 3
-642.1535204311058 2 3 3 2 3 3 0 0
16.437663547550773 2 3 3 2 3 3 0 3
-3846.318179250957 2 3 3 2 3 3 3 0
36.69227352439287 2 3 3 2 3 3 3 3
28398.055796223827 3 0 0 0 0 0 0 0
3947.0546826715686 3 0 0 0 0 0 0 3
4919.841086200962 3 0 0 0 0 0 3 0
-212.76605375488134 3 0 0 0 0 0 3 3
4919.84108620096 3 0 0 0 0 3 0 0
-212.76605375488126 3 0 0 0 0 3 0 3
-360.7434664170656 3 0 0 0 0 3 3 0
-50.96522406445485 3 0 0 0 0 3 3 3
-0.06481999948614672 3 0 0 0 1 0 3 1
-0.06481999948614674 3 0 0 0 1 3 0 1
-0.2522167046679961 3 0 0 0 1 3 3 1
-0.06481999948614672 3 0 0 0 2 0 3 2
-0.06481999948614674 3 0 0 0 2 3 0 2
-0.2522167046679961 3 0 0 0 2 3 3 2
5551.571919174954 3 0 0 0 3 0 0 0
-206.3343195278193 3 0 0 0 3 0 0 3
-375.75643934951626 3 0 0 0 3 0 3 0
-48.77635323224647 3 0 0 0 3 0 3 3
-375.7564393495161 3 0 0 0 3 3 0 0
-48.776353232246436 3 0 0 0 3 3 0 3
-65.5210977511526 3 0 0 0 3 3 3 0
2.5863758503057825 3 0 0 0 3 3 3 3
3391.199457751417 3 0 0 3 0 0 0 0
-146.89900198321993 3 0 0 3 0 0 0 3
-201.5471341558652 3 0 0 3 0 0 3 0
-44.354003963583395 3 0 0 3 0 0 3 3
-201.54713415586505 3 0 0 3 0 3 0 0
-44.35400396358339 3 0 0 3 0 3 0 3
-49.86302895670555 3 0 0 3 0 3 3 0
1.909382026704528 3 0 0 3 0 3 3 3
-0.12699417576992095 3 0 0 3 1 0 0 1
-0.6011517420720279 3 0 0 3 1 0 3 1
-0.601151742072028 3 0 0 3 1 3 0 1
9.002127122769604 3 0 0 3 1 3 3 1
-0.12699417576992095 3 0 0 3 2 0 0 2
-0.6011517420720279 3 0 0 3 2 0 3 2
-0.601151742072028 3 0 0 3 2 3 0 2
9.002127122769604 3 0 0 3 2 3 3 2
-206.33431952781922 3 0 0 3 3 0 0 0
-45.35115654534794 3 0 0 3 3 0 0 3
-50.144003267622374 3 0 0 3 3 0 3 0
1.8982016260105798 3 0 0 3 3 0 3 3
-50.14400326762235 3 0 0 3 3 3 0 0
1.8982016260105794 3 0 0 3 3 3 0 3
2.6678972181769645 3 0 0 3 3 3 3 0
0.49137321035209836 3 0 0 3 3 3 3 3
0.01055328257346842 3 0 1 1 0 0 1 1
0.01055328257346842 3 0 1 1 0 0 2 2
0.0019418642446232643 3 0 1 1 0 3 1 1
0.0019418642446232643 3 0 1 1 0 3 2 2
0.0004720125470592516 3 0 1 1 1 3 1 0
0.0004720125470592517 3 0 1 1 2 3 2 0
0.002466157955494269 3 0 1 1 3 0 1 1
0.002466157955494269 3 0 1 1 3 0 2 2
5.4963744876178975 3 0 1 2 0 0 1 2
-5.4963744876178975 3 0 1 2 0 0 2 1
1.013562524123327 3 0 1 2 0 3 1 2
-1.013562524123327 3 0 1 2 0 3 2 1
0.01338915712264705 3 0 1 2 1 0 2 0
0.002560045340526381 3 0 1 2 1 0 2 3
-0.34504447803046756 3 0 1 2 1 3 2 0
0.01031593080433067 3 0 1 2 1 3 2 3
-0.01338915712264705 3 0 1 2 2 0 1 0
-0.002560045340526381 3 0 1 2 2 0 1 3
0.34504447803046756 3 0 1 2 2 3 1 0
-0.01031593080433067 3 0 1 2 2 3 1 3
1.3651838774204115 3 0 1 2 3 0 1 2
-1.3651838774204113 3 0 1 2 3 0 2 1
-0.040760683935591055 3 0 1 2 3 3 1 2
0.040760683935591055 3 0 1 2 3 3 2 1
-5.4963744876178975 3 0 2 1 0 0 1 2
5.496374487617897 3 0 2 1 0 0 2 1
-1.0135625241233273 3 0 2 1 0 3 1 2
1.0135625241233273 3 0 2 1 0 3 2 1
-0.013389157122647051 3 0 2 1 1 0 2 0
-0.0025600453405263813 3 0 2 1 1 0 2 3
0.34504447803046756 3 0 2 1 1 3 2 0
-0.010315930804330669 3 0 2 1 1 3 2 3
0.013389157122647051 3 0 2 1 2 0 1 0
0.0025600453405263813 3 0 2 1 2 0 1 3
-0.34504447803046756 3 0 2 1 2 3 1 0
0.010315930804330669 3 0 2 1 2 3 1 3
-1.365183877420411 3 0 2 1 3 0 1 2
1.365183877420411 3 0 2 1 3 0 2 1
0.040760683935591055 3 0 2 1 3 3 1 2
-0.040760683935591055 3 0 2 1 3 3 2 1
0.01055328257346842 3 0 2 2 0 0 1 1
0.010553282573468423 3 0 2 2 0 0 2 2
0.0019418642446232643 3 0 2 2 0 3 1 1
0.0019418642446232643 3 0 2 2 0 3 2 2
0.0004720125470592516 3 0 2 2 1 3 1 0
0.0004720125470592516 3 0 2 2 2 3 2 0
0.002466157955494267 3 0 2 2 3 0 1 1
0.002466157955494268 3 0 2 2 3 0 2 2
4442.54253137753 3 0 3 0 0 0 0 0
-215.52734387669102 3 0 3 0 0 0 0 3
-375.417476538772 3 0 3 0 0 0 3 0
-53.97613596754774 3 0 3 0 0 0 3 3
-358.79427522799955 3 0 3 0 0 3 0 0
-51.61567183120901 3 0 3 0 0 3 0 3
-70.11582019957575 3 0 3 0 0 3 3 0
2.8111348199435326 3 0 3 0 0 3 3 3
-0.06738004482667309 3 0 3 0 1 0 0 1
-0.2675742313257651 3 0 3 0 1 0 3 1
-0.2642131674234729 3 0 3 0 1 3 0 1
4.06614875338606 3 0 3 0 1 3 3 1
-0.06738004482667309 3 0 3 0 2 0 0 2
-0.2675742313257651 3 0 3 0 2 0 3 2
-0.2642131674234729 3 0 3 0 2 3 0 2
4.06614875338606 3 0 3 0 2 3 3 2
-375.7564393495164 3 0 3 0 3 0 0 0
-50.144003267622374 3 0 3 0 3 0 0 3
-71.21601073018141 3 0 3 0 3 0 3 0
2.7203318555228235 3 0 3 0 3 0 3 3
-67.42062948676767 3 0 3 0 3 3 0 0
2.65820164133519 3 0 3 0 3 3 0 3
4.372203121325499 3 0 3 0 3 3 3 0
0.6278847542794036 3 0 3 0 3 3 3 3
-193.2945687372921 3 0 3 3 0 0 0 0
-42.52280156150022 3 0 3 3 0 0 0 3
-50.268726552217174 3 0 3 3 0 0 3 0
1.9460435786266108 3 0 3 3 0 0 3 3
-48.23140346652451 3 0 3 3 0 3 0 0
1.9016716684707655 3 0 3 3 0 3 0 3
2.6956937859943486 3 0 3 3 0 3 3 0
0.5277384082159844 3 0 3 3 0 3 3 3
-0.6145408991946749 3 0 3 3 1 0 0 1
10.086864285978535 3 0 3 3 1 0 3 1
9.594162885297171 3 0 3 3 1 3 0 1
51.92077193292884 3 0 3 3 1 3 3 1
-0.6145408991946749 3 0 3 3 2 0 0 2
10.086864285978535 3 0 3 3 2 0 3 2
9.594162885297171 3 0 3 3 2 3 0 2
51.920771932928844 3 0 3 3 2 3 3 2
-48.776353232246464 3 0 3 3 3 0 0 0
1.8982016260105798 3 0 3 3 3 0 0 3
2.7203318555228226 3 0 3 3 3 0 3 0
0.5136663006764657 3 0 3 3 3 0 3 3
2.6582016413351894 3 0 3 3 3 3 0 0
0.4988042404602208 3 0 3 3 3 3 0 3
0.6366651960171713 3 0 3 3 3 3 3 0
0.010553282573468402 3 1 0 1 0 1 0 1
0.0019418642446232634 3 1 0 1 0 1 3 1
0.010553282573468402 3 1 0 1 0 2 0 2
0.0019418642446232634 3 1 0 1 0 2 3 2
0.0004720125470592511 3 1 0 1 1 1 3 0
0.0004720125470592511 3 1 0 1 2 2 3 0
0.0024661579554942636 3 1 0 1 3 1 0 1
0.0024661579554942636 3 1 0 1 3 2 0 2
5.4963744876178975 3 1 0 2 0 1 0 2
1.0135625241233275 3 1 0 2 0 1 3 2
-5.4963744876178975 3 1 0 2 0 2 0 1
-1.0135625241233275 3 1 0 2 0 2 3 1
0.013389157122647058 3 1 0 2 1 2 0 0
0.002560045340526382 3 1 0 2 1 2 0 3
-0.3450444780304675 3 1 0 2 1 2 3 0
0.01031593080433067 3 1 0 2 1 2 3 3
-0.013389157122647058 3 1 0 2 2 1 0 0
-0.0025600453405263818 3 1 0 2 2 1 0 3
0.3450444780304675 3 1 0 2 2 1 3 0
-0.01031593080433067 3 1 0 2 2 1 3 3
1.365183877420411 3 1 0 2 3 1 0 2
-0.04076068393559107 3 1 0 2 3 1 3 2
-1.365183877420411 3 1 0 2 3 2 0 1
0.04076068393559107 3 1 0 2 3 2 3 1
0.007274247519125008 3 1 1 0 0 1 1 0
0.001081228205964323 3 1 1 0 0 1 1 3
0.007274247519125008 3 1 1 0 0 2 2 0
0.001081228205964322 3 1 1 0 0 2 2 3
0.0018411139081820544 3 1 1 0 3 1 1 0
0.0018411139081820544 3 1 1 0 3 2 2 0
0.0009689538914739096 3 1 1 3 0 1 1 0
0.0009689538914739096 3 1 1 3 0 2 2 0
-0.00020250114834276386 3 1 1 3 1 1 1 1
-3.392953898620401e-05 3 1 1 3 1 1 2 2
-3.392953898620401e-05 3 1 1 3 1 2 1 2
-0.0001346420703703554 3 1 1 3 1 2 2 1
-0.0001346420703703554 3 1 1 3 2 1 1 2
-3.392953898620401e-05 3 1 1 3 2 1 2 1
-3.392953898620401e-05 3 1 1 3 2 2 1 1
-0.00020250114834276386 3 1 1 3 2 2 2 2
8.311600655386192 3 1 2 0 0 1 2 0
1.1802320681693648 3 1 2 0 0 1 2 3
-8.311600655386192 3 1 2 0 0 2 1 0
-1.1802320681693648 3 1 2 0 0 2 1 3
0.0016805319511461305 3 1 2 0 1 1 2 1
-0.0016805319511461305 3 1 2 0 1 2 1 1
0.0016805319511461305 3 1 2 0 2 1 2 2
-0.0016805319511461305 3 1 2 0 2 2 1 2
1.8976906217068752 3 1 2 0 3 1 2 0
-0.03106510709381611 3 1 2 0 3 1 2 3
-1.8976906217068752 3 1 2 0 3 2 1 0
0.03106510709381611 3 1 2 0 3 2 1 3
1.018661542846316 3 1 2 3 0 1 2 0
-0.022185955077922398 3 1 2 3 0 1 2 3
-1.018661542846316 3 1 2 3 0 2 1 0
0.022185955077922398 3 1 2 3 0 2 1 3
-0.24635070034068549 3 1 2 3 1 1 2 1
0.24635070034068549 3 1 2 3 1 2 1 1
-0.24635070034068549 3 1 2 3 2 1 2 2
0.24635070034068549 3 1 2 3 2 2 1 2
-0.031065107093816102 3 1 2 3 3 1 2 0
-0.0074310301081224415 3 1 2 3 3 1 2 3
0.031065107093816102 3 1 2 3 3 2 1 0
0.0074310301081224415 3 1 2 3 3 2 1 3
0.0018256152469122038 3 1 3 1 0 1 0 1
0.0018256152469122038 3 1 3 1 0 2 0 2
0.0005059420860454546 3 1 3 1 1 1 0 0
0.002918094892834334 3 1 3 1 1 1 3 0
0.0005667472061311645 3 1 3 1 1 1 3 3
0.0005059420860454546 3 1 3 1 2 2 0 0
0.0029180948928343342 3 1 3 1 2 2 3 0
0.0005667472061311643 3 1 3 1 2 2 3 3
0.9242970925592997 3 1 3 2 0 1 0 2
-0.03783502005521072 3 1 3 2 0 1 3 2
-0.9242970925592997 3 1 3 2 0 2 0 1
0.03783502005521072 3 1 3 2 0 2 3 1
-0.3450105484914816 3 1 3 2 1 2 0 0
0.01031593080433067 3 1 3 2 1 2 0 3
-1.9267892200139964 3 1 3 2 1 2 3 0
-0.23094018414865825 3 1 3 2 1 2 3 3
0.3450105484914816 3 1 3 2 2 1 0 0
-0.01031593080433067 3 1 3 2 2 1 0 3
1.9267892200139964 3 1 3 2 2 1 3 0
0.23094018414865825 3 1 3 2 2 1 3 3
-0.04076068393559107 3 1 3 2 3 1 0 2
-0.00878044173776772 3 1 3 2 3 1 3 2
0.04076068393559107 3 1 3 2 3 2 0 1
0.008780441737767718 3 1 3 2 3 2 3 1
-5.496374487617897 3 2 0 1 0 1 0 2
-1.0135625241233275 3 2 0 1 0 1 3 2
5.496374487617897 3 2 0 1 0 2 0 1
1.0135625241233275 3 2 0 1 0 2 3 1
-0.013389157122647058 3 2 0 1 1 2 0 0
-0.0025600453405263818 3 2 0 1 1 2 0 3
0.3450444780304675 3 2 0 1 1 2 3 0
-0.01031593080433067 3 2 0 1 1 2 3 3
0.013389157122647058 3 2 0 1 2 1 0 0
0.0025600453405263818 3 2 0 1 2 1 0 3
-0.3450444780304675 3 2 0 1 2 1 3 0
0.01031593080433067 3 2 0 1 2 1 3 3
-1.3651838774204108 3 2 0 1 3 1 0 2
0.04076068393559107 3 2 0 1 3 1 3 2
1.3651838774204108 3 2 0 1 3 2 0 1
-0.04076068393559107 3 2 0 1 3 2 3 1
0.010553282573468402 3 2 0 2 0 1 0 1
0.0019418642446232634 3 2 0 2 0 1 3 1
0.010553282573468402 3 2 0 2 0 2 0 2
0.0019418642446232634 3 2 0 2 0 2 3 2
0.0004720125470592511 3 2 0 2 1 1 3 0
0.0004720125470592511 3 2 0 2 2 2 3 0
0.0024661579554942636 3 2 0 2 3 1 0 1
0.0024661579554942645 3 2 0 2 3 2 0 2
-8.311600655386192 3 2 1 0 0 1 2 0
-1.1802320681693648 3 2 1 0 0 1 2 3
8.311600655386192 3 2 1 0 0 2 1 0
1.180232068169365 3 2 1 0 0 2 1 3
-0.0016805319511461303 3 2 1 0 1 1 2 1
0.0016805319511461305 3 2 1 0 1 2 1 1
-0.0016805319511461305 3 2 1 0 2 1 2 2
0.0016805319511461303 3 2 1 0 2 2 1 2
-1.8976906217068752 3 2 1 0 3 1 2 0
0.03106510709381611 3 2 1 0 3 1 2 3
1.8976906217068752 3 2 1 0 3 2 1 0
-0.03106510709381611 3 2 1 0 3 2 1 3
-1.018661542846316 3 2 1 3 0 1 2 0
0.022185955077922398 3 2 1 3 0 1 2 3
1.018661542846316 3 2 1 3 0 2 1 0
-0.022185955077922398 3 2 1 3 0 2 1 3
0.24635070034068549 3 2 1 3 1 1 2 1
-0.24635070034068549 3 2 1 3 1 2 1 1
0.24635070034068549 3 2 1 3 2 1 2 2
-0.24635070034068549 3 2 1 3 2 2 1 2
0.031065107093816102 3 2 1 3 3 1 2 0
0.0074310301081224415 3 2 1 3 3 1 2 3
-0.031065107093816102 3 2 1 3 3 2 1 0
-0.0074310301081224415 3 2 1 3 3 2 1 3
0.0072742475191250044 3 2 2 0 0 1 1 0
0.001081228205964322 3 2 2 0 0 1 1 3
0.0072742475191250044 3 2 2 0 0 2 2 0
0.001081228205964322 3 2 2 0 0 2 2 3
0.001841113908182051 3 2 2 0 3 1 1 0
0.001841113908182051 3 2 2 0 3 2 2 0
0.0009689538914739096 3 2 2 3 0 1 1 0
0.0009689538914739095 3 2 2 3 0 2 2 0
-0.00020250114834276386 3 2 2 3 1 1 1 1
-3.392953898620403e-05 3 2 2 3 1 1 2 2
-3.392953898620405e-05 3 2 2 3 1 2 1 2
-0.0001346420703703554 3 2 2 3 1 2 2 1
-0.00013464207037035562 3 2 2 3 2 1 1 2
-3.392953898620405e-05 3 2 2 3 2 1 2 1
-3.392953898620402e-05 3 2 2 3 2 2 1 1
-0.00020250114834276364 3 2 2 3 2 2 2 2
-0.9242970925592997 3 2 3 1 0 1 0 2
0.03783502005521072 3 2 3 1 0 1 3 2
0.9242970925592997 3 2 3 1 0 2 0 1
-0.03783502005521072 3 2 3 1 0 2 3 1
0.3450105484914816 3 2 3 1 1 2 0 0
-0.010315930804330669 3 2 3 1 1 2 0 3
1.9267892200139964 3 2 3 1 1 2 3 0
0.23094018414865822 3 2 3 1 1 2 3 3
-0.34501054849148166 3 2 3 1 2 1 0 0
0.010315930804330669 3 2 3 1 2 1 0 3
-1.9267892200139964 3 2 3 1 2 1 3 0
-0.23094018414865822 3 2 3 1 2 1 3 3
0.04076068393559107 3 2 3 1 3 1 0 2
0.008780441737767722 3 2 3 1 3 1 3 2
-0.04076068393559107 3 2 3 1 3 2 0 1
-0.008780441737767722 3 2 3 1 3 2 3 1
0.0018256152469122043 3 2 3 2 0 1 0 1
0.0018256152469122043 3 2 3 2 0 2 0 2
0.0005059420860454548 3 2 3 2 1 1 0 0
0.002918094892834334 3 2 3 2 1 1 3 0
0.0005667472061311645 3 2 3 2 1 1 3 3
0.0005059420860454547 3 2 3 2 2 2 0 0
0.002918094892834334 3 2 3 2 2 2 3 0
0.0005667472061311645 3 2 3 2 2 2 3 3
4442.5425313775295 3 3 0 0 0 0 0 0
-215.52734387669088 3 3 0 0 0 0 0 3
-358.79427522799944 3 3 0 0 0 0 3 0
-51.615671831209006 3 3 0 0 0 0 3 3
-375.41747653877155 3 3 0 0 0 3 0 0
-53.976135967547705 3 3 0 0 0 3 0 3
-70.11582019957572 3 3 0 0 0 3 3 0
2.8111348199435318 3 3 0 0 0 3 3 3
-0.0673800448266731 3 3 0 0 1 0 0 1
-0.26421316742347295 3 3 0 0 1 0 3 1
-0.2675742313257653 3 3 0 0 1 3 0 1
4.066148753386062 3 3 0 0 1 3 3 1
-0.0673800448266731 3 3 0 0 2 0 0 2
-0.26421316742347295 3 3 0 0 2 0 3 2
-0.2675742313257653 3 3 0 0 2 3 0 2
4.066148753386062 3 3 0 0 2 3 3 2
-375.7564393495161 3 3 0 0 3 0 0 0
-50.14400326762235 3 3 0 0 3 0 0 3
-67.42062948676767 3 3 0 0 3 0 3 0
2.658201641335189 3 3 0 0 3 0 3 3
-71.21601073018135 3 3 0 0 3 3 0 0
2.7203318555228204 3 3 0 0 3 3 0 3
4.372203121325497 3 3 0 0 3 3 3 0
0.6278847542794034 3 3 0 0 3 3 3 3
-193.294568737292 3 3 0 3 0 0 0 0
-42.5228015615002 3 3 0 3 0 0 0 3
-48.23140346652452 3 3 0 3 0 0 3 0
1.901671668470765 3 3 0 3 0 0 3 3
-50.26872655221715 3 3 0 3 0 3 0 0
1.9460435786266095 3 3 0 3 0 3 0 3
2.6956937859943473 3 3 0 3 0 3 3 0
0.5277384082159844 3 3 0 3 0 3 3 3
-0.6145408991946752 3 3 0 3 1 0 0 1
9.594162885297171 3 3 0 3 1 0 3 1
10.086864285978544 3 3 0 3 1 3 0 1
51.92077193292888 3 3 0 3 1 3 3 1
-0.6145408991946752 3 3 0 3 2 0 0 2
9.594162885297171 3 3 0 3 2 0 3 2
10.086864285978544 3 3 0 3 2 3 0 2
51.92077193292888 3 3 0 3 2 3 3 2
-48.77635323224644 3 3 0 3 3 0 0 0
1.898201626010579 3 3 0 3 3 0 0 3
2.658201641335189 3 3 0 3 3 0 3 0
0.4988042404602207 3 3 0 3 3 0 3 3
2.72033185552282 3 3 0 3 3 3 0 0
0.5136663006764653 3 3 0 3 3 3 0 3
0.6366651960171711 3 3 0 3 3 3 3 0
0.001825615246912205 3 3 1 1 0 0 1 1
0.001825615246912205 3 3 1 1 0 0 2 2
0.0005059420860454555 3 3 1 1 1 0 1 0
0.00291809489283434 3 3 1 1 1 3 1 0
0.0005667472061311656 3 3 1 1 1 3 1 3
0.0005059420860454554 3 3 1 1 2 0 2 0
0.00291809489283434 3 3 1 1 2 3 2 0
0.0005667472061311653 3 3 1 1 2 3 2 3
0.9242970925592996 3 3 1 2 0 0 1 2
-0.9242970925592996 3 3 1 2 0 0 2 1
-0.03783502005521069 3 3 1 2 0 3 1 2
0.03783502005521069 3 3 1 2 0 3 2 1
-0.3450105484914816 3 3 1 2 1 0 2 0
0.01031593080433067 3 3 1 2 1 0 2 3
-1.9267892200139973 3 3 1 2 1 3 2 0
-0.2309401841486584 3 3 1 2 1 3 2 3
0.3450105484914816 3 3 1 2 2 0 1 0
-0.01031593080433067 3 3 1 2 2 0 1 3
1.926789220013997 3 3 1 2 2 3 1 0
0.2309401841486584 3 3 1 2 2 3 1 3
-0.04076068393559105 3 3 1 2 3 0 1 2
0.04076068393559105 3 3 1 2 3 0 2 1
-0.008780441737767715 3 3 1 2 3 3 1 2
0.008780441737767715 3 3 1 2 3 3 2 1
-0.9242970925592996 3 3 2 1 0 0 1 2
0.9242970925592996 3 3 2 1 0 0 2 1
0.03783502005521069 3 3 2 1 0 3 1 2
-0.03783502005521069 3 3 2 1 0 3 2 1
0.3450105484914816 3 3 2 1 1 0 2 0
-0.010315930804330669 3 3 2 1 1 0 2 3
1.9267892200139976 3 3 2 1 1 3 2 0
0.2309401841486584 3 3 2 1 1 3 2 3
-0.3450105484914816 3 3 2 1 2 0 1 0
0.010315930804330669 3 3 2 1 2 0 1 3
-1.9267892200139973 3 3 2 1 2 3 1 0
-0.2309401841486584 3 3 2 1 2 3 1 3
0.04076068393559105 3 3 2 1 3 0 1 2
-0.04076068393559105 3 3 2 1 3 0 2 1
0.008780441737767717 3 3 2 1 3 3 1 2
-0.008780441737767717 3 3 2 1 3 3 2 1
0.001825615246912205 3 3 2 2 0 0 1 1
0.001825615246912205 3 3 2 2 0 0 2 2
0.0005059420860454554 3 3 2 2 1 0 1 0
0.0029180948928343407 3 3 2 2 1 3 1 0
0.0005667472061311653 3 3 2 2 1 3 1 3
0.0005059420860454554 3 3 2 2 2 0 2 0
0.0029180948928343407 3 3 2 2 2 3 2 0
0.0005667472061311651 3 3 2 2 2 3 2 3
-340.2073342331227 3 3 3 0 0 0 0 0
-49.72472964408902 3 3 3 0 0 0 0 3
-67.57792228546053 3 3 3 0 0 0 3 0
2.8060261945085276 3 3 3 0 0 0 3 3
-67.5779222854605 3 3 3 0 0 3 0 0
2.806026194508526 3 3 3 0 0 3 0 3
4.437538269412057 3 3 3 0 0 3 3 0
0.6842684240712434 3 3 3 0 0 3 3 3
-0.2728485662766575 3 3 3 0 1 0 0 1
4.2976556847408505 3 3 3 0 1 0 3 1
4.297655684740851 3 3 3 0 1 3 0 1
12.4519125768482 3 3 3 0 1 3 3 1
-0.2728485662766575 3 3 3 0 2 0 0 2
4.2976556847408505 3 3 3 0 2 0 3 2
4.297655684740852 3 3 3 0 2 3 0 2
12.4519125768482 3 3 3 0 2 3 3 2
-65.52109775115262 3 3 3 0 3 0 0 0
2.6678972181769645 3 3 3 0 3 0 0 3
4.372203121325499 3 3 3 0 3 0 3 0
0.6366651960171713 3 3 3 0 3 0 3 3
4.372203121325496 3 3 3 0 3 3 0 0
0.6366651960171711 3 3 3 0 3 3 0 3
0.9105644611313766 3 3 3 0 3 3 3 0
-44.73928034399135 3 3 3 3 0 0 0 0
1.8495894000811577 3 3 3 3 0 0 0 3
2.6149151204489205 3 3 3 3 0 0 3 0
0.5169277814477446 3 3 3 3 0 0 3 3
2.6149151204489205 3 3 3 3 0 3 0 0
0.5169277814477445 3 3 3 3 0 3 0 3
0.6508165839958251 3 3 3 3 0 3 3 0
9.693160103924654 3 3 3 3 1 0 0 1
53.85047924783569 3 3 3 3 1 0 3 1
53.85047924783573 3 3 3 3 1 3 0 1
-827.579193412924 3 3 3 3 1 3 3 1
9.693160103924658 3 3 3 3 2 0 0 2
53.85047924783569 3 3 3 3 2 0 3 2
53.85047924783573 3 3 3 3 2 3 0 2
-827.579193412924 3 3 3 3 2 3 3 2
2.586375850305782 3 3 3 3 3 0 0 0
0.4913732103520984 3 3 3 3 3 0 0 3
0.6278847542794035 3 3 3 3 3 0 3 0
0.6278847542794034 3 3 3 3 3 3 0 0
