-6.981705755320154 0 0 0 0 0 0
0.011733624356732517 1 1 0 0 0 0
0.0027757464116738295 1 1 3 3 0 0
0.0021111378893872304 1 1 3 3 1 1
0.0021111378893872304 1 1 3 3 2 2
-4.16381261324969e-05 1 1 0 3 0 0
-0.0015406702306988507 1 1 0 3 3 0
0.010540187792827487 1 1 0 3 0 3
0.008373361677373766 1 2 3 1 3 2
-0.008373361677373766 1 2 3 2 3 1
-0.0030346570241676796 1 2 0 1 2 0
0.0030346570241676796 1 2 0 2 1 0
0.002367936710371764 1 3 1 3 0 0
-0.004788969401719127 1 3 1 3 3 0
-0.03511677027415657 1 3 1 3 3 3
-0.033058728402954415 1 3 1 0 3 0
0.007764441381153658 1 3 2 3 1 2
-0.007764441381153658 1 3 2 3 2 1
0.008373361677373766 1 0 1 1 1 0
0.008373361677373766 1 0 1 2 2 0
0.004479074599758995 1 0 1 3 3 0
-0.03073832705678359 1 0 2 1 0 2
0.03073832705678359 1 0 2 2 0 1
-0.008373361677373766 2 1 3 1 3 2
0.008373361677373766 2 1 3 2 3 1
0.0030346570241676796 2 1 0 1 2 0
-0.0030346570241676796 2 1 0 2 1 0
0.011733624356732517 2 2 0 0 0 0
0.0027757464116738295 2 2 3 3 0 0
0.0021111378893872304 2 2 3 3 1 1
0.0021111378893872304 2 2 3 3 2 2
-4.16381261324969e-05 2 2 0 3 0 0
-0.0015406702306988507 2 2 0 3 3 0
0.010540187792827487 2 2 0 3 0 3
-0.007764441381153658 2 3 1 3 1 2
0.007764441381153658 2 3 1 3 2 1
0.002367936710371764 2 3 2 3 0 0
-0.004788969401719127 2 3 2 3 3 0
-0.03511677027415657 2 3 2 3 3 3
-0.033058728402954415 2 3 2 0 3 0
0.03073832705678359 2 0 1 1 0 2
-0.03073832705678359 2 0 1 2 0 1
0.008373361677373766 2 0 2 1 1 0
0.008373361677373766 2 0 2 2 2 0
0.004479074599758995 2 0 2 3 3 0
-0.03786674614772528 3 0 0 0 0 0
0.004360552566754413 3 1 1 0 3 0
0.004360552566754413 3 2 2 0 3 0
0.053621410731062295 3 3 0 0 0 0
-0.03305872840295442 3 3 3 1 3 1
-0.03305872840295442 3 3 3 2 3 2
0.011733624356732517 3 3 0 1 1 0
0.011733624356732517 3 3 0 2 2 0
0.08360121962493197 3 0 3 0 0 0
0.012733914244128178 3 0 3 0 1 1
0.012733914244128178 3 0 3 0 2 2
0.12357087199862886 3 0 0 3 0 0
0.05665606775522998 3 0 0 0 3 0
0.11433954668171556 3 0 0 0 0 3
-0.009012042795560341 0 1 1 0 0 0
0.007764441381153656 0 1 1 1 0 1
0.007764441381153656 0 1 1 2 0 2
0.012733914244128178 0 1 1 3 3 0
0.015217101058037148 0 1 1 0 3 0
0.01088940798610364 0 1 1 0 3 3
-0.0021111378893872304 0 1 2 1 2 0
0.0021111378893872304 0 1 2 2 1 0
-0.006575745051514604 0 1 2 0 1 2
0.006575745051514604 0 1 2 0 2 1
0.0021111378893872304 0 2 1 1 2 0
-0.0021111378893872304 0 2 1 2 1 0
0.006575745051514604 0 2 1 0 1 2
-0.006575745051514604 0 2 1 0 2 1
-0.009012042795560341 0 2 2 0 0 0
0.007764441381153656 0 2 2 1 0 1
0.007764441381153656 0 2 2 2 0 2
0.012733914244128178 0 2 2 3 3 0
0.015217101058037148 0 2 2 0 3 0
0.01088940798610364 0 2 2 0 3 3
-0.12835812045735376 0 3 0 0 0 0
0.05392986081216249 0 3 3 0 0 0
0.010540187792827487 0 3 3 1 1 0
-0.0047889694017191325 0 3 3 1 3 1
0.004479074599758995 0 3 3 1 0 1
0.010540187792827487 0 3 3 2 2 0
-0.0047889694017191325 0 3 3 2 3 2
0.004479074599758995 0 3 3 2 0 2
-0.009012042795560341 0 3 3 0 1 1
-0.009012042795560341 0 3 3 0 2 2
-4.163812613249712e-05 0 3 0 1 1 0
0.0027757464116738295 0 3 0 1 1 3
-0.03511677027415657 0 3 0 1 3 1
-4.163812613249712e-05 0 3 0 2 2 0
0.0027757464116738295 0 3 0 2 2 3
-0.03511677027415657 0 3 0 2 3 2
0.05665606775522998 0 3 0 3 0 0
0.084703917933599 0 3 0 0 3 0
0.060505605863677106 0 3 0 0 0 3
-0.31773499309589776 0 0 3 0 0 0
0.002367936710371764 0 0 3 1 3 1
0.002367936710371764 0 0 3 2 3 2
0.11433954668171556 0 0 3 3 0 0
0.004360552566754413 0 0 3 3 1 1
0.004360552566754413 0 0 3 3 2 2
0.015217101058037162 0 0 3 0 1 1
0.015217101058037162 0 0 3 0 2 2
0.060505605863677106 0 0 3 0 3 0
0.11409163489805974 0 0 3 0 0 3
-0.0015406702306988507 0 0 0 1 1 0
-0.0015406702306988507 0 0 0 2 2 0
-0.03786674614772528 0 0 0 3 0 0
0.053621410731062295 0 0 0 3 3 0
0.08360121962493197 0 0 0 3 0 3
0.01088940798610364 0 0 0 0 1 1
0.01088940798610364 0 0 0 0 2 2
-0.12835812045735376 0 0 0 0 3 0
0.05392986081216249 0 0 0 0 3 3
-0.3177349930958978 0 0 0 0 0 3
