-5085.613793003636 0 0 0 0 0 0 0 0 0 0 0 0
0.0110674371457078 1 1 1 1 0 0 3 0 3 0 0 0
-0.0200920216292045 1 1 2 2 0 0 3 0 3 0 0 0
-0.014822959111997634 1 1 3 0 0 0 3 0 0 0 0 0
0.014822959111997635 1 1 0 3 0 0 3 0 0 0 0 0
0.0011651359876671105 1 1 0 3 0 0 3 0 1 1 0 0
0.0011651359876671105 1 1 0 3 0 0 3 0 2 2 0 0
0.003827492143641537 1 1 0 0 0 0 3 0 3 0 0 0
-0.0038274921436415475 1 1 0 0 0 0 3 0 0 3 0 0
0.031159458774912305 1 2 2 1 0 0 3 0 3 0 0 0
-0.003953079982044591 1 2 0 0 0 0 1 2 0 0 0 0
0.003953079982044591 1 2 0 0 0 0 2 1 0 0 0 0
-0.023823734673957958 1 3 1 0 1 1 3 3 0 0 3 0
-0.023573591896798883 1 3 1 0 2 2 3 3 0 0 3 0
-0.02674064708821782 1 3 1 0 0 3 3 3 0 0 1 1
-0.02674064708821782 1 3 1 0 0 3 3 3 0 0 2 2
-0.02125715761687161 1 3 2 3 0 0 3 1 3 2 0 0
0.02125715761687161 1 3 2 3 0 0 3 2 3 1 0 0
-0.00025014277715907843 1 3 2 0 2 1 3 3 0 0 3 0
0.01865045125563917 1 3 2 0 0 0 3 1 2 0 0 0
-0.01865045125563917 1 3 2 0 0 0 3 2 1 0 0 0
-0.01765087884093263 1 3 3 1 1 1 3 3 3 0 3 0
-0.017465549382180905 1 3 3 1 2 2 3 3 3 0 3 0
-0.01981200379964841 1 3 3 1 0 3 3 3 3 0 1 1
-0.01981200379964841 1 3 3 1 0 3 3 3 3 0 2 2
-0.00018532945875172397 1 3 3 2 2 1 3 3 3 0 3 0
0.0023464544174675007 1 3 3 3 2 3 3 3 3 1 3 2
-0.0023464544174675007 1 3 3 3 2 3 3 3 3 2 3 1
0.0021611249587157773 1 3 3 3 0 1 3 3 3 1 1 0
0.0021611249587157773 1 3 3 3 0 1 3 3 3 2 2 0
0.003167055191418935 1 3 3 0 2 3 3 3 1 0 3 2
-0.003167055191418935 1 3 3 0 2 3 3 3 2 0 3 1
0.0029169124142598567 1 3 3 0 0 1 3 3 1 0 1 0
0.0029169124142598567 1 3 3 0 0 1 3 3 2 0 2 0
0.009902301158040694 1 3 0 1 0 0 3 1 1 0 0 0
0.009902301158040694 1 3 0 1 0 0 3 2 2 0 0 0
-0.018650451255639185 1 3 0 2 0 0 3 1 0 2 0 0
0.018650451255639185 1 3 0 2 0 0 3 2 0 1 0 0
-0.018650451255639158 1 0 2 3 0 0 1 0 3 2 0 0
0.018650451255639158 1 0 2 3 0 0 2 0 3 1 0 0
-0.029088596412501885 1 0 2 0 0 0 1 0 2 0 0 0
0.029088596412501885 1 0 2 0 0 0 2 0 1 0 0 0
-0.018650451255639158 1 0 0 1 0 0 1 0 1 0 0 0
-0.018650451255639158 1 0 0 1 0 0 2 0 2 0 0 0
-0.01773373995367099 1 0 0 2 0 0 1 0 0 2 0 0
0.01773373995367099 1 0 0 2 0 0 2 0 0 1 0 0
-0.004137889001654228 1 0 0 0 2 0 1 0 0 0 2 0
0.004137889001654228 1 0 0 0 2 0 2 0 0 0 1 0
-0.004062387361882574 1 0 0 0 0 2 1 0 0 0 0 2
0.004062387361882574 1 0 0 0 0 2 2 0 0 0 0 1
0.031159458774912305 2 1 1 2 0 0 3 0 3 0 0 0
0.003953079982044591 2 1 0 0 0 0 1 2 0 0 0 0
-0.003953079982044591 2 1 0 0 0 0 2 1 0 0 0 0
-0.0200920216292045 2 2 1 1 0 0 3 0 3 0 0 0
0.0110674371457078 2 2 2 2 0 0 3 0 3 0 0 0
-0.014822959111997634 2 2 3 0 0 0 3 0 0 0 0 0
0.014822959111997635 2 2 0 3 0 0 3 0 0 0 0 0
0.0011651359876671105 2 2 0 3 0 0 3 0 1 1 0 0
0.0011651359876671105 2 2 0 3 0 0 3 0 2 2 0 0
0.003827492143641537 2 2 0 0 0 0 3 0 3 0 0 0
-0.0038274921436415475 2 2 0 0 0 0 3 0 0 3 0 0
0.02125715761687161 2 3 1 3 0 0 3 1 3 2 0 0
-0.02125715761687161 2 3 1 3 0 0 3 2 3 1 0 0
-0.00025014277715907843 2 3 1 0 1 2 3 3 0 0 3 0
-0.01865045125563917 2 3 1 0 0 0 3 1 2 0 0 0
0.01865045125563917 2 3 1 0 0 0 3 2 1 0 0 0
-0.023573591896798883 2 3 2 0 1 1 3 3 0 0 3 0
-0.023823734673957958 2 3 2 0 2 2 3 3 0 0 3 0
-0.02674064708821782 2 3 2 0 0 3 3 3 0 0 1 1
-0.02674064708821782 2 3 2 0 0 3 3 3 0 0 2 2
-0.00018532945875172397 2 3 3 1 1 2 3 3 3 0 3 0
-0.017465549382180905 2 3 3 2 1 1 3 3 3 0 3 0
-0.01765087884093263 2 3 3 2 2 2 3 3 3 0 3 0
-0.01981200379964841 2 3 3 2 0 3 3 3 3 0 1 1
-0.01981200379964841 2 3 3 2 0 3 3 3 3 0 2 2
-0.0023464544174675007 2 3 3 3 1 3 3 3 3 1 3 2
0.0023464544174675007 2 3 3 3 1 3 3 3 3 2 3 1
0.0021611249587157773 2 3 3 3 0 2 3 3 3 1 1 0
0.0021611249587157773 2 3 3 3 0 2 3 3 3 2 2 0
-0.003167055191418935 2 3 3 0 1 3 3 3 1 0 3 2
0.003167055191418935 2 3 3 0 1 3 3 3 2 0 3 1
0.0029169124142598567 2 3 3 0 0 2 3 3 1 0 1 0
0.0029169124142598567 2 3 3 0 0 2 3 3 2 0 2 0
0.018650451255639185 2 3 0 1 0 0 3 1 0 2 0 0
-0.018650451255639185 2 3 0 1 0 0 3 2 0 1 0 0
0.009902301158040694 2 3 0 2 0 0 3 1 1 0 0 0
0.009902301158040694 2 3 0 2 0 0 3 2 2 0 0 0
0.018650451255639158 2 0 1 3 0 0 1 0 3 2 0 0
-0.018650451255639158 2 0 1 3 0 0 2 0 3 1 0 0
0.029088596412501885 2 0 1 0 0 0 1 0 2 0 0 0
-0.029088596412501885 2 0 1 0 0 0 2 0 1 0 0 0
0.01773373995367099 2 0 0 1 0 0 1 0 0 2 0 0
-0.01773373995367099 2 0 0 1 0 0 2 0 0 1 0 0
-0.018650451255639158 2 0 0 2 0 0 1 0 1 0 0 0
-0.018650451255639158 2 0 0 2 0 0 2 0 2 0 0 0
0.004137889001654228 2 0 0 0 1 0 1 0 0 0 2 0
-0.004137889001654228 2 0 0 0 1 0 2 0 0 0 1 0
0.004062387361882574 2 0 0 0 0 1 1 0 0 0 0 2
-0.004062387361882574 2 0 0 0 0 1 2 0 0 0 0 1
0.6839742195977302 3 0 0 0 0 0 0 0 0 0 0 0
0.07293877967868816 3 3 0 0 0 0 0 0 0 0 0 0
0.014822959111997634 3 0 1 1 0 0 0 0 3 0 0 0
0.014822959111997634 3 0 2 2 0 0 0 0 3 0 0 0
0.05307653650868596 3 0 3 0 0 0 0 0 0 0 0 0
0.0621011209921827 3 0 0 3 0 0 0 0 0 0 0 0
-0.0038274921436415223 3 0 0 3 0 0 0 0 1 1 0 0
-0.0038274921436415223 3 0 0 3 0 0 0 0 2 2 0 0
0.07339422534173666 3 0 0 0 3 0 0 0 0 0 0 0
0.07542769194180232 3 0 0 0 0 3 0 0 0 0 0 0
0.08479801962482188 3 0 0 0 0 0 3 0 0 0 0 0
0.07689185966073275 3 0 0 0 0 0 0 3 0 0 0 0
0.08216513292118785 3 0 0 0 0 0 0 0 3 0 0 0
0.07983486094585368 3 0 0 0 0 0 0 0 0 3 0 0
0.07753211434339088 3 0 0 0 0 0 0 0 0 0 3 0
0.0794900793036849 3 0 0 0 0 0 0 0 0 0 0 3
0.009902301158040694 0 1 1 3 0 0 1 0 3 1 0 0
0.009902301158040694 0 1 1 3 0 0 2 0 3 2 0 0
0.017650878840932648 0 1 1 0 1 1 0 3 0 0 3 0
0.017465549382180926 0 1 1 0 2 2 0 3 0 0 3 0
0.019812003799648426 0 1 1 0 0 3 0 3 0 0 1 1
0.019812003799648426 0 1 1 0 0 3 0 3 0 0 2 2
0.018650451255639175 0 1 1 0 0 0 1 0 1 0 0 0
0.018650451255639175 0 1 1 0 0 0 2 0 2 0 0 0
0.01865045125563919 0 1 2 3 0 0 0 1 3 2 0 0
-0.01865045125563919 0 1 2 3 0 0 0 2 3 1 0 0
0.00018532945875172246 0 1 2 0 2 1 0 3 0 0 3 0
-0.017733739953671005 0 1 2 0 0 0 0 1 2 0 0 0
0.017733739953671005 0 1 2 0 0 0 0 2 1 0 0 0
-0.02382373467395799 0 1 3 1 1 1 0 3 3 0 3 0
-0.023573591896798918 0 1 3 1 2 2 0 3 3 0 3 0
-0.026740647088217856 0 1 3 1 0 3 0 3 3 0 1 1
-0.026740647088217856 0 1 3 1 0 3 0 3 3 0 2 2
-0.00025014277715907865 0 1 3 2 2 1 0 3 3 0 3 0
0.0031670551914189373 0 1 3 3 2 3 0 3 3 1 3 2
-0.0031670551914189373 0 1 3 3 2 3 0 3 3 2 3 1
0.002916912414259859 0 1 3 3 0 1 0 3 3 1 1 0
0.002916912414259859 0 1 3 3 0 1 0 3 3 2 2 0
-0.002346454417467497 0 1 3 0 2 3 0 3 1 0 3 2
0.002346454417467497 0 1 3 0 2 3 0 3 2 0 3 1
-0.002161124958715775 0 1 3 0 0 1 0 3 1 0 1 0
-0.002161124958715775 0 1 3 0 0 1 0 3 2 0 2 0
-0.018650451255639185 0 1 0 1 0 0 1 0 0 1 0 0
-0.018650451255639185 0 1 0 1 0 0 2 0 0 2 0 0
0.01865045125563919 0 1 0 1 0 0 0 1 1 0 0 0
0.01865045125563919 0 1 0 1 0 0 0 2 2 0 0 0
-0.02125715761687161 0 1 0 2 0 0 1 0 2 0 0 0
0.02125715761687161 0 1 0 2 0 0 2 0 1 0 0 0
-0.029088596412501937 0 1 0 2 0 0 0 1 0 2 0 0
0.029088596412501937 0 1 0 2 0 0 0 2 0 1 0 0
-0.004137889001654224 0 1 0 0 2 0 0 1 0 0 2 0
0.004137889001654224 0 1 0 0 2 0 0 2 0 0 1 0
-0.004062387361882572 0 1 0 0 0 2 0 1 0 0 0 2
0.004062387361882572 0 1 0 0 0 2 0 2 0 0 0 1
-0.01865045125563919 0 2 1 3 0 0 0 1 3 2 0 0
0.01865045125563919 0 2 1 3 0 0 0 2 3 1 0 0
0.00018532945875172246 0 2 1 0 1 2 0 3 0 0 3 0
0.017733739953671005 0 2 1 0 0 0 0 1 2 0 0 0
-0.017733739953671005 0 2 1 0 0 0 0 2 1 0 0 0
0.009902301158040694 0 2 2 3 0 0 1 0 3 1 0 0
0.009902301158040694 0 2 2 3 0 0 2 0 3 2 0 0
0.017465549382180926 0 2 2 0 1 1 0 3 0 0 3 0
0.017650878840932648 0 2 2 0 2 2 0 3 0 0 3 0
0.019812003799648426 0 2 2 0 0 3 0 3 0 0 1 1
0.019812003799648426 0 2 2 0 0 3 0 3 0 0 2 2
0.018650451255639175 0 2 2 0 0 0 1 0 1 0 0 0
0.018650451255639175 0 2 2 0 0 0 2 0 2 0 0 0
-0.00025014277715907865 0 2 3 1 1 2 0 3 3 0 3 0
-0.023573591896798918 0 2 3 2 1 1 0 3 3 0 3 0
-0.02382373467395799 0 2 3 2 2 2 0 3 3 0 3 0
-0.026740647088217856 0 2 3 2 0 3 0 3 3 0 1 1
-0.026740647088217856 0 2 3 2 0 3 0 3 3 0 2 2
-0.0031670551914189373 0 2 3 3 1 3 0 3 3 1 3 2
0.0031670551914189373 0 2 3 3 1 3 0 3 3 2 3 1
0.002916912414259859 0 2 3 3 0 2 0 3 3 1 1 0
0.002916912414259859 0 2 3 3 0 2 0 3 3 2 2 0
0.002346454417467497 0 2 3 0 1 3 0 3 1 0 3 2
-0.002346454417467497 0 2 3 0 1 3 0 3 2 0 3 1
-0.002161124958715775 0 2 3 0 0 2 0 3 1 0 1 0
-0.002161124958715775 0 2 3 0 0 2 0 3 2 0 2 0
0.02125715761687161 0 2 0 1 0 0 1 0 2 0 0 0
-0.02125715761687161 0 2 0 1 0 0 2 0 1 0 0 0
0.029088596412501937 0 2 0 1 0 0 0 1 0 2 0 0
-0.029088596412501937 0 2 0 1 0 0 0 2 0 1 0 0
-0.018650451255639185 0 2 0 2 0 0 1 0 0 1 0 0
-0.018650451255639185 0 2 0 2 0 0 2 0 0 2 0 0
0.01865045125563919 0 2 0 2 0 0 0 1 1 0 0 0
0.01865045125563919 0 2 0 2 0 0 0 2 2 0 0 0
0.004137889001654224 0 2 0 0 1 0 0 1 0 0 2 0
-0.004137889001654224 0 2 0 0 1 0 0 2 0 0 1 0
0.004062387361882572 0 2 0 0 0 1 0 1 0 0 0 2
-0.004062387361882572 0 2 0 0 0 1 0 2 0 0 0 1
0.6839742195977297 0 3 0 0 0 0 0 0 0 0 0 0
0.0011651359876671105 0 3 1 1 0 0 1 1 3 0 0 0
0.0011651359876671105 0 3 1 1 0 0 2 2 3 0 0 0
-0.014822959111997627 0 3 1 1 0 0 0 0 3 0 0 0
0.0029169124142598567 0 3 1 0 1 3 1 3 0 0 3 1
0.0029169124142598567 0 3 1 0 1 3 2 3 0 0 3 2
0.003167055191418935 0 3 1 0 0 2 1 3 0 0 2 0
-0.003167055191418935 0 3 1 0 0 2 2 3 0 0 1 0
0.0011651359876671105 0 3 2 2 0 0 1 1 3 0 0 0
0.0011651359876671105 0 3 2 2 0 0 2 2 3 0 0 0
-0.014822959111997627 0 3 2 2 0 0 0 0 3 0 0 0
0.0029169124142598567 0 3 2 0 2 3 1 3 0 0 3 1
0.0029169124142598567 0 3 2 0 2 3 2 3 0 0 3 2
-0.003167055191418935 0 3 2 0 0 1 1 3 0 0 2 0
0.003167055191418935 0 3 2 0 0 1 2 3 0 0 1 0
0.06210112099218268 0 3 3 0 0 0 0 0 0 0 0 0
0.0021611249587157773 0 3 3 1 1 3 1 3 3 0 3 1
0.0021611249587157773 0 3 3 1 1 3 2 3 3 0 3 2
0.0023464544174675007 0 3 3 1 0 2 1 3 3 0 2 0
-0.0023464544174675007 0 3 3 1 0 2 2 3 3 0 1 0
0.0021611249587157773 0 3 3 2 2 3 1 3 3 0 3 1
0.0021611249587157773 0 3 3 2 2 3 2 3 3 0 3 2
-0.0023464544174675007 0 3 3 2 0 1 1 3 3 0 2 0
0.0023464544174675007 0 3 3 2 0 1 2 3 3 0 1 0
-0.01981200379964841 0 3 3 3 1 1 1 3 3 1 3 0
-0.01981200379964841 0 3 3 3 1 1 2 3 3 2 3 0
-0.01981200379964841 0 3 3 3 2 2 1 3 3 1 3 0
-0.01981200379964841 0 3 3 3 2 2 2 3 3 2 3 0
-0.01765087884093263 0 3 3 3 0 3 1 3 3 1 1 1
-0.017465549382180905 0 3 3 3 0 3 1 3 3 1 2 2
-0.00018532945875172397 0 3 3 3 0 3 1 3 3 2 2 1
-0.00018532945875172397 0 3 3 3 0 3 2 3 3 1 1 2
-0.017465549382180905 0 3 3 3 0 3 2 3 3 2 1 1
-0.01765087884093263 0 3 3 3 0 3 2 3 3 2 2 2
-0.02674064708821782 0 3 3 0 1 1 1 3 1 0 3 0
-0.02674064708821782 0 3 3 0 1 1 2 3 2 0 3 0
-0.02674064708821782 0 3 3 0 2 2 1 3 1 0 3 0
-0.02674064708821782 0 3 3 0 2 2 2 3 2 0 3 0
-0.023823734673957958 0 3 3 0 0 3 1 3 1 0 1 1
-0.023573591896798883 0 3 3 0 0 3 1 3 1 0 2 2
-0.00025014277715907843 0 3 3 0 0 3 1 3 2 0 2 1
-0.00025014277715907843 0 3 3 0 0 3 2 3 1 0 1 2
-0.023573591896798883 0 3 3 0 0 3 2 3 2 0 1 1
-0.023823734673957958 0 3 3 0 0 3 2 3 2 0 2 2
0.003827492143641537 0 3 3 0 0 0 1 1 0 0 0 0
0.003827492143641537 0 3 3 0 0 0 2 2 0 0 0 0
0.053076536508686024 0 3 0 3 0 0 0 0 0 0 0 0
-0.0038274921436415475 0 3 0 3 0 0 1 1 0 0 0 0
0.0110674371457078 0 3 0 3 0 0 1 1 1 1 0 0
-0.0200920216292045 0 3 0 3 0 0 1 1 2 2 0 0
0.031159458774912305 0 3 0 3 0 0 1 2 2 1 0 0
0.031159458774912305 0 3 0 3 0 0 2 1 1 2 0 0
-0.0038274921436415475 0 3 0 3 0 0 2 2 0 0 0 0
-0.0200920216292045 0 3 0 3 0 0 2 2 1 1 0 0
0.0110674371457078 0 3 0 3 0 0 2 2 2 2 0 0
0.003827492143641563 0 3 0 3 0 0 0 0 1 1 0 0
0.003827492143641563 0 3 0 3 0 0 0 0 2 2 0 0
0.07339422534173673 0 3 0 0 3 0 0 0 0 0 0 0
0.07542769194180239 0 3 0 0 0 3 0 0 0 0 0 0
-0.014822959111997634 0 3 0 0 0 0 1 1 3 0 0 0
0.014822959111997635 0 3 0 0 0 0 1 1 0 3 0 0
-0.014822959111997634 0 3 0 0 0 0 2 2 3 0 0 0
0.014822959111997635 0 3 0 0 0 0 2 2 0 3 0 0
0.07689185966073275 0 3 0 0 0 0 3 0 0 0 0 0
0.08479801962482199 0 3 0 0 0 0 0 3 0 0 0 0
0.07983486094585368 0 3 0 0 0 0 0 0 3 0 0 0
0.08216513292118795 0 3 0 0 0 0 0 0 0 3 0 0
0.07753211434339094 0 3 0 0 0 0 0 0 0 0 3 0
0.07949007930368496 0 3 0 0 0 0 0 0 0 0 0 3
-0.0038274921436415223 0 0 1 1 0 0 3 0 3 0 0 0
0.003827492143641563 0 0 1 1 0 0 0 3 3 0 0 0
-0.004052217305590537 0 0 1 2 0 0 0 0 1 2 0 0
0.004052217305590537 0 0 1 2 0 0 0 0 2 1 0 0
-0.002161124958715775 0 0 1 0 1 3 0 1 0 0 3 1
-0.002161124958715775 0 0 1 0 1 3 0 2 0 0 3 2
-0.0038751284701833673 0 0 1 0 2 0 0 0 1 0 2 0
0.0038751284701833673 0 0 1 0 2 0 0 0 2 0 1 0
-0.002346454417467497 0 0 1 0 0 2 0 1 0 0 2 0
0.002346454417467497 0 0 1 0 0 2 0 2 0 0 1 0
-0.004384317878194728 0 0 1 0 0 2 0 0 1 0 0 2
0.004384317878194728 0 0 1 0 0 2 0 0 2 0 0 1
0.004052217305590537 0 0 2 1 0 0 0 0 1 2 0 0
-0.004052217305590537 0 0 2 1 0 0 0 0 2 1 0 0
-0.0038274921436415223 0 0 2 2 0 0 3 0 3 0 0 0
0.003827492143641563 0 0 2 2 0 0 0 3 3 0 0 0
0.0038751284701833673 0 0 2 0 1 0 0 0 1 0 2 0
-0.0038751284701833673 0 0 2 0 1 0 0 0 2 0 1 0
-0.002161124958715775 0 0 2 0 2 3 0 1 0 0 3 1
-0.002161124958715775 0 0 2 0 2 3 0 2 0 0 3 2
0.002346454417467497 0 0 2 0 0 1 0 1 0 0 2 0
-0.002346454417467497 0 0 2 0 0 1 0 2 0 0 1 0
0.004384317878194728 0 0 2 0 0 1 0 0 1 0 0 2
-0.004384317878194728 0 0 2 0 0 1 0 0 2 0 0 1
0.6750126027985431 0 0 3 0 0 0 0 0 0 0 0 0
0.002916912414259859 0 0 3 1 1 3 0 1 3 0 3 1
0.002916912414259859 0 0 3 1 1 3 0 2 3 0 3 2
0.0031670551914189373 0 0 3 1 0 2 0 1 3 0 2 0
-0.0031670551914189373 0 0 3 1 0 2 0 2 3 0 1 0
0.002916912414259859 0 0 3 2 2 3 0 1 3 0 3 1
0.002916912414259859 0 0 3 2 2 3 0 2 3 0 3 2
-0.0031670551914189373 0 0 3 2 0 1 0 1 3 0 2 0
0.0031670551914189373 0 0 3 2 0 1 0 2 3 0 1 0
0.07307103217155204 0 0 3 3 0 0 0 0 0 0 0 0
-0.026740647088217856 0 0 3 3 1 1 0 1 3 1 3 0
-0.026740647088217856 0 0 3 3 1 1 0 2 3 2 3 0
-0.026740647088217856 0 0 3 3 2 2 0 1 3 1 3 0
-0.026740647088217856 0 0 3 3 2 2 0 2 3 2 3 0
-0.02382373467395799 0 0 3 3 0 3 0 1 3 1 1 1
-0.023573591896798918 0 0 3 3 0 3 0 1 3 1 2 2
-0.00025014277715907865 0 0 3 3 0 3 0 1 3 2 2 1
-0.00025014277715907865 0 0 3 3 0 3 0 2 3 1 1 2
-0.023573591896798918 0 0 3 3 0 3 0 2 3 2 1 1
-0.02382373467395799 0 0 3 3 0 3 0 2 3 2 2 2
0.019812003799648426 0 0 3 0 1 1 0 1 1 0 3 0
0.019812003799648426 0 0 3 0 1 1 0 2 2 0 3 0
0.019812003799648426 0 0 3 0 2 2 0 1 1 0 3 0
0.019812003799648426 0 0 3 0 2 2 0 2 2 0 3 0
0.07363722597569623 0 0 3 0 3 0 0 0 0 0 0 0
0.07505296124583553 0 0 3 0 0 3 0 0 0 0 0 0
0.017650878840932648 0 0 3 0 0 3 0 1 1 0 1 1
0.017465549382180926 0 0 3 0 0 3 0 1 1 0 2 2
0.00018532945875172246 0 0 3 0 0 3 0 1 2 0 2 1
0.00018532945875172246 0 0 3 0 0 3 0 2 1 0 1 2
0.017465549382180926 0 0 3 0 0 3 0 2 2 0 1 1
0.017650878840932648 0 0 3 0 0 3 0 2 2 0 2 2
0.08216513292118785 0 0 3 0 0 0 3 0 0 0 0 0
0.07983486094585368 0 0 3 0 0 0 0 3 0 0 0 0
0.0852276840883236 0 0 3 0 0 0 0 0 3 0 0 0
0.07712324947714258 0 0 3 0 0 0 0 0 0 3 0 0
0.0775123544458796 0 0 3 0 0 0 0 0 0 0 3 0
0.07943727912403026 0 0 3 0 0 0 0 0 0 0 0 3
-0.00387512847018337 0 0 0 1 2 0 0 0 0 1 2 0
0.00387512847018337 0 0 0 1 2 0 0 0 0 2 1 0
-0.00438431787819473 0 0 0 1 0 2 0 0 0 1 0 2
0.00438431787819473 0 0 0 1 0 2 0 0 0 2 0 1
0.00387512847018337 0 0 0 2 1 0 0 0 0 1 2 0
-0.00387512847018337 0 0 0 2 1 0 0 0 0 2 1 0
0.00438431787819473 0 0 0 2 0 1 0 0 0 1 0 2
-0.00438431787819473 0 0 0 2 0 1 0 0 0 2 0 1
0.6750126027985424 0 0 0 3 0 0 0 0 0 0 0 0
0.07363722597569629 0 0 0 3 3 0 0 0 0 0 0 0
0.07505296124583556 0 0 0 3 0 3 0 0 0 0 0 0
0.07983486094585368 0 0 0 3 0 0 3 0 0 0 0 0
0.014822959111997634 0 0 0 3 0 0 3 0 1 1 0 0
0.014822959111997634 0 0 0 3 0 0 3 0 2 2 0 0
0.08216513292118795 0 0 0 3 0 0 0 3 0 0 0 0
-0.014822959111997627 0 0 0 3 0 0 0 3 1 1 0 0
-0.014822959111997627 0 0 0 3 0 0 0 3 2 2 0 0
0.07712324947714258 0 0 0 3 0 0 0 0 3 0 0 0
0.08522768408832371 0 0 0 3 0 0 0 0 0 3 0 0
0.07751235444587964 0 0 0 3 0 0 0 0 0 0 3 0
0.0794372791240303 0 0 0 3 0 0 0 0 0 0 0 3
-0.038832893124927624 0 0 0 0 1 2 0 0 0 0 1 2
0.038832893124927624 0 0 0 0 1 2 0 0 0 0 2 1
0.038832893124927624 0 0 0 0 2 1 0 0 0 0 1 2
-0.038832893124927624 0 0 0 0 2 1 0 0 0 0 2 1
0.7130224358369789 0 0 0 0 3 0 0 0 0 0 0 0
0.04899303098530357 0 0 0 0 3 3 0 0 0 0 0 0
0.07753211434339088 0 0 0 0 3 0 3 0 0 0 0 0
0.07753211434339094 0 0 0 0 3 0 0 3 0 0 0 0
0.0775123544458796 0 0 0 0 3 0 0 0 3 0 0 0
0.07751235444587964 0 0 0 0 3 0 0 0 0 3 0 0
0.08696336006100361 0 0 0 0 3 0 0 0 0 0 3 0
0.08782592411023118 0 0 0 0 3 0 0 0 0 0 0 3
0.6668118932745969 0 0 0 0 0 3 0 0 0 0 0 0
0.0794900793036849 0 0 0 0 0 3 3 0 0 0 0 0
0.07949007930368496 0 0 0 0 0 3 0 3 0 0 0 0
0.07943727912403026 0 0 0 0 0 3 0 0 3 0 0 0
0.0794372791240303 0 0 0 0 0 3 0 0 0 3 0 0
0.08782592411023118 0 0 0 0 0 3 0 0 0 0 3 0
0.09024061443210339 0 0 0 0 0 3 0 0 0 0 0 3
0.6839742195977302 0 0 0 0 0 0 3 0 0 0 0 0
0.07293877967868816 0 0 0 0 0 0 3 3 0 0 0 0
0.05307653650868596 0 0 0 0 0 0 3 0 3 0 0 0
0.0621011209921827 0 0 0 0 0 0 3 0 0 3 0 0
0.07339422534173666 0 0 0 0 0 0 3 0 0 0 3 0
0.07542769194180232 0 0 0 0 0 0 3 0 0 0 0 3
0.6839742195977296 0 0 0 0 0 0 0 3 0 0 0 0
0.06210112099218268 0 0 0 0 0 0 0 3 3 0 0 0
0.053076536508686024 0 0 0 0 0 0 0 3 0 3 0 0
0.07339422534173673 0 0 0 0 0 0 0 3 0 0 3 0
0.07542769194180239 0 0 0 0 0 0 0 3 0 0 0 3
0.6750126027985432 0 0 0 0 0 0 0 0 3 0 0 0
0.07307103217155204 0 0 0 0 0 0 0 0 3 3 0 0
0.07363722597569623 0 0 0 0 0 0 0 0 3 0 3 0
0.07505296124583553 0 0 0 0 0 0 0 0 3 0 0 3
0.6750126027985427 0 0 0 0 0 0 0 0 0 3 0 0
0.07363722597569629 0 0 0 0 0 0 0 0 0 3 3 0
0.07505296124583556 0 0 0 0 0 0 0 0 0 3 0 3
0.7130224358369791 0 0 0 0 0 0 0 0 0 0 3 0
0.04899303098530357 0 0 0 0 0 0 0 0 0 0 3 3
0.6668118932745968 0 0 0 0 0 0 0 0 0 0 0 3
