-5085.771826986638 0 0 0 0 0 0 0 0 0 0 0 0
0.0016222630097840751 1 1 1 1 0 0 3 0 3 0 0 0
-0.033603523446235094 1 1 2 2 0 0 3 0 3 0 0 0
0.007319998680911034 1 1 3 0 0 0 3 0 0 0 0 0
-0.007319998680911009 1 1 0 3 0 0 3 0 0 0 0 0
0.0036109489304372595 1 1 0 3 0 0 3 0 1 1 0 0
0.0036109489304372595 1 1 0 3 0 0 3 0 2 2 0 0
-0.001652976839994172 1 1 0 0 0 0 3 0 3 0 0 0
0.0016529768399941836 1 1 0 0 0 0 3 0 0 3 0 0
0.03522578645601917 1 2 2 1 0 0 3 0 3 0 0 0
-0.0039648726202074006 1 2 0 0 0 0 1 2 0 0 0 0
0.0039648726202074006 1 2 0 0 0 0 2 1 0 0 0 0
-0.03368159054868083 1 3 1 0 1 1 3 3 0 0 3 0
-0.03358060565838704 1 3 1 0 2 2 3 3 0 0 3 0
-0.03747963145915851 1 3 1 0 0 3 3 3 0 0 1 1
-0.03747963145915851 1 3 1 0 0 3 3 3 0 0 2 2
-0.03721447237667235 1 3 2 3 0 0 3 1 3 2 0 0
0.03721447237667235 1 3 2 3 0 0 3 2 3 1 0 0
-0.0001009848902937899 1 3 2 0 2 1 3 3 0 0 3 0
-0.008972975520905207 1 3 2 0 0 0 3 1 2 0 0 0
0.008972975520905207 1 3 2 0 0 0 3 2 1 0 0 0
0.0073427861971979225 1 3 3 1 1 1 3 3 3 0 3 0
0.007320770893095728 1 3 3 1 2 2 3 3 3 0 3 0
0.008170781607139773 1 3 3 1 0 3 3 3 3 0 1 1
0.008170781607139773 1 3 3 1 0 3 3 3 3 0 2 2
2.2015304102194163e-05 1 3 3 2 2 1 3 3 3 0 3 0
-0.0008500107140440442 1 3 3 3 2 3 3 3 3 1 3 2
0.0008500107140440442 1 3 3 3 2 3 3 3 3 2 3 1
-0.0008279954099418501 1 3 3 3 0 1 3 3 3 1 1 0
-0.0008279954099418501 1 3 3 3 0 1 3 3 3 2 2 0
0.00389902580077147 1 3 3 0 2 3 3 3 1 0 3 2
-0.00389902580077147 1 3 3 0 2 3 3 3 2 0 3 1
0.0037980409104776793 1 3 3 0 0 1 3 3 1 0 1 0
0.0037980409104776793 1 3 3 0 0 1 3 3 2 0 2 0
-0.001988685920653185 1 3 0 1 0 0 3 1 1 0 0 0
-0.001988685920653185 1 3 0 1 0 0 3 2 2 0 0 0
0.008972975520905193 1 3 0 2 0 0 3 1 0 2 0 0
-0.008972975520905193 1 3 0 2 0 0 3 2 0 1 0 0
0.008972975520905186 1 0 2 3 0 0 1 0 3 2 0 0
-0.008972975520905186 1 0 2 3 0 0 2 0 3 1 0 0
-0.04510416781846131 1 0 2 0 0 0 1 0 2 0 0 0
0.04510416781846131 1 0 2 0 0 0 2 0 1 0 0 0
0.008972975520905186 1 0 0 1 0 0 1 0 1 0 0 0
0.008972975520905186 1 0 0 1 0 0 2 0 2 0 0 0
-0.005901009521135771 1 0 0 2 0 0 1 0 0 2 0 0
0.005901009521135771 1 0 0 2 0 0 2 0 0 1 0 0
-0.003986231923887234 1 0 0 0 2 0 1 0 0 0 2 0
0.003986231923887234 1 0 0 0 2 0 2 0 0 0 1 0
-0.003943804937881232 1 0 0 0 0 2 1 0 0 0 0 2
0.003943804937881232 1 0 0 0 0 2 2 0 0 0 0 1
0.03522578645601917 2 1 1 2 0 0 3 0 3 0 0 0
0.0039648726202074006 2 1 0 0 0 0 1 2 0 0 0 0
-0.0039648726202074006 2 1 0 0 0 0 2 1 0 0 0 0
-0.033603523446235094 2 2 1 1 0 0 3 0 3 0 0 0
0.0016222630097840751 2 2 2 2 0 0 3 0 3 0 0 0
0.007319998680911034 2 2 3 0 0 0 3 0 0 0 0 0
-0.007319998680911009 2 2 0 3 0 0 3 0 0 0 0 0
0.0036109489304372595 2 2 0 3 0 0 3 0 1 1 0 0
0.0036109489304372595 2 2 0 3 0 0 3 0 2 2 0 0
-0.001652976839994172 2 2 0 0 0 0 3 0 3 0 0 0
0.0016529768399941836 2 2 0 0 0 0 3 0 0 3 0 0
0.03721447237667235 2 3 1 3 0 0 3 1 3 2 0 0
-0.03721447237667235 2 3 1 3 0 0 3 2 3 1 0 0
-0.0001009848902937899 2 3 1 0 1 2 3 3 0 0 3 0
0.008972975520905207 2 3 1 0 0 0 3 1 2 0 0 0
-0.008972975520905207 2 3 1 0 0 0 3 2 1 0 0 0
-0.03358060565838704 2 3 2 0 1 1 3 3 0 0 3 0
-0.03368159054868083 2 3 2 0 2 2 3 3 0 0 3 0
-0.03747963145915851 2 3 2 0 0 3 3 3 0 0 1 1
-0.03747963145915851 2 3 2 0 0 3 3 3 0 0 2 2
2.2015304102194163e-05 2 3 3 1 1 2 3 3 3 0 3 0
0.007320770893095728 2 3 3 2 1 1 3 3 3 0 3 0
0.0073427861971979225 2 3 3 2 2 2 3 3 3 0 3 0
0.008170781607139773 2 3 3 2 0 3 3 3 3 0 1 1
0.008170781607139773 2 3 3 2 0 3 3 3 3 0 2 2
0.0008500107140440442 2 3 3 3 1 3 3 3 3 1 3 2
-0.0008500107140440442 2 3 3 3 1 3 3 3 3 2 3 1
-0.0008279954099418501 2 3 3 3 0 2 3 3 3 1 1 0
-0.0008279954099418501 2 3 3 3 0 2 3 3 3 2 2 0
-0.00389902580077147 2 3 3 0 1 3 3 3 1 0 3 2
0.00389902580077147 2 3 3 0 1 3 3 3 2 0 3 1
0.0037980409104776793 2 3 3 0 0 2 3 3 1 0 1 0
0.0037980409104776793 2 3 3 0 0 2 3 3 2 0 2 0
-0.008972975520905193 2 3 0 1 0 0 3 1 0 2 0 0
0.008972975520905193 2 3 0 1 0 0 3 2 0 1 0 0
-0.001988685920653185 2 3 0 2 0 0 3 1 1 0 0 0
-0.001988685920653185 2 3 0 2 0 0 3 2 2 0 0 0
-0.008972975520905186 2 0 1 3 0 0 1 0 3 2 0 0
0.008972975520905186 2 0 1 3 0 0 2 0 3 1 0 0
0.04510416781846131 2 0 1 0 0 0 1 0 2 0 0 0
-0.04510416781846131 2 0 1 0 0 0 2 0 1 0 0 0
0.005901009521135771 2 0 0 1 0 0 1 0 0 2 0 0
-0.005901009521135771 2 0 0 1 0 0 2 0 0 1 0 0
0.008972975520905186 2 0 0 2 0 0 1 0 1 0 0 0
0.008972975520905186 2 0 0 2 0 0 2 0 2 0 0 0
0.003986231923887234 2 0 0 0 1 0 1 0 0 0 2 0
-0.003986231923887234 2 0 0 0 1 0 2 0 0 0 1 0
0.003943804937881232 2 0 0 0 0 1 1 0 0 0 0 2
-0.003943804937881232 2 0 0 0 0 1 2 0 0 0 0 1
0.6456449325610609 3 0 0 0 0 0 0 0 0 0 0 0
0.0689133184170442 3 3 0 0 0 0 0 0 0 0 0 0
-0.007319998680911056 3 0 1 1 0 0 0 0 3 0 0 0
-0.007319998680911056 3 0 2 2 0 0 0 0 3 0 0 0
0.03538095355189337 3 0 3 0 0 0 0 0 0 0 0 0
0.06736221398834444 3 0 0 3 0 0 0 0 0 0 0 0
0.0016529768399941292 3 0 0 3 0 0 0 0 1 1 0 0
0.0016529768399941292 3 0 0 3 0 0 0 0 2 2 0 0
0.06939803953551553 3 0 0 0 3 0 0 0 0 0 0 0
0.06998761717450903 3 0 0 0 0 3 0 0 0 0 0 0
0.08080793627766643 3 0 0 0 0 0 3 0 0 0 0 0
0.0728781910372516 3 0 0 0 0 0 0 3 0 0 0 0
0.08048512137035468 3 0 0 0 0 0 0 0 3 0 0 0
0.0732632235094802 3 0 0 0 0 0 0 0 0 3 0 0
0.07338427145940277 3 0 0 0 0 0 0 0 0 0 3 0
0.07393142211239027 3 0 0 0 0 0 0 0 0 0 0 3
-0.001988685920653185 0 1 1 3 0 0 1 0 3 1 0 0
-0.001988685920653185 0 1 1 3 0 0 2 0 3 2 0 0
-0.007342786197197926 0 1 1 0 1 1 0 3 0 0 3 0
-0.007320770893095732 0 1 1 0 2 2 0 3 0 0 3 0
-0.008170781607139781 0 1 1 0 0 3 0 3 0 0 1 1
-0.008170781607139781 0 1 1 0 0 3 0 3 0 0 2 2
-0.008972975520905205 0 1 1 0 0 0 1 0 1 0 0 0
-0.008972975520905205 0 1 1 0 0 0 2 0 2 0 0 0
-0.008972975520905214 0 1 2 3 0 0 0 1 3 2 0 0
0.008972975520905214 0 1 2 3 0 0 0 2 3 1 0 0
-2.201530410219362e-05 0 1 2 0 2 1 0 3 0 0 3 0
-0.00590100952113577 0 1 2 0 0 0 0 1 2 0 0 0
0.00590100952113577 0 1 2 0 0 0 0 2 1 0 0 0
-0.03368159054868082 0 1 3 1 1 1 0 3 3 0 3 0
-0.03358060565838704 0 1 3 1 2 2 0 3 3 0 3 0
-0.03747963145915851 0 1 3 1 0 3 0 3 3 0 1 1
-0.03747963145915851 0 1 3 1 0 3 0 3 3 0 2 2
-0.00010098489029378854 0 1 3 2 2 1 0 3 3 0 3 0
0.0038990258007714712 0 1 3 3 2 3 0 3 3 1 3 2
-0.0038990258007714712 0 1 3 3 2 3 0 3 3 2 3 1
0.0037980409104776823 0 1 3 3 0 1 0 3 3 1 1 0
0.0037980409104776823 0 1 3 3 0 1 0 3 3 2 2 0
0.000850010714044048 0 1 3 0 2 3 0 3 1 0 3 2
-0.000850010714044048 0 1 3 0 2 3 0 3 2 0 3 1
0.0008279954099418544 0 1 3 0 0 1 0 3 1 0 1 0
0.0008279954099418544 0 1 3 0 0 1 0 3 2 0 2 0
0.008972975520905195 0 1 0 1 0 0 1 0 0 1 0 0
0.008972975520905195 0 1 0 1 0 0 2 0 0 2 0 0
-0.008972975520905214 0 1 0 1 0 0 0 1 1 0 0 0
-0.008972975520905214 0 1 0 1 0 0 0 2 2 0 0 0
-0.03721447237667235 0 1 0 2 0 0 1 0 2 0 0 0
0.03721447237667235 0 1 0 2 0 0 2 0 1 0 0 0
-0.04510416781846132 0 1 0 2 0 0 0 1 0 2 0 0
0.04510416781846132 0 1 0 2 0 0 0 2 0 1 0 0
-0.003986231923887231 0 1 0 0 2 0 0 1 0 0 2 0
0.003986231923887231 0 1 0 0 2 0 0 2 0 0 1 0
-0.003943804937881227 0 1 0 0 0 2 0 1 0 0 0 2
0.003943804937881227 0 1 0 0 0 2 0 2 0 0 0 1
0.008972975520905214 0 2 1 3 0 0 0 1 3 2 0 0
-0.008972975520905214 0 2 1 3 0 0 0 2 3 1 0 0
-2.201530410219362e-05 0 2 1 0 1 2 0 3 0 0 3 0
0.00590100952113577 0 2 1 0 0 0 0 1 2 0 0 0
-0.00590100952113577 0 2 1 0 0 0 0 2 1 0 0 0
-0.001988685920653185 0 2 2 3 0 0 1 0 3 1 0 0
-0.001988685920653185 0 2 2 3 0 0 2 0 3 2 0 0
-0.007320770893095732 0 2 2 0 1 1 0 3 0 0 3 0
-0.007342786197197926 0 2 2 0 2 2 0 3 0 0 3 0
-0.008170781607139781 0 2 2 0 0 3 0 3 0 0 1 1
-0.008170781607139781 0 2 2 0 0 3 0 3 0 0 2 2
-0.008972975520905205 0 2 2 0 0 0 1 0 1 0 0 0
-0.008972975520905205 0 2 2 0 0 0 2 0 2 0 0 0
-0.00010098489029378854 0 2 3 1 1 2 0 3 3 0 3 0
-0.03358060565838704 0 2 3 2 1 1 0 3 3 0 3 0
-0.03368159054868082 0 2 3 2 2 2 0 3 3 0 3 0
-0.03747963145915851 0 2 3 2 0 3 0 3 3 0 1 1
-0.03747963145915851 0 2 3 2 0 3 0 3 3 0 2 2
-0.0038990258007714712 0 2 3 3 1 3 0 3 3 1 3 2
0.0038990258007714712 0 2 3 3 1 3 0 3 3 2 3 1
0.0037980409104776823 0 2 3 3 0 2 0 3 3 1 1 0
0.0037980409104776823 0 2 3 3 0 2 0 3 3 2 2 0
-0.000850010714044048 0 2 3 0 1 3 0 3 1 0 3 2
0.000850010714044048 0 2 3 0 1 3 0 3 2 0 3 1
0.0008279954099418544 0 2 3 0 0 2 0 3 1 0 1 0
0.0008279954099418544 0 2 3 0 0 2 0 3 2 0 2 0
0.03721447237667235 0 2 0 1 0 0 1 0 2 0 0 0
-0.03721447237667235 0 2 0 1 0 0 2 0 1 0 0 0
0.04510416781846132 0 2 0 1 0 0 0 1 0 2 0 0
-0.04510416781846132 0 2 0 1 0 0 0 2 0 1 0 0
0.008972975520905195 0 2 0 2 0 0 1 0 0 1 0 0
0.008972975520905195 0 2 0 2 0 0 2 0 0 2 0 0
-0.008972975520905214 0 2 0 2 0 0 0 1 1 0 0 0
-0.008972975520905214 0 2 0 2 0 0 0 2 2 0 0 0
0.003986231923887231 0 2 0 0 1 0 0 1 0 0 2 0
-0.003986231923887231 0 2 0 0 1 0 0 2 0 0 1 0
0.003943804937881227 0 2 0 0 0 1 0 1 0 0 0 2
-0.003943804937881227 0 2 0 0 0 1 0 2 0 0 0 1
0.6456449325610567 0 3 0 0 0 0 0 0 0 0 0 0
0.0036109489304372595 0 3 1 1 0 0 1 1 3 0 0 0
0.0036109489304372595 0 3 1 1 0 0 2 2 3 0 0 0
0.007319998680910978 0 3 1 1 0 0 0 0 3 0 0 0
0.0037980409104776793 0 3 1 0 1 3 1 3 0 0 3 1
0.0037980409104776793 0 3 1 0 1 3 2 3 0 0 3 2
0.00389902580077147 0 3 1 0 0 2 1 3 0 0 2 0
-0.00389902580077147 0 3 1 0 0 2 2 3 0 0 1 0
0.0036109489304372595 0 3 2 2 0 0 1 1 3 0 0 0
0.0036109489304372595 0 3 2 2 0 0 2 2 3 0 0 0
0.007319998680910978 0 3 2 2 0 0 0 0 3 0 0 0
0.0037980409104776793 0 3 2 0 2 3 1 3 0 0 3 1
0.0037980409104776793 0 3 2 0 2 3 2 3 0 0 3 2
-0.00389902580077147 0 3 2 0 0 1 1 3 0 0 2 0
0.00389902580077147 0 3 2 0 0 1 2 3 0 0 1 0
0.06736221398834437 0 3 3 0 0 0 0 0 0 0 0 0
-0.0008279954099418501 0 3 3 1 1 3 1 3 3 0 3 1
-0.0008279954099418501 0 3 3 1 1 3 2 3 3 0 3 2
-0.0008500107140440442 0 3 3 1 0 2 1 3 3 0 2 0
0.0008500107140440442 0 3 3 1 0 2 2 3 3 0 1 0
-0.0008279954099418501 0 3 3 2 2 3 1 3 3 0 3 1
-0.0008279954099418501 0 3 3 2 2 3 2 3 3 0 3 2
0.0008500107140440442 0 3 3 2 0 1 1 3 3 0 2 0
-0.0008500107140440442 0 3 3 2 0 1 2 3 3 0 1 0
0.008170781607139773 0 3 3 3 1 1 1 3 3 1 3 0
0.008170781607139773 0 3 3 3 1 1 2 3 3 2 3 0
0.008170781607139773 0 3 3 3 2 2 1 3 3 1 3 0
0.008170781607139773 0 3 3 3 2 2 2 3 3 2 3 0
0.0073427861971979225 0 3 3 3 0 3 1 3 3 1 1 1
0.007320770893095728 0 3 3 3 0 3 1 3 3 1 2 2
2.2015304102194163e-05 0 3 3 3 0 3 1 3 3 2 2 1
2.2015304102194163e-05 0 3 3 3 0 3 2 3 3 1 1 2
0.007320770893095728 0 3 3 3 0 3 2 3 3 2 1 1
0.0073427861971979225 0 3 3 3 0 3 2 3 3 2 2 2
-0.03747963145915851 0 3 3 0 1 1 1 3 1 0 3 0
-0.03747963145915851 0 3 3 0 1 1 2 3 2 0 3 0
-0.03747963145915851 0 3 3 0 2 2 1 3 1 0 3 0
-0.03747963145915851 0 3 3 0 2 2 2 3 2 0 3 0
-0.03368159054868083 0 3 3 0 0 3 1 3 1 0 1 1
-0.03358060565838704 0 3 3 0 0 3 1 3 1 0 2 2
-0.0001009848902937899 0 3 3 0 0 3 1 3 2 0 2 1
-0.0001009848902937899 0 3 3 0 0 3 2 3 1 0 1 2
-0.03358060565838704 0 3 3 0 0 3 2 3 2 0 1 1
-0.03368159054868083 0 3 3 0 0 3 2 3 2 0 2 2
-0.001652976839994172 0 3 3 0 0 0 1 1 0 0 0 0
-0.001652976839994172 0 3 3 0 0 0 2 2 0 0 0 0
0.03538095355189337 0 3 0 3 0 0 0 0 0 0 0 0
0.0016529768399941836 0 3 0 3 0 0 1 1 0 0 0 0
0.0016222630097840751 0 3 0 3 0 0 1 1 1 1 0 0
-0.033603523446235094 0 3 0 3 0 0 1 1 2 2 0 0
0.03522578645601917 0 3 0 3 0 0 1 2 2 1 0 0
0.03522578645601917 0 3 0 3 0 0 2 1 1 2 0 0
0.0016529768399941836 0 3 0 3 0 0 2 2 0 0 0 0
-0.033603523446235094 0 3 0 3 0 0 2 2 1 1 0 0
0.0016222630097840751 0 3 0 3 0 0 2 2 2 2 0 0
-0.0016529768399942341 0 3 0 3 0 0 0 0 1 1 0 0
-0.0016529768399942341 0 3 0 3 0 0 0 0 2 2 0 0
0.0693980395355155 0 3 0 0 3 0 0 0 0 0 0 0
0.069987617174509 0 3 0 0 0 3 0 0 0 0 0 0
0.007319998680911034 0 3 0 0 0 0 1 1 3 0 0 0
-0.007319998680911009 0 3 0 0 0 0 1 1 0 3 0 0
0.007319998680911034 0 3 0 0 0 0 2 2 3 0 0 0
-0.007319998680911009 0 3 0 0 0 0 2 2 0 3 0 0
0.0728781910372516 0 3 0 0 0 0 3 0 0 0 0 0
0.08080793627766635 0 3 0 0 0 0 0 3 0 0 0 0
0.07326322350948014 0 3 0 0 0 0 0 0 3 0 0 0
0.0804851213703547 0 3 0 0 0 0 0 0 0 3 0 0
0.07338427145940274 0 3 0 0 0 0 0 0 0 0 3 0
0.07393142211239025 0 3 0 0 0 0 0 0 0 0 0 3
0.0016529768399941292 0 0 1 1 0 0 3 0 3 0 0 0
-0.0016529768399942341 0 0 1 1 0 0 0 3 3 0 0 0
-0.003977780149459293 0 0 1 2 0 0 0 0 1 2 0 0
0.003977780149459293 0 0 1 2 0 0 0 0 2 1 0 0
0.0008279954099418544 0 0 1 0 1 3 0 1 0 0 3 1
0.0008279954099418544 0 0 1 0 1 3 0 2 0 0 3 2
-0.003892275056244023 0 0 1 0 2 0 0 0 1 0 2 0
0.003892275056244023 0 0 1 0 2 0 0 0 2 0 1 0
0.000850010714044048 0 0 1 0 0 2 0 1 0 0 2 0
-0.000850010714044048 0 0 1 0 0 2 0 2 0 0 1 0
-0.004057122534325246 0 0 1 0 0 2 0 0 1 0 0 2
0.004057122534325246 0 0 1 0 0 2 0 0 2 0 0 1
0.003977780149459293 0 0 2 1 0 0 0 0 1 2 0 0
-0.003977780149459293 0 0 2 1 0 0 0 0 2 1 0 0
0.0016529768399941292 0 0 2 2 0 0 3 0 3 0 0 0
-0.0016529768399942341 0 0 2 2 0 0 0 3 3 0 0 0
0.003892275056244023 0 0 2 0 1 0 0 0 1 0 2 0
-0.003892275056244023 0 0 2 0 1 0 0 0 2 0 1 0
0.0008279954099418544 0 0 2 0 2 3 0 1 0 0 3 1
0.0008279954099418544 0 0 2 0 2 3 0 2 0 0 3 2
-0.000850010714044048 0 0 2 0 0 1 0 1 0 0 2 0
0.000850010714044048 0 0 2 0 0 1 0 2 0 0 1 0
0.004057122534325246 0 0 2 0 0 1 0 0 1 0 0 2
-0.004057122534325246 0 0 2 0 0 1 0 0 2 0 0 1
0.6445896392341097 0 0 3 0 0 0 0 0 0 0 0 0
0.0037980409104776823 0 0 3 1 1 3 0 1 3 0 3 1
0.0037980409104776823 0 0 3 1 1 3 0 2 3 0 3 2
0.0038990258007714712 0 0 3 1 0 2 0 1 3 0 2 0
-0.0038990258007714712 0 0 3 1 0 2 0 2 3 0 1 0
0.0037980409104776823 0 0 3 2 2 3 0 1 3 0 3 1
0.0037980409104776823 0 0 3 2 2 3 0 2 3 0 3 2
-0.0038990258007714712 0 0 3 2 0 1 0 1 3 0 2 0
0.0038990258007714712 0 0 3 2 0 1 0 2 3 0 1 0
0.06894996774005248 0 0 3 3 0 0 0 0 0 0 0 0
-0.03747963145915851 0 0 3 3 1 1 0 1 3 1 3 0
-0.03747963145915851 0 0 3 3 1 1 0 2 3 2 3 0
-0.03747963145915851 0 0 3 3 2 2 0 1 3 1 3 0
-0.03747963145915851 0 0 3 3 2 2 0 2 3 2 3 0
-0.03368159054868082 0 0 3 3 0 3 0 1 3 1 1 1
-0.03358060565838704 0 0 3 3 0 3 0 1 3 1 2 2
-0.00010098489029378854 0 0 3 3 0 3 0 1 3 2 2 1
-0.00010098489029378854 0 0 3 3 0 3 0 2 3 1 1 2
-0.03358060565838704 0 0 3 3 0 3 0 2 3 2 1 1
-0.03368159054868082 0 0 3 3 0 3 0 2 3 2 2 2
-0.008170781607139781 0 0 3 0 1 1 0 1 1 0 3 0
-0.008170781607139781 0 0 3 0 1 1 0 2 2 0 3 0
-0.008170781607139781 0 0 3 0 2 2 0 1 1 0 3 0
-0.008170781607139781 0 0 3 0 2 2 0 2 2 0 3 0
0.06950387035815486 0 0 3 0 3 0 0 0 0 0 0 0
0.06988504193906998 0 0 3 0 0 3 0 0 0 0 0 0
-0.007342786197197926 0 0 3 0 0 3 0 1 1 0 1 1
-0.007320770893095732 0 0 3 0 0 3 0 1 1 0 2 2
-2.201530410219362e-05 0 0 3 0 0 3 0 1 2 0 2 1
-2.201530410219362e-05 0 0 3 0 0 3 0 2 1 0 1 2
-0.007320770893095732 0 0 3 0 0 3 0 2 2 0 1 1
-0.007342786197197926 0 0 3 0 0 3 0 2 2 0 2 2
0.08048512137035468 0 0 3 0 0 0 3 0 0 0 0 0
0.07326322350948014 0 0 3 0 0 0 0 3 0 0 0 0
0.08088330818843033 0 0 3 0 0 0 0 0 3 0 0 0
0.07292774788951178 0 0 3 0 0 0 0 0 0 3 0 0
0.07339614541439887 0 0 3 0 0 0 0 0 0 0 3 0
0.07394216447339522 0 0 3 0 0 0 0 0 0 0 0 3
-0.003892275056244028 0 0 0 1 2 0 0 0 0 1 2 0
0.003892275056244028 0 0 0 1 2 0 0 0 0 2 1 0
-0.004057122534325251 0 0 0 1 0 2 0 0 0 1 0 2
0.004057122534325251 0 0 0 1 0 2 0 0 0 2 0 1
0.003892275056244028 0 0 0 2 1 0 0 0 0 1 2 0
-0.003892275056244028 0 0 0 2 1 0 0 0 0 2 1 0
0.004057122534325251 0 0 0 2 0 1 0 0 0 1 0 2
-0.004057122534325251 0 0 0 2 0 1 0 0 0 2 0 1
0.6445896392341113 0 0 0 3 0 0 0 0 0 0 0 0
0.06950387035815486 0 0 0 3 3 0 0 0 0 0 0 0
0.06988504193907004 0 0 0 3 0 3 0 0 0 0 0 0
0.0732632235094802 0 0 0 3 0 0 3 0 0 0 0 0
-0.007319998680911056 0 0 0 3 0 0 3 0 1 1 0 0
-0.007319998680911056 0 0 0 3 0 0 3 0 2 2 0 0
0.0804851213703547 0 0 0 3 0 0 0 3 0 0 0 0
0.007319998680910978 0 0 0 3 0 0 0 3 1 1 0 0
0.007319998680910978 0 0 0 3 0 0 0 3 2 2 0 0
0.07292774788951178 0 0 0 3 0 0 0 0 3 0 0 0
0.08088330818843045 0 0 0 3 0 0 0 0 0 3 0 0
0.0733961454143989 0 0 0 3 0 0 0 0 0 0 3 0
0.07394216447339527 0 0 0 3 0 0 0 0 0 0 0 3
-0.045236506758423806 0 0 0 0 1 2 0 0 0 0 1 2
0.045236506758423806 0 0 0 0 1 2 0 0 0 0 2 1
0.045236506758423806 0 0 0 0 2 1 0 0 0 0 1 2
-0.045236506758423806 0 0 0 0 2 1 0 0 0 0 2 1
0.6558784695239788 0 0 0 0 3 0 0 0 0 0 0 0
0.03724772411617658 0 0 0 0 3 3 0 0 0 0 0 0
0.07338427145940277 0 0 0 0 3 0 3 0 0 0 0 0
0.07338427145940274 0 0 0 0 3 0 0 3 0 0 0 0
0.07339614541439887 0 0 0 0 3 0 0 0 3 0 0 0
0.0733961454143989 0 0 0 0 3 0 0 0 0 3 0 0
0.08203340370807133 0 0 0 0 3 0 0 0 0 0 3 0
0.08248423087460038 0 0 0 0 3 0 0 0 0 0 0 3
0.6475313003606231 0 0 0 0 0 3 0 0 0 0 0 0
0.07393142211239027 0 0 0 0 0 3 3 0 0 0 0 0
0.07393142211239025 0 0 0 0 0 3 0 3 0 0 0 0
0.07394216447339522 0 0 0 0 0 3 0 0 3 0 0 0
0.07394216447339527 0 0 0 0 0 3 0 0 0 3 0 0
0.08248423087460038 0 0 0 0 0 3 0 0 0 0 3 0
0.08313875651437348 0 0 0 0 0 3 0 0 0 0 0 3
0.645644932561061 0 0 0 0 0 0 3 0 0 0 0 0
0.0689133184170442 0 0 0 0 0 0 3 3 0 0 0 0
0.03538095355189337 0 0 0 0 0 0 3 0 3 0 0 0
0.06736221398834444 0 0 0 0 0 0 3 0 0 3 0 0
0.06939803953551553 0 0 0 0 0 0 3 0 0 0 3 0
0.06998761717450903 0 0 0 0 0 0 3 0 0 0 0 3
0.6456449325610566 0 0 0 0 0 0 0 3 0 0 0 0
0.06736221398834437 0 0 0 0 0 0 0 3 3 0 0 0
0.03538095355189337 0 0 0 0 0 0 0 3 0 3 0 0
0.0693980395355155 0 0 0 0 0 0 0 3 0 0 3 0
0.069987617174509 0 0 0 0 0 0 0 3 0 0 0 3
0.6445896392341098 0 0 0 0 0 0 0 0 3 0 0 0
0.06894996774005248 0 0 0 0 0 0 0 0 3 3 0 0
0.06950387035815486 0 0 0 0 0 0 0 0 3 0 3 0
0.06988504193906998 0 0 0 0 0 0 0 0 3 0 0 3
0.6445896392341113 0 0 0 0 0 0 0 0 0 3 0 0
0.06950387035815486 0 0 0 0 0 0 0 0 0 3 3 0
0.06988504193907004 0 0 0 0 0 0 0 0 0 3 0 3
0.655878469523979 0 0 0 0 0 0 0 0 0 0 3 0
0.03724772411617658 0 0 0 0 0 0 0 0 0 0 3 3
0.6475313003606232 0 0 0 0 0 0 0 0 0 0 0 3
