-5085.7404878583375 0 0 0 0 0 0 0 0 0 0 0 0
0.01875860882379076 1 1 1 1 0 0 3 0 3 0 0 0
-0.01559771314522055 1 1 2 2 0 0 3 0 3 0 0 0
0.01707050182624511 1 1 3 0 0 0 3 0 0 0 0 0
-0.017070501826245102 1 1 0 3 0 0 3 0 0 0 0 0
-0.0003664917987390815 1 1 0 3 0 0 3 0 1 1 0 0
-0.0003664917987390815 1 1 0 3 0 0 3 0 2 2 0 0
-0.003958497562633383 1 1 0 0 0 0 3 0 3 0 0 0
0.003958497562633386 1 1 0 0 0 0 3 0 0 3 0 0
0.03435632196901132 1 2 2 1 0 0 3 0 3 0 0 0
-0.003964013551444095 1 2 0 0 0 0 1 2 0 0 0 0
0.003964013551444095 1 2 0 0 0 0 2 1 0 0 0 0
-0.022549776494768876 1 3 1 0 1 1 3 3 0 0 3 0
-0.02245918533582179 1 3 1 0 2 2 3 3 0 0 3 0
-0.02514973580853836 1 3 1 0 0 3 3 3 0 0 1 1
-0.02514973580853836 1 3 1 0 0 3 3 3 0 0 2 2
-0.015231221346481468 1 3 2 3 0 0 3 1 3 2 0 0
0.015231221346481468 1 3 2 3 0 0 3 2 3 1 0 0
-9.059115894708542e-05 1 3 2 0 2 1 3 3 0 0 3 0
-0.021028999388878495 1 3 2 0 0 0 3 1 2 0 0 0
0.021028999388878495 1 3 2 0 0 0 3 2 1 0 0 0
0.024733954007683513 1 3 3 1 1 1 3 3 3 0 3 0
0.024634588164327162 1 3 3 1 2 2 3 3 3 0 3 0
0.027585746091012626 1 3 3 1 0 3 3 3 3 0 1 1
0.027585746091012626 1 3 3 1 0 3 3 3 3 0 2 2
9.936584335635239e-05 1 3 3 2 2 1 3 3 3 0 3 0
-0.002951157926685472 1 3 3 3 2 3 3 3 3 1 3 2
0.002951157926685472 1 3 3 3 2 3 3 3 3 2 3 1
-0.0028517920833291198 1 3 3 3 0 1 3 3 3 1 1 0
-0.0028517920833291198 1 3 3 3 0 1 3 3 3 2 2 0
0.0026905504727165698 1 3 3 0 2 3 3 3 1 0 3 2
-0.0026905504727165698 1 3 3 0 2 3 3 3 2 0 3 1
0.0025999593137694846 1 3 3 0 0 1 3 3 1 0 1 0
0.0025999593137694846 1 3 3 0 0 1 3 3 2 0 2 0
0.019125100622529843 1 3 0 1 0 0 3 1 1 0 0 0
0.019125100622529843 1 3 0 1 0 0 3 2 2 0 0 0
0.021028999388878485 1 3 0 2 0 0 3 1 0 2 0 0
-0.021028999388878485 1 3 0 2 0 0 3 2 0 1 0 0
0.02102899938887848 1 0 2 3 0 0 1 0 3 2 0 0
-0.02102899938887848 1 0 2 3 0 0 2 0 3 1 0 0
-0.02311276813296309 1 0 2 0 0 0 1 0 2 0 0 0
0.02311276813296309 1 0 2 0 0 0 2 0 1 0 0 0
0.02102899938887848 1 0 0 1 0 0 1 0 1 0 0 0
0.02102899938887848 1 0 0 1 0 0 2 0 2 0 0 0
-0.02700664740901148 1 0 0 2 0 0 1 0 0 2 0 0
0.02700664740901148 1 0 0 2 0 0 2 0 0 1 0 0
-0.003994654025115152 1 0 0 0 2 0 1 0 0 0 2 0
0.003994654025115152 1 0 0 0 2 0 2 0 0 0 1 0
-0.003954552027222215 1 0 0 0 0 2 1 0 0 0 0 2
0.003954552027222215 1 0 0 0 0 2 2 0 0 0 0 1
0.03435632196901132 2 1 1 2 0 0 3 0 3 0 0 0
0.003964013551444095 2 1 0 0 0 0 1 2 0 0 0 0
-0.003964013551444095 2 1 0 0 0 0 2 1 0 0 0 0
-0.01559771314522055 2 2 1 1 0 0 3 0 3 0 0 0
0.01875860882379076 2 2 2 2 0 0 3 0 3 0 0 0
0.01707050182624511 2 2 3 0 0 0 3 0 0 0 0 0
-0.017070501826245102 2 2 0 3 0 0 3 0 0 0 0 0
-0.0003664917987390815 2 2 0 3 0 0 3 0 1 1 0 0
-0.0003664917987390815 2 2 0 3 0 0 3 0 2 2 0 0
-0.003958497562633383 2 2 0 0 0 0 3 0 3 0 0 0
0.003958497562633386 2 2 0 0 0 0 3 0 0 3 0 0
0.015231221346481468 2 3 1 3 0 0 3 1 3 2 0 0
-0.015231221346481468 2 3 1 3 0 0 3 2 3 1 0 0
-9.059115894708542e-05 2 3 1 0 1 2 3 3 0 0 3 0
0.021028999388878495 2 3 1 0 0 0 3 1 2 0 0 0
-0.021028999388878495 2 3 1 0 0 0 3 2 1 0 0 0
-0.02245918533582179 2 3 2 0 1 1 3 3 0 0 3 0
-0.022549776494768876 2 3 2 0 2 2 3 3 0 0 3 0
-0.02514973580853836 2 3 2 0 0 3 3 3 0 0 1 1
-0.02514973580853836 2 3 2 0 0 3 3 3 0 0 2 2
9.936584335635239e-05 2 3 3 1 1 2 3 3 3 0 3 0
0.024634588164327162 2 3 3 2 1 1 3 3 3 0 3 0
0.024733954007683513 2 3 3 2 2 2 3 3 3 0 3 0
0.027585746091012626 2 3 3 2 0 3 3 3 3 0 1 1
0.027585746091012626 2 3 3 2 0 3 3 3 3 0 2 2
0.002951157926685472 2 3 3 3 1 3 3 3 3 1 3 2
-0.002951157926685472 2 3 3 3 1 3 3 3 3 2 3 1
-0.0028517920833291198 2 3 3 3 0 2 3 3 3 1 1 0
-0.0028517920833291198 2 3 3 3 0 2 3 3 3 2 2 0
-0.0026905504727165698 2 3 3 0 1 3 3 3 1 0 3 2
0.0026905504727165698 2 3 3 0 1 3 3 3 2 0 3 1
0.0025999593137694846 2 3 3 0 0 2 3 3 1 0 1 0
0.0025999593137694846 2 3 3 0 0 2 3 3 2 0 2 0
-0.021028999388878485 2 3 0 1 0 0 3 1 0 2 0 0
0.021028999388878485 2 3 0 1 0 0 3 2 0 1 0 0
0.019125100622529843 2 3 0 2 0 0 3 1 1 0 0 0
0.019125100622529843 2 3 0 2 0 0 3 2 2 0 0 0
-0.02102899938887848 2 0 1 3 0 0 1 0 3 2 0 0
0.02102899938887848 2 0 1 3 0 0 2 0 3 1 0 0
0.02311276813296309 2 0 1 0 0 0 1 0 2 0 0 0
-0.02311276813296309 2 0 1 0 0 0 2 0 1 0 0 0
0.02700664740901148 2 0 0 1 0 0 1 0 0 2 0 0
-0.02700664740901148 2 0 0 1 0 0 2 0 0 1 0 0
0.02102899938887848 2 0 0 2 0 0 1 0 1 0 0 0
0.02102899938887848 2 0 0 2 0 0 2 0 2 0 0 0
0.003994654025115152 2 0 0 0 1 0 1 0 0 0 2 0
-0.003994654025115152 2 0 0 0 1 0 2 0 0 0 1 0
0.003954552027222215 2 0 0 0 0 1 1 0 0 0 0 2
-0.003954552027222215 2 0 0 0 0 1 2 0 0 0 0 1
0.6533510543168353 3 0 0 0 0 0 0 0 0 0 0 0
0.06977225689934523 3 3 0 0 0 0 0 0 0 0 0 0
-0.01707050182624511 3 0 1 1 0 0 0 0 3 0 0 0
-0.01707050182624511 3 0 2 2 0 0 0 0 3 0 0 0
0.05427245710652068 3 0 3 0 0 0 0 0 0 0 0 0
0.05111156142795046 3 0 0 3 0 0 0 0 0 0 0 0
0.003958497562633375 3 0 0 3 0 0 0 0 1 1 0 0
0.003958497562633375 3 0 0 3 0 0 0 0 2 2 0 0
0.07027451488043567 3 0 0 0 3 0 0 0 0 0 0 0
0.07109159871240678 3 0 0 0 0 3 0 0 0 0 0 0
0.0816642975536775 3 0 0 0 0 0 3 0 0 0 0 0
0.07373627045078933 3 0 0 0 0 0 0 3 0 0 0 0
0.07738522523948377 3 0 0 0 0 0 0 0 3 0 0 0
0.07811820883696194 3 0 0 0 0 0 0 0 0 3 0 0
0.07426916890555083 3 0 0 0 0 0 0 0 0 0 3 0
0.07504615073962899 3 0 0 0 0 0 0 0 0 0 0 3
0.019125100622529843 0 1 1 3 0 0 1 0 3 1 0 0
0.019125100622529843 0 1 1 3 0 0 2 0 3 2 0 0
-0.02473395400768352 0 1 1 0 1 1 0 3 0 0 3 0
-0.024634588164327172 0 1 1 0 2 2 0 3 0 0 3 0
-0.027585746091012636 0 1 1 0 0 3 0 3 0 0 1 1
-0.027585746091012636 0 1 1 0 0 3 0 3 0 0 2 2
-0.021028999388878488 0 1 1 0 0 0 1 0 1 0 0 0
-0.021028999388878488 0 1 1 0 0 0 2 0 2 0 0 0
-0.021028999388878502 0 1 2 3 0 0 0 1 3 2 0 0
0.021028999388878502 0 1 2 3 0 0 0 2 3 1 0 0
-9.936584335635217e-05 0 1 2 0 2 1 0 3 0 0 3 0
-0.027006647409011486 0 1 2 0 0 0 0 1 2 0 0 0
0.027006647409011486 0 1 2 0 0 0 0 2 1 0 0 0
-0.022549776494768886 0 1 3 1 1 1 0 3 3 0 3 0
-0.022459185335821804 0 1 3 1 2 2 0 3 3 0 3 0
-0.025149735808538378 0 1 3 1 0 3 0 3 3 0 1 1
-0.025149735808538378 0 1 3 1 0 3 0 3 3 0 2 2
-9.059115894708596e-05 0 1 3 2 2 1 0 3 3 0 3 0
0.0026905504727165724 0 1 3 3 2 3 0 3 3 1 3 2
-0.0026905504727165724 0 1 3 3 2 3 0 3 3 2 3 1
0.002599959313769487 0 1 3 3 0 1 0 3 3 1 1 0
0.002599959313769487 0 1 3 3 0 1 0 3 3 2 2 0
0.002951157926685468 0 1 3 0 2 3 0 3 1 0 3 2
-0.002951157926685468 0 1 3 0 2 3 0 3 2 0 3 1
0.0028517920833291167 0 1 3 0 0 1 0 3 1 0 1 0
0.0028517920833291167 0 1 3 0 0 1 0 3 2 0 2 0
0.021028999388878485 0 1 0 1 0 0 1 0 0 1 0 0
0.021028999388878485 0 1 0 1 0 0 2 0 0 2 0 0
-0.021028999388878502 0 1 0 1 0 0 0 1 1 0 0 0
-0.021028999388878502 0 1 0 1 0 0 0 2 2 0 0 0
-0.015231221346481468 0 1 0 2 0 0 1 0 2 0 0 0
0.015231221346481468 0 1 0 2 0 0 2 0 1 0 0 0
-0.023112768132963094 0 1 0 2 0 0 0 1 0 2 0 0
0.023112768132963094 0 1 0 2 0 0 0 2 0 1 0 0
-0.003994654025115152 0 1 0 0 2 0 0 1 0 0 2 0
0.003994654025115152 0 1 0 0 2 0 0 2 0 0 1 0
-0.0039545520272222115 0 1 0 0 0 2 0 1 0 0 0 2
0.0039545520272222115 0 1 0 0 0 2 0 2 0 0 0 1
0.021028999388878502 0 2 1 3 0 0 0 1 3 2 0 0
-0.021028999388878502 0 2 1 3 0 0 0 2 3 1 0 0
-9.936584335635217e-05 0 2 1 0 1 2 0 3 0 0 3 0
0.027006647409011486 0 2 1 0 0 0 0 1 2 0 0 0
-0.027006647409011486 0 2 1 0 0 0 0 2 1 0 0 0
0.019125100622529843 0 2 2 3 0 0 1 0 3 1 0 0
0.019125100622529843 0 2 2 3 0 0 2 0 3 2 0 0
-0.024634588164327172 0 2 2 0 1 1 0 3 0 0 3 0
-0.02473395400768352 0 2 2 0 2 2 0 3 0 0 3 0
-0.027585746091012636 0 2 2 0 0 3 0 3 0 0 1 1
-0.027585746091012636 0 2 2 0 0 3 0 3 0 0 2 2
-0.021028999388878488 0 2 2 0 0 0 1 0 1 0 0 0
-0.021028999388878488 0 2 2 0 0 0 2 0 2 0 0 0
-9.059115894708596e-05 0 2 3 1 1 2 0 3 3 0 3 0
-0.022459185335821804 0 2 3 2 1 1 0 3 3 0 3 0
-0.022549776494768886 0 2 3 2 2 2 0 3 3 0 3 0
-0.025149735808538378 0 2 3 2 0 3 0 3 3 0 1 1
-0.025149735808538378 0 2 3 2 0 3 0 3 3 0 2 2
-0.0026905504727165724 0 2 3 3 1 3 0 3 3 1 3 2
0.0026905504727165724 0 2 3 3 1 3 0 3 3 2 3 1
0.002599959313769487 0 2 3 3 0 2 0 3 3 1 1 0
0.002599959313769487 0 2 3 3 0 2 0 3 3 2 2 0
-0.002951157926685468 0 2 3 0 1 3 0 3 1 0 3 2
0.002951157926685468 0 2 3 0 1 3 0 3 2 0 3 1
0.0028517920833291167 0 2 3 0 0 2 0 3 1 0 1 0
0.0028517920833291167 0 2 3 0 0 2 0 3 2 0 2 0
0.015231221346481468 0 2 0 1 0 0 1 0 2 0 0 0
-0.015231221346481468 0 2 0 1 0 0 2 0 1 0 0 0
0.023112768132963094 0 2 0 1 0 0 0 1 0 2 0 0
-0.023112768132963094 0 2 0 1 0 0 0 2 0 1 0 0
0.021028999388878485 0 2 0 2 0 0 1 0 0 1 0 0
0.021028999388878485 0 2 0 2 0 0 2 0 0 2 0 0
-0.021028999388878502 0 2 0 2 0 0 0 1 1 0 0 0
-0.021028999388878502 0 2 0 2 0 0 0 2 2 0 0 0
0.003994654025115152 0 2 0 0 1 0 0 1 0 0 2 0
-0.003994654025115152 0 2 0 0 1 0 0 2 0 0 1 0
0.0039545520272222115 0 2 0 0 0 1 0 1 0 0 0 2
-0.0039545520272222115 0 2 0 0 0 1 0 2 0 0 0 1
0.6533510543168378 0 3 0 0 0 0 0 0 0 0 0 0
-0.0003664917987390815 0 3 1 1 0 0 1 1 3 0 0 0
-0.0003664917987390815 0 3 1 1 0 0 2 2 3 0 0 0
0.017070501826245123 0 3 1 1 0 0 0 0 3 0 0 0
0.0025999593137694846 0 3 1 0 1 3 1 3 0 0 3 1
0.0025999593137694846 0 3 1 0 1 3 2 3 0 0 3 2
0.0026905504727165698 0 3 1 0 0 2 1 3 0 0 2 0
-0.0026905504727165698 0 3 1 0 0 2 2 3 0 0 1 0
-0.0003664917987390815 0 3 2 2 0 0 1 1 3 0 0 0
-0.0003664917987390815 0 3 2 2 0 0 2 2 3 0 0 0
0.017070501826245123 0 3 2 2 0 0 0 0 3 0 0 0
0.0025999593137694846 0 3 2 0 2 3 1 3 0 0 3 1
0.0025999593137694846 0 3 2 0 2 3 2 3 0 0 3 2
-0.0026905504727165698 0 3 2 0 0 1 1 3 0 0 2 0
0.0026905504727165698 0 3 2 0 0 1 2 3 0 0 1 0
0.05111156142795048 0 3 3 0 0 0 0 0 0 0 0 0
-0.0028517920833291198 0 3 3 1 1 3 1 3 3 0 3 1
-0.0028517920833291198 0 3 3 1 1 3 2 3 3 0 3 2
-0.002951157926685472 0 3 3 1 0 2 1 3 3 0 2 0
0.002951157926685472 0 3 3 1 0 2 2 3 3 0 1 0
-0.0028517920833291198 0 3 3 2 2 3 1 3 3 0 3 1
-0.0028517920833291198 0 3 3 2 2 3 2 3 3 0 3 2
0.002951157926685472 0 3 3 2 0 1 1 3 3 0 2 0
-0.002951157926685472 0 3 3 2 0 1 2 3 3 0 1 0
0.027585746091012626 0 3 3 3 1 1 1 3 3 1 3 0
0.027585746091012626 0 3 3 3 1 1 2 3 3 2 3 0
0.027585746091012626 0 3 3 3 2 2 1 3 3 1 3 0
0.027585746091012626 0 3 3 3 2 2 2 3 3 2 3 0
0.024733954007683513 0 3 3 3 0 3 1 3 3 1 1 1
0.024634588164327162 0 3 3 3 0 3 1 3 3 1 2 2
9.936584335635239e-05 0 3 3 3 0 3 1 3 3 2 2 1
9.936584335635239e-05 0 3 3 3 0 3 2 3 3 1 1 2
0.024634588164327162 0 3 3 3 0 3 2 3 3 2 1 1
0.024733954007683513 0 3 3 3 0 3 2 3 3 2 2 2
-0.02514973580853836 0 3 3 0 1 1 1 3 1 0 3 0
-0.02514973580853836 0 3 3 0 1 1 2 3 2 0 3 0
-0.02514973580853836 0 3 3 0 2 2 1 3 1 0 3 0
-0.02514973580853836 0 3 3 0 2 2 2 3 2 0 3 0
-0.022549776494768876 0 3 3 0 0 3 1 3 1 0 1 1
-0.02245918533582179 0 3 3 0 0 3 1 3 1 0 2 2
-9.059115894708542e-05 0 3 3 0 0 3 1 3 2 0 2 1
-9.059115894708542e-05 0 3 3 0 0 3 2 3 1 0 1 2
-0.02245918533582179 0 3 3 0 0 3 2 3 2 0 1 1
-0.022549776494768876 0 3 3 0 0 3 2 3 2 0 2 2
-0.003958497562633383 0 3 3 0 0 0 1 1 0 0 0 0
-0.003958497562633383 0 3 3 0 0 0 2 2 0 0 0 0
0.054272457106520705 0 3 0 3 0 0 0 0 0 0 0 0
0.003958497562633386 0 3 0 3 0 0 1 1 0 0 0 0
0.01875860882379076 0 3 0 3 0 0 1 1 1 1 0 0
-0.01559771314522055 0 3 0 3 0 0 1 1 2 2 0 0
0.03435632196901132 0 3 0 3 0 0 1 2 2 1 0 0
0.03435632196901132 0 3 0 3 0 0 2 1 1 2 0 0
0.003958497562633386 0 3 0 3 0 0 2 2 0 0 0 0
-0.01559771314522055 0 3 0 3 0 0 2 2 1 1 0 0
0.01875860882379076 0 3 0 3 0 0 2 2 2 2 0 0
-0.003958497562633379 0 3 0 3 0 0 0 0 1 1 0 0
-0.003958497562633379 0 3 0 3 0 0 0 0 2 2 0 0
0.07027451488043569 0 3 0 0 3 0 0 0 0 0 0 0
0.0710915987124068 0 3 0 0 0 3 0 0 0 0 0 0
0.01707050182624511 0 3 0 0 0 0 1 1 3 0 0 0
-0.017070501826245102 0 3 0 0 0 0 1 1 0 3 0 0
0.01707050182624511 0 3 0 0 0 0 2 2 3 0 0 0
-0.017070501826245102 0 3 0 0 0 0 2 2 0 3 0 0
0.07373627045078933 0 3 0 0 0 0 3 0 0 0 0 0
0.08166429755367755 0 3 0 0 0 0 0 3 0 0 0 0
0.07811820883696197 0 3 0 0 0 0 0 0 3 0 0 0
0.0773852252394838 0 3 0 0 0 0 0 0 0 3 0 0
0.07426916890555085 0 3 0 0 0 0 0 0 0 0 3 0
0.07504615073962902 0 3 0 0 0 0 0 0 0 0 0 3
0.003958497562633375 0 0 1 1 0 0 3 0 3 0 0 0
-0.003958497562633379 0 0 1 1 0 0 0 3 3 0 0 0
-0.003986968046695154 0 0 1 2 0 0 0 0 1 2 0 0
0.003986968046695154 0 0 1 2 0 0 0 0 2 1 0 0
0.0028517920833291167 0 0 1 0 1 3 0 1 0 0 3 1
0.0028517920833291167 0 0 1 0 1 3 0 2 0 0 3 2
-0.0038725542651258183 0 0 1 0 2 0 0 0 1 0 2 0
0.0038725542651258183 0 0 1 0 2 0 0 0 2 0 1 0
0.002951157926685468 0 0 1 0 0 2 0 1 0 0 2 0
-0.002951157926685468 0 0 1 0 0 2 0 2 0 0 1 0
-0.004101087107240657 0 0 1 0 0 2 0 0 1 0 0 2
0.004101087107240657 0 0 1 0 0 2 0 0 2 0 0 1
0.003986968046695154 0 0 2 1 0 0 0 0 1 2 0 0
-0.003986968046695154 0 0 2 1 0 0 0 0 2 1 0 0
0.003958497562633375 0 0 2 2 0 0 3 0 3 0 0 0
-0.003958497562633379 0 0 2 2 0 0 0 3 3 0 0 0
0.0038725542651258183 0 0 2 0 1 0 0 0 1 0 2 0
-0.0038725542651258183 0 0 2 0 1 0 0 0 2 0 1 0
0.0028517920833291167 0 0 2 0 2 3 0 1 0 0 3 1
0.0028517920833291167 0 0 2 0 2 3 0 2 0 0 3 2
-0.002951157926685468 0 0 2 0 0 1 0 1 0 0 2 0
0.002951157926685468 0 0 2 0 0 1 0 2 0 0 1 0
0.004101087107240657 0 0 2 0 0 1 0 0 1 0 0 2
-0.004101087107240657 0 0 2 0 0 1 0 0 2 0 0 1
0.6514932661335764 0 0 3 0 0 0 0 0 0 0 0 0
0.002599959313769487 0 0 3 1 1 3 0 1 3 0 3 1
0.002599959313769487 0 0 3 1 1 3 0 2 3 0 3 2
0.0026905504727165724 0 0 3 1 0 2 0 1 3 0 2 0
-0.0026905504727165724 0 0 3 1 0 2 0 2 3 0 1 0
0.002599959313769487 0 0 3 2 2 3 0 1 3 0 3 1
0.002599959313769487 0 0 3 2 2 3 0 2 3 0 3 2
-0.0026905504727165724 0 0 3 2 0 1 0 1 3 0 2 0
0.0026905504727165724 0 0 3 2 0 1 0 2 3 0 1 0
0.06983003226253752 0 0 3 3 0 0 0 0 0 0 0 0
-0.025149735808538378 0 0 3 3 1 1 0 1 3 1 3 0
-0.025149735808538378 0 0 3 3 1 1 0 2 3 2 3 0
-0.025149735808538378 0 0 3 3 2 2 0 1 3 1 3 0
-0.025149735808538378 0 0 3 3 2 2 0 2 3 2 3 0
-0.022549776494768886 0 0 3 3 0 3 0 1 3 1 1 1
-0.022459185335821804 0 0 3 3 0 3 0 1 3 1 2 2
-9.059115894708596e-05 0 0 3 3 0 3 0 1 3 2 2 1
-9.059115894708596e-05 0 0 3 3 0 3 0 2 3 1 1 2
-0.022459185335821804 0 0 3 3 0 3 0 2 3 2 1 1
-0.022549776494768886 0 0 3 3 0 3 0 2 3 2 2 2
-0.027585746091012636 0 0 3 0 1 1 0 1 1 0 3 0
-0.027585746091012636 0 0 3 0 1 1 0 2 2 0 3 0
-0.027585746091012636 0 0 3 0 2 2 0 1 1 0 3 0
-0.027585746091012636 0 0 3 0 2 2 0 2 2 0 3 0
0.07041144668606097 0 0 3 0 3 0 0 0 0 0 0 0
0.07095763717817406 0 0 3 0 0 3 0 0 0 0 0 0
-0.02473395400768352 0 0 3 0 0 3 0 1 1 0 1 1
-0.024634588164327172 0 0 3 0 0 3 0 1 1 0 2 2
-9.936584335635217e-05 0 0 3 0 0 3 0 1 2 0 2 1
-9.936584335635217e-05 0 0 3 0 0 3 0 2 1 0 1 2
-0.024634588164327172 0 0 3 0 0 3 0 2 2 0 1 1
-0.02473395400768352 0 0 3 0 0 3 0 2 2 0 2 2
0.07738522523948377 0 0 3 0 0 0 3 0 0 0 0 0
0.07811820883696197 0 0 3 0 0 0 0 3 0 0 0 0
0.08179093640262301 0 0 3 0 0 0 0 0 3 0 0 0
0.07381700030923269 0 0 3 0 0 0 0 0 0 3 0 0
0.07428400095118678 0 0 3 0 0 0 0 0 0 0 3 0
0.07505872428541473 0 0 3 0 0 0 0 0 0 0 0 3
-0.0038725542651258235 0 0 0 1 2 0 0 0 0 1 2 0
0.0038725542651258235 0 0 0 1 2 0 0 0 0 2 1 0
-0.00410108710724066 0 0 0 1 0 2 0 0 0 1 0 2
0.00410108710724066 0 0 0 1 0 2 0 0 0 2 0 1
0.0038725542651258235 0 0 0 2 1 0 0 0 0 1 2 0
-0.0038725542651258235 0 0 0 2 1 0 0 0 0 2 1 0
0.00410108710724066 0 0 0 2 0 1 0 0 0 1 0 2
-0.00410108710724066 0 0 0 2 0 1 0 0 0 2 0 1
0.6514932661335819 0 0 0 3 0 0 0 0 0 0 0 0
0.07041144668606096 0 0 0 3 3 0 0 0 0 0 0 0
0.07095763717817405 0 0 0 3 0 3 0 0 0 0 0 0
0.07811820883696194 0 0 0 3 0 0 3 0 0 0 0 0
-0.01707050182624511 0 0 0 3 0 0 3 0 1 1 0 0
-0.01707050182624511 0 0 0 3 0 0 3 0 2 2 0 0
0.0773852252394838 0 0 0 3 0 0 0 3 0 0 0 0
0.017070501826245123 0 0 0 3 0 0 0 3 1 1 0 0
0.017070501826245123 0 0 0 3 0 0 0 3 2 2 0 0
0.07381700030923269 0 0 0 3 0 0 0 0 3 0 0 0
0.081790936402623 0 0 0 3 0 0 0 0 0 3 0 0
0.07428400095118678 0 0 0 3 0 0 0 0 0 0 3 0
0.07505872428541471 0 0 0 3 0 0 0 0 0 0 0 3
-0.04398514016012168 0 0 0 0 1 2 0 0 0 0 1 2
0.04398514016012168 0 0 0 0 1 2 0 0 0 0 2 1
0.04398514016012168 0 0 0 0 2 1 0 0 0 0 1 2
-0.04398514016012168 0 0 0 0 2 1 0 0 0 0 2 1
0.6668058978254408 0 0 0 0 3 0 0 0 0 0 0 0
0.0396420345609744 0 0 0 0 3 3 0 0 0 0 0 0
0.07426916890555083 0 0 0 0 3 0 3 0 0 0 0 0
0.07426916890555085 0 0 0 0 3 0 0 3 0 0 0 0
0.07428400095118678 0 0 0 0 3 0 0 0 3 0 0 0
0.07428400095118678 0 0 0 0 3 0 0 0 0 3 0 0
0.08304063765349912 0 0 0 0 3 0 0 0 0 0 3 0
0.08362717472109607 0 0 0 0 3 0 0 0 0 0 0 3
0.6532716576951655 0 0 0 0 0 3 0 0 0 0 0 0
0.07504615073962899 0 0 0 0 0 3 3 0 0 0 0 0
0.07504615073962902 0 0 0 0 0 3 0 3 0 0 0 0
0.07505872428541473 0 0 0 0 0 3 0 0 3 0 0 0
0.07505872428541471 0 0 0 0 0 3 0 0 0 3 0 0
0.08362717472109607 0 0 0 0 0 3 0 0 0 0 3 0
0.08454900384231125 0 0 0 0 0 3 0 0 0 0 0 3
0.6533510543168353 0 0 0 0 0 0 3 0 0 0 0 0
0.06977225689934523 0 0 0 0 0 0 3 3 0 0 0 0
0.05427245710652068 0 0 0 0 0 0 3 0 3 0 0 0
0.05111156142795046 0 0 0 0 0 0 3 0 0 3 0 0
0.07027451488043567 0 0 0 0 0 0 3 0 0 0 3 0
0.07109159871240678 0 0 0 0 0 0 3 0 0 0 0 3
0.6533510543168376 0 0 0 0 0 0 0 3 0 0 0 0
0.05111156142795048 0 0 0 0 0 0 0 3 3 0 0 0
0.054272457106520705 0 0 0 0 0 0 0 3 0 3 0 0
0.07027451488043569 0 0 0 0 0 0 0 3 0 0 3 0
0.0710915987124068 0 0 0 0 0 0 0 3 0 0 0 3
0.6514932661335767 0 0 0 0 0 0 0 0 3 0 0 0
0.06983003226253752 0 0 0 0 0 0 0 0 3 3 0 0
0.07041144668606097 0 0 0 0 0 0 0 0 3 0 3 0
0.07095763717817406 0 0 0 0 0 0 0 0 3 0 0 3
0.6514932661335823 0 0 0 0 0 0 0 0 0 3 0 0
0.07041144668606096 0 0 0 0 0 0 0 0 0 3 3 0
0.07095763717817405 0 0 0 0 0 0 0 0 0 3 0 3
0.6668058978254411 0 0 0 0 0 0 0 0 0 0 3 0
0.0396420345609744 0 0 0 0 0 0 0 0 0 0 3 3
0.6532716576951656 0 0 0 0 0 0 0 0 0 0 0 3
