-5085.704858395458 0 0 0 0 0 0 0 0 0 0 0 0
-0.032115558559600306 1 1 1 1 0 0 3 0 3 0 0 0
0.0012820349359372722 1 1 2 2 0 0 3 0 3 0 0 0
0.006295822519771137 1 1 3 0 0 0 3 0 0 0 0 0
-0.006295822519771029 1 1 0 3 0 0 3 0 0 0 0 0
0.00368567611686995 1 1 0 3 0 0 3 0 1 1 0 0
0.00368567611686995 1 1 0 3 0 0 3 0 2 2 0 0
-0.0015051385615468852 1 1 0 0 0 0 3 0 3 0 0 0
0.001505138561547052 1 1 0 0 0 0 3 0 0 3 0 0
-0.03339759349553758 1 2 2 1 0 0 3 0 3 0 0 0
-0.003961788421045293 1 2 0 0 0 0 1 2 0 0 0 0
0.003961788421045293 1 2 0 0 0 0 2 1 0 0 0 0
-0.006230996616953699 1 3 1 0 1 1 3 3 0 0 3 0
-0.006196942424744776 1 3 1 0 2 2 3 3 0 0 3 0
-0.006965874306671187 1 3 1 0 0 3 3 3 0 0 1 1
-0.006965874306671187 1 3 1 0 0 3 3 3 0 0 2 2
-0.002403641180932678 1 3 2 3 0 0 3 1 3 2 0 0
0.002403641180932678 1 3 2 3 0 0 3 2 3 1 0 0
-3.405419220892152e-05 1 3 2 0 2 1 3 3 0 0 3 0
-0.00780096108131802 1 3 2 0 0 0 3 1 2 0 0 0
0.00780096108131802 1 3 2 0 0 0 3 2 1 0 0 0
-0.03173929850814583 1 3 3 1 1 1 3 3 3 0 3 0
-0.03156583409491988 1 3 3 1 2 2 3 3 3 0 3 0
-0.035482600550303445 1 3 3 1 0 3 3 3 3 0 1 1
-0.035482600550303445 1 3 3 1 0 3 3 3 3 0 2 2
-0.00017346441322594832 1 3 3 2 2 1 3 3 3 0 3 0
0.0039167664553835585 1 3 3 3 2 3 3 3 3 1 3 2
-0.0039167664553835585 1 3 3 3 2 3 3 3 3 2 3 1
0.0037433020421576107 1 3 3 3 0 1 3 3 3 1 1 0
0.0037433020421576107 1 3 3 3 0 1 3 3 3 2 2 0
0.0007689318819264111 1 3 3 0 2 3 3 3 1 0 3 2
-0.0007689318819264111 1 3 3 0 2 3 3 3 2 0 3 1
0.0007348776897174893 1 3 3 0 0 1 3 3 1 0 1 0
0.0007348776897174893 1 3 3 0 0 1 3 3 2 0 2 0
-0.03580123467647026 1 3 0 1 0 0 3 1 1 0 0 0
-0.03580123467647026 1 3 0 1 0 0 3 2 2 0 0 0
0.00780096108131808 1 3 0 2 0 0 3 1 0 2 0 0
-0.00780096108131808 1 3 0 2 0 0 3 2 0 1 0 0
-0.007800961081318023 1 0 2 3 0 0 1 0 3 2 0 0
0.007800961081318023 1 0 2 3 0 0 2 0 3 1 0 0
-0.005466579833732783 1 0 2 0 0 0 1 0 2 0 0 0
0.005466579833732783 1 0 2 0 0 0 2 0 1 0 0 0
-0.007800961081318023 1 0 0 1 0 0 1 0 1 0 0 0
-0.007800961081318023 1 0 0 1 0 0 2 0 2 0 0 0
-0.04367145569113568 1 0 0 2 0 0 1 0 0 2 0 0
0.04367145569113568 1 0 0 2 0 0 2 0 0 1 0 0
-0.004013946124284965 1 0 0 0 2 0 1 0 0 0 2 0
0.004013946124284965 1 0 0 0 2 0 2 0 0 0 1 0
-0.003974516213980498 1 0 0 0 0 2 1 0 0 0 0 2
0.003974516213980498 1 0 0 0 0 2 2 0 0 0 0 1
-0.03339759349553758 2 1 1 2 0 0 3 0 3 0 0 0
0.003961788421045293 2 1 0 0 0 0 1 2 0 0 0 0
-0.003961788421045293 2 1 0 0 0 0 2 1 0 0 0 0
0.0012820349359372722 2 2 1 1 0 0 3 0 3 0 0 0
-0.032115558559600306 2 2 2 2 0 0 3 0 3 0 0 0
0.006295822519771137 2 2 3 0 0 0 3 0 0 0 0 0
-0.006295822519771029 2 2 0 3 0 0 3 0 0 0 0 0
0.00368567611686995 2 2 0 3 0 0 3 0 1 1 0 0
0.00368567611686995 2 2 0 3 0 0 3 0 2 2 0 0
-0.0015051385615468852 2 2 0 0 0 0 3 0 3 0 0 0
0.001505138561547052 2 2 0 0 0 0 3 0 0 3 0 0
0.002403641180932678 2 3 1 3 0 0 3 1 3 2 0 0
-0.002403641180932678 2 3 1 3 0 0 3 2 3 1 0 0
-3.405419220892152e-05 2 3 1 0 1 2 3 3 0 0 3 0
0.00780096108131802 2 3 1 0 0 0 3 1 2 0 0 0
-0.00780096108131802 2 3 1 0 0 0 3 2 1 0 0 0
-0.006196942424744776 2 3 2 0 1 1 3 3 0 0 3 0
-0.006230996616953699 2 3 2 0 2 2 3 3 0 0 3 0
-0.006965874306671187 2 3 2 0 0 3 3 3 0 0 1 1
-0.006965874306671187 2 3 2 0 0 3 3 3 0 0 2 2
-0.00017346441322594832 2 3 3 1 1 2 3 3 3 0 3 0
-0.03156583409491988 2 3 3 2 1 1 3 3 3 0 3 0
-0.03173929850814583 2 3 3 2 2 2 3 3 3 0 3 0
-0.035482600550303445 2 3 3 2 0 3 3 3 3 0 1 1
-0.035482600550303445 2 3 3 2 0 3 3 3 3 0 2 2
-0.0039167664553835585 2 3 3 3 1 3 3 3 3 1 3 2
0.0039167664553835585 2 3 3 3 1 3 3 3 3 2 3 1
0.0037433020421576107 2 3 3 3 0 2 3 3 3 1 1 0
0.0037433020421576107 2 3 3 3 0 2 3 3 3 2 2 0
-0.0007689318819264111 2 3 3 0 1 3 3 3 1 0 3 2
0.0007689318819264111 2 3 3 0 1 3 3 3 2 0 3 1
0.0007348776897174893 2 3 3 0 0 2 3 3 1 0 1 0
0.0007348776897174893 2 3 3 0 0 2 3 3 2 0 2 0
-0.00780096108131808 2 3 0 1 0 0 3 1 0 2 0 0
0.00780096108131808 2 3 0 1 0 0 3 2 0 1 0 0
-0.03580123467647026 2 3 0 2 0 0 3 1 1 0 0 0
-0.03580123467647026 2 3 0 2 0 0 3 2 2 0 0 0
0.007800961081318023 2 0 1 3 0 0 1 0 3 2 0 0
-0.007800961081318023 2 0 1 3 0 0 2 0 3 1 0 0
0.005466579833732783 2 0 1 0 0 0 1 0 2 0 0 0
-0.005466579833732783 2 0 1 0 0 0 2 0 1 0 0 0
0.04367145569113568 2 0 0 1 0 0 1 0 0 2 0 0
-0.04367145569113568 2 0 0 1 0 0 2 0 0 1 0 0
-0.007800961081318023 2 0 0 2 0 0 1 0 1 0 0 0
-0.007800961081318023 2 0 0 2 0 0 2 0 2 0 0 0
0.004013946124284965 2 0 0 0 1 0 1 0 0 0 2 0
-0.004013946124284965 2 0 0 0 1 0 2 0 0 0 1 0
0.003974516213980498 2 0 0 0 0 1 1 0 0 0 0 2
-0.003974516213980498 2 0 0 0 0 1 2 0 0 0 0 1
0.6621096871973815 3 0 0 0 0 0 0 0 0 0 0 0
0.07071787778892481 3 3 0 0 0 0 0 0 0 0 0 0
0.006295822519771104 3 0 1 1 0 0 0 0 3 0 0 0
0.006295822519771104 3 0 2 2 0 0 0 0 3 0 0 0
0.0695695091479957 3 0 3 0 0 0 0 0 0 0 0 0
0.03873598552433258 3 0 0 3 0 0 0 0 0 0 0 0
-0.0015051385615469188 3 0 0 3 0 0 0 0 1 1 0 0
-0.0015051385615469188 3 0 0 3 0 0 0 0 2 2 0 0
0.07122795908927049 3 0 0 0 3 0 0 0 0 0 0 0
0.07234904731773564 3 0 0 0 0 3 0 0 0 0 0 0
0.08260324305206072 3 0 0 0 0 0 3 0 0 0 0 0
0.0746796662099701 3 0 0 0 0 0 0 3 0 0 0 0
0.07503608898172848 3 0 0 0 0 0 0 0 3 0 0 0
0.08240744121546825 3 0 0 0 0 0 0 0 0 3 0 0
0.07524190521355545 3 0 0 0 0 0 0 0 0 0 3 0
0.07632356353171615 3 0 0 0 0 0 0 0 0 0 0 3
-0.03580123467647026 0 1 1 3 0 0 1 0 3 1 0 0
-0.03580123467647026 0 1 1 3 0 0 2 0 3 2 0 0
-0.03173929850814584 0 1 1 0 1 1 0 3 0 0 3 0
-0.031565834094919885 0 1 1 0 2 2 0 3 0 0 3 0
-0.035482600550303445 0 1 1 0 0 3 0 3 0 0 1 1
-0.035482600550303445 0 1 1 0 0 3 0 3 0 0 2 2
-0.007800961081318022 0 1 1 0 0 0 1 0 1 0 0 0
-0.007800961081318022 0 1 1 0 0 0 2 0 2 0 0 0
0.007800961081318086 0 1 2 3 0 0 0 1 3 2 0 0
-0.007800961081318086 0 1 2 3 0 0 0 2 3 1 0 0
-0.00017346441322594773 0 1 2 0 2 1 0 3 0 0 3 0
-0.04367145569113574 0 1 2 0 0 0 0 1 2 0 0 0
0.04367145569113574 0 1 2 0 0 0 0 2 1 0 0 0
0.006230996616953752 0 1 3 1 1 1 0 3 3 0 3 0
0.006196942424744831 0 1 3 1 2 2 0 3 3 0 3 0
0.006965874306671243 0 1 3 1 0 3 0 3 3 0 1 1
0.006965874306671243 0 1 3 1 0 3 0 3 3 0 2 2
3.40541922089218e-05 0 1 3 2 2 1 0 3 3 0 3 0
-0.0007689318819264152 0 1 3 3 2 3 0 3 3 1 3 2
0.0007689318819264152 0 1 3 3 2 3 0 3 3 2 3 1
-0.0007348776897174933 0 1 3 3 0 1 0 3 3 1 1 0
-0.0007348776897174933 0 1 3 3 0 1 0 3 3 2 2 0
0.00391676645538356 0 1 3 0 2 3 0 3 1 0 3 2
-0.00391676645538356 0 1 3 0 2 3 0 3 2 0 3 1
0.003743302042157614 0 1 3 0 0 1 0 3 1 0 1 0
0.003743302042157614 0 1 3 0 0 1 0 3 2 0 2 0
0.00780096108131808 0 1 0 1 0 0 1 0 0 1 0 0
0.00780096108131808 0 1 0 1 0 0 2 0 0 2 0 0
0.007800961081318086 0 1 0 1 0 0 0 1 1 0 0 0
0.007800961081318086 0 1 0 1 0 0 0 2 2 0 0 0
-0.002403641180932678 0 1 0 2 0 0 1 0 2 0 0 0
0.002403641180932678 0 1 0 2 0 0 2 0 1 0 0 0
-0.0054665798337328025 0 1 0 2 0 0 0 1 0 2 0 0
0.0054665798337328025 0 1 0 2 0 0 0 2 0 1 0 0
-0.004013946124284966 0 1 0 0 2 0 0 1 0 0 2 0
0.004013946124284966 0 1 0 0 2 0 0 2 0 0 1 0
-0.003974516213980501 0 1 0 0 0 2 0 1 0 0 0 2
0.003974516213980501 0 1 0 0 0 2 0 2 0 0 0 1
-0.007800961081318086 0 2 1 3 0 0 0 1 3 2 0 0
0.007800961081318086 0 2 1 3 0 0 0 2 3 1 0 0
-0.00017346441322594773 0 2 1 0 1 2 0 3 0 0 3 0
0.04367145569113574 0 2 1 0 0 0 0 1 2 0 0 0
-0.04367145569113574 0 2 1 0 0 0 0 2 1 0 0 0
-0.03580123467647026 0 2 2 3 0 0 1 0 3 1 0 0
-0.03580123467647026 0 2 2 3 0 0 2 0 3 2 0 0
-0.031565834094919885 0 2 2 0 1 1 0 3 0 0 3 0
-0.03173929850814584 0 2 2 0 2 2 0 3 0 0 3 0
-0.035482600550303445 0 2 2 0 0 3 0 3 0 0 1 1
-0.035482600550303445 0 2 2 0 0 3 0 3 0 0 2 2
-0.007800961081318022 0 2 2 0 0 0 1 0 1 0 0 0
-0.007800961081318022 0 2 2 0 0 0 2 0 2 0 0 0
3.40541922089218e-05 0 2 3 1 1 2 0 3 3 0 3 0
0.006196942424744831 0 2 3 2 1 1 0 3 3 0 3 0
0.006230996616953752 0 2 3 2 2 2 0 3 3 0 3 0
0.006965874306671243 0 2 3 2 0 3 0 3 3 0 1 1
0.006965874306671243 0 2 3 2 0 3 0 3 3 0 2 2
0.0007689318819264152 0 2 3 3 1 3 0 3 3 1 3 2
-0.0007689318819264152 0 2 3 3 1 3 0 3 3 2 3 1
-0.0007348776897174933 0 2 3 3 0 2 0 3 3 1 1 0
-0.0007348776897174933 0 2 3 3 0 2 0 3 3 2 2 0
-0.00391676645538356 0 2 3 0 1 3 0 3 1 0 3 2
0.00391676645538356 0 2 3 0 1 3 0 3 2 0 3 1
0.003743302042157614 0 2 3 0 0 2 0 3 1 0 1 0
0.003743302042157614 0 2 3 0 0 2 0 3 2 0 2 0
0.002403641180932678 0 2 0 1 0 0 1 0 2 0 0 0
-0.002403641180932678 0 2 0 1 0 0 2 0 1 0 0 0
0.0054665798337328025 0 2 0 1 0 0 0 1 0 2 0 0
-0.0054665798337328025 0 2 0 1 0 0 0 2 0 1 0 0
0.00780096108131808 0 2 0 2 0 0 1 0 0 1 0 0
0.00780096108131808 0 2 0 2 0 0 2 0 0 2 0 0
0.007800961081318086 0 2 0 2 0 0 0 1 1 0 0 0
0.007800961081318086 0 2 0 2 0 0 0 2 2 0 0 0
0.004013946124284966 0 2 0 0 1 0 0 1 0 0 2 0
-0.004013946124284966 0 2 0 0 1 0 0 2 0 0 1 0
0.003974516213980501 0 2 0 0 0 1 0 1 0 0 0 2
-0.003974516213980501 0 2 0 0 0 1 0 2 0 0 0 1
0.6621096871973833 0 3 0 0 0 0 0 0 0 0 0 0
0.00368567611686995 0 3 1 1 0 0 1 1 3 0 0 0
0.00368567611686995 0 3 1 1 0 0 2 2 3 0 0 0
-0.006295822519771079 0 3 1 1 0 0 0 0 3 0 0 0
0.0007348776897174893 0 3 1 0 1 3 1 3 0 0 3 1
0.0007348776897174893 0 3 1 0 1 3 2 3 0 0 3 2
0.0007689318819264111 0 3 1 0 0 2 1 3 0 0 2 0
-0.0007689318819264111 0 3 1 0 0 2 2 3 0 0 1 0
0.00368567611686995 0 3 2 2 0 0 1 1 3 0 0 0
0.00368567611686995 0 3 2 2 0 0 2 2 3 0 0 0
-0.006295822519771079 0 3 2 2 0 0 0 0 3 0 0 0
0.0007348776897174893 0 3 2 0 2 3 1 3 0 0 3 1
0.0007348776897174893 0 3 2 0 2 3 2 3 0 0 3 2
-0.0007689318819264111 0 3 2 0 0 1 1 3 0 0 2 0
0.0007689318819264111 0 3 2 0 0 1 2 3 0 0 1 0
0.03873598552433265 0 3 3 0 0 0 0 0 0 0 0 0
0.0037433020421576107 0 3 3 1 1 3 1 3 3 0 3 1
0.0037433020421576107 0 3 3 1 1 3 2 3 3 0 3 2
0.0039167664553835585 0 3 3 1 0 2 1 3 3 0 2 0
-0.0039167664553835585 0 3 3 1 0 2 2 3 3 0 1 0
0.0037433020421576107 0 3 3 2 2 3 1 3 3 0 3 1
0.0037433020421576107 0 3 3 2 2 3 2 3 3 0 3 2
-0.0039167664553835585 0 3 3 2 0 1 1 3 3 0 2 0
0.0039167664553835585 0 3 3 2 0 1 2 3 3 0 1 0
-0.035482600550303445 0 3 3 3 1 1 1 3 3 1 3 0
-0.035482600550303445 0 3 3 3 1 1 2 3 3 2 3 0
-0.035482600550303445 0 3 3 3 2 2 1 3 3 1 3 0
-0.035482600550303445 0 3 3 3 2 2 2 3 3 2 3 0
-0.03173929850814583 0 3 3 3 0 3 1 3 3 1 1 1
-0.03156583409491988 0 3 3 3 0 3 1 3 3 1 2 2
-0.00017346441322594832 0 3 3 3 0 3 1 3 3 2 2 1
-0.00017346441322594832 0 3 3 3 0 3 2 3 3 1 1 2
-0.03156583409491988 0 3 3 3 0 3 2 3 3 2 1 1
-0.03173929850814583 0 3 3 3 0 3 2 3 3 2 2 2
-0.006965874306671187 0 3 3 0 1 1 1 3 1 0 3 0
-0.006965874306671187 0 3 3 0 1 1 2 3 2 0 3 0
-0.006965874306671187 0 3 3 0 2 2 1 3 1 0 3 0
-0.006965874306671187 0 3 3 0 2 2 2 3 2 0 3 0
-0.006230996616953699 0 3 3 0 0 3 1 3 1 0 1 1
-0.006196942424744776 0 3 3 0 0 3 1 3 1 0 2 2
-3.405419220892152e-05 0 3 3 0 0 3 1 3 2 0 2 1
-3.405419220892152e-05 0 3 3 0 0 3 2 3 1 0 1 2
-0.006196942424744776 0 3 3 0 0 3 2 3 2 0 1 1
-0.006230996616953699 0 3 3 0 0 3 2 3 2 0 2 2
-0.0015051385615468852 0 3 3 0 0 0 1 1 0 0 0 0
-0.0015051385615468852 0 3 3 0 0 0 2 2 0 0 0 0
0.0695695091479955 0 3 0 3 0 0 0 0 0 0 0 0
0.001505138561547052 0 3 0 3 0 0 1 1 0 0 0 0
-0.032115558559600306 0 3 0 3 0 0 1 1 1 1 0 0
0.0012820349359372722 0 3 0 3 0 0 1 1 2 2 0 0
-0.03339759349553758 0 3 0 3 0 0 1 2 2 1 0 0
-0.03339759349553758 0 3 0 3 0 0 2 1 1 2 0 0
0.001505138561547052 0 3 0 3 0 0 2 2 0 0 0 0
0.0012820349359372722 0 3 0 3 0 0 2 2 1 1 0 0
-0.032115558559600306 0 3 0 3 0 0 2 2 2 2 0 0
0.0015051385615470064 0 3 0 3 0 0 0 0 1 1 0 0
0.0015051385615470064 0 3 0 3 0 0 0 0 2 2 0 0
0.07122795908927046 0 3 0 0 3 0 0 0 0 0 0 0
0.0723490473177356 0 3 0 0 0 3 0 0 0 0 0 0
0.006295822519771137 0 3 0 0 0 0 1 1 3 0 0 0
-0.006295822519771029 0 3 0 0 0 0 1 1 0 3 0 0
0.006295822519771137 0 3 0 0 0 0 2 2 3 0 0 0
-0.006295822519771029 0 3 0 0 0 0 2 2 0 3 0 0
0.0746796662099701 0 3 0 0 0 0 3 0 0 0 0 0
0.08260324305206067 0 3 0 0 0 0 0 3 0 0 0 0
0.08240744121546839 0 3 0 0 0 0 0 0 3 0 0 0
0.07503608898172831 0 3 0 0 0 0 0 0 0 3 0 0
0.07524190521355542 0 3 0 0 0 0 0 0 0 0 3 0
0.0763235635317161 0 3 0 0 0 0 0 0 0 0 0 3
-0.0015051385615469188 0 0 1 1 0 0 3 0 3 0 0 0
0.0015051385615470064 0 0 1 1 0 0 0 3 3 0 0 0
-0.004000945344196756 0 0 1 2 0 0 0 0 1 2 0 0
0.004000945344196756 0 0 1 2 0 0 0 0 2 1 0 0
0.003743302042157614 0 0 1 0 1 3 0 1 0 0 3 1
0.003743302042157614 0 0 1 0 1 3 0 2 0 0 3 2
-0.003854175733976604 0 0 1 0 2 0 0 0 1 0 2 0
0.003854175733976604 0 0 1 0 2 0 0 0 2 0 1 0
0.00391676645538356 0 0 1 0 0 2 0 1 0 0 2 0
-0.00391676645538356 0 0 1 0 0 2 0 2 0 0 1 0
-0.004164812610069425 0 0 1 0 0 2 0 0 1 0 0 2
0.004164812610069425 0 0 1 0 0 2 0 0 2 0 0 1
0.004000945344196756 0 0 2 1 0 0 0 0 1 2 0 0
-0.004000945344196756 0 0 2 1 0 0 0 0 2 1 0 0
-0.0015051385615469188 0 0 2 2 0 0 3 0 3 0 0 0
0.0015051385615470064 0 0 2 2 0 0 0 3 3 0 0 0
0.003854175733976604 0 0 2 0 1 0 0 0 1 0 2 0
-0.003854175733976604 0 0 2 0 1 0 0 0 2 0 1 0
0.003743302042157614 0 0 2 0 2 3 0 1 0 0 3 1
0.003743302042157614 0 0 2 0 2 3 0 2 0 0 3 2
-0.00391676645538356 0 0 2 0 0 1 0 1 0 0 2 0
0.00391676645538356 0 0 2 0 0 1 0 2 0 0 1 0
0.004164812610069425 0 0 2 0 0 1 0 0 1 0 0 2
-0.004164812610069425 0 0 2 0 0 1 0 0 2 0 0 1
0.6589058463489531 0 0 3 0 0 0 0 0 0 0 0 0
-0.0007348776897174933 0 0 3 1 1 3 0 1 3 0 3 1
-0.0007348776897174933 0 0 3 1 1 3 0 2 3 0 3 2
-0.0007689318819264152 0 0 3 1 0 2 0 1 3 0 2 0
0.0007689318819264152 0 0 3 1 0 2 0 2 3 0 1 0
-0.0007348776897174933 0 0 3 2 2 3 0 1 3 0 3 1
-0.0007348776897174933 0 0 3 2 2 3 0 2 3 0 3 2
0.0007689318819264152 0 0 3 2 0 1 0 1 3 0 2 0
-0.0007689318819264152 0 0 3 2 0 1 0 2 3 0 1 0
0.07080273325925951 0 0 3 3 0 0 0 0 0 0 0 0
0.006965874306671243 0 0 3 3 1 1 0 1 3 1 3 0
0.006965874306671243 0 0 3 3 1 1 0 2 3 2 3 0
0.006965874306671243 0 0 3 3 2 2 0 1 3 1 3 0
0.006965874306671243 0 0 3 3 2 2 0 2 3 2 3 0
0.006230996616953752 0 0 3 3 0 3 0 1 3 1 1 1
0.006196942424744831 0 0 3 3 0 3 0 1 3 1 2 2
3.40541922089218e-05 0 0 3 3 0 3 0 1 3 2 2 1
3.40541922089218e-05 0 0 3 3 0 3 0 2 3 1 1 2
0.006196942424744831 0 0 3 3 0 3 0 2 3 2 1 1
0.006230996616953752 0 0 3 3 0 3 0 2 3 2 2 2
-0.035482600550303445 0 0 3 0 1 1 0 1 1 0 3 0
-0.035482600550303445 0 0 3 0 1 1 0 2 2 0 3 0
-0.035482600550303445 0 0 3 0 2 2 0 1 1 0 3 0
-0.035482600550303445 0 0 3 0 2 2 0 2 2 0 3 0
0.07140177197158878 0 0 3 0 3 0 0 0 0 0 0 0
0.07216789728772528 0 0 3 0 0 3 0 0 0 0 0 0
-0.03173929850814584 0 0 3 0 0 3 0 1 1 0 1 1
-0.031565834094919885 0 0 3 0 0 3 0 1 1 0 2 2
-0.00017346441322594773 0 0 3 0 0 3 0 1 2 0 2 1
-0.00017346441322594773 0 0 3 0 0 3 0 2 1 0 1 2
-0.031565834094919885 0 0 3 0 0 3 0 2 2 0 1 1
-0.03173929850814584 0 0 3 0 0 3 0 2 2 0 2 2
0.07503608898172848 0 0 3 0 0 0 3 0 0 0 0 0
0.08240744121546839 0 0 3 0 0 0 0 3 0 0 0 0
0.08280556929184994 0 0 3 0 0 0 0 0 3 0 0 0
0.07480367860345627 0 0 3 0 0 0 0 0 0 3 0 0
0.0752559477055654 0 0 3 0 0 0 0 0 0 0 3 0
0.07633270989779473 0 0 3 0 0 0 0 0 0 0 0 3
-0.0038541757339765987 0 0 0 1 2 0 0 0 0 1 2 0
0.0038541757339765987 0 0 0 1 2 0 0 0 0 2 1 0
-0.004164812610069418 0 0 0 1 0 2 0 0 0 1 0 2
0.004164812610069418 0 0 0 1 0 2 0 0 0 2 0 1
0.0038541757339765987 0 0 0 2 1 0 0 0 0 1 2 0
-0.0038541757339765987 0 0 0 2 1 0 0 0 0 2 1 0
0.004164812610069418 0 0 0 2 0 1 0 0 0 1 0 2
-0.004164812610069418 0 0 0 2 0 1 0 0 0 2 0 1
0.6589058463489532 0 0 0 3 0 0 0 0 0 0 0 0
0.07140177197158866 0 0 0 3 3 0 0 0 0 0 0 0
0.07216789728772514 0 0 0 3 0 3 0 0 0 0 0 0
0.08240744121546825 0 0 0 3 0 0 3 0 0 0 0 0
0.006295822519771104 0 0 0 3 0 0 3 0 1 1 0 0
0.006295822519771104 0 0 0 3 0 0 3 0 2 2 0 0
0.07503608898172831 0 0 0 3 0 0 0 3 0 0 0 0
-0.006295822519771079 0 0 0 3 0 0 0 3 1 1 0 0
-0.006295822519771079 0 0 0 3 0 0 0 3 2 2 0 0
0.07480367860345627 0 0 0 3 0 0 0 0 3 0 0 0
0.08280556929184965 0 0 0 3 0 0 0 0 0 3 0 0
0.07525594770556526 0 0 0 3 0 0 0 0 0 0 3 0
0.07633270989779457 0 0 0 3 0 0 0 0 0 0 0 3
-0.04252990098227089 0 0 0 0 1 2 0 0 0 0 1 2
0.04252990098227089 0 0 0 0 1 2 0 0 0 0 2 1
0.04252990098227089 0 0 0 0 2 1 0 0 0 0 1 2
-0.04252990098227089 0 0 0 0 2 1 0 0 0 0 2 1
0.6797965842045318 0 0 0 0 3 0 0 0 0 0 0 0
0.042372701409642693 0 0 0 0 3 3 0 0 0 0 0 0
0.07524190521355545 0 0 0 0 3 0 3 0 0 0 0 0
0.07524190521355542 0 0 0 0 3 0 0 3 0 0 0 0
0.0752559477055654 0 0 0 0 3 0 0 0 3 0 0 0
0.07525594770556526 0 0 0 0 3 0 0 0 0 3 0 0
0.08418239735154379 0 0 0 0 3 0 0 0 0 0 3 0
0.08490260239191358 0 0 0 0 3 0 0 0 0 0 0 3
0.6586876457883413 0 0 0 0 0 3 0 0 0 0 0 0
0.07632356353171615 0 0 0 0 0 3 3 0 0 0 0 0
0.0763235635317161 0 0 0 0 0 3 0 3 0 0 0 0
0.07633270989779473 0 0 0 0 0 3 0 0 3 0 0 0
0.07633270989779457 0 0 0 0 0 3 0 0 0 3 0 0
0.08490260239191358 0 0 0 0 0 3 0 0 0 0 3 0
0.08618651292095489 0 0 0 0 0 3 0 0 0 0 0 3
0.662109687197382 0 0 0 0 0 0 3 0 0 0 0 0
0.07071787778892481 0 0 0 0 0 0 3 3 0 0 0 0
0.0695695091479957 0 0 0 0 0 0 3 0 3 0 0 0
0.03873598552433258 0 0 0 0 0 0 3 0 0 3 0 0
0.07122795908927049 0 0 0 0 0 0 3 0 0 0 3 0
0.07234904731773564 0 0 0 0 0 0 3 0 0 0 0 3
0.6621096871973836 0 0 0 0 0 0 0 3 0 0 0 0
0.03873598552433265 0 0 0 0 0 0 0 3 3 0 0 0
0.0695695091479955 0 0 0 0 0 0 0 3 0 3 0 0
0.07122795908927046 0 0 0 0 0 0 0 3 0 0 3 0
0.0723490473177356 0 0 0 0 0 0 0 3 0 0 0 3
0.6589058463489528 0 0 0 0 0 0 0 0 3 0 0 0
0.07080273325925951 0 0 0 0 0 0 0 0 3 3 0 0
0.07140177197158878 0 0 0 0 0 0 0 0 3 0 3 0
0.07216789728772528 0 0 0 0 0 0 0 0 3 0 0 3
0.658905846348953 0 0 0 0 0 0 0 0 0 3 0 0
0.07140177197158866 0 0 0 0 0 0 0 0 0 3 3 0
0.07216789728772514 0 0 0 0 0 0 0 0 0 3 0 3
0.6797965842045316 0 0 0 0 0 0 0 0 0 0 3 0
0.042372701409642693 0 0 0 0 0 0 0 0 0 0 3 3
0.6586876457883416 0 0 0 0 0 0 0 0 0 0 0 3
