-905.3268239745665 0 0 0 0 0 0 0 0 0 0
0.00012664927682382477 1 1 1 3 1 3 0 3 3 0
-0.002577081786146072 1 1 2 3 2 3 0 3 3 0
0.0010008556632711803 1 1 0 1 1 3 0 0 3 0
-0.020365587274258305 1 1 0 2 2 3 0 0 3 0
0.00022037216839830312 1 1 0 3 3 3 0 1 3 1
0.00022037216839830312 1 1 0 3 3 3 0 2 3 2
0.0017415080314718428 1 1 0 0 3 3 0 0 1 1
0.0017415080314718428 1 1 0 0 3 3 0 0 2 2
0.0027037310629698967 1 2 2 3 1 3 0 3 3 0
0.021366442937529484 1 2 0 2 1 3 0 0 3 0
-0.005807884474254892 1 2 0 0 0 1 2 0 0 0
0.005807884474254892 1 2 0 0 0 2 1 0 0 0
-0.0027974539545443746 1 3 2 3 3 3 1 3 3 2
0.0027974539545443746 1 3 2 3 3 3 2 3 3 1
-0.022107095305730146 1 3 0 2 3 3 1 0 3 2
0.022107095305730146 1 3 0 2 3 3 2 0 3 1
-9.37228915744783e-05 1 3 0 3 1 3 1 1 3 0
-9.37228915744783e-05 1 3 0 3 1 3 2 2 3 0
-0.000740652368200663 1 3 0 0 1 3 1 0 1 0
-0.000740652368200663 1 3 0 0 1 3 2 0 2 0
-0.0040504321258316555 1 0 2 3 0 1 0 3 2 0
0.0040504321258316555 1 0 2 3 0 2 0 3 1 0
-0.004418655316687399 1 0 2 0 0 1 0 2 0 0
0.004418655316687399 1 0 2 0 0 2 0 1 0 0
-0.0040504321258316555 1 0 0 1 0 1 0 1 0 0
-0.0040504321258316555 1 0 0 1 0 2 0 2 0 0
-0.0359149613789727 1 0 0 2 0 1 0 0 2 0
0.0359149613789727 1 0 0 2 0 2 0 0 1 0
-0.00554542038375006 1 0 0 0 2 1 0 0 0 2
0.00554542038375006 1 0 0 0 2 2 0 0 0 1
0.0027037310629698967 2 1 1 3 2 3 0 3 3 0
0.021366442937529484 2 1 0 1 2 3 0 0 3 0
0.005807884474254892 2 1 0 0 0 1 2 0 0 0
-0.005807884474254892 2 1 0 0 0 2 1 0 0 0
-0.002577081786146072 2 2 1 3 1 3 0 3 3 0
0.00012664927682382477 2 2 2 3 2 3 0 3 3 0
-0.020365587274258305 2 2 0 1 1 3 0 0 3 0
0.0010008556632711803 2 2 0 2 2 3 0 0 3 0
0.00022037216839830312 2 2 0 3 3 3 0 1 3 1
0.00022037216839830312 2 2 0 3 3 3 0 2 3 2
0.0017415080314718428 2 2 0 0 3 3 0 0 1 1
0.0017415080314718428 2 2 0 0 3 3 0 0 2 2
0.0027974539545443746 2 3 1 3 3 3 1 3 3 2
-0.0027974539545443746 2 3 1 3 3 3 2 3 3 1
0.022107095305730146 2 3 0 1 3 3 1 0 3 2
-0.022107095305730146 2 3 0 1 3 3 2 0 3 1
-9.37228915744783e-05 2 3 0 3 2 3 1 1 3 0
-9.37228915744783e-05 2 3 0 3 2 3 2 2 3 0
-0.000740652368200663 2 3 0 0 2 3 1 0 1 0
-0.000740652368200663 2 3 0 0 2 3 2 0 2 0
0.0040504321258316555 2 0 1 3 0 1 0 3 2 0
-0.0040504321258316555 2 0 1 3 0 2 0 3 1 0
0.004418655316687399 2 0 1 0 0 1 0 2 0 0
-0.004418655316687399 2 0 1 0 0 2 0 1 0 0
0.0359149613789727 2 0 0 1 0 1 0 0 2 0
-0.0359149613789727 2 0 0 1 0 2 0 0 1 0
-0.0040504321258316555 2 0 0 2 0 1 0 1 0 0
-0.0040504321258316555 2 0 0 2 0 2 0 2 0 0
0.00554542038375006 2 0 0 0 1 1 0 0 0 2
-0.00554542038375006 2 0 0 0 1 2 0 0 0 1
0.7791102497925181 3 0 0 0 0 0 0 0 0 0
0.09067779687138464 3 3 0 0 0 0 0 0 0 0
0.002908696022753245 3 0 1 1 0 0 0 3 0 0
0.002908696022753245 3 0 2 2 0 0 0 3 0 0
0.0946407974876612 3 0 3 0 0 0 0 0 0 0
0.07202267247563468 3 0 0 3 0 0 0 0 0 0
-0.0011417361030784104 3 0 0 3 0 0 0 1 1 0
-0.0011417361030784104 3 0 0 3 0 0 0 2 2 0
0.10205896222753452 3 0 0 0 3 0 0 0 0 0
0.10970262266712719 3 0 0 0 0 3 0 0 0 0
0.09648568134563953 3 0 0 0 0 0 3 0 0 0
0.09905945280434861 3 0 0 0 0 0 0 3 0 0
0.10793763385460738 3 0 0 0 0 0 0 0 3 0
0.10760438261128458 3 0 0 0 0 0 0 0 0 3
-9.37228915744783e-05 0 1 1 3 3 1 0 3 3 1
-9.37228915744783e-05 0 1 1 3 3 2 0 3 3 2
-0.007254658500934597 0 1 2 0 0 0 1 2 0 0
0.007254658500934597 0 1 2 0 0 0 2 1 0 0
-0.000740652368200663 0 1 0 1 3 1 0 0 3 1
-0.000740652368200663 0 1 0 1 3 2 0 0 3 2
-0.007254658500934603 0 1 0 2 0 0 1 0 2 0
0.007254658500934603 0 1 0 2 0 0 2 0 1 0
-0.0027974539545443746 0 1 0 3 2 1 0 2 3 0
0.0027974539545443746 0 1 0 3 2 2 0 1 3 0
-0.022107095305730146 0 1 0 0 2 1 0 0 2 0
0.022107095305730146 0 1 0 0 2 2 0 0 1 0
-0.026414770336231606 0 1 0 0 2 0 1 0 0 2
0.026414770336231606 0 1 0 0 2 0 2 0 0 1
0.007254658500934597 0 2 1 0 0 0 1 2 0 0
-0.007254658500934597 0 2 1 0 0 0 2 1 0 0
-9.37228915744783e-05 0 2 2 3 3 1 0 3 3 1
-9.37228915744783e-05 0 2 2 3 3 2 0 3 3 2
0.007254658500934603 0 2 0 1 0 0 1 0 2 0
-0.007254658500934603 0 2 0 1 0 0 2 0 1 0
-0.000740652368200663 0 2 0 2 3 1 0 0 3 1
-0.000740652368200663 0 2 0 2 3 2 0 0 3 2
0.0027974539545443746 0 2 0 3 1 1 0 2 3 0
-0.0027974539545443746 0 2 0 3 1 2 0 1 3 0
0.022107095305730146 0 2 0 0 1 1 0 0 2 0
-0.022107095305730146 0 2 0 0 1 2 0 0 1 0
0.026414770336231606 0 2 0 0 1 0 1 0 0 2
-0.026414770336231606 0 2 0 0 1 0 2 0 0 1
0.7832595422780553 0 3 0 0 0 0 0 0 0 0
0.00022037216839830312 0 3 1 3 1 1 1 3 3 0
0.00022037216839830312 0 3 1 3 1 2 2 3 3 0
0.00022037216839830312 0 3 2 3 2 1 1 3 3 0
0.00022037216839830312 0 3 2 3 2 2 2 3 3 0
0.09102833988636667 0 3 3 0 0 0 0 0 0 0
0.0017415080314718428 0 3 0 1 1 1 1 0 3 0
0.0017415080314718428 0 3 0 1 1 2 2 0 3 0
0.0017415080314718428 0 3 0 2 2 1 1 0 3 0
0.0017415080314718428 0 3 0 2 2 2 2 0 3 0
0.09102833988636672 0 3 0 3 0 0 0 0 0 0
0.00012664927682382477 0 3 0 3 3 1 1 1 3 1
-0.002577081786146072 0 3 0 3 3 1 1 2 3 2
0.0027037310629698967 0 3 0 3 3 1 2 2 3 1
0.0027037310629698967 0 3 0 3 3 2 1 1 3 2
-0.002577081786146072 0 3 0 3 3 2 2 1 3 1
0.00012664927682382477 0 3 0 3 3 2 2 2 3 2
0.08162281746822812 0 3 0 0 3 0 0 0 0 0
0.0010008556632711803 0 3 0 0 3 1 1 0 1 1
-0.020365587274258305 0 3 0 0 3 1 1 0 2 2
0.021366442937529484 0 3 0 0 3 1 2 0 2 1
0.021366442937529484 0 3 0 0 3 2 1 0 1 2
-0.020365587274258305 0 3 0 0 3 2 2 0 1 1
0.0010008556632711803 0 3 0 0 3 2 2 0 2 2
0.09648568134563953 0 3 0 0 0 3 0 0 0 0
0.10896345278697545 0 3 0 0 0 0 3 0 0 0
0.09828299838730127 0 3 0 0 0 0 0 3 0 0
0.09828299838730131 0 3 0 0 0 0 0 0 3 0
0.10803758780445973 0 3 0 0 0 0 0 0 0 3
-0.0011417361030784104 0 0 1 1 0 3 0 3 0 0
0.0017669599196750221 0 0 1 1 0 0 0 3 0 0
-0.004919568845365561 0 0 1 2 0 0 0 1 2 0
0.004919568845365561 0 0 1 2 0 0 0 2 1 0
-0.006939855230511416 0 0 1 0 2 0 0 1 0 2
0.006939855230511416 0 0 1 0 2 0 0 2 0 1
0.004919568845365561 0 0 2 1 0 0 0 1 2 0
-0.004919568845365561 0 0 2 1 0 0 0 2 1 0
-0.0011417361030784104 0 0 2 2 0 3 0 3 0 0
0.0017669599196750221 0 0 2 2 0 0 0 3 0 0
0.006939855230511416 0 0 2 0 1 0 0 1 0 2
-0.006939855230511416 0 0 2 0 1 0 0 2 0 1
0.6676510915561505 0 0 3 0 0 0 0 0 0 0
0.09430140521674651 0 0 3 3 0 0 0 0 0 0
0.09905964456030168 0 0 3 0 3 0 0 0 0 0
0.09905945280434861 0 0 3 0 0 3 0 0 0 0
0.09828299838730127 0 0 3 0 0 0 3 0 0 0
0.10906011175284312 0 0 3 0 0 0 0 3 0 0
0.09922097406211208 0 0 3 0 0 0 0 0 3 0
0.10599949979081308 0 0 3 0 0 0 0 0 0 3
-0.006939855230511422 0 0 0 1 2 0 0 0 1 2
0.006939855230511422 0 0 0 1 2 0 0 0 2 1
0.006939855230511422 0 0 0 2 1 0 0 0 1 2
-0.006939855230511422 0 0 0 2 1 0 0 0 2 1
0.6539111475943831 0 0 0 3 0 0 0 0 0 0
0.09905964456030174 0 0 0 3 3 0 0 0 0 0
0.10793763385460738 0 0 0 3 0 3 0 0 0 0
0.002908696022753245 0 0 0 3 0 3 0 1 1 0
0.002908696022753245 0 0 0 3 0 3 0 2 2 0
0.09828299838730131 0 0 0 3 0 0 3 0 0 0
0.0017669599196750215 0 0 0 3 0 0 0 1 1 0
0.0017669599196750215 0 0 0 3 0 0 0 2 2 0
0.09922097406211208 0 0 0 3 0 0 0 3 0 0
0.10906011175284325 0 0 0 3 0 0 0 0 3 0
0.10599949979081315 0 0 0 3 0 0 0 0 0 3
0.5130281711239852 0 0 0 0 3 0 0 0 0 0
0.10760438261128458 0 0 0 0 3 3 0 0 0 0
0.10803758780445973 0 0 0 0 3 0 3 0 0 0
0.10599949979081308 0 0 0 0 3 0 0 3 0 0
0.10599949979081315 0 0 0 0 3 0 0 0 3 0
0.12080149053292809 0 0 0 0 3 0 0 0 0 3
0.7791102497925181 0 0 0 0 0 3 0 0 0 0
0.09067779687138464 0 0 0 0 0 3 3 0 0 0
0.0946407974876612 0 0 0 0 0 3 0 3 0 0
0.07202267247563468 0 0 0 0 0 3 0 0 3 0
0.10205896222753452 0 0 0 0 0 3 0 0 0 3
0.7832595422780549 0 0 0 0 0 0 3 0 0 0
0.09102833988636667 0 0 0 0 0 0 3 3 0 0
0.09102833988636672 0 0 0 0 0 0 3 0 3 0
0.08162281746822812 0 0 0 0 0 0 3 0 0 3
0.6676510915561502 0 0 0 0 0 0 0 3 0 0
0.09430140521674651 0 0 0 0 0 0 0 3 3 0
0.09905964456030168 0 0 0 0 0 0 0 3 0 3
0.6539111475943831 0 0 0 0 0 0 0 0 3 0
0.09905964456030174 0 0 0 0 0 0 0 0 3 3
0.5130281711239852 0 0 0 0 0 0 0 0 0 3
