-905.7274402567272 0 0 0 0 0 0 0 0 0 0
0.0009198357650020369 1 1 1 3 1 3 0 3 3 0
-0.02230194898793104 1 1 2 3 2 3 0 3 3 0
-0.00026742163384439526 1 1 0 1 1 3 0 0 3 0
0.006483791849791454 1 1 0 2 2 3 0 0 3 0
0.0026188127197718145 1 1 0 3 3 3 0 1 3 1
0.0026188127197718145 1 1 0 3 3 3 0 2 3 2
-0.0007613611069496887 1 1 0 0 3 3 0 0 1 1
-0.0007613611069496887 1 1 0 0 3 3 0 0 2 2
0.023221784752933076 1 2 2 3 1 3 0 3 3 0
-0.006751213483635848 1 2 0 2 1 3 0 0 3 0
-0.005586057667603254 1 2 0 0 0 1 2 0 0 0
0.005586057667603254 1 2 0 0 0 2 1 0 0 0
-0.024920761707702854 1 3 2 3 3 3 1 3 3 2
0.024920761707702854 1 3 2 3 3 3 2 3 3 1
0.0072451529567411415 1 3 0 2 3 3 1 0 3 2
-0.0072451529567411415 1 3 0 2 3 3 2 0 3 1
-0.0016989769547697778 1 3 0 3 1 3 1 1 3 0
-0.0016989769547697778 1 3 0 3 1 3 2 2 3 0
0.0004939394731052933 1 3 0 0 1 3 1 0 1 0
0.0004939394731052933 1 3 0 0 1 3 2 0 2 0
0.009419050522945076 1 0 2 3 0 1 0 3 2 0
-0.009419050522945076 1 0 2 3 0 2 0 3 1 0
-0.036390630589148765 1 0 2 0 0 1 0 2 0 0
0.036390630589148765 1 0 2 0 0 2 0 1 0 0
0.009419050522945076 1 0 0 1 0 1 0 1 0 0
0.009419050522945076 1 0 0 1 0 2 0 2 0 0
-0.006730808562434348 1 0 0 2 0 1 0 0 2 0
0.006730808562434348 1 0 0 2 0 2 0 0 1 0
-0.005166138237822222 1 0 0 0 2 1 0 0 0 2
0.005166138237822222 1 0 0 0 2 2 0 0 0 1
0.023221784752933076 2 1 1 3 2 3 0 3 3 0
-0.006751213483635848 2 1 0 1 2 3 0 0 3 0
0.005586057667603254 2 1 0 0 0 1 2 0 0 0
-0.005586057667603254 2 1 0 0 0 2 1 0 0 0
-0.02230194898793104 2 2 1 3 1 3 0 3 3 0
0.0009198357650020369 2 2 2 3 2 3 0 3 3 0
0.006483791849791454 2 2 0 1 1 3 0 0 3 0
-0.00026742163384439526 2 2 0 2 2 3 0 0 3 0
0.0026188127197718145 2 2 0 3 3 3 0 1 3 1
0.0026188127197718145 2 2 0 3 3 3 0 2 3 2
-0.0007613611069496887 2 2 0 0 3 3 0 0 1 1
-0.0007613611069496887 2 2 0 0 3 3 0 0 2 2
0.024920761707702854 2 3 1 3 3 3 1 3 3 2
-0.024920761707702854 2 3 1 3 3 3 2 3 3 1
-0.0072451529567411415 2 3 0 1 3 3 1 0 3 2
0.0072451529567411415 2 3 0 1 3 3 2 0 3 1
-0.0016989769547697778 2 3 0 3 2 3 1 1 3 0
-0.0016989769547697778 2 3 0 3 2 3 2 2 3 0
0.0004939394731052933 2 3 0 0 2 3 1 0 1 0
0.0004939394731052933 2 3 0 0 2 3 2 0 2 0
-0.009419050522945076 2 0 1 3 0 1 0 3 2 0
0.009419050522945076 2 0 1 3 0 2 0 3 1 0
0.036390630589148765 2 0 1 0 0 1 0 2 0 0
-0.036390630589148765 2 0 1 0 0 2 0 1 0 0
0.006730808562434348 2 0 0 1 0 1 0 0 2 0
-0.006730808562434348 2 0 0 1 0 2 0 0 1 0
0.009419050522945076 2 0 0 2 0 1 0 1 0 0
0.009419050522945076 2 0 0 2 0 2 0 2 0 0
0.005166138237822222 2 0 0 0 1 1 0 0 0 2
-0.005166138237822222 2 0 0 0 1 2 0 0 0 1
0.7322326276967622 3 0 0 0 0 0 0 0 0 0
0.08935728286409308 3 3 0 0 0 0 0 0 0 0
-0.0070215450945810935 3 0 1 1 0 0 0 3 0 0
-0.0070215450945810935 3 0 2 2 0 0 0 3 0 0
0.06798740533975309 3 0 3 0 0 0 0 0 0 0
0.09009767827549142 3 0 0 3 0 0 0 0 0 0
0.002397505428363983 3 0 0 3 0 0 0 1 1 0
0.002397505428363983 3 0 0 3 0 0 0 2 2 0
0.09857349340609427 3 0 0 0 3 0 0 0 0 0
0.1055356360032844 3 0 0 0 0 3 0 0 0 0
0.09494334053169634 3 0 0 0 0 0 3 0 0 0
0.10437803592890185 3 0 0 0 0 0 0 3 0 0
0.09682848683792578 3 0 0 0 0 0 0 0 3 0
0.1037396316439165 3 0 0 0 0 0 0 0 0 3
-0.0016989769547697778 0 1 1 3 3 1 0 3 3 1
-0.0016989769547697778 0 1 1 3 3 2 0 3 3 2
-0.006213523322963362 0 1 2 0 0 0 1 2 0 0
0.006213523322963362 0 1 2 0 0 0 2 1 0 0
0.0004939394731052933 0 1 0 1 3 1 0 0 3 1
0.0004939394731052933 0 1 0 1 3 2 0 0 3 2
-0.006213523322963356 0 1 0 2 0 0 1 0 2 0
0.006213523322963356 0 1 0 2 0 0 2 0 1 0
-0.024920761707702854 0 1 0 3 2 1 0 2 3 0
0.024920761707702854 0 1 0 3 2 2 0 1 3 0
0.0072451529567411415 0 1 0 0 2 1 0 0 2 0
-0.0072451529567411415 0 1 0 0 2 2 0 0 1 0
-0.02994262823220637 0 1 0 0 2 0 1 0 0 2
0.02994262823220637 0 1 0 0 2 0 2 0 0 1
0.006213523322963362 0 2 1 0 0 0 1 2 0 0
-0.006213523322963362 0 2 1 0 0 0 2 1 0 0
-0.0016989769547697778 0 2 2 3 3 1 0 3 3 1
-0.0016989769547697778 0 2 2 3 3 2 0 3 3 2
0.006213523322963356 0 2 0 1 0 0 1 0 2 0
-0.006213523322963356 0 2 0 1 0 0 2 0 1 0
0.0004939394731052933 0 2 0 2 3 1 0 0 3 1
0.0004939394731052933 0 2 0 2 3 2 0 0 3 2
0.024920761707702854 0 2 0 3 1 1 0 2 3 0
-0.024920761707702854 0 2 0 3 1 2 0 1 3 0
-0.0072451529567411415 0 2 0 0 1 1 0 0 2 0
0.0072451529567411415 0 2 0 0 1 2 0 0 1 0
0.02994262823220637 0 2 0 0 1 0 1 0 0 2
-0.02994262823220637 0 2 0 0 1 0 2 0 0 1
0.7620165567576438 0 3 0 0 0 0 0 0 0 0
0.0026188127197718145 0 3 1 3 1 1 1 3 3 0
0.0026188127197718145 0 3 1 3 1 2 2 3 3 0
0.0026188127197718145 0 3 2 3 2 1 1 3 3 0
0.0026188127197718145 0 3 2 3 2 2 2 3 3 0
0.08974221203573048 0 3 3 0 0 0 0 0 0 0
-0.0007613611069496887 0 3 0 1 1 1 1 0 3 0
-0.0007613611069496887 0 3 0 1 1 2 2 0 3 0
-0.0007613611069496887 0 3 0 2 2 1 1 0 3 0
-0.0007613611069496887 0 3 0 2 2 2 2 0 3 0
0.08974221203573039 0 3 0 3 0 0 0 0 0 0
0.0009198357650020369 0 3 0 3 3 1 1 1 3 1
-0.02230194898793104 0 3 0 3 3 1 1 2 3 2
0.023221784752933076 0 3 0 3 3 1 2 2 3 1
0.023221784752933076 0 3 0 3 3 2 1 1 3 2
-0.02230194898793104 0 3 0 3 3 2 2 1 3 1
0.0009198357650020369 0 3 0 3 3 2 2 2 3 2
0.07674429907243464 0 3 0 0 3 0 0 0 0 0
-0.00026742163384439526 0 3 0 0 3 1 1 0 1 1
0.006483791849791454 0 3 0 0 3 1 1 0 2 2
-0.006751213483635848 0 3 0 0 3 1 2 0 2 1
-0.006751213483635848 0 3 0 0 3 2 1 0 1 2
0.006483791849791454 0 3 0 0 3 2 2 0 1 1
-0.00026742163384439526 0 3 0 0 3 2 2 0 2 2
0.09494334053169634 0 3 0 0 0 3 0 0 0 0
0.10659630738322526 0 3 0 0 0 0 3 0 0 0
0.09595573535869382 0 3 0 0 0 0 0 3 0 0
0.09595573535869374 0 3 0 0 0 0 0 0 3 0
0.10668692730464102 0 3 0 0 0 0 0 0 0 3
0.002397505428363983 0 0 1 1 0 3 0 3 0 0
-0.00462403966621724 0 0 1 1 0 0 0 3 0 0
-0.0047523292253103125 0 0 1 2 0 0 0 1 2 0
0.0047523292253103125 0 0 1 2 0 0 0 2 1 0
-0.006228512565608594 0 0 1 0 2 0 0 1 0 2
0.006228512565608594 0 0 1 0 2 0 0 2 0 1
0.0047523292253103125 0 0 2 1 0 0 0 1 2 0
-0.0047523292253103125 0 0 2 1 0 0 0 2 1 0
0.002397505428363983 0 0 2 2 0 3 0 3 0 0
-0.00462403966621724 0 0 2 2 0 0 0 3 0 0
0.006228512565608594 0 0 2 0 1 0 0 1 0 2
-0.006228512565608594 0 0 2 0 1 0 0 2 0 1
0.6497027406607216 0 0 3 0 0 0 0 0 0 0
0.0918226837681081 0 0 3 3 0 0 0 0 0 0
0.09649562946086777 0 0 3 0 3 0 0 0 0 0
0.10437803592890185 0 0 3 0 0 3 0 0 0 0
0.09595573535869382 0 0 3 0 0 0 3 0 0 0
0.1060796714440391 0 0 3 0 0 0 0 3 0 0
0.0965750129934184 0 0 3 0 0 0 0 0 3 0
0.10272414202647637 0 0 3 0 0 0 0 0 0 3
-0.006228512565608587 0 0 0 1 2 0 0 0 1 2
0.006228512565608587 0 0 0 1 2 0 0 0 2 1
0.006228512565608587 0 0 0 2 1 0 0 0 1 2
-0.006228512565608587 0 0 0 2 1 0 0 0 2 1
0.6642634645054846 0 0 0 3 0 0 0 0 0 0
0.0964956294608677 0 0 0 3 3 0 0 0 0 0
0.09682848683792578 0 0 0 3 0 3 0 0 0 0
-0.0070215450945810935 0 0 0 3 0 3 0 1 1 0
-0.0070215450945810935 0 0 0 3 0 3 0 2 2 0
0.09595573535869374 0 0 0 3 0 0 3 0 0 0
-0.004624039666217241 0 0 0 3 0 0 0 1 1 0
-0.004624039666217241 0 0 0 3 0 0 0 2 2 0
0.0965750129934184 0 0 0 3 0 0 0 3 0 0
0.10607967144403893 0 0 0 3 0 0 0 0 3 0
0.10272414202647628 0 0 0 3 0 0 0 0 0 3
0.5532012067249592 0 0 0 0 3 0 0 0 0 0
0.1037396316439165 0 0 0 0 3 3 0 0 0 0
0.10668692730464102 0 0 0 0 3 0 3 0 0 0
0.10272414202647637 0 0 0 0 3 0 0 3 0 0
0.10272414202647628 0 0 0 0 3 0 0 0 3 0
0.1180039316539737 0 0 0 0 3 0 0 0 0 3
0.7322326276967621 0 0 0 0 0 3 0 0 0 0
0.08935728286409308 0 0 0 0 0 3 3 0 0 0
0.06798740533975309 0 0 0 0 0 3 0 3 0 0
0.09009767827549142 0 0 0 0 0 3 0 0 3 0
0.09857349340609427 0 0 0 0 0 3 0 0 0 3
0.7620165567576438 0 0 0 0 0 0 3 0 0 0
0.08974221203573048 0 0 0 0 0 0 3 3 0 0
0.08974221203573039 0 0 0 0 0 0 3 0 3 0
0.07674429907243464 0 0 0 0 0 0 3 0 0 3
0.6497027406607214 0 0 0 0 0 0 0 3 0 0
0.0918226837681081 0 0 0 0 0 0 0 3 3 0
0.09649562946086777 0 0 0 0 0 0 0 3 0 3
0.6642634645054845 0 0 0 0 0 0 0 0 3 0
0.0964956294608677 0 0 0 0 0 0 0 0 3 3
0.5532012067249591 0 0 0 0 0 0 0 0 0 3
