-900.4886159145582 0 0 0 0 0 0 0 0 0 0
0.02618864529006282 1 1 3 3 3 3 1 3 3 1
0.02618864529006282 1 1 3 3 3 3 2 3 3 2
-0.043493163023228865 1 2 0 0 0 1 2 0 0 0
0.043493163023228865 1 2 0 0 0 2 1 0 0 0
-0.00824502341454902 1 3 1 3 3 3 3 1 3 1
-0.00824502341454902 1 3 1 3 3 3 3 2 3 2
-0.008245023414549024 1 3 3 1 3 3 3 3 1 1
-0.008245023414549024 1 3 3 1 3 3 3 3 2 2
0.00022354984623856704 1 3 3 3 1 3 3 3 0 0
-0.018066525040388713 1 3 3 3 1 3 3 3 3 0
-0.006464543355914405 1 3 3 3 1 3 3 3 3 3
0.00022354984623858417 1 3 3 3 1 3 3 0 3 0
-0.013172021390169665 1 3 3 3 1 3 0 3 3 0
-0.00877982323899157 1 3 3 3 1 0 3 3 3 0
-0.008021473568310459 1 3 3 0 1 3 3 3 3 0
-0.008021473568310436 1 3 0 3 1 3 3 3 3 0
-0.019500368739489102 1 0 2 0 0 1 0 2 0 0
0.019500368739489102 1 0 2 0 0 2 0 1 0 0
0.013016623899893156 1 0 3 3 1 3 3 3 3 0
-0.01950036873948913 1 0 0 2 0 1 0 0 2 0
0.01950036873948913 1 0 0 2 0 2 0 0 1 0
-0.01331430079482952 1 0 0 0 2 1 0 0 0 2
0.01331430079482952 1 0 0 0 2 2 0 0 0 1
0.043493163023228865 2 1 0 0 0 1 2 0 0 0
-0.043493163023228865 2 1 0 0 0 2 1 0 0 0
0.02618864529006282 2 2 3 3 3 3 1 3 3 1
0.02618864529006282 2 2 3 3 3 3 2 3 3 2
-0.00824502341454902 2 3 2 3 3 3 3 1 3 1
-0.00824502341454902 2 3 2 3 3 3 3 2 3 2
-0.008245023414549024 2 3 3 2 3 3 3 3 1 1
-0.008245023414549024 2 3 3 2 3 3 3 3 2 2
0.00022354984623856704 2 3 3 3 2 3 3 3 0 0
-0.018066525040388713 2 3 3 3 2 3 3 3 3 0
-0.006464543355914405 2 3 3 3 2 3 3 3 3 3
0.00022354984623858417 2 3 3 3 2 3 3 0 3 0
-0.013172021390169665 2 3 3 3 2 3 0 3 3 0
-0.00877982323899157 2 3 3 3 2 0 3 3 3 0
-0.008021473568310459 2 3 3 0 2 3 3 3 3 0
-0.008021473568310436 2 3 0 3 2 3 3 3 3 0
0.019500368739489102 2 0 1 0 0 1 0 2 0 0
-0.019500368739489102 2 0 1 0 0 2 0 1 0 0
0.013016623899893156 2 0 3 3 2 3 3 3 3 0
0.01950036873948913 2 0 0 1 0 1 0 0 2 0
-0.01950036873948913 2 0 0 1 0 2 0 0 1 0
0.01331430079482952 2 0 0 0 1 1 0 0 0 2
-0.01331430079482952 2 0 0 0 1 2 0 0 0 1
0.9055041470193056 3 0 0 0 0 0 0 0 0 0
0.0690328425540901 3 3 0 0 0 0 0 0 0 0
-0.00877982323899157 3 3 3 3 3 1 3 3 3 1
-0.00877982323899157 3 3 3 3 3 2 3 3 3 2
0.08837253253379872 3 0 3 0 0 0 0 0 0 0
0.08837253253379884 3 0 0 3 0 0 0 0 0 0
0.09776694099499973 3 0 0 0 3 0 0 0 0 0
0.10992297063171222 3 0 0 0 0 3 0 0 0 0
0.11252600557731897 3 0 0 0 0 0 3 0 0 0
0.10787290127328783 3 0 0 0 0 0 0 3 0 0
0.10787290127328797 3 0 0 0 0 0 0 0 3 0
0.11108124178982925 3 0 0 0 0 0 0 0 0 3
-0.009401042985518573 0 1 2 0 0 0 1 2 0 0
0.009401042985518573 0 1 2 0 0 0 2 1 0 0
-0.02618864529006282 0 1 3 3 2 1 2 3 3 0
0.02618864529006282 0 1 3 3 2 2 1 3 3 0
-0.00940104298551859 0 1 0 2 0 0 1 0 2 0
0.00940104298551859 0 1 0 2 0 0 2 0 1 0
-0.020133393578736145 0 1 0 0 2 0 1 0 0 2
0.020133393578736145 0 1 0 0 2 0 2 0 0 1
0.009401042985518573 0 2 1 0 0 0 1 2 0 0
-0.009401042985518573 0 2 1 0 0 0 2 1 0 0
0.02618864529006282 0 2 3 3 1 1 2 3 3 0
-0.02618864529006282 0 2 3 3 1 2 1 3 3 0
0.00940104298551859 0 2 0 1 0 0 1 0 2 0
-0.00940104298551859 0 2 0 1 0 0 2 0 1 0
0.020133393578736145 0 2 0 0 1 0 1 0 0 2
-0.020133393578736145 0 2 0 0 1 0 2 0 0 1
0.8122055300413393 0 3 0 0 0 0 0 0 0 0
0.00824502341454902 0 3 1 3 2 1 3 2 3 0
-0.00824502341454902 0 3 1 3 2 2 3 1 3 0
-0.00824502341454902 0 3 2 3 1 1 3 2 3 0
0.00824502341454902 0 3 2 3 1 2 3 1 3 0
0.09819955277886246 0 3 3 0 0 0 0 0 0 0
0.008245023414549024 0 3 3 1 2 1 3 3 2 0
-0.008245023414549024 0 3 3 1 2 2 3 3 1 0
-0.008245023414549024 0 3 3 2 1 1 3 3 2 0
0.008245023414549024 0 3 3 2 1 2 3 3 1 0
-0.018066525040388724 0 3 3 3 3 1 3 3 3 1
-0.008021473568310459 0 3 3 3 3 1 3 3 0 1
-0.008021473568310436 0 3 3 3 3 1 3 0 3 1
0.013016623899893156 0 3 3 3 3 1 0 3 3 1
-0.018066525040388724 0 3 3 3 3 2 3 3 3 2
-0.008021473568310459 0 3 3 3 3 2 3 3 0 2
-0.008021473568310436 0 3 3 3 3 2 3 0 3 2
0.013016623899893156 0 3 3 3 3 2 0 3 3 2
-0.006464543355914405 0 3 3 3 0 1 3 3 3 1
-0.006464543355914405 0 3 3 3 0 2 3 3 3 2
0.00022354984623856704 0 3 3 0 3 1 3 3 3 1
0.00022354984623856704 0 3 3 0 3 2 3 3 3 2
0.0981995527788626 0 3 0 3 0 0 0 0 0 0
0.00022354984623858417 0 3 0 3 3 1 3 3 3 1
0.00022354984623858417 0 3 0 3 3 2 3 3 3 2
0.09393726214047128 0 3 0 0 3 0 0 0 0 0
0.11252600557731897 0 3 0 0 0 3 0 0 0 0
0.11802756346617102 0 3 0 0 0 0 3 0 0 0
0.10760059576438102 0 3 0 0 0 0 0 3 0 0
0.10760059576438119 0 3 0 0 0 0 0 0 3 0
0.11407065571920741 0 3 0 0 0 0 0 0 0 3
-0.005585024846592201 0 0 1 2 0 0 0 1 2 0
0.005585024846592201 0 0 1 2 0 0 0 2 1 0
-0.009197999066884054 0 0 1 0 2 0 0 1 0 2
0.009197999066884054 0 0 1 0 2 0 0 2 0 1
0.005585024846592201 0 0 2 1 0 0 0 1 2 0
-0.005585024846592201 0 0 2 1 0 0 0 2 1 0
0.009197999066884054 0 0 2 0 1 0 0 1 0 2
-0.009197999066884054 0 0 2 0 1 0 0 2 0 1
0.6783947394221913 0 0 3 0 0 0 0 0 0 0
0.10173672508543578 0 0 3 3 0 0 0 0 0 0
-0.013172021390169665 0 0 3 3 3 1 3 3 3 1
-0.013172021390169665 0 0 3 3 3 2 3 3 3 2
0.10239202432060966 0 0 3 0 3 0 0 0 0 0
0.10787290127328783 0 0 3 0 0 3 0 0 0 0
0.10760059576438102 0 0 3 0 0 0 3 0 0 0
0.1184917996252124 0 0 3 0 0 0 0 3 0 0
0.107321749932028 0 0 3 0 0 0 0 0 3 0
0.11159002338749371 0 0 3 0 0 0 0 0 0 3
-0.009197999066884073 0 0 0 1 2 0 0 0 1 2
0.009197999066884073 0 0 0 1 2 0 0 0 2 1
0.009197999066884073 0 0 0 2 1 0 0 0 1 2
-0.009197999066884073 0 0 0 2 1 0 0 0 2 1
0.6783947394221945 0 0 0 3 0 0 0 0 0 0
0.10239202432060952 0 0 0 3 3 0 0 0 0 0
0.10787290127328797 0 0 0 3 0 3 0 0 0 0
0.10760059576438119 0 0 0 3 0 0 3 0 0 0
0.107321749932028 0 0 0 3 0 0 0 3 0 0
0.11849179962521271 0 0 0 3 0 0 0 0 3 0
0.11159002338749359 0 0 0 3 0 0 0 0 0 3
0.20840856598211505 0 0 0 0 3 0 0 0 0 0
0.11108124178982925 0 0 0 0 3 3 0 0 0 0
0.11407065571920741 0 0 0 0 3 0 3 0 0 0
0.11159002338749371 0 0 0 0 3 0 0 3 0 0
0.11159002338749359 0 0 0 0 3 0 0 0 3 0
0.11878009339636487 0 0 0 0 3 0 0 0 0 3
0.9055041470193056 0 0 0 0 0 3 0 0 0 0
0.0690328425540901 0 0 0 0 0 3 3 0 0 0
0.08837253253379872 0 0 0 0 0 3 0 3 0 0
0.08837253253379884 0 0 0 0 0 3 0 0 3 0
0.09776694099499973 0 0 0 0 0 3 0 0 0 3
0.8122055300413393 0 0 0 0 0 0 3 0 0 0
0.09819955277886246 0 0 0 0 0 0 3 3 0 0
0.0981995527788626 0 0 0 0 0 0 3 0 3 0
0.09393726214047128 0 0 0 0 0 0 3 0 0 3
0.6783947394221911 0 0 0 0 0 0 0 3 0 0
0.10173672508543578 0 0 0 0 0 0 0 3 3 0
0.10239202432060966 0 0 0 0 0 0 0 3 0 3
0.6783947394221943 0 0 0 0 0 0 0 0 3 0
0.10239202432060952 0 0 0 0 0 0 0 0 3 3
0.20840856598211494 0 0 0 0 0 0 0 0 0 3
