9147.370382398707 0 0 0 0 0 0 0 0
-105.8884272259909 0 0 0 0 0 0 0 3
1.210210148925266 0 0 0 0 0 0 1 1
1.210210148925266 0 0 0 0 0 0 2 2
-135.63692289666838 0 0 0 0 0 0 3 0
-15.288622277774621 0 0 0 0 0 0 3 3
-175.60702471792794 0 0 0 0 0 3 0 0
-25.60203432505779 0 0 0 0 0 3 0 3
-0.17221243917019502 0 0 0 0 0 3 1 1
-0.17221243917019502 0 0 0 0 0 3 2 2
-26.743646887794334 0 0 0 0 0 3 3 0
0.4532172018842023 0 0 0 0 0 3 3 3
-175.60702471792757 0 0 0 0 3 0 0 0
-25.602034325057787 0 0 0 0 3 0 0 3
-0.172212439170195 0 0 0 0 3 0 1 1
-0.172212439170195 0 0 0 0 3 0 2 2
-26.74364688779433 0 0 0 0 3 0 3 0
0.45321720188420184 0 0 0 0 3 0 3 3
-37.81062737361151 0 0 0 0 3 3 0 0
0.7595258471577172 0 0 0 0 3 3 0 3
-0.041835810284339615 0 0 0 0 3 3 1 1
-0.041835810284339615 0 0 0 0 3 3 2 2
0.8527350095697404 0 0 0 0 3 3 3 0
0.10233586647083757 0 0 0 0 3 3 3 3
-105.88842722599097 0 0 0 3 0 0 0 0
-29.16367458655687 0 0 0 3 0 0 0 3
53.567529126132094 0 0 0 3 0 0 1 1
53.5675291261321 0 0 0 3 0 0 2 2
-28.197298979840276 0 0 0 3 0 0 3 0
0.48267879884587417 0 0 0 3 0 0 3 3
-26.91344075887339 0 0 0 3 0 3 0 0
0.6166577414597014 0 0 0 3 0 3 0 3
11.751681961174773 0 0 0 3 0 3 1 1
11.751681961174775 0 0 0 3 0 3 2 2
0.6636152933273862 0 0 0 3 0 3 3 0
0.11255715984731822 0 0 0 3 0 3 3 3
-26.913440758873392 0 0 0 3 3 0 0 0
0.6166577414597006 0 0 0 3 3 0 0 3
11.751681961174773 0 0 0 3 3 0 1 1
11.751681961174771 0 0 0 3 3 0 2 2
0.6636152933273856 0 0 0 3 3 0 3 0
0.11255715984731818 0 0 0 3 3 0 3 3
0.7849034090243107 0 0 0 3 3 3 0 0
0.14903160895998235 0 0 0 3 3 3 0 3
-0.35934361436392515 0 0 0 3 3 3 1 1
-0.35934361436392515 0 0 0 3 3 3 2 2
0.15178730011119698 0 0 0 3 3 3 3 0
3.270757091232677 0 0 1 1 0 0 0 0
-0.004522037103450003 0 0 1 1 0 0 0 3
0.0005241333238439755 0 0 1 1 0 0 1 1
0.0005241333238439755 0 0 1 1 0 0 2 2
53.567529126132065 0 0 1 1 0 0 3 0
1.2102101489252666 0 0 1 1 0 0 3 3
-0.222851499654298 0 0 1 1 0 3 0 0
-0.0023328420568238493 0 0 1 1 0 3 0 3
12.975073417838049 0 0 1 1 0 3 3 0
-0.17550487140937693 0 0 1 1 0 3 3 3
-0.2228514996542979 0 0 1 1 3 0 0 0
-0.002332842056823847 0 0 1 1 3 0 0 3
12.975073417838045 0 0 1 1 3 0 3 0
-0.17550487140937693 0 0 1 1 3 0 3 3
-0.05050588398143862 0 0 1 1 3 3 0 0
-0.3830172750212596 0 0 1 1 3 3 3 0
-0.043658204189336615 0 0 1 1 3 3 3 3
12.908152568741814 0 0 1 2 0 0 1 2
-12.908152568741814 0 0 1 2 0 0 2 1
-0.2042049884560283 0 0 1 2 0 3 1 2
0.2042049884560283 0 0 1 2 0 3 2 1
-0.20420498845602808 0 0 1 2 3 0 1 2
0.20420498845602808 0 0 1 2 3 0 2 1
-0.047045841838448024 0 0 1 2 3 3 1 2
0.047045841838448024 0 0 1 2 3 3 2 1
-12.908152568741812 0 0 2 1 0 0 1 2
12.908152568741814 0 0 2 1 0 0 2 1
0.2042049884560283 0 0 2 1 0 3 1 2
-0.2042049884560283 0 0 2 1 0 3 2 1
0.20420498845602808 0 0 2 1 3 0 1 2
-0.20420498845602808 0 0 2 1 3 0 2 1
0.047045841838448024 0 0 2 1 3 3 1 2
-0.047045841838448024 0 0 2 1 3 3 2 1
3.2707570912326767 0 0 2 2 0 0 0 0
-0.00452203710345001 0 0 2 2 0 0 0 3
0.0005241333238439772 0 0 2 2 0 0 1 1
0.0005241333238439772 0 0 2 2 0 0 2 2
53.56752912613208 0 0 2 2 0 0 3 0
1.2102101489252666 0 0 2 2 0 0 3 3
-0.222851499654298 0 0 2 2 0 3 0 0
-0.0023328420568238493 0 0 2 2 0 3 0 3
12.97507341783805 0 0 2 2 0 3 3 0
-0.17550487140937693 0 0 2 2 0 3 3 3
-0.2228514996542979 0 0 2 2 3 0 0 0
-0.002332842056823849 0 0 2 2 3 0 0 3
12.975073417838045 0 0 2 2 3 0 3 0
-0.17550487140937693 0 0 2 2 3 0 3 3
-0.05050588398143862 0 0 2 2 3 3 0 0
-0.3830172750212596 0 0 2 2 3 3 3 0
-0.043658204189336615 0 0 2 2 3 3 3 3
-135.6369228966685 0 0 3 0 0 0 0 0
-28.19729897984027 0 0 3 0 0 0 0 3
-0.00452203710345002 0 0 3 0 0 0 1 1
-0.00452203710345002 0 0 3 0 0 0 2 2
-28.210972572400436 0 0 3 0 0 0 3 0
0.49184711839839534 0 0 3 0 0 0 3 3
-28.178563392827016 0 0 3 0 0 3 0 0
0.6622114402703401 0 0 3 0 0 3 0 3
9.055461352800928e-05 0 0 3 0 0 3 1 1
9.055461352800928e-05 0 0 3 0 0 3 2 2
0.7240628332521737 0 0 3 0 0 3 3 0
0.11017665235958182 0 0 3 0 0 3 3 3
-28.178563392827016 0 0 3 0 3 0 0 0
0.6622114402703394 0 0 3 0 3 0 0 3
9.05546135280147e-05 0 0 3 0 3 0 1 1
9.05546135280147e-05 0 0 3 0 3 0 2 2
0.724062833252173 0 0 3 0 3 0 3 0
0.1101766523595818 0 0 3 0 3 0 3 3
0.880501964812691 0 0 3 0 3 3 0 0
0.15194370966141502 0 0 3 0 3 3 0 3
0.15719282996517753 0 0 3 0 3 3 3 0
-15.288622277774625 0 0 3 3 0 0 0 0
0.48267879884587417 0 0 3 3 0 0 0 3
3.270757091232678 0 0 3 3 0 0 1 1
3.2707570912326775 0 0 3 3 0 0 2 2
0.49184711839839546 0 0 3 3 0 0 3 0
0.12680664088150678 0 0 3 3 0 0 3 3
0.46419955480146735 0 0 3 3 0 3 0 0
0.11562039125106724 0 0 3 3 0 3 0 3
-0.21793947697196234 0 0 3 3 0 3 1 1
-0.21793947697196234 0 0 3 3 0 3 2 2
0.11280172622319108 0 0 3 3 0 3 3 0
0.464199554801467 0 0 3 3 3 0 0 0
0.11562039125106721 0 0 3 3 3 0 0 3
-0.21793947697196225 0 0 3 3 3 0 1 1
-0.21793947697196225 0 0 3 3 3 0 2 2
0.11280172622319107 0 0 3 3 3 0 3 0
0.10734516544446432 0 0 3 3 3 3 0 0
-0.04865781269601745 0 0 3 3 3 3 1 1
-0.04865781269601745 0 0 3 3 3 3 2 2
0.0011173934469988964 0 1 0 1 0 1 0 1
1.2227224074205494 0 1 0 1 0 1 1 0
-0.0032924322391819833 0 1 0 1 0 1 1 3
0.0011173934469988964 0 1 0 1 0 2 0 2
1.2227224074205492 0 1 0 1 0 2 2 0
-0.0032924322391819833 0 1 0 1 0 2 2 3
-0.011836830328667234 0 1 0 1 3 1 1 0
-0.0009111969524985078 0 1 0 1 3 1 1 3
-0.011836830328667234 0 1 0 1 3 2 2 0
-0.0009111969524985078 0 1 0 1 3 2 2 3
1.3102890403685985 0 1 0 2 0 1 0 2
0.0006690492427295331 0 1 0 2 0 1 2 0
-0.006193102987155482 0 1 0 2 0 1 3 2
-1.3102890403685985 0 1 0 2 0 2 0 1
-0.0006690492427295331 0 1 0 2 0 2 1 0
0.006193102987155482 0 1 0 2 0 2 3 1
-0.012688780933296543 0 1 0 2 3 1 0 2
-0.0012027959009556837 0 1 0 2 3 1 3 2
0.012688780933296543 0 1 0 2 3 2 0 1
0.0012027959009556837 0 1 0 2 3 2 3 1
0.0011887126390161065 0 1 1 0 0 1 1 0
0.0011887126390161065 0 1 1 0 0 2 2 0
0.0006690492427295331 0 1 1 3 0 1 3 1
0.0006690492427295333 0 1 1 3 0 2 3 2
-0.0024233966703518625 0 1 2 0 0 1 0 2
1.4337277923936667 0 1 2 0 0 1 2 0
-0.004789249930109531 0 1 2 0 0 1 2 3
-0.003292432239181987 0 1 2 0 0 1 3 2
0.0024233966703518625 0 1 2 0 0 2 0 1
-1.4337277923936667 0 1 2 0 0 2 1 0
0.004789249930109531 0 1 2 0 0 2 1 3
0.003292432239181987 0 1 2 0 0 2 3 1
-0.01388347762147534 0 1 2 0 3 1 2 0
-0.001281000676064705 0 1 2 0 3 1 2 3
-0.000911196952498508 0 1 2 0 3 1 3 2
0.01388347762147534 0 1 2 0 3 2 1 0
0.001281000676064705 0 1 2 0 3 2 1 3
0.000911196952498508 0 1 2 0 3 2 3 1
-0.004912022682335649 0 1 2 3 0 1 0 2
-0.004789249930109534 0 1 2 3 0 1 2 0
-0.0030632314037490334 0 1 2 3 0 1 2 3
1.2227224074205494 0 1 2 3 0 1 3 2
0.004912022682335649 0 1 2 3 0 2 0 1
0.004789249930109534 0 1 2 3 0 2 1 0
0.0030632314037490334 0 1 2 3 0 2 1 3
-1.2227224074205494 0 1 2 3 0 2 3 1
-0.0009240356427105853 0 1 2 3 3 1 0 2
-0.0013018535858576854 0 1 2 3 3 1 2 0
-0.011836830328667234 0 1 2 3 3 1 3 2
0.0009240356427105853 0 1 2 3 3 2 0 1
0.0013018535858576854 0 1 2 3 3 2 1 0
0.011836830328667234 0 1 2 3 3 2 3 1
-0.0049120226823356474 0 1 3 1 0 1 1 0
-0.002423396670351863 0 1 3 1 0 1 1 3
-0.0049120226823356474 0 1 3 1 0 2 2 0
-0.002423396670351863 0 1 3 1 0 2 2 3
-0.0009240356427105854 0 1 3 1 3 1 1 0
-0.0009240356427105854 0 1 3 1 3 2 2 0
-0.00619310298715548 0 1 3 2 0 1 0 2
-0.0026250738636092535 0 1 3 2 0 1 3 2
0.00619310298715548 0 1 3 2 0 2 0 1
0.0026250738636092535 0 1 3 2 0 2 3 1
-0.0012236488107486637 0 1 3 2 3 1 0 2
0.0012236488107486637 0 1 3 2 3 2 0 1
-1.3102890403685985 0 2 0 1 0 1 0 2
-0.0006690492427295332 0 2 0 1 0 1 2 0
0.006193102987155482 0 2 0 1 0 1 3 2
1.3102890403685985 0 2 0 1 0 2 0 1
0.000669049242729533 0 2 0 1 0 2 1 0
-0.006193102987155482 0 2 0 1 0 2 3 1
0.012688780933296543 0 2 0 1 3 1 0 2
0.0012027959009556837 0 2 0 1 3 1 3 2
-0.012688780933296543 0 2 0 1 3 2 0 1
-0.0012027959009556837 0 2 0 1 3 2 3 1
0.0011173934469988964 0 2 0 2 0 1 0 1
1.2227224074205496 0 2 0 2 0 1 1 0
-0.0032924322391819833 0 2 0 2 0 1 1 3
0.0011173934469988964 0 2 0 2 0 2 0 2
1.2227224074205494 0 2 0 2 0 2 2 0
-0.0032924322391819833 0 2 0 2 0 2 2 3
-0.011836830328667234 0 2 0 2 3 1 1 0
-0.0009111969524985078 0 2 0 2 3 1 1 3
-0.011836830328667234 0 2 0 2 3 2 2 0
-0.0009111969524985078 0 2 0 2 3 2 2 3
0.0024233966703518625 0 2 1 0 0 1 0 2
-1.4337277923936667 0 2 1 0 0 1 2 0
0.004789249930109531 0 2 1 0 0 1 2 3
0.003292432239181987 0 2 1 0 0 1 3 2
-0.0024233966703518625 0 2 1 0 0 2 0 1
1.4337277923936667 0 2 1 0 0 2 1 0
-0.004789249930109531 0 2 1 0 0 2 1 3
-0.003292432239181987 0 2 1 0 0 2 3 1
0.01388347762147534 0 2 1 0 3 1 2 0
0.001281000676064705 0 2 1 0 3 1 2 3
0.000911196952498508 0 2 1 0 3 1 3 2
-0.01388347762147534 0 2 1 0 3 2 1 0
-0.001281000676064705 0 2 1 0 3 2 1 3
-0.000911196952498508 0 2 1 0 3 2 3 1
0.004912022682335649 0 2 1 3 0 1 0 2
0.004789249930109534 0 2 1 3 0 1 2 0
0.0030632314037490334 0 2 1 3 0 1 2 3
-1.2227224074205492 0 2 1 3 0 1 3 2
-0.004912022682335649 0 2 1 3 0 2 0 1
-0.004789249930109534 0 2 1 3 0 2 1 0
-0.0030632314037490334 0 2 1 3 0 2 1 3
1.2227224074205494 0 2 1 3 0 2 3 1
0.0009240356427105853 0 2 1 3 3 1 0 2
0.0013018535858576854 0 2 1 3 3 1 2 0
0.011836830328667234 0 2 1 3 3 1 3 2
-0.0009240356427105853 0 2 1 3 3 2 0 1
-0.0013018535858576854 0 2 1 3 3 2 1 0
-0.011836830328667234 0 2 1 3 3 2 3 1
0.0011887126390161065 0 2 2 0 0 1 1 0
0.0011887126390161065 0 2 2 0 0 2 2 0
0.0006690492427295333 0 2 2 3 0 1 3 1
0.0006690492427295333 0 2 2 3 0 2 3 2
0.00619310298715548 0 2 3 1 0 1 0 2
0.002625073863609253 0 2 3 1 0 1 3 2
-0.00619310298715548 0 2 3 1 0 2 0 1
-0.002625073863609253 0 2 3 1 0 2 3 1
0.0012236488107486637 0 2 3 1 3 1 0 2
-0.0012236488107486637 0 2 3 1 3 2 0 1
-0.0049120226823356474 0 2 3 2 0 1 1 0
-0.0024233966703518625 0 2 3 2 0 1 1 3
-0.0049120226823356474 0 2 3 2 0 2 2 0
-0.0024233966703518625 0 2 3 2 0 2 2 3
-0.0009240356427105854 0 2 3 2 3 1 1 0
-0.0009240356427105854 0 2 3 2 3 2 2 0
-175.607024717928 0 3 0 0 0 0 0 0
-26.913440758873392 0 3 0 0 0 0 0 3
-0.17550487140937698 0 3 0 0 0 0 1 1
-0.17550487140937698 0 3 0 0 0 0 2 2
-28.17856339282702 0 3 0 0 0 0 3 0
0.46419955480146735 0 3 0 0 0 0 3 3
-45.55754971921437 0 3 0 0 0 3 0 0
0.8175536764830706 0 3 0 0 0 3 0 3
-0.04368624460191588 0 3 0 0 0 3 1 1
-0.04368624460191588 0 3 0 0 0 3 2 2
0.924523234406549 0 3 0 0 0 3 3 0
0.11163199299448029 0 3 0 0 0 3 3 3
-40.39414302716637 0 3 0 0 3 0 0 0
0.7873276442216992 0 3 0 0 3 0 0 3
-0.0430600863585307 0 3 0 0 3 0 1 1
-0.0430600863585307 0 3 0 0 3 0 2 2
0.8859200695963265 0 3 0 0 3 0 3 0
0.10709043969673206 0 3 0 0 3 0 3 3
1.2662079697466662 0 3 0 0 3 3 0 0
0.19491153694470775 0 3 0 0 3 3 0 3
0.20545917417352877 0 3 0 0 3 3 3 0
-25.602034325057787 0 3 0 3 0 0 0 0
0.6166577414597014 0 3 0 3 0 0 0 3
12.975073417838052 0 3 0 3 0 0 1 1
12.975073417838052 0 3 0 3 0 0 2 2
0.6622114402703403 0 3 0 3 0 0 3 0
0.11562039125106724 0 3 0 3 0 0 3 3
0.8175536764830706 0 3 0 3 0 3 0 0
0.16197091574877404 0 3 0 3 0 3 0 3
-0.39401686436126443 0 3 0 3 0 3 1 1
-0.39401686436126443 0 3 0 3 0 3 2 2
0.1644598870582271 0 3 0 3 0 3 3 0
0.7873276442216992 0 3 0 3 3 0 0 0
0.15334471122291288 0 3 0 3 3 0 0 3
-0.3787925845821496 0 3 0 3 3 0 1 1
-0.3787925845821496 0 3 0 3 3 0 2 2
0.1560775342168083 0 3 0 3 3 0 3 0
0.19849829798784138 0 3 0 3 3 3 0 0
-0.09089682883760934 0 3 0 3 3 3 1 1
-0.09089682883760934 0 3 0 3 3 3 2 2
-0.2179394769719624 0 3 1 1 0 0 0 0
9.055461352801188e-05 0 3 1 1 0 0 0 3
11.75168196117477 0 3 1 1 0 0 3 0
-0.17221243917019496 0 3 1 1 0 0 3 3
-0.051452172451057 0 3 1 1 0 3 0 0
-0.39401686436126443 0 3 1 1 0 3 3 0
-0.04368624460191588 0 3 1 1 0 3 3 3
-0.05020528970950436 0 3 1 1 3 0 0 0
-0.3787925845821496 0 3 1 1 3 0 3 0
-0.0430600863585307 0 3 1 1 3 0 3 3
-0.09424276743645754 0 3 1 1 3 3 3 0
-0.20420498845602836 0 3 1 2 0 0 1 2
0.20420498845602836 0 3 1 2 0 0 2 1
-0.05282789406374682 0 3 1 2 0 3 1 2
0.05282789406374682 0 3 1 2 0 3 2 1
-0.04896624161028329 0 3 1 2 3 0 1 2
0.04896624161028329 0 3 1 2 3 0 2 1
0.20420498845602833 0 3 2 1 0 0 1 2
-0.20420498845602833 0 3 2 1 0 0 2 1
0.05282789406374682 0 3 2 1 0 3 1 2
-0.05282789406374682 0 3 2 1 0 3 2 1
0.04896624161028328 0 3 2 1 3 0 1 2
-0.04896624161028328 0 3 2 1 3 0 2 1
-0.2179394769719624 0 3 2 2 0 0 0 0
9.055461352801102e-05 0 3 2 2 0 0 0 3
11.75168196117477 0 3 2 2 0 0 3 0
-0.17221243917019496 0 3 2 2 0 0 3 3
-0.051452172451057 0 3 2 2 0 3 0 0
-0.39401686436126443 0 3 2 2 0 3 3 0
-0.04368624460191588 0 3 2 2 0 3 3 3
-0.05020528970950436 0 3 2 2 3 0 0 0
-0.3787925845821496 0 3 2 2 3 0 3 0
-0.0430600863585307 0 3 2 2 3 0 3 3
-0.09424276743645754 0 3 2 2 3 3 3 0
-26.74364688779434 0 3 3 0 0 0 0 0
0.6636152933273861 0 3 3 0 0 0 0 3
-0.002332842056823851 0 3 3 0 0 0 1 1
-0.002332842056823851 0 3 3 0 0 0 2 2
0.7240628332521738 0 3 3 0 0 0 3 0
0.11280172622319108 0 3 3 0 0 0 3 3
0.924523234406549 0 3 3 0 0 3 0 0
0.1644598870582271 0 3 3 0 0 3 0 3
0.16996147879246326 0 3 3 0 0 3 3 0
0.8859200695963266 0 3 3 0 3 0 0 0
0.15607753421680834 0 3 3 0 3 0 0 3
0.1614490462409394 0 3 3 0 3 0 3 0
0.2093836423267501 0 3 3 0 3 3 0 0
0.4532172018842024 0 3 3 3 0 0 0 0
0.11255715984731822 0 3 3 3 0 0 0 3
-0.222851499654298 0 3 3 3 0 0 1 1
-0.222851499654298 0 3 3 3 0 0 2 2
0.11017665235958182 0 3 3 3 0 0 3 0
0.11163199299448029 0 3 3 3 0 3 0 0
-0.05145217245105701 0 3 3 3 0 3 1 1
-0.05145217245105701 0 3 3 3 0 3 2 2
0.10709043969673207 0 3 3 3 3 0 0 0
-0.05020528970950436 0 3 3 3 3 0 1 1
-0.05020528970950436 0 3 3 3 3 0 2 2
0.0011173934469988962 1 0 0 1 1 0 0 1
1.2227224074205487 1 0 0 1 1 0 1 0
-0.003292432239181979 1 0 0 1 1 0 1 3
-0.01183683032866725 1 0 0 1 1 3 1 0
-0.0009111969524985069 1 0 0 1 1 3 1 3
0.001117393446998896 1 0 0 1 2 0 0 2
1.2227224074205487 1 0 0 1 2 0 2 0
-0.003292432239181979 1 0 0 1 2 0 2 3
-0.01183683032866725 1 0 0 1 2 3 2 0
-0.0009111969524985069 1 0 0 1 2 3 2 3
1.3102890403685985 1 0 0 2 1 0 0 2
0.0006690492427295318 1 0 0 2 1 0 2 0
-0.006193102987155485 1 0 0 2 1 0 3 2
-0.012688780933296567 1 0 0 2 1 3 0 2
-0.0012027959009556844 1 0 0 2 1 3 3 2
-1.3102890403685985 1 0 0 2 2 0 0 1
-0.0006690492427295318 1 0 0 2 2 0 1 0
0.006193102987155485 1 0 0 2 2 0 3 1
0.012688780933296567 1 0 0 2 2 3 0 1
0.0012027959009556844 1 0 0 2 2 3 3 1
0.0011887126390161071 1 0 1 0 1 0 1 0
0.0011887126390161071 1 0 1 0 2 0 2 0
0.0006690492427295319 1 0 1 3 1 0 3 1
0.0006690492427295319 1 0 1 3 2 0 3 2
-0.0024233966703518617 1 0 2 0 1 0 0 2
1.4337277923936664 1 0 2 0 1 0 2 0
-0.00478924993010953 1 0 2 0 1 0 2 3
-0.003292432239181985 1 0 2 0 1 0 3 2
-0.013883477621475364 1 0 2 0 1 3 2 0
-0.0012810006760647055 1 0 2 0 1 3 2 3
-0.0009111969524985077 1 0 2 0 1 3 3 2
0.0024233966703518617 1 0 2 0 2 0 0 1
-1.4337277923936664 1 0 2 0 2 0 1 0
0.00478924993010953 1 0 2 0 2 0 1 3
0.003292432239181985 1 0 2 0 2 0 3 1
0.013883477621475364 1 0 2 0 2 3 1 0
0.0012810006760647055 1 0 2 0 2 3 1 3
0.0009111969524985077 1 0 2 0 2 3 3 1
-0.0049120226823356474 1 0 2 3 1 0 0 2
-0.004789249930109537 1 0 2 3 1 0 2 0
-0.0030632314037490334 1 0 2 3 1 0 2 3
1.2227224074205492 1 0 2 3 1 0 3 2
-0.0009240356427105854 1 0 2 3 1 3 0 2
-0.0013018535858576857 1 0 2 3 1 3 2 0
-0.011836830328667253 1 0 2 3 1 3 3 2
0.0049120226823356474 1 0 2 3 2 0 0 1
0.004789249930109537 1 0 2 3 2 0 1 0
0.0030632314037490334 1 0 2 3 2 0 1 3
-1.2227224074205492 1 0 2 3 2 0 3 1
0.0009240356427105854 1 0 2 3 2 3 0 1
0.0013018535858576857 1 0 2 3 2 3 1 0
0.011836830328667253 1 0 2 3 2 3 3 1
-0.004912022682335642 1 0 3 1 1 0 1 0
-0.0024233966703518612 1 0 3 1 1 0 1 3
-0.0009240356427105843 1 0 3 1 1 3 1 0
-0.004912022682335642 1 0 3 1 2 0 2 0
-0.0024233966703518612 1 0 3 1 2 0 2 3
-0.0009240356427105843 1 0 3 1 2 3 2 0
-0.006193102987155481 1 0 3 2 1 0 0 2
-0.002625073863609253 1 0 3 2 1 0 3 2
-0.0012236488107486639 1 0 3 2 1 3 0 2
0.006193102987155481 1 0 3 2 2 0 0 1
0.002625073863609253 1 0 3 2 2 0 3 1
0.0012236488107486639 1 0 3 2 2 3 0 1
0.0018123075308780154 1 1 0 0 1 1 0 0
0.0018123075308780154 1 1 0 0 2 2 0 0
4.1705819585959885e-05 1 1 2 2 1 1 2 2
-2.0852909792979936e-05 1 1 2 2 1 2 1 2
-2.085290979297995e-05 1 1 2 2 1 2 2 1
-2.085290979297995e-05 1 1 2 2 2 1 1 2
-2.0852909792979936e-05 1 1 2 2 2 1 2 1
4.1705819585959885e-05 1 1 2 2 2 2 1 1
2.5817033460239744 1 2 0 0 1 2 0 0
-0.015113016130685284 1 2 0 0 1 2 0 3
0.00031307912169258436 1 2 0 0 1 2 1 1
0.0003130791216925844 1 2 0 0 1 2 2 2
-0.01930158240511074 1 2 0 0 1 2 3 0
-0.002270776648874086 1 2 0 0 1 2 3 3
-2.5817033460239744 1 2 0 0 2 1 0 0
0.015113016130685284 1 2 0 0 2 1 0 3
-0.0003130791216925844 1 2 0 0 2 1 1 1
-0.00031307912169258436 1 2 0 0 2 1 2 2
0.01930158240511074 1 2 0 0 2 1 3 0
0.002270776648874086 1 2 0 0 2 1 3 3
-0.015113016130685292 1 2 0 3 1 2 0 0
-0.004313102262930543 1 2 0 3 1 2 0 3
0.007612139889557222 1 2 0 3 1 2 1 1
0.007612139889557222 1 2 0 3 1 2 2 2
-0.0041911764207093445 1 2 0 3 1 2 3 0
0.015113016130685292 1 2 0 3 2 1 0 0
0.004313102262930543 1 2 0 3 2 1 0 3
-0.007612139889557222 1 2 0 3 2 1 1 1
-0.007612139889557222 1 2 0 3 2 1 2 2
0.0041911764207093445 1 2 0 3 2 1 3 0
0.0006234413707763167 1 2 1 1 1 2 0 0
0.007612139889557222 1 2 1 1 1 2 3 0
0.0003130791216925844 1 2 1 1 1 2 3 3
-0.0006234413707763167 1 2 1 1 2 1 0 0
-0.007612139889557222 1 2 1 1 2 1 3 0
-0.0003130791216925844 1 2 1 1 2 1 3 3
-2.0852909792979963e-05 1 2 1 2 1 1 2 2
0.0019412526816282379 1 2 1 2 1 2 1 2
-0.0019203997718352582 1 2 1 2 1 2 2 1
-0.0019203997718352582 1 2 1 2 2 1 1 2
0.0019412526816282379 1 2 1 2 2 1 2 1
-2.0852909792979963e-05 1 2 1 2 2 2 1 1
-2.0852909792979922e-05 1 2 2 1 1 1 2 2
-0.0019203997718352582 1 2 2 1 1 2 1 2
0.0019412526816282379 1 2 2 1 1 2 2 1
0.0019412526816282379 1 2 2 1 2 1 1 2
-0.0019203997718352582 1 2 2 1 2 1 2 1
-2.0852909792979922e-05 1 2 2 1 2 2 1 1
0.0006234413707763167 1 2 2 2 1 2 0 0
0.007612139889557222 1 2 2 2 1 2 3 0
0.0003130791216925844 1 2 2 2 1 2 3 3
-0.0006234413707763167 1 2 2 2 2 1 0 0
-0.007612139889557222 1 2 2 2 2 1 3 0
-0.0003130791216925844 1 2 2 2 2 1 3 3
-0.019301582405110738 1 2 3 0 1 2 0 0
-0.0041911764207093445 1 2 3 0 1 2 0 3
-0.004256216275761878 1 2 3 0 1 2 3 0
0.019301582405110738 1 2 3 0 2 1 0 0
0.0041911764207093445 1 2 3 0 2 1 0 3
0.004256216275761878 1 2 3 0 2 1 3 0
-0.002270776648874086 1 2 3 3 1 2 0 0
0.0006234413707763168 1 2 3 3 1 2 1 1
0.0006234413707763168 1 2 3 3 1 2 2 2
0.002270776648874086 1 2 3 3 2 1 0 0
-0.0006234413707763168 1 2 3 3 2 1 1 1
-0.0006234413707763168 1 2 3 3 2 1 2 2
-0.011836830328667251 1 3 0 1 1 0 1 0
-0.0009111969524985072 1 3 0 1 1 0 1 3
-0.0033459385988482 1 3 0 1 1 3 1 0
-0.011836830328667251 1 3 0 1 2 0 2 0
-0.0009111969524985072 1 3 0 1 2 0 2 3
-0.0033459385988482 1 3 0 1 2 3 2 0
-0.012688780933296569 1 3 0 2 1 0 0 2
-0.0012236488107486639 1 3 0 2 1 0 3 2
-0.0035867610431336077 1 3 0 2 1 3 0 2
0.012688780933296569 1 3 0 2 2 0 0 1
0.0012236488107486639 1 3 0 2 2 0 3 1
0.0035867610431336077 1 3 0 2 2 3 0 1
-0.013883477621475366 1 3 2 0 1 0 2 0
-0.0013018535858576857 1 3 2 0 1 0 2 3
-0.0009111969524985073 1 3 2 0 1 0 3 2
-0.003924468153221383 1 3 2 0 1 3 2 0
0.013883477621475366 1 3 2 0 2 0 1 0
0.0013018535858576857 1 3 2 0 2 0 1 3
0.0009111969524985073 1 3 2 0 2 0 3 1
0.003924468153221383 1 3 2 0 2 3 1 0
-0.0009240356427105848 1 3 2 3 1 0 0 2
-0.0012810006760647058 1 3 2 3 1 0 2 0
-0.011836830328667254 1 3 2 3 1 0 3 2
-0.0033459385988482008 1 3 2 3 1 3 3 2
0.0009240356427105848 1 3 2 3 2 0 0 1
0.0012810006760647058 1 3 2 3 2 0 1 0
0.011836830328667254 1 3 2 3 2 0 3 1
0.0033459385988482008 1 3 2 3 2 3 3 1
-0.0009240356427105848 1 3 3 1 1 0 1 0
-0.0009240356427105848 1 3 3 1 2 0 2 0
-0.0012027959009556842 1 3 3 2 1 0 0 2
0.0012027959009556842 1 3 3 2 2 0 0 1
-1.3102890403685985 2 0 0 1 1 0 0 2
-0.0006690492427295318 2 0 0 1 1 0 2 0
0.006193102987155485 2 0 0 1 1 0 3 2
0.012688780933296567 2 0 0 1 1 3 0 2
0.0012027959009556844 2 0 0 1 1 3 3 2
1.3102890403685985 2 0 0 1 2 0 0 1
0.0006690492427295318 2 0 0 1 2 0 1 0
-0.006193102987155485 2 0 0 1 2 0 3 1
-0.012688780933296567 2 0 0 1 2 3 0 1
-0.0012027959009556844 2 0 0 1 2 3 3 1
0.0011173934469988962 2 0 0 2 1 0 0 1
1.2227224074205487 2 0 0 2 1 0 1 0
-0.003292432239181979 2 0 0 2 1 0 1 3
-0.01183683032866725 2 0 0 2 1 3 1 0
-0.0009111969524985069 2 0 0 2 1 3 1 3
0.0011173934469988962 2 0 0 2 2 0 0 2
1.2227224074205487 2 0 0 2 2 0 2 0
-0.003292432239181979 2 0 0 2 2 0 2 3
-0.01183683032866725 2 0 0 2 2 3 2 0
-0.0009111969524985069 2 0 0 2 2 3 2 3
0.0024233966703518617 2 0 1 0 1 0 0 2
-1.4337277923936664 2 0 1 0 1 0 2 0
0.00478924993010953 2 0 1 0 1 0 2 3
0.003292432239181985 2 0 1 0 1 0 3 2
0.013883477621475364 2 0 1 0 1 3 2 0
0.0012810006760647055 2 0 1 0 1 3 2 3
0.0009111969524985077 2 0 1 0 1 3 3 2
-0.0024233966703518617 2 0 1 0 2 0 0 1
1.4337277923936664 2 0 1 0 2 0 1 0
-0.00478924993010953 2 0 1 0 2 0 1 3
-0.003292432239181985 2 0 1 0 2 0 3 1
-0.013883477621475364 2 0 1 0 2 3 1 0
-0.0012810006760647055 2 0 1 0 2 3 1 3
-0.0009111969524985077 2 0 1 0 2 3 3 1
0.0049120226823356474 2 0 1 3 1 0 0 2
0.004789249930109537 2 0 1 3 1 0 2 0
0.0030632314037490334 2 0 1 3 1 0 2 3
-1.2227224074205492 2 0 1 3 1 0 3 2
0.0009240356427105854 2 0 1 3 1 3 0 2
0.0013018535858576857 2 0 1 3 1 3 2 0
0.011836830328667253 2 0 1 3 1 3 3 2
-0.0049120226823356474 2 0 1 3 2 0 0 1
-0.004789249930109537 2 0 1 3 2 0 1 0
-0.0030632314037490334 2 0 1 3 2 0 1 3
1.222722407420549 2 0 1 3 2 0 3 1
-0.0009240356427105854 2 0 1 3 2 3 0 1
-0.0013018535858576857 2 0 1 3 2 3 1 0
-0.011836830328667253 2 0 1 3 2 3 3 1
0.0011887126390161067 2 0 2 0 1 0 1 0
0.0011887126390161067 2 0 2 0 2 0 2 0
0.0006690492427295316 2 0 2 3 1 0 3 1
0.0006690492427295318 2 0 2 3 2 0 3 2
0.006193102987155481 2 0 3 1 1 0 0 2
0.002625073863609254 2 0 3 1 1 0 3 2
0.0012236488107486639 2 0 3 1 1 3 0 2
-0.006193102987155481 2 0 3 1 2 0 0 1
-0.002625073863609254 2 0 3 1 2 0 3 1
-0.0012236488107486639 2 0 3 1 2 3 0 1
-0.004912022682335642 2 0 3 2 1 0 1 0
-0.0024233966703518612 2 0 3 2 1 0 1 3
-0.0009240356427105843 2 0 3 2 1 3 1 0
-0.004912022682335642 2 0 3 2 2 0 2 0
-0.0024233966703518612 2 0 3 2 2 0 2 3
-0.0009240356427105843 2 0 3 2 2 3 2 0
-2.5817033460239744 2 1 0 0 1 2 0 0
0.015113016130685284 2 1 0 0 1 2 0 3
-0.00031307912169258436 2 1 0 0 1 2 1 1
-0.0003130791216925844 2 1 0 0 1 2 2 2
0.01930158240511074 2 1 0 0 1 2 3 0
0.002270776648874086 2 1 0 0 1 2 3 3
2.5817033460239744 2 1 0 0 2 1 0 0
-0.015113016130685284 2 1 0 0 2 1 0 3
0.0003130791216925844 2 1 0 0 2 1 1 1
0.00031307912169258436 2 1 0 0 2 1 2 2
-0.01930158240511074 2 1 0 0 2 1 3 0
-0.002270776648874086 2 1 0 0 2 1 3 3
0.015113016130685292 2 1 0 3 1 2 0 0
0.004313102262930543 2 1 0 3 1 2 0 3
-0.007612139889557222 2 1 0 3 1 2 1 1
-0.007612139889557222 2 1 0 3 1 2 2 2
0.0041911764207093445 2 1 0 3 1 2 3 0
-0.015113016130685292 2 1 0 3 2 1 0 0
-0.004313102262930543 2 1 0 3 2 1 0 3
0.007612139889557222 2 1 0 3 2 1 1 1
0.007612139889557222 2 1 0 3 2 1 2 2
-0.0041911764207093445 2 1 0 3 2 1 3 0
-0.0006234413707763167 2 1 1 1 1 2 0 0
-0.007612139889557222 2 1 1 1 1 2 3 0
-0.0003130791216925844 2 1 1 1 1 2 3 3
0.0006234413707763167 2 1 1 1 2 1 0 0
0.007612139889557222 2 1 1 1 2 1 3 0
0.0003130791216925844 2 1 1 1 2 1 3 3
-2.0852909792979922e-05 2 1 1 2 1 1 2 2
-0.0019203997718352582 2 1 1 2 1 2 1 2
0.0019412526816282379 2 1 1 2 1 2 2 1
0.0019412526816282379 2 1 1 2 2 1 1 2
-0.0019203997718352582 2 1 1 2 2 1 2 1
-2.0852909792979922e-05 2 1 1 2 2 2 1 1
-2.0852909792979963e-05 2 1 2 1 1 1 2 2
0.0019412526816282379 2 1 2 1 1 2 1 2
-0.0019203997718352582 2 1 2 1 1 2 2 1
-0.0019203997718352582 2 1 2 1 2 1 1 2
0.0019412526816282379 2 1 2 1 2 1 2 1
-2.0852909792979963e-05 2 1 2 1 2 2 1 1
-0.0006234413707763167 2 1 2 2 1 2 0 0
-0.007612139889557222 2 1 2 2 1 2 3 0
-0.0003130791216925844 2 1 2 2 1 2 3 3
0.0006234413707763167 2 1 2 2 2 1 0 0
0.007612139889557222 2 1 2 2 2 1 3 0
0.0003130791216925844 2 1 2 2 2 1 3 3
0.019301582405110738 2 1 3 0 1 2 0 0
0.0041911764207093445 2 1 3 0 1 2 0 3
0.004256216275761878 2 1 3 0 1 2 3 0
-0.019301582405110738 2 1 3 0 2 1 0 0
-0.0041911764207093445 2 1 3 0 2 1 0 3
-0.004256216275761878 2 1 3 0 2 1 3 0
0.002270776648874086 2 1 3 3 1 2 0 0
-0.0006234413707763168 2 1 3 3 1 2 1 1
-0.0006234413707763168 2 1 3 3 1 2 2 2
-0.002270776648874086 2 1 3 3 2 1 0 0
0.0006234413707763168 2 1 3 3 2 1 1 1
0.0006234413707763168 2 1 3 3 2 1 2 2
0.0018123075308780154 2 2 0 0 1 1 0 0
0.0018123075308780154 2 2 0 0 2 2 0 0
4.17058195859599e-05 2 2 1 1 1 1 2 2
-2.0852909792979936e-05 2 2 1 1 1 2 1 2
-2.085290979297995e-05 2 2 1 1 1 2 2 1
-2.085290979297995e-05 2 2 1 1 2 1 1 2
-2.0852909792979936e-05 2 2 1 1 2 1 2 1
4.17058195859599e-05 2 2 1 1 2 2 1 1
0.012688780933296569 2 3 0 1 1 0 0 2
0.0012236488107486639 2 3 0 1 1 0 3 2
0.0035867610431336077 2 3 0 1 1 3 0 2
-0.012688780933296569 2 3 0 1 2 0 0 1
-0.0012236488107486639 2 3 0 1 2 0 3 1
-0.0035867610431336077 2 3 0 1 2 3 0 1
-0.011836830328667251 2 3 0 2 1 0 1 0
-0.0009111969524985072 2 3 0 2 1 0 1 3
-0.0033459385988482 2 3 0 2 1 3 1 0
-0.011836830328667251 2 3 0 2 2 0 2 0
-0.0009111969524985072 2 3 0 2 2 0 2 3
-0.0033459385988482 2 3 0 2 2 3 2 0
0.013883477621475366 2 3 1 0 1 0 2 0
0.0013018535858576857 2 3 1 0 1 0 2 3
0.0009111969524985073 2 3 1 0 1 0 3 2
0.003924468153221383 2 3 1 0 1 3 2 0
-0.013883477621475366 2 3 1 0 2 0 1 0
-0.0013018535858576857 2 3 1 0 2 0 1 3
-0.0009111969524985073 2 3 1 0 2 0 3 1
-0.003924468153221383 2 3 1 0 2 3 1 0
0.0009240356427105848 2 3 1 3 1 0 0 2
0.0012810006760647058 2 3 1 3 1 0 2 0
0.011836830328667254 2 3 1 3 1 0 3 2
0.0033459385988482008 2 3 1 3 1 3 3 2
-0.0009240356427105848 2 3 1 3 2 0 0 1
-0.0012810006760647058 2 3 1 3 2 0 1 0
-0.011836830328667254 2 3 1 3 2 0 3 1
-0.0033459385988482008 2 3 1 3 2 3 3 1
0.0012027959009556842 2 3 3 1 1 0 0 2
-0.0012027959009556842 2 3 3 1 2 0 0 1
-0.0009240356427105848 2 3 3 2 1 0 1 0
-0.0009240356427105848 2 3 3 2 2 0 2 0
-175.60702471792766 3 0 0 0 0 0 0 0
-26.913440758873392 3 0 0 0 0 0 0 3
-0.17550487140937696 3 0 0 0 0 0 1 1
-0.17550487140937696 3 0 0 0 0 0 2 2
-28.178563392827016 3 0 0 0 0 0 3 0
0.46419955480146696 3 0 0 0 0 0 3 3
-40.39414302716637 3 0 0 0 0 3 0 0
0.7873276442216992 3 0 0 0 0 3 0 3
-0.0430600863585307 3 0 0 0 0 3 1 1
-0.0430600863585307 3 0 0 0 0 3 2 2
0.8859200695963265 3 0 0 0 0 3 3 0
0.10709043969673207 3 0 0 0 0 3 3 3
-45.557549719214336 3 0 0 0 3 0 0 0
0.8175536764830694 3 0 0 0 3 0 0 3
-0.043686244601915857 3 0 0 0 3 0 1 1
-0.043686244601915857 3 0 0 0 3 0 2 2
0.9245232344065477 3 0 0 0 3 0 3 0
0.11163199299448023 3 0 0 0 3 0 3 3
1.2662079697466655 3 0 0 0 3 3 0 0
0.1949115369447077 3 0 0 0 3 3 0 3
0.2054591741735287 3 0 0 0 3 3 3 0
-25.60203432505779 3 0 0 3 0 0 0 0
0.6166577414597008 3 0 0 3 0 0 0 3
12.975073417838049 3 0 0 3 0 0 1 1
12.975073417838049 3 0 0 3 0 0 2 2
0.6622114402703396 3 0 0 3 0 0 3 0
0.11562039125106721 3 0 0 3 0 0 3 3
0.7873276442216992 3 0 0 3 0 3 0 0
0.15334471122291288 3 0 0 3 0 3 0 3
-0.3787925845821496 3 0 0 3 0 3 1 1
-0.3787925845821496 3 0 0 3 0 3 2 2
0.15607753421680834 3 0 0 3 0 3 3 0
0.8175536764830695 3 0 0 3 3 0 0 0
0.16197091574877398 3 0 0 3 3 0 0 3
-0.39401686436126393 3 0 0 3 3 0 1 1
-0.39401686436126393 3 0 0 3 3 0 2 2
0.16445988705822703 3 0 0 3 3 0 3 0
0.19849829798784133 3 0 0 3 3 3 0 0
-0.09089682883760933 3 0 0 3 3 3 1 1
-0.09089682883760933 3 0 0 3 3 3 2 2
-0.21793947697196225 3 0 1 1 0 0 0 0
9.055461352801275e-05 3 0 1 1 0 0 0 3
11.751681961174768 3 0 1 1 0 0 3 0
-0.17221243917019494 3 0 1 1 0 0 3 3
-0.05020528970950436 3 0 1 1 0 3 0 0
-0.3787925845821496 3 0 1 1 0 3 3 0
-0.0430600863585307 3 0 1 1 0 3 3 3
-0.05145217245105698 3 0 1 1 3 0 0 0
-0.3940168643612639 3 0 1 1 3 0 3 0
-0.043686244601915857 3 0 1 1 3 0 3 3
-0.09424276743645751 3 0 1 1 3 3 3 0
-0.20420498845602814 3 0 1 2 0 0 1 2
0.20420498845602814 3 0 1 2 0 0 2 1
-0.04896624161028329 3 0 1 2 0 3 1 2
0.04896624161028329 3 0 1 2 0 3 2 1
-0.0528278940637468 3 0 1 2 3 0 1 2
0.0528278940637468 3 0 1 2 3 0 2 1
0.20420498845602808 3 0 2 1 0 0 1 2
-0.20420498845602808 3 0 2 1 0 0 2 1
0.04896624161028328 3 0 2 1 0 3 1 2
-0.04896624161028328 3 0 2 1 0 3 2 1
0.0528278940637468 3 0 2 1 3 0 1 2
-0.0528278940637468 3 0 2 1 3 0 2 1
-0.21793947697196225 3 0 2 2 0 0 0 0
9.055461352801275e-05 3 0 2 2 0 0 0 3
11.751681961174768 3 0 2 2 0 0 3 0
-0.17221243917019494 3 0 2 2 0 0 3 3
-0.05020528970950436 3 0 2 2 0 3 0 0
-0.3787925845821496 3 0 2 2 0 3 3 0
-0.0430600863585307 3 0 2 2 0 3 3 3
-0.05145217245105698 3 0 2 2 3 0 0 0
-0.3940168643612639 3 0 2 2 3 0 3 0
-0.043686244601915857 3 0 2 2 3 0 3 3
-0.09424276743645751 3 0 2 2 3 3 3 0
-26.743646887794334 3 0 3 0 0 0 0 0
0.6636152933273854 3 0 3 0 0 0 0 3
-0.0023328420568238493 3 0 3 0 0 0 1 1
-0.0023328420568238493 3 0 3 0 0 0 2 2
0.7240628332521732 3 0 3 0 0 0 3 0
0.11280172622319107 3 0 3 0 0 0 3 3
0.8859200695963266 3 0 3 0 0 3 0 0
0.1560775342168083 3 0 3 0 0 3 0 3
0.1614490462409394 3 0 3 0 0 3 3 0
0.9245232344065476 3 0 3 0 3 0 0 0
0.16445988705822703 3 0 3 0 3 0 0 3
0.16996147879246318 3 0 3 0 3 0 3 0
0.20938364232675005 3 0 3 0 3 3 0 0
0.45321720188420195 3 0 3 3 0 0 0 0
0.11255715984731818 3 0 3 3 0 0 0 3
-0.22285149965429793 3 0 3 3 0 0 1 1
-0.22285149965429793 3 0 3 3 0 0 2 2
0.1101766523595818 3 0 3 3 0 0 3 0
0.10709043969673204 3 0 3 3 0 3 0 0
-0.05020528970950436 3 0 3 3 0 3 1 1
-0.05020528970950436 3 0 3 3 0 3 2 2
0.11163199299448023 3 0 3 3 3 0 0 0
-0.05145217245105698 3 0 3 3 3 0 1 1
-0.05145217245105698 3 0 3 3 3 0 2 2
-0.011836830328667237 3 1 0 1 0 1 1 0
-0.0009111969524985081 3 1 0 1 0 1 1 3
-0.011836830328667237 3 1 0 1 0 2 2 0
-0.0009111969524985081 3 1 0 1 0 2 2 3
-0.003345938598848199 3 1 0 1 3 1 1 0
-0.003345938598848199 3 1 0 1 3 2 2 0
-0.012688780933296548 3 1 0 2 0 1 0 2
-0.0012236488107486637 3 1 0 2 0 1 3 2
0.012688780933296548 3 1 0 2 0 2 0 1
0.0012236488107486637 3 1 0 2 0 2 3 1
-0.0035867610431336056 3 1 0 2 3 1 0 2
0.0035867610431336056 3 1 0 2 3 2 0 1
-0.013883477621475343 3 1 2 0 0 1 2 0
-0.0013018535858576854 3 1 2 0 0 1 2 3
-0.0009111969524985078 3 1 2 0 0 1 3 2
0.013883477621475343 3 1 2 0 0 2 1 0
0.0013018535858576854 3 1 2 0 0 2 1 3
0.0009111969524985078 3 1 2 0 0 2 3 1
-0.003924468153221381 3 1 2 0 3 1 2 0
0.003924468153221381 3 1 2 0 3 2 1 0
-0.0009240356427105854 3 1 2 3 0 1 0 2
-0.001281000676064705 3 1 2 3 0 1 2 0
-0.011836830328667237 3 1 2 3 0 1 3 2
0.0009240356427105854 3 1 2 3 0 2 0 1
0.001281000676064705 3 1 2 3 0 2 1 0
0.011836830328667237 3 1 2 3 0 2 3 1
-0.0033459385988481995 3 1 2 3 3 1 3 2
0.0033459385988481995 3 1 2 3 3 2 3 1
-0.0009240356427105853 3 1 3 1 0 1 1 0
-0.0009240356427105853 3 1 3 1 0 2 2 0
-0.0012027959009556837 3 1 3 2 0 1 0 2
0.0012027959009556837 3 1 3 2 0 2 0 1
0.012688780933296548 3 2 0 1 0 1 0 2
0.0012236488107486634 3 2 0 1 0 1 3 2
-0.012688780933296548 3 2 0 1 0 2 0 1
-0.0012236488107486634 3 2 0 1 0 2 3 1
0.0035867610431336056 3 2 0 1 3 1 0 2
-0.0035867610431336056 3 2 0 1 3 2 0 1
-0.011836830328667237 3 2 0 2 0 1 1 0
-0.000911196952498508 3 2 0 2 0 1 1 3
-0.011836830328667237 3 2 0 2 0 2 2 0
-0.000911196952498508 3 2 0 2 0 2 2 3
-0.003345938598848199 3 2 0 2 3 1 1 0
-0.003345938598848199 3 2 0 2 3 2 2 0
0.013883477621475343 3 2 1 0 0 1 2 0
0.0013018535858576854 3 2 1 0 0 1 2 3
0.0009111969524985078 3 2 1 0 0 1 3 2
-0.013883477621475343 3 2 1 0 0 2 1 0
-0.0013018535858576854 3 2 1 0 0 2 1 3
-0.0009111969524985078 3 2 1 0 0 2 3 1
0.003924468153221381 3 2 1 0 3 1 2 0
-0.003924468153221381 3 2 1 0 3 2 1 0
0.0009240356427105854 3 2 1 3 0 1 0 2
0.001281000676064705 3 2 1 3 0 1 2 0
0.011836830328667237 3 2 1 3 0 1 3 2
-0.0009240356427105854 3 2 1 3 0 2 0 1
-0.001281000676064705 3 2 1 3 0 2 1 0
-0.011836830328667237 3 2 1 3 0 2 3 1
0.0033459385988481995 3 2 1 3 3 1 3 2
-0.0033459385988481995 3 2 1 3 3 2 3 1
0.0012027959009556837 3 2 3 1 0 1 0 2
-0.0012027959009556837 3 2 3 1 0 2 0 1
-0.0009240356427105853 3 2 3 2 0 1 1 0
-0.0009240356427105853 3 2 3 2 0 2 2 0
-37.81062737361151 3 3 0 0 0 0 0 0
0.7849034090243105 3 3 0 0 0 0 0 3
-0.04365820418933662 3 3 0 0 0 0 1 1
-0.04365820418933662 3 3 0 0 0 0 2 2
0.8805019648126912 3 3 0 0 0 0 3 0
0.10734516544446432 3 3 0 0 0 0 3 3
1.2662079697466664 3 3 0 0 0 3 0 0
0.19849829798784138 3 3 0 0 0 3 0 3
0.2093836423267501 3 3 0 0 0 3 3 0
1.2662079697466655 3 3 0 0 3 0 0 0
0.19849829798784133 3 3 0 0 3 0 0 3
0.20938364232675005 3 3 0 0 3 0 3 0
0.3115127904763484 3 3 0 0 3 3 0 0
0.7595258471577175 3 3 0 3 0 0 0 0
0.14903160895998233 3 3 0 3 0 0 0 3
-0.38301727502125965 3 3 0 3 0 0 1 1
-0.38301727502125965 3 3 0 3 0 0 2 2
0.15194370966141502 3 3 0 3 0 0 3 0
0.19491153694470773 3 3 0 3 0 3 0 0
-0.09424276743645754 3 3 0 3 0 3 1 1
-0.09424276743645754 3 3 0 3 0 3 2 2
0.1949115369447077 3 3 0 3 3 0 0 0
-0.09424276743645751 3 3 0 3 3 0 1 1
-0.09424276743645751 3 3 0 3 3 0 2 2
-0.04865781269601744 3 3 1 1 0 0 0 0
-0.3593436143639252 3 3 1 1 0 0 3 0
-0.041835810284339615 3 3 1 1 0 0 3 3
-0.09089682883760934 3 3 1 1 0 3 3 0
-0.09089682883760933 3 3 1 1 3 0 3 0
-0.047045841838448024 3 3 1 2 0 0 1 2
0.047045841838448024 3 3 1 2 0 0 2 1
0.047045841838448024 3 3 2 1 0 0 1 2
-0.047045841838448024 3 3 2 1 0 0 2 1
-0.04865781269601744 3 3 2 2 0 0 0 0
-0.3593436143639252 3 3 2 2 0 0 3 0
-0.041835810284339615 3 3 2 2 0 0 3 3
-0.09089682883760934 3 3 2 2 0 3 3 0
-0.09089682883760933 3 3 2 2 3 0 3 0
0.8527350095697406 3 3 3 0 0 0 0 0
0.15178730011119698 3 3 3 0 0 0 0 3
0.15719282996517753 3 3 3 0 0 0 3 0
0.20545917417352874 3 3 3 0 0 3 0 0
0.2054591741735287 3 3 3 0 3 0 0 0
0.10233586647083757 3 3 3 3 0 0 0 0
-0.050505883981438626 3 3 3 3 0 0 1 1
-0.050505883981438626 3 3 3 3 0 0 2 2
