9157.300356216627 0 0 0 0 0 0 0 0
-106.86554326364575 0 0 0 0 0 0 0 3
1.2855225826148646 0 0 0 0 0 0 1 1
1.2855225826148646 0 0 0 0 0 0 2 2
-120.74212040981097 0 0 0 0 0 0 3 0
-11.119858640235176 0 0 0 0 0 0 3 3
-175.1169508209901 0 0 0 0 0 3 0 0
-23.63223301459507 0 0 0 0 0 3 0 3
-0.18976007679389803 0 0 0 0 0 3 1 1
-0.18976007679389803 0 0 0 0 0 3 2 2
-24.91606034069982 0 0 0 0 0 3 3 0
0.3406721302723266 0 0 0 0 0 3 3 3
-175.11695082099007 0 0 0 0 3 0 0 0
-23.63223301459507 0 0 0 0 3 0 0 3
-0.18976007679389803 0 0 0 0 3 0 1 1
-0.18976007679389803 0 0 0 0 3 0 2 2
-24.916060340699815 0 0 0 0 3 0 3 0
0.3406721302723266 0 0 0 0 3 0 3 3
-37.8579554376267 0 0 0 0 3 3 0 0
0.7201689065549453 0 0 0 0 3 3 0 3
-0.04477280167942109 0 0 0 0 3 3 1 1
-0.04477280167942109 0 0 0 0 3 3 2 2
0.7783514900674706 0 0 0 0 3 3 3 0
0.07539937213498182 0 0 0 0 3 3 3 3
-106.86554326364585 0 0 0 3 0 0 0 0
-26.467133390584667 0 0 0 3 0 0 0 3
60.98262793706925 0 0 0 3 0 0 1 1
60.98262793706926 0 0 0 3 0 0 2 2
-26.128949128736004 0 0 0 3 0 0 3 0
0.400278891794177 0 0 0 3 0 0 3 3
-24.879914523161162 0 0 0 3 0 3 0 0
0.5669994121013215 0 0 0 3 0 3 0 3
13.581172815433714 0 0 0 3 0 3 1 1
13.581172815433716 0 0 0 3 0 3 2 2
0.593030355111553 0 0 0 3 0 3 3 0
0.09040415553634135 0 0 0 3 0 3 3 3
-24.87991452316116 0 0 0 3 3 0 0 0
0.5669994121013215 0 0 0 3 3 0 0 3
13.581172815433716 0 0 0 3 3 0 1 1
13.581172815433716 0 0 0 3 3 0 2 2
0.593030355111553 0 0 0 3 3 0 3 0
0.09040415553634135 0 0 0 3 3 0 3 3
0.7442129407297324 0 0 0 3 3 3 0 0
0.13111731257307777 0 0 0 3 3 3 0 3
-0.4119223310198074 0 0 0 3 3 3 1 1
-0.4119223310198074 0 0 0 3 3 3 2 2
0.1346764598201136 0 0 0 3 3 3 3 0
3.099132582530405 0 0 1 1 0 0 0 0
0.030119998498012522 0 0 1 1 0 0 0 3
8.928545888421307e-05 0 0 1 1 0 0 1 1
8.928545888421307e-05 0 0 1 1 0 0 2 2
60.98262793706924 0 0 1 1 0 0 3 0
1.2855225826148649 0 0 1 1 0 0 3 3
-0.22785981530516783 0 0 1 1 0 3 0 0
0.006388860117701822 0 0 1 1 0 3 0 3
14.863457274750598 0 0 1 1 0 3 3 0
-0.1931264728162968 0 0 1 1 0 3 3 3
-0.22785981530516783 0 0 1 1 3 0 0 0
0.006388860117701822 0 0 1 1 3 0 0 3
14.863457274750596 0 0 1 1 3 0 3 0
-0.1931264728162968 0 0 1 1 3 0 3 3
-0.05282135779714907 0 0 1 1 3 3 0 0
-0.4366328558429465 0 0 1 1 3 3 3 0
-0.04631189364666931 0 0 1 1 3 3 3 3
15.009001203041942 0 0 1 2 0 0 1 2
-15.009001203041942 0 0 1 2 0 0 2 1
-0.24836605886046437 0 0 1 2 0 3 1 2
0.24836605886046437 0 0 1 2 0 3 2 1
-0.24836605886046437 0 0 1 2 3 0 1 2
0.24836605886046437 0 0 1 2 3 0 2 1
-0.05769149011388641 0 0 1 2 3 3 1 2
0.05769149011388641 0 0 1 2 3 3 2 1
-15.009001203041942 0 0 2 1 0 0 1 2
15.009001203041942 0 0 2 1 0 0 2 1
0.24836605886046437 0 0 2 1 0 3 1 2
-0.24836605886046437 0 0 2 1 0 3 2 1
0.24836605886046437 0 0 2 1 3 0 1 2
-0.24836605886046437 0 0 2 1 3 0 2 1
0.05769149011388641 0 0 2 1 3 3 1 2
-0.05769149011388641 0 0 2 1 3 3 2 1
3.0991325825304052 0 0 2 2 0 0 0 0
0.030119998498012522 0 0 2 2 0 0 0 3
8.928545888421307e-05 0 0 2 2 0 0 1 1
8.928545888421307e-05 0 0 2 2 0 0 2 2
60.98262793706925 0 0 2 2 0 0 3 0
1.2855225826148649 0 0 2 2 0 0 3 3
-0.22785981530516783 0 0 2 2 0 3 0 0
0.006388860117701822 0 0 2 2 0 3 0 3
14.863457274750598 0 0 2 2 0 3 3 0
-0.1931264728162968 0 0 2 2 0 3 3 3
-0.22785981530516783 0 0 2 2 3 0 0 0
0.006388860117701822 0 0 2 2 3 0 0 3
14.863457274750598 0 0 2 2 3 0 3 0
-0.1931264728162968 0 0 2 2 3 0 3 3
-0.05282135779714907 0 0 2 2 3 3 0 0
-0.4366328558429465 0 0 2 2 3 3 3 0
-0.04631189364666931 0 0 2 2 3 3 3 3
-120.74212040981091 0 0 3 0 0 0 0 0
-26.128949128736004 0 0 3 0 0 0 0 3
0.030119998498012505 0 0 3 0 0 0 1 1
0.030119998498012505 0 0 3 0 0 0 2 2
-26.108381888253195 0 0 3 0 0 0 3 0
0.39553490291102655 0 0 3 0 0 0 3 3
-26.27434707316284 0 0 3 0 0 3 0 0
0.5927359776516659 0 0 3 0 0 3 0 3
0.00896423356262427 0 0 3 0 0 3 1 1
0.00896423356262427 0 0 3 0 0 3 2 2
0.624210059053227 0 0 3 0 0 3 3 0
0.08823805374818688 0 0 3 0 0 3 3 3
-26.27434707316284 0 0 3 0 3 0 0 0
0.5927359776516659 0 0 3 0 3 0 0 3
0.00896423356262427 0 0 3 0 3 0 1 1
0.00896423356262427 0 0 3 0 3 0 2 2
0.624210059053227 0 0 3 0 3 0 3 0
0.08823805374818688 0 0 3 0 3 0 3 3
0.8045263364038007 0 0 3 0 3 3 0 0
0.13478238757265376 0 0 3 0 3 3 0 3
0.1393000893762802 0 0 3 0 3 3 3 0
-11.119858640235176 0 0 3 3 0 0 0 0
0.400278891794177 0 0 3 3 0 0 0 3
3.0991325825304026 0 0 3 3 0 0 1 1
3.099132582530403 0 0 3 3 0 0 2 2
0.3955349029110266 0 0 3 3 0 0 3 0
0.11200860954246532 0 0 3 3 0 0 3 3
0.3483620847699636 0 0 3 3 0 3 0 0
0.09321107650189212 0 0 3 3 0 3 0 3
-0.22389254760666077 0 0 3 3 0 3 1 1
-0.22389254760666077 0 0 3 3 0 3 2 2
0.0907016043088248 0 0 3 3 0 3 3 0
0.3483620847699636 0 0 3 3 3 0 0 0
0.09321107650189212 0 0 3 3 3 0 0 3
-0.22389254760666077 0 0 3 3 3 0 1 1
-0.22389254760666077 0 0 3 3 3 0 2 2
0.0907016043088248 0 0 3 3 3 0 3 0
0.07868195354871668 0 0 3 3 3 3 0 0
-0.051254733614710585 0 0 3 3 3 3 1 1
-0.051254733614710585 0 0 3 3 3 3 2 2
0.0009010021964333485 0 1 0 1 0 1 0 1
1.2814174361590758 0 1 0 1 0 1 1 0
-0.00336639602239881 0 1 0 1 0 1 1 3
0.0009010021964333485 0 1 0 1 0 2 0 2
1.2814174361590758 0 1 0 1 0 2 2 0
-0.00336639602239881 0 1 0 1 0 2 2 3
-0.01235526241156954 0 1 0 1 3 1 1 0
-0.0007695459836241049 0 1 0 1 3 1 1 3
-0.01235526241156954 0 1 0 1 3 2 2 0
-0.0007695459836241049 0 1 0 1 3 2 2 3
1.2467805063696602 0 1 0 2 0 1 0 2
0.0008670231578070769 0 1 0 2 0 1 2 0
-0.003992165978761978 0 1 0 2 0 1 3 2
-1.2467805063696602 0 1 0 2 0 2 0 1
-0.0008670231578070769 0 1 0 2 0 2 1 0
0.003992165978761978 0 1 0 2 0 2 3 1
-0.012022017087393604 0 1 0 2 3 1 0 2
-0.0007927987856226801 0 1 0 2 3 1 3 2
0.012022017087393604 0 1 0 2 3 2 0 1
0.0007927987856226801 0 1 0 2 3 2 3 1
0.0009803997484724796 0 1 1 0 0 1 1 0
0.0009803997484724792 0 1 1 0 0 2 2 0
0.0008670231578070772 0 1 1 3 0 1 3 1
0.0008670231578070774 0 1 1 3 0 2 3 2
-0.0025753734449224463 0 1 2 0 0 1 0 2
1.3573063327145478 0 1 2 0 0 1 2 0
-0.0036977885188749678 0 1 2 0 0 1 2 3
-0.0033663960223988144 0 1 2 0 0 1 3 2
0.0025753734449224463 0 1 2 0 0 2 0 1
-1.3573063327145478 0 1 2 0 0 2 1 0
0.0036977885188749678 0 1 2 0 0 2 1 3
0.0033663960223988144 0 1 2 0 0 2 3 1
-0.013087423168165056 0 1 2 0 3 1 2 0
-0.0008457626618927621 0 1 2 0 3 1 2 3
-0.0007695459836241046 0 1 2 0 3 1 3 2
0.013087423168165056 0 1 2 0 3 2 1 0
0.0008457626618927621 0 1 2 0 3 2 1 3
0.0007695459836241046 0 1 2 0 3 2 3 1
-0.003967267698507027 0 1 2 3 0 1 0 2
-0.0036977885188749712 0 1 2 3 0 1 2 0
-0.0028069209655507744 0 1 2 3 0 1 2 3
1.2814174361590758 0 1 2 3 0 1 3 2
0.003967267698507027 0 1 2 3 0 2 0 1
0.0036977885188749712 0 1 2 3 0 2 1 0
0.0028069209655507744 0 1 2 3 0 2 1 3
-1.2814174361590758 0 1 2 3 0 2 3 1
-0.0007833120912192392 0 1 2 3 3 1 0 2
-0.0008484919212447468 0 1 2 3 3 1 2 0
-0.01235526241156954 0 1 2 3 3 1 3 2
0.0007833120912192392 0 1 2 3 3 2 0 1
0.0008484919212447468 0 1 2 3 3 2 1 0
0.01235526241156954 0 1 2 3 3 2 3 1
-0.003967267698507027 0 1 3 1 0 1 1 0
-0.0025753734449224463 0 1 3 1 0 1 1 3
-0.003967267698507027 0 1 3 1 0 2 2 0
-0.0025753734449224463 0 1 3 1 0 2 2 3
-0.0007833120912192392 0 1 3 1 3 1 1 0
-0.0007833120912192392 0 1 3 1 3 2 2 0
-0.003992165978761977 0 1 3 2 0 1 0 2
-0.002463550560637925 0 1 3 2 0 1 3 2
0.003992165978761977 0 1 3 2 0 2 0 1
0.002463550560637925 0 1 3 2 0 2 3 1
-0.0007955280449746648 0 1 3 2 3 1 0 2
0.0007955280449746648 0 1 3 2 3 2 0 1
-1.2467805063696602 0 2 0 1 0 1 0 2
-0.0008670231578070775 0 2 0 1 0 1 2 0
0.003992165978761978 0 2 0 1 0 1 3 2
1.2467805063696602 0 2 0 1 0 2 0 1
0.0008670231578070773 0 2 0 1 0 2 1 0
-0.003992165978761978 0 2 0 1 0 2 3 1
0.012022017087393604 0 2 0 1 3 1 0 2
0.0007927987856226801 0 2 0 1 3 1 3 2
-0.012022017087393604 0 2 0 1 3 2 0 1
-0.0007927987856226801 0 2 0 1 3 2 3 1
0.0009010021964333485 0 2 0 2 0 1 0 1
1.281417436159076 0 2 0 2 0 1 1 0
-0.00336639602239881 0 2 0 2 0 1 1 3
0.0009010021964333485 0 2 0 2 0 2 0 2
1.281417436159076 0 2 0 2 0 2 2 0
-0.00336639602239881 0 2 0 2 0 2 2 3
-0.01235526241156954 0 2 0 2 3 1 1 0
-0.0007695459836241049 0 2 0 2 3 1 1 3
-0.01235526241156954 0 2 0 2 3 2 2 0
-0.0007695459836241049 0 2 0 2 3 2 2 3
0.0025753734449224463 0 2 1 0 0 1 0 2
-1.3573063327145478 0 2 1 0 0 1 2 0
0.0036977885188749678 0 2 1 0 0 1 2 3
0.0033663960223988144 0 2 1 0 0 1 3 2
-0.0025753734449224463 0 2 1 0 0 2 0 1
1.3573063327145478 0 2 1 0 0 2 1 0
-0.0036977885188749678 0 2 1 0 0 2 1 3
-0.0033663960223988144 0 2 1 0 0 2 3 1
0.013087423168165056 0 2 1 0 3 1 2 0
0.0008457626618927621 0 2 1 0 3 1 2 3
0.0007695459836241046 0 2 1 0 3 1 3 2
-0.013087423168165056 0 2 1 0 3 2 1 0
-0.0008457626618927621 0 2 1 0 3 2 1 3
-0.0007695459836241046 0 2 1 0 3 2 3 1
0.003967267698507027 0 2 1 3 0 1 0 2
0.0036977885188749712 0 2 1 3 0 1 2 0
0.002806920965550775 0 2 1 3 0 1 2 3
-1.2814174361590758 0 2 1 3 0 1 3 2
-0.003967267698507027 0 2 1 3 0 2 0 1
-0.0036977885188749712 0 2 1 3 0 2 1 0
-0.002806920965550775 0 2 1 3 0 2 1 3
1.281417436159076 0 2 1 3 0 2 3 1
0.0007833120912192392 0 2 1 3 3 1 0 2
0.0008484919212447468 0 2 1 3 3 1 2 0
0.01235526241156954 0 2 1 3 3 1 3 2
-0.0007833120912192392 0 2 1 3 3 2 0 1
-0.0008484919212447468 0 2 1 3 3 2 1 0
-0.01235526241156954 0 2 1 3 3 2 3 1
0.0009803997484724792 0 2 2 0 0 1 1 0
0.0009803997484724792 0 2 2 0 0 2 2 0
0.0008670231578070773 0 2 2 3 0 1 3 1
0.0008670231578070773 0 2 2 3 0 2 3 2
0.003992165978761977 0 2 3 1 0 1 0 2
0.002463550560637925 0 2 3 1 0 1 3 2
-0.003992165978761977 0 2 3 1 0 2 0 1
-0.002463550560637925 0 2 3 1 0 2 3 1
0.0007955280449746648 0 2 3 1 3 1 0 2
-0.0007955280449746648 0 2 3 1 3 2 0 1
-0.003967267698507027 0 2 3 2 0 1 1 0
-0.0025753734449224463 0 2 3 2 0 1 1 3
-0.003967267698507027 0 2 3 2 0 2 2 0
-0.0025753734449224463 0 2 3 2 0 2 2 3
-0.0007833120912192392 0 2 3 2 3 1 1 0
-0.0007833120912192392 0 2 3 2 3 2 2 0
-175.11695082099018 0 3 0 0 0 0 0 0
-24.879914523161165 0 3 0 0 0 0 0 3
-0.19312647281629686 0 3 0 0 0 0 1 1
-0.19312647281629686 0 3 0 0 0 0 2 2
-26.274347073162833 0 3 0 0 0 0 3 0
0.34836208476996355 0 3 0 0 0 0 3 3
-45.60913464944695 0 3 0 0 0 3 0 0
0.777841973307564 0 3 0 0 0 3 0 3
-0.04653338729746078 0 3 0 0 0 3 1 1
-0.04653338729746078 0 3 0 0 0 3 2 2
0.8429652558958909 0 3 0 0 0 3 3 0
0.08200931195011726 0 3 0 0 0 3 3 3
-40.44288682841046 0 3 0 0 3 0 0 0
0.7474079401974137 0 3 0 0 3 0 0 3
-0.04587269420785039 0 3 0 0 3 0 1 1
-0.04587269420785039 0 3 0 0 3 0 2 2
0.8086143607890539 0 3 0 0 3 0 3 0
0.07869505970503728 0 3 0 0 3 0 3 3
1.26162923522286 0 3 0 0 3 3 0 0
0.18041019684908177 0 3 0 0 3 3 0 3
0.19084017254547375 0 3 0 0 3 3 3 0
-23.63223301459507 0 3 0 3 0 0 0 0
0.5669994121013214 0 3 0 3 0 0 0 3
14.8634572747506 0 3 0 3 0 0 1 1
14.8634572747506 0 3 0 3 0 0 2 2
0.592735977651666 0 3 0 3 0 0 3 0
0.09321107650189212 0 3 0 3 0 0 3 3
0.7778419733075642 0 3 0 3 0 3 0 0
0.14287263820030388 0 3 0 3 0 3 0 3
-0.450270955023953 0 3 0 3 0 3 1 1
-0.450270955023953 0 3 0 3 0 3 2 2
0.14639746198191322 0 3 0 3 0 3 3 0
0.7474079401974139 0 3 0 3 3 0 0 0
0.1350357544488198 0 3 0 3 3 0 0 3
-0.43294204729556884 0 3 0 3 3 0 1 1
-0.43294204729556884 0 3 0 3 3 0 2 2
0.13862058929779486 0 3 0 3 3 0 3 0
0.1838208156680073 0 3 0 3 3 3 0 0
-0.10465245589478564 0 3 0 3 3 3 1 1
-0.10465245589478564 0 3 0 3 3 3 2 2
-0.22389254760666077 0 3 1 1 0 0 0 0
0.008964233562624272 0 3 1 1 0 0 0 3
13.581172815433717 0 3 1 1 0 0 3 0
-0.18976007679389797 0 3 1 1 0 0 3 3
-0.053837474412395794 0 3 1 1 0 3 0 0
-0.45027095502395303 0 3 1 1 0 3 3 0
-0.04653338729746078 0 3 1 1 0 3 3 3
-0.052637855274751816 0 3 1 1 3 0 0 0
-0.4329420472955689 0 3 1 1 3 0 3 0
-0.045872694207850395 0 3 1 1 3 0 3 3
-0.10815761565186577 0 3 1 1 3 3 3 0
-0.2483660588604643 0 3 1 2 0 0 1 2
0.2483660588604643 0 3 1 2 0 0 2 1
-0.06438815003179596 0 3 1 2 0 3 1 2
0.06438815003179596 0 3 1 2 0 3 2 1
-0.059922800333405586 0 3 1 2 3 0 1 2
0.059922800333405586 0 3 1 2 3 0 2 1
0.2483660588604643 0 3 2 1 0 0 1 2
-0.2483660588604643 0 3 2 1 0 0 2 1
0.06438815003179596 0 3 2 1 0 3 1 2
-0.06438815003179596 0 3 2 1 0 3 2 1
0.05992280033340558 0 3 2 1 3 0 1 2
-0.05992280033340558 0 3 2 1 3 0 2 1
-0.22389254760666077 0 3 2 2 0 0 0 0
0.008964233562624274 0 3 2 2 0 0 0 3
13.581172815433717 0 3 2 2 0 0 3 0
-0.18976007679389797 0 3 2 2 0 0 3 3
-0.053837474412395794 0 3 2 2 0 3 0 0
-0.45027095502395303 0 3 2 2 0 3 3 0
-0.04653338729746078 0 3 2 2 0 3 3 3
-0.052637855274751816 0 3 2 2 3 0 0 0
-0.4329420472955689 0 3 2 2 3 0 3 0
-0.045872694207850395 0 3 2 2 3 0 3 3
-0.10815761565186577 0 3 2 2 3 3 3 0
-24.916060340699804 0 3 3 0 0 0 0 0
0.5930303551115529 0 3 3 0 0 0 0 3
0.006388860117701822 0 3 3 0 0 0 1 1
0.006388860117701822 0 3 3 0 0 0 2 2
0.624210059053227 0 3 3 0 0 0 3 0
0.0907016043088248 0 3 3 0 0 0 3 3
0.8429652558958908 0 3 3 0 0 3 0 0
0.14639746198191322 0 3 3 0 0 3 0 3
0.1510321367939241 0 3 3 0 0 3 3 0
0.8086143607890539 0 3 3 0 3 0 0 0
0.13862058929779486 0 3 3 0 3 0 0 3
0.14321077184882813 0 3 3 0 3 0 3 0
0.19455304463874262 0 3 3 0 3 3 0 0
0.3406721302723267 0 3 3 3 0 0 0 0
0.09040415553634135 0 3 3 3 0 0 0 3
-0.2278598153051678 0 3 3 3 0 0 1 1
-0.2278598153051678 0 3 3 3 0 0 2 2
0.08823805374818688 0 3 3 3 0 0 3 0
0.08200931195011726 0 3 3 3 0 3 0 0
-0.053837474412395794 0 3 3 3 0 3 1 1
-0.053837474412395794 0 3 3 3 0 3 2 2
0.07869505970503726 0 3 3 3 3 0 0 0
-0.05263785527475181 0 3 3 3 3 0 1 1
-0.05263785527475181 0 3 3 3 3 0 2 2
0.0009010021964333485 1 0 0 1 1 0 0 1
1.2814174361590758 1 0 0 1 1 0 1 0
-0.00336639602239881 1 0 0 1 1 0 1 3
-0.01235526241156954 1 0 0 1 1 3 1 0
-0.0007695459836241049 1 0 0 1 1 3 1 3
0.0009010021964333485 1 0 0 1 2 0 0 2
1.2814174361590758 1 0 0 1 2 0 2 0
-0.00336639602239881 1 0 0 1 2 0 2 3
-0.01235526241156954 1 0 0 1 2 3 2 0
-0.0007695459836241049 1 0 0 1 2 3 2 3
1.2467805063696602 1 0 0 2 1 0 0 2
0.0008670231578070774 1 0 0 2 1 0 2 0
-0.003992165978761978 1 0 0 2 1 0 3 2
-0.012022017087393604 1 0 0 2 1 3 0 2
-0.0007927987856226801 1 0 0 2 1 3 3 2
-1.2467805063696602 1 0 0 2 2 0 0 1
-0.0008670231578070774 1 0 0 2 2 0 1 0
0.003992165978761978 1 0 0 2 2 0 3 1
0.012022017087393604 1 0 0 2 2 3 0 1
0.0007927987856226801 1 0 0 2 2 3 3 1
0.0009803997484724796 1 0 1 0 1 0 1 0
0.0009803997484724792 1 0 1 0 2 0 2 0
0.0008670231578070772 1 0 1 3 1 0 3 1
0.0008670231578070774 1 0 1 3 2 0 3 2
-0.0025753734449224463 1 0 2 0 1 0 0 2
1.3573063327145478 1 0 2 0 1 0 2 0
-0.0036977885188749678 1 0 2 0 1 0 2 3
-0.0033663960223988144 1 0 2 0 1 0 3 2
-0.013087423168165056 1 0 2 0 1 3 2 0
-0.0008457626618927621 1 0 2 0 1 3 2 3
-0.0007695459836241046 1 0 2 0 1 3 3 2
0.0025753734449224463 1 0 2 0 2 0 0 1
-1.3573063327145478 1 0 2 0 2 0 1 0
0.0036977885188749678 1 0 2 0 2 0 1 3
0.0033663960223988144 1 0 2 0 2 0 3 1
0.013087423168165056 1 0 2 0 2 3 1 0
0.0008457626618927621 1 0 2 0 2 3 1 3
0.0007695459836241046 1 0 2 0 2 3 3 1
-0.003967267698507027 1 0 2 3 1 0 0 2
-0.0036977885188749712 1 0 2 3 1 0 2 0
-0.0028069209655507744 1 0 2 3 1 0 2 3
1.2814174361590758 1 0 2 3 1 0 3 2
-0.0007833120912192392 1 0 2 3 1 3 0 2
-0.0008484919212447468 1 0 2 3 1 3 2 0
-0.01235526241156954 1 0 2 3 1 3 3 2
0.003967267698507027 1 0 2 3 2 0 0 1
0.0036977885188749712 1 0 2 3 2 0 1 0
0.0028069209655507744 1 0 2 3 2 0 1 3
-1.2814174361590758 1 0 2 3 2 0 3 1
0.0007833120912192392 1 0 2 3 2 3 0 1
0.0008484919212447468 1 0 2 3 2 3 1 0
0.01235526241156954 1 0 2 3 2 3 3 1
-0.003967267698507027 1 0 3 1 1 0 1 0
-0.0025753734449224463 1 0 3 1 1 0 1 3
-0.0007833120912192392 1 0 3 1 1 3 1 0
-0.003967267698507027 1 0 3 1 2 0 2 0
-0.0025753734449224463 1 0 3 1 2 0 2 3
-0.0007833120912192392 1 0 3 1 2 3 2 0
-0.003992165978761977 1 0 3 2 1 0 0 2
-0.002463550560637925 1 0 3 2 1 0 3 2
-0.0007955280449746648 1 0 3 2 1 3 0 2
0.003992165978761977 1 0 3 2 2 0 0 1
0.002463550560637925 1 0 3 2 2 0 3 1
0.0007955280449746648 1 0 3 2 2 3 0 1
0.0018074802655221056 1 1 0 0 1 1 0 0
0.0018074802655221056 1 1 0 0 2 2 0 0
5.4585187039697105e-06 1 1 2 2 1 1 2 2
-2.7292593519848553e-06 1 1 2 2 1 2 1 2
-2.7292593519848553e-06 1 1 2 2 1 2 2 1
-2.7292593519848553e-06 1 1 2 2 2 1 1 2
-2.7292593519848553e-06 1 1 2 2 2 1 2 1
5.4585187039697105e-06 1 1 2 2 2 2 1 1
2.5831239105182253 1 2 0 0 1 2 0 0
-0.015217016555075026 1 2 0 0 1 2 0 3
0.00033034654480519366 1 2 0 0 1 2 1 1
0.00033034654480519366 1 2 0 0 1 2 2 2
-0.017175447553418318 1 2 0 0 1 2 3 0
-0.0016571261225399913 1 2 0 0 1 2 3 3
-2.5831239105182253 1 2 0 0 2 1 0 0
0.015217016555075026 1 2 0 0 2 1 0 3
-0.00033034654480519366 1 2 0 0 2 1 1 1
-0.00033034654480519366 1 2 0 0 2 1 2 2
0.017175447553418318 1 2 0 0 2 1 3 0
0.0016571261225399913 1 2 0 0 2 1 3 3
-0.015217016555075034 1 2 0 3 1 2 0 0
-0.0039184418757420274 1 2 0 3 1 2 0 3
0.008664453864192003 1 2 0 3 1 2 1 1
0.008664453864192003 1 2 0 3 1 2 2 2
-0.0038884363420591647 1 2 0 3 1 2 3 0
0.015217016555075034 1 2 0 3 2 1 0 0
0.0039184418757420274 1 2 0 3 2 1 0 3
-0.008664453864192003 1 2 0 3 2 1 1 1
-0.008664453864192003 1 2 0 3 2 1 2 2
0.0038884363420591647 1 2 0 3 2 1 3 0
0.0005998095688219878 1 2 1 1 1 2 0 0
0.008664453864192003 1 2 1 1 1 2 3 0
0.00033034654480519366 1 2 1 1 1 2 3 3
-0.0005998095688219878 1 2 1 1 2 1 0 0
-0.008664453864192003 1 2 1 1 2 1 3 0
-0.00033034654480519366 1 2 1 1 2 1 3 3
-2.7292593519848553e-06 1 2 1 2 1 1 2 2
0.002234039478871158 1 2 1 2 1 2 1 2
-0.002231310219519173 1 2 1 2 1 2 2 1
-0.002231310219519173 1 2 1 2 2 1 1 2
0.002234039478871158 1 2 1 2 2 1 2 1
-2.7292593519848553e-06 1 2 1 2 2 2 1 1
-2.7292593519848553e-06 1 2 2 1 1 1 2 2
-0.002231310219519173 1 2 2 1 1 2 1 2
0.002234039478871158 1 2 2 1 1 2 2 1
0.002234039478871158 1 2 2 1 2 1 1 2
-0.002231310219519173 1 2 2 1 2 1 2 1
-2.7292593519848553e-06 1 2 2 1 2 2 1 1
0.0005998095688219878 1 2 2 2 1 2 0 0
0.008664453864192003 1 2 2 2 1 2 3 0
0.00033034654480519366 1 2 2 2 1 2 3 3
-0.0005998095688219878 1 2 2 2 2 1 0 0
-0.008664453864192003 1 2 2 2 2 1 3 0
-0.00033034654480519366 1 2 2 2 2 1 3 3
-0.017175447553418315 1 2 3 0 1 2 0 0
-0.0038884363420591647 1 2 3 0 1 2 0 3
-0.003910682472547956 1 2 3 0 1 2 3 0
0.017175447553418315 1 2 3 0 2 1 0 0
0.0038884363420591647 1 2 3 0 2 1 0 3
0.003910682472547956 1 2 3 0 2 1 3 0
-0.0016571261225399913 1 2 3 3 1 2 0 0
0.0005998095688219876 1 2 3 3 1 2 1 1
0.0005998095688219876 1 2 3 3 1 2 2 2
0.0016571261225399913 1 2 3 3 2 1 0 0
-0.0005998095688219876 1 2 3 3 2 1 1 1
-0.0005998095688219876 1 2 3 3 2 1 2 2
-0.012355262411569536 1 3 0 1 1 0 1 0
-0.0007695459836241046 1 3 0 1 1 0 1 3
-0.003505159757080151 1 3 0 1 1 3 1 0
-0.012355262411569536 1 3 0 1 2 0 2 0
-0.0007695459836241046 1 3 0 1 2 0 2 3
-0.003505159757080151 1 3 0 1 2 3 2 0
-0.012022017087393602 1 3 0 2 1 0 0 2
-0.0007955280449746648 1 3 0 2 1 0 3 2
-0.0034106188189255053 1 3 0 2 1 3 0 2
0.012022017087393602 1 3 0 2 2 0 0 1
0.0007955280449746648 1 3 0 2 2 0 3 1
0.0034106188189255053 1 3 0 2 2 3 0 1
-0.013087423168165052 1 3 2 0 1 0 2 0
-0.0008484919212447468 1 3 2 0 1 0 2 3
-0.0007695459836241049 1 3 2 0 1 0 3 2
-0.003712872093268885 1 3 2 0 1 3 2 0
0.013087423168165052 1 3 2 0 2 0 1 0
0.0008484919212447468 1 3 2 0 2 0 1 3
0.0007695459836241049 1 3 2 0 2 0 3 1
0.003712872093268885 1 3 2 0 2 3 1 0
-0.0007833120912192392 1 3 2 3 1 0 0 2
-0.0008457626618927621 1 3 2 3 1 0 2 0
-0.012355262411569536 1 3 2 3 1 0 3 2
-0.003505159757080151 1 3 2 3 1 3 3 2
0.0007833120912192392 1 3 2 3 2 0 0 1
0.0008457626618927621 1 3 2 3 2 0 1 0
0.012355262411569536 1 3 2 3 2 0 3 1
0.003505159757080151 1 3 2 3 2 3 3 1
-0.0007833120912192392 1 3 3 1 1 0 1 0
-0.0007833120912192392 1 3 3 1 2 0 2 0
-0.0007927987856226801 1 3 3 2 1 0 0 2
0.0007927987856226801 1 3 3 2 2 0 0 1
-1.2467805063696602 2 0 0 1 1 0 0 2
-0.0008670231578070775 2 0 0 1 1 0 2 0
0.003992165978761978 2 0 0 1 1 0 3 2
0.012022017087393604 2 0 0 1 1 3 0 2
0.0007927987856226801 2 0 0 1 1 3 3 2
1.2467805063696602 2 0 0 1 2 0 0 1
0.0008670231578070773 2 0 0 1 2 0 1 0
-0.003992165978761978 2 0 0 1 2 0 3 1
-0.012022017087393604 2 0 0 1 2 3 0 1
-0.0007927987856226801 2 0 0 1 2 3 3 1
0.0009010021964333482 2 0 0 2 1 0 0 1
1.281417436159076 2 0 0 2 1 0 1 0
-0.00336639602239881 2 0 0 2 1 0 1 3
-0.01235526241156954 2 0 0 2 1 3 1 0
-0.0007695459836241049 2 0 0 2 1 3 1 3
0.0009010021964333482 2 0 0 2 2 0 0 2
1.281417436159076 2 0 0 2 2 0 2 0
-0.00336639602239881 2 0 0 2 2 0 2 3
-0.01235526241156954 2 0 0 2 2 3 2 0
-0.0007695459836241049 2 0 0 2 2 3 2 3
0.0025753734449224463 2 0 1 0 1 0 0 2
-1.3573063327145478 2 0 1 0 1 0 2 0
0.0036977885188749678 2 0 1 0 1 0 2 3
0.0033663960223988144 2 0 1 0 1 0 3 2
0.013087423168165056 2 0 1 0 1 3 2 0
0.0008457626618927621 2 0 1 0 1 3 2 3
0.0007695459836241046 2 0 1 0 1 3 3 2
-0.0025753734449224463 2 0 1 0 2 0 0 1
1.3573063327145478 2 0 1 0 2 0 1 0
-0.0036977885188749678 2 0 1 0 2 0 1 3
-0.0033663960223988144 2 0 1 0 2 0 3 1
-0.013087423168165056 2 0 1 0 2 3 1 0
-0.0008457626618927621 2 0 1 0 2 3 1 3
-0.0007695459836241046 2 0 1 0 2 3 3 1
0.003967267698507027 2 0 1 3 1 0 0 2
0.0036977885188749712 2 0 1 3 1 0 2 0
0.002806920965550775 2 0 1 3 1 0 2 3
-1.2814174361590758 2 0 1 3 1 0 3 2
0.0007833120912192392 2 0 1 3 1 3 0 2
0.0008484919212447468 2 0 1 3 1 3 2 0
0.01235526241156954 2 0 1 3 1 3 3 2
-0.003967267698507027 2 0 1 3 2 0 0 1
-0.0036977885188749712 2 0 1 3 2 0 1 0
-0.002806920965550775 2 0 1 3 2 0 1 3
1.281417436159076 2 0 1 3 2 0 3 1
-0.0007833120912192392 2 0 1 3 2 3 0 1
-0.0008484919212447468 2 0 1 3 2 3 1 0
-0.01235526241156954 2 0 1 3 2 3 3 1
0.0009803997484724796 2 0 2 0 1 0 1 0
0.0009803997484724792 2 0 2 0 2 0 2 0
0.0008670231578070773 2 0 2 3 1 0 3 1
0.0008670231578070773 2 0 2 3 2 0 3 2
0.003992165978761977 2 0 3 1 1 0 0 2
0.002463550560637925 2 0 3 1 1 0 3 2
0.0007955280449746648 2 0 3 1 1 3 0 2
-0.003992165978761977 2 0 3 1 2 0 0 1
-0.002463550560637925 2 0 3 1 2 0 3 1
-0.0007955280449746648 2 0 3 1 2 3 0 1
-0.003967267698507027 2 0 3 2 1 0 1 0
-0.0025753734449224463 2 0 3 2 1 0 1 3
-0.0007833120912192392 2 0 3 2 1 3 1 0
-0.003967267698507027 2 0 3 2 2 0 2 0
-0.0025753734449224463 2 0 3 2 2 0 2 3
-0.0007833120912192392 2 0 3 2 2 3 2 0
-2.5831239105182253 2 1 0 0 1 2 0 0
0.015217016555075026 2 1 0 0 1 2 0 3
-0.00033034654480519366 2 1 0 0 1 2 1 1
-0.00033034654480519366 2 1 0 0 1 2 2 2
0.017175447553418318 2 1 0 0 1 2 3 0
0.0016571261225399913 2 1 0 0 1 2 3 3
2.5831239105182253 2 1 0 0 2 1 0 0
-0.015217016555075026 2 1 0 0 2 1 0 3
0.00033034654480519366 2 1 0 0 2 1 1 1
0.00033034654480519366 2 1 0 0 2 1 2 2
-0.017175447553418318 2 1 0 0 2 1 3 0
-0.0016571261225399913 2 1 0 0 2 1 3 3
0.015217016555075034 2 1 0 3 1 2 0 0
0.0039184418757420274 2 1 0 3 1 2 0 3
-0.008664453864192003 2 1 0 3 1 2 1 1
-0.008664453864192003 2 1 0 3 1 2 2 2
0.0038884363420591647 2 1 0 3 1 2 3 0
-0.015217016555075034 2 1 0 3 2 1 0 0
-0.0039184418757420274 2 1 0 3 2 1 0 3
0.008664453864192003 2 1 0 3 2 1 1 1
0.008664453864192003 2 1 0 3 2 1 2 2
-0.0038884363420591647 2 1 0 3 2 1 3 0
-0.0005998095688219878 2 1 1 1 1 2 0 0
-0.008664453864192003 2 1 1 1 1 2 3 0
-0.00033034654480519366 2 1 1 1 1 2 3 3
0.0005998095688219878 2 1 1 1 2 1 0 0
0.008664453864192003 2 1 1 1 2 1 3 0
0.00033034654480519366 2 1 1 1 2 1 3 3
-2.7292593519848553e-06 2 1 1 2 1 1 2 2
-0.002231310219519173 2 1 1 2 1 2 1 2
0.002234039478871158 2 1 1 2 1 2 2 1
0.002234039478871158 2 1 1 2 2 1 1 2
-0.002231310219519173 2 1 1 2 2 1 2 1
-2.7292593519848553e-06 2 1 1 2 2 2 1 1
-2.7292593519848553e-06 2 1 2 1 1 1 2 2
0.002234039478871158 2 1 2 1 1 2 1 2
-0.002231310219519173 2 1 2 1 1 2 2 1
-0.002231310219519173 2 1 2 1 2 1 1 2
0.002234039478871158 2 1 2 1 2 1 2 1
-2.7292593519848553e-06 2 1 2 1 2 2 1 1
-0.0005998095688219878 2 1 2 2 1 2 0 0
-0.008664453864192003 2 1 2 2 1 2 3 0
-0.00033034654480519366 2 1 2 2 1 2 3 3
0.0005998095688219878 2 1 2 2 2 1 0 0
0.008664453864192003 2 1 2 2 2 1 3 0
0.00033034654480519366 2 1 2 2 2 1 3 3
0.017175447553418315 2 1 3 0 1 2 0 0
0.0038884363420591647 2 1 3 0 1 2 0 3
0.003910682472547956 2 1 3 0 1 2 3 0
-0.017175447553418315 2 1 3 0 2 1 0 0
-0.0038884363420591647 2 1 3 0 2 1 0 3
-0.003910682472547956 2 1 3 0 2 1 3 0
0.0016571261225399913 2 1 3 3 1 2 0 0
-0.0005998095688219876 2 1 3 3 1 2 1 1
-0.0005998095688219876 2 1 3 3 1 2 2 2
-0.0016571261225399913 2 1 3 3 2 1 0 0
0.0005998095688219876 2 1 3 3 2 1 1 1
0.0005998095688219876 2 1 3 3 2 1 2 2
0.0018074802655221056 2 2 0 0 1 1 0 0
0.0018074802655221056 2 2 0 0 2 2 0 0
5.4585187039697105e-06 2 2 1 1 1 1 2 2
-2.7292593519848553e-06 2 2 1 1 1 2 1 2
-2.7292593519848553e-06 2 2 1 1 1 2 2 1
-2.7292593519848553e-06 2 2 1 1 2 1 1 2
-2.7292593519848553e-06 2 2 1 1 2 1 2 1
5.4585187039697105e-06 2 2 1 1 2 2 1 1
0.012022017087393602 2 3 0 1 1 0 0 2
0.0007955280449746648 2 3 0 1 1 0 3 2
0.0034106188189255053 2 3 0 1 1 3 0 2
-0.012022017087393602 2 3 0 1 2 0 0 1
-0.0007955280449746648 2 3 0 1 2 0 3 1
-0.0034106188189255053 2 3 0 1 2 3 0 1
-0.012355262411569536 2 3 0 2 1 0 1 0
-0.0007695459836241046 2 3 0 2 1 0 1 3
-0.003505159757080151 2 3 0 2 1 3 1 0
-0.012355262411569536 2 3 0 2 2 0 2 0
-0.0007695459836241046 2 3 0 2 2 0 2 3
-0.003505159757080151 2 3 0 2 2 3 2 0
0.013087423168165052 2 3 1 0 1 0 2 0
0.0008484919212447468 2 3 1 0 1 0 2 3
0.0007695459836241049 2 3 1 0 1 0 3 2
0.003712872093268885 2 3 1 0 1 3 2 0
-0.013087423168165052 2 3 1 0 2 0 1 0
-0.0008484919212447468 2 3 1 0 2 0 1 3
-0.0007695459836241049 2 3 1 0 2 0 3 1
-0.003712872093268885 2 3 1 0 2 3 1 0
0.0007833120912192392 2 3 1 3 1 0 0 2
0.0008457626618927621 2 3 1 3 1 0 2 0
0.012355262411569536 2 3 1 3 1 0 3 2
0.003505159757080151 2 3 1 3 1 3 3 2
-0.0007833120912192392 2 3 1 3 2 0 0 1
-0.0008457626618927621 2 3 1 3 2 0 1 0
-0.012355262411569536 2 3 1 3 2 0 3 1
-0.003505159757080151 2 3 1 3 2 3 3 1
0.0007927987856226801 2 3 3 1 1 0 0 2
-0.0007927987856226801 2 3 3 1 2 0 0 1
-0.0007833120912192392 2 3 3 2 1 0 1 0
-0.0007833120912192392 2 3 3 2 2 0 2 0
-175.11695082099024 3 0 0 0 0 0 0 0
-24.879914523161162 3 0 0 0 0 0 0 3
-0.19312647281629686 3 0 0 0 0 0 1 1
-0.19312647281629686 3 0 0 0 0 0 2 2
-26.274347073162833 3 0 0 0 0 0 3 0
0.3483620847699636 3 0 0 0 0 0 3 3
-40.44288682841045 3 0 0 0 0 3 0 0
0.7474079401974137 3 0 0 0 0 3 0 3
-0.04587269420785039 3 0 0 0 0 3 1 1
-0.04587269420785039 3 0 0 0 0 3 2 2
0.808614360789054 3 0 0 0 0 3 3 0
0.07869505970503728 3 0 0 0 0 3 3 3
-45.609134649446936 3 0 0 0 3 0 0 0
0.777841973307564 3 0 0 0 3 0 0 3
-0.04653338729746078 3 0 0 0 3 0 1 1
-0.04653338729746078 3 0 0 0 3 0 2 2
0.8429652558958909 3 0 0 0 3 0 3 0
0.08200931195011726 3 0 0 0 3 0 3 3
1.26162923522286 3 0 0 0 3 3 0 0
0.18041019684908177 3 0 0 0 3 3 0 3
0.19084017254547375 3 0 0 0 3 3 3 0
-23.632233014595066 3 0 0 3 0 0 0 0
0.5669994121013215 3 0 0 3 0 0 0 3
14.863457274750598 3 0 0 3 0 0 1 1
14.8634572747506 3 0 0 3 0 0 2 2
0.5927359776516662 3 0 0 3 0 0 3 0
0.09321107650189212 3 0 0 3 0 0 3 3
0.7474079401974141 3 0 0 3 0 3 0 0
0.1350357544488198 3 0 0 3 0 3 0 3
-0.43294204729556895 3 0 0 3 0 3 1 1
-0.43294204729556895 3 0 0 3 0 3 2 2
0.13862058929779486 3 0 0 3 0 3 3 0
0.7778419733075643 3 0 0 3 3 0 0 0
0.14287263820030388 3 0 0 3 3 0 0 3
-0.4502709550239531 3 0 0 3 3 0 1 1
-0.4502709550239531 3 0 0 3 3 0 2 2
0.14639746198191322 3 0 0 3 3 0 3 0
0.1838208156680073 3 0 0 3 3 3 0 0
-0.10465245589478564 3 0 0 3 3 3 1 1
-0.10465245589478564 3 0 0 3 3 3 2 2
-0.22389254760666077 3 0 1 1 0 0 0 0
0.008964233562624272 3 0 1 1 0 0 0 3
13.58117281543372 3 0 1 1 0 0 3 0
-0.18976007679389797 3 0 1 1 0 0 3 3
-0.052637855274751816 3 0 1 1 0 3 0 0
-0.43294204729556895 3 0 1 1 0 3 3 0
-0.045872694207850395 3 0 1 1 0 3 3 3
-0.053837474412395794 3 0 1 1 3 0 0 0
-0.45027095502395315 3 0 1 1 3 0 3 0
-0.04653338729746078 3 0 1 1 3 0 3 3
-0.10815761565186577 3 0 1 1 3 3 3 0
-0.24836605886046437 3 0 1 2 0 0 1 2
0.24836605886046437 3 0 1 2 0 0 2 1
-0.059922800333405586 3 0 1 2 0 3 1 2
0.059922800333405586 3 0 1 2 0 3 2 1
-0.06438815003179596 3 0 1 2 3 0 1 2
0.06438815003179596 3 0 1 2 3 0 2 1
0.24836605886046437 3 0 2 1 0 0 1 2
-0.24836605886046437 3 0 2 1 0 0 2 1
0.05992280033340558 3 0 2 1 0 3 1 2
-0.05992280033340558 3 0 2 1 0 3 2 1
0.06438815003179596 3 0 2 1 3 0 1 2
-0.06438815003179596 3 0 2 1 3 0 2 1
-0.22389254760666077 3 0 2 2 0 0 0 0
0.008964233562624274 3 0 2 2 0 0 0 3
13.581172815433717 3 0 2 2 0 0 3 0
-0.18976007679389797 3 0 2 2 0 0 3 3
-0.052637855274751816 3 0 2 2 0 3 0 0
-0.43294204729556895 3 0 2 2 0 3 3 0
-0.045872694207850395 3 0 2 2 0 3 3 3
-0.053837474412395794 3 0 2 2 3 0 0 0
-0.45027095502395315 3 0 2 2 3 0 3 0
-0.04653338729746078 3 0 2 2 3 0 3 3
-0.10815761565186577 3 0 2 2 3 3 3 0
-24.916060340699808 3 0 3 0 0 0 0 0
0.593030355111553 3 0 3 0 0 0 0 3
0.006388860117701822 3 0 3 0 0 0 1 1
0.006388860117701822 3 0 3 0 0 0 2 2
0.6242100590532271 3 0 3 0 0 0 3 0
0.0907016043088248 3 0 3 0 0 0 3 3
0.8086143607890539 3 0 3 0 0 3 0 0
0.13862058929779486 3 0 3 0 0 3 0 3
0.14321077184882813 3 0 3 0 0 3 3 0
0.8429652558958909 3 0 3 0 3 0 0 0
0.14639746198191322 3 0 3 0 3 0 0 3
0.1510321367939241 3 0 3 0 3 0 3 0
0.19455304463874262 3 0 3 0 3 3 0 0
0.3406721302723267 3 0 3 3 0 0 0 0
0.09040415553634135 3 0 3 3 0 0 0 3
-0.22785981530516783 3 0 3 3 0 0 1 1
-0.22785981530516783 3 0 3 3 0 0 2 2
0.08823805374818688 3 0 3 3 0 0 3 0
0.07869505970503726 3 0 3 3 0 3 0 0
-0.05263785527475181 3 0 3 3 0 3 1 1
-0.05263785527475181 3 0 3 3 0 3 2 2
0.08200931195011726 3 0 3 3 3 0 0 0
-0.053837474412395794 3 0 3 3 3 0 1 1
-0.053837474412395794 3 0 3 3 3 0 2 2
-0.012355262411569543 3 1 0 1 0 1 1 0
-0.0007695459836241045 3 1 0 1 0 1 1 3
-0.012355262411569543 3 1 0 1 0 2 2 0
-0.0007695459836241045 3 1 0 1 0 2 2 3
-0.003505159757080151 3 1 0 1 3 1 1 0
-0.003505159757080151 3 1 0 1 3 2 2 0
-0.012022017087393607 3 1 0 2 0 1 0 2
-0.0007955280449746648 3 1 0 2 0 1 3 2
0.012022017087393607 3 1 0 2 0 2 0 1
0.0007955280449746648 3 1 0 2 0 2 3 1
-0.0034106188189255053 3 1 0 2 3 1 0 2
0.0034106188189255053 3 1 0 2 3 2 0 1
-0.013087423168165059 3 1 2 0 0 1 2 0
-0.0008484919212447468 3 1 2 0 0 1 2 3
-0.000769545983624105 3 1 2 0 0 1 3 2
0.013087423168165059 3 1 2 0 0 2 1 0
0.0008484919212447468 3 1 2 0 0 2 1 3
0.000769545983624105 3 1 2 0 0 2 3 1
-0.0037128720932688847 3 1 2 0 3 1 2 0
0.0037128720932688847 3 1 2 0 3 2 1 0
-0.0007833120912192392 3 1 2 3 0 1 0 2
-0.0008457626618927621 3 1 2 3 0 1 2 0
-0.012355262411569543 3 1 2 3 0 1 3 2
0.0007833120912192392 3 1 2 3 0 2 0 1
0.0008457626618927621 3 1 2 3 0 2 1 0
0.012355262411569543 3 1 2 3 0 2 3 1
-0.003505159757080151 3 1 2 3 3 1 3 2
0.003505159757080151 3 1 2 3 3 2 3 1
-0.0007833120912192392 3 1 3 1 0 1 1 0
-0.0007833120912192392 3 1 3 1 0 2 2 0
-0.0007927987856226801 3 1 3 2 0 1 0 2
0.0007927987856226801 3 1 3 2 0 2 0 1
0.012022017087393607 3 2 0 1 0 1 0 2
0.0007955280449746647 3 2 0 1 0 1 3 2
-0.012022017087393607 3 2 0 1 0 2 0 1
-0.0007955280449746647 3 2 0 1 0 2 3 1
0.0034106188189255053 3 2 0 1 3 1 0 2
-0.0034106188189255053 3 2 0 1 3 2 0 1
-0.012355262411569543 3 2 0 2 0 1 1 0
-0.0007695459836241046 3 2 0 2 0 1 1 3
-0.012355262411569543 3 2 0 2 0 2 2 0
-0.0007695459836241046 3 2 0 2 0 2 2 3
-0.003505159757080151 3 2 0 2 3 1 1 0
-0.003505159757080151 3 2 0 2 3 2 2 0
0.013087423168165059 3 2 1 0 0 1 2 0
0.0008484919212447468 3 2 1 0 0 1 2 3
0.000769545983624105 3 2 1 0 0 1 3 2
-0.013087423168165059 3 2 1 0 0 2 1 0
-0.0008484919212447468 3 2 1 0 0 2 1 3
-0.000769545983624105 3 2 1 0 0 2 3 1
0.0037128720932688847 3 2 1 0 3 1 2 0
-0.0037128720932688847 3 2 1 0 3 2 1 0
0.0007833120912192392 3 2 1 3 0 1 0 2
0.0008457626618927621 3 2 1 3 0 1 2 0
0.012355262411569543 3 2 1 3 0 1 3 2
-0.0007833120912192392 3 2 1 3 0 2 0 1
-0.0008457626618927621 3 2 1 3 0 2 1 0
-0.012355262411569543 3 2 1 3 0 2 3 1
0.003505159757080151 3 2 1 3 3 1 3 2
-0.003505159757080151 3 2 1 3 3 2 3 1
0.0007927987856226801 3 2 3 1 0 1 0 2
-0.0007927987856226801 3 2 3 1 0 2 0 1
-0.0007833120912192392 3 2 3 2 0 1 1 0
-0.0007833120912192392 3 2 3 2 0 2 2 0
-37.8579554376267 3 3 0 0 0 0 0 0
0.7442129407297324 3 3 0 0 0 0 0 3
-0.04631189364666931 3 3 0 0 0 0 1 1
-0.04631189364666931 3 3 0 0 0 0 2 2
0.8045263364038008 3 3 0 0 0 0 3 0
0.07868195354871668 3 3 0 0 0 0 3 3
1.2616292352228602 3 3 0 0 0 3 0 0
0.1838208156680073 3 3 0 0 0 3 0 3
0.19455304463874262 3 3 0 0 0 3 3 0
1.26162923522286 3 3 0 0 3 0 0 0
0.1838208156680073 3 3 0 0 3 0 0 3
0.19455304463874262 3 3 0 0 3 0 3 0
0.31151279047634794 3 3 0 0 3 3 0 0
0.7201689065549454 3 3 0 3 0 0 0 0
0.13111731257307777 3 3 0 3 0 0 0 3
-0.4366328558429464 3 3 0 3 0 0 1 1
-0.4366328558429464 3 3 0 3 0 0 2 2
0.13478238757265376 3 3 0 3 0 0 3 0
0.18041019684908177 3 3 0 3 0 3 0 0
-0.10815761565186577 3 3 0 3 0 3 1 1
-0.10815761565186577 3 3 0 3 0 3 2 2
0.18041019684908177 3 3 0 3 3 0 0 0
-0.10815761565186577 3 3 0 3 3 0 1 1
-0.10815761565186577 3 3 0 3 3 0 2 2
-0.051254733614710585 3 3 1 1 0 0 0 0
-0.41192233101980735 3 3 1 1 0 0 3 0
-0.04477280167942109 3 3 1 1 0 0 3 3
-0.10465245589478564 3 3 1 1 0 3 3 0
-0.10465245589478564 3 3 1 1 3 0 3 0
-0.05769149011388641 3 3 1 2 0 0 1 2
0.05769149011388641 3 3 1 2 0 0 2 1
0.05769149011388641 3 3 2 1 0 0 1 2
-0.05769149011388641 3 3 2 1 0 0 2 1
-0.051254733614710585 3 3 2 2 0 0 0 0
-0.41192233101980735 3 3 2 2 0 0 3 0
-0.04477280167942109 3 3 2 2 0 0 3 3
-0.10465245589478564 3 3 2 2 0 3 3 0
-0.10465245589478564 3 3 2 2 3 0 3 0
0.7783514900674706 3 3 3 0 0 0 0 0
0.1346764598201136 3 3 3 0 0 0 0 3
0.1393000893762802 3 3 3 0 0 0 3 0
0.19084017254547375 3 3 3 0 0 3 0 0
0.19084017254547375 3 3 3 0 3 0 0 0
0.07539937213498182 3 3 3 3 0 0 0 0
-0.05282135779714906 3 3 3 3 0 0 1 1
-0.05282135779714906 3 3 3 3 0 0 2 2
