9136.17579496603 0 0 0 0 0 0 0 0
-102.97926389193587 0 0 0 0 0 0 0 3
1.0705235081868356 0 0 0 0 0 0 1 1
1.0705235081868356 0 0 0 0 0 0 2 2
-143.916233954222 0 0 0 0 0 0 3 0
-17.21717745207644 0 0 0 0 0 0 3 3
-176.1597660131941 0 0 0 0 0 3 0 0
-26.397927335943148 0 0 0 0 0 3 0 3
-0.16104598665977865 0 0 0 0 0 3 1 1
-0.16104598665977865 0 0 0 0 0 3 2 2
-27.787512753971207 0 0 0 0 0 3 3 0
0.5041389612986531 0 0 0 0 0 3 3 3
-176.15976601319406 0 0 0 0 3 0 0 0
-26.39792733594316 0 0 0 0 3 0 0 3
-0.16104598665977865 0 0 0 0 3 0 1 1
-0.16104598665977865 0 0 0 0 3 0 2 2
-27.787512753971214 0 0 0 0 3 0 3 0
0.5041389612986531 0 0 0 0 3 0 3 3
-37.764329539830754 0 0 0 0 3 3 0 0
0.7712999548020538 0 0 0 0 3 3 0 3
-0.03978595046266278 0 0 0 0 3 3 1 1
-0.03978595046266278 0 0 0 0 3 3 2 2
0.8962367131874251 0 0 0 0 3 3 3 0
0.11512758106289986 0 0 0 0 3 3 3 3
-102.97926389193589 0 0 0 3 0 0 0 0
-30.375468361611826 0 0 0 3 0 0 0 3
50.35668671627676 0 0 0 3 0 0 1 1
50.35668671627676 0 0 0 3 0 0 2 2
-29.104794072441436 0 0 0 3 0 0 3 0
0.518046251402583 0 0 0 3 0 0 3 3
-27.7506665546168 0 0 0 3 0 3 0 0
0.6308295425736077 0 0 0 3 0 3 0 3
10.894072090428907 0 0 0 3 0 3 1 1
10.894072090428907 0 0 0 3 0 3 2 2
0.6965137732139015 0 0 0 3 0 3 3 0
0.123547827195159 0 0 0 3 0 3 3 3
-27.750666554616803 0 0 0 3 3 0 0 0
0.6308295425736077 0 0 0 3 3 0 0 3
10.894072090428912 0 0 0 3 3 0 1 1
10.894072090428912 0 0 0 3 3 0 2 2
0.6965137732139014 0 0 0 3 3 0 3 0
0.12354782719515904 0 0 0 3 3 0 3 3
0.7975956010526659 0 0 0 3 3 3 0 0
0.15676981283528663 0 0 0 3 3 3 0 3
-0.33587520838397744 0 0 0 3 3 3 1 1
-0.33587520838397744 0 0 0 3 3 3 2 2
0.16028739416452803 0 0 0 3 3 3 3 0
3.5676870155403537 0 0 1 1 0 0 0 0
-0.018209947013887992 0 0 1 1 0 0 0 3
0.0008409759637382487 0 0 1 1 0 0 1 1
0.0008409759637382487 0 0 1 1 0 0 2 2
50.356686716276755 0 0 1 1 0 0 3 0
1.0705235081868356 0 0 1 1 0 0 3 3
-0.22281493672590152 0 0 1 1 0 3 0 0
-0.005908388626848484 0 0 1 1 0 3 0 3
12.051395390984718 0 0 1 1 0 3 3 0
-0.16389512598819922 0 0 1 1 0 3 3 3
-0.22281493672590158 0 0 1 1 3 0 0 0
-0.005908388626848485 0 0 1 1 3 0 0 3
12.05139539098472 0 0 1 1 3 0 3 0
-0.16389512598819928 0 0 1 1 3 0 3 3
-0.049805239300563346 0 0 1 1 3 3 0 0
-0.35837122548495437 0 0 1 1 3 3 3 0
-0.041592317788953025 0 0 1 1 3 3 3 3
11.88677564440126 0 0 1 2 0 0 1 2
-11.886775644401261 0 0 1 2 0 0 2 1
-0.18484804757048667 0 0 1 2 0 3 1 2
0.18484804757048667 0 0 1 2 0 3 2 1
-0.18484804757048667 0 0 1 2 3 0 1 2
0.18484804757048667 0 0 1 2 3 0 2 1
-0.04225127054560078 0 0 1 2 3 3 1 2
0.04225127054560078 0 0 1 2 3 3 2 1
-11.886775644401258 0 0 2 1 0 0 1 2
11.88677564440126 0 0 2 1 0 0 2 1
0.18484804757048667 0 0 2 1 0 3 1 2
-0.18484804757048667 0 0 2 1 0 3 2 1
0.18484804757048667 0 0 2 1 3 0 1 2
-0.18484804757048667 0 0 2 1 3 0 2 1
0.04225127054560078 0 0 2 1 3 3 1 2
-0.04225127054560078 0 0 2 1 3 3 2 1
3.567687015540354 0 0 2 2 0 0 0 0
-0.018209947013887992 0 0 2 2 0 0 0 3
0.000840975963738247 0 0 2 2 0 0 1 1
0.000840975963738247 0 0 2 2 0 0 2 2
50.356686716276755 0 0 2 2 0 0 3 0
1.0705235081868356 0 0 2 2 0 0 3 3
-0.22281493672590152 0 0 2 2 0 3 0 0
-0.005908388626848484 0 0 2 2 0 3 0 3
12.05139539098472 0 0 2 2 0 3 3 0
-0.16389512598819922 0 0 2 2 0 3 3 3
-0.22281493672590158 0 0 2 2 3 0 0 0
-0.005908388626848487 0 0 2 2 3 0 0 3
12.051395390984721 0 0 2 2 3 0 3 0
-0.16389512598819928 0 0 2 2 3 0 3 3
-0.049805239300563346 0 0 2 2 3 3 0 0
-0.35837122548495437 0 0 2 2 3 3 3 0
-0.041592317788953025 0 0 2 2 3 3 3 3
-143.91623395422204 0 0 3 0 0 0 0 0
-29.104794072441436 0 0 3 0 0 0 0 3
-0.018209947013887992 0 0 3 0 0 0 1 1
-0.018209947013887992 0 0 3 0 0 0 2 2
-29.463681885263966 0 0 3 0 0 0 3 0
0.5400794599937064 0 0 3 0 0 0 3 3
-29.331802018349443 0 0 3 0 0 3 0 0
0.6945852575596676 0 0 3 0 0 3 0 3
-0.0036654146764065923 0 0 3 0 0 3 1 1
-0.0036654146764065923 0 0 3 0 0 3 2 2
0.785592566615251 0 0 3 0 0 3 3 0
0.12164898354864241 0 0 3 0 0 3 3 3
-29.331802018349446 0 0 3 0 3 0 0 0
0.6945852575596676 0 0 3 0 3 0 0 3
-0.0036654146764065953 0 0 3 0 3 0 1 1
-0.0036654146764065953 0 0 3 0 3 0 2 2
0.7855925666152509 0 0 3 0 3 0 3 0
0.12164898354864245 0 0 3 0 3 0 3 3
0.9262559498051215 0 0 3 0 3 3 0 0
0.16060072198245967 0 0 3 0 3 3 0 3
0.16827366804132396 0 0 3 0 3 3 3 0
-17.21717745207644 0 0 3 3 0 0 0 0
0.518046251402583 0 0 3 3 0 0 0 3
3.5676870155403537 0 0 3 3 0 0 1 1
3.5676870155403537 0 0 3 3 0 0 2 2
0.5400794599937065 0 0 3 3 0 0 3 0
0.13535289999935377 0 0 3 3 0 0 3 3
0.5172639743339426 0 0 3 3 0 3 0 0
0.12687983760342467 0 0 3 3 0 3 0 3
-0.21791249365357035 0 0 3 3 0 3 1 1
-0.21791249365357035 0 0 3 3 0 3 2 2
0.12442753708638597 0 0 3 3 0 3 3 0
0.5172639743339426 0 0 3 3 3 0 0 0
0.1268798376034247 0 0 3 3 3 0 0 3
-0.2179124936535704 0 0 3 3 3 0 1 1
-0.2179124936535704 0 0 3 3 3 0 2 2
0.12442753708638599 0 0 3 3 3 0 3 0
0.1213392851223632 0 0 3 3 3 3 0 0
-0.048011134687717706 0 0 3 3 3 3 1 1
-0.048011134687717706 0 0 3 3 3 3 2 2
0.001312138880948495 0 1 0 1 0 1 0 1
1.156838613612228 0 1 0 1 0 1 1 0
-0.0028491393284206016 0 1 0 1 0 1 1 3
0.0013121388809484954 0 1 0 1 0 2 0 2
1.156838613612228 0 1 0 1 0 2 2 0
-0.0028491393284206016 0 1 0 1 0 2 2 3
-0.011248008550488462 0 1 0 1 3 1 1 0
-0.0009031836631451303 0 1 0 1 3 1 1 3
-0.011248008550488462 0 1 0 1 3 2 2 0
-0.0009031836631451303 0 1 0 1 3 2 2 3
1.351427079792701 0 1 0 2 0 1 0 2
0.00048468694359309126 0 1 0 2 0 1 2 0
-0.007526764344761537 0 1 0 2 0 1 3 2
-1.3514270797927008 0 1 0 2 0 2 0 1
-0.00048468694359309105 0 1 0 2 0 2 1 0
0.007526764344761537 0 1 0 2 0 2 3 1
-0.01314782312530611 0 1 0 2 3 1 0 2
-0.001454271278013687 0 1 0 2 3 1 3 2
0.01314782312530611 0 1 0 2 3 2 0 1
0.001454271278013687 0 1 0 2 3 2 3 1
0.0013950545621079704 0 1 1 0 0 1 1 0
0.0013950545621079704 0 1 1 0 0 2 2 0
0.00048468694359309105 0 1 1 3 0 1 3 1
0.00048468694359309105 0 1 1 3 0 2 3 2
-0.0022429739504418937 0 1 2 0 0 1 0 2
1.5428942098161227 0 1 2 0 0 1 2 0
-0.005598248690527835 0 1 2 0 0 1 2 3
-0.0028491393284206033 0 1 2 0 0 1 3 2
0.0022429739504418937 0 1 2 0 0 2 0 1
-1.5428942098161225 0 1 2 0 0 2 1 0
0.005598248690527835 0 1 2 0 0 2 1 3
0.0028491393284206033 0 1 2 0 0 2 3 1
-0.0150096183088482 0 1 2 0 3 1 2 0
-0.0016109351869795085 0 1 2 0 3 1 2 3
-0.0009031836631451302 0 1 2 0 3 1 3 2
0.0150096183088482 0 1 2 0 3 2 1 0
0.0016109351869795085 0 1 2 0 3 2 1 3
0.0009031836631451302 0 1 2 0 3 2 3 1
-0.0049024430723311994 0 1 2 3 0 1 0 2
-0.005598248690527836 0 1 2 3 0 1 2 0
-0.0033320104082656416 0 1 2 3 0 1 2 3
1.156838613612228 0 1 2 3 0 1 3 2
0.0049024430723311994 0 1 2 3 0 2 0 1
0.005598248690527836 0 1 2 3 0 2 1 0
0.0033320104082656416 0 1 2 3 0 2 1 3
-1.156838613612228 0 1 2 3 0 2 3 1
-0.0008970523064228267 0 1 2 3 3 1 0 2
-0.0016515807517179714 0 1 2 3 3 1 2 0
-0.011248008550488462 0 1 2 3 3 1 3 2
0.0008970523064228267 0 1 2 3 3 2 0 1
0.0016515807517179714 0 1 2 3 3 2 1 0
0.011248008550488462 0 1 2 3 3 2 3 1
-0.0049024430723311994 0 1 3 1 0 1 1 0
-0.0022429739504418933 0 1 3 1 0 1 1 3
-0.0049024430723311994 0 1 3 1 0 2 2 0
-0.0022429739504418933 0 1 3 1 0 2 2 3
-0.000897052306422827 0 1 3 1 3 1 1 0
-0.000897052306422827 0 1 3 1 3 2 2 0
-0.007526764344761537 0 1 3 2 0 1 0 2
-0.0027785535377435533 0 1 3 2 0 1 3 2
0.007526764344761537 0 1 3 2 0 2 0 1
0.0027785535377435533 0 1 3 2 0 2 3 1
-0.0014949168427521504 0 1 3 2 3 1 0 2
0.0014949168427521504 0 1 3 2 3 2 0 1
-1.3514270797927008 0 2 0 1 0 1 0 2
-0.00048468694359309126 0 2 0 1 0 1 2 0
0.007526764344761537 0 2 0 1 0 1 3 2
1.351427079792701 0 2 0 1 0 2 0 1
0.00048468694359309105 0 2 0 1 0 2 1 0
-0.007526764344761537 0 2 0 1 0 2 3 1
0.01314782312530611 0 2 0 1 3 1 0 2
0.001454271278013687 0 2 0 1 3 1 3 2
-0.01314782312530611 0 2 0 1 3 2 0 1
-0.001454271278013687 0 2 0 1 3 2 3 1
0.0013121388809484952 0 2 0 2 0 1 0 1
1.1568386136122282 0 2 0 2 0 1 1 0
-0.0028491393284206016 0 2 0 2 0 1 1 3
0.0013121388809484952 0 2 0 2 0 2 0 2
1.1568386136122282 0 2 0 2 0 2 2 0
-0.0028491393284206016 0 2 0 2 0 2 2 3
-0.011248008550488462 0 2 0 2 3 1 1 0
-0.0009031836631451303 0 2 0 2 3 1 1 3
-0.011248008550488462 0 2 0 2 3 2 2 0
-0.0009031836631451303 0 2 0 2 3 2 2 3
0.0022429739504418937 0 2 1 0 0 1 0 2
-1.5428942098161227 0 2 1 0 0 1 2 0
0.005598248690527835 0 2 1 0 0 1 2 3
0.0028491393284206033 0 2 1 0 0 1 3 2
-0.0022429739504418937 0 2 1 0 0 2 0 1
1.5428942098161227 0 2 1 0 0 2 1 0
-0.005598248690527835 0 2 1 0 0 2 1 3
-0.0028491393284206033 0 2 1 0 0 2 3 1
0.0150096183088482 0 2 1 0 3 1 2 0
0.0016109351869795085 0 2 1 0 3 1 2 3
0.0009031836631451302 0 2 1 0 3 1 3 2
-0.0150096183088482 0 2 1 0 3 2 1 0
-0.0016109351869795085 0 2 1 0 3 2 1 3
-0.0009031836631451302 0 2 1 0 3 2 3 1
0.0049024430723311994 0 2 1 3 0 1 0 2
0.005598248690527836 0 2 1 3 0 1 2 0
0.0033320104082656407 0 2 1 3 0 1 2 3
-1.1568386136122282 0 2 1 3 0 1 3 2
-0.0049024430723311994 0 2 1 3 0 2 0 1
-0.005598248690527836 0 2 1 3 0 2 1 0
-0.0033320104082656407 0 2 1 3 0 2 1 3
1.156838613612228 0 2 1 3 0 2 3 1
0.0008970523064228267 0 2 1 3 3 1 0 2
0.0016515807517179714 0 2 1 3 3 1 2 0
0.011248008550488462 0 2 1 3 3 1 3 2
-0.0008970523064228267 0 2 1 3 3 2 0 1
-0.0016515807517179714 0 2 1 3 3 2 1 0
-0.011248008550488462 0 2 1 3 3 2 3 1
0.00139505456210797 0 2 2 0 0 1 1 0
0.00139505456210797 0 2 2 0 0 2 2 0
0.00048468694359309105 0 2 2 3 0 1 3 1
0.00048468694359309105 0 2 2 3 0 2 3 2
0.007526764344761537 0 2 3 1 0 1 0 2
0.0027785535377435533 0 2 3 1 0 1 3 2
-0.007526764344761537 0 2 3 1 0 2 0 1
-0.0027785535377435533 0 2 3 1 0 2 3 1
0.0014949168427521504 0 2 3 1 3 1 0 2
-0.0014949168427521504 0 2 3 1 3 2 0 1
-0.0049024430723311994 0 2 3 2 0 1 1 0
-0.0022429739504418933 0 2 3 2 0 1 1 3
-0.0049024430723311994 0 2 3 2 0 2 2 0
-0.0022429739504418933 0 2 3 2 0 2 2 3
-0.000897052306422827 0 2 3 2 3 1 1 0
-0.000897052306422827 0 2 3 2 3 2 2 0
-176.15976601319403 0 3 0 0 0 0 0 0
-27.750666554616796 0 3 0 0 0 0 0 3
-0.16389512598819922 0 3 0 0 0 0 1 1
-0.16389512598819922 0 3 0 0 0 0 2 2
-29.331802018349443 0 3 0 0 0 0 3 0
0.5172639743339424 0 3 0 0 0 0 3 3
-45.5064876170774 0 3 0 0 0 3 0 0
0.8286217942501168 0 3 0 0 0 3 0 3
-0.041551453652719006 0 3 0 0 0 3 1 1
-0.041551453652719006 0 3 0 0 0 3 2 2
0.9727183891968981 0 3 0 0 0 3 3 0
0.1258547406969043 0 3 0 0 0 3 3 3
-40.34626178539517 0 3 0 0 3 0 0 0
0.7991724500349455 0 3 0 0 3 0 0 3
-0.04097657396811161 0 3 0 0 3 0 1 1
-0.04097657396811161 0 3 0 0 3 0 2 2
0.9317370173964814 0 3 0 0 3 0 3 0
0.12074677191756347 0 3 0 0 3 0 3 3
1.271167095551185 0 3 0 0 3 3 0 0
0.20075133859134695 0 3 0 0 3 3 0 3
0.21403200623321206 0 3 0 0 3 3 3 0
-26.397927335943148 0 3 0 3 0 0 0 0
0.6308295425736077 0 3 0 3 0 0 0 3
12.051395390984721 0 3 0 3 0 0 1 1
12.051395390984723 0 3 0 3 0 0 2 2
0.6945852575596677 0 3 0 3 0 0 3 0
0.12687983760342467 0 3 0 3 0 0 3 3
0.8286217942501168 0 3 0 3 0 3 0 0
0.17024094130211848 0 3 0 3 0 3 0 3
-0.3685999122435391 0 3 0 3 0 3 1 1
-0.3685999122435391 0 3 0 3 0 3 2 2
0.1734445993149833 0 3 0 3 0 3 3 0
0.7991724500349454 0 3 0 3 3 0 0 0
0.16126018899089722 0 3 0 3 3 0 0 3
-0.3542821153708236 0 3 0 3 3 0 1 1
-0.3542821153708236 0 3 0 3 3 0 2 2
0.16480466886381595 0 3 0 3 3 0 3 0
0.2044533589074084 0 3 0 3 3 3 0 0
-0.08442123145326066 0 3 0 3 3 3 1 1
-0.08442123145326066 0 3 0 3 3 3 2 2
-0.2179124936535704 0 3 1 1 0 0 0 0
-0.0036654146764065936 0 3 1 1 0 0 0 3
10.894072090428912 0 3 1 1 0 0 3 0
-0.1610459866597786 0 3 1 1 0 0 3 3
-0.05090864446037277 0 3 1 1 0 3 0 0
-0.3685999122435391 0 3 1 1 0 3 3 0
-0.04155145365271901 0 3 1 1 0 3 3 3
-0.04957500614955127 0 3 1 1 3 0 0 0
-0.3542821153708236 0 3 1 1 3 0 3 0
-0.04097657396811161 0 3 1 1 3 0 3 3
-0.08758832274832037 0 3 1 1 3 3 3 0
-0.18484804757048667 0 3 1 2 0 0 1 2
0.18484804757048667 0 3 1 2 0 0 2 1
-0.04758985861807899 0 3 1 2 0 3 1 2
0.04758985861807899 0 3 1 2 0 3 2 1
-0.04401725138151402 0 3 1 2 3 0 1 2
0.04401725138151402 0 3 1 2 3 0 2 1
0.18484804757048667 0 3 2 1 0 0 1 2
-0.18484804757048667 0 3 2 1 0 0 2 1
0.04758985861807899 0 3 2 1 0 3 1 2
-0.04758985861807899 0 3 2 1 0 3 2 1
0.04401725138151402 0 3 2 1 3 0 1 2
-0.04401725138151402 0 3 2 1 3 0 2 1
-0.2179124936535704 0 3 2 2 0 0 0 0
-0.0036654146764065944 0 3 2 2 0 0 0 3
10.894072090428912 0 3 2 2 0 0 3 0
-0.1610459866597786 0 3 2 2 0 0 3 3
-0.05090864446037277 0 3 2 2 0 3 0 0
-0.3685999122435391 0 3 2 2 0 3 3 0
-0.04155145365271901 0 3 2 2 0 3 3 3
-0.04957500614955127 0 3 2 2 3 0 0 0
-0.3542821153708236 0 3 2 2 3 0 3 0
-0.04097657396811161 0 3 2 2 3 0 3 3
-0.08758832274832037 0 3 2 2 3 3 3 0
-27.787512753971203 0 3 3 0 0 0 0 0
0.6965137732139014 0 3 3 0 0 0 0 3
-0.005908388626848483 0 3 3 0 0 0 1 1
-0.005908388626848483 0 3 3 0 0 0 2 2
0.785592566615251 0 3 3 0 0 0 3 0
0.12442753708638597 0 3 3 0 0 0 3 3
0.9727183891968981 0 3 3 0 0 3 0 0
0.1734445993149833 0 3 3 0 0 3 0 3
0.18169766312338745 0 3 3 0 0 3 3 0
0.9317370173964815 0 3 3 0 3 0 0 0
0.16480466886381595 0 3 3 0 3 0 0 3
0.17274833306867843 0 3 3 0 3 0 3 0
0.21825825048567196 0 3 3 0 3 3 0 0
0.5041389612986531 0 3 3 3 0 0 0 0
0.123547827195159 0 3 3 3 0 0 0 3
-0.22281493672590152 0 3 3 3 0 0 1 1
-0.22281493672590152 0 3 3 3 0 0 2 2
0.12164898354864243 0 3 3 3 0 0 3 0
0.1258547406969043 0 3 3 3 0 3 0 0
-0.05090864446037278 0 3 3 3 0 3 1 1
-0.05090864446037278 0 3 3 3 0 3 2 2
0.12074677191756347 0 3 3 3 3 0 0 0
-0.04957500614955127 0 3 3 3 3 0 1 1
-0.04957500614955127 0 3 3 3 3 0 2 2
0.001312138880948496 1 0 0 1 1 0 0 1
1.1568386136122282 1 0 0 1 1 0 1 0
-0.0028491393284206003 1 0 0 1 1 0 1 3
-0.011248008550488466 1 0 0 1 1 3 1 0
-0.0009031836631451295 1 0 0 1 1 3 1 3
0.0013121388809484956 1 0 0 1 2 0 0 2
1.1568386136122284 1 0 0 1 2 0 2 0
-0.0028491393284206003 1 0 0 1 2 0 2 3
-0.011248008550488466 1 0 0 1 2 3 2 0
-0.0009031836631451295 1 0 0 1 2 3 2 3
1.351427079792702 1 0 0 2 1 0 0 2
0.0004846869435930903 1 0 0 2 1 0 2 0
-0.007526764344761544 1 0 0 2 1 0 3 2
-0.01314782312530612 1 0 0 2 1 3 0 2
-0.0014542712780136885 1 0 0 2 1 3 3 2
-1.3514270797927017 1 0 0 2 2 0 0 1
-0.0004846869435930905 1 0 0 2 2 0 1 0
0.007526764344761544 1 0 0 2 2 0 3 1
0.01314782312530612 1 0 0 2 2 3 0 1
0.0014542712780136885 1 0 0 2 2 3 3 1
0.0013950545621079708 1 0 1 0 1 0 1 0
0.0013950545621079708 1 0 1 0 2 0 2 0
0.0004846869435930904 1 0 1 3 1 0 3 1
0.0004846869435930904 1 0 1 3 2 0 3 2
-0.0022429739504418937 1 0 2 0 1 0 0 2
1.5428942098161227 1 0 2 0 1 0 2 0
-0.005598248690527835 1 0 2 0 1 0 2 3
-0.002849139328420602 1 0 2 0 1 0 3 2
-0.015009618308848203 1 0 2 0 1 3 2 0
-0.0016109351869795078 1 0 2 0 1 3 2 3
-0.0009031836631451296 1 0 2 0 1 3 3 2
0.0022429739504418937 1 0 2 0 2 0 0 1
-1.5428942098161225 1 0 2 0 2 0 1 0
0.005598248690527835 1 0 2 0 2 0 1 3
0.002849139328420602 1 0 2 0 2 0 3 1
0.015009618308848203 1 0 2 0 2 3 1 0
0.0016109351869795078 1 0 2 0 2 3 1 3
0.0009031836631451296 1 0 2 0 2 3 3 1
-0.004902443072331201 1 0 2 3 1 0 0 2
-0.005598248690527836 1 0 2 3 1 0 2 0
-0.0033320104082656416 1 0 2 3 1 0 2 3
1.1568386136122282 1 0 2 3 1 0 3 2
-0.000897052306422827 1 0 2 3 1 3 0 2
-0.001651580751717971 1 0 2 3 1 3 2 0
-0.011248008550488466 1 0 2 3 1 3 3 2
0.004902443072331201 1 0 2 3 2 0 0 1
0.005598248690527836 1 0 2 3 2 0 1 0
0.0033320104082656416 1 0 2 3 2 0 1 3
-1.1568386136122282 1 0 2 3 2 0 3 1
0.000897052306422827 1 0 2 3 2 3 0 1
0.001651580751717971 1 0 2 3 2 3 1 0
0.011248008550488466 1 0 2 3 2 3 3 1
-0.004902443072331201 1 0 3 1 1 0 1 0
-0.0022429739504418937 1 0 3 1 1 0 1 3
-0.0008970523064228276 1 0 3 1 1 3 1 0
-0.004902443072331201 1 0 3 1 2 0 2 0
-0.0022429739504418937 1 0 3 1 2 0 2 3
-0.0008970523064228276 1 0 3 1 2 3 2 0
-0.007526764344761544 1 0 3 2 1 0 0 2
-0.002778553537743555 1 0 3 2 1 0 3 2
-0.0014949168427521521 1 0 3 2 1 3 0 2
0.007526764344761544 1 0 3 2 2 0 0 1
0.002778553537743555 1 0 3 2 2 0 3 1
0.0014949168427521521 1 0 3 2 2 3 0 1
0.001819329723305985 1 1 0 0 1 1 0 0
0.001819329723305985 1 1 0 0 2 2 0 0
8.129112947692661e-05 1 1 2 2 1 1 2 2
-4.064556473846334e-05 1 1 2 2 1 2 1 2
-4.064556473846327e-05 1 1 2 2 1 2 2 1
-4.064556473846327e-05 1 1 2 2 2 1 1 2
-4.064556473846334e-05 1 1 2 2 2 1 2 1
8.129112947692661e-05 1 1 2 2 2 2 1 1
2.5801129158410956 1 2 0 0 1 2 0 0
-0.014724672107585627 1 2 0 0 1 2 0 3
0.000287439842303704 1 2 0 0 1 2 1 1
0.000287439842303704 1 2 0 0 1 2 2 2
-0.020490685900208173 1 2 0 0 1 2 3 0
-0.0025539843896704092 1 2 0 0 1 2 3 3
-2.5801129158410956 1 2 0 0 2 1 0 0
0.014724672107585627 1 2 0 0 2 1 0 3
-0.000287439842303704 1 2 0 0 2 1 1 1
-0.000287439842303704 1 2 0 0 2 1 2 2
0.020490685900208173 1 2 0 0 2 1 3 0
0.0025539843896704092 1 2 0 0 2 1 3 3
-0.01472467210758563 1 2 0 3 1 2 0 0
-0.004490376155610602 1 2 0 3 1 2 0 3
0.00715889843635769 1 2 0 3 1 2 1 1
0.00715889843635769 1 2 0 3 1 2 2 2
-0.004319965225583651 1 2 0 3 1 2 3 0
0.01472467210758563 1 2 0 3 2 1 0 0
0.004490376155610602 1 2 0 3 2 1 0 3
-0.00715889843635769 1 2 0 3 2 1 1 1
-0.00715889843635769 1 2 0 3 2 1 2 2
0.004319965225583651 1 2 0 3 2 1 3 0
0.0006668191554107477 1 2 1 1 1 2 0 0
0.00715889843635769 1 2 1 1 1 2 3 0
0.00028743984230370406 1 2 1 1 1 2 3 3
-0.0006668191554107477 1 2 1 1 2 1 0 0
-0.00715889843635769 1 2 1 1 2 1 3 0
-0.00028743984230370406 1 2 1 1 2 1 3 3
-4.064556473846334e-05 1 2 1 2 1 1 2 2
0.0018066264006517054 1 2 1 2 1 2 1 2
-0.001765980835913242 1 2 1 2 1 2 2 1
-0.001765980835913242 1 2 1 2 2 1 1 2
0.0018066264006517054 1 2 1 2 2 1 2 1
-4.064556473846334e-05 1 2 1 2 2 2 1 1
-4.064556473846327e-05 1 2 2 1 1 1 2 2
-0.001765980835913242 1 2 2 1 1 2 1 2
0.0018066264006517052 1 2 2 1 1 2 2 1
0.0018066264006517052 1 2 2 1 2 1 1 2
-0.001765980835913242 1 2 2 1 2 1 2 1
-4.064556473846327e-05 1 2 2 1 2 2 1 1
0.0006668191554107477 1 2 2 2 1 2 0 0
0.00715889843635769 1 2 2 2 1 2 3 0
0.000287439842303704 1 2 2 2 1 2 3 3
-0.0006668191554107477 1 2 2 2 2 1 0 0
-0.00715889843635769 1 2 2 2 2 1 3 0
-0.000287439842303704 1 2 2 2 2 1 3 3
-0.020490685900208173 1 2 3 0 1 2 0 0
-0.004319965225583651 1 2 3 0 1 2 0 3
-0.004474665027354487 1 2 3 0 1 2 3 0
0.020490685900208173 1 2 3 0 2 1 0 0
0.004319965225583651 1 2 3 0 2 1 0 3
0.004474665027354487 1 2 3 0 2 1 3 0
-0.0025539843896704092 1 2 3 3 1 2 0 0
0.0006668191554107477 1 2 3 3 1 2 1 1
0.0006668191554107477 1 2 3 3 1 2 2 2
0.0025539843896704092 1 2 3 3 2 1 0 0
-0.0006668191554107477 1 2 3 3 2 1 1 1
-0.0006668191554107477 1 2 3 3 2 1 2 2
-0.011248008550488466 1 3 0 1 1 0 1 0
-0.0009031836631451296 1 3 0 1 1 0 1 3
-0.0031670912950597114 1 3 0 1 1 3 1 0
-0.011248008550488466 1 3 0 1 2 0 2 0
-0.0009031836631451296 1 3 0 1 2 0 2 3
-0.0031670912950597114 1 3 0 1 2 3 2 0
-0.01314782312530612 1 3 0 2 1 0 0 2
-0.0014949168427521521 1 3 0 2 1 0 3 2
-0.003702020316061502 1 3 0 2 1 3 0 2
0.01314782312530612 1 3 0 2 2 0 0 1
0.0014949168427521521 1 3 0 2 2 0 3 1
0.003702020316061502 1 3 0 2 2 3 0 1
-0.015009618308848203 1 3 2 0 1 0 2 0
-0.001651580751717971 1 3 2 0 1 0 2 3
-0.0009031836631451295 1 3 2 0 1 0 3 2
-0.0042262442524599285 1 3 2 0 1 3 2 0
0.015009618308848203 1 3 2 0 2 0 1 0
0.001651580751717971 1 3 2 0 2 0 1 3
0.0009031836631451295 1 3 2 0 2 0 3 1
0.0042262442524599285 1 3 2 0 2 3 1 0
-0.0008970523064228276 1 3 2 3 1 0 0 2
-0.0016109351869795078 1 3 2 3 1 0 2 0
-0.011248008550488466 1 3 2 3 1 0 3 2
-0.0031670912950597114 1 3 2 3 1 3 3 2
0.0008970523064228276 1 3 2 3 2 0 0 1
0.0016109351869795078 1 3 2 3 2 0 1 0
0.011248008550488466 1 3 2 3 2 0 3 1
0.0031670912950597114 1 3 2 3 2 3 3 1
-0.000897052306422827 1 3 3 1 1 0 1 0
-0.000897052306422827 1 3 3 1 2 0 2 0
-0.0014542712780136885 1 3 3 2 1 0 0 2
0.0014542712780136885 1 3 3 2 2 0 0 1
-1.3514270797927017 2 0 0 1 1 0 0 2
-0.0004846869435930906 2 0 0 1 1 0 2 0
0.007526764344761544 2 0 0 1 1 0 3 2
0.01314782312530612 2 0 0 1 1 3 0 2
0.0014542712780136885 2 0 0 1 1 3 3 2
1.351427079792702 2 0 0 1 2 0 0 1
0.0004846869435930906 2 0 0 1 2 0 1 0
-0.007526764344761544 2 0 0 1 2 0 3 1
-0.01314782312530612 2 0 0 1 2 3 0 1
-0.0014542712780136885 2 0 0 1 2 3 3 1
0.0013121388809484965 2 0 0 2 1 0 0 1
1.1568386136122282 2 0 0 2 1 0 1 0
-0.0028491393284206003 2 0 0 2 1 0 1 3
-0.011248008550488466 2 0 0 2 1 3 1 0
-0.0009031836631451295 2 0 0 2 1 3 1 3
0.001312138880948496 2 0 0 2 2 0 0 2
1.1568386136122284 2 0 0 2 2 0 2 0
-0.0028491393284206003 2 0 0 2 2 0 2 3
-0.011248008550488466 2 0 0 2 2 3 2 0
-0.0009031836631451295 2 0 0 2 2 3 2 3
0.0022429739504418937 2 0 1 0 1 0 0 2
-1.5428942098161227 2 0 1 0 1 0 2 0
0.005598248690527835 2 0 1 0 1 0 2 3
0.002849139328420602 2 0 1 0 1 0 3 2
0.015009618308848203 2 0 1 0 1 3 2 0
0.0016109351869795078 2 0 1 0 1 3 2 3
0.0009031836631451296 2 0 1 0 1 3 3 2
-0.0022429739504418937 2 0 1 0 2 0 0 1
1.5428942098161227 2 0 1 0 2 0 1 0
-0.005598248690527835 2 0 1 0 2 0 1 3
-0.002849139328420602 2 0 1 0 2 0 3 1
-0.015009618308848203 2 0 1 0 2 3 1 0
-0.0016109351869795078 2 0 1 0 2 3 1 3
-0.0009031836631451296 2 0 1 0 2 3 3 1
0.004902443072331201 2 0 1 3 1 0 0 2
0.005598248690527836 2 0 1 3 1 0 2 0
0.0033320104082656416 2 0 1 3 1 0 2 3
-1.1568386136122282 2 0 1 3 1 0 3 2
0.000897052306422827 2 0 1 3 1 3 0 2
0.001651580751717971 2 0 1 3 1 3 2 0
0.011248008550488466 2 0 1 3 1 3 3 2
-0.004902443072331201 2 0 1 3 2 0 0 1
-0.005598248690527836 2 0 1 3 2 0 1 0
-0.0033320104082656416 2 0 1 3 2 0 1 3
1.1568386136122284 2 0 1 3 2 0 3 1
-0.000897052306422827 2 0 1 3 2 3 0 1
-0.001651580751717971 2 0 1 3 2 3 1 0
-0.011248008550488466 2 0 1 3 2 3 3 1
0.0013950545621079712 2 0 2 0 1 0 1 0
0.0013950545621079712 2 0 2 0 2 0 2 0
0.0004846869435930906 2 0 2 3 1 0 3 1
0.0004846869435930906 2 0 2 3 2 0 3 2
0.007526764344761544 2 0 3 1 1 0 0 2
0.0027785535377435546 2 0 3 1 1 0 3 2
0.0014949168427521521 2 0 3 1 1 3 0 2
-0.007526764344761544 2 0 3 1 2 0 0 1
-0.0027785535377435546 2 0 3 1 2 0 3 1
-0.0014949168427521521 2 0 3 1 2 3 0 1
-0.004902443072331201 2 0 3 2 1 0 1 0
-0.0022429739504418937 2 0 3 2 1 0 1 3
-0.0008970523064228276 2 0 3 2 1 3 1 0
-0.004902443072331201 2 0 3 2 2 0 2 0
-0.0022429739504418937 2 0 3 2 2 0 2 3
-0.0008970523064228276 2 0 3 2 2 3 2 0
-2.5801129158410956 2 1 0 0 1 2 0 0
0.014724672107585627 2 1 0 0 1 2 0 3
-0.000287439842303704 2 1 0 0 1 2 1 1
-0.000287439842303704 2 1 0 0 1 2 2 2
0.020490685900208173 2 1 0 0 1 2 3 0
0.0025539843896704092 2 1 0 0 1 2 3 3
2.5801129158410956 2 1 0 0 2 1 0 0
-0.014724672107585627 2 1 0 0 2 1 0 3
0.000287439842303704 2 1 0 0 2 1 1 1
0.000287439842303704 2 1 0 0 2 1 2 2
-0.020490685900208173 2 1 0 0 2 1 3 0
-0.0025539843896704092 2 1 0 0 2 1 3 3
0.01472467210758563 2 1 0 3 1 2 0 0
0.004490376155610602 2 1 0 3 1 2 0 3
-0.00715889843635769 2 1 0 3 1 2 1 1
-0.00715889843635769 2 1 0 3 1 2 2 2
0.004319965225583651 2 1 0 3 1 2 3 0
-0.01472467210758563 2 1 0 3 2 1 0 0
-0.004490376155610602 2 1 0 3 2 1 0 3
0.00715889843635769 2 1 0 3 2 1 1 1
0.00715889843635769 2 1 0 3 2 1 2 2
-0.004319965225583651 2 1 0 3 2 1 3 0
-0.0006668191554107477 2 1 1 1 1 2 0 0
-0.00715889843635769 2 1 1 1 1 2 3 0
-0.000287439842303704 2 1 1 1 1 2 3 3
0.0006668191554107477 2 1 1 1 2 1 0 0
0.00715889843635769 2 1 1 1 2 1 3 0
0.000287439842303704 2 1 1 1 2 1 3 3
-4.064556473846327e-05 2 1 1 2 1 1 2 2
-0.001765980835913242 2 1 1 2 1 2 1 2
0.0018066264006517052 2 1 1 2 1 2 2 1
0.0018066264006517052 2 1 1 2 2 1 1 2
-0.001765980835913242 2 1 1 2 2 1 2 1
-4.064556473846327e-05 2 1 1 2 2 2 1 1
-4.064556473846334e-05 2 1 2 1 1 1 2 2
0.0018066264006517054 2 1 2 1 1 2 1 2
-0.001765980835913242 2 1 2 1 1 2 2 1
-0.001765980835913242 2 1 2 1 2 1 1 2
0.0018066264006517054 2 1 2 1 2 1 2 1
-4.064556473846334e-05 2 1 2 1 2 2 1 1
-0.0006668191554107477 2 1 2 2 1 2 0 0
-0.00715889843635769 2 1 2 2 1 2 3 0
-0.00028743984230370406 2 1 2 2 1 2 3 3
0.0006668191554107477 2 1 2 2 2 1 0 0
0.00715889843635769 2 1 2 2 2 1 3 0
0.00028743984230370406 2 1 2 2 2 1 3 3
0.020490685900208173 2 1 3 0 1 2 0 0
0.004319965225583651 2 1 3 0 1 2 0 3
0.004474665027354487 2 1 3 0 1 2 3 0
-0.020490685900208173 2 1 3 0 2 1 0 0
-0.004319965225583651 2 1 3 0 2 1 0 3
-0.004474665027354487 2 1 3 0 2 1 3 0
0.0025539843896704092 2 1 3 3 1 2 0 0
-0.0006668191554107477 2 1 3 3 1 2 1 1
-0.0006668191554107477 2 1 3 3 1 2 2 2
-0.0025539843896704092 2 1 3 3 2 1 0 0
0.0006668191554107477 2 1 3 3 2 1 1 1
0.0006668191554107477 2 1 3 3 2 1 2 2
0.001819329723305985 2 2 0 0 1 1 0 0
0.001819329723305985 2 2 0 0 2 2 0 0
8.129112947692661e-05 2 2 1 1 1 1 2 2
-4.064556473846334e-05 2 2 1 1 1 2 1 2
-4.064556473846327e-05 2 2 1 1 1 2 2 1
-4.064556473846327e-05 2 2 1 1 2 1 1 2
-4.064556473846334e-05 2 2 1 1 2 1 2 1
8.129112947692661e-05 2 2 1 1 2 2 1 1
0.01314782312530612 2 3 0 1 1 0 0 2
0.0014949168427521521 2 3 0 1 1 0 3 2
0.003702020316061502 2 3 0 1 1 3 0 2
-0.01314782312530612 2 3 0 1 2 0 0 1
-0.0014949168427521521 2 3 0 1 2 0 3 1
-0.003702020316061502 2 3 0 1 2 3 0 1
-0.011248008550488466 2 3 0 2 1 0 1 0
-0.0009031836631451296 2 3 0 2 1 0 1 3
-0.0031670912950597114 2 3 0 2 1 3 1 0
-0.011248008550488466 2 3 0 2 2 0 2 0
-0.0009031836631451296 2 3 0 2 2 0 2 3
-0.0031670912950597114 2 3 0 2 2 3 2 0
0.015009618308848203 2 3 1 0 1 0 2 0
0.001651580751717971 2 3 1 0 1 0 2 3
0.0009031836631451295 2 3 1 0 1 0 3 2
0.0042262442524599285 2 3 1 0 1 3 2 0
-0.015009618308848203 2 3 1 0 2 0 1 0
-0.001651580751717971 2 3 1 0 2 0 1 3
-0.0009031836631451295 2 3 1 0 2 0 3 1
-0.0042262442524599285 2 3 1 0 2 3 1 0
0.0008970523064228276 2 3 1 3 1 0 0 2
0.0016109351869795078 2 3 1 3 1 0 2 0
0.011248008550488466 2 3 1 3 1 0 3 2
0.0031670912950597114 2 3 1 3 1 3 3 2
-0.0008970523064228276 2 3 1 3 2 0 0 1
-0.0016109351869795078 2 3 1 3 2 0 1 0
-0.011248008550488466 2 3 1 3 2 0 3 1
-0.0031670912950597114 2 3 1 3 2 3 3 1
0.0014542712780136885 2 3 3 1 1 0 0 2
-0.0014542712780136885 2 3 3 1 2 0 0 1
-0.000897052306422827 2 3 3 2 1 0 1 0
-0.000897052306422827 2 3 3 2 2 0 2 0
-176.159766013194 3 0 0 0 0 0 0 0
-27.7506665546168 3 0 0 0 0 0 0 3
-0.16389512598819928 3 0 0 0 0 0 1 1
-0.16389512598819928 3 0 0 0 0 0 2 2
-29.331802018349443 3 0 0 0 0 0 3 0
0.5172639743339424 3 0 0 0 0 0 3 3
-40.34626178539517 3 0 0 0 0 3 0 0
0.7991724500349453 3 0 0 0 0 3 0 3
-0.04097657396811161 3 0 0 0 0 3 1 1
-0.04097657396811161 3 0 0 0 0 3 2 2
0.9317370173964815 3 0 0 0 0 3 3 0
0.12074677191756346 3 0 0 0 0 3 3 3
-45.5064876170774 3 0 0 0 3 0 0 0
0.8286217942501171 3 0 0 0 3 0 0 3
-0.04155145365271903 3 0 0 0 3 0 1 1
-0.04155145365271903 3 0 0 0 3 0 2 2
0.972718389196898 3 0 0 0 3 0 3 0
0.12585474069690436 3 0 0 0 3 0 3 3
1.271167095551185 3 0 0 0 3 3 0 0
0.20075133859134697 3 0 0 0 3 3 0 3
0.21403200623321209 3 0 0 0 3 3 3 0
-26.39792733594316 3 0 0 3 0 0 0 0
0.6308295425736077 3 0 0 3 0 0 0 3
12.051395390984723 3 0 0 3 0 0 1 1
12.051395390984725 3 0 0 3 0 0 2 2
0.6945852575596677 3 0 0 3 0 0 3 0
0.1268798376034247 3 0 0 3 0 0 3 3
0.7991724500349456 3 0 0 3 0 3 0 0
0.16126018899089722 3 0 0 3 0 3 0 3
-0.3542821153708236 3 0 0 3 0 3 1 1
-0.3542821153708236 3 0 0 3 0 3 2 2
0.16480466886381595 3 0 0 3 0 3 3 0
0.8286217942501171 3 0 0 3 3 0 0 0
0.17024094130211856 3 0 0 3 3 0 0 3
-0.3685999122435391 3 0 0 3 3 0 1 1
-0.3685999122435391 3 0 0 3 3 0 2 2
0.17344459931498335 3 0 0 3 3 0 3 0
0.20445335890740846 3 0 0 3 3 3 0 0
-0.08442123145326068 3 0 0 3 3 3 1 1
-0.08442123145326068 3 0 0 3 3 3 2 2
-0.2179124936535704 3 0 1 1 0 0 0 0
-0.0036654146764065944 3 0 1 1 0 0 0 3
10.894072090428915 3 0 1 1 0 0 3 0
-0.16104598665977865 3 0 1 1 0 0 3 3
-0.049575006149551265 3 0 1 1 0 3 0 0
-0.35428211537082355 3 0 1 1 0 3 3 0
-0.04097657396811161 3 0 1 1 0 3 3 3
-0.05090864446037278 3 0 1 1 3 0 0 0
-0.3685999122435391 3 0 1 1 3 0 3 0
-0.04155145365271902 3 0 1 1 3 0 3 3
-0.08758832274832037 3 0 1 1 3 3 3 0
-0.18484804757048667 3 0 1 2 0 0 1 2
0.18484804757048667 3 0 1 2 0 0 2 1
-0.04401725138151402 3 0 1 2 0 3 1 2
0.04401725138151402 3 0 1 2 0 3 2 1
-0.04758985861807901 3 0 1 2 3 0 1 2
0.04758985861807901 3 0 1 2 3 0 2 1
0.18484804757048667 3 0 2 1 0 0 1 2
-0.18484804757048667 3 0 2 1 0 0 2 1
0.04401725138151402 3 0 2 1 0 3 1 2
-0.04401725138151402 3 0 2 1 0 3 2 1
0.04758985861807901 3 0 2 1 3 0 1 2
-0.04758985861807901 3 0 2 1 3 0 2 1
-0.2179124936535704 3 0 2 2 0 0 0 0
-0.0036654146764065944 3 0 2 2 0 0 0 3
10.894072090428915 3 0 2 2 0 0 3 0
-0.16104598665977865 3 0 2 2 0 0 3 3
-0.049575006149551265 3 0 2 2 0 3 0 0
-0.35428211537082355 3 0 2 2 0 3 3 0
-0.04097657396811161 3 0 2 2 0 3 3 3
-0.05090864446037278 3 0 2 2 3 0 0 0
-0.3685999122435391 3 0 2 2 3 0 3 0
-0.04155145365271902 3 0 2 2 3 0 3 3
-0.08758832274832037 3 0 2 2 3 3 3 0
-27.78751275397121 3 0 3 0 0 0 0 0
0.6965137732139013 3 0 3 0 0 0 0 3
-0.005908388626848485 3 0 3 0 0 0 1 1
-0.005908388626848485 3 0 3 0 0 0 2 2
0.785592566615251 3 0 3 0 0 0 3 0
0.12442753708638599 3 0 3 0 0 0 3 3
0.9317370173964814 3 0 3 0 0 3 0 0
0.16480466886381595 3 0 3 0 0 3 0 3
0.17274833306867843 3 0 3 0 0 3 3 0
0.9727183891968981 3 0 3 0 3 0 0 0
0.17344459931498335 3 0 3 0 3 0 0 3
0.1816976631233875 3 0 3 0 3 0 3 0
0.21825825048567202 3 0 3 0 3 3 0 0
0.5041389612986532 3 0 3 3 0 0 0 0
0.12354782719515903 3 0 3 3 0 0 0 3
-0.22281493672590158 3 0 3 3 0 0 1 1
-0.22281493672590158 3 0 3 3 0 0 2 2
0.12164898354864245 3 0 3 3 0 0 3 0
0.12074677191756347 3 0 3 3 0 3 0 0
-0.04957500614955127 3 0 3 3 0 3 1 1
-0.04957500614955127 3 0 3 3 0 3 2 2
0.12585474069690436 3 0 3 3 3 0 0 0
-0.05090864446037278 3 0 3 3 3 0 1 1
-0.05090864446037278 3 0 3 3 3 0 2 2
-0.011248008550488462 3 1 0 1 0 1 1 0
-0.0009031836631451301 3 1 0 1 0 1 1 3
-0.011248008550488462 3 1 0 1 0 2 2 0
-0.0009031836631451301 3 1 0 1 0 2 2 3
-0.0031670912950597123 3 1 0 1 3 1 1 0
-0.0031670912950597123 3 1 0 1 3 2 2 0
-0.01314782312530611 3 1 0 2 0 1 0 2
-0.0014949168427521504 3 1 0 2 0 1 3 2
0.01314782312530611 3 1 0 2 0 2 0 1
0.0014949168427521504 3 1 0 2 0 2 3 1
-0.003702020316061501 3 1 0 2 3 1 0 2
0.003702020316061501 3 1 0 2 3 2 0 1
-0.0150096183088482 3 1 2 0 0 1 2 0
-0.0016515807517179714 3 1 2 0 0 1 2 3
-0.0009031836631451303 3 1 2 0 0 1 3 2
0.0150096183088482 3 1 2 0 0 2 1 0
0.0016515807517179714 3 1 2 0 0 2 1 3
0.0009031836631451303 3 1 2 0 0 2 3 1
-0.004226244252459929 3 1 2 0 3 1 2 0
0.004226244252459929 3 1 2 0 3 2 1 0
-0.000897052306422827 3 1 2 3 0 1 0 2
-0.0016109351869795082 3 1 2 3 0 1 2 0
-0.011248008550488462 3 1 2 3 0 1 3 2
0.000897052306422827 3 1 2 3 0 2 0 1
0.0016109351869795082 3 1 2 3 0 2 1 0
0.011248008550488462 3 1 2 3 0 2 3 1
-0.0031670912950597123 3 1 2 3 3 1 3 2
0.0031670912950597123 3 1 2 3 3 2 3 1
-0.0008970523064228267 3 1 3 1 0 1 1 0
-0.0008970523064228267 3 1 3 1 0 2 2 0
-0.001454271278013687 3 1 3 2 0 1 0 2
0.001454271278013687 3 1 3 2 0 2 0 1
0.01314782312530611 3 2 0 1 0 1 0 2
0.0014949168427521504 3 2 0 1 0 1 3 2
-0.01314782312530611 3 2 0 1 0 2 0 1
-0.0014949168427521504 3 2 0 1 0 2 3 1
0.003702020316061501 3 2 0 1 3 1 0 2
-0.003702020316061501 3 2 0 1 3 2 0 1
-0.011248008550488462 3 2 0 2 0 1 1 0
-0.0009031836631451302 3 2 0 2 0 1 1 3
-0.011248008550488462 3 2 0 2 0 2 2 0
-0.0009031836631451302 3 2 0 2 0 2 2 3
-0.0031670912950597123 3 2 0 2 3 1 1 0
-0.0031670912950597123 3 2 0 2 3 2 2 0
0.0150096183088482 3 2 1 0 0 1 2 0
0.0016515807517179714 3 2 1 0 0 1 2 3
0.0009031836631451303 3 2 1 0 0 1 3 2
-0.0150096183088482 3 2 1 0 0 2 1 0
-0.0016515807517179714 3 2 1 0 0 2 1 3
-0.0009031836631451303 3 2 1 0 0 2 3 1
0.004226244252459929 3 2 1 0 3 1 2 0
-0.004226244252459929 3 2 1 0 3 2 1 0
0.000897052306422827 3 2 1 3 0 1 0 2
0.0016109351869795082 3 2 1 3 0 1 2 0
0.011248008550488462 3 2 1 3 0 1 3 2
-0.000897052306422827 3 2 1 3 0 2 0 1
-0.0016109351869795082 3 2 1 3 0 2 1 0
-0.011248008550488462 3 2 1 3 0 2 3 1
0.0031670912950597123 3 2 1 3 3 1 3 2
-0.0031670912950597123 3 2 1 3 3 2 3 1
0.001454271278013687 3 2 3 1 0 1 0 2
-0.001454271278013687 3 2 3 1 0 2 0 1
-0.0008970523064228267 3 2 3 2 0 1 1 0
-0.0008970523064228267 3 2 3 2 0 2 2 0
-37.76432953983074 3 3 0 0 0 0 0 0
0.7975956010526659 3 3 0 0 0 0 0 3
-0.041592317788953025 3 3 0 0 0 0 1 1
-0.041592317788953025 3 3 0 0 0 0 2 2
0.9262559498051216 3 3 0 0 0 0 3 0
0.12133928512236318 3 3 0 0 0 0 3 3
1.2711670955511851 3 3 0 0 0 3 0 0
0.2044533589074084 3 3 0 0 0 3 0 3
0.21825825048567196 3 3 0 0 0 3 3 0
1.271167095551185 3 3 0 0 3 0 0 0
0.20445335890740846 3 3 0 0 3 0 0 3
0.21825825048567202 3 3 0 0 3 0 3 0
0.3115127904763476 3 3 0 0 3 3 0 0
0.7712999548020538 3 3 0 3 0 0 0 0
0.15676981283528663 3 3 0 3 0 0 0 3
-0.35837122548495437 3 3 0 3 0 0 1 1
-0.35837122548495437 3 3 0 3 0 0 2 2
0.16060072198245967 3 3 0 3 0 0 3 0
0.20075133859134695 3 3 0 3 0 3 0 0
-0.08758832274832037 3 3 0 3 0 3 1 1
-0.08758832274832037 3 3 0 3 0 3 2 2
0.20075133859134697 3 3 0 3 3 0 0 0
-0.08758832274832037 3 3 0 3 3 0 1 1
-0.08758832274832037 3 3 0 3 3 0 2 2
-0.0480111346877177 3 3 1 1 0 0 0 0
-0.3358752083839775 3 3 1 1 0 0 3 0
-0.03978595046266278 3 3 1 1 0 0 3 3
-0.08442123145326066 3 3 1 1 0 3 3 0
-0.08442123145326068 3 3 1 1 3 0 3 0
-0.04225127054560078 3 3 1 2 0 0 1 2
0.04225127054560078 3 3 1 2 0 0 2 1
0.04225127054560078 3 3 2 1 0 0 1 2
-0.04225127054560078 3 3 2 1 0 0 2 1
-0.0480111346877177 3 3 2 2 0 0 0 0
-0.3358752083839775 3 3 2 2 0 0 3 0
-0.03978595046266278 3 3 2 2 0 0 3 3
-0.08442123145326066 3 3 2 2 0 3 3 0
-0.08442123145326068 3 3 2 2 3 0 3 0
0.8962367131874251 3 3 3 0 0 0 0 0
0.16028739416452803 3 3 3 0 0 0 0 3
0.16827366804132393 3 3 3 0 0 0 3 0
0.21403200623321206 3 3 3 0 0 3 0 0
0.21403200623321209 3 3 3 0 3 0 0 0
0.11512758106289986 3 3 3 3 0 0 0 0
-0.049805239300563346 3 3 3 3 0 0 1 1
-0.049805239300563346 3 3 3 3 0 0 2 2
