-876564.7451848774 0 0 0 0 0 0 0 0
15162.569668355773 0 0 0 0 0 0 0 3
-125.25988051717442 0 0 0 0 0 0 1 1
-125.25988051717442 0 0 0 0 0 0 2 2
18335.35160806103 0 0 0 0 0 0 3 0
1850.2784060222014 0 0 0 0 0 0 3 3
24864.863599258264 0 0 0 0 0 3 0 0
3382.6328544639414 0 0 0 0 0 3 0 3
49.80086972384751 0 0 0 0 0 3 1 1
49.800869723847505 0 0 0 0 0 3 2 2
3507.9341996877765 0 0 0 0 0 3 3 0
-113.12399149006701 0 0 0 0 0 3 3 3
24864.86359925827 0 0 0 0 3 0 0 0
3382.632854463941 0 0 0 0 3 0 0 3
49.80086972384751 0 0 0 0 3 0 1 1
49.800869723847505 0 0 0 0 3 0 2 2
3507.934199687776 0 0 0 0 3 0 3 0
-113.12399149006704 0 0 0 0 3 0 3 3
5134.003092017757 0 0 0 0 3 3 0 0
-206.93495233510413 0 0 0 0 3 3 0 3
11.054143550616123 0 0 0 0 3 3 1 1
11.054143550616123 0 0 0 0 3 3 2 2
-227.35395605399142 0 0 0 0 3 3 3 0
-23.51280281823884 0 0 0 0 3 3 3 3
15162.569668355776 0 0 0 3 0 0 0 0
3918.4131216637575 0 0 0 3 0 0 0 3
-8008.135372112761 0 0 0 3 0 0 1 1
-8008.13537211276 0 0 0 3 0 0 2 2
3795.666664697582 0 0 0 3 0 0 3 0
-125.95395621788619 0 0 0 3 0 0 3 3
3567.560338323383 0 0 0 3 0 3 0 0
-167.11438777609948 0 0 0 3 0 3 0 3
-1696.704729866407 0 0 0 3 0 3 1 1
-1696.704729866407 0 0 0 3 0 3 2 2
-176.8363168433363 0 0 0 3 0 3 3 0
-27.27179189435154 0 0 0 3 0 3 3 3
3567.560338323382 0 0 0 3 3 0 0 0
-167.11438777609948 0 0 0 3 3 0 0 3
-1696.704729866407 0 0 0 3 3 0 1 1
-1696.704729866407 0 0 0 3 3 0 2 2
-176.8363168433363 0 0 0 3 3 0 3 0
-27.27179189435154 0 0 0 3 3 0 3 3
-214.04833285909777 0 0 0 3 3 3 0 0
-37.186797544880754 0 0 0 3 3 3 0 3
105.60931536908062 0 0 0 3 3 3 1 1
105.60931536908062 0 0 0 3 3 3 2 2
-37.65316779798673 0 0 0 3 3 3 3 0
1.1940627233954215 0 0 0 3 3 3 3 3
-382.73558210574714 0 0 1 1 0 0 0 0
-3.1933033677916356 0 0 1 1 0 0 0 3
-0.0866056140396815 0 0 1 1 0 0 1 1
-0.0866056140396815 0 0 1 1 0 0 2 2
-8008.135372112759 0 0 1 1 0 0 3 0
-125.25988051717452 0 0 1 1 0 0 3 3
62.0628353311173 0 0 1 1 0 3 0 0
-0.6719566812144853 0 0 1 1 0 3 0 3
0.0009508726770751028 0 0 1 1 0 3 1 1
0.0009508726770751028 0 0 1 1 0 3 2 2
-1877.990293073525 0 0 1 1 0 3 3 0
50.78947258033117 0 0 1 1 0 3 3 3
62.0628353311173 0 0 1 1 3 0 0 0
-0.6719566812144848 0 0 1 1 3 0 0 3
0.0009508726770751028 0 0 1 1 3 0 1 1
0.0009508726770751028 0 0 1 1 3 0 2 2
-1877.9902930735248 0 0 1 1 3 0 3 0
50.78947258033118 0 0 1 1 3 0 3 3
13.116079931110622 0 0 1 1 3 3 0 0
-0.16518877074812857 0 0 1 1 3 3 0 3
0.00023147848194267004 0 0 1 1 3 3 1 1
0.00023147848194267004 0 0 1 1 3 3 2 2
112.5855702555205 0 0 1 1 3 3 3 0
11.538153253850833 0 0 1 1 3 3 3 3
-1945.3016530613424 0 0 1 2 0 0 1 2
1945.3016530613427 0 0 1 2 0 0 2 1
62.21249643691108 0 0 1 2 0 3 1 2
-62.21249643691108 0 0 1 2 0 3 2 1
62.212496436911096 0 0 1 2 3 0 1 2
-62.212496436911096 0 0 1 2 3 0 2 1
13.582172562160634 0 0 1 2 3 3 1 2
-13.582172562160634 0 0 1 2 3 3 2 1
1945.3016530613427 0 0 2 1 0 0 1 2
-1945.3016530613424 0 0 2 1 0 0 2 1
-62.21249643691109 0 0 2 1 0 3 1 2
62.21249643691109 0 0 2 1 0 3 2 1
-62.212496436911096 0 0 2 1 3 0 1 2
62.212496436911096 0 0 2 1 3 0 2 1
-13.582172562160634 0 0 2 1 3 3 1 2
13.582172562160634 0 0 2 1 3 3 2 1
-382.73558210574714 0 0 2 2 0 0 0 0
-3.1933033677916374 0 0 2 2 0 0 0 3
-0.08660561403968166 0 0 2 2 0 0 1 1
-0.08660561403968166 0 0 2 2 0 0 2 2
-8008.135372112758 0 0 2 2 0 0 3 0
-125.2598805171745 0 0 2 2 0 0 3 3
62.0628353311173 0 0 2 2 0 3 0 0
-0.6719566812144854 0 0 2 2 0 3 0 3
0.0009508726770751028 0 0 2 2 0 3 1 1
0.0009508726770750958 0 0 2 2 0 3 2 2
-1877.990293073525 0 0 2 2 0 3 3 0
50.78947258033118 0 0 2 2 0 3 3 3
62.0628353311173 0 0 2 2 3 0 0 0
-0.6719566812144855 0 0 2 2 3 0 0 3
0.0009508726770751028 0 0 2 2 3 0 1 1
0.0009508726770751028 0 0 2 2 3 0 2 2
-1877.9902930735248 0 0 2 2 3 0 3 0
50.78947258033118 0 0 2 2 3 0 3 3
13.116079931110624 0 0 2 2 3 3 0 0
-0.16518877074812852 0 0 2 2 3 3 0 3
0.00023147848194267004 0 0 2 2 3 3 1 1
0.00023147848194267004 0 0 2 2 3 3 2 2
112.5855702555205 0 0 2 2 3 3 3 0
11.538153253850835 0 0 2 2 3 3 3 3
18335.351608061028 0 0 3 0 0 0 0 0
3795.6666646975827 0 0 3 0 0 0 0 3
-3.1933033677916356 0 0 3 0 0 0 1 1
-3.1933033677916356 0 0 3 0 0 0 2 2
3757.450058746988 0 0 3 0 0 0 3 0
-126.20594798357267 0 0 3 0 0 0 3 3
3707.6194951843468 0 0 3 0 0 3 0 0
-176.56445400714938 0 0 3 0 0 3 0 3
-1.3927280053050095 0 0 3 0 0 3 1 1
-1.3927280053050095 0 0 3 0 0 3 2 2
-188.93039262809677 0 0 3 0 0 3 3 0
-26.460618497362095 0 0 3 0 0 3 3 3
3707.6194951843463 0 0 3 0 3 0 0 0
-176.5644540071494 0 0 3 0 3 0 0 3
-1.3927280053050097 0 0 3 0 3 0 1 1
-1.39272800530501 0 0 3 0 3 0 2 2
-188.93039262809677 0 0 3 0 3 0 3 0
-26.46061849736209 0 0 3 0 3 0 3 3
-235.0379332083533 0 0 3 0 3 3 0 0
-37.689218884235245 0 0 3 0 3 3 0 3
-0.1483335524614244 0 0 3 0 3 3 1 1
-0.1483335524614244 0 0 3 0 3 3 2 2
-38.56116570640788 0 0 3 0 3 3 3 0
1.2145255362579432 0 0 3 0 3 3 3 3
1850.2784060222007 0 0 3 3 0 0 0 0
-125.9539562178862 0 0 3 3 0 0 0 3
-382.7355821057472 0 0 3 3 0 0 1 1
-382.73558210574726 0 0 3 3 0 0 2 2
-126.20594798357266 0 0 3 3 0 0 3 0
-32.41987584620324 0 0 3 3 0 0 3 3
-115.84988474124236 0 0 3 3 0 3 0 0
-28.109140897628514 0 0 3 3 0 3 0 3
60.728364232364804 0 0 3 3 0 3 1 1
60.72836423236481 0 0 3 3 0 3 2 2
-27.185026456095322 0 0 3 3 0 3 3 0
1.1226643243640961 0 0 3 3 0 3 3 3
-115.84988474124238 0 0 3 3 3 0 0 0
-28.109140897628514 0 0 3 3 3 0 0 3
60.728364232364804 0 0 3 3 3 0 1 1
60.72836423236481 0 0 3 3 3 0 2 2
-27.185026456095322 0 0 3 3 3 0 3 0
1.1226643243640964 0 0 3 3 3 0 3 3
-24.670901476665623 0 0 3 3 3 3 0 0
1.2145608932488088 0 0 3 3 3 3 0 3
12.628942763881478 0 0 3 3 3 3 1 1
12.628942763881476 0 0 3 3 3 3 2 2
1.233890816993109 0 0 3 3 3 3 3 0
0.2565280138680937 0 0 3 3 3 3 3 3
-0.288744648643098 0 1 0 1 0 1 0 1
-181.0615030901131 0 1 0 1 0 1 1 0
0.988223514549406 0 1 0 1 0 1 1 3
0.00139849424595393 0 1 0 1 0 1 3 1
-0.2887446486430979 0 1 0 1 0 2 0 2
-181.0615030901131 0 1 0 1 0 2 2 0
0.988223514549406 0 1 0 1 0 2 2 3
0.00139849424595393 0 1 0 1 0 2 3 2
0.002857021912158372 0 1 0 1 3 1 0 1
3.4860235693133204 0 1 0 1 3 1 1 0
0.24190511699550793 0 1 0 1 3 1 1 3
0.0002890950516518721 0 1 0 1 3 1 3 1
0.0028570219121583735 0 1 0 1 3 2 0 2
3.486023569313321 0 1 0 1 3 2 2 0
0.24190511699550793 0 1 0 1 3 2 2 3
0.0002890950516518721 0 1 0 1 3 2 3 2
-184.63873921079914 0 1 0 2 0 1 0 2
-0.22406011700447587 0 1 0 2 0 1 2 0
0.0003793419342615844 0 1 0 2 0 1 2 3
1.497479549435201 0 1 0 2 0 1 3 2
184.63873921079912 0 1 0 2 0 2 0 1
0.22406011700447573 0 1 0 2 0 2 1 0
-0.0003793419342615848 0 1 0 2 0 2 1 3
-1.4974795494352005 0 1 0 2 0 2 3 1
3.5538332400846744 0 1 0 2 3 1 0 2
0.002103873906617257 0 1 0 2 3 1 2 0
9.973462184243516e-05 0 1 0 2 3 1 2 3
0.2786913745010194 0 1 0 2 3 1 3 2
-3.5538332400846744 0 1 0 2 3 2 0 1
-0.002103873906617256 0 1 0 2 3 2 1 0
-9.973462184243516e-05 0 1 0 2 3 2 1 3
-0.27869137450101933 0 1 0 2 3 2 3 1
0.0004116823985841746 0 1 1 0 0 1 0 1
-0.3085647749642062 0 1 1 0 0 1 1 0
0.0012287346259709526 0 1 1 0 0 1 1 3
0.0003793419342615861 0 1 1 0 0 1 3 1
0.0004116823985841746 0 1 1 0 0 2 0 2
-0.30856477496420615 0 1 1 0 0 2 2 0
0.0012287346259709526 0 1 1 0 0 2 2 3
0.0003793419342615861 0 1 1 0 0 2 3 2
0.0030492519001186803 0 1 1 0 3 1 1 0
0.000294887142081889 0 1 1 0 3 1 1 3
9.635712534171621e-05 0 1 1 0 3 1 3 1
0.0030492519001186803 0 1 1 0 3 2 2 0
0.000294887142081889 0 1 1 0 3 2 2 3
9.635712534171621e-05 0 1 1 0 3 2 3 2
0.0005483711876898231 0 1 1 3 0 1 0 1
0.0012287346259709515 0 1 1 3 0 1 1 0
0.0006781888551534126 0 1 1 3 0 1 1 3
-0.22406011700447578 0 1 1 3 0 1 3 1
0.0005483711876898239 0 1 1 3 0 2 0 2
0.0012287346259709515 0 1 1 3 0 2 2 0
0.0006781888551534122 0 1 1 3 0 2 2 3
-0.22406011700447573 0 1 1 3 0 2 3 2
0.00010081153767228421 0 1 1 3 3 1 0 1
0.00030004887397499505 0 1 1 3 3 1 1 0
0.002087226668130775 0 1 1 3 3 1 3 1
0.00010081153767228421 0 1 1 3 3 2 0 2
0.00030004887397499505 0 1 1 3 3 2 2 0
0.002087226668130775 0 1 1 3 3 2 3 2
0.7203596416919399 0 1 2 0 0 1 0 2
-199.37673072160376 0 1 2 0 0 1 2 0
1.2257864728682264 0 1 2 0 0 1 2 3
0.988223514549406 0 1 2 0 0 1 3 2
-0.7203596416919399 0 1 2 0 0 2 0 1
199.37673072160376 0 1 2 0 0 2 1 0
-1.2257864728682266 0 1 2 0 0 2 1 3
-0.9882235145494062 0 1 2 0 0 2 3 1
-0.00842760914335203 0 1 2 0 3 1 0 2
3.8389393252807684 0 1 2 0 3 1 2 0
0.2967111255348412 0 1 2 0 3 1 2 3
0.2419084944920086 0 1 2 0 3 1 3 2
0.00842760914335203 0 1 2 0 3 2 0 1
-3.838939325280769 0 1 2 0 3 2 1 0
-0.2967111255348413 0 1 2 0 3 2 1 3
-0.2419084944920086 0 1 2 0 3 2 3 1
1.3339227275648213 0 1 2 3 0 1 0 2
1.2257864728682266 0 1 2 3 0 1 2 0
0.8366708144218323 0 1 2 3 0 1 2 3
-181.0615030901131 0 1 2 3 0 1 3 2
-1.3339227275648213 0 1 2 3 0 2 0 1
-1.2257864728682268 0 1 2 3 0 2 1 0
-0.8366708144218322 0 1 2 3 0 2 1 3
181.0615030901131 0 1 2 3 0 2 3 1
0.24346777207690473 0 1 2 3 3 1 0 2
0.29976881078676093 0 1 2 3 3 1 2 0
-0.010249084926693675 0 1 2 3 3 1 2 3
3.4860402165518076 0 1 2 3 3 1 3 2
-0.24346777207690473 0 1 2 3 3 2 0 1
-0.299768810786761 0 1 2 3 3 2 1 0
0.010249084926693675 0 1 2 3 3 2 1 3
-3.486040216551808 0 1 2 3 3 2 3 1
0.0013984942459539316 0 1 3 1 0 1 0 1
1.333922727564821 0 1 3 1 0 1 1 0
0.7203596416919399 0 1 3 1 0 1 1 3
0.0006177029935435346 0 1 3 1 0 1 3 1
0.0013984942459539316 0 1 3 1 0 2 0 2
1.333922727564821 0 1 3 1 0 2 2 0
0.7203596416919399 0 1 3 1 0 2 2 3
0.0006177029935435346 0 1 3 1 0 2 3 2
0.00029611030122678953 0 1 3 1 3 1 0 1
0.24347211845957561 0 1 3 1 3 1 1 0
-0.00842760914335203 0 1 3 1 3 1 1 3
0.00029611030122678953 0 1 3 1 3 2 0 2
0.24347211845957561 0 1 3 1 3 2 2 0
-0.00842760914335203 0 1 3 1 3 2 2 3
1.497479549435201 0 1 3 2 0 1 0 2
0.0005483711876898233 0 1 3 2 0 1 2 0
0.0004116823985841748 0 1 3 2 0 1 2 3
0.7237902557396951 0 1 3 2 0 1 3 2
-1.4974795494352007 0 1 3 2 0 2 0 1
-0.0005483711876898233 0 1 3 2 0 2 1 0
-0.00041168239858417415 0 1 3 2 0 2 1 3
-0.7237902557396952 0 1 3 2 0 2 3 1
0.28174720623525734 0 1 3 2 3 1 0 2
9.6465155001425e-05 0 1 3 2 3 1 2 0
-0.009682640367583095 0 1 3 2 3 1 3 2
-0.28174720623525723 0 1 3 2 3 2 0 1
-9.646515500142522e-05 0 1 3 2 3 2 1 0
0.009682640367583095 0 1 3 2 3 2 3 1
184.63873921079912 0 2 0 1 0 1 0 2
0.22406011700447573 0 2 0 1 0 1 2 0
-0.0003793419342615848 0 2 0 1 0 1 2 3
-1.4974795494352007 0 2 0 1 0 1 3 2
-184.63873921079914 0 2 0 1 0 2 0 1
-0.22406011700447587 0 2 0 1 0 2 1 0
0.0003793419342615848 0 2 0 1 0 2 1 3
1.4974795494352007 0 2 0 1 0 2 3 1
-3.5538332400846744 0 2 0 1 3 1 0 2
-0.002103873906617257 0 2 0 1 3 1 2 0
-9.973462184243516e-05 0 2 0 1 3 1 2 3
-0.27869137450101944 0 2 0 1 3 1 3 2
3.5538332400846744 0 2 0 1 3 2 0 1
0.002103873906617256 0 2 0 1 3 2 1 0
9.973462184243516e-05 0 2 0 1 3 2 1 3
0.2786913745010194 0 2 0 1 3 2 3 1
-0.28874464864309785 0 2 0 2 0 1 0 1
-181.0615030901131 0 2 0 2 0 1 1 0
0.988223514549406 0 2 0 2 0 1 1 3
0.0013984942459539297 0 2 0 2 0 1 3 1
-0.288744648643098 0 2 0 2 0 2 0 2
-181.06150309011312 0 2 0 2 0 2 2 0
0.9882235145494063 0 2 0 2 0 2 2 3
0.0013984942459539297 0 2 0 2 0 2 3 2
0.002857021912158372 0 2 0 2 3 1 0 1
3.486023569313321 0 2 0 2 3 1 1 0
0.24190511699550796 0 2 0 2 3 1 1 3
0.0002890950516518723 0 2 0 2 3 1 3 1
0.002857021912158372 0 2 0 2 3 2 0 2
3.4860235693133204 0 2 0 2 3 2 2 0
0.24190511699550796 0 2 0 2 3 2 2 3
0.0002890950516518723 0 2 0 2 3 2 3 2
-0.7203596416919399 0 2 1 0 0 1 0 2
199.37673072160376 0 2 1 0 0 1 2 0
-1.2257864728682266 0 2 1 0 0 1 2 3
-0.9882235145494062 0 2 1 0 0 1 3 2
0.7203596416919399 0 2 1 0 0 2 0 1
-199.37673072160374 0 2 1 0 0 2 1 0
1.2257864728682268 0 2 1 0 0 2 1 3
0.988223514549406 0 2 1 0 0 2 3 1
0.00842760914335203 0 2 1 0 3 1 0 2
-3.838939325280769 0 2 1 0 3 1 2 0
-0.2967111255348412 0 2 1 0 3 1 2 3
-0.2419084944920086 0 2 1 0 3 1 3 2
-0.00842760914335203 0 2 1 0 3 2 0 1
3.838939325280769 0 2 1 0 3 2 1 0
0.2967111255348413 0 2 1 0 3 2 1 3
0.2419084944920086 0 2 1 0 3 2 3 1
-1.3339227275648213 0 2 1 3 0 1 0 2
-1.2257864728682268 0 2 1 3 0 1 2 0
-0.8366708144218322 0 2 1 3 0 1 2 3
181.0615030901131 0 2 1 3 0 1 3 2
1.3339227275648213 0 2 1 3 0 2 0 1
1.225786472868227 0 2 1 3 0 2 1 0
0.8366708144218323 0 2 1 3 0 2 1 3
-181.0615030901131 0 2 1 3 0 2 3 1
-0.24346777207690473 0 2 1 3 3 1 0 2
-0.299768810786761 0 2 1 3 3 1 2 0
0.010249084926693675 0 2 1 3 3 1 2 3
-3.4860402165518076 0 2 1 3 3 1 3 2
0.24346777207690473 0 2 1 3 3 2 0 1
0.29976881078676104 0 2 1 3 3 2 1 0
-0.010249084926693675 0 2 1 3 3 2 1 3
3.486040216551808 0 2 1 3 3 2 3 1
0.0004116823985841746 0 2 2 0 0 1 0 1
-0.3085647749642061 0 2 2 0 0 1 1 0
0.0012287346259709526 0 2 2 0 0 1 1 3
0.0003793419342615861 0 2 2 0 0 1 3 1
0.0004116823985841746 0 2 2 0 0 2 0 2
-0.3085647749642062 0 2 2 0 0 2 2 0
0.0012287346259709526 0 2 2 0 0 2 2 3
0.0003793419342615861 0 2 2 0 0 2 3 2
0.0030492519001186795 0 2 2 0 3 1 1 0
0.0002948871420818892 0 2 2 0 3 1 1 3
9.635712534171621e-05 0 2 2 0 3 1 3 1
0.0030492519001186795 0 2 2 0 3 2 2 0
0.0002948871420818892 0 2 2 0 3 2 2 3
9.635712534171621e-05 0 2 2 0 3 2 3 2
0.0005483711876898231 0 2 2 3 0 1 0 1
0.0012287346259709515 0 2 2 3 0 1 1 0
0.0006781888551534122 0 2 2 3 0 1 1 3
-0.2240601170044758 0 2 2 3 0 1 3 1
0.0005483711876898231 0 2 2 3 0 2 0 2
0.0012287346259709515 0 2 2 3 0 2 2 0
0.0006781888551534126 0 2 2 3 0 2 2 3
-0.2240601170044758 0 2 2 3 0 2 3 2
0.000100811537672284 0 2 2 3 3 1 0 1
0.00030004887397499505 0 2 2 3 3 1 1 0
0.002087226668130774 0 2 2 3 3 1 3 1
0.000100811537672284 0 2 2 3 3 2 0 2
0.00030004887397499505 0 2 2 3 3 2 2 0
0.002087226668130775 0 2 2 3 3 2 3 2
-1.4974795494352007 0 2 3 1 0 1 0 2
-0.0005483711876898224 0 2 3 1 0 1 2 0
-0.0004116823985841746 0 2 3 1 0 1 2 3
-0.7237902557396951 0 2 3 1 0 1 3 2
1.4974795494352005 0 2 3 1 0 2 0 1
0.0005483711876898224 0 2 3 1 0 2 1 0
0.0004116823985841746 0 2 3 1 0 2 1 3
0.7237902557396954 0 2 3 1 0 2 3 1
-0.28174720623525723 0 2 3 1 3 1 0 2
-9.6465155001425e-05 0 2 3 1 3 1 2 0
0.009682640367583095 0 2 3 1 3 1 3 2
0.28174720623525723 0 2 3 1 3 2 0 1
9.6465155001425e-05 0 2 3 1 3 2 1 0
-0.009682640367583095 0 2 3 1 3 2 3 1
0.0013984942459539316 0 2 3 2 0 1 0 1
1.333922727564821 0 2 3 2 0 1 1 0
0.7203596416919399 0 2 3 2 0 1 1 3
0.0006177029935435348 0 2 3 2 0 1 3 1
0.0013984942459539316 0 2 3 2 0 2 0 2
1.3339227275648213 0 2 3 2 0 2 2 0
0.7203596416919399 0 2 3 2 0 2 2 3
0.0006177029935435348 0 2 3 2 0 2 3 2
0.00029611030122678997 0 2 3 2 3 1 0 1
0.24347211845957564 0 2 3 2 3 1 1 0
-0.00842760914335203 0 2 3 2 3 1 1 3
0.00029611030122678975 0 2 3 2 3 2 0 2
0.2434721184595756 0 2 3 2 3 2 2 0
-0.00842760914335203 0 2 3 2 3 2 2 3
24864.863599258282 0 3 0 0 0 0 0 0
3567.5603383233824 0 3 0 0 0 0 0 3
50.78947258033118 0 3 0 0 0 0 1 1
50.78947258033118 0 3 0 0 0 0 2 2
3707.6194951843445 0 3 0 0 0 0 3 0
-115.84988474124235 0 3 0 0 0 0 3 3
6251.088322227791 0 3 0 0 0 3 0 0
-223.6369216278807 0 3 0 0 0 3 0 3
11.536990902617148 0 3 0 0 0 3 1 1
11.536990902617148 0 3 0 0 0 3 2 2
-247.0393583812437 0 3 0 0 0 3 3 0
-25.76254569076831 0 3 0 0 0 3 3 3
5506.712435400584 0 3 0 0 3 0 0 0
-214.87546946530566 0 3 0 0 3 0 0 3
11.3764775505041 0 3 0 0 3 0 1 1
11.376477550504102 0 3 0 0 3 0 2 2
-236.47954739063553 0 3 0 0 3 0 3 0
-24.646979490980193 0 3 0 0 3 0 3 3
-351.6313161887209 0 3 0 0 3 3 0 0
-49.243529798440925 0 3 0 0 3 3 0 3
-0.706244590439804 0 3 0 0 3 3 1 1
-0.706244590439804 0 3 0 0 3 3 2 2
-51.42517503954698 0 3 0 0 3 3 3 0
1.3559773155585093 0 3 0 0 3 3 3 3
3382.6328544639427 0 3 0 3 0 0 0 0
-167.11438777609945 0 3 0 3 0 0 0 3
-1877.990293073525 0 3 0 3 0 0 1 1
-1877.990293073525 0 3 0 3 0 0 2 2
-176.56445400714946 0 3 0 3 0 0 3 0
-28.10914089762851 0 3 0 3 0 0 3 3
-223.63692162788072 0 3 0 3 0 3 0 0
-40.69938997121221 0 3 0 3 0 3 0 3
116.0146265912359 0 3 0 3 0 3 1 1
116.0146265912359 0 3 0 3 0 3 2 2
-41.09757507497911 0 3 0 3 0 3 3 0
1.2593689302485678 0 3 0 3 0 3 3 3
-214.87546946530568 0 3 0 3 3 0 0 0
-38.35822689675964 0 3 0 3 3 0 0 3
111.40424988214338 0 3 0 3 3 0 1 1
111.40424988214338 0 3 0 3 3 0 2 2
-38.81591075404564 0 3 0 3 3 0 3 0
1.2226641822975994 0 3 0 3 3 0 3 3
-50.2195634939205 0 3 0 3 3 3 0 0
1.8854396979283674 0 3 0 3 3 3 0 3
25.086475392284942 0 3 0 3 3 3 1 1
25.08647539228494 0 3 0 3 3 3 2 2
1.9910520239628167 0 3 0 3 3 3 3 0
0.29184988391191696 0 3 0 3 3 3 3 3
60.728364232364804 0 3 1 1 0 0 0 0
-1.392728005305009 0 3 1 1 0 0 0 3
0.0009508726770751101 0 3 1 1 0 0 1 1
0.0009508726770751103 0 3 1 1 0 0 2 2
-1696.704729866407 0 3 1 1 0 0 3 0
49.800869723847505 0 3 1 1 0 0 3 3
13.346279184933154 0 3 1 1 0 3 0 0
-0.15630547040083453 0 3 1 1 0 3 0 3
0.0002794512896027705 0 3 1 1 0 3 1 1
0.0002794512896027705 0 3 1 1 0 3 2 2
116.0146265912359 0 3 1 1 0 3 3 0
11.536990902617147 0 3 1 1 0 3 3 3
13.030518772464166 0 3 1 1 3 0 0 0
-0.15660926453679577 0 3 1 1 3 0 0 3
0.0002434342419869242 0 3 1 1 3 0 1 1
0.0002434342419869242 0 3 1 1 3 0 2 2
111.40424988214338 0 3 1 1 3 0 3 0
11.376477550504099 0 3 1 1 3 0 3 3
-0.8128039367169697 0 3 1 1 3 3 0 0
-0.03713558414041859 0 3 1 1 3 3 0 3
26.04350509643248 0 3 1 1 3 3 3 0
-0.7138473035370151 0 3 1 1 3 3 3 3
62.21249643691109 0 3 1 2 0 0 1 2
-62.21249643691109 0 3 1 2 0 0 2 1
15.3347499329212 0 3 1 2 0 3 1 2
-15.3347499329212 0 3 1 2 0 3 2 1
14.165624981839635 0 3 1 2 3 0 1 2
-14.165624981839635 0 3 1 2 3 0 2 1
-0.6252286807852205 0 3 1 2 3 3 1 2
0.6252286807852205 0 3 1 2 3 3 2 1
-62.21249643691109 0 3 2 1 0 0 1 2
62.21249643691109 0 3 2 1 0 0 2 1
-15.3347499329212 0 3 2 1 0 3 1 2
15.3347499329212 0 3 2 1 0 3 2 1
-14.165624981839635 0 3 2 1 3 0 1 2
14.165624981839635 0 3 2 1 3 0 2 1
0.6252286807852205 0 3 2 1 3 3 1 2
-0.6252286807852205 0 3 2 1 3 3 2 1
60.728364232364804 0 3 2 2 0 0 0 0
-1.3927280053050097 0 3 2 2 0 0 0 3
0.0009508726770751112 0 3 2 2 0 0 1 1
0.0009508726770751114 0 3 2 2 0 0 2 2
-1696.7047298664072 0 3 2 2 0 0 3 0
49.80086972384751 0 3 2 2 0 0 3 3
13.346279184933152 0 3 2 2 0 3 0 0
-0.15630547040083453 0 3 2 2 0 3 0 3
0.00027945128960277053 0 3 2 2 0 3 1 1
0.00027945128960276707 0 3 2 2 0 3 2 2
116.01462659123588 0 3 2 2 0 3 3 0
11.536990902617147 0 3 2 2 0 3 3 3
13.030518772464164 0 3 2 2 3 0 0 0
-0.1566092645367958 0 3 2 2 3 0 0 3
0.0002434342419869242 0 3 2 2 3 0 1 1
0.0002434342419869242 0 3 2 2 3 0 2 2
111.40424988214336 0 3 2 2 3 0 3 0
11.376477550504102 0 3 2 2 3 0 3 3
-0.8128039367169697 0 3 2 2 3 3 0 0
-0.03713558414041861 0 3 2 2 3 3 0 3
26.04350509643248 0 3 2 2 3 3 3 0
-0.7138473035370151 0 3 2 2 3 3 3 3
3507.934199687777 0 3 3 0 0 0 0 0
-176.83631684333633 0 3 3 0 0 0 0 3
-0.6719566812144853 0 3 3 0 0 0 1 1
-0.6719566812144853 0 3 3 0 0 0 2 2
-188.9303926280968 0 3 3 0 0 0 3 0
-27.18502645609533 0 3 3 0 0 0 3 3
-247.03935838124374 0 3 3 0 0 3 0 0
-41.09757507497912 0 3 3 0 0 3 0 3
-0.15630547040083456 0 3 3 0 0 3 1 1
-0.15630547040083456 0 3 3 0 0 3 2 2
-41.98884546780197 0 3 3 0 0 3 3 0
1.2795070570920013 0 3 3 0 0 3 3 3
-236.4795473906356 0 3 3 0 3 0 0 0
-38.81591075404562 0 3 3 0 3 0 0 3
-0.15660926453679588 0 3 3 0 3 0 1 1
-0.15660926453679588 0 3 3 0 3 0 2 2
-39.704284823970774 0 3 3 0 3 0 3 0
1.2426411367810177 0 3 3 0 3 0 3 3
-52.47915189206665 0 3 3 0 3 3 0 0
1.9906079342958172 0 3 3 0 3 3 0 3
-0.03484666247400473 0 3 3 0 3 3 1 1
-0.03484666247400473 0 3 3 0 3 3 2 2
2.1175665405375086 0 3 3 0 3 3 3 0
0.2906642245809117 0 3 3 0 3 3 3 3
-113.12399149006703 0 3 3 3 0 0 0 0
-27.271791894351544 0 3 3 3 0 0 0 3
62.062835331117306 0 3 3 3 0 0 1 1
62.062835331117306 0 3 3 3 0 0 2 2
-26.46061849736209 0 3 3 3 0 0 3 0
1.1226643243640966 0 3 3 3 0 0 3 3
-25.76254569076831 0 3 3 3 0 3 0 0
1.2593689302485678 0 3 3 3 0 3 0 3
13.346279184933154 0 3 3 3 0 3 1 1
13.346279184933154 0 3 3 3 0 3 2 2
1.2795070570920013 0 3 3 3 0 3 3 0
0.2717225517384824 0 3 3 3 0 3 3 3
-24.646979490980193 0 3 3 3 3 0 0 0
1.2226641822975994 0 3 3 3 3 0 0 3
13.030518772464164 0 3 3 3 3 0 1 1
13.030518772464166 0 3 3 3 3 0 2 2
1.2426411367810177 0 3 3 3 3 0 3 0
0.26159285982489 0 3 3 3 3 0 3 3
1.375225281129683 0 3 3 3 3 3 0 0
0.29468632497980785 0 3 3 3 3 3 0 3
-0.8041594479860843 0 3 3 3 3 3 1 1
-0.8041594479860843 0 3 3 3 3 3 2 2
0.2931896770013321 0 3 3 3 3 3 3 0
-0.288744648643098 1 0 0 1 1 0 0 1
-181.0615030901131 1 0 0 1 1 0 1 0
0.988223514549406 1 0 0 1 1 0 1 3
0.001398494245953931 1 0 0 1 1 0 3 1
0.002857021912158369 1 0 0 1 1 3 0 1
3.486023569313319 1 0 0 1 1 3 1 0
0.24190511699550796 1 0 0 1 1 3 1 3
0.0002890950516518721 1 0 0 1 1 3 3 1
-0.28874464864309796 1 0 0 1 2 0 0 2
-181.0615030901131 1 0 0 1 2 0 2 0
0.988223514549406 1 0 0 1 2 0 2 3
0.001398494245953931 1 0 0 1 2 0 3 2
0.002857021912158369 1 0 0 1 2 3 0 2
3.4860235693133195 1 0 0 1 2 3 2 0
0.24190511699550796 1 0 0 1 2 3 2 3
0.0002890950516518721 1 0 0 1 2 3 3 2
-184.63873921079914 1 0 0 2 1 0 0 2
-0.2240601170044758 1 0 0 2 1 0 2 0
0.0003793419342615848 1 0 0 2 1 0 2 3
1.4974795494352007 1 0 0 2 1 0 3 2
3.5538332400846735 1 0 0 2 1 3 0 2
0.002103873906617257 1 0 0 2 1 3 2 0
9.973462184243516e-05 1 0 0 2 1 3 2 3
0.2786913745010194 1 0 0 2 1 3 3 2
184.63873921079912 1 0 0 2 2 0 0 1
0.22406011700447576 1 0 0 2 2 0 1 0
-0.0003793419342615848 1 0 0 2 2 0 1 3
-1.4974795494352005 1 0 0 2 2 0 3 1
-3.553833240084673 1 0 0 2 2 3 0 1
-0.002103873906617257 1 0 0 2 2 3 1 0
-9.973462184243516e-05 1 0 0 2 2 3 1 3
-0.27869137450101933 1 0 0 2 2 3 3 1
0.0004116823985841745 1 0 1 0 1 0 0 1
-0.3085647749642062 1 0 1 0 1 0 1 0
0.0012287346259709521 1 0 1 0 1 0 1 3
0.0003793419342615857 1 0 1 0 1 0 3 1
0.003049251900118681 1 0 1 0 1 3 1 0
0.000294887142081889 1 0 1 0 1 3 1 3
9.63571253417161e-05 1 0 1 0 1 3 3 1
0.0004116823985841749 1 0 1 0 2 0 0 2
-0.30856477496420615 1 0 1 0 2 0 2 0
0.0012287346259709521 1 0 1 0 2 0 2 3
0.0003793419342615857 1 0 1 0 2 0 3 2
0.003049251900118681 1 0 1 0 2 3 2 0
0.000294887142081889 1 0 1 0 2 3 2 3
9.63571253417161e-05 1 0 1 0 2 3 3 2
0.0005483711876898231 1 0 1 3 1 0 0 1
0.001228734625970952 1 0 1 3 1 0 1 0
0.0006781888551534126 1 0 1 3 1 0 1 3
-0.2240601170044757 1 0 1 3 1 0 3 1
0.00010081153767228443 1 0 1 3 1 3 0 1
0.0003000488739749945 1 0 1 3 1 3 1 0
0.002087226668130774 1 0 1 3 1 3 3 1
0.0005483711876898231 1 0 1 3 2 0 0 2
0.001228734625970952 1 0 1 3 2 0 2 0
0.0006781888551534122 1 0 1 3 2 0 2 3
-0.2240601170044757 1 0 1 3 2 0 3 2
0.00010081153767228421 1 0 1 3 2 3 0 2
0.00030004887397499494 1 0 1 3 2 3 2 0
0.002087226668130774 1 0 1 3 2 3 3 2
0.7203596416919399 1 0 2 0 1 0 0 2
-199.37673072160376 1 0 2 0 1 0 2 0
1.2257864728682264 1 0 2 0 1 0 2 3
0.988223514549406 1 0 2 0 1 0 3 2
-0.00842760914335203 1 0 2 0 1 3 0 2
3.838939325280767 1 0 2 0 1 3 2 0
0.2967111255348413 1 0 2 0 1 3 2 3
0.24190849449200863 1 0 2 0 1 3 3 2
-0.7203596416919399 1 0 2 0 2 0 0 1
199.37673072160376 1 0 2 0 2 0 1 0
-1.2257864728682266 1 0 2 0 2 0 1 3
-0.9882235145494062 1 0 2 0 2 0 3 1
0.00842760914335203 1 0 2 0 2 3 0 1
-3.8389393252807675 1 0 2 0 2 3 1 0
-0.29671112553484136 1 0 2 0 2 3 1 3
-0.24190849449200863 1 0 2 0 2 3 3 1
1.3339227275648213 1 0 2 3 1 0 0 2
1.2257864728682268 1 0 2 3 1 0 2 0
0.8366708144218322 1 0 2 3 1 0 2 3
-181.0615030901131 1 0 2 3 1 0 3 2
0.24346777207690476 1 0 2 3 1 3 0 2
0.299768810786761 1 0 2 3 1 3 2 0
-0.010249084926693674 1 0 2 3 1 3 2 3
3.4860402165518063 1 0 2 3 1 3 3 2
-1.3339227275648213 1 0 2 3 2 0 0 1
-1.2257864728682268 1 0 2 3 2 0 1 0
-0.8366708144218323 1 0 2 3 2 0 1 3
181.0615030901131 1 0 2 3 2 0 3 1
-0.24346777207690476 1 0 2 3 2 3 0 1
-0.299768810786761 1 0 2 3 2 3 1 0
0.010249084926693674 1 0 2 3 2 3 1 3
-3.4860402165518067 1 0 2 3 2 3 3 1
0.0013984942459539303 1 0 3 1 1 0 0 1
1.3339227275648213 1 0 3 1 1 0 1 0
0.7203596416919399 1 0 3 1 1 0 1 3
0.0006177029935435345 1 0 3 1 1 0 3 1
0.0002961103012267897 1 0 3 1 1 3 0 1
0.24347211845957564 1 0 3 1 1 3 1 0
-0.008427609143352029 1 0 3 1 1 3 1 3
0.0013984942459539303 1 0 3 1 2 0 0 2
1.3339227275648213 1 0 3 1 2 0 2 0
0.7203596416919399 1 0 3 1 2 0 2 3
0.0006177029935435343 1 0 3 1 2 0 3 2
0.0002961103012267897 1 0 3 1 2 3 0 2
0.2434721184595756 1 0 3 1 2 3 2 0
-0.008427609143352029 1 0 3 1 2 3 2 3
1.497479549435201 1 0 3 2 1 0 0 2
0.000548371187689822 1 0 3 2 1 0 2 0
0.0004116823985841748 1 0 3 2 1 0 2 3
0.7237902557396952 1 0 3 2 1 0 3 2
0.28174720623525734 1 0 3 2 1 3 0 2
9.646515500142491e-05 1 0 3 2 1 3 2 0
-0.009682640367583095 1 0 3 2 1 3 3 2
-1.4974795494352007 1 0 3 2 2 0 0 1
-0.000548371187689822 1 0 3 2 2 0 1 0
-0.00041168239858417437 1 0 3 2 2 0 1 3
-0.7237902557396954 1 0 3 2 2 0 3 1
-0.2817472062352573 1 0 3 2 2 3 0 1
-9.646515500142491e-05 1 0 3 2 2 3 1 0
0.009682640367583095 1 0 3 2 2 3 3 1
-0.5213999692267047 1 1 0 0 1 1 0 0
0.003100786917082133 1 1 0 0 1 1 0 3
-7.584971060497581e-05 1 1 0 0 1 1 1 1
-6.909471760353715e-05 1 1 0 0 1 1 2 2
0.0036972641591640765 1 1 0 0 1 1 3 0
0.0004070906177175772 1 1 0 0 1 1 3 3
-3.377496500719422e-06 1 1 0 0 1 2 1 2
-3.3774965007193832e-06 1 1 0 0 1 2 2 1
-3.3774965007193832e-06 1 1 0 0 2 1 1 2
-3.377496500719422e-06 1 1 0 0 2 1 2 1
-0.5213999692267047 1 1 0 0 2 2 0 0
0.003100786917082133 1 1 0 0 2 2 0 3
-6.909471760353715e-05 1 1 0 0 2 2 1 1
-7.584971060497581e-05 1 1 0 0 2 2 2 2
0.0036972641591640765 1 1 0 0 2 2 3 0
0.0004070906177175772 1 1 0 0 2 2 3 3
0.0031007869170821337 1 1 0 3 1 1 0 0
0.0008478146525917017 1 1 0 3 1 1 0 3
-0.0016353625351171602 1 1 0 3 1 1 1 1
-0.001602068058144196 1 1 0 3 1 1 2 2
0.0008224054840843655 1 1 0 3 1 1 3 0
-1.6647238486482358e-05 1 1 0 3 1 2 1 2
-1.6647238486482344e-05 1 1 0 3 1 2 2 1
-1.6647238486482344e-05 1 1 0 3 2 1 1 2
-1.6647238486482354e-05 1 1 0 3 2 1 2 1
0.003100786917082132 1 1 0 3 2 2 0 0
0.0008478146525917022 1 1 0 3 2 2 0 3
-0.001602068058144195 1 1 0 3 2 2 1 1
-0.0016353625351171594 1 1 0 3 2 2 2 2
0.000822405484084365 1 1 0 3 2 2 3 0
-0.0001315651162923611 1 1 1 1 1 1 0 0
-7.145394070301489e-08 1 1 1 1 1 1 2 2
-0.0016020680581441942 1 1 1 1 1 1 3 0
-6.909471760353715e-05 1 1 1 1 1 1 3 3
3.5726970351575705e-08 1 1 1 1 1 2 1 2
3.572697035156286e-08 1 1 1 1 1 2 2 1
3.572697035156286e-08 1 1 1 1 2 1 1 2
3.5726970351575705e-08 1 1 1 1 2 1 2 1
-0.0001315651162923611 1 1 1 1 2 2 0 0
-7.145394070301489e-08 1 1 1 1 2 2 1 1
-0.0016020680581441942 1 1 1 1 2 2 3 0
-6.909471760353715e-05 1 1 1 1 2 2 3 3
-0.00042563833015299955 1 1 1 2 1 1 1 2
0.00041524341242608475 1 1 1 2 1 1 2 1
5.197458863457564e-06 1 1 1 2 1 2 1 1
-5.19745886345756e-06 1 1 1 2 1 2 2 2
5.19745886345756e-06 1 1 1 2 2 1 1 1
-5.197458863457564e-06 1 1 1 2 2 1 2 2
-0.00041524341242608475 1 1 1 2 2 2 1 2
0.00042563833015299955 1 1 1 2 2 2 2 1
0.00041524341242608453 1 1 2 1 1 1 1 2
-0.0004293453655166223 1 1 2 1 1 1 2 1
7.050976545268876e-06 1 1 2 1 1 2 1 1
-7.05097654526891e-06 1 1 2 1 1 2 2 2
7.05097654526891e-06 1 1 2 1 2 1 1 1
-7.050976545268874e-06 1 1 2 1 2 1 2 2
0.0004293453655166223 1 1 2 1 2 2 1 2
-0.00041524341242608453 1 1 2 1 2 2 2 1
-0.00012287235095064257 1 1 2 2 1 1 0 0
-7.145394070301616e-08 1 1 2 2 1 1 1 1
-0.006101340004689867 1 1 2 2 1 1 2 2
-0.0016353625351171585 1 1 2 2 1 1 3 0
-7.584971060497581e-05 1 1 2 2 1 1 3 3
0.0030506342753745816 1 1 2 2 1 2 1 2
0.003050634275374578 1 1 2 2 1 2 2 1
0.0030506342753745816 1 1 2 2 2 1 1 2
0.003050634275374578 1 1 2 2 2 1 2 1
-0.00012287235095064257 1 1 2 2 2 2 0 0
-0.006101340004689867 1 1 2 2 2 2 1 1
-7.145394070301773e-08 1 1 2 2 2 2 2 2
-0.0016353625351171585 1 1 2 2 2 2 3 0
-7.584971060497581e-05 1 1 2 2 2 2 3 3
0.0036972641591640765 1 1 3 0 1 1 0 0
0.000822405484084365 1 1 3 0 1 1 0 3
0.0008387956472999665 1 1 3 0 1 1 3 0
0.0036972641591640765 1 1 3 0 2 2 0 0
0.000822405484084365 1 1 3 0 2 2 0 3
0.0008387956472999665 1 1 3 0 2 2 3 0
0.0004070906177175771 1 1 3 3 1 1 0 0
-0.00012287235095064235 1 1 3 3 1 1 1 1
-0.0001315651162923612 1 1 3 3 1 1 2 2
4.346382670859317e-06 1 1 3 3 1 2 1 2
4.346382670859339e-06 1 1 3 3 1 2 2 1
4.346382670859339e-06 1 1 3 3 2 1 1 2
4.346382670859317e-06 1 1 3 3 2 1 2 1
0.0004070906177175771 1 1 3 3 2 2 0 0
-0.0001315651162923612 1 1 3 3 2 2 1 1
-0.00012287235095064235 1 1 3 3 2 2 2 2
-372.18794341360086 1 2 0 0 1 2 0 0
4.380726081287474 1 2 0 0 1 2 0 3
-0.08025667605652116 1 2 0 0 1 2 1 1
-0.08025667605652118 1 2 0 0 1 2 2 2
5.279905495304014 1 2 0 0 1 2 3 0
0.5577830998940566 1 2 0 0 1 2 3 3
372.18794341360086 1 2 0 0 2 1 0 0
-4.380726081287474 1 2 0 0 2 1 0 3
0.08025667605652118 1 2 0 0 2 1 1 1
0.08025667605652116 1 2 0 0 2 1 2 2
-5.279905495304013 1 2 0 0 2 1 3 0
-0.5577830998940566 1 2 0 0 2 1 3 3
4.380726081287474 1 2 0 3 1 2 0 0
1.170581537226288 1 2 0 3 1 2 0 3
-2.305188354546214 1 2 0 3 1 2 1 1
-2.305188354546214 1 2 0 3 1 2 2 2
1.1408321604667393 1 2 0 3 1 2 3 0
-0.018352373975484164 1 2 0 3 1 2 3 3
-4.380726081287474 1 2 0 3 2 1 0 0
-1.1705815372262878 1 2 0 3 2 1 0 3
2.3051883545462135 1 2 0 3 2 1 1 1
2.3051883545462135 1 2 0 3 2 1 2 2
-1.1408321604667393 1 2 0 3 2 1 3 0
0.018352373975484164 1 2 0 3 2 1 3 3
5.197458863457533e-06 1 2 1 1 1 1 1 2
7.050976545268876e-06 1 2 1 1 1 1 2 1
-0.15788020623449325 1 2 1 1 1 2 0 0
-0.00015189706798063616 1 2 1 1 1 2 0 3
-2.4132741512284624e-05 1 2 1 1 1 2 1 1
-1.1884306103558254e-05 1 2 1 1 1 2 2 2
-2.305188354546215 1 2 1 1 1 2 3 0
-0.08025667605652118 1 2 1 1 1 2 3 3
0.15788020623449323 1 2 1 1 2 1 0 0
0.00015189706798063616 1 2 1 1 2 1 0 3
1.1884306103558254e-05 1 2 1 1 2 1 1 1
2.4132741512284624e-05 1 2 1 1 2 1 2 2
2.3051883545462144 1 2 1 1 2 1 3 0
0.08025667605652118 1 2 1 1 2 1 3 3
-7.050976545268852e-06 1 2 1 1 2 2 1 2
-5.197458863457553e-06 1 2 1 1 2 2 2 1
-4.346382670859358e-06 1 2 1 2 1 1 0 0
3.5726970351552697e-08 1 2 1 2 1 1 1 1
0.0030506342753745816 1 2 1 2 1 1 2 2
1.664723848648234e-05 1 2 1 2 1 1 3 0
3.3774965007193917e-06 1 2 1 2 1 1 3 3
-0.5860877748149833 1 2 1 2 1 2 1 2
0.5830371762665796 1 2 1 2 1 2 2 1
0.5830371762665796 1 2 1 2 2 1 1 2
-0.5860877748149834 1 2 1 2 2 1 2 1
-4.346382670859358e-06 1 2 1 2 2 2 0 0
0.0030506342753745816 1 2 1 2 2 2 1 1
3.572697035155333e-08 1 2 1 2 2 2 2 2
1.664723848648234e-05 1 2 1 2 2 2 3 0
3.3774965007193917e-06 1 2 1 2 2 2 3 3
-4.346382670859355e-06 1 2 2 1 1 1 0 0
3.5726970351547475e-08 1 2 2 1 1 1 1 1
0.003050634275374578 1 2 2 1 1 1 2 2
1.6647238486482344e-05 1 2 2 1 1 1 3 0
3.377496500719394e-06 1 2 2 1 1 1 3 3
0.5830371762665796 1 2 2 1 1 2 1 2
-0.5860877748149833 1 2 2 1 1 2 2 1
-0.5860877748149834 1 2 2 1 2 1 1 2
0.5830371762665795 1 2 2 1 2 1 2 1
-4.346382670859355e-06 1 2 2 1 2 2 0 0
0.00305063427537458 1 2 2 1 2 2 1 1
3.572697035156011e-08 1 2 2 1 2 2 2 2
1.6647238486482344e-05 1 2 2 1 2 2 3 0
3.377496500719394e-06 1 2 2 1 2 2 3 3
-5.197458863457503e-06 1 2 2 2 1 1 1 2
-7.050976545268905e-06 1 2 2 2 1 1 2 1
-0.15788020623449323 1 2 2 2 1 2 0 0
-0.00015189706798063616 1 2 2 2 1 2 0 3
-1.1884306103558221e-05 1 2 2 2 1 2 1 1
-2.4132741512284597e-05 1 2 2 2 1 2 2 2
-2.3051883545462144 1 2 2 2 1 2 3 0
-0.08025667605652116 1 2 2 2 1 2 3 3
0.1578802062344932 1 2 2 2 2 1 0 0
0.00015189706798063616 1 2 2 2 2 1 0 3
2.413274151228459e-05 1 2 2 2 2 1 1 1
1.1884306103558223e-05 1 2 2 2 2 1 2 2
2.305188354546214 1 2 2 2 2 1 3 0
0.08025667605652118 1 2 2 2 2 1 3 3
7.050976545268874e-06 1 2 2 2 2 2 1 2
5.197458863457537e-06 1 2 2 2 2 2 2 1
5.279905495304014 1 2 3 0 1 2 0 0
1.1408321604667395 1 2 3 0 1 2 0 3
-0.0001518970679806365 1 2 3 0 1 2 1 1
-0.0001518970679806365 1 2 3 0 1 2 2 2
1.142280321915601 1 2 3 0 1 2 3 0
-0.01843296015549162 1 2 3 0 1 2 3 3
-5.279905495304014 1 2 3 0 2 1 0 0
-1.1408321604667395 1 2 3 0 2 1 0 3
0.0001518970679806365 1 2 3 0 2 1 1 1
0.0001518970679806365 1 2 3 0 2 1 2 2
-1.142280321915601 1 2 3 0 2 1 3 0
0.01843296015549162 1 2 3 0 2 1 3 3
0.5577830998940566 1 2 3 3 1 2 0 0
-0.01835237397548416 1 2 3 3 1 2 0 3
-0.15788020623449323 1 2 3 3 1 2 1 1
-0.1578802062344932 1 2 3 3 1 2 2 2
-0.018432960155491618 1 2 3 3 1 2 3 0
-0.005064845956796177 1 2 3 3 1 2 3 3
-0.5577830998940566 1 2 3 3 2 1 0 0
0.01835237397548416 1 2 3 3 2 1 0 3
0.1578802062344932 1 2 3 3 2 1 1 1
0.15788020623449317 1 2 3 3 2 1 2 2
0.018432960155491618 1 2 3 3 2 1 3 0
0.005064845956796177 1 2 3 3 2 1 3 3
0.0028570219121583653 1 3 0 1 1 0 0 1
3.4860402165518063 1 3 0 1 1 0 1 0
0.24190849449200869 1 3 0 1 1 0 1 3
0.00029611030122678975 1 3 0 1 1 0 3 1
0.000818301542012291 1 3 0 1 1 3 0 1
0.9564200813012684 1 3 0 1 1 3 1 0
-0.00760271309721112 1 3 0 1 1 3 1 3
0.002857021912158366 1 3 0 1 2 0 0 2
3.4860402165518067 1 3 0 1 2 0 2 0
0.24190849449200869 1 3 0 1 2 0 2 3
0.00029611030122678975 1 3 0 1 2 0 3 2
0.0008183015420122918 1 3 0 1 2 3 0 2
0.9564200813012684 1 3 0 1 2 3 2 0
-0.00760271309721112 1 3 0 1 2 3 2 3
3.5538332400846735 1 3 0 2 1 0 0 2
0.0020872266681307714 1 3 0 2 1 0 2 0
9.635712534171621e-05 1 3 0 2 1 0 2 3
0.2817472062352574 1 3 0 2 1 0 3 2
0.9752153939375696 1 3 0 2 1 3 0 2
0.0006096228462544138 1 3 0 2 1 3 2 0
-0.009846027619086685 1 3 0 2 1 3 3 2
-3.553833240084674 1 3 0 2 2 0 0 1
-0.0020872266681307714 1 3 0 2 2 0 1 0
-9.635712534171621e-05 1 3 0 2 2 0 1 3
-0.28174720623525734 1 3 0 2 2 0 3 1
-0.9752153939375696 1 3 0 2 2 3 0 1
-0.0006096228462544138 1 3 0 2 2 3 1 0
0.009846027619086685 1 3 0 2 2 3 3 1
0.0030492519001186786 1 3 1 0 1 0 1 0
0.00030004887397499494 1 3 1 0 1 0 1 3
9.973462184243527e-05 1 3 1 0 1 0 3 1
0.0008723179081216569 1 3 1 0 1 3 1 0
0.0030492519001186786 1 3 1 0 2 0 2 0
0.00030004887397499494 1 3 1 0 2 0 2 3
9.973462184243527e-05 1 3 1 0 2 0 3 2
0.0008723179081216561 1 3 1 0 2 3 2 0
9.646515500142511e-05 1 3 1 3 1 0 0 1
0.000294887142081889 1 3 1 3 1 0 1 0
0.0021038739066172544 1 3 1 3 1 0 3 1
0.0006096228462544135 1 3 1 3 1 3 3 1
9.646515500142511e-05 1 3 1 3 2 0 0 2
0.000294887142081889 1 3 1 3 2 0 2 0
0.0021038739066172544 1 3 1 3 2 0 3 2
0.0006096228462544135 1 3 1 3 2 3 3 2
-0.00842760914335203 1 3 2 0 1 0 0 2
3.8389393252807675 1 3 2 0 1 0 2 0
0.29976881078676104 1 3 2 0 1 0 2 3
0.24190511699550798 1 3 2 0 1 0 3 2
-0.002288921666413876 1 3 2 0 1 3 0 2
1.0531045346115349 1 3 2 0 1 3 2 0
-0.009401937952086813 1 3 2 0 1 3 2 3
-0.00760271309721112 1 3 2 0 1 3 3 2
0.00842760914335203 1 3 2 0 2 0 0 1
-3.8389393252807675 1 3 2 0 2 0 1 0
-0.29976881078676115 1 3 2 0 2 0 1 3
-0.24190511699550798 1 3 2 0 2 0 3 1
0.0022889216664138765 1 3 2 0 2 3 0 1
-1.0531045346115349 1 3 2 0 2 3 1 0
0.009401937952086813 1 3 2 0 2 3 1 3
0.00760271309721112 1 3 2 0 2 3 3 1
0.24347211845957556 1 3 2 3 1 0 0 2
0.2967111255348413 1 3 2 3 1 0 2 0
-0.010249084926693674 1 3 2 3 1 0 2 3
3.4860235693133195 1 3 2 3 1 0 3 2
-0.008644488730885597 1 3 2 3 1 3 0 2
-0.009401937952086813 1 3 2 3 1 3 2 0
-0.00283644106789088 1 3 2 3 1 3 2 3
0.9564200813012684 1 3 2 3 1 3 3 2
-0.24347211845957556 1 3 2 3 2 0 0 1
-0.29671112553484136 1 3 2 3 2 0 1 0
0.010249084926693674 1 3 2 3 2 0 1 3
-3.486023569313319 1 3 2 3 2 0 3 1
0.008644488730885597 1 3 2 3 2 3 0 1
0.009401937952086813 1 3 2 3 2 3 1 0
0.00283644106789088 1 3 2 3 2 3 1 3
-0.9564200813012684 1 3 2 3 2 3 3 1
0.0002890950516518723 1 3 3 1 1 0 0 1
0.24346777207690468 1 3 3 1 1 0 1 0
-0.008427609143352029 1 3 3 1 1 0 1 3
-0.008644488730885597 1 3 3 1 1 3 1 0
-0.0022889216664138765 1 3 3 1 1 3 1 3
0.0002890950516518723 1 3 3 1 2 0 0 2
0.24346777207690468 1 3 3 1 2 0 2 0
-0.008427609143352029 1 3 3 1 2 0 2 3
-0.008644488730885597 1 3 3 1 2 3 2 0
-0.0022889216664138765 1 3 3 1 2 3 2 3
0.27869137450101933 1 3 3 2 1 0 0 2
0.000100811537672284 1 3 3 2 1 0 2 0
-0.009682640367583095 1 3 3 2 1 0 3 2
-0.009846027619086685 1 3 3 2 1 3 0 2
-0.002525452420420399 1 3 3 2 1 3 3 2
-0.2786913745010193 1 3 3 2 2 0 0 1
-0.000100811537672284 1 3 3 2 2 0 1 0
0.009682640367583095 1 3 3 2 2 0 3 1
0.009846027619086685 1 3 3 2 2 3 0 1
0.002525452420420399 1 3 3 2 2 3 3 1
184.63873921079912 2 0 0 1 1 0 0 2
0.22406011700447576 2 0 0 1 1 0 2 0
-0.00037934193426158525 2 0 0 1 1 0 2 3
-1.4974795494352007 2 0 0 1 1 0 3 2
-3.5538332400846735 2 0 0 1 1 3 0 2
-0.0021038739066172574 2 0 0 1 1 3 2 0
-9.973462184243538e-05 2 0 0 1 1 3 2 3
-0.27869137450101933 2 0 0 1 1 3 3 2
-184.63873921079914 2 0 0 1 2 0 0 1
-0.22406011700447584 2 0 0 1 2 0 1 0
0.0003793419342615848 2 0 0 1 2 0 1 3
1.4974795494352007 2 0 0 1 2 0 3 1
3.553833240084674 2 0 0 1 2 3 0 1
0.0021038739066172574 2 0 0 1 2 3 1 0
9.973462184243516e-05 2 0 0 1 2 3 1 3
0.27869137450101933 2 0 0 1 2 3 3 1
-0.28874464864309796 2 0 0 2 1 0 0 1
-181.0615030901131 2 0 0 2 1 0 1 0
0.988223514549406 2 0 0 2 1 0 1 3
0.001398494245953931 2 0 0 2 1 0 3 1
0.002857021912158369 2 0 0 2 1 3 0 1
3.4860235693133195 2 0 0 2 1 3 1 0
0.24190511699550793 2 0 0 2 1 3 1 3
0.0002890950516518722 2 0 0 2 1 3 3 1
-0.288744648643098 2 0 0 2 2 0 0 2
-181.06150309011312 2 0 0 2 2 0 2 0
0.9882235145494063 2 0 0 2 2 0 2 3
0.00139849424595393 2 0 0 2 2 0 3 2
0.002857021912158369 2 0 0 2 2 3 0 2
3.486023569313319 2 0 0 2 2 3 2 0
0.24190511699550793 2 0 0 2 2 3 2 3
0.0002890950516518722 2 0 0 2 2 3 3 2
-0.7203596416919399 2 0 1 0 1 0 0 2
199.37673072160376 2 0 1 0 1 0 2 0
-1.2257864728682266 2 0 1 0 1 0 2 3
-0.9882235145494062 2 0 1 0 1 0 3 2
0.00842760914335203 2 0 1 0 1 3 0 2
-3.8389393252807675 2 0 1 0 1 3 2 0
-0.2967111255348413 2 0 1 0 1 3 2 3
-0.24190849449200863 2 0 1 0 1 3 3 2
0.7203596416919399 2 0 1 0 2 0 0 1
-199.37673072160374 2 0 1 0 2 0 1 0
1.2257864728682268 2 0 1 0 2 0 1 3
0.988223514549406 2 0 1 0 2 0 3 1
-0.00842760914335203 2 0 1 0 2 3 0 1
3.8389393252807675 2 0 1 0 2 3 1 0
0.29671112553484136 2 0 1 0 2 3 1 3
0.24190849449200863 2 0 1 0 2 3 3 1
-1.3339227275648213 2 0 1 3 1 0 0 2
-1.225786472868227 2 0 1 3 1 0 2 0
-0.8366708144218323 2 0 1 3 1 0 2 3
181.0615030901131 2 0 1 3 1 0 3 2
-0.24346777207690476 2 0 1 3 1 3 0 2
-0.299768810786761 2 0 1 3 1 3 2 0
0.010249084926693674 2 0 1 3 1 3 2 3
-3.4860402165518063 2 0 1 3 1 3 3 2
1.3339227275648213 2 0 1 3 2 0 0 1
1.225786472868227 2 0 1 3 2 0 1 0
0.8366708144218324 2 0 1 3 2 0 1 3
-181.0615030901131 2 0 1 3 2 0 3 1
0.24346777207690476 2 0 1 3 2 3 0 1
0.2997688107867611 2 0 1 3 2 3 1 0
-0.010249084926693674 2 0 1 3 2 3 1 3
3.4860402165518067 2 0 1 3 2 3 3 1
0.0004116823985841745 2 0 2 0 1 0 0 1
-0.3085647749642062 2 0 2 0 1 0 1 0
0.0012287346259709521 2 0 2 0 1 0 1 3
0.0003793419342615857 2 0 2 0 1 0 3 1
0.003049251900118681 2 0 2 0 1 3 1 0
0.000294887142081889 2 0 2 0 1 3 1 3
9.63571253417161e-05 2 0 2 0 1 3 3 1
0.0004116823985841745 2 0 2 0 2 0 0 2
-0.30856477496420615 2 0 2 0 2 0 2 0
0.0012287346259709521 2 0 2 0 2 0 2 3
0.0003793419342615857 2 0 2 0 2 0 3 2
0.003049251900118681 2 0 2 0 2 3 2 0
0.000294887142081889 2 0 2 0 2 3 2 3
9.63571253417161e-05 2 0 2 0 2 3 3 2
0.0005483711876898231 2 0 2 3 1 0 0 1
0.001228734625970952 2 0 2 3 1 0 1 0
0.0006781888551534126 2 0 2 3 1 0 1 3
-0.22406011700447578 2 0 2 3 1 0 3 1
0.00010081153767228421 2 0 2 3 1 3 0 1
0.00030004887397499494 2 0 2 3 1 3 1 0
0.002087226668130773 2 0 2 3 1 3 3 1
0.0005483711876898231 2 0 2 3 2 0 0 2
0.001228734625970952 2 0 2 3 2 0 2 0
0.0006781888551534126 2 0 2 3 2 0 2 3
-0.22406011700447578 2 0 2 3 2 0 3 2
0.00010081153767228421 2 0 2 3 2 3 0 2
0.00030004887397499494 2 0 2 3 2 3 2 0
0.002087226668130774 2 0 2 3 2 3 3 2
-1.4974795494352007 2 0 3 1 1 0 0 2
-0.000548371187689822 2 0 3 1 1 0 2 0
-0.0004116823985841748 2 0 3 1 1 0 2 3
-0.7237902557396952 2 0 3 1 1 0 3 2
-0.28174720623525723 2 0 3 1 1 3 0 2
-9.646515500142491e-05 2 0 3 1 1 3 2 0
0.009682640367583095 2 0 3 1 1 3 3 2
1.4974795494352005 2 0 3 1 2 0 0 1
0.0005483711876898229 2 0 3 1 2 0 1 0
0.00041168239858417437 2 0 3 1 2 0 1 3
0.7237902557396955 2 0 3 1 2 0 3 1
0.2817472062352573 2 0 3 1 2 3 0 1
9.646515500142491e-05 2 0 3 1 2 3 1 0
-0.009682640367583095 2 0 3 1 2 3 3 1
0.0013984942459539303 2 0 3 2 1 0 0 1
1.3339227275648213 2 0 3 2 1 0 1 0
0.7203596416919399 2 0 3 2 1 0 1 3
0.0006177029935435345 2 0 3 2 1 0 3 1
0.0002961103012267897 2 0 3 2 1 3 0 1
0.24347211845957561 2 0 3 2 1 3 1 0
-0.008427609143352029 2 0 3 2 1 3 1 3
0.0013984942459539303 2 0 3 2 2 0 0 2
1.3339227275648216 2 0 3 2 2 0 2 0
0.7203596416919399 2 0 3 2 2 0 2 3
0.0006177029935435347 2 0 3 2 2 0 3 2
0.0002961103012267897 2 0 3 2 2 3 0 2
0.24347211845957561 2 0 3 2 2 3 2 0
-0.008427609143352029 2 0 3 2 2 3 2 3
372.18794341360086 2 1 0 0 1 2 0 0
-4.380726081287474 2 1 0 0 1 2 0 3
0.08025667605652118 2 1 0 0 1 2 1 1
0.08025667605652116 2 1 0 0 1 2 2 2
-5.279905495304013 2 1 0 0 1 2 3 0
-0.5577830998940566 2 1 0 0 1 2 3 3
-372.1879434136009 2 1 0 0 2 1 0 0
4.380726081287475 2 1 0 0 2 1 0 3
-0.08025667605652119 2 1 0 0 2 1 1 1
-0.08025667605652118 2 1 0 0 2 1 2 2
5.279905495304013 2 1 0 0 2 1 3 0
0.5577830998940567 2 1 0 0 2 1 3 3
-4.380726081287474 2 1 0 3 1 2 0 0
-1.1705815372262878 2 1 0 3 1 2 0 3
2.3051883545462135 2 1 0 3 1 2 1 1
2.3051883545462135 2 1 0 3 1 2 2 2
-1.1408321604667393 2 1 0 3 1 2 3 0
0.018352373975484164 2 1 0 3 1 2 3 3
4.380726081287474 2 1 0 3 2 1 0 0
1.1705815372262878 2 1 0 3 2 1 0 3
-2.305188354546213 2 1 0 3 2 1 1 1
-2.305188354546213 2 1 0 3 2 1 2 2
1.1408321604667393 2 1 0 3 2 1 3 0
-0.018352373975484164 2 1 0 3 2 1 3 3
5.197458863457555e-06 2 1 1 1 1 1 1 2
7.050976545268853e-06 2 1 1 1 1 1 2 1
0.15788020623449323 2 1 1 1 1 2 0 0
0.00015189706798063616 2 1 1 1 1 2 0 3
1.1884306103558254e-05 2 1 1 1 1 2 1 1
2.4132741512284624e-05 2 1 1 1 1 2 2 2
2.3051883545462144 2 1 1 1 1 2 3 0
0.08025667605652118 2 1 1 1 1 2 3 3
-0.1578802062344932 2 1 1 1 2 1 0 0
-0.00015189706798063616 2 1 1 1 2 1 0 3
-2.4132741512284624e-05 2 1 1 1 2 1 1 1
-1.1884306103558255e-05 2 1 1 1 2 1 2 2
-2.305188354546214 2 1 1 1 2 1 3 0
-0.08025667605652118 2 1 1 1 2 1 3 3
-7.050976545268877e-06 2 1 1 1 2 2 1 2
-5.197458863457534e-06 2 1 1 1 2 2 2 1
-4.346382670859358e-06 2 1 1 2 1 1 0 0
3.572697035155276e-08 2 1 1 2 1 1 1 1
0.0030506342753745816 2 1 1 2 1 1 2 2
1.6647238486482338e-05 2 1 1 2 1 1 3 0
3.3774965007193917e-06 2 1 1 2 1 1 3 3
0.5830371762665795 2 1 1 2 1 2 1 2
-0.5860877748149834 2 1 1 2 1 2 2 1
-0.5860877748149835 2 1 1 2 2 1 1 2
0.5830371762665794 2 1 1 2 2 1 2 1
-4.346382670859358e-06 2 1 1 2 2 2 0 0
0.0030506342753745816 2 1 1 2 2 2 1 1
3.572697035155333e-08 2 1 1 2 2 2 2 2
1.6647238486482338e-05 2 1 1 2 2 2 3 0
3.3774965007193917e-06 2 1 1 2 2 2 3 3
-4.3463826708592646e-06 2 1 2 1 1 1 0 0
3.572697035156103e-08 2 1 2 1 1 1 1 1
0.003050634275374578 2 1 2 1 1 1 2 2
1.664723848648234e-05 2 1 2 1 1 1 3 0
3.3774965007194053e-06 2 1 2 1 1 1 3 3
-0.5860877748149834 2 1 2 1 1 2 1 2
0.5830371762665794 2 1 2 1 1 2 2 1
0.5830371762665794 2 1 2 1 2 1 1 2
-0.5860877748149835 2 1 2 1 2 1 2 1
-4.3463826708592646e-06 2 1 2 1 2 2 0 0
0.00305063427537458 2 1 2 1 2 2 1 1
3.5726970351546556e-08 2 1 2 1 2 2 2 2
1.664723848648234e-05 2 1 2 1 2 2 3 0
3.3774965007194053e-06 2 1 2 1 2 2 3 3
-5.19745886345755e-06 2 1 2 2 1 1 1 2
-7.050976545268856e-06 2 1 2 2 1 1 2 1
0.1578802062344932 2 1 2 2 1 2 0 0
0.00015189706798063616 2 1 2 2 1 2 0 3
2.413274151228461e-05 2 1 2 2 1 2 1 1
1.1884306103558238e-05 2 1 2 2 1 2 2 2
2.305188354546214 2 1 2 2 1 2 3 0
0.08025667605652116 2 1 2 2 1 2 3 3
-0.1578802062344932 2 1 2 2 2 1 0 0
-0.00015189706798063616 2 1 2 2 2 1 0 3
-1.1884306103558238e-05 2 1 2 2 2 1 1 1
-2.4132741512284604e-05 2 1 2 2 2 1 2 2
-2.3051883545462135 2 1 2 2 2 1 3 0
-0.08025667605652118 2 1 2 2 2 1 3 3
7.05097654526889e-06 2 1 2 2 2 2 1 2
5.197458863457516e-06 2 1 2 2 2 2 2 1
-5.279905495304014 2 1 3 0 1 2 0 0
-1.1408321604667395 2 1 3 0 1 2 0 3
0.0001518970679806365 2 1 3 0 1 2 1 1
0.0001518970679806365 2 1 3 0 1 2 2 2
-1.142280321915601 2 1 3 0 1 2 3 0
0.01843296015549162 2 1 3 0 1 2 3 3
5.279905495304013 2 1 3 0 2 1 0 0
1.1408321604667395 2 1 3 0 2 1 0 3
-0.0001518970679806365 2 1 3 0 2 1 1 1
-0.0001518970679806365 2 1 3 0 2 1 2 2
1.1422803219156012 2 1 3 0 2 1 3 0
-0.01843296015549162 2 1 3 0 2 1 3 3
-0.5577830998940566 2 1 3 3 1 2 0 0
0.01835237397548416 2 1 3 3 1 2 0 3
0.1578802062344932 2 1 3 3 1 2 1 1
0.15788020623449317 2 1 3 3 1 2 2 2
0.018432960155491618 2 1 3 3 1 2 3 0
0.005064845956796177 2 1 3 3 1 2 3 3
0.5577830998940567 2 1 3 3 2 1 0 0
-0.01835237397548416 2 1 3 3 2 1 0 3
-0.15788020623449317 2 1 3 3 2 1 1 1
-0.15788020623449317 2 1 3 3 2 1 2 2
-0.018432960155491618 2 1 3 3 2 1 3 0
-0.005064845956796177 2 1 3 3 2 1 3 3
-0.5213999692267047 2 2 0 0 1 1 0 0
0.003100786917082133 2 2 0 0 1 1 0 3
-7.58497106049757e-05 2 2 0 0 1 1 1 1
-6.909471760353715e-05 2 2 0 0 1 1 2 2
0.0036972641591640765 2 2 0 0 1 1 3 0
0.0004070906177175772 2 2 0 0 1 1 3 3
-3.3774965007194027e-06 2 2 0 0 1 2 1 2
-3.3774965007194273e-06 2 2 0 0 1 2 2 1
-3.3774965007194273e-06 2 2 0 0 2 1 1 2
-3.3774965007194027e-06 2 2 0 0 2 1 2 1
-0.5213999692267048 2 2 0 0 2 2 0 0
0.003100786917082133 2 2 0 0 2 2 0 3
-6.909471760353715e-05 2 2 0 0 2 2 1 1
-7.58497106049757e-05 2 2 0 0 2 2 2 2
0.0036972641591640765 2 2 0 0 2 2 3 0
0.0004070906177175772 2 2 0 0 2 2 3 3
0.0031007869170821337 2 2 0 3 1 1 0 0
0.0008478146525917017 2 2 0 3 1 1 0 3
-0.0016353625351171602 2 2 0 3 1 1 1 1
-0.001602068058144196 2 2 0 3 1 1 2 2
0.000822405484084365 2 2 0 3 1 1 3 0
-1.6647238486482317e-05 2 2 0 3 1 2 1 2
-1.6647238486482344e-05 2 2 0 3 1 2 2 1
-1.6647238486482344e-05 2 2 0 3 2 1 1 2
-1.6647238486482317e-05 2 2 0 3 2 1 2 1
0.0031007869170821337 2 2 0 3 2 2 0 0
0.0008478146525917017 2 2 0 3 2 2 0 3
-0.001602068058144196 2 2 0 3 2 2 1 1
-0.0016353625351171602 2 2 0 3 2 2 2 2
0.000822405484084365 2 2 0 3 2 2 3 0
-0.00012287235095064246 2 2 1 1 1 1 0 0
-7.145394070301915e-08 2 2 1 1 1 1 1 1
-0.006101340004689867 2 2 1 1 1 1 2 2
-0.0016353625351171585 2 2 1 1 1 1 3 0
-7.584971060497581e-05 2 2 1 1 1 1 3 3
0.00305063427537458 2 2 1 1 1 2 1 2
0.0030506342753745816 2 2 1 1 1 2 2 1
0.00305063427537458 2 2 1 1 2 1 1 2
0.0030506342753745816 2 2 1 1 2 1 2 1
-0.00012287235095064257 2 2 1 1 2 2 0 0
-0.00610134000468987 2 2 1 1 2 2 1 1
-7.145394070301773e-08 2 2 1 1 2 2 2 2
-0.0016353625351171585 2 2 1 1 2 2 3 0
-7.584971060497581e-05 2 2 1 1 2 2 3 3
-0.00041524341242608475 2 2 1 2 1 1 1 2
0.0004293453655166221 2 2 1 2 1 1 2 1
-7.050976545268835e-06 2 2 1 2 1 2 1 1
7.050976545268895e-06 2 2 1 2 1 2 2 2
-7.050976545268895e-06 2 2 1 2 2 1 1 1
7.050976545268835e-06 2 2 1 2 2 1 2 2
-0.0004293453655166221 2 2 1 2 2 2 1 2
0.00041524341242608453 2 2 1 2 2 2 2 1
0.00042563833015299933 2 2 2 1 1 1 1 2
-0.00041524341242608453 2 2 2 1 1 1 2 1
-5.197458863457559e-06 2 2 2 1 1 2 1 1
5.197458863457531e-06 2 2 2 1 1 2 2 2
-5.197458863457531e-06 2 2 2 1 2 1 1 1
5.197458863457503e-06 2 2 2 1 2 1 2 2
0.0004152434124260843 2 2 2 1 2 2 1 2
-0.00042563833015299933 2 2 2 1 2 2 2 1
-0.0001315651162923611 2 2 2 2 1 1 0 0
-7.145394070301717e-08 2 2 2 2 1 1 2 2
-0.0016020680581441942 2 2 2 2 1 1 3 0
-6.909471760353715e-05 2 2 2 2 1 1 3 3
3.572697035157903e-08 2 2 2 2 1 2 1 2
3.5726970351538085e-08 2 2 2 2 1 2 2 1
3.5726970351538085e-08 2 2 2 2 2 1 1 2
3.572697035157903e-08 2 2 2 2 2 1 2 1
-0.00013156511629236099 2 2 2 2 2 2 0 0
-7.145394070301717e-08 2 2 2 2 2 2 1 1
-0.0016020680581441942 2 2 2 2 2 2 3 0
-6.909471760353715e-05 2 2 2 2 2 2 3 3
0.0036972641591640765 2 2 3 0 1 1 0 0
0.000822405484084365 2 2 3 0 1 1 0 3
0.0008387956472999656 2 2 3 0 1 1 3 0
0.0036972641591640765 2 2 3 0 2 2 0 0
0.000822405484084365 2 2 3 0 2 2 0 3
0.0008387956472999656 2 2 3 0 2 2 3 0
0.0004070906177175771 2 2 3 3 1 1 0 0
-0.00012287235095064257 2 2 3 3 1 1 1 1
-0.0001315651162923612 2 2 3 3 1 1 2 2
4.34638267085936e-06 2 2 3 3 1 2 1 2
4.3463826708593594e-06 2 2 3 3 1 2 2 1
4.3463826708593594e-06 2 2 3 3 2 1 1 2
4.34638267085936e-06 2 2 3 3 2 1 2 1
0.0004070906177175771 2 2 3 3 2 2 0 0
-0.0001315651162923611 2 2 3 3 2 2 1 1
-0.00012287235095064235 2 2 3 3 2 2 2 2
-3.553833240084674 2 3 0 1 1 0 0 2
-0.0020872266681307714 2 3 0 1 1 0 2 0
-9.635712534171621e-05 2 3 0 1 1 0 2 3
-0.2817472062352574 2 3 0 1 1 0 3 2
-0.9752153939375696 2 3 0 1 1 3 0 2
-0.0006096228462544146 2 3 0 1 1 3 2 0
0.009846027619086685 2 3 0 1 1 3 3 2
3.5538332400846735 2 3 0 1 2 0 0 1
0.0020872266681307714 2 3 0 1 2 0 1 0
9.63571253417161e-05 2 3 0 1 2 0 1 3
0.28174720623525734 2 3 0 1 2 0 3 1
0.9752153939375696 2 3 0 1 2 3 0 1
0.0006096228462544146 2 3 0 1 2 3 1 0
-0.009846027619086685 2 3 0 1 2 3 3 1
0.0028570219121583657 2 3 0 2 1 0 0 1
3.4860402165518063 2 3 0 2 1 0 1 0
0.24190849449200869 2 3 0 2 1 0 1 3
0.00029611030122678975 2 3 0 2 1 0 3 1
0.000818301542012291 2 3 0 2 1 3 0 1
0.9564200813012684 2 3 0 2 1 3 1 0
-0.007602713097211121 2 3 0 2 1 3 1 3
0.0028570219121583657 2 3 0 2 2 0 0 2
3.4860402165518067 2 3 0 2 2 0 2 0
0.24190849449200869 2 3 0 2 2 0 2 3
0.00029611030122678986 2 3 0 2 2 0 3 2
0.000818301542012291 2 3 0 2 2 3 0 2
0.9564200813012685 2 3 0 2 2 3 2 0
-0.007602713097211121 2 3 0 2 2 3 2 3
0.00842760914335203 2 3 1 0 1 0 0 2
-3.8389393252807675 2 3 1 0 1 0 2 0
-0.29976881078676104 2 3 1 0 1 0 2 3
-0.24190511699550798 2 3 1 0 1 0 3 2
0.002288921666413877 2 3 1 0 1 3 0 2
-1.0531045346115349 2 3 1 0 1 3 2 0
0.009401937952086813 2 3 1 0 1 3 2 3
0.00760271309721112 2 3 1 0 1 3 3 2
-0.00842760914335203 2 3 1 0 2 0 0 1
3.8389393252807675 2 3 1 0 2 0 1 0
0.29976881078676115 2 3 1 0 2 0 1 3
0.24190511699550798 2 3 1 0 2 0 3 1
-0.0022889216664138765 2 3 1 0 2 3 0 1
1.0531045346115349 2 3 1 0 2 3 1 0
-0.009401937952086813 2 3 1 0 2 3 1 3
-0.00760271309721112 2 3 1 0 2 3 3 1
-0.24347211845957556 2 3 1 3 1 0 0 2
-0.29671112553484136 2 3 1 3 1 0 2 0
0.010249084926693672 2 3 1 3 1 0 2 3
-3.4860235693133195 2 3 1 3 1 0 3 2
0.008644488730885597 2 3 1 3 1 3 0 2
0.009401937952086813 2 3 1 3 1 3 2 0
0.00283644106789088 2 3 1 3 1 3 2 3
-0.9564200813012684 2 3 1 3 1 3 3 2
0.2434721184595755 2 3 1 3 2 0 0 1
0.2967111255348414 2 3 1 3 2 0 1 0
-0.010249084926693672 2 3 1 3 2 0 1 3
3.486023569313319 2 3 1 3 2 0 3 1
-0.008644488730885597 2 3 1 3 2 3 0 1
-0.009401937952086813 2 3 1 3 2 3 1 0
-0.00283644106789088 2 3 1 3 2 3 1 3
0.9564200813012684 2 3 1 3 2 3 3 1
0.0030492519001186795 2 3 2 0 1 0 1 0
0.00030004887397499494 2 3 2 0 1 0 1 3
9.973462184243527e-05 2 3 2 0 1 0 3 1
0.0008723179081216569 2 3 2 0 1 3 1 0
0.0030492519001186795 2 3 2 0 2 0 2 0
0.00030004887397499483 2 3 2 0 2 0 2 3
9.973462184243549e-05 2 3 2 0 2 0 3 2
0.0008723179081216569 2 3 2 0 2 3 2 0
9.646515500142511e-05 2 3 2 3 1 0 0 1
0.000294887142081889 2 3 2 3 1 0 1 0
0.0021038739066172544 2 3 2 3 1 0 3 1
0.0006096228462544144 2 3 2 3 1 3 3 1
9.646515500142511e-05 2 3 2 3 2 0 0 2
0.000294887142081889 2 3 2 3 2 0 2 0
0.0021038739066172544 2 3 2 3 2 0 3 2
0.000609622846254414 2 3 2 3 2 3 3 2
-0.2786913745010193 2 3 3 1 1 0 0 2
-0.000100811537672284 2 3 3 1 1 0 2 0
0.009682640367583095 2 3 3 1 1 0 3 2
0.009846027619086685 2 3 3 1 1 3 0 2
0.0025254524204203987 2 3 3 1 1 3 3 2
0.2786913745010192 2 3 3 1 2 0 0 1
0.000100811537672284 2 3 3 1 2 0 1 0
-0.009682640367583095 2 3 3 1 2 0 3 1
-0.009846027619086685 2 3 3 1 2 3 0 1
-0.0025254524204203987 2 3 3 1 2 3 3 1
0.0002890950516518721 2 3 3 2 1 0 0 1
0.2434677720769047 2 3 3 2 1 0 1 0
-0.00842760914335203 2 3 3 2 1 0 1 3
-0.008644488730885597 2 3 3 2 1 3 1 0
-0.0022889216664138765 2 3 3 2 1 3 1 3
0.0002890950516518721 2 3 3 2 2 0 0 2
0.2434677720769047 2 3 3 2 2 0 2 0
-0.00842760914335203 2 3 3 2 2 0 2 3
-0.008644488730885597 2 3 3 2 2 3 2 0
-0.0022889216664138765 2 3 3 2 2 3 2 3
24864.863599258286 3 0 0 0 0 0 0 0
3567.560338323382 3 0 0 0 0 0 0 3
50.78947258033118 3 0 0 0 0 0 1 1
50.78947258033118 3 0 0 0 0 0 2 2
3707.619495184344 3 0 0 0 0 0 3 0
-115.84988474124236 3 0 0 0 0 0 3 3
5506.712435400584 3 0 0 0 0 3 0 0
-214.87546946530566 3 0 0 0 0 3 0 3
11.3764775505041 3 0 0 0 0 3 1 1
11.3764775505041 3 0 0 0 0 3 2 2
-236.47954739063556 3 0 0 0 0 3 3 0
-24.64697949098018 3 0 0 0 0 3 3 3
6251.08832222779 3 0 0 0 3 0 0 0
-223.63692162788072 3 0 0 0 3 0 0 3
11.536990902617147 3 0 0 0 3 0 1 1
11.536990902617147 3 0 0 0 3 0 2 2
-247.03935838124372 3 0 0 0 3 0 3 0
-25.76254569076831 3 0 0 0 3 0 3 3
-351.63131618872086 3 0 0 0 3 3 0 0
-49.243529798440925 3 0 0 0 3 3 0 3
-0.706244590439804 3 0 0 0 3 3 1 1
-0.706244590439804 3 0 0 0 3 3 2 2
-51.42517503954698 3 0 0 0 3 3 3 0
1.3559773155585093 3 0 0 0 3 3 3 3
3382.6328544639427 3 0 0 3 0 0 0 0
-167.11438777609948 3 0 0 3 0 0 0 3
-1877.990293073525 3 0 0 3 0 0 1 1
-1877.990293073525 3 0 0 3 0 0 2 2
-176.56445400714946 3 0 0 3 0 0 3 0
-28.109140897628514 3 0 0 3 0 0 3 3
-214.87546946530563 3 0 0 3 0 3 0 0
-38.358226896759646 3 0 0 3 0 3 0 3
111.40424988214338 3 0 0 3 0 3 1 1
111.40424988214339 3 0 0 3 0 3 2 2
-38.81591075404564 3 0 0 3 0 3 3 0
1.2226641822975994 3 0 0 3 0 3 3 3
-223.63692162788075 3 0 0 3 3 0 0 0
-40.699389971212206 3 0 0 3 3 0 0 3
116.01462659123592 3 0 0 3 3 0 1 1
116.01462659123592 3 0 0 3 3 0 2 2
-41.09757507497912 3 0 0 3 3 0 3 0
1.259368930248568 3 0 0 3 3 0 3 3
-50.21956349392049 3 0 0 3 3 3 0 0
1.8854396979283674 3 0 0 3 3 3 0 3
25.08647539228494 3 0 0 3 3 3 1 1
25.08647539228494 3 0 0 3 3 3 2 2
1.9910520239628169 3 0 0 3 3 3 3 0
0.29184988391191696 3 0 0 3 3 3 3 3
60.728364232364804 3 0 1 1 0 0 0 0
-1.3927280053050095 3 0 1 1 0 0 0 3
0.0009508726770751032 3 0 1 1 0 0 1 1
0.0009508726770751034 3 0 1 1 0 0 2 2
-1696.704729866407 3 0 1 1 0 0 3 0
49.800869723847505 3 0 1 1 0 0 3 3
13.030518772464164 3 0 1 1 0 3 0 0
-0.1566092645367958 3 0 1 1 0 3 0 3
0.00024343424198692388 3 0 1 1 0 3 1 1
0.00024343424198692385 3 0 1 1 0 3 2 2
111.40424988214338 3 0 1 1 0 3 3 0
11.376477550504099 3 0 1 1 0 3 3 3
13.346279184933152 3 0 1 1 3 0 0 0
-0.15630547040083453 3 0 1 1 3 0 0 3
0.0002794512896027704 3 0 1 1 3 0 1 1
0.0002794512896027704 3 0 1 1 3 0 2 2
116.01462659123592 3 0 1 1 3 0 3 0
11.536990902617145 3 0 1 1 3 0 3 3
-0.8128039367169697 3 0 1 1 3 3 0 0
-0.0371355841404186 3 0 1 1 3 3 0 3
26.04350509643248 3 0 1 1 3 3 3 0
-0.7138473035370152 3 0 1 1 3 3 3 3
62.212496436911096 3 0 1 2 0 0 1 2
-62.212496436911096 3 0 1 2 0 0 2 1
14.165624981839635 3 0 1 2 0 3 1 2
-14.165624981839635 3 0 1 2 0 3 2 1
15.334749932921198 3 0 1 2 3 0 1 2
-15.334749932921198 3 0 1 2 3 0 2 1
-0.6252286807852205 3 0 1 2 3 3 1 2
0.6252286807852205 3 0 1 2 3 3 2 1
-62.212496436911096 3 0 2 1 0 0 1 2
62.212496436911096 3 0 2 1 0 0 2 1
-14.165624981839635 3 0 2 1 0 3 1 2
14.165624981839635 3 0 2 1 0 3 2 1
-15.334749932921198 3 0 2 1 3 0 1 2
15.334749932921202 3 0 2 1 3 0 2 1
0.6252286807852206 3 0 2 1 3 3 1 2
-0.6252286807852206 3 0 2 1 3 3 2 1
60.7283642323648 3 0 2 2 0 0 0 0
-1.3927280053050095 3 0 2 2 0 0 0 3
0.0009508726770751043 3 0 2 2 0 0 1 1
0.0009508726770751045 3 0 2 2 0 0 2 2
-1696.7047298664072 3 0 2 2 0 0 3 0
49.80086972384751 3 0 2 2 0 0 3 3
13.030518772464163 3 0 2 2 0 3 0 0
-0.15660926453679583 3 0 2 2 0 3 0 3
0.00024343424198692388 3 0 2 2 0 3 1 1
0.00024343424198692385 3 0 2 2 0 3 2 2
111.40424988214336 3 0 2 2 0 3 3 0
11.376477550504099 3 0 2 2 0 3 3 3
13.34627918493315 3 0 2 2 3 0 0 0
-0.1563054704008345 3 0 2 2 3 0 0 3
0.00027945128960277156 3 0 2 2 3 0 1 1
0.00027945128960276707 3 0 2 2 3 0 2 2
116.01462659123594 3 0 2 2 3 0 3 0
11.536990902617145 3 0 2 2 3 0 3 3
-0.8128039367169697 3 0 2 2 3 3 0 0
-0.037135584140418613 3 0 2 2 3 3 0 3
26.04350509643248 3 0 2 2 3 3 3 0
-0.7138473035370152 3 0 2 2 3 3 3 3
3507.9341996877765 3 0 3 0 0 0 0 0
-176.83631684333636 3 0 3 0 0 0 0 3
-0.671956681214485 3 0 3 0 0 0 1 1
-0.671956681214485 3 0 3 0 0 0 2 2
-188.9303926280968 3 0 3 0 0 0 3 0
-27.18502645609533 3 0 3 0 0 0 3 3
-236.4795473906356 3 0 3 0 0 3 0 0
-38.81591075404562 3 0 3 0 0 3 0 3
-0.15660926453679583 3 0 3 0 0 3 1 1
-0.15660926453679583 3 0 3 0 0 3 2 2
-39.70428482397077 3 0 3 0 0 3 3 0
1.2426411367810177 3 0 3 0 0 3 3 3
-247.03935838124377 3 0 3 0 3 0 0 0
-41.09757507497912 3 0 3 0 3 0 0 3
-0.15630547040083456 3 0 3 0 3 0 1 1
-0.15630547040083456 3 0 3 0 3 0 2 2
-41.98884546780197 3 0 3 0 3 0 3 0
1.2795070570920015 3 0 3 0 3 0 3 3
-52.479151892066646 3 0 3 0 3 3 0 0
1.9906079342958172 3 0 3 0 3 3 0 3
-0.034846662474004725 3 0 3 0 3 3 1 1
-0.034846662474004725 3 0 3 0 3 3 2 2
2.117566540537509 3 0 3 0 3 3 3 0
0.2906642245809117 3 0 3 0 3 3 3 3
-113.12399149006704 3 0 3 3 0 0 0 0
-27.271791894351544 3 0 3 3 0 0 0 3
62.062835331117306 3 0 3 3 0 0 1 1
62.062835331117306 3 0 3 3 0 0 2 2
-26.46061849736209 3 0 3 3 0 0 3 0
1.1226643243640966 3 0 3 3 0 0 3 3
-24.646979490980193 3 0 3 3 0 3 0 0
1.2226641822975994 3 0 3 3 0 3 0 3
13.030518772464166 3 0 3 3 0 3 1 1
13.030518772464164 3 0 3 3 0 3 2 2
1.2426411367810177 3 0 3 3 0 3 3 0
0.26159285982489 3 0 3 3 0 3 3 3
-25.76254569076831 3 0 3 3 3 0 0 0
1.259368930248568 3 0 3 3 3 0 0 3
13.346279184933152 3 0 3 3 3 0 1 1
13.346279184933152 3 0 3 3 3 0 2 2
1.2795070570920013 3 0 3 3 3 0 3 0
0.2717225517384824 3 0 3 3 3 0 3 3
1.3752252811296832 3 0 3 3 3 3 0 0
0.29468632497980785 3 0 3 3 3 3 0 3
-0.8041594479860843 3 0 3 3 3 3 1 1
-0.8041594479860843 3 0 3 3 3 3 2 2
0.293189677001332 3 0 3 3 3 3 3 0
0.0028570219121583675 3 1 0 1 0 1 0 1
3.4860402165518076 3 1 0 1 0 1 1 0
0.24190849449200866 3 1 0 1 0 1 1 3
0.00029611030122678953 3 1 0 1 0 1 3 1
0.0028570219121583675 3 1 0 1 0 2 0 2
3.486040216551808 3 1 0 1 0 2 2 0
0.24190849449200869 3 1 0 1 0 2 2 3
0.0002961103012267895 3 1 0 1 0 2 3 2
0.0008183015420122897 3 1 0 1 3 1 0 1
0.9564200813012683 3 1 0 1 3 1 1 0
-0.0076027130972111225 3 1 0 1 3 1 1 3
0.0008183015420122897 3 1 0 1 3 2 0 2
0.9564200813012683 3 1 0 1 3 2 2 0
-0.0076027130972111225 3 1 0 1 3 2 2 3
3.553833240084675 3 1 0 2 0 1 0 2
0.002087226668130773 3 1 0 2 0 1 2 0
9.635712534171606e-05 3 1 0 2 0 1 2 3
0.28174720623525734 3 1 0 2 0 1 3 2
-3.553833240084675 3 1 0 2 0 2 0 1
-0.002087226668130773 3 1 0 2 0 2 1 0
-9.63571253417161e-05 3 1 0 2 0 2 1 3
-0.28174720623525734 3 1 0 2 0 2 3 1
0.9752153939375696 3 1 0 2 3 1 0 2
0.0006096228462544131 3 1 0 2 3 1 2 0
-0.009846027619086687 3 1 0 2 3 1 3 2
-0.9752153939375696 3 1 0 2 3 2 0 1
-0.0006096228462544131 3 1 0 2 3 2 1 0
0.009846027619086687 3 1 0 2 3 2 3 1
0.003049251900118677 3 1 1 0 0 1 1 0
0.0003000488739749947 3 1 1 0 0 1 1 3
9.97346218424356e-05 3 1 1 0 0 1 3 1
0.003049251900118677 3 1 1 0 0 2 2 0
0.0003000488739749947 3 1 1 0 0 2 2 3
9.973462184243549e-05 3 1 1 0 0 2 3 2
0.0008723179081216548 3 1 1 0 3 1 1 0
0.0008723179081216548 3 1 1 0 3 2 2 0
9.646515500142502e-05 3 1 1 3 0 1 0 1
0.00029488714208188903 3 1 1 3 0 1 1 0
0.002103873906617255 3 1 1 3 0 1 3 1
9.646515500142502e-05 3 1 1 3 0 2 0 2
0.000294887142081889 3 1 1 3 0 2 2 0
0.002103873906617255 3 1 1 3 0 2 3 2
0.0006096228462544144 3 1 1 3 3 1 3 1
0.0006096228462544127 3 1 1 3 3 2 3 2
-0.008427609143352034 3 1 2 0 0 1 0 2
3.838939325280769 3 1 2 0 0 1 2 0
0.29976881078676093 3 1 2 0 0 1 2 3
0.241905116995508 3 1 2 0 0 1 3 2
0.008427609143352034 3 1 2 0 0 2 0 1
-3.838939325280769 3 1 2 0 0 2 1 0
-0.29976881078676093 3 1 2 0 0 2 1 3
-0.241905116995508 3 1 2 0 0 2 3 1
-0.002288921666413877 3 1 2 0 3 1 0 2
1.0531045346115346 3 1 2 0 3 1 2 0
-0.009401937952086815 3 1 2 0 3 1 2 3
-0.007602713097211123 3 1 2 0 3 1 3 2
0.0022889216664138765 3 1 2 0 3 2 0 1
-1.0531045346115349 3 1 2 0 3 2 1 0
0.009401937952086815 3 1 2 0 3 2 1 3
0.007602713097211123 3 1 2 0 3 2 3 1
0.2434721184595755 3 1 2 3 0 1 0 2
0.29671112553484125 3 1 2 3 0 1 2 0
-0.010249084926693675 3 1 2 3 0 1 2 3
3.486023569313321 3 1 2 3 0 1 3 2
-0.24347211845957548 3 1 2 3 0 2 0 1
-0.2967111255348413 3 1 2 3 0 2 1 0
0.010249084926693675 3 1 2 3 0 2 1 3
-3.4860235693133204 3 1 2 3 0 2 3 1
-0.008644488730885599 3 1 2 3 3 1 0 2
-0.009401937952086815 3 1 2 3 3 1 2 0
-0.002836441067890881 3 1 2 3 3 1 2 3
0.9564200813012683 3 1 2 3 3 1 3 2
0.008644488730885599 3 1 2 3 3 2 0 1
0.009401937952086815 3 1 2 3 3 2 1 0
0.002836441067890881 3 1 2 3 3 2 1 3
-0.9564200813012683 3 1 2 3 3 2 3 1
0.0002890950516518724 3 1 3 1 0 1 0 1
0.2434677720769047 3 1 3 1 0 1 1 0
-0.00842760914335203 3 1 3 1 0 1 1 3
0.0002890950516518725 3 1 3 1 0 2 0 2
0.2434677720769047 3 1 3 1 0 2 2 0
-0.00842760914335203 3 1 3 1 0 2 2 3
-0.008644488730885597 3 1 3 1 3 1 1 0
-0.002288921666413877 3 1 3 1 3 1 1 3
-0.008644488730885597 3 1 3 1 3 2 2 0
-0.0022889216664138774 3 1 3 1 3 2 2 3
0.2786913745010194 3 1 3 2 0 1 0 2
0.00010081153767228404 3 1 3 2 0 1 2 0
-0.009682640367583093 3 1 3 2 0 1 3 2
-0.27869137450101933 3 1 3 2 0 2 0 1
-0.00010081153767228404 3 1 3 2 0 2 1 0
0.009682640367583093 3 1 3 2 0 2 3 1
-0.009846027619086687 3 1 3 2 3 1 0 2
-0.002525452420420399 3 1 3 2 3 1 3 2
0.009846027619086687 3 1 3 2 3 2 0 1
0.0025254524204203987 3 1 3 2 3 2 3 1
-3.553833240084675 3 2 0 1 0 1 0 2
-0.002087226668130773 3 2 0 1 0 1 2 0
-9.635712534171608e-05 3 2 0 1 0 1 2 3
-0.2817472062352573 3 2 0 1 0 1 3 2
3.553833240084675 3 2 0 1 0 2 0 1
0.002087226668130773 3 2 0 1 0 2 1 0
9.63571253417161e-05 3 2 0 1 0 2 1 3
0.2817472062352573 3 2 0 1 0 2 3 1
-0.9752153939375696 3 2 0 1 3 1 0 2
-0.0006096228462544131 3 2 0 1 3 1 2 0
0.009846027619086685 3 2 0 1 3 1 3 2
0.9752153939375696 3 2 0 1 3 2 0 1
0.0006096228462544131 3 2 0 1 3 2 1 0
-0.009846027619086685 3 2 0 1 3 2 3 1
0.0028570219121583666 3 2 0 2 0 1 0 1
3.4860402165518076 3 2 0 2 0 1 1 0
0.24190849449200863 3 2 0 2 0 1 1 3
0.0002961103012267896 3 2 0 2 0 1 3 1
0.0028570219121583675 3 2 0 2 0 2 0 2
3.486040216551808 3 2 0 2 0 2 2 0
0.24190849449200866 3 2 0 2 0 2 2 3
0.0002961103012267896 3 2 0 2 0 2 3 2
0.0008183015420122914 3 2 0 2 3 1 0 1
0.9564200813012683 3 2 0 2 3 1 1 0
-0.007602713097211122 3 2 0 2 3 1 1 3
0.0008183015420122905 3 2 0 2 3 2 0 2
0.9564200813012684 3 2 0 2 3 2 2 0
-0.007602713097211122 3 2 0 2 3 2 2 3
0.008427609143352034 3 2 1 0 0 1 0 2
-3.838939325280769 3 2 1 0 0 1 2 0
-0.29976881078676093 3 2 1 0 0 1 2 3
-0.241905116995508 3 2 1 0 0 1 3 2
-0.008427609143352034 3 2 1 0 0 2 0 1
3.838939325280769 3 2 1 0 0 2 1 0
0.299768810786761 3 2 1 0 0 2 1 3
0.241905116995508 3 2 1 0 0 2 3 1
0.0022889216664138765 3 2 1 0 3 1 0 2
-1.0531045346115346 3 2 1 0 3 1 2 0
0.009401937952086815 3 2 1 0 3 1 2 3
0.007602713097211123 3 2 1 0 3 1 3 2
-0.0022889216664138765 3 2 1 0 3 2 0 1
1.0531045346115349 3 2 1 0 3 2 1 0
-0.009401937952086815 3 2 1 0 3 2 1 3
-0.007602713097211123 3 2 1 0 3 2 3 1
-0.24347211845957548 3 2 1 3 0 1 0 2
-0.2967111255348413 3 2 1 3 0 1 2 0
0.010249084926693675 3 2 1 3 0 1 2 3
-3.486023569313321 3 2 1 3 0 1 3 2
0.24347211845957548 3 2 1 3 0 2 0 1
0.29671112553484125 3 2 1 3 0 2 1 0
-0.010249084926693675 3 2 1 3 0 2 1 3
3.4860235693133204 3 2 1 3 0 2 3 1
0.008644488730885599 3 2 1 3 3 1 0 2
0.009401937952086815 3 2 1 3 3 1 2 0
0.0028364410678908803 3 2 1 3 3 1 2 3
-0.9564200813012683 3 2 1 3 3 1 3 2
-0.008644488730885599 3 2 1 3 3 2 0 1
-0.009401937952086815 3 2 1 3 3 2 1 0
-0.0028364410678908803 3 2 1 3 3 2 1 3
0.9564200813012683 3 2 1 3 3 2 3 1
0.0030492519001186777 3 2 2 0 0 1 1 0
0.0003000488739749948 3 2 2 0 0 1 1 3
9.97346218424355e-05 3 2 2 0 0 1 3 1
0.0030492519001186795 3 2 2 0 0 2 2 0
0.0003000488739749947 3 2 2 0 0 2 2 3
9.973462184243551e-05 3 2 2 0 0 2 3 2
0.0008723179081216556 3 2 2 0 3 1 1 0
0.0008723179081216565 3 2 2 0 3 2 2 0
9.646515500142492e-05 3 2 2 3 0 1 0 1
0.0002948871420818891 3 2 2 3 0 1 1 0
0.0021038739066172553 3 2 2 3 0 1 3 1
9.646515500142496e-05 3 2 2 3 0 2 0 2
0.0002948871420818891 3 2 2 3 0 2 2 0
0.0021038739066172553 3 2 2 3 0 2 3 2
0.0006096228462544135 3 2 2 3 3 1 3 1
0.0006096228462544144 3 2 2 3 3 2 3 2
-0.27869137450101933 3 2 3 1 0 1 0 2
-0.00010081153767228406 3 2 3 1 0 1 2 0
0.009682640367583092 3 2 3 1 0 1 3 2
0.27869137450101933 3 2 3 1 0 2 0 1
0.00010081153767228405 3 2 3 1 0 2 1 0
-0.009682640367583092 3 2 3 1 0 2 3 1
0.009846027619086687 3 2 3 1 3 1 0 2
0.0025254524204203982 3 2 3 1 3 1 3 2
-0.009846027619086687 3 2 3 1 3 2 0 1
-0.0025254524204203982 3 2 3 1 3 2 3 1
0.00028909505165187213 3 2 3 2 0 1 0 1
0.2434677720769047 3 2 3 2 0 1 1 0
-0.00842760914335203 3 2 3 2 0 1 1 3
0.00028909505165187235 3 2 3 2 0 2 0 2
0.2434677720769047 3 2 3 2 0 2 2 0
-0.00842760914335203 3 2 3 2 0 2 2 3
-0.008644488730885597 3 2 3 2 3 1 1 0
-0.002288921666413877 3 2 3 2 3 1 1 3
-0.008644488730885597 3 2 3 2 3 2 2 0
-0.0022889216664138765 3 2 3 2 3 2 2 3
5134.00309201775 3 3 0 0 0 0 0 0
-214.04833285909774 3 3 0 0 0 0 0 3
11.538153253850835 3 3 0 0 0 0 1 1
11.538153253850835 3 3 0 0 0 0 2 2
-235.03793320835328 3 3 0 0 0 0 3 0
-24.67090147666562 3 3 0 0 0 0 3 3
-351.6313161887208 3 3 0 0 0 3 0 0
-50.21956349392048 3 3 0 0 0 3 0 3
-0.7138473035370152 3 3 0 0 0 3 1 1
-0.7138473035370152 3 3 0 0 0 3 2 2
-52.47915189206664 3 3 0 0 0 3 3 0
1.375225281129683 3 3 0 0 0 3 3 3
-351.63131618872075 3 3 0 0 3 0 0 0
-50.21956349392049 3 3 0 0 3 0 0 3
-0.7138473035370152 3 3 0 0 3 0 1 1
-0.7138473035370152 3 3 0 0 3 0 2 2
-52.47915189206663 3 3 0 0 3 0 3 0
1.375225281129683 3 3 0 0 3 0 3 3
-81.21806386424711 3 3 0 0 3 3 0 0
2.6607437841286723 3 3 0 0 3 3 0 3
-0.17385970543849177 3 3 0 0 3 3 1 1
-0.17385970543849177 3 3 0 0 3 3 2 2
2.8778837692802575 3 3 0 0 3 3 3 0
0.32472552019324574 3 3 0 0 3 3 3 3
-206.93495233510416 3 3 0 3 0 0 0 0
-37.18679754488076 3 3 0 3 0 0 0 3
112.5855702555205 3 3 0 3 0 0 1 1
112.5855702555205 3 3 0 3 0 0 2 2
-37.689218884235224 3 3 0 3 0 0 3 0
1.2145608932488088 3 3 0 3 0 0 3 3
-49.24352979844093 3 3 0 3 0 3 0 0
1.885439697928367 3 3 0 3 0 3 0 3
26.043505096432476 3 3 0 3 0 3 1 1
26.043505096432476 3 3 0 3 0 3 2 2
1.990607934295817 3 3 0 3 0 3 3 0
0.2946863249798079 3 3 0 3 0 3 3 3
-49.24352979844093 3 3 0 3 3 0 0 0
1.8854396979283676 3 3 0 3 3 0 0 3
26.043505096432476 3 3 0 3 3 0 1 1
26.043505096432476 3 3 0 3 3 0 2 2
1.9906079342958172 3 3 0 3 3 0 3 0
0.2946863249798079 3 3 0 3 3 0 3 3
2.6607437841286727 3 3 0 3 3 3 0 0
0.4642221288150888 3 3 0 3 3 3 0 3
-1.36994227029331 3 3 0 3 3 3 1 1
-1.36994227029331 3 3 0 3 3 3 2 2
0.477849303225482 3 3 0 3 3 3 3 0
12.628942763881478 3 3 1 1 0 0 0 0
-0.1483335524614244 3 3 1 1 0 0 0 3
0.00023147848194267012 3 3 1 1 0 0 1 1
0.00023147848194267012 3 3 1 1 0 0 2 2
105.60931536908062 3 3 1 1 0 0 3 0
11.054143550616123 3 3 1 1 0 0 3 3
-0.8041594479860842 3 3 1 1 0 3 0 0
-0.034846662474004725 3 3 1 1 0 3 0 3
25.08647539228494 3 3 1 1 0 3 3 0
-0.7062445904398041 3 3 1 1 0 3 3 3
-0.8041594479860842 3 3 1 1 3 0 0 0
-0.03484666247400474 3 3 1 1 3 0 0 3
25.086475392284942 3 3 1 1 3 0 3 0
-0.7062445904398041 3 3 1 1 3 0 3 3
-0.19176246806466785 3 3 1 1 3 3 0 0
-1.36994227029331 3 3 1 1 3 3 3 0
-0.17385970543849175 3 3 1 1 3 3 3 3
13.582172562160633 3 3 1 2 0 0 1 2
-13.582172562160633 3 3 1 2 0 0 2 1
-0.6252286807852205 3 3 1 2 0 3 1 2
0.6252286807852205 3 3 1 2 0 3 2 1
-0.6252286807852204 3 3 1 2 3 0 1 2
0.6252286807852204 3 3 1 2 3 0 2 1
-0.15312378303223614 3 3 1 2 3 3 1 2
0.15312378303223614 3 3 1 2 3 3 2 1
-13.582172562160633 3 3 2 1 0 0 1 2
13.582172562160633 3 3 2 1 0 0 2 1
0.6252286807852205 3 3 2 1 0 3 1 2
-0.6252286807852205 3 3 2 1 0 3 2 1
0.6252286807852205 3 3 2 1 3 0 1 2
-0.6252286807852205 3 3 2 1 3 0 2 1
0.15312378303223614 3 3 2 1 3 3 1 2
-0.15312378303223614 3 3 2 1 3 3 2 1
12.628942763881472 3 3 2 2 0 0 0 0
-0.1483335524614244 3 3 2 2 0 0 0 3
0.00023147848194267023 3 3 2 2 0 0 1 1
0.00023147848194267023 3 3 2 2 0 0 2 2
105.60931536908062 3 3 2 2 0 0 3 0
11.054143550616123 3 3 2 2 0 0 3 3
-0.8041594479860842 3 3 2 2 0 3 0 0
-0.034846662474004725 3 3 2 2 0 3 0 3
25.086475392284935 3 3 2 2 0 3 3 0
-0.7062445904398041 3 3 2 2 0 3 3 3
-0.8041594479860842 3 3 2 2 3 0 0 0
-0.03484666247400473 3 3 2 2 3 0 0 3
25.08647539228494 3 3 2 2 3 0 3 0
-0.7062445904398041 3 3 2 2 3 0 3 3
-0.19176246806466785 3 3 2 2 3 3 0 0
-1.36994227029331 3 3 2 2 3 3 3 0
-0.17385970543849175 3 3 2 2 3 3 3 3
-227.3539560539914 3 3 3 0 0 0 0 0
-37.65316779798671 3 3 3 0 0 0 0 3
-0.16518877074812854 3 3 3 0 0 0 1 1
-0.16518877074812854 3 3 3 0 0 0 2 2
-38.56116570640786 3 3 3 0 0 0 3 0
1.2338908169931093 3 3 3 0 0 0 3 3
-51.42517503954698 3 3 3 0 0 3 0 0
1.9910520239628167 3 3 3 0 0 3 0 3
-0.0371355841404186 3 3 3 0 0 3 1 1
-0.0371355841404186 3 3 3 0 0 3 2 2
2.1175665405375086 3 3 3 0 0 3 3 0
0.2931896770013321 3 3 3 0 0 3 3 3
-51.42517503954697 3 3 3 0 3 0 0 0
1.991052023962817 3 3 3 0 3 0 0 3
-0.0371355841404186 3 3 3 0 3 0 1 1
-0.0371355841404186 3 3 3 0 3 0 2 2
2.1175665405375086 3 3 3 0 3 0 3 0
0.293189677001332 3 3 3 0 3 0 3 3
2.8778837692802566 3 3 3 0 3 3 0 0
0.47784930322548197 3 3 3 0 3 3 0 3
0.49551884150984693 3 3 3 0 3 3 3 0
-23.512802818238832 3 3 3 3 0 0 0 0
1.1940627233954215 3 3 3 3 0 0 0 3
13.116079931110624 3 3 3 3 0 0 1 1
13.116079931110622 3 3 3 3 0 0 2 2
1.2145255362579432 3 3 3 3 0 0 3 0
0.2565280138680939 3 3 3 3 0 0 3 3
1.3559773155585093 3 3 3 3 0 3 0 0
0.291849883911917 3 3 3 3 0 3 0 3
-0.8128039367169697 3 3 3 3 0 3 1 1
-0.8128039367169697 3 3 3 3 0 3 2 2
0.2906642245809116 3 3 3 3 0 3 3 0
1.3559773155585095 3 3 3 3 3 0 0 0
0.29184988391191696 3 3 3 3 3 0 0 3
-0.8128039367169698 3 3 3 3 3 0 1 1
-0.8128039367169698 3 3 3 3 3 0 2 2
0.2906642245809117 3 3 3 3 3 0 3 0
0.3247255201932458 3 3 3 3 3 3 0 0
-0.19176246806466787 3 3 3 3 3 3 1 1
-0.19176246806466787 3 3 3 3 3 3 2 2
