-876965.110025321 0 0 0 0 0 0 0 0
15199.540786750815 0 0 0 0 0 0 0 3
-125.65818614304818 0 0 0 0 0 0 1 1
-125.65818614304818 0 0 0 0 0 0 2 2
17649.288228244674 0 0 0 0 0 0 3 0
1661.558227033184 0 0 0 0 0 0 3 3
24850.733268375687 0 0 0 0 0 3 0 0
3290.2374005112943 0 0 0 0 0 3 0 3
51.36497130248546 0 0 0 0 0 3 1 1
51.36497130248546 0 0 0 0 0 3 2 2
3432.1889069665153 0 0 0 0 0 3 3 0
-102.84844755304903 0 0 0 0 0 3 3 3
24850.73326837572 0 0 0 0 3 0 0 0
3290.2374005112956 0 0 0 0 3 0 0 3
51.36497130248548 0 0 0 0 3 0 1 1
51.36497130248548 0 0 0 0 3 0 2 2
3432.1889069665167 0 0 0 0 3 0 3 0
-102.84844755304911 0 0 0 0 3 0 3 3
5137.769106900152 0 0 0 0 3 3 0 0
-203.29469991199477 0 0 0 0 3 3 0 3
11.281198054248756 0 0 0 0 3 3 1 1
11.281198054248758 0 0 0 0 3 3 2 2
-220.82052974306552 0 0 0 0 3 3 3 0
-21.22342682754603 0 0 0 0 3 3 3 3
15199.540786750811 0 0 0 3 0 0 0 0
3792.052768625147 0 0 0 3 0 0 0 3
-8357.818414990967 0 0 0 3 0 0 1 1
-8357.818414990967 0 0 0 3 0 0 2 2
3703.448767646794 0 0 0 3 0 0 3 0
-118.38621142674067 0 0 0 3 0 0 3 3
3472.266464131933 0 0 0 3 0 3 0 0
-162.45440465182176 0 0 0 3 0 3 0 3
-1779.3098023113384 0 0 0 3 0 3 1 1
-1779.3098023113387 0 0 0 3 0 3 2 2
-170.4513627736468 0 0 0 3 0 3 3 0
-25.37382238464733 0 0 0 3 0 3 3 3
3472.2664641319325 0 0 0 3 3 0 0 0
-162.45440465182185 0 0 0 3 3 0 0 3
-1779.3098023113391 0 0 0 3 3 0 1 1
-1779.309802311339 0 0 0 3 3 0 2 2
-170.45136277364685 0 0 0 3 3 0 3 0
-25.373822384647333 0 0 0 3 3 0 3 3
-210.28958421705678 0 0 0 3 3 3 0 0
-35.594281211930294 0 0 0 3 3 3 0 3
110.46603882910485 0 0 0 3 3 3 1 1
110.46603882910486 0 0 0 3 3 3 2 2
-36.21895126931664 0 0 0 3 3 3 3 0
1.100870376207077 0 0 0 3 3 3 3 3
-376.2752618465694 0 0 1 1 0 0 0 0
-6.436541137348648 0 0 1 1 0 0 0 3
-0.0477921860811333 0 0 1 1 0 0 1 1
-0.0477921860811333 0 0 1 1 0 0 2 2
-8357.818414990961 0 0 1 1 0 0 3 0
-125.65818614304818 0 0 1 1 0 0 3 3
62.56751364603186 0 0 1 1 0 3 0 0
-1.446242626044293 0 0 1 1 0 3 0 3
0.0005265489430705331 0 0 1 1 0 3 1 1
0.0005265489430705331 0 0 1 1 0 3 2 2
-1963.0576686241955 0 0 1 1 0 3 3 0
52.35381943411534 0 0 1 1 0 3 3 3
62.56751364603189 0 0 1 1 3 0 0 0
-1.4462426260442944 0 0 1 1 3 0 0 3
0.000526548943070547 0 0 1 1 3 0 1 1
0.000526548943070547 0 0 1 1 3 0 2 2
-1963.057668624196 0 0 1 1 3 0 3 0
52.353819434115366 0 0 1 1 3 0 3 3
13.33101141591019 0 0 1 1 3 3 0 0
-0.13340671637787818 0 0 1 1 3 3 0 3
0.00012907102206434658 0 0 1 1 3 3 1 1
0.0001290710220643483 0 0 1 1 3 3 2 2
117.52875491896773 0 0 1 1 3 3 3 0
11.735693125960893 0 0 1 1 3 3 3 3
-2041.8427484275317 0 0 1 2 0 0 1 2
2041.8427484275317 0 0 1 2 0 0 2 1
66.30606651602095 0 0 1 2 0 3 1 2
-66.30606651602095 0 0 1 2 0 3 2 1
66.30606651602099 0 0 1 2 3 0 1 2
-66.30606651602099 0 0 1 2 3 0 2 1
14.508694585539784 0 0 1 2 3 3 1 2
-14.508694585539784 0 0 1 2 3 3 2 1
2041.8427484275321 0 0 2 1 0 0 1 2
-2041.8427484275317 0 0 2 1 0 0 2 1
-66.30606651602095 0 0 2 1 0 3 1 2
66.30606651602096 0 0 2 1 0 3 2 1
-66.30606651602099 0 0 2 1 3 0 1 2
66.30606651602099 0 0 2 1 3 0 2 1
-14.508694585539786 0 0 2 1 3 3 1 2
14.508694585539786 0 0 2 1 3 3 2 1
-376.2752618465694 0 0 2 2 0 0 0 0
-6.436541137348646 0 0 2 2 0 0 0 3
-0.0477921860811333 0 0 2 2 0 0 1 1
-0.0477921860811333 0 0 2 2 0 0 2 2
-8357.818414990963 0 0 2 2 0 0 3 0
-125.65818614304816 0 0 2 2 0 0 3 3
62.56751364603186 0 0 2 2 0 3 0 0
-1.446242626044293 0 0 2 2 0 3 0 3
0.0005265489430705331 0 0 2 2 0 3 1 1
0.00052654894307054 0 0 2 2 0 3 2 2
-1963.0576686241964 0 0 2 2 0 3 3 0
52.353819434115344 0 0 2 2 0 3 3 3
62.567513646031884 0 0 2 2 3 0 0 0
-1.4462426260442944 0 0 2 2 3 0 0 3
0.0005265489430705539 0 0 2 2 3 0 1 1
0.000526548943070547 0 0 2 2 3 0 2 2
-1963.0576686241964 0 0 2 2 3 0 3 0
52.353819434115366 0 0 2 2 3 0 3 3
13.331011415910194 0 0 2 2 3 3 0 0
-0.13340671637787818 0 0 2 2 3 3 0 3
0.00012907102206434658 0 0 2 2 3 3 1 1
0.00012907102206434658 0 0 2 2 3 3 2 2
117.52875491896775 0 0 2 2 3 3 3 0
11.735693125960895 0 0 2 2 3 3 3 3
17649.288228244666 0 0 3 0 0 0 0 0
3703.4487676467925 0 0 3 0 0 0 0 3
-6.4365411373486445 0 0 3 0 0 0 1 1
-6.4365411373486445 0 0 3 0 0 0 2 2
3672.47362572608 0 0 3 0 0 0 3 0
-117.51544756942236 0 0 3 0 0 0 3 3
3628.984248258298 0 0 3 0 0 3 0 0
-170.28614478161646 0 0 3 0 0 3 0 3
-2.179599386268601 0 0 3 0 0 3 1 1
-2.179599386268601 0 0 3 0 0 3 2 2
-180.1751823072469 0 0 3 0 0 3 3 0
-24.636792781022248 0 0 3 0 0 3 3 3
3628.9842482582985 0 0 3 0 3 0 0 0
-170.28614478161654 0 0 3 0 3 0 0 3
-2.179599386268602 0 0 3 0 3 0 1 1
-2.179599386268602 0 0 3 0 3 0 2 2
-180.17518230724698 0 0 3 0 3 0 3 0
-24.63679278102226 0 0 3 0 3 0 3 3
-228.38481075764358 0 0 3 0 3 3 0 0
-36.250899875228846 0 0 3 0 3 3 0 3
-0.11650180787801216 0 0 3 0 3 3 1 1
-0.11650180787801216 0 0 3 0 3 3 2 2
-37.169207811680906 0 0 3 0 3 3 3 0
1.112238189212293 0 0 3 0 3 3 3 3
1661.5582270331843 0 0 3 3 0 0 0 0
-118.38621142674066 0 0 3 3 0 0 0 3
-376.2752618465693 0 0 3 3 0 0 1 1
-376.2752618465693 0 0 3 3 0 0 2 2
-117.51544756942236 0 0 3 3 0 0 3 0
-31.204750023900214 0 0 3 3 0 0 3 3
-105.27587387228611 0 0 3 3 0 3 0 0
-26.190614785632263 0 0 3 3 0 3 0 3
61.33142785260581 0 0 3 3 0 3 1 1
61.33142785260581 0 0 3 3 0 3 2 2
-25.349215874465997 0 0 3 3 0 3 3 0
1.051004829816822 0 0 3 3 0 3 3 3
-105.27587387228618 0 0 3 3 3 0 0 0
-26.19061478563227 0 0 3 3 3 0 0 3
61.33142785260583 0 0 3 3 3 0 1 1
61.33142785260582 0 0 3 3 3 0 2 2
-25.349215874466005 0 0 3 3 3 0 3 0
1.0510048298168224 0 0 3 3 3 0 3 3
-22.231880221678836 0 0 3 3 3 3 0 0
1.12006173149965 0 0 3 3 3 3 0 3
12.87203357264784 0 0 3 3 3 3 1 1
12.872033572647839 0 0 3 3 3 3 2 2
1.1300026842440691 0 0 3 3 3 3 3 0
0.23964876353565118 0 0 3 3 3 3 3 3
-0.27017389169920897 0 1 0 1 0 1 0 1
-183.5068835855405 0 1 0 1 0 1 1 0
0.9883184214641769 0 1 0 1 0 1 1 3
0.0010880568054343741 0 1 0 1 0 1 3 1
-0.270173891699209 0 1 0 1 0 2 0 2
-183.5068835855405 0 1 0 1 0 2 2 0
0.9883184214641768 0 1 0 1 0 2 2 3
0.0010880568054343741 0 1 0 1 0 2 3 2
0.002642194283077373 0 1 0 1 3 1 0 1
3.529065411352855 0 1 0 1 3 1 1 0
0.2271223040013755 0 1 0 1 3 1 1 3
0.0002239110741106327 0 1 0 1 3 1 3 1
0.002642194283077373 0 1 0 1 3 2 0 2
3.5290654113528555 0 1 0 1 3 2 2 0
0.2271223040013755 0 1 0 1 3 2 2 3
0.0002239110741106327 0 1 0 1 3 2 3 2
-181.7588897289398 0 1 0 2 0 1 0 2
-0.24098272731701242 0 1 0 2 0 1 2 0
0.0005297101657135823 0 1 0 2 0 1 2 3
1.2952340988282873 0 1 0 2 0 1 3 2
181.75888972893983 0 1 0 2 0 2 0 1
0.24098272731701242 0 1 0 2 0 2 1 0
-0.0005297101657135823 0 1 0 2 0 2 1 3
-1.2952340988282873 0 1 0 2 0 2 3 1
3.494799958247924 0 1 0 2 3 1 0 2
0.0022926335785969816 0 1 0 2 3 1 2 0
0.00012523185468929238 0 1 0 2 3 1 2 3
0.24312648153026212 0 1 0 2 3 1 3 2
-3.494799958247925 0 1 0 2 3 2 0 1
-0.0022926335785969816 0 1 0 2 3 2 1 0
-0.00012523185468929238 0 1 0 2 3 2 1 3
-0.24312648153026215 0 1 0 2 3 2 3 1
0.00046391073437917227 0 1 1 0 0 1 0 1
-0.29108097604829813 0 1 1 0 0 1 1 0
0.0010018997489033262 0 1 1 0 0 1 1 3
0.0005297101657135818 0 1 1 0 0 1 3 1
0.00046391073437917205 0 1 1 0 0 2 0 2
-0.2910809760482982 0 1 1 0 0 2 2 0
0.0010018997489033257 0 1 1 0 0 2 2 3
0.0005297101657135818 0 1 1 0 0 2 3 2
0.002848556253262328 0 1 1 0 3 1 1 0
0.00023273755808472015 0 1 1 0 3 1 1 3
0.00012358707710428854 0 1 1 0 3 1 3 1
0.002848556253262328 0 1 1 0 3 2 2 0
0.00023273755808472015 0 1 1 0 3 2 2 3
0.00012358707710428854 0 1 1 0 3 2 3 2
0.0006528566665813698 0 1 1 3 0 1 0 1
0.001001899748903326 0 1 1 3 0 1 1 0
0.0006209980687535378 0 1 1 3 0 1 1 3
-0.2409827273170124 0 1 1 3 0 1 3 1
0.0006528566665813694 0 1 1 3 0 2 0 2
0.001001899748903325 0 1 1 3 0 2 2 0
0.0006209980687535378 0 1 1 3 0 2 2 3
-0.24098272731701245 0 1 1 3 0 2 3 2
0.00012644535400315718 0 1 1 3 3 1 0 1
0.00023522173632965933 0 1 1 3 3 1 1 0
0.002280914753504527 0 1 1 3 3 1 3 1
0.00012644535400315718 0 1 1 3 3 2 0 2
0.00023522173632965933 0 1 1 3 3 2 2 0
0.002280914753504528 0 1 1 3 3 2 3 2
0.7328928494899285 0 1 2 0 0 1 0 2
-196.5042603157327 0 1 2 0 0 1 2 0
1.1301022638545055 0 1 2 0 0 1 2 3
0.988318421464177 0 1 2 0 0 1 3 2
-0.7328928494899286 0 1 2 0 0 2 0 1
196.5042603157327 0 1 2 0 0 2 1 0
-1.1301022638545053 0 1 2 0 0 2 1 3
-0.988318421464177 0 1 2 0 0 2 3 1
-0.00845245424993301 0 1 2 0 3 1 0 2
3.779291951035736 0 1 2 0 3 1 2 0
0.25909195800239593 0 1 2 0 3 1 2 3
0.22712394877896033 0 1 2 0 3 1 3 2
0.00845245424993301 0 1 2 0 3 2 0 1
-3.7792919510357366 0 1 2 0 3 2 1 0
-0.25909195800239593 0 1 2 0 3 2 1 3
-0.22712394877896033 0 1 2 0 3 2 3 1
1.2354329367594976 0 1 2 3 0 1 0 2
1.1301022638545055 0 1 2 3 0 1 2 0
0.8161714029161721 0 1 2 3 0 1 2 3
-183.5068835855405 0 1 2 3 0 1 3 2
-1.2354329367594974 0 1 2 3 0 2 0 1
-1.1301022638545055 0 1 2 3 0 2 1 0
-0.8161714029161722 0 1 2 3 0 2 1 3
183.5068835855405 0 1 2 3 0 2 3 1
0.2293624762771723 0 1 2 3 3 1 0 2
0.26064108272570174 0 1 2 3 3 1 2 0
-0.009595677646286549 0 1 2 3 3 1 2 3
3.529077130177948 0 1 2 3 3 1 3 2
-0.22936247627717227 0 1 2 3 3 2 0 1
-0.2606410827257017 0 1 2 3 3 2 1 0
0.009595677646286549 0 1 2 3 3 2 1 3
-3.529077130177948 0 1 2 3 3 2 3 1
0.001088056805434374 0 1 3 1 0 1 0 1
1.2354329367594974 0 1 3 1 0 1 1 0
0.7328928494899285 0 1 3 1 0 1 1 3
0.0005599517270198507 0 1 3 1 0 1 3 1
0.001088056805434374 0 1 3 1 0 2 0 2
1.2354329367594972 0 1 3 1 0 2 2 0
0.7328928494899284 0 1 3 1 0 2 2 3
0.0005599517270198507 0 1 3 1 0 2 3 2
0.0002278255395357483 0 1 3 1 3 1 0 1
0.22936494222150228 0 1 3 1 3 1 1 0
-0.00845245424993301 0 1 3 1 3 1 1 3
0.0002278255395357483 0 1 3 1 3 2 0 2
0.22936494222150228 0 1 3 1 3 2 2 0
-0.00845245424993301 0 1 3 1 3 2 2 3
1.2952340988282869 0 1 3 2 0 1 0 2
0.0006528566665813687 0 1 3 2 0 1 2 0
0.00046391073437917216 0 1 3 2 0 1 2 3
0.711863141716728 0 1 3 2 0 1 3 2
-1.2952340988282869 0 1 3 2 0 2 0 1
-0.0006528566665813687 0 1 3 2 0 2 1 0
-0.0004639107343791726 0 1 3 2 0 2 1 3
-0.7118631417167279 0 1 3 2 0 2 3 1
0.2446741759663877 0 1 3 2 3 1 0 2
0.00012397940967324842 0 1 3 2 3 1 2 0
-0.008882247515887981 0 1 3 2 3 1 3 2
-0.2446741759663877 0 1 3 2 3 2 0 1
-0.00012397940967324842 0 1 3 2 3 2 1 0
0.008882247515887981 0 1 3 2 3 2 3 1
181.75888972893983 0 2 0 1 0 1 0 2
0.24098272731701248 0 2 0 1 0 1 2 0
-0.0005297101657135823 0 2 0 1 0 1 2 3
-1.295234098828287 0 2 0 1 0 1 3 2
-181.75888972893986 0 2 0 1 0 2 0 1
-0.24098272731701245 0 2 0 1 0 2 1 0
0.0005297101657135827 0 2 0 1 0 2 1 3
1.295234098828287 0 2 0 1 0 2 3 1
-3.4947999582479246 0 2 0 1 3 1 0 2
-0.0022926335785969816 0 2 0 1 3 1 2 0
-0.0001252318546892925 0 2 0 1 3 1 2 3
-0.24312648153026215 0 2 0 1 3 1 3 2
3.4947999582479246 0 2 0 1 3 2 0 1
0.0022926335785969807 0 2 0 1 3 2 1 0
0.0001252318546892925 0 2 0 1 3 2 1 3
0.24312648153026212 0 2 0 1 3 2 3 1
-0.27017389169920913 0 2 0 2 0 1 0 1
-183.5068835855405 0 2 0 2 0 1 1 0
0.9883184214641768 0 2 0 2 0 1 1 3
0.0010880568054343741 0 2 0 2 0 1 3 1
-0.270173891699209 0 2 0 2 0 2 0 2
-183.5068835855405 0 2 0 2 0 2 2 0
0.9883184214641768 0 2 0 2 0 2 2 3
0.0010880568054343741 0 2 0 2 0 2 3 2
0.002642194283077373 0 2 0 2 3 1 0 1
3.529065411352855 0 2 0 2 3 1 1 0
0.22712230400137548 0 2 0 2 3 1 1 3
0.0002239110741106327 0 2 0 2 3 1 3 1
0.002642194283077373 0 2 0 2 3 2 0 2
3.5290654113528555 0 2 0 2 3 2 2 0
0.2271223040013755 0 2 0 2 3 2 2 3
0.0002239110741106327 0 2 0 2 3 2 3 2
-0.7328928494899284 0 2 1 0 0 1 0 2
196.50426031573267 0 2 1 0 0 1 2 0
-1.1301022638545055 0 2 1 0 0 1 2 3
-0.988318421464177 0 2 1 0 0 1 3 2
0.7328928494899285 0 2 1 0 0 2 0 1
-196.5042603157327 0 2 1 0 0 2 1 0
1.1301022638545055 0 2 1 0 0 2 1 3
0.988318421464177 0 2 1 0 0 2 3 1
0.00845245424993301 0 2 1 0 3 1 0 2
-3.7792919510357366 0 2 1 0 3 1 2 0
-0.25909195800239593 0 2 1 0 3 1 2 3
-0.22712394877896033 0 2 1 0 3 1 3 2
-0.00845245424993301 0 2 1 0 3 2 0 1
3.779291951035736 0 2 1 0 3 2 1 0
0.25909195800239593 0 2 1 0 3 2 1 3
0.22712394877896033 0 2 1 0 3 2 3 1
-1.2354329367594974 0 2 1 3 0 1 0 2
-1.1301022638545053 0 2 1 3 0 1 2 0
-0.8161714029161722 0 2 1 3 0 1 2 3
183.5068835855405 0 2 1 3 0 1 3 2
1.2354329367594976 0 2 1 3 0 2 0 1
1.1301022638545053 0 2 1 3 0 2 1 0
0.8161714029161721 0 2 1 3 0 2 1 3
-183.5068835855405 0 2 1 3 0 2 3 1
-0.2293624762771723 0 2 1 3 3 1 0 2
-0.26064108272570174 0 2 1 3 3 1 2 0
0.009595677646286549 0 2 1 3 3 1 2 3
-3.5290771301779484 0 2 1 3 3 1 3 2
0.22936247627717227 0 2 1 3 3 2 0 1
0.26064108272570174 0 2 1 3 3 2 1 0
-0.009595677646286549 0 2 1 3 3 2 1 3
3.5290771301779484 0 2 1 3 3 2 3 1
0.00046391073437917184 0 2 2 0 0 1 0 1
-0.29108097604829813 0 2 2 0 0 1 1 0
0.0010018997489033262 0 2 2 0 0 1 1 3
0.0005297101657135827 0 2 2 0 0 1 3 1
0.00046391073437917205 0 2 2 0 0 2 0 2
-0.2910809760482981 0 2 2 0 0 2 2 0
0.0010018997489033262 0 2 2 0 0 2 2 3
0.0005297101657135827 0 2 2 0 0 2 3 2
0.002848556253262328 0 2 2 0 3 1 1 0
0.00023273755808472015 0 2 2 0 3 1 1 3
0.00012358707710428854 0 2 2 0 3 1 3 1
0.002848556253262328 0 2 2 0 3 2 2 0
0.00023273755808472015 0 2 2 0 3 2 2 3
0.00012358707710428854 0 2 2 0 3 2 3 2
0.0006528566665813694 0 2 2 3 0 1 0 1
0.001001899748903326 0 2 2 3 0 1 1 0
0.0006209980687535374 0 2 2 3 0 1 1 3
-0.24098272731701237 0 2 2 3 0 1 3 1
0.0006528566665813702 0 2 2 3 0 2 0 2
0.001001899748903326 0 2 2 3 0 2 2 0
0.0006209980687535374 0 2 2 3 0 2 2 3
-0.24098272731701242 0 2 2 3 0 2 3 2
0.00012644535400315718 0 2 2 3 3 1 0 1
0.00023522173632965933 0 2 2 3 3 1 1 0
0.002280914753504528 0 2 2 3 3 1 3 1
0.00012644535400315718 0 2 2 3 3 2 0 2
0.00023522173632965955 0 2 2 3 3 2 2 0
0.002280914753504528 0 2 2 3 3 2 3 2
-1.2952340988282867 0 2 3 1 0 1 0 2
-0.0006528566665813687 0 2 3 1 0 1 2 0
-0.00046391073437917216 0 2 3 1 0 1 2 3
-0.711863141716728 0 2 3 1 0 1 3 2
1.2952340988282867 0 2 3 1 0 2 0 1
0.0006528566665813687 0 2 3 1 0 2 1 0
0.00046391073437917216 0 2 3 1 0 2 1 3
0.711863141716728 0 2 3 1 0 2 3 1
-0.24467417596638769 0 2 3 1 3 1 0 2
-0.00012397940967324842 0 2 3 1 3 1 2 0
0.008882247515887981 0 2 3 1 3 1 3 2
0.24467417596638769 0 2 3 1 3 2 0 1
0.00012397940967324842 0 2 3 1 3 2 1 0
-0.008882247515887981 0 2 3 1 3 2 3 1
0.001088056805434373 0 2 3 2 0 1 0 1
1.2354329367594972 0 2 3 2 0 1 1 0
0.7328928494899285 0 2 3 2 0 1 1 3
0.0005599517270198505 0 2 3 2 0 1 3 1
0.0010880568054343722 0 2 3 2 0 2 0 2
1.2354329367594972 0 2 3 2 0 2 2 0
0.7328928494899284 0 2 3 2 0 2 2 3
0.0005599517270198505 0 2 3 2 0 2 3 2
0.0002278255395357483 0 2 3 2 3 1 0 1
0.22936494222150225 0 2 3 2 3 1 1 0
-0.00845245424993301 0 2 3 2 3 1 1 3
0.0002278255395357483 0 2 3 2 3 2 0 2
0.22936494222150225 0 2 3 2 3 2 2 0
-0.00845245424993301 0 2 3 2 3 2 2 3
24850.73326837568 0 3 0 0 0 0 0 0
3472.2664641319325 0 3 0 0 0 0 0 3
52.353819434115344 0 3 0 0 0 0 1 1
52.353819434115344 0 3 0 0 0 0 2 2
3628.9842482582994 0 3 0 0 0 0 3 0
-105.27587387228611 0 3 0 0 0 0 3 3
6255.2013204555815 0 3 0 0 0 3 0 0
-219.9564956179863 0 3 0 0 0 3 0 3
11.751563695341659 0 3 0 0 0 3 1 1
11.751563695341659 0 3 0 0 0 3 2 2
-239.85354379061377 0 3 0 0 0 3 3 0
-23.23109355780491 0 3 0 0 0 3 3 3
5510.593918168964 0 3 0 0 3 0 0 0
-211.1823241128196 0 3 0 0 3 0 0 3
11.589533774621545 0 3 0 0 3 0 1 1
11.589533774621543 0 3 0 0 3 0 2 2
-229.68866783051456 0 3 0 0 3 0 3 0
-22.228010072529315 0 3 0 0 3 0 3 3
-351.3932132523218 0 3 0 0 3 3 0 0
-47.958203628338836 0 3 0 0 3 3 0 3
-0.7242340835782415 0 3 0 0 3 3 1 1
-0.7242340835782415 0 3 0 0 3 3 2 2
-50.277903735673064 0 3 0 0 3 3 3 0
1.2296082958776227 0 3 0 0 3 3 3 3
3290.237400511294 0 3 0 3 0 0 0 0
-162.45440465182173 0 3 0 3 0 0 0 3
-1963.057668624196 0 3 0 3 0 0 1 1
-1963.0576686241961 0 3 0 3 0 0 2 2
-170.2861447816164 0 3 0 3 0 0 3 0
-26.19061478563227 0 3 0 3 0 0 3 3
-219.9564956179863 0 3 0 3 0 3 0 0
-38.994738301149745 0 3 0 3 0 3 0 3
121.21660249257701 0 3 0 3 0 3 1 1
121.21660249257701 0 3 0 3 0 3 2 2
-39.577409621331604 0 3 0 3 0 3 3 0
1.1621611759412456 0 3 0 3 0 3 3 3
-211.18232411281954 0 3 0 3 3 0 0 0
-36.7283128505377 0 3 0 3 3 0 0 3
116.40492386009552 0 3 0 3 3 0 1 1
116.40492386009552 0 3 0 3 3 0 2 2
-37.35065737456498 0 3 0 3 3 0 3 0
1.1276977612159909 0 3 0 3 3 0 3 3
-48.91900042127063 0 3 0 3 3 3 0 0
1.8170376719428203 0 3 0 3 3 3 0 3
26.276697426723928 0 3 0 3 3 3 1 1
26.276697426723928 0 3 0 3 3 3 2 2
1.9095240503514639 0 3 0 3 3 3 3 0
0.2676270232506433 0 3 0 3 3 3 3 3
61.331427852605806 0 3 1 1 0 0 0 0
-2.1795993862686007 0 3 1 1 0 0 0 3
0.0005265489430705259 0 3 1 1 0 0 1 1
0.0005265489430705259 0 3 1 1 0 0 2 2
-1779.3098023113384 0 3 1 1 0 0 3 0
51.36497130248546 0 3 1 1 0 0 3 3
13.57031238562258 0 3 1 1 0 3 0 0
-0.12305964107946359 0 3 1 1 0 3 0 3
0.00015528536877367044 0 3 1 1 0 3 1 1
0.00015528536877366697 0 3 1 1 0 3 2 2
121.21660249257701 0 3 1 1 0 3 3 0
11.75156369534166 0 3 1 1 0 3 3 3
13.257870030271018 0 3 1 1 3 0 0 0
-0.12432272177845131 0 3 1 1 3 0 0 3
0.00013568618758560448 0 3 1 1 3 0 1 1
0.00013568618758560448 0 3 1 1 3 0 2 2
116.4049238600955 0 3 1 1 3 0 3 0
11.589533774621543 0 3 1 1 3 0 3 3
-0.8239129292922106 0 3 1 1 3 3 0 0
-0.02897915390075907 0 3 1 1 3 3 0 3
27.246684884358586 0 3 1 1 3 3 3 0
-0.7315442077527052 0 3 1 1 3 3 3 3
66.30606651602095 0 3 1 2 0 0 1 2
-66.30606651602095 0 3 1 2 0 0 2 1
16.346160778157927 0 3 1 2 0 3 1 2
-16.346160778157927 0 3 1 2 0 3 2 1
15.12096000694652 0 3 1 2 3 0 1 2
-15.120960006946518 0 3 1 2 3 0 2 1
-0.6713778295790082 0 3 1 2 3 3 1 2
0.6713778295790082 0 3 1 2 3 3 2 1
-66.30606651602098 0 3 2 1 0 0 1 2
66.30606651602098 0 3 2 1 0 0 2 1
-16.346160778157927 0 3 2 1 0 3 1 2
16.346160778157927 0 3 2 1 0 3 2 1
-15.120960006946516 0 3 2 1 3 0 1 2
15.120960006946516 0 3 2 1 3 0 2 1
0.671377829579008 0 3 2 1 3 3 1 2
-0.671377829579008 0 3 2 1 3 3 2 1
61.331427852605806 0 3 2 2 0 0 0 0
-2.179599386268601 0 3 2 2 0 0 0 3
0.000526548943070527 0 3 2 2 0 0 1 1
0.000526548943070527 0 3 2 2 0 0 2 2
-1779.3098023113382 0 3 2 2 0 0 3 0
51.36497130248546 0 3 2 2 0 0 3 3
13.570312385622582 0 3 2 2 0 3 0 0
-0.12305964107946359 0 3 2 2 0 3 0 3
0.00015528536877366939 0 3 2 2 0 3 1 1
0.00015528536877366418 0 3 2 2 0 3 2 2
121.21660249257701 0 3 2 2 0 3 3 0
11.75156369534166 0 3 2 2 0 3 3 3
13.257870030271018 0 3 2 2 3 0 0 0
-0.12432272177845131 0 3 2 2 3 0 0 3
0.00013568618758560275 0 3 2 2 3 0 1 1
0.00013568618758560275 0 3 2 2 3 0 2 2
116.4049238600955 0 3 2 2 3 0 3 0
11.589533774621545 0 3 2 2 3 0 3 3
-0.8239129292922106 0 3 2 2 3 3 0 0
-0.028979153900759072 0 3 2 2 3 3 0 3
27.246684884358594 0 3 2 2 3 3 3 0
-0.7315442077527052 0 3 2 2 3 3 3 3
3432.1889069665162 0 3 3 0 0 0 0 0
-170.45136277364674 0 3 3 0 0 0 0 3
-1.4462426260442938 0 3 3 0 0 0 1 1
-1.446242626044294 0 3 3 0 0 0 2 2
-180.17518230724696 0 3 3 0 0 0 3 0
-25.349215874465994 0 3 3 0 0 0 3 3
-239.8535437906137 0 3 3 0 0 3 0 0
-39.57740962133161 0 3 3 0 0 3 0 3
-0.12305964107946357 0 3 3 0 0 3 1 1
-0.12305964107946357 0 3 3 0 0 3 2 2
-40.51115227513599 0 3 3 0 0 3 3 0
1.1725556939051591 0 3 3 0 0 3 3 3
-229.68866783051453 0 3 3 0 3 0 0 0
-37.35065737456498 0 3 3 0 3 0 0 3
-0.12432272177845133 0 3 3 0 3 0 1 1
-0.12432272177845133 0 3 3 0 3 0 2 2
-38.28373188096129 0 3 3 0 3 0 3 0
1.1382655224538405 0 3 3 0 3 0 3 3
-51.316674929298046 0 3 3 0 3 3 0 0
1.9093518622071157 0 3 3 0 3 3 0 3
-0.026678618583380845 0 3 3 0 3 3 1 1
-0.026678618583380845 0 3 3 0 3 3 2 2
2.0175704435366155 0 3 3 0 3 3 3 0
0.26636527320554293 0 3 3 0 3 3 3 3
-102.84844755304901 0 3 3 3 0 0 0 0
-25.373822384647333 0 3 3 3 0 0 0 3
62.567513646031856 0 3 3 3 0 0 1 1
62.567513646031856 0 3 3 3 0 0 2 2
-24.63679278102225 0 3 3 3 0 0 3 0
1.0510048298168222 0 3 3 3 0 0 3 3
-23.231093557804904 0 3 3 3 0 3 0 0
1.1621611759412456 0 3 3 3 0 3 0 3
13.57031238562258 0 3 3 3 0 3 1 1
13.57031238562258 0 3 3 3 0 3 2 2
1.1725556939051593 0 3 3 3 0 3 3 0
0.2542601542339884 0 3 3 3 0 3 3 3
-22.22801007252931 0 3 3 3 3 0 0 0
1.1276977612159909 0 3 3 3 3 0 0 3
13.25787003027102 0 3 3 3 3 0 1 1
13.257870030271022 0 3 3 3 3 0 2 2
1.1382655224538407 0 3 3 3 3 0 3 0
0.2445192271017636 0 3 3 3 3 0 3 3
1.2465119575229406 0 3 3 3 3 3 0 0
0.27027388519366113 0 3 3 3 3 3 0 3
-0.8158363013558798 0 3 3 3 3 3 1 1
-0.8158363013558798 0 3 3 3 3 3 2 2
0.2687209702541826 0 3 3 3 3 3 3 0
-0.27017389169920947 1 0 0 1 1 0 0 1
-183.5068835855405 1 0 0 1 1 0 1 0
0.9883184214641768 1 0 0 1 1 0 1 3
0.001088056805434379 1 0 0 1 1 0 3 1
0.0026421942830773745 1 0 0 1 1 3 0 1
3.5290654113528515 1 0 0 1 1 3 1 0
0.22712230400137529 1 0 0 1 1 3 1 3
0.00022391107411063314 1 0 0 1 1 3 3 1
-0.2701738916992094 1 0 0 1 2 0 0 2
-183.5068835855405 1 0 0 1 2 0 2 0
0.9883184214641768 1 0 0 1 2 0 2 3
0.001088056805434378 1 0 0 1 2 0 3 2
0.0026421942830773745 1 0 0 1 2 3 0 2
3.5290654113528515 1 0 0 1 2 3 2 0
0.2271223040013753 1 0 0 1 2 3 2 3
0.00022391107411063314 1 0 0 1 2 3 3 2
-181.75888972893983 1 0 0 2 1 0 0 2
-0.24098272731701234 1 0 0 2 1 0 2 0
0.0005297101657135801 1 0 0 2 1 0 2 3
1.2952340988282876 1 0 0 2 1 0 3 2
3.494799958247921 1 0 0 2 1 3 0 2
0.0022926335785969825 1 0 0 2 1 3 2 0
0.00012523185468929217 1 0 0 2 1 3 2 3
0.2431264815302621 1 0 0 2 1 3 3 2
181.75888972893986 1 0 0 2 2 0 0 1
0.24098272731701234 1 0 0 2 2 0 1 0
-0.0005297101657135805 1 0 0 2 2 0 1 3
-1.2952340988282876 1 0 0 2 2 0 3 1
-3.494799958247921 1 0 0 2 2 3 0 1
-0.0022926335785969816 1 0 0 2 2 3 1 0
-0.00012523185468929217 1 0 0 2 2 3 1 3
-0.24312648153026212 1 0 0 2 2 3 3 1
0.00046391073437917216 1 0 1 0 1 0 0 1
-0.29108097604829813 1 0 1 0 1 0 1 0
0.0010018997489033257 1 0 1 0 1 0 1 3
0.0005297101657135788 1 0 1 0 1 0 3 1
0.002848556253262328 1 0 1 0 1 3 1 0
0.00023273755808472015 1 0 1 0 1 3 1 3
0.00012358707710428832 1 0 1 0 1 3 3 1
0.00046391073437917216 1 0 1 0 2 0 0 2
-0.29108097604829813 1 0 1 0 2 0 2 0
0.0010018997489033257 1 0 1 0 2 0 2 3
0.0005297101657135788 1 0 1 0 2 0 3 2
0.002848556253262328 1 0 1 0 2 3 2 0
0.00023273755808472015 1 0 1 0 2 3 2 3
0.00012358707710428832 1 0 1 0 2 3 3 2
0.0006528566665813676 1 0 1 3 1 0 0 1
0.0010018997489033242 1 0 1 3 1 0 1 0
0.0006209980687535379 1 0 1 3 1 0 1 3
-0.2409827273170123 1 0 1 3 1 0 3 1
0.00012644535400315653 1 0 1 3 1 3 0 1
0.00023522173632965944 1 0 1 3 1 3 1 0
0.002280914753504527 1 0 1 3 1 3 3 1
0.0006528566665813676 1 0 1 3 2 0 0 2
0.001001899748903325 1 0 1 3 2 0 2 0
0.0006209980687535379 1 0 1 3 2 0 2 3
-0.2409827273170123 1 0 1 3 2 0 3 2
0.00012644535400315653 1 0 1 3 2 3 0 2
0.00023522173632965944 1 0 1 3 2 3 2 0
0.002280914753504527 1 0 1 3 2 3 3 2
0.7328928494899285 1 0 2 0 1 0 0 2
-196.50426031573275 1 0 2 0 1 0 2 0
1.130102263854506 1 0 2 0 1 0 2 3
0.9883184214641769 1 0 2 0 1 0 3 2
-0.008452454249933001 1 0 2 0 1 3 0 2
3.7792919510357335 1 0 2 0 1 3 2 0
0.2590919580023959 1 0 2 0 1 3 2 3
0.22712394877896036 1 0 2 0 1 3 3 2
-0.7328928494899286 1 0 2 0 2 0 0 1
196.50426031573275 1 0 2 0 2 0 1 0
-1.1301022638545057 1 0 2 0 2 0 1 3
-0.9883184214641769 1 0 2 0 2 0 3 1
0.008452454249933001 1 0 2 0 2 3 0 1
-3.779291951035734 1 0 2 0 2 3 1 0
-0.25909195800239593 1 0 2 0 2 3 1 3
-0.22712394877896036 1 0 2 0 2 3 3 1
1.2354329367594972 1 0 2 3 1 0 0 2
1.1301022638545062 1 0 2 3 1 0 2 0
0.8161714029161722 1 0 2 3 1 0 2 3
-183.5068835855405 1 0 2 3 1 0 3 2
0.2293624762771721 1 0 2 3 1 3 0 2
0.2606410827257019 1 0 2 3 1 3 2 0
-0.009595677646286544 1 0 2 3 1 3 2 3
3.5290771301779444 1 0 2 3 1 3 3 2
-1.2354329367594972 1 0 2 3 2 0 0 1
-1.1301022638545062 1 0 2 3 2 0 1 0
-0.8161714029161722 1 0 2 3 2 0 1 3
183.5068835855405 1 0 2 3 2 0 3 1
-0.22936247627717213 1 0 2 3 2 3 0 1
-0.26064108272570186 1 0 2 3 2 3 1 0
0.009595677646286544 1 0 2 3 2 3 1 3
-3.5290771301779444 1 0 2 3 2 3 3 1
0.001088056805434378 1 0 3 1 1 0 0 1
1.2354329367594974 1 0 3 1 1 0 1 0
0.7328928494899285 1 0 3 1 1 0 1 3
0.0005599517270198509 1 0 3 1 1 0 3 1
0.00022782553953574927 1 0 3 1 1 3 0 1
0.22936494222150197 1 0 3 1 1 3 1 0
-0.008452454249933003 1 0 3 1 1 3 1 3
0.0010880568054343772 1 0 3 1 2 0 0 2
1.2354329367594972 1 0 3 1 2 0 2 0
0.7328928494899284 1 0 3 1 2 0 2 3
0.0005599517270198512 1 0 3 1 2 0 3 2
0.00022782553953574927 1 0 3 1 2 3 0 2
0.22936494222150197 1 0 3 1 2 3 2 0
-0.008452454249933003 1 0 3 1 2 3 2 3
1.2952340988282873 1 0 3 2 1 0 0 2
0.0006528566665813678 1 0 3 2 1 0 2 0
0.00046391073437917216 1 0 3 2 1 0 2 3
0.7118631417167282 1 0 3 2 1 0 3 2
0.24467417596638769 1 0 3 2 1 3 0 2
0.00012397940967324859 1 0 3 2 1 3 2 0
-0.008882247515887976 1 0 3 2 1 3 3 2
-1.2952340988282873 1 0 3 2 2 0 0 1
-0.0006528566665813678 1 0 3 2 2 0 1 0
-0.00046391073437917216 1 0 3 2 2 0 1 3
-0.7118631417167282 1 0 3 2 2 0 3 1
-0.24467417596638769 1 0 3 2 2 3 0 1
-0.00012397940967324859 1 0 3 2 2 3 1 0
0.008882247515887976 1 0 3 2 2 3 3 1
-0.5211101255003165 1 1 0 0 1 1 0 0
0.003096295710368799 1 1 0 0 1 1 0 3
-7.486893425229062e-05 1 1 0 0 1 1 1 1
-7.157937908228293e-05 1 1 0 0 1 1 2 2
0.003559600110460137 1 1 0 0 1 1 3 0
0.0003664141806449749 1 1 0 0 1 1 3 3
-1.644777585003811e-06 1 1 0 0 1 2 1 2
-1.644777585003881e-06 1 1 0 0 1 2 2 1
-1.644777585003881e-06 1 1 0 0 2 1 1 2
-1.644777585003811e-06 1 1 0 0 2 1 2 1
-0.5211101255003165 1 1 0 0 2 2 0 0
0.003096295710368799 1 1 0 0 2 2 0 3
-7.157937908228293e-05 1 1 0 0 2 2 1 1
-7.486893425229062e-05 1 1 0 0 2 2 2 2
0.003559600110460137 1 1 0 0 2 2 3 0
0.0003664141806449749 1 1 0 0 2 2 3 3
0.0030962957103688 1 1 0 3 1 1 0 0
0.0008189133013957615 1 1 0 3 1 1 0 3
-0.0016993886434937483 1 1 0 3 1 1 1 1
-0.001675950993308837 1 1 0 3 1 1 2 2
0.0008040700073693617 1 1 0 3 1 1 3 0
-1.1718825092455268e-05 1 1 0 3 1 2 1 2
-1.1718825092455647e-05 1 1 0 3 1 2 2 1
-1.1718825092455647e-05 1 1 0 3 2 1 1 2
-1.1718825092455268e-05 1 1 0 3 2 1 2 1
0.0030962957103688 1 1 0 3 2 2 0 0
0.0008189133013957615 1 1 0 3 2 2 0 3
-0.001675950993308837 1 1 0 3 2 2 1 1
-0.0016993886434937475 1 1 0 3 2 2 2 2
0.0008040700073693617 1 1 0 3 2 2 3 0
-0.00012882426053994654 1 1 1 1 1 1 0 0
-2.9793524506270374e-08 1 1 1 1 1 1 2 2
-0.0016759509933088378 1 1 1 1 1 1 3 0
-7.157937908228293e-05 1 1 1 1 1 1 3 3
1.4896762253111396e-08 1 1 1 1 1 2 1 2
1.4896762253077898e-08 1 1 1 1 1 2 2 1
1.4896762253077898e-08 1 1 1 1 2 1 1 2
1.4896762253111396e-08 1 1 1 1 2 1 2 1
-0.00012882426053994664 1 1 1 1 2 2 0 0
-2.9793524506270374e-08 1 1 1 1 2 2 1 1
-0.0016759509933088378 1 1 1 1 2 2 3 0
-7.157937908228293e-05 1 1 1 1 2 2 3 3
-0.0004426241832142659 1 1 1 2 1 1 1 2
0.0004376260331998809 1 1 1 2 1 1 2 1
2.4990750071923603e-06 1 1 1 2 1 2 1 1
-2.4990750071926284e-06 1 1 1 2 1 2 2 2
2.4990750071926284e-06 1 1 1 2 2 1 1 1
-2.4990750071923603e-06 1 1 1 2 2 1 2 2
-0.0004376260331998809 1 1 1 2 2 2 1 2
0.00044262418321426545 1 1 1 2 2 2 2 1
0.0004376260331998809 1 1 2 1 1 1 1 2
-0.0004454847575746183 1 1 2 1 1 1 2 1
3.929362187368952e-06 1 1 2 1 1 2 1 1
-3.929362187368612e-06 1 1 2 1 1 2 2 2
3.929362187368612e-06 1 1 2 1 2 1 1 1
-3.929362187368952e-06 1 1 2 1 2 1 2 2
0.0004454847575746183 1 1 2 1 2 2 1 2
-0.0004376260331998809 1 1 2 1 2 2 2 1
-0.00012389237188013 1 1 2 2 1 1 0 0
-2.979352450626909e-08 1 1 2 2 1 1 1 1
-0.003090420515761312 1 1 2 2 1 1 2 2
-0.0016993886434937492 1 1 2 2 1 1 3 0
-7.486893425229051e-05 1 1 2 2 1 1 3 3
0.0015451953611184015 1 1 2 2 1 2 1 2
0.0015451953611184044 1 1 2 2 1 2 2 1
0.0015451953611184026 1 1 2 2 2 1 1 2
0.0015451953611184015 1 1 2 2 2 1 2 1
-0.0001238923718801301 1 1 2 2 2 2 0 0
-0.003090420515761314 1 1 2 2 2 2 1 1
-2.9793524506269504e-08 1 1 2 2 2 2 2 2
-0.0016993886434937492 1 1 2 2 2 2 3 0
-7.486893425229051e-05 1 1 2 2 2 2 3 3
0.0035596001104601354 1 1 3 0 1 1 0 0
0.0008040700073693612 1 1 3 0 1 1 0 3
0.0008138721930392627 1 1 3 0 1 1 3 0
0.0035596001104601354 1 1 3 0 2 2 0 0
0.0008040700073693612 1 1 3 0 2 2 0 3
0.0008138721930392636 1 1 3 0 2 2 3 0
0.0003664141806449749 1 1 3 3 1 1 0 0
-0.00012389237188013 1 1 3 3 1 1 1 1
-0.00012882426053994664 1 1 3 3 1 1 2 2
2.4659443299083274e-06 1 1 3 3 1 2 1 2
2.4659443299082325e-06 1 1 3 3 1 2 2 1
2.465944329908231e-06 1 1 3 3 2 1 1 2
2.4659443299083274e-06 1 1 3 3 2 1 2 1
0.0003664141806449749 1 1 3 3 2 2 0 0
-0.00012882426053994675 1 1 3 3 2 2 1 1
-0.00012389237188013022 1 1 3 3 2 2 2 2
-372.30370114331043 1 2 0 0 1 2 0 0
4.387085752583435 1 2 0 0 1 2 0 3
-0.08101496036005591 1 2 0 0 1 2 1 1
-0.08101496036005591 1 2 0 0 1 2 2 2
5.082437980049594 1 2 0 0 1 2 3 0
0.5015417426377924 1 2 0 0 1 2 3 3
372.30370114331043 1 2 0 0 2 1 0 0
-4.387085752583435 1 2 0 0 2 1 0 3
0.08101496036005593 1 2 0 0 2 1 1 1
0.08101496036005593 1 2 0 0 2 1 2 2
-5.082437980049594 1 2 0 0 2 1 3 0
-0.5015417426377924 1 2 0 0 2 1 3 3
4.387085752583436 1 2 0 3 1 2 0 0
1.1332127253060174 1 2 0 3 1 2 0 3
-2.4058393162408214 1 2 0 3 1 2 1 1
-2.4058393162408214 1 2 0 3 1 2 2 2
1.113376123383313 1 2 0 3 1 2 3 0
-0.017231707362627576 1 2 0 3 1 2 3 3
-4.387085752583436 1 2 0 3 2 1 0 0
-1.1332127253060176 1 2 0 3 2 1 0 3
2.4058393162408214 1 2 0 3 2 1 1 1
2.4058393162408214 1 2 0 3 2 1 2 2
-1.113376123383313 1 2 0 3 2 1 3 0
0.017231707362627576 1 2 0 3 2 1 3 3
2.4990750071923697e-06 1 2 1 1 1 1 1 2
3.9293621873689415e-06 1 2 1 1 1 1 2 1
-0.15622117767578322 1 2 1 1 1 2 0 0
-0.0006315403494938576 1 2 1 1 1 2 0 3
-1.3013809191313086e-05 1 2 1 1 1 2 1 1
-6.5853719967516004e-06 1 2 1 1 1 2 2 2
-2.405839316240822 1 2 1 1 1 2 3 0
-0.08101496036005591 1 2 1 1 1 2 3 3
0.15622117767578322 1 2 1 1 2 1 0 0
0.0006315403494938576 1 2 1 1 2 1 0 3
6.5853719967516e-06 1 2 1 1 2 1 1 1
1.3013809191313032e-05 1 2 1 1 2 1 2 2
2.405839316240822 1 2 1 1 2 1 3 0
0.08101496036005591 1 2 1 1 2 1 3 3
-3.929362187368904e-06 1 2 1 1 2 2 1 2
-2.499075007192356e-06 1 2 1 1 2 2 2 1
-2.465944329908203e-06 1 2 1 2 1 1 0 0
1.4896762253110702e-08 1 2 1 2 1 1 1 1
0.0015451953611184015 1 2 1 2 1 1 2 2
1.1718825092455837e-05 1 2 1 2 1 1 3 0
1.6447775850039034e-06 1 2 1 2 1 1 3 3
-0.6133729758378801 1 2 1 2 1 2 1 2
0.6118277953735235 1 2 1 2 1 2 2 1
0.6118277953735234 1 2 1 2 2 1 1 2
-0.6133729758378801 1 2 1 2 2 1 2 1
-2.465944329908203e-06 1 2 1 2 2 2 0 0
0.0015451953611184015 1 2 1 2 2 2 1 1
1.48967622531104e-08 1 2 1 2 2 2 2 2
1.1718825092455837e-05 1 2 1 2 2 2 3 0
1.6447775850039034e-06 1 2 1 2 2 2 3 3
-2.465944329908307e-06 1 2 2 1 1 1 0 0
1.4896762253117694e-08 1 2 2 1 1 1 1 1
0.0015451953611184046 1 2 2 1 1 1 2 2
1.171882509245504e-05 1 2 2 1 1 1 3 0
1.644777585003779e-06 1 2 2 1 1 1 3 3
0.6118277953735236 1 2 2 1 1 2 1 2
-0.6133729758378801 1 2 2 1 1 2 2 1
-0.6133729758378801 1 2 2 1 2 1 1 2
0.6118277953735236 1 2 2 1 2 1 2 1
-2.465944329908308e-06 1 2 2 1 2 2 0 0
0.0015451953611184046 1 2 2 1 2 2 1 1
1.4896762253097112e-08 1 2 2 1 2 2 2 2
1.171882509245504e-05 1 2 2 1 2 2 3 0
1.6447775850037757e-06 1 2 2 1 2 2 3 3
-2.499075007192606e-06 1 2 2 2 1 1 1 2
-3.929362187368646e-06 1 2 2 2 1 1 2 1
-0.15622117767578325 1 2 2 2 1 2 0 0
-0.0006315403494938576 1 2 2 2 1 2 0 3
-6.585371996751597e-06 1 2 2 2 1 2 1 1
-1.3013809191313072e-05 1 2 2 2 1 2 2 2
-2.4058393162408214 1 2 2 2 1 2 3 0
-0.0810149603600559 1 2 2 2 1 2 3 3
0.15622117767578325 1 2 2 2 2 1 0 0
0.0006315403494938576 1 2 2 2 2 1 0 3
1.3013809191313072e-05 1 2 2 2 2 1 1 1
6.585371996751598e-06 1 2 2 2 2 1 2 2
2.4058393162408214 1 2 2 2 2 1 3 0
0.08101496036005591 1 2 2 2 2 1 3 3
3.929362187368628e-06 1 2 2 2 2 2 1 2
2.4990750071926195e-06 1 2 2 2 2 2 2 1
5.082437980049591 1 2 3 0 1 2 0 0
1.1133761233833133 1 2 3 0 1 2 0 3
-0.0006315403494938576 1 2 3 0 1 2 1 1
-0.000631540349493858 1 2 3 0 1 2 2 2
1.1137101970873517 1 2 3 0 1 2 3 0
-0.017145085725659513 1 2 3 0 1 2 3 3
-5.082437980049592 1 2 3 0 2 1 0 0
-1.1133761233833133 1 2 3 0 2 1 0 3
0.000631540349493858 1 2 3 0 2 1 1 1
0.0006315403494938576 1 2 3 0 2 1 2 2
-1.113710197087352 1 2 3 0 2 1 3 0
0.017145085725659513 1 2 3 0 2 1 3 3
0.5015417426377926 1 2 3 3 1 2 0 0
-0.017231707362627576 1 2 3 3 1 2 0 3
-0.15622117767578325 1 2 3 3 1 2 1 1
-0.15622117767578325 1 2 3 3 1 2 2 2
-0.01714508572565951 1 2 3 3 1 2 3 0
-0.004870463566112398 1 2 3 3 1 2 3 3
-0.5015417426377925 1 2 3 3 2 1 0 0
0.017231707362627576 1 2 3 3 2 1 0 3
0.15622117767578322 1 2 3 3 2 1 1 1
0.15622117767578325 1 2 3 3 2 1 2 2
0.01714508572565951 1 2 3 3 2 1 3 0
0.004870463566112398 1 2 3 3 2 1 3 3
0.0026421942830773763 1 3 0 1 1 0 0 1
3.5290771301779444 1 3 0 1 1 0 1 0
0.22712394877896042 1 3 0 1 1 0 1 3
0.00022782553953574905 1 3 0 1 1 0 3 1
0.0007599042072972335 1 3 0 1 1 3 0 1
0.9693247906261906 1 3 0 1 1 3 1 0
-0.007310124174463786 1 3 0 1 1 3 1 3
0.0026421942830773763 1 3 0 1 2 0 0 2
3.5290771301779444 1 3 0 1 2 0 2 0
0.2271239487789604 1 3 0 1 2 0 2 3
0.00022782553953574905 1 3 0 1 2 0 3 2
0.0007599042072972335 1 3 0 1 2 3 0 2
0.9693247906261906 1 3 0 1 2 3 2 0
-0.007310124174463786 1 3 0 1 2 3 2 3
3.4947999582479214 1 3 0 2 1 0 0 2
0.0022809147535045246 1 3 0 2 1 0 2 0
0.00012358707710428832 1 3 0 2 1 0 2 3
0.2446741759663877 1 3 0 2 1 0 3 2
0.9600368887244961 1 3 0 2 1 3 0 2
0.000662667008477529 1 3 0 2 1 3 2 0
-0.008537924894833094 1 3 0 2 1 3 3 2
-3.4947999582479214 1 3 0 2 2 0 0 1
-0.0022809147535045255 1 3 0 2 2 0 1 0
-0.00012358707710428854 1 3 0 2 2 0 1 3
-0.2446741759663877 1 3 0 2 2 0 3 1
-0.960036888724496 1 3 0 2 2 3 0 1
-0.0006626670084775299 1 3 0 2 2 3 1 0
0.008537924894833094 1 3 0 2 2 3 3 1
0.0028485562532623264 1 3 1 0 1 0 1 0
0.00023522173632965933 1 3 1 0 1 0 1 3
0.00012523185468929217 1 3 1 0 1 0 3 1
0.0008176233228800629 1 3 1 0 1 3 1 0
0.0028485562532623264 1 3 1 0 2 0 2 0
0.00023522173632965933 1 3 1 0 2 0 2 3
0.00012523185468929217 1 3 1 0 2 0 3 2
0.0008176233228800634 1 3 1 0 2 3 2 0
0.00012397940967324853 1 3 1 3 1 0 0 1
0.00023273755808472026 1 3 1 3 1 0 1 0
0.0022926335785969816 1 3 1 3 1 0 3 1
0.0006626670084775295 1 3 1 3 1 3 3 1
0.00012397940967324853 1 3 1 3 2 0 0 2
0.00023273755808472004 1 3 1 3 2 0 2 0
0.0022926335785969807 1 3 1 3 2 0 3 2
0.0006626670084775295 1 3 1 3 2 3 3 2
-0.008452454249933 1 3 2 0 1 0 0 2
3.779291951035733 1 3 2 0 1 0 2 0
0.26064108272570186 1 3 2 0 1 0 2 3
0.2271223040013753 1 3 2 0 1 0 3 2
-0.002300535317378218 1 3 2 0 1 3 0 2
1.0379535703020915 1 3 2 0 1 3 2 0
-0.008365736750484732 1 3 2 0 1 3 2 3
-0.007310124174463787 1 3 2 0 1 3 3 2
0.008452454249933 1 3 2 0 2 0 0 1
-3.7792919510357326 1 3 2 0 2 0 1 0
-0.2606410827257018 1 3 2 0 2 0 1 3
-0.2271223040013753 1 3 2 0 2 0 3 1
0.002300535317378218 1 3 2 0 2 3 0 1
-1.0379535703020915 1 3 2 0 2 3 1 0
0.008365736750484732 1 3 2 0 2 3 1 3
0.007310124174463787 1 3 2 0 2 3 3 1
0.22936494222150194 1 3 2 3 1 0 0 2
0.259091958002396 1 3 2 3 1 0 2 0
-0.009595677646286542 1 3 2 3 1 0 2 3
3.5290654113528515 1 3 2 3 1 0 3 2
-0.008076627936330912 1 3 2 3 1 3 0 2
-0.008365736750484732 1 3 2 3 1 3 2 0
-0.0026468619430178456 1 3 2 3 1 3 2 3
0.9693247906261906 1 3 2 3 1 3 3 2
-0.22936494222150197 1 3 2 3 2 0 0 1
-0.25909195800239593 1 3 2 3 2 0 1 0
0.009595677646286542 1 3 2 3 2 0 1 3
-3.5290654113528515 1 3 2 3 2 0 3 1
0.008076627936330912 1 3 2 3 2 3 0 1
0.008365736750484732 1 3 2 3 2 3 1 0
0.0026468619430178456 1 3 2 3 2 3 1 3
-0.9693247906261905 1 3 2 3 2 3 3 1
0.00022391107411063335 1 3 3 1 1 0 0 1
0.22936247627717216 1 3 3 1 1 0 1 0
-0.008452454249933003 1 3 3 1 1 0 1 3
-0.008076627936330912 1 3 3 1 1 3 1 0
-0.002300535317378218 1 3 3 1 1 3 1 3
0.00022391107411063335 1 3 3 1 2 0 0 2
0.22936247627717216 1 3 3 1 2 0 2 0
-0.008452454249933003 1 3 3 1 2 0 2 3
-0.008076627936330912 1 3 3 1 2 3 2 0
-0.002300535317378218 1 3 3 1 2 3 2 3
0.24312648153026212 1 3 3 2 1 0 0 2
0.00012644535400315653 1 3 3 2 1 0 2 0
-0.008882247515887976 1 3 3 2 1 0 3 2
-0.008537924894833094 1 3 3 2 1 3 0 2
-0.002355697048639712 1 3 3 2 1 3 3 2
-0.24312648153026215 1 3 3 2 2 0 0 1
-0.00012644535400315653 1 3 3 2 2 0 1 0
0.008882247515887976 1 3 3 2 2 0 3 1
0.008537924894833094 1 3 3 2 2 3 0 1
0.0023556970486397124 1 3 3 2 2 3 3 1
181.75888972893986 2 0 0 1 1 0 0 2
0.24098272731701237 2 0 0 1 1 0 2 0
-0.0005297101657135797 2 0 0 1 1 0 2 3
-1.2952340988282873 2 0 0 1 1 0 3 2
-3.4947999582479214 2 0 0 1 1 3 0 2
-0.0022926335785969807 2 0 0 1 1 3 2 0
-0.00012523185468929217 2 0 0 1 1 3 2 3
-0.2431264815302621 2 0 0 1 1 3 3 2
-181.7588897289399 2 0 0 1 2 0 0 1
-0.2409827273170123 2 0 0 1 2 0 1 0
0.0005297101657135797 2 0 0 1 2 0 1 3
1.2952340988282876 2 0 0 1 2 0 3 1
3.4947999582479214 2 0 0 1 2 3 0 1
0.0022926335785969807 2 0 0 1 2 3 1 0
0.00012523185468929217 2 0 0 1 2 3 1 3
0.24312648153026212 2 0 0 1 2 3 3 1
-0.2701738916992095 2 0 0 2 1 0 0 1
-183.5068835855405 2 0 0 2 1 0 1 0
0.9883184214641768 2 0 0 2 1 0 1 3
0.001088056805434379 2 0 0 2 1 0 3 1
0.0026421942830773745 2 0 0 2 1 3 0 1
3.5290654113528515 2 0 0 2 1 3 1 0
0.22712230400137529 2 0 0 2 1 3 1 3
0.00022391107411063314 2 0 0 2 1 3 3 1
-0.27017389169920947 2 0 0 2 2 0 0 2
-183.5068835855405 2 0 0 2 2 0 2 0
0.9883184214641768 2 0 0 2 2 0 2 3
0.001088056805434379 2 0 0 2 2 0 3 2
0.0026421942830773754 2 0 0 2 2 3 0 2
3.5290654113528515 2 0 0 2 2 3 2 0
0.2271223040013753 2 0 0 2 2 3 2 3
0.00022391107411063314 2 0 0 2 2 3 3 2
-0.7328928494899283 2 0 1 0 1 0 0 2
196.50426031573272 2 0 1 0 1 0 2 0
-1.130102263854506 2 0 1 0 1 0 2 3
-0.9883184214641769 2 0 1 0 1 0 3 2
0.008452454249933001 2 0 1 0 1 3 0 2
-3.779291951035734 2 0 1 0 1 3 2 0
-0.2590919580023959 2 0 1 0 1 3 2 3
-0.2271239487789604 2 0 1 0 1 3 3 2
0.7328928494899284 2 0 1 0 2 0 0 1
-196.50426031573275 2 0 1 0 2 0 1 0
1.1301022638545057 2 0 1 0 2 0 1 3
0.9883184214641769 2 0 1 0 2 0 3 1
-0.008452454249933001 2 0 1 0 2 3 0 1
3.7792919510357335 2 0 1 0 2 3 1 0
0.25909195800239593 2 0 1 0 2 3 1 3
0.22712394877896036 2 0 1 0 2 3 3 1
-1.2354329367594972 2 0 1 3 1 0 0 2
-1.1301022638545062 2 0 1 3 1 0 2 0
-0.8161714029161722 2 0 1 3 1 0 2 3
183.5068835855405 2 0 1 3 1 0 3 2
-0.2293624762771721 2 0 1 3 1 3 0 2
-0.2606410827257019 2 0 1 3 1 3 2 0
0.009595677646286544 2 0 1 3 1 3 2 3
-3.5290771301779444 2 0 1 3 1 3 3 2
1.2354329367594972 2 0 1 3 2 0 0 1
1.1301022638545062 2 0 1 3 2 0 1 0
0.8161714029161723 2 0 1 3 2 0 1 3
-183.5068835855405 2 0 1 3 2 0 3 1
0.22936247627717213 2 0 1 3 2 3 0 1
0.26064108272570186 2 0 1 3 2 3 1 0
-0.009595677646286544 2 0 1 3 2 3 1 3
3.5290771301779444 2 0 1 3 2 3 3 1
0.0004639107343791724 2 0 2 0 1 0 0 1
-0.29108097604829825 2 0 2 0 1 0 1 0
0.0010018997489033257 2 0 2 0 1 0 1 3
0.0005297101657135779 2 0 2 0 1 0 3 1
0.002848556253262328 2 0 2 0 1 3 1 0
0.00023273755808472015 2 0 2 0 1 3 1 3
0.00012358707710428832 2 0 2 0 1 3 3 1
0.0004639107343791724 2 0 2 0 2 0 0 2
-0.2910809760482982 2 0 2 0 2 0 2 0
0.0010018997489033257 2 0 2 0 2 0 2 3
0.0005297101657135779 2 0 2 0 2 0 3 2
0.002848556253262328 2 0 2 0 2 3 2 0
0.00023273755808472015 2 0 2 0 2 3 2 3
0.00012358707710428832 2 0 2 0 2 3 3 2
0.0006528566665813681 2 0 2 3 1 0 0 1
0.001001899748903325 2 0 2 3 1 0 1 0
0.0006209980687535377 2 0 2 3 1 0 1 3
-0.24098272731701226 2 0 2 3 1 0 3 1
0.00012644535400315653 2 0 2 3 1 3 0 1
0.00023522173632965944 2 0 2 3 1 3 1 0
0.002280914753504527 2 0 2 3 1 3 3 1
0.0006528566665813681 2 0 2 3 2 0 0 2
0.001001899748903325 2 0 2 3 2 0 2 0
0.0006209980687535379 2 0 2 3 2 0 2 3
-0.2409827273170123 2 0 2 3 2 0 3 2
0.00012644535400315653 2 0 2 3 2 3 0 2
0.00023522173632965944 2 0 2 3 2 3 2 0
0.002280914753504527 2 0 2 3 2 3 3 2
-1.295234098828287 2 0 3 1 1 0 0 2
-0.000652856666581367 2 0 3 1 1 0 2 0
-0.00046391073437917216 2 0 3 1 1 0 2 3
-0.7118631417167282 2 0 3 1 1 0 3 2
-0.2446741759663876 2 0 3 1 1 3 0 2
-0.0001239794096732488 2 0 3 1 1 3 2 0
0.008882247515887976 2 0 3 1 1 3 3 2
1.2952340988282873 2 0 3 1 2 0 0 1
0.0006528566665813678 2 0 3 1 2 0 1 0
0.00046391073437917216 2 0 3 1 2 0 1 3
0.711863141716728 2 0 3 1 2 0 3 1
0.2446741759663876 2 0 3 1 2 3 0 1
0.0001239794096732488 2 0 3 1 2 3 1 0
-0.008882247515887976 2 0 3 1 2 3 3 1
0.001088056805434378 2 0 3 2 1 0 0 1
1.2354329367594972 2 0 3 2 1 0 1 0
0.7328928494899286 2 0 3 2 1 0 1 3
0.0005599517270198509 2 0 3 2 1 0 3 1
0.00022782553953574927 2 0 3 2 1 3 0 1
0.22936494222150194 2 0 3 2 1 3 1 0
-0.008452454249933003 2 0 3 2 1 3 1 3
0.0010880568054343772 2 0 3 2 2 0 0 2
1.2354329367594972 2 0 3 2 2 0 2 0
0.7328928494899285 2 0 3 2 2 0 2 3
0.0005599517270198512 2 0 3 2 2 0 3 2
0.00022782553953574927 2 0 3 2 2 3 0 2
0.22936494222150194 2 0 3 2 2 3 2 0
-0.008452454249933003 2 0 3 2 2 3 2 3
372.30370114331043 2 1 0 0 1 2 0 0
-4.387085752583435 2 1 0 0 1 2 0 3
0.08101496036005593 2 1 0 0 1 2 1 1
0.08101496036005593 2 1 0 0 1 2 2 2
-5.082437980049594 2 1 0 0 1 2 3 0
-0.5015417426377924 2 1 0 0 1 2 3 3
-372.3037011433105 2 1 0 0 2 1 0 0
4.387085752583435 2 1 0 0 2 1 0 3
-0.08101496036005594 2 1 0 0 2 1 1 1
-0.08101496036005591 2 1 0 0 2 1 2 2
5.082437980049595 2 1 0 0 2 1 3 0
0.5015417426377923 2 1 0 0 2 1 3 3
-4.387085752583436 2 1 0 3 1 2 0 0
-1.1332127253060176 2 1 0 3 1 2 0 3
2.4058393162408214 2 1 0 3 1 2 1 1
2.4058393162408214 2 1 0 3 1 2 2 2
-1.113376123383313 2 1 0 3 1 2 3 0
0.017231707362627576 2 1 0 3 1 2 3 3
4.387085752583436 2 1 0 3 2 1 0 0
1.1332127253060178 2 1 0 3 2 1 0 3
-2.4058393162408214 2 1 0 3 2 1 1 1
-2.4058393162408214 2 1 0 3 2 1 2 2
1.113376123383313 2 1 0 3 2 1 3 0
-0.017231707362627576 2 1 0 3 2 1 3 3
2.4990750071926263e-06 2 1 1 1 1 1 1 2
3.929362187368624e-06 2 1 1 1 1 1 2 1
0.15622117767578325 2 1 1 1 1 2 0 0
0.0006315403494938576 2 1 1 1 1 2 0 3
6.585371996751596e-06 2 1 1 1 1 2 1 1
1.3013809191313012e-05 2 1 1 1 1 2 2 2
2.405839316240822 2 1 1 1 1 2 3 0
0.0810149603600559 2 1 1 1 1 2 3 3
-0.15622117767578325 2 1 1 1 2 1 0 0
-0.0006315403494938576 2 1 1 1 2 1 0 3
-1.3013809191313066e-05 2 1 1 1 2 1 1 1
-6.585371996751596e-06 2 1 1 1 2 1 2 2
-2.405839316240822 2 1 1 1 2 1 3 0
-0.08101496036005591 2 1 1 1 2 1 3 3
-3.929362187368609e-06 2 1 1 1 2 2 1 2
-2.49907500719264e-06 2 1 1 1 2 2 2 1
-2.465944329908358e-06 2 1 1 2 1 1 0 0
1.4896762253113177e-08 2 1 1 2 1 1 1 1
0.0015451953611184028 2 1 1 2 1 1 2 2
1.171882509245504e-05 2 1 1 2 1 1 3 0
1.6447775850037784e-06 2 1 1 2 1 1 3 3
0.6118277953735234 2 1 1 2 1 2 1 2
-0.6133729758378801 2 1 1 2 1 2 2 1
-0.6133729758378801 2 1 1 2 2 1 1 2
0.6118277953735235 2 1 1 2 2 1 2 1
-2.465944329908357e-06 2 1 1 2 2 2 0 0
0.0015451953611184046 2 1 1 2 2 2 1 1
1.4896762253114053e-08 2 1 1 2 2 2 2 2
1.171882509245504e-05 2 1 1 2 2 2 3 0
1.644777585003775e-06 2 1 1 2 2 2 3 3
-2.4659443299082283e-06 2 1 2 1 1 1 0 0
1.4896762253100262e-08 2 1 2 1 1 1 1 1
0.0015451953611184015 2 1 2 1 1 1 2 2
1.1718825092455837e-05 2 1 2 1 1 1 3 0
1.6447775850038525e-06 2 1 2 1 1 1 3 3
-0.6133729758378801 2 1 2 1 1 2 1 2
0.6118277953735237 2 1 2 1 1 2 2 1
0.6118277953735236 2 1 2 1 2 1 1 2
-0.6133729758378801 2 1 2 1 2 1 2 1
-2.4659443299082283e-06 2 1 2 1 2 2 0 0
0.0015451953611184015 2 1 2 1 2 2 1 1
1.4896762253130729e-08 2 1 2 1 2 2 2 2
1.1718825092455837e-05 2 1 2 1 2 2 3 0
1.6447775850039067e-06 2 1 2 1 2 2 3 3
-2.4990750071924273e-06 2 1 2 2 1 1 1 2
-3.929362187368877e-06 2 1 2 2 1 1 2 1
0.15622117767578325 2 1 2 2 1 2 0 0
0.0006315403494938576 2 1 2 2 1 2 0 3
1.3013809191313076e-05 2 1 2 2 1 2 1 1
6.5853719967516e-06 2 1 2 2 1 2 2 2
2.4058393162408214 2 1 2 2 1 2 3 0
0.08101496036005591 2 1 2 2 1 2 3 3
-0.15622117767578325 2 1 2 2 2 1 0 0
-0.0006315403494938576 2 1 2 2 2 1 0 3
-6.585371996751598e-06 2 1 2 2 2 1 1 1
-1.301380919131308e-05 2 1 2 2 2 1 2 2
-2.4058393162408214 2 1 2 2 2 1 3 0
-0.08101496036005593 2 1 2 2 2 1 3 3
3.929362187368891e-06 2 1 2 2 2 2 1 2
2.4990750071924137e-06 2 1 2 2 2 2 2 1
-5.082437980049592 2 1 3 0 1 2 0 0
-1.1133761233833133 2 1 3 0 1 2 0 3
0.000631540349493858 2 1 3 0 1 2 1 1
0.0006315403494938576 2 1 3 0 1 2 2 2
-1.113710197087352 2 1 3 0 1 2 3 0
0.017145085725659513 2 1 3 0 1 2 3 3
5.082437980049592 2 1 3 0 2 1 0 0
1.1133761233833133 2 1 3 0 2 1 0 3
-0.0006315403494938576 2 1 3 0 2 1 1 1
-0.000631540349493858 2 1 3 0 2 1 2 2
1.113710197087352 2 1 3 0 2 1 3 0
-0.017145085725659513 2 1 3 0 2 1 3 3
-0.5015417426377925 2 1 3 3 1 2 0 0
0.017231707362627576 2 1 3 3 1 2 0 3
0.15622117767578325 2 1 3 3 1 2 1 1
0.15622117767578325 2 1 3 3 1 2 2 2
0.01714508572565951 2 1 3 3 1 2 3 0
0.004870463566112398 2 1 3 3 1 2 3 3
0.5015417426377924 2 1 3 3 2 1 0 0
-0.017231707362627576 2 1 3 3 2 1 0 3
-0.15622117767578325 2 1 3 3 2 1 1 1
-0.15622117767578322 2 1 3 3 2 1 2 2
-0.01714508572565951 2 1 3 3 2 1 3 0
-0.004870463566112398 2 1 3 3 2 1 3 3
-0.5211101255003165 2 2 0 0 1 1 0 0
0.003096295710368799 2 2 0 0 1 1 0 3
-7.486893425229062e-05 2 2 0 0 1 1 1 1
-7.157937908228293e-05 2 2 0 0 1 1 2 2
0.003559600110460137 2 2 0 0 1 1 3 0
0.0003664141806449749 2 2 0 0 1 1 3 3
-1.6447775850037996e-06 2 2 0 0 1 2 1 2
-1.644777585003889e-06 2 2 0 0 1 2 2 1
-1.644777585003889e-06 2 2 0 0 2 1 1 2
-1.6447775850037996e-06 2 2 0 0 2 1 2 1
-0.5211101255003165 2 2 0 0 2 2 0 0
0.003096295710368799 2 2 0 0 2 2 0 3
-7.157937908228293e-05 2 2 0 0 2 2 1 1
-7.486893425229083e-05 2 2 0 0 2 2 2 2
0.003559600110460137 2 2 0 0 2 2 3 0
0.0003664141806449749 2 2 0 0 2 2 3 3
0.0030962957103688 2 2 0 3 1 1 0 0
0.0008189133013957624 2 2 0 3 1 1 0 3
-0.0016993886434937475 2 2 0 3 1 1 1 1
-0.001675950993308837 2 2 0 3 1 1 2 2
0.0008040700073693612 2 2 0 3 1 1 3 0
-1.1718825092455227e-05 2 2 0 3 1 2 1 2
-1.1718825092455647e-05 2 2 0 3 1 2 2 1
-1.1718825092455647e-05 2 2 0 3 2 1 1 2
-1.1718825092455227e-05 2 2 0 3 2 1 2 1
0.0030962957103688 2 2 0 3 2 2 0 0
0.000818913301395762 2 2 0 3 2 2 0 3
-0.001675950993308837 2 2 0 3 2 2 1 1
-0.0016993886434937483 2 2 0 3 2 2 2 2
0.0008040700073693612 2 2 0 3 2 2 3 0
-0.00012389237188013022 2 2 1 1 1 1 0 0
-2.979352450627003e-08 2 2 1 1 1 1 1 1
-0.0030904205157613143 2 2 1 1 1 1 2 2
-0.0016993886434937492 2 2 1 1 1 1 3 0
-7.486893425229051e-05 2 2 1 1 1 1 3 3
0.0015451953611184015 2 2 1 1 1 2 1 2
0.0015451953611184048 2 2 1 1 1 2 2 1
0.0015451953611184048 2 2 1 1 2 1 1 2
0.0015451953611184015 2 2 1 1 2 1 2 1
-0.0001238923718801301 2 2 1 1 2 2 0 0
-0.0030904205157613143 2 2 1 1 2 2 1 1
-2.9793524506269762e-08 2 2 1 1 2 2 2 2
-0.0016993886434937492 2 2 1 1 2 2 3 0
-7.486893425229062e-05 2 2 1 1 2 2 3 3
-0.0004376260331998809 2 2 1 2 1 1 1 2
0.0004454847575746183 2 2 1 2 1 1 2 1
-3.929362187368938e-06 2 2 1 2 1 2 1 1
3.929362187368604e-06 2 2 1 2 1 2 2 2
-3.929362187368604e-06 2 2 1 2 2 1 1 1
3.929362187368936e-06 2 2 1 2 2 1 2 2
-0.0004454847575746183 2 2 1 2 2 2 1 2
0.0004376260331998809 2 2 1 2 2 2 2 1
0.0004426241832142648 2 2 2 1 1 1 1 2
-0.00043762603319988066 2 2 2 1 1 1 2 1
-2.499075007192402e-06 2 2 2 1 1 2 1 1
2.4990750071926246e-06 2 2 2 1 1 2 2 2
-2.4990750071926246e-06 2 2 2 1 2 1 1 1
2.499075007192402e-06 2 2 2 1 2 1 2 2
0.00043762603319988066 2 2 2 1 2 2 1 2
-0.000442624183214265 2 2 2 1 2 2 2 1
-0.00012882426053994654 2 2 2 2 1 1 0 0
-2.9793524506269233e-08 2 2 2 2 1 1 2 2
-0.0016759509933088378 2 2 2 2 1 1 3 0
-7.157937908228282e-05 2 2 2 2 1 1 3 3
1.4896762253113831e-08 2 2 2 2 1 2 1 2
1.4896762253084067e-08 2 2 2 2 1 2 2 1
1.4896762253084067e-08 2 2 2 2 2 1 1 2
1.4896762253113831e-08 2 2 2 2 2 1 2 1
-0.00012882426053994664 2 2 2 2 2 2 0 0
-2.9793524506269233e-08 2 2 2 2 2 2 1 1
-0.0016759509933088378 2 2 2 2 2 2 3 0
-7.157937908228282e-05 2 2 2 2 2 2 3 3
0.0035596001104601354 2 2 3 0 1 1 0 0
0.0008040700073693612 2 2 3 0 1 1 0 3
0.000813872193039264 2 2 3 0 1 1 3 0
0.0035596001104601354 2 2 3 0 2 2 0 0
0.0008040700073693612 2 2 3 0 2 2 0 3
0.0008138721930392632 2 2 3 0 2 2 3 0
0.0003664141806449749 2 2 3 3 1 1 0 0
-0.00012389237188013033 2 2 3 3 1 1 1 1
-0.00012882426053994686 2 2 3 3 1 1 2 2
2.465944329908275e-06 2 2 3 3 1 2 1 2
2.4659443299082156e-06 2 2 3 3 1 2 2 1
2.4659443299082156e-06 2 2 3 3 2 1 1 2
2.465944329908275e-06 2 2 3 3 2 1 2 1
0.0003664141806449749 2 2 3 3 2 2 0 0
-0.00012882426053994675 2 2 3 3 2 2 1 1
-0.00012389237188013022 2 2 3 3 2 2 2 2
-3.4947999582479214 2 3 0 1 1 0 0 2
-0.0022809147535045237 2 3 0 1 1 0 2 0
-0.00012358707710428843 2 3 0 1 1 0 2 3
-0.24467417596638769 2 3 0 1 1 0 3 2
-0.960036888724496 2 3 0 1 1 3 0 2
-0.0006626670084775295 2 3 0 1 1 3 2 0
0.008537924894833094 2 3 0 1 1 3 3 2
3.4947999582479214 2 3 0 1 2 0 0 1
0.002280914753504523 2 3 0 1 2 0 1 0
0.00012358707710428843 2 3 0 1 2 0 1 3
0.24467417596638774 2 3 0 1 2 0 3 1
0.9600368887244961 2 3 0 1 2 3 0 1
0.0006626670084775299 2 3 0 1 2 3 1 0
-0.008537924894833094 2 3 0 1 2 3 3 1
0.0026421942830773763 2 3 0 2 1 0 0 1
3.5290771301779444 2 3 0 2 1 0 1 0
0.22712394877896042 2 3 0 2 1 0 1 3
0.00022782553953574927 2 3 0 2 1 0 3 1
0.0007599042072972339 2 3 0 2 1 3 0 1
0.9693247906261905 2 3 0 2 1 3 1 0
-0.007310124174463787 2 3 0 2 1 3 1 3
0.0026421942830773763 2 3 0 2 2 0 0 2
3.5290771301779444 2 3 0 2 2 0 2 0
0.22712394877896036 2 3 0 2 2 0 2 3
0.00022782553953574927 2 3 0 2 2 0 3 2
0.0007599042072972339 2 3 0 2 2 3 0 2
0.9693247906261905 2 3 0 2 2 3 2 0
-0.007310124174463787 2 3 0 2 2 3 2 3
0.008452454249933 2 3 1 0 1 0 0 2
-3.7792919510357326 2 3 1 0 1 0 2 0
-0.2606410827257018 2 3 1 0 1 0 2 3
-0.22712230400137529 2 3 1 0 1 0 3 2
0.002300535317378218 2 3 1 0 1 3 0 2
-1.0379535703020915 2 3 1 0 1 3 2 0
0.008365736750484732 2 3 1 0 1 3 2 3
0.007310124174463787 2 3 1 0 1 3 3 2
-0.008452454249933 2 3 1 0 2 0 0 1
3.779291951035733 2 3 1 0 2 0 1 0
0.2606410827257018 2 3 1 0 2 0 1 3
0.22712230400137529 2 3 1 0 2 0 3 1
-0.002300535317378218 2 3 1 0 2 3 0 1
1.0379535703020915 2 3 1 0 2 3 1 0
-0.008365736750484732 2 3 1 0 2 3 1 3
-0.007310124174463787 2 3 1 0 2 3 3 1
-0.22936494222150197 2 3 1 3 1 0 0 2
-0.259091958002396 2 3 1 3 1 0 2 0
0.009595677646286542 2 3 1 3 1 0 2 3
-3.5290654113528515 2 3 1 3 1 0 3 2
0.008076627936330912 2 3 1 3 1 3 0 2
0.008365736750484732 2 3 1 3 1 3 2 0
0.002646861943017846 2 3 1 3 1 3 2 3
-0.9693247906261906 2 3 1 3 1 3 3 2
0.229364942221502 2 3 1 3 2 0 0 1
0.25909195800239593 2 3 1 3 2 0 1 0
-0.009595677646286542 2 3 1 3 2 0 1 3
3.5290654113528515 2 3 1 3 2 0 3 1
-0.008076627936330912 2 3 1 3 2 3 0 1
-0.008365736750484732 2 3 1 3 2 3 1 0
-0.002646861943017846 2 3 1 3 2 3 1 3
0.9693247906261905 2 3 1 3 2 3 3 1
0.0028485562532623273 2 3 2 0 1 0 1 0
0.00023522173632965922 2 3 2 0 1 0 1 3
0.00012523185468929217 2 3 2 0 1 0 3 1
0.0008176233228800625 2 3 2 0 1 3 1 0
0.0028485562532623273 2 3 2 0 2 0 2 0
0.00023522173632965922 2 3 2 0 2 0 2 3
0.00012523185468929195 2 3 2 0 2 0 3 2
0.0008176233228800634 2 3 2 0 2 3 2 0
0.00012397940967324853 2 3 2 3 1 0 0 1
0.00023273755808472026 2 3 2 3 1 0 1 0
0.0022926335785969816 2 3 2 3 1 0 3 1
0.0006626670084775303 2 3 2 3 1 3 3 1
0.00012397940967324853 2 3 2 3 2 0 0 2
0.00023273755808472026 2 3 2 3 2 0 2 0
0.0022926335785969816 2 3 2 3 2 0 3 2
0.0006626670084775295 2 3 2 3 2 3 3 2
-0.24312648153026215 2 3 3 1 1 0 0 2
-0.00012644535400315653 2 3 3 1 1 0 2 0
0.008882247515887978 2 3 3 1 1 0 3 2
0.008537924894833094 2 3 3 1 1 3 0 2
0.0023556970486397115 2 3 3 1 1 3 3 2
0.2431264815302622 2 3 3 1 2 0 0 1
0.00012644535400315653 2 3 3 1 2 0 1 0
-0.008882247515887978 2 3 3 1 2 0 3 1
-0.008537924894833094 2 3 3 1 2 3 0 1
-0.0023556970486397115 2 3 3 1 2 3 3 1
0.00022391107411063335 2 3 3 2 1 0 0 1
0.22936247627717218 2 3 3 2 1 0 1 0
-0.008452454249933001 2 3 3 2 1 0 1 3
-0.008076627936330912 2 3 3 2 1 3 1 0
-0.002300535317378218 2 3 3 2 1 3 1 3
0.00022391107411063335 2 3 3 2 2 0 0 2
0.22936247627717218 2 3 3 2 2 0 2 0
-0.008452454249933001 2 3 3 2 2 0 2 3
-0.008076627936330912 2 3 3 2 2 3 2 0
-0.002300535317378218 2 3 3 2 2 3 2 3
24850.733268375716 3 0 0 0 0 0 0 0
3472.2664641319325 3 0 0 0 0 0 0 3
52.35381943411537 3 0 0 0 0 0 1 1
52.353819434115366 3 0 0 0 0 0 2 2
3628.9842482582994 3 0 0 0 0 0 3 0
-105.27587387228617 3 0 0 0 0 0 3 3
5510.593918168964 3 0 0 0 0 3 0 0
-211.18232411281954 3 0 0 0 0 3 0 3
11.589533774621547 3 0 0 0 0 3 1 1
11.589533774621549 3 0 0 0 0 3 2 2
-229.68866783051456 3 0 0 0 0 3 3 0
-22.22801007252932 3 0 0 0 0 3 3 3
6255.201320455583 3 0 0 0 3 0 0 0
-219.9564956179865 3 0 0 0 3 0 0 3
11.751563695341662 3 0 0 0 3 0 1 1
11.751563695341662 3 0 0 0 3 0 2 2
-239.85354379061397 3 0 0 0 3 0 3 0
-23.231093557804915 3 0 0 0 3 0 3 3
-351.3932132523219 3 0 0 0 3 3 0 0
-47.95820362833884 3 0 0 0 3 3 0 3
-0.7242340835782417 3 0 0 0 3 3 1 1
-0.7242340835782417 3 0 0 0 3 3 2 2
-50.27790373567308 3 0 0 0 3 3 3 0
1.229608295877623 3 0 0 0 3 3 3 3
3290.2374005112956 3 0 0 3 0 0 0 0
-162.45440465182182 3 0 0 3 0 0 0 3
-1963.0576686241961 3 0 0 3 0 0 1 1
-1963.0576686241961 3 0 0 3 0 0 2 2
-170.28614478161654 3 0 0 3 0 0 3 0
-26.19061478563227 3 0 0 3 0 0 3 3
-211.18232411281957 3 0 0 3 0 3 0 0
-36.7283128505377 3 0 0 3 0 3 0 3
116.40492386009551 3 0 0 3 0 3 1 1
116.4049238600955 3 0 0 3 0 3 2 2
-37.35065737456499 3 0 0 3 0 3 3 0
1.127697761215991 3 0 0 3 0 3 3 3
-219.9564956179865 3 0 0 3 3 0 0 0
-38.99473830114975 3 0 0 3 3 0 0 3
121.21660249257711 3 0 0 3 3 0 1 1
121.21660249257711 3 0 0 3 3 0 2 2
-39.57740962133163 3 0 0 3 3 0 3 0
1.162161175941247 3 0 0 3 3 0 3 3
-48.91900042127064 3 0 0 3 3 3 0 0
1.8170376719428207 3 0 0 3 3 3 0 3
26.276697426723928 3 0 0 3 3 3 1 1
26.276697426723928 3 0 0 3 3 3 2 2
1.9095240503514652 3 0 0 3 3 3 3 0
0.26762702325064336 3 0 0 3 3 3 3 3
61.331427852605835 3 0 1 1 0 0 0 0
-2.1795993862686007 3 0 1 1 0 0 0 3
0.0005265489430705342 3 0 1 1 0 0 1 1
0.0005265489430705342 3 0 1 1 0 0 2 2
-1779.3098023113387 3 0 1 1 0 0 3 0
51.364971302485465 3 0 1 1 0 0 3 3
13.25787003027102 3 0 1 1 0 3 0 0
-0.12432272177845131 3 0 1 1 0 3 0 3
0.00013568618758560342 3 0 1 1 0 3 1 1
0.00013568618758560342 3 0 1 1 0 3 2 2
116.40492386009552 3 0 1 1 0 3 3 0
11.589533774621545 3 0 1 1 0 3 3 3
13.570312385622588 3 0 1 1 3 0 0 0
-0.12305964107946364 3 0 1 1 3 0 0 3
0.00015528536877366624 3 0 1 1 3 0 1 1
0.0001552853687736697 3 0 1 1 3 0 2 2
121.21660249257712 3 0 1 1 3 0 3 0
11.751563695341662 3 0 1 1 3 0 3 3
-0.8239129292922108 3 0 1 1 3 3 0 0
-0.02897915390075908 3 0 1 1 3 3 0 3
27.246684884358594 3 0 1 1 3 3 3 0
-0.7315442077527056 3 0 1 1 3 3 3 3
66.306066516021 3 0 1 2 0 0 1 2
-66.30606651602099 3 0 1 2 0 0 2 1
15.120960006946518 3 0 1 2 0 3 1 2
-15.120960006946516 3 0 1 2 0 3 2 1
16.346160778157937 3 0 1 2 3 0 1 2
-16.346160778157937 3 0 1 2 3 0 2 1
-0.6713778295790084 3 0 1 2 3 3 1 2
0.6713778295790084 3 0 1 2 3 3 2 1
-66.30606651602102 3 0 2 1 0 0 1 2
66.306066516021 3 0 2 1 0 0 2 1
-15.120960006946516 3 0 2 1 0 3 1 2
15.120960006946516 3 0 2 1 0 3 2 1
-16.346160778157937 3 0 2 1 3 0 1 2
16.346160778157937 3 0 2 1 3 0 2 1
0.6713778295790084 3 0 2 1 3 3 1 2
-0.6713778295790084 3 0 2 1 3 3 2 1
61.33142785260583 3 0 2 2 0 0 0 0
-2.179599386268602 3 0 2 2 0 0 0 3
0.0005265489430705352 3 0 2 2 0 0 1 1
0.0005265489430705352 3 0 2 2 0 0 2 2
-1779.3098023113384 3 0 2 2 0 0 3 0
51.364971302485465 3 0 2 2 0 0 3 3
13.25787003027102 3 0 2 2 0 3 0 0
-0.12432272177845133 3 0 2 2 0 3 0 3
0.0001356861875856017 3 0 2 2 0 3 1 1
0.0001356861875856017 3 0 2 2 0 3 2 2
116.40492386009552 3 0 2 2 0 3 3 0
11.589533774621543 3 0 2 2 0 3 3 3
13.57031238562259 3 0 2 2 3 0 0 0
-0.12305964107946361 3 0 2 2 3 0 0 3
0.00015528536877366928 3 0 2 2 3 0 1 1
0.00015528536877367285 3 0 2 2 3 0 2 2
121.21660249257712 3 0 2 2 3 0 3 0
11.751563695341666 3 0 2 2 3 0 3 3
-0.8239129292922108 3 0 2 2 3 3 0 0
-0.02897915390075908 3 0 2 2 3 3 0 3
27.246684884358594 3 0 2 2 3 3 3 0
-0.7315442077527056 3 0 2 2 3 3 3 3
3432.1889069665167 3 0 3 0 0 0 0 0
-170.45136277364682 3 0 3 0 0 0 0 3
-1.4462426260442947 3 0 3 0 0 0 1 1
-1.4462426260442947 3 0 3 0 0 0 2 2
-180.175182307247 3 0 3 0 0 0 3 0
-25.349215874466008 3 0 3 0 0 0 3 3
-229.68866783051456 3 0 3 0 0 3 0 0
-37.35065737456498 3 0 3 0 0 3 0 3
-0.12432272177845129 3 0 3 0 0 3 1 1
-0.12432272177845129 3 0 3 0 0 3 2 2
-38.28373188096129 3 0 3 0 0 3 3 0
1.1382655224538405 3 0 3 0 0 3 3 3
-239.85354379061403 3 0 3 0 3 0 0 0
-39.57740962133164 3 0 3 0 3 0 0 3
-0.1230596410794636 3 0 3 0 3 0 1 1
-0.1230596410794636 3 0 3 0 3 0 2 2
-40.51115227513601 3 0 3 0 3 0 3 0
1.17255569390516 3 0 3 0 3 0 3 3
-51.31667492929806 3 0 3 0 3 3 0 0
1.9093518622071164 3 0 3 0 3 3 0 3
-0.026678618583380862 3 0 3 0 3 3 1 1
-0.026678618583380862 3 0 3 0 3 3 2 2
2.017570443536617 3 0 3 0 3 3 3 0
0.266365273205543 3 0 3 0 3 3 3 3
-102.8484475530491 3 0 3 3 0 0 0 0
-25.373822384647337 3 0 3 3 0 0 0 3
62.56751364603189 3 0 3 3 0 0 1 1
62.567513646031884 3 0 3 3 0 0 2 2
-24.636792781022262 3 0 3 3 0 0 3 0
1.0510048298168224 3 0 3 3 0 0 3 3
-22.228010072529315 3 0 3 3 0 3 0 0
1.127697761215991 3 0 3 3 0 3 0 3
13.25787003027102 3 0 3 3 0 3 1 1
13.257870030271018 3 0 3 3 0 3 2 2
1.138265522453841 3 0 3 3 0 3 3 0
0.24451922710176358 3 0 3 3 0 3 3 3
-23.23109355780492 3 0 3 3 3 0 0 0
1.1621611759412467 3 0 3 3 3 0 0 3
13.57031238562259 3 0 3 3 3 0 1 1
13.57031238562259 3 0 3 3 3 0 2 2
1.17255569390516 3 0 3 3 3 0 3 0
0.2542601542339885 3 0 3 3 3 0 3 3
1.2465119575229413 3 0 3 3 3 3 0 0
0.2702738851936612 3 0 3 3 3 3 0 3
-0.81583630135588 3 0 3 3 3 3 1 1
-0.81583630135588 3 0 3 3 3 3 2 2
0.2687209702541827 3 0 3 3 3 3 3 0
0.0026421942830773732 3 1 0 1 0 1 0 1
3.529077130177948 3 1 0 1 0 1 1 0
0.22712394877896036 3 1 0 1 0 1 1 3
0.00022782553953574813 3 1 0 1 0 1 3 1
0.0026421942830773732 3 1 0 1 0 2 0 2
3.5290771301779476 3 1 0 1 0 2 2 0
0.22712394877896033 3 1 0 1 0 2 2 3
0.00022782553953574813 3 1 0 1 0 2 3 2
0.000759904207297233 3 1 0 1 3 1 0 1
0.9693247906261909 3 1 0 1 3 1 1 0
-0.007310124174463795 3 1 0 1 3 1 1 3
0.0007599042072972348 3 1 0 1 3 2 0 2
0.9693247906261909 3 1 0 1 3 2 2 0
-0.007310124174463795 3 1 0 1 3 2 2 3
3.494799958247924 3 1 0 2 0 1 0 2
0.002280914753504528 3 1 0 2 0 1 2 0
0.0001235870771042884 3 1 0 2 0 1 2 3
0.2446741759663877 3 1 0 2 0 1 3 2
-3.494799958247924 3 1 0 2 0 2 0 1
-0.002280914753504528 3 1 0 2 0 2 1 0
-0.00012358707710428838 3 1 0 2 0 2 1 3
-0.24467417596638777 3 1 0 2 0 2 3 1
0.9600368887244962 3 1 0 2 3 1 0 2
0.000662667008477529 3 1 0 2 3 1 2 0
-0.0085379248948331 3 1 0 2 3 1 3 2
-0.9600368887244963 3 1 0 2 3 2 0 1
-0.000662667008477529 3 1 0 2 3 2 1 0
0.0085379248948331 3 1 0 2 3 2 3 1
0.002848556253262329 3 1 1 0 0 1 1 0
0.00023522173632965922 3 1 1 0 0 1 1 3
0.0001252318546892922 3 1 1 0 0 1 3 1
0.002848556253262329 3 1 1 0 0 2 2 0
0.00023522173632965922 3 1 1 0 0 2 2 3
0.00012523185468929209 3 1 1 0 0 2 3 2
0.0008176233228800634 3 1 1 0 3 1 1 0
0.0008176233228800634 3 1 1 0 3 2 2 0
0.00012397940967324831 3 1 1 3 0 1 0 1
0.0002327375580847199 3 1 1 3 0 1 1 0
0.0022926335785969833 3 1 1 3 0 1 3 1
0.00012397940967324831 3 1 1 3 0 2 0 2
0.00023273755808471988 3 1 1 3 0 2 2 0
0.0022926335785969833 3 1 1 3 0 2 3 2
0.0006626670084775303 3 1 1 3 3 1 3 1
0.0006626670084775303 3 1 1 3 3 2 3 2
-0.008452454249933012 3 1 2 0 0 1 0 2
3.7792919510357357 3 1 2 0 0 1 2 0
0.26064108272570163 3 1 2 0 0 1 2 3
0.22712230400137548 3 1 2 0 0 1 3 2
0.008452454249933012 3 1 2 0 0 2 0 1
-3.779291951035736 3 1 2 0 0 2 1 0
-0.26064108272570163 3 1 2 0 0 2 1 3
-0.22712230400137545 3 1 2 0 0 2 3 1
-0.00230053531737822 3 1 2 0 3 1 0 2
1.0379535703020917 3 1 2 0 3 1 2 0
-0.008365736750484737 3 1 2 0 3 1 2 3
-0.0073101241744637935 3 1 2 0 3 1 3 2
0.00230053531737822 3 1 2 0 3 2 0 1
-1.0379535703020917 3 1 2 0 3 2 1 0
0.008365736750484737 3 1 2 0 3 2 1 3
0.0073101241744637935 3 1 2 0 3 2 3 1
0.22936494222150225 3 1 2 3 0 1 0 2
0.259091958002396 3 1 2 3 0 1 2 0
-0.009595677646286547 3 1 2 3 0 1 2 3
3.5290654113528546 3 1 2 3 0 1 3 2
-0.22936494222150225 3 1 2 3 0 2 0 1
-0.25909195800239593 3 1 2 3 0 2 1 0
0.009595677646286547 3 1 2 3 0 2 1 3
-3.5290654113528546 3 1 2 3 0 2 3 1
-0.008076627936330922 3 1 2 3 3 1 0 2
-0.008365736750484737 3 1 2 3 3 1 2 0
-0.0026468619430178456 3 1 2 3 3 1 2 3
0.9693247906261908 3 1 2 3 3 1 3 2
0.008076627936330922 3 1 2 3 3 2 0 1
0.008365736750484737 3 1 2 3 3 2 1 0
0.0026468619430178456 3 1 2 3 3 2 1 3
-0.9693247906261908 3 1 2 3 3 2 3 1
0.00022391107411063238 3 1 3 1 0 1 0 1
0.22936247627717227 3 1 3 1 0 1 1 0
-0.008452454249933012 3 1 3 1 0 1 1 3
0.00022391107411063243 3 1 3 1 0 2 0 2
0.22936247627717227 3 1 3 1 0 2 2 0
-0.008452454249933012 3 1 3 1 0 2 2 3
-0.008076627936330922 3 1 3 1 3 1 1 0
-0.0023005353173782194 3 1 3 1 3 1 1 3
-0.008076627936330922 3 1 3 1 3 2 2 0
-0.00230053531737822 3 1 3 1 3 2 2 3
0.24312648153026212 3 1 3 2 0 1 0 2
0.00012644535400315674 3 1 3 2 0 1 2 0
-0.008882247515887981 3 1 3 2 0 1 3 2
-0.24312648153026215 3 1 3 2 0 2 0 1
-0.00012644535400315674 3 1 3 2 0 2 1 0
0.008882247515887981 3 1 3 2 0 2 3 1
-0.0085379248948331 3 1 3 2 3 1 0 2
-0.002355697048639713 3 1 3 2 3 1 3 2
0.0085379248948331 3 1 3 2 3 2 0 1
0.002355697048639713 3 1 3 2 3 2 3 1
-3.494799958247924 3 2 0 1 0 1 0 2
-0.002280914753504529 3 2 0 1 0 1 2 0
-0.0001235870771042885 3 2 0 1 0 1 2 3
-0.24467417596638777 3 2 0 1 0 1 3 2
3.494799958247924 3 2 0 1 0 2 0 1
0.002280914753504529 3 2 0 1 0 2 1 0
0.00012358707710428848 3 2 0 1 0 2 1 3
0.24467417596638777 3 2 0 1 0 2 3 1
-0.9600368887244962 3 2 0 1 3 1 0 2
-0.0006626670084775299 3 2 0 1 3 1 2 0
0.008537924894833102 3 2 0 1 3 1 3 2
0.9600368887244963 3 2 0 1 3 2 0 1
0.000662667008477529 3 2 0 1 3 2 1 0
-0.008537924894833102 3 2 0 1 3 2 3 1
0.002642194283077373 3 2 0 2 0 1 0 1
3.5290771301779476 3 2 0 2 0 1 1 0
0.22712394877896033 3 2 0 2 0 1 1 3
0.00022782553953574808 3 2 0 2 0 1 3 1
0.002642194283077373 3 2 0 2 0 2 0 2
3.529077130177948 3 2 0 2 0 2 2 0
0.2271239487789603 3 2 0 2 0 2 2 3
0.00022782553953574808 3 2 0 2 0 2 3 2
0.000759904207297233 3 2 0 2 3 1 0 1
0.9693247906261908 3 2 0 2 3 1 1 0
-0.0073101241744637935 3 2 0 2 3 1 1 3
0.000759904207297233 3 2 0 2 3 2 0 2
0.9693247906261908 3 2 0 2 3 2 2 0
-0.0073101241744637935 3 2 0 2 3 2 2 3
0.008452454249933012 3 2 1 0 0 1 0 2
-3.779291951035736 3 2 1 0 0 1 2 0
-0.26064108272570163 3 2 1 0 0 1 2 3
-0.22712230400137545 3 2 1 0 0 1 3 2
-0.008452454249933012 3 2 1 0 0 2 0 1
3.7792919510357357 3 2 1 0 0 2 1 0
0.26064108272570163 3 2 1 0 0 2 1 3
0.22712230400137545 3 2 1 0 0 2 3 1
0.00230053531737822 3 2 1 0 3 1 0 2
-1.0379535703020917 3 2 1 0 3 1 2 0
0.008365736750484737 3 2 1 0 3 1 2 3
0.0073101241744637935 3 2 1 0 3 1 3 2
-0.0023005353173782194 3 2 1 0 3 2 0 1
1.0379535703020917 3 2 1 0 3 2 1 0
-0.008365736750484737 3 2 1 0 3 2 1 3
-0.0073101241744637935 3 2 1 0 3 2 3 1
-0.22936494222150225 3 2 1 3 0 1 0 2
-0.259091958002396 3 2 1 3 0 1 2 0
0.009595677646286547 3 2 1 3 0 1 2 3
-3.529065411352855 3 2 1 3 0 1 3 2
0.22936494222150225 3 2 1 3 0 2 0 1
0.259091958002396 3 2 1 3 0 2 1 0
-0.009595677646286547 3 2 1 3 0 2 1 3
3.529065411352855 3 2 1 3 0 2 3 1
0.008076627936330922 3 2 1 3 3 1 0 2
0.008365736750484737 3 2 1 3 3 1 2 0
0.0026468619430178456 3 2 1 3 3 1 2 3
-0.9693247906261909 3 2 1 3 3 1 3 2
-0.008076627936330922 3 2 1 3 3 2 0 1
-0.008365736750484737 3 2 1 3 3 2 1 0
-0.0026468619430178456 3 2 1 3 3 2 1 3
0.9693247906261908 3 2 1 3 3 2 3 1
0.0028485562532623264 3 2 2 0 0 1 1 0
0.00023522173632965928 3 2 2 0 0 1 1 3
0.0001252318546892921 3 2 2 0 0 1 3 1
0.002848556253262328 3 2 2 0 0 2 2 0
0.0002352217363296592 3 2 2 0 0 2 2 3
0.0001252318546892921 3 2 2 0 0 2 3 2
0.0008176233228800634 3 2 2 0 3 1 1 0
0.0008176233228800616 3 2 2 0 3 2 2 0
0.0001239794096732483 3 2 2 3 0 1 0 1
0.00023273755808471972 3 2 2 3 0 1 1 0
0.0022926335785969833 3 2 2 3 0 1 3 1
0.00012397940967324831 3 2 2 3 0 2 0 2
0.00023273755808471975 3 2 2 3 0 2 2 0
0.0022926335785969833 3 2 2 3 0 2 3 2
0.0006626670084775295 3 2 2 3 3 1 3 1
0.0006626670084775286 3 2 2 3 3 2 3 2
-0.24312648153026215 3 2 3 1 0 1 0 2
-0.0001264453540031567 3 2 3 1 0 1 2 0
0.008882247515887981 3 2 3 1 0 1 3 2
0.24312648153026217 3 2 3 1 0 2 0 1
0.00012644535400315672 3 2 3 1 0 2 1 0
-0.008882247515887981 3 2 3 1 0 2 3 1
0.0085379248948331 3 2 3 1 3 1 0 2
0.002355697048639713 3 2 3 1 3 1 3 2
-0.0085379248948331 3 2 3 1 3 2 0 1
-0.002355697048639713 3 2 3 1 3 2 3 1
0.00022391107411063238 3 2 3 2 0 1 0 1
0.2293624762771723 3 2 3 2 0 1 1 0
-0.008452454249933012 3 2 3 2 0 1 1 3
0.00022391107411063238 3 2 3 2 0 2 0 2
0.2293624762771723 3 2 3 2 0 2 2 0
-0.008452454249933012 3 2 3 2 0 2 2 3
-0.008076627936330922 3 2 3 2 3 1 1 0
-0.0023005353173782203 3 2 3 2 3 1 1 3
-0.008076627936330922 3 2 3 2 3 2 2 0
-0.0023005353173782203 3 2 3 2 3 2 2 3
5137.76910690015 3 3 0 0 0 0 0 0
-210.28958421705673 3 3 0 0 0 0 0 3
11.73569312596089 3 3 0 0 0 0 1 1
11.73569312596089 3 3 0 0 0 0 2 2
-228.38481075764358 3 3 0 0 0 0 3 0
-22.23188022167885 3 3 0 0 0 0 3 3
-351.3932132523218 3 3 0 0 0 3 0 0
-48.91900042127065 3 3 0 0 0 3 0 3
-0.7315442077527051 3 3 0 0 0 3 1 1
-0.7315442077527051 3 3 0 0 0 3 2 2
-51.316674929298046 3 3 0 0 0 3 3 0
1.2465119575229406 3 3 0 0 0 3 3 3
-351.3932132523219 3 3 0 0 3 0 0 0
-48.91900042127065 3 3 0 0 3 0 0 3
-0.7315442077527055 3 3 0 0 3 0 1 1
-0.7315442077527055 3 3 0 0 3 0 2 2
-51.31667492929805 3 3 0 0 3 0 3 0
1.246511957522941 3 3 0 0 3 0 3 3
-81.26372025660214 3 3 0 0 3 3 0 0
2.6048786512148205 3 3 0 0 3 3 0 3
-0.17730708794513977 3 3 0 0 3 3 1 1
-0.17730708794513977 3 3 0 0 3 3 2 2
2.7988846535070637 3 3 0 0 3 3 3 0
0.2932417603116516 3 3 0 0 3 3 3 3
-203.2946999119948 3 3 0 3 0 0 0 0
-35.59428121193028 3 3 0 3 0 0 0 3
117.52875491896772 3 3 0 3 0 0 1 1
117.52875491896773 3 3 0 3 0 0 2 2
-36.25089987522886 3 3 0 3 0 0 3 0
1.1200617314996502 3 3 0 3 0 0 3 3
-47.95820362833883 3 3 0 3 0 3 0 0
1.81703767194282 3 3 0 3 0 3 0 3
27.246684884358594 3 3 0 3 0 3 1 1
27.246684884358594 3 3 0 3 0 3 2 2
1.909351862207116 3 3 0 3 0 3 3 0
0.27027388519366125 3 3 0 3 0 3 3 3
-47.95820362833884 3 3 0 3 3 0 0 0
1.8170376719428207 3 3 0 3 3 0 0 3
27.246684884358597 3 3 0 3 3 0 1 1
27.246684884358597 3 3 0 3 3 0 2 2
1.9093518622071164 3 3 0 3 3 0 3 0
0.2702738851936612 3 3 0 3 3 0 3 3
2.604878651214821 3 3 0 3 3 3 0 0
0.44355663793769945 3 3 0 3 3 3 0 3
-1.4316011611342423 3 3 0 3 3 3 1 1
-1.4316011611342423 3 3 0 3 3 3 2 2
0.45788245996918614 3 3 0 3 3 3 3 0
12.872033572647842 3 3 1 1 0 0 0 0
-0.11650180787801218 3 3 1 1 0 0 0 3
0.00012907102206434772 3 3 1 1 0 0 1 1
0.00012907102206434772 3 3 1 1 0 0 2 2
110.46603882910483 3 3 1 1 0 0 3 0
11.28119805424876 3 3 1 1 0 0 3 3
-0.8158363013558797 3 3 1 1 0 3 0 0
-0.026678618583380845 3 3 1 1 0 3 0 3
26.276697426723924 3 3 1 1 0 3 3 0
-0.7242340835782415 3 3 1 1 0 3 3 3
-0.8158363013558801 3 3 1 1 3 0 0 0
-0.026678618583380866 3 3 1 1 3 0 0 3
26.276697426723935 3 3 1 1 3 0 3 0
-0.7242340835782417 3 3 1 1 3 0 3 3
-0.19536889482401104 3 3 1 1 3 3 0 0
-1.431601161134242 3 3 1 1 3 3 3 0
-0.17730708794513977 3 3 1 1 3 3 3 3
14.508694585539788 3 3 1 2 0 0 1 2
-14.508694585539788 3 3 1 2 0 0 2 1
-0.6713778295790082 3 3 1 2 0 3 1 2
0.6713778295790082 3 3 1 2 0 3 2 1
-0.6713778295790083 3 3 1 2 3 0 1 2
0.6713778295790083 3 3 1 2 3 0 2 1
-0.16464069965753453 3 3 1 2 3 3 1 2
0.16464069965753453 3 3 1 2 3 3 2 1
-14.508694585539788 3 3 2 1 0 0 1 2
14.508694585539788 3 3 2 1 0 0 2 1
0.6713778295790083 3 3 2 1 0 3 1 2
-0.6713778295790083 3 3 2 1 0 3 2 1
0.6713778295790083 3 3 2 1 3 0 1 2
-0.6713778295790083 3 3 2 1 3 0 2 1
0.16464069965753453 3 3 2 1 3 3 1 2
-0.16464069965753453 3 3 2 1 3 3 2 1
12.87203357264784 3 3 2 2 0 0 0 0
-0.11650180787801218 3 3 2 2 0 0 0 3
0.00012907102206434772 3 3 2 2 0 0 1 1
0.00012907102206434772 3 3 2 2 0 0 2 2
110.46603882910485 3 3 2 2 0 0 3 0
11.28119805424876 3 3 2 2 0 0 3 3
-0.8158363013558797 3 3 2 2 0 3 0 0
-0.026678618583380852 3 3 2 2 0 3 0 3
26.276697426723924 3 3 2 2 0 3 3 0
-0.7242340835782415 3 3 2 2 0 3 3 3
-0.8158363013558801 3 3 2 2 3 0 0 0
-0.02667861858338086 3 3 2 2 3 0 0 3
26.276697426723935 3 3 2 2 3 0 3 0
-0.7242340835782417 3 3 2 2 3 0 3 3
-0.19536889482401104 3 3 2 2 3 3 0 0
-1.431601161134242 3 3 2 2 3 3 3 0
-0.17730708794513977 3 3 2 2 3 3 3 3
-220.8205297430655 3 3 3 0 0 0 0 0
-36.21895126931664 3 3 3 0 0 0 0 3
-0.1334067163778782 3 3 3 0 0 0 1 1
-0.1334067163778782 3 3 3 0 0 0 2 2
-37.16920781168091 3 3 3 0 0 0 3 0
1.130002684244069 3 3 3 0 0 0 3 3
-50.277903735673064 3 3 3 0 0 3 0 0
1.909524050351464 3 3 3 0 0 3 0 3
-0.028979153900759072 3 3 3 0 0 3 1 1
-0.028979153900759072 3 3 3 0 0 3 2 2
2.017570443536616 3 3 3 0 0 3 3 0
0.26872097025418257 3 3 3 0 0 3 3 3
-50.277903735673085 3 3 3 0 3 0 0 0
1.909524050351465 3 3 3 0 3 0 0 3
-0.02897915390075908 3 3 3 0 3 0 1 1
-0.02897915390075908 3 3 3 0 3 0 2 2
2.0175704435366164 3 3 3 0 3 0 3 0
0.2687209702541827 3 3 3 0 3 0 3 3
2.7988846535070633 3 3 3 0 3 3 0 0
0.4578824599691862 3 3 3 0 3 3 0 3
0.4752239553907444 3 3 3 0 3 3 3 0
-21.22342682754603 3 3 3 3 0 0 0 0
1.1008703762070766 3 3 3 3 0 0 0 3
13.331011415910195 3 3 3 3 0 0 1 1
13.331011415910194 3 3 3 3 0 0 2 2
1.112238189212293 3 3 3 3 0 0 3 0
0.23964876353565126 3 3 3 3 0 0 3 3
1.2296082958776227 3 3 3 3 0 3 0 0
0.26762702325064325 3 3 3 3 0 3 0 3
-0.8239129292922107 3 3 3 3 0 3 1 1
-0.8239129292922107 3 3 3 3 0 3 2 2
0.2663652732055429 3 3 3 3 0 3 3 0
1.229608295877623 3 3 3 3 3 0 0 0
0.26762702325064336 3 3 3 3 3 0 0 3
-0.8239129292922109 3 3 3 3 3 0 1 1
-0.8239129292922109 3 3 3 3 3 0 2 2
0.266365273205543 3 3 3 3 3 0 3 0
0.29324176031165156 3 3 3 3 3 3 0 0
-0.195368894824011 3 3 3 3 3 3 1 1
-0.195368894824011 3 3 3 3 3 3 2 2
