-874165.2007230202 0 0 0 0 0 0 0 0
14533.535482145362 0 0 0 0 0 0 0 3
-102.50978920932249 0 0 0 0 0 0 1 1
-102.5097892093225 0 0 0 0 0 0 2 2
20397.532189592268 0 0 0 0 0 0 3 0
2341.2092406808206 0 0 0 0 0 0 3 3
24953.44267236596 0 0 0 0 0 3 0 0
3599.469689913434 0 0 0 0 0 3 0 3
44.44134404813966 0 0 0 0 0 3 1 1
44.44134404813966 0 0 0 0 0 3 2 2
3740.5011262524354 0 0 0 0 0 3 3 0
-139.19973005468395 0 0 0 0 0 3 3 3
24953.442672365953 0 0 0 0 3 0 0 0
3599.4696899134365 0 0 0 0 3 0 0 3
44.441344048139676 0 0 0 0 3 0 1 1
44.441344048139676 0 0 0 0 3 0 2 2
3740.5011262524363 0 0 0 0 3 0 3 0
-139.19973005468398 0 0 0 0 3 0 3 3
5114.624490461641 0 0 0 0 3 3 0 0
-213.53295505009547 0 0 0 0 3 3 0 3
10.18968992045576 0 0 0 0 3 3 1 1
10.18968992045576 0 0 0 0 3 3 2 2
-247.82859265960016 0 0 0 0 3 3 3 0
-29.569409341461952 0 0 0 0 3 3 3 3
14533.53548214536 0 0 0 3 0 0 0 0
4242.159112265834 0 0 0 3 0 0 0 3
-7147.216674368287 0 0 0 3 0 0 1 1
-7147.216674368288 0 0 0 3 0 0 2 2
4025.2460207414315 0 0 0 3 0 0 3 0
-144.42201345442135 0 0 0 3 0 0 3 3
3794.3934641676815 0 0 0 3 0 3 0 0
-175.44615706302713 0 0 0 3 0 3 0 3
-1479.3238092266993 0 0 0 3 0 3 1 1
-1479.3238092266993 0 0 0 3 0 3 2 2
-193.39933055126065 0 0 0 3 0 3 3 0
-32.51965260312218 0 0 0 3 0 3 3 3
3794.3934641676815 0 0 0 3 3 0 0 0
-175.4461570630271 0 0 0 3 3 0 0 3
-1479.3238092267 0 0 0 3 3 0 1 1
-1479.3238092266997 0 0 0 3 3 0 2 2
-193.3993305512606 0 0 0 3 3 0 3 0
-32.51965260312218 0 0 0 3 3 0 3 3
-221.07658593972897 0 0 0 3 3 3 0 0
-41.13853026604978 0 0 0 3 3 3 0 3
93.33956855206468 0 0 0 3 3 3 1 1
93.33956855206468 0 0 0 3 3 3 2 2
-41.58279547069519 0 0 0 3 3 3 3 0
1.4393370904703309 0 0 0 3 3 3 3 3
-444.58631569499704 0 0 1 1 0 0 0 0
4.234518387223494 0 0 1 1 0 0 0 3
-0.23741475656777944 0 0 1 1 0 0 1 1
-0.23741475656777922 0 0 1 1 0 0 2 2
-7147.216674368289 0 0 1 1 0 0 3 0
-102.5097892093225 0 0 1 1 0 0 3 3
61.68986256515218 0 0 1 1 0 3 0 0
1.161444914559719 0 0 1 1 0 3 0 3
0.002589664348791383 0 0 1 1 0 3 1 1
0.002589664348791383 0 0 1 1 0 3 2 2
-1646.0851366237237 0 0 1 1 0 3 3 0
45.25523623236322 0 0 1 1 0 3 3 3
61.689862565152204 0 0 1 1 3 0 0 0
1.161444914559719 0 0 1 1 3 0 0 3
0.002589664348791383 0 0 1 1 3 0 1 1
0.002589664348791383 0 0 1 1 3 0 2 2
-1646.0851366237239 0 0 1 1 3 0 3 0
45.25523623236323 0 0 1 1 3 0 3 3
12.69883410567081 0 0 1 1 3 3 0 0
-0.23448659434818583 0 0 1 1 3 3 0 3
0.0006173523819247365 0 0 1 1 3 3 1 1
0.0006173523819247365 0 0 1 1 3 3 2 2
99.80122159820317 0 0 1 1 3 3 3 0
10.691894927449496 0 0 1 1 3 3 3 3
-1683.799365304044 0 0 1 2 0 0 1 2
1683.7993653040442 0 0 1 2 0 0 2 1
52.041457241254385 0 0 1 2 0 3 1 2
-52.041457241254385 0 0 1 2 0 3 2 1
52.04145724125438 0 0 1 2 3 0 1 2
-52.041457241254385 0 0 1 2 3 0 2 1
11.221149008674132 0 0 1 2 3 3 1 2
-11.221149008674134 0 0 1 2 3 3 2 1
1683.7993653040432 0 0 2 1 0 0 1 2
-1683.7993653040435 0 0 2 1 0 0 2 1
-52.041457241254385 0 0 2 1 0 3 1 2
52.041457241254385 0 0 2 1 0 3 2 1
-52.041457241254385 0 0 2 1 3 0 1 2
52.041457241254385 0 0 2 1 3 0 2 1
-11.221149008674134 0 0 2 1 3 3 1 2
11.221149008674134 0 0 2 1 3 3 2 1
-444.58631569499704 0 0 2 2 0 0 0 0
4.234518387223497 0 0 2 2 0 0 0 3
-0.2374147565677795 0 0 2 2 0 0 1 1
-0.2374147565677795 0 0 2 2 0 0 2 2
-7147.216674368288 0 0 2 2 0 0 3 0
-102.5097892093225 0 0 2 2 0 0 3 3
61.68986256515219 0 0 2 2 0 3 0 0
1.1614449145597197 0 0 2 2 0 3 0 3
0.002589664348791383 0 0 2 2 0 3 1 1
0.002589664348791383 0 0 2 2 0 3 2 2
-1646.0851366237237 0 0 2 2 0 3 3 0
45.25523623236322 0 0 2 2 0 3 3 3
61.6898625651522 0 0 2 2 3 0 0 0
1.1614449145597203 0 0 2 2 3 0 0 3
0.002589664348791383 0 0 2 2 3 0 1 1
0.002589664348791383 0 0 2 2 3 0 2 2
-1646.0851366237239 0 0 2 2 3 0 3 0
45.255236232363224 0 0 2 2 3 0 3 3
12.69883410567081 0 0 2 2 3 3 0 0
-0.23448659434818578 0 0 2 2 3 3 0 3
0.0006173523819247365 0 0 2 2 3 3 1 1
0.0006173523819247365 0 0 2 2 3 3 2 2
99.80122159820317 0 0 2 2 3 3 3 0
10.691894927449496 0 0 2 2 3 3 3 3
20397.53218959227 0 0 3 0 0 0 0 0
4025.246020741432 0 0 3 0 0 0 0 3
4.234518387223498 0 0 3 0 0 0 1 1
4.234518387223499 0 0 3 0 0 0 2 2
4029.2524622222886 0 0 3 0 0 0 3 0
-150.1883685743054 0 0 3 0 0 0 3 3
3963.012817312982 0 0 3 0 0 3 0 0
-192.84392990367436 0 0 3 0 0 3 0 3
0.5174718645714638 0 0 3 0 0 3 1 1
0.517471864571464 0 0 3 0 0 3 2 2
-217.7489703982658 0 0 3 0 0 3 3 0
-31.67449546722317 0 0 3 0 0 3 3 3
3963.0128173129833 0 0 3 0 3 0 0 0
-192.8439299036744 0 0 3 0 3 0 0 3
0.5174718645714644 0 0 3 0 3 0 1 1
0.5174718645714653 0 0 3 0 3 0 2 2
-217.74897039826578 0 0 3 0 3 0 3 0
-31.674495467223185 0 0 3 0 3 0 3 3
-256.4468962319207 0 0 3 0 3 3 0 0
-41.68330776004957 0 0 3 0 3 3 0 3
-0.2198089058383775 0 0 3 0 3 3 1 1
-0.2198089058383775 0 0 3 0 3 3 2 2
-43.15995925596824 0 0 3 0 3 3 3 0
1.511516331785578 0 0 3 0 3 3 3 3
2341.20924068082 0 0 3 3 0 0 0 0
-144.42201345442135 0 0 3 3 0 0 0 3
-444.5863156949971 0 0 3 3 0 0 1 1
-444.5863156949971 0 0 3 3 0 0 2 2
-150.1883685743054 0 0 3 3 0 0 3 0
-36.25609150925501 0 0 3 3 0 0 3 3
-142.95543658904475 0 0 3 3 0 3 0 0
-33.471566664637635 0 0 3 3 0 3 0 3
60.28427493164294 0 0 3 3 0 3 1 1
60.28427493164294 0 0 3 3 0 3 2 2
-32.460683828381974 0 0 3 3 0 3 3 0
1.3406390923953428 0 0 3 3 0 3 3 3
-142.95543658904472 0 0 3 3 3 0 0 0
-33.47156666463765 0 0 3 3 3 0 0 3
60.28427493164295 0 0 3 3 3 0 1 1
60.28427493164295 0 0 3 3 3 0 2 2
-32.46068382838198 0 0 3 3 3 0 3 0
1.340639092395343 0 0 3 3 3 0 3 3
-31.276693354178008 0 0 3 3 3 3 0 0
1.4658330644857624 0 0 3 3 3 3 0 3
12.211695822724874 0 0 3 3 3 3 1 1
12.211695822724874 0 0 3 3 3 3 2 2
1.5376976716419497 0 0 3 3 3 3 3 0
0.310215730794451 0 0 3 3 3 3 3 3
-0.3765872888073952 0 1 0 1 0 1 0 1
-166.62086038683336 0 1 0 1 0 1 1 0
0.8143436183040708 0 1 0 1 0 1 1 3
0.0027389586060491654 0 1 0 1 0 1 3 1
-0.37658728880739506 0 1 0 1 0 2 0 2
-166.62086038683336 0 1 0 1 0 2 2 0
0.8143436183040709 0 1 0 1 0 2 2 3
0.0027389586060491654 0 1 0 1 0 2 3 2
0.0038962289254317406 0 1 0 1 3 1 0 1
3.229648806007886 0 1 0 1 3 1 1 0
0.25116611489036916 0 1 0 1 3 1 1 3
0.0005690543065677806 0 1 0 1 3 1 3 1
0.0038962289254317424 0 1 0 1 3 2 0 2
3.2296488060078854 0 1 0 1 3 2 2 0
0.25116611489036916 0 1 0 1 3 2 2 3
0.0005690543065677806 0 1 0 1 3 2 3 2
-194.54718696543944 0 1 0 2 0 1 0 2
-0.14046701019191354 0 1 0 2 0 1 2 0
-0.0004514340805123443 0 1 0 2 0 1 2 3
2.1528146323673867 0 1 0 2 0 1 3 2
194.54718696543944 0 1 0 2 0 2 0 1
0.14046701019191346 0 1 0 2 0 2 1 0
0.0004514340805123443 0 1 0 2 0 2 1 3
-2.1528146323673867 0 1 0 2 0 2 3 1
3.7679192158913497 0 1 0 2 3 1 0 2
0.0011777170613197748 0 1 0 2 3 1 2 0
-6.361139349854992e-05 0 1 0 2 3 1 2 3
0.3952408297820235 0 1 0 2 3 1 3 2
-3.7679192158913497 0 1 0 2 3 2 0 1
-0.0011777170613197756 0 1 0 2 3 2 1 0
6.361139349854992e-05 0 1 0 2 3 2 1 3
-0.39524082978202346 0 1 0 2 3 2 3 1
0.0001549429402185183 0 1 1 0 0 1 0 1
-0.40091761794861747 0 1 1 0 0 1 1 0
0.0021671351837429806 0 1 1 0 0 1 1 3
-0.0004514340805123456 0 1 1 0 0 1 3 1
0.0001549429402185182 0 1 1 0 0 2 0 2
-0.4009176179486175 0 1 1 0 0 2 2 0
0.0021671351837429798 0 1 1 0 0 2 2 3
-0.0004514340805123456 0 1 1 0 0 2 3 2
0.004073782782180218 0 1 1 0 3 1 1 0
0.0005573702472414139 0 1 1 0 3 1 1 3
-7.56078819648655e-05 0 1 1 0 3 1 3 1
0.004073782782180218 0 1 1 0 3 2 2 0
0.0005573702472414139 0 1 1 0 3 2 2 3
-7.56078819648655e-05 0 1 1 0 3 2 3 2
-0.0002050631397275361 0 1 1 3 0 1 0 1
0.00216713518374298 0 1 1 3 0 1 1 0
0.0009529501271647537 0 1 1 3 0 1 1 3
-0.14046701019191352 0 1 1 3 0 1 3 1
-0.0002050631397275361 0 1 1 3 0 2 0 2
0.00216713518374298 0 1 1 3 0 2 2 0
0.0009529501271647541 0 1 1 3 0 2 2 3
-0.1404670101919135 0 1 1 3 0 2 3 2
-6.565520437477716e-05 0 1 1 3 3 1 0 1
0.0005765613281480238 0 1 1 3 3 1 1 0
0.0011467470562920813 0 1 1 3 3 1 3 1
-6.565520437477716e-05 0 1 1 3 3 2 0 2
0.0005765613281480238 0 1 1 3 3 2 2 0
0.0011467470562920813 0 1 1 3 3 2 3 2
0.6438181070480385 0 1 2 0 0 1 0 2
-222.11077344259604 0 1 2 0 0 1 2 0
1.5979858082034735 0 1 2 0 0 1 2 3
0.8143436183040712 0 1 2 0 0 1 3 2
-0.6438181070480384 0 1 2 0 0 2 0 1
222.110773442596 0 1 2 0 0 2 1 0
-1.5979858082034732 0 1 2 0 0 2 1 3
-0.8143436183040711 0 1 2 0 0 2 3 1
-0.0073388442549041895 0 1 2 0 3 1 0 2
4.305078003378131 0 1 2 0 3 1 2 0
0.4455086585185358 0 1 2 0 3 1 2 3
0.25117811137883556 0 1 2 0 3 1 3 2
0.0073388442549041895 0 1 2 0 3 2 0 1
-4.30507800337813 0 1 2 0 3 2 1 0
-0.44550865851853577 0 1 2 0 3 2 1 3
-0.25117811137883556 0 1 2 0 3 2 3 1
1.4057926966489835 0 1 2 3 0 1 0 2
1.5979858082034741 0 1 2 3 0 1 2 0
0.9509611113883202 0 1 2 3 0 1 2 3
-166.62086038683336 0 1 2 3 0 1 3 2
-1.4057926966489835 0 1 2 3 0 2 0 1
-1.5979858082034737 0 1 2 3 0 2 1 0
-0.9509611113883202 0 1 2 3 0 2 1 3
166.62086038683336 0 1 2 3 0 2 3 1
0.24363479667734966 0 1 2 3 3 1 0 2
0.457255560941302 0 1 2 3 3 1 2 0
-0.013247987007715421 0 1 2 3 3 1 2 3
3.2296797760129135 0 1 2 3 3 1 3 2
-0.24363479667734966 0 1 2 3 3 2 0 1
-0.457255560941302 0 1 2 3 3 2 1 0
0.013247987007715421 0 1 2 3 3 2 1 3
-3.229679776012913 0 1 2 3 3 2 3 1
0.0027389586060491654 0 1 3 1 0 1 0 1
1.405792696648984 0 1 3 1 0 1 1 0
0.6438181070480384 0 1 3 1 0 1 1 3
0.0009024186336951276 0 1 3 1 0 1 3 1
0.0027389586060491654 0 1 3 1 0 2 0 2
1.4057926966489842 0 1 3 1 0 2 2 0
0.6438181070480385 0 1 3 1 0 2 2 3
0.0009024186336951278 0 1 3 1 0 2 3 2
0.0005917900931853795 0 1 3 1 3 1 0 1
0.2436479996064324 0 1 3 1 3 1 1 0
-0.007338844254904187 0 1 3 1 3 1 1 3
0.0005917900931853795 0 1 3 1 3 2 0 2
0.24364799960643246 0 1 3 1 3 2 2 0
-0.007338844254904187 0 1 3 1 3 2 2 3
2.152814632367386 0 1 3 2 0 1 0 2
-0.00020506313972753603 0 1 3 2 0 1 2 0
0.0001549429402185181 0 1 3 2 0 1 2 3
0.785285942525109 0 1 3 2 0 1 3 2
-2.152814632367386 0 1 3 2 0 2 0 1
0.00020506313972753603 0 1 3 2 0 2 1 0
-0.0001549429402185181 0 1 3 2 0 2 1 3
-0.785285942525109 0 1 3 2 0 2 3 1
0.4069841874990788 0 1 3 2 3 1 0 2
-7.885813345746059e-05 0 1 3 2 3 1 2 0
-0.013090669928185854 0 1 3 2 3 1 3 2
-0.40698418749907866 0 1 3 2 3 2 0 1
7.885813345746059e-05 0 1 3 2 3 2 1 0
0.013090669928185854 0 1 3 2 3 2 3 1
194.54718696543944 0 2 0 1 0 1 0 2
0.14046701019191357 0 2 0 1 0 1 2 0
0.0004514340805123443 0 2 0 1 0 1 2 3
-2.1528146323673867 0 2 0 1 0 1 3 2
-194.5471869654395 0 2 0 1 0 2 0 1
-0.14046701019191354 0 2 0 1 0 2 1 0
-0.0004514340805123443 0 2 0 1 0 2 1 3
2.152814632367387 0 2 0 1 0 2 3 1
-3.7679192158913497 0 2 0 1 3 1 0 2
-0.0011777170613197756 0 2 0 1 3 1 2 0
6.361139349854992e-05 0 2 0 1 3 1 2 3
-0.3952408297820235 0 2 0 1 3 1 3 2
3.7679192158913497 0 2 0 1 3 2 0 1
0.0011777170613197748 0 2 0 1 3 2 1 0
-6.361139349854992e-05 0 2 0 1 3 2 1 3
0.3952408297820236 0 2 0 1 3 2 3 1
-0.3765872888073951 0 2 0 2 0 1 0 1
-166.62086038683336 0 2 0 2 0 1 1 0
0.814343618304071 0 2 0 2 0 1 1 3
0.0027389586060491663 0 2 0 2 0 1 3 1
-0.3765872888073952 0 2 0 2 0 2 0 2
-166.62086038683336 0 2 0 2 0 2 2 0
0.814343618304071 0 2 0 2 0 2 2 3
0.002738958606049167 0 2 0 2 0 2 3 2
0.0038962289254317406 0 2 0 2 3 1 0 1
3.2296488060078854 0 2 0 2 3 1 1 0
0.2511661148903692 0 2 0 2 3 1 1 3
0.0005690543065677805 0 2 0 2 3 1 3 1
0.0038962289254317406 0 2 0 2 3 2 0 2
3.229648806007886 0 2 0 2 3 2 2 0
0.2511661148903692 0 2 0 2 3 2 2 3
0.0005690543065677805 0 2 0 2 3 2 3 2
-0.6438181070480385 0 2 1 0 0 1 0 2
222.11077344259607 0 2 1 0 0 1 2 0
-1.5979858082034735 0 2 1 0 0 1 2 3
-0.8143436183040713 0 2 1 0 0 1 3 2
0.6438181070480385 0 2 1 0 0 2 0 1
-222.11077344259607 0 2 1 0 0 2 1 0
1.5979858082034737 0 2 1 0 0 2 1 3
0.8143436183040712 0 2 1 0 0 2 3 1
0.007338844254904189 0 2 1 0 3 1 0 2
-4.305078003378131 0 2 1 0 3 1 2 0
-0.4455086585185358 0 2 1 0 3 1 2 3
-0.2511781113788356 0 2 1 0 3 1 3 2
-0.007338844254904189 0 2 1 0 3 2 0 1
4.30507800337813 0 2 1 0 3 2 1 0
0.4455086585185358 0 2 1 0 3 2 1 3
0.25117811137883556 0 2 1 0 3 2 3 1
-1.405792696648984 0 2 1 3 0 1 0 2
-1.597985808203474 0 2 1 3 0 1 2 0
-0.9509611113883201 0 2 1 3 0 1 2 3
166.62086038683336 0 2 1 3 0 1 3 2
1.4057926966489838 0 2 1 3 0 2 0 1
1.597985808203474 0 2 1 3 0 2 1 0
0.9509611113883201 0 2 1 3 0 2 1 3
-166.62086038683336 0 2 1 3 0 2 3 1
-0.2436347966773497 0 2 1 3 3 1 0 2
-0.457255560941302 0 2 1 3 3 1 2 0
0.013247987007715423 0 2 1 3 3 1 2 3
-3.229679776012913 0 2 1 3 3 1 3 2
0.24363479667734964 0 2 1 3 3 2 0 1
0.457255560941302 0 2 1 3 3 2 1 0
-0.013247987007715423 0 2 1 3 3 2 1 3
3.2296797760129135 0 2 1 3 3 2 3 1
0.0001549429402185183 0 2 2 0 0 1 0 1
-0.40091761794861747 0 2 2 0 0 1 1 0
0.0021671351837429798 0 2 2 0 0 1 1 3
-0.0004514340805123456 0 2 2 0 0 1 3 1
0.00015494294021851842 0 2 2 0 0 2 0 2
-0.4009176179486176 0 2 2 0 0 2 2 0
0.0021671351837429798 0 2 2 0 0 2 2 3
-0.00045143408051234474 0 2 2 0 0 2 3 2
0.004073782782180218 0 2 2 0 3 1 1 0
0.0005573702472414139 0 2 2 0 3 1 1 3
-7.560788196486553e-05 0 2 2 0 3 1 3 1
0.004073782782180218 0 2 2 0 3 2 2 0
0.0005573702472414139 0 2 2 0 3 2 2 3
-7.560788196486553e-05 0 2 2 0 3 2 3 2
-0.0002050631397275361 0 2 2 3 0 1 0 1
0.00216713518374298 0 2 2 3 0 1 1 0
0.0009529501271647537 0 2 2 3 0 1 1 3
-0.14046701019191357 0 2 2 3 0 1 3 1
-0.00020506313972753655 0 2 2 3 0 2 0 2
0.00216713518374298 0 2 2 3 0 2 2 0
0.0009529501271647537 0 2 2 3 0 2 2 3
-0.1404670101919135 0 2 2 3 0 2 3 2
-6.565520437477716e-05 0 2 2 3 3 1 0 1
0.0005765613281480238 0 2 2 3 3 1 1 0
0.0011467470562920813 0 2 2 3 3 1 3 1
-6.565520437477716e-05 0 2 2 3 3 2 0 2
0.0005765613281480238 0 2 2 3 3 2 2 0
0.0011467470562920813 0 2 2 3 3 2 3 2
-2.152814632367386 0 2 3 1 0 1 0 2
0.00020506313972753603 0 2 3 1 0 1 2 0
-0.0001549429402185182 0 2 3 1 0 1 2 3
-0.7852859425251089 0 2 3 1 0 1 3 2
2.1528146323673867 0 2 3 1 0 2 0 1
-0.00020506313972753603 0 2 3 1 0 2 1 0
0.0001549429402185181 0 2 3 1 0 2 1 3
0.785285942525109 0 2 3 1 0 2 3 1
-0.4069841874990787 0 2 3 1 3 1 0 2
7.885813345746045e-05 0 2 3 1 3 1 2 0
0.013090669928185854 0 2 3 1 3 1 3 2
0.4069841874990787 0 2 3 1 3 2 0 1
-7.885813345746056e-05 0 2 3 1 3 2 1 0
-0.013090669928185854 0 2 3 1 3 2 3 1
0.0027389586060491654 0 2 3 2 0 1 0 1
1.4057926966489842 0 2 3 2 0 1 1 0
0.6438181070480384 0 2 3 2 0 1 1 3
0.0009024186336951274 0 2 3 2 0 1 3 1
0.0027389586060491654 0 2 3 2 0 2 0 2
1.4057926966489842 0 2 3 2 0 2 2 0
0.6438181070480384 0 2 3 2 0 2 2 3
0.0009024186336951278 0 2 3 2 0 2 3 2
0.0005917900931853795 0 2 3 2 3 1 0 1
0.2436479996064324 0 2 3 2 3 1 1 0
-0.007338844254904187 0 2 3 2 3 1 1 3
0.0005917900931853795 0 2 3 2 3 2 0 2
0.24364799960643246 0 2 3 2 3 2 2 0
-0.007338844254904187 0 2 3 2 3 2 2 3
24953.442672365953 0 3 0 0 0 0 0 0
3794.3934641676797 0 3 0 0 0 0 0 3
45.25523623236322 0 3 0 0 0 0 1 1
45.25523623236322 0 3 0 0 0 0 2 2
3963.0128173129838 0 3 0 0 0 0 3 0
-142.9554365890447 0 3 0 0 0 0 3 3
6229.649410592206 0 3 0 0 0 3 0 0
-229.95495345694982 0 3 0 0 0 3 0 3
10.653513454231312 0 3 0 0 0 3 1 1
10.653513454231312 0 3 0 0 0 3 2 2
-269.77213308438934 0 3 0 0 0 3 3 0
-32.523085104690196 0 3 0 0 0 3 3 3
5486.648657898836 0 3 0 0 3 0 0 0
-221.523514828716 0 3 0 0 3 0 0 3
10.51174266066731 0 3 0 0 3 0 1 1
10.51174266066731 0 3 0 0 3 0 2 2
-258.0186287876178 0 3 0 0 3 0 3 0
-31.11556225022618 0 3 0 0 3 0 3 3
-353.1160891133566 0 3 0 0 3 3 0 0
-52.22396807090303 0 3 0 0 3 3 0 3
-0.6445421609841218 0 3 0 0 3 3 1 1
-0.6445421609841218 0 3 0 0 3 3 2 2
-55.01847639981757 0 3 0 0 3 3 3 0
1.6887333002504783 0 3 0 0 3 3 3 3
3599.4696899134333 0 3 0 3 0 0 0 0
-175.4461570630271 0 3 0 3 0 0 0 3
-1646.085136623724 0 3 0 3 0 0 1 1
-1646.0851366237243 0 3 0 3 0 0 2 2
-192.84392990367442 0 3 0 3 0 0 3 0
-33.471566664637656 0 3 0 3 0 0 3 3
-229.95495345694985 0 3 0 3 0 3 0 0
-44.93788168534847 0 3 0 3 0 3 0 3
102.7466348041087 0 3 0 3 0 3 1 1
102.7466348041087 0 3 0 3 0 3 2 2
-45.26822050910917 0 3 0 3 0 3 3 0
1.5158916280313384 0 3 0 3 0 3 3 3
-221.52351482871597 0 3 0 3 3 0 0 0
-42.405601503054065 0 3 0 3 3 0 0 3
98.63011169339822 0 3 0 3 3 0 1 1
98.63011169339822 0 3 0 3 3 0 2 2
-42.85319565645215 0 3 0 3 3 0 3 0
1.473687260995811 0 3 0 3 3 0 3 3
-53.25268749763346 0 3 0 3 3 3 0 0
2.033055637583698 0 3 0 3 3 3 0 3
21.93611287863089 0 3 0 3 3 3 1 1
21.93611287863089 0 3 0 3 3 3 2 2
2.2151692975357844 0 3 0 3 3 3 3 0
0.35912926753150626 0 3 0 3 3 3 3 3
60.28427493164295 0 3 1 1 0 0 0 0
0.5174718645714643 0 3 1 1 0 0 0 3
0.0025896643487913836 0 3 1 1 0 0 1 1
0.0025896643487913836 0 3 1 1 0 0 2 2
-1479.3238092267 0 3 1 1 0 0 3 0
44.441344048139655 0 3 1 1 0 0 3 3
12.982563544416209 0 3 1 1 0 3 0 0
-0.22996516938162742 0 3 1 1 0 3 0 3
0.0007558831428505814 0 3 1 1 0 3 1 1
0.000755883142850583 0 3 1 1 0 3 2 2
102.74663480410868 0 3 1 1 0 3 3 0
10.653513454231314 0 3 1 1 0 3 3 3
12.631123541466513 0 3 1 1 3 0 0 0
-0.2280868898560636 0 3 1 1 3 0 0 3
0.0006496648476317628 0 3 1 1 3 0 1 1
0.0006496648476317628 0 3 1 1 3 0 2 2
98.63011169339822 0 3 1 1 3 0 3 0
10.511742660667306 0 3 1 1 3 0 3 3
-0.7920889636529487 0 3 1 1 3 3 0 0
-0.05551853664125725 0 3 1 1 3 3 0 3
22.81689191860358 0 3 1 1 3 3 3 0
-0.6518468769661815 0 3 1 1 3 3 3 3
52.041457241254385 0 3 1 2 0 0 1 2
-52.041457241254385 0 3 1 2 0 0 2 1
12.744379521276096 0 3 1 2 0 3 1 2
-12.744379521276098 0 3 1 2 0 3 2 1
11.725217647874691 0 3 1 2 3 0 1 2
-11.72521764787469 0 3 1 2 3 0 2 1
-0.5122429663336934 0 3 1 2 3 3 1 2
0.5122429663336934 0 3 1 2 3 3 2 1
-52.041457241254385 0 3 2 1 0 0 1 2
52.041457241254385 0 3 2 1 0 0 2 1
-12.744379521276096 0 3 2 1 0 3 1 2
12.744379521276098 0 3 2 1 0 3 2 1
-11.72521764787469 0 3 2 1 3 0 1 2
11.725217647874691 0 3 2 1 3 0 2 1
0.5122429663336934 0 3 2 1 3 3 1 2
-0.5122429663336934 0 3 2 1 3 3 2 1
60.28427493164295 0 3 2 2 0 0 0 0
0.5174718645714645 0 3 2 2 0 0 0 3
0.0025896643487913836 0 3 2 2 0 0 1 1
0.0025896643487913766 0 3 2 2 0 0 2 2
-1479.3238092267 0 3 2 2 0 0 3 0
44.441344048139655 0 3 2 2 0 0 3 3
12.982563544416209 0 3 2 2 0 3 0 0
-0.22996516938162742 0 3 2 2 0 3 0 3
0.0007558831428505827 0 3 2 2 0 3 1 1
0.0007558831428505861 0 3 2 2 0 3 2 2
102.74663480410868 0 3 2 2 0 3 3 0
10.653513454231314 0 3 2 2 0 3 3 3
12.631123541466513 0 3 2 2 3 0 0 0
-0.22808688985606362 0 3 2 2 3 0 0 3
0.0006496648476317628 0 3 2 2 3 0 1 1
0.0006496648476317628 0 3 2 2 3 0 2 2
98.63011169339822 0 3 2 2 3 0 3 0
10.511742660667306 0 3 2 2 3 0 3 3
-0.7920889636529487 0 3 2 2 3 3 0 0
-0.05551853664125725 0 3 2 2 3 3 0 3
22.81689191860358 0 3 2 2 3 3 3 0
-0.6518468769661815 0 3 2 2 3 3 3 3
3740.501126252435 0 3 3 0 0 0 0 0
-193.3993305512606 0 3 3 0 0 0 0 3
1.161444914559719 0 3 3 0 0 0 1 1
1.1614449145597194 0 3 3 0 0 0 2 2
-217.7489703982658 0 3 3 0 0 0 3 0
-32.46068382838195 0 3 3 0 0 0 3 3
-269.7721330843893 0 3 3 0 0 3 0 0
-45.26822050910916 0 3 3 0 0 3 0 3
-0.2299651693816274 0 3 3 0 0 3 1 1
-0.2299651693816274 0 3 3 0 0 3 2 2
-46.87776880359736 0 3 3 0 0 3 3 0
1.590618555132773 0 3 3 0 0 3 3 3
-258.01862878761784 0 3 3 0 3 0 0 0
-42.853195656452144 0 3 3 0 3 0 0 3
-0.22808688985606354 0 3 3 0 3 0 1 1
-0.22808688985606354 0 3 3 0 3 0 2 2
-44.399850126424155 0 3 3 0 3 0 3 0
1.5466108528534332 0 3 3 0 3 0 3 3
-56.192958616726266 0 3 3 0 3 3 0 0
2.2145261296481995 0 3 3 0 3 3 0 3
-0.05351062794160499 0 3 3 0 3 3 1 1
-0.05351062794160499 0 3 3 0 3 3 2 2
2.4521611890665915 0 3 3 0 3 3 3 0
0.3619733394345688 0 3 3 0 3 3 3 3
-139.199730054684 0 3 3 3 0 0 0 0
-32.519652603122175 0 3 3 3 0 0 0 3
61.6898625651522 0 3 3 3 0 0 1 1
61.6898625651522 0 3 3 3 0 0 2 2
-31.674495467223167 0 3 3 3 0 0 3 0
1.3406390923953428 0 3 3 3 0 0 3 3
-32.52308510469024 0 3 3 3 0 3 0 0
1.5158916280313384 0 3 3 3 0 3 0 3
12.982563544416207 0 3 3 3 0 3 1 1
12.982563544416207 0 3 3 3 0 3 2 2
1.590618555132773 0 3 3 3 0 3 3 0
0.32725166333086286 0 3 3 3 0 3 3 3
-31.11556225022617 0 3 3 3 3 0 0 0
1.4736872609958103 0 3 3 3 3 0 0 3
12.631123541466511 0 3 3 3 3 0 1 1
12.631123541466511 0 3 3 3 3 0 2 2
1.5466108528534335 0 3 3 3 3 0 3 0
0.31589437497325495 0 3 3 3 3 0 3 3
1.7164761942661189 0 3 3 3 3 3 0 0
0.3628733056078676 0 3 3 3 3 3 0 3
-0.7831996322761628 0 3 3 3 3 3 1 1
-0.7831996322761628 0 3 3 3 3 3 2 2
0.36523188837632375 0 3 3 3 3 3 3 0
-0.37658728880739534 1 0 0 1 1 0 0 1
-166.62086038683339 1 0 0 1 1 0 1 0
0.8143436183040704 1 0 0 1 1 0 1 3
0.0027389586060491693 1 0 0 1 1 0 3 1
0.0038962289254317432 1 0 0 1 1 3 0 1
3.2296488060078863 1 0 0 1 1 3 1 0
0.25116611489036894 1 0 0 1 1 3 1 3
0.0005690543065677806 1 0 0 1 1 3 3 1
-0.37658728880739517 1 0 0 1 2 0 0 2
-166.6208603868334 1 0 0 1 2 0 2 0
0.8143436183040705 1 0 0 1 2 0 2 3
0.0027389586060491693 1 0 0 1 2 0 3 2
0.0038962289254317432 1 0 0 1 2 3 0 2
3.2296488060078867 1 0 0 1 2 3 2 0
0.251166114890369 1 0 0 1 2 3 2 3
0.0005690543065677804 1 0 0 1 2 3 3 2
-194.54718696543955 1 0 0 2 1 0 0 2
-0.1404670101919133 1 0 0 2 1 0 2 0
-0.0004514340805123456 1 0 0 2 1 0 2 3
2.1528146323673885 1 0 0 2 1 0 3 2
3.767919215891353 1 0 0 2 1 3 0 2
0.001177717061319774 1 0 0 2 1 3 2 0
-6.361139349855024e-05 1 0 0 2 1 3 2 3
0.39524082978202385 1 0 0 2 1 3 3 2
194.54718696543955 1 0 0 2 2 0 0 1
0.1404670101919133 1 0 0 2 2 0 1 0
0.0004514340805123456 1 0 0 2 2 0 1 3
-2.1528146323673885 1 0 0 2 2 0 3 1
-3.7679192158913524 1 0 0 2 2 3 0 1
-0.001177717061319774 1 0 0 2 2 3 1 0
6.361139349855024e-05 1 0 0 2 2 3 1 3
-0.3952408297820238 1 0 0 2 2 3 3 1
0.00015494294021851788 1 0 1 0 1 0 0 1
-0.4009176179486178 1 0 1 0 1 0 1 0
0.002167135183742984 1 0 1 0 1 0 1 3
-0.0004514340805123465 1 0 1 0 1 0 3 1
0.004073782782180219 1 0 1 0 1 3 1 0
0.0005573702472414141 1 0 1 0 1 3 1 3
-7.56078819648654e-05 1 0 1 0 1 3 3 1
0.0001549429402185181 1 0 1 0 2 0 0 2
-0.40091761794861763 1 0 1 0 2 0 2 0
0.002167135183742984 1 0 1 0 2 0 2 3
-0.0004514340805123456 1 0 1 0 2 0 3 2
0.004073782782180219 1 0 1 0 2 3 2 0
0.0005573702472414141 1 0 1 0 2 3 2 3
-7.56078819648654e-05 1 0 1 0 2 3 3 2
-0.0002050631397275374 1 0 1 3 1 0 0 1
0.002167135183742984 1 0 1 3 1 0 1 0
0.0009529501271647537 1 0 1 3 1 0 1 3
-0.14046701019191332 1 0 1 3 1 0 3 1
-6.565520437477716e-05 1 0 1 3 1 3 0 1
0.0005765613281480241 1 0 1 3 1 3 1 0
0.0011467470562920795 1 0 1 3 1 3 3 1
-0.0002050631397275374 1 0 1 3 2 0 0 2
0.002167135183742984 1 0 1 3 2 0 2 0
0.0009529501271647541 1 0 1 3 2 0 2 3
-0.14046701019191327 1 0 1 3 2 0 3 2
-6.565520437477716e-05 1 0 1 3 2 3 0 2
0.0005765613281480241 1 0 1 3 2 3 2 0
0.0011467470562920804 1 0 1 3 2 3 3 2
0.6438181070480384 1 0 2 0 1 0 0 2
-222.11077344259604 1 0 2 0 1 0 2 0
1.5979858082034732 1 0 2 0 1 0 2 3
0.8143436183040709 1 0 2 0 1 0 3 2
-0.007338844254904189 1 0 2 0 1 3 0 2
4.3050780033781315 1 0 2 0 1 3 2 0
0.4455086585185356 1 0 2 0 1 3 2 3
0.25117811137883544 1 0 2 0 1 3 3 2
-0.6438181070480384 1 0 2 0 2 0 0 1
222.110773442596 1 0 2 0 2 0 1 0
-1.5979858082034735 1 0 2 0 2 0 1 3
-0.8143436183040708 1 0 2 0 2 0 3 1
0.007338844254904189 1 0 2 0 2 3 0 1
-4.305078003378131 1 0 2 0 2 3 1 0
-0.44550865851853555 1 0 2 0 2 3 1 3
-0.2511781113788354 1 0 2 0 2 3 3 1
1.405792696648984 1 0 2 3 1 0 0 2
1.597985808203474 1 0 2 3 1 0 2 0
0.9509611113883203 1 0 2 3 1 0 2 3
-166.62086038683339 1 0 2 3 1 0 3 2
0.2436347966773497 1 0 2 3 1 3 0 2
0.45725556094130193 1 0 2 3 1 3 2 0
-0.013247987007715427 1 0 2 3 1 3 2 3
3.229679776012914 1 0 2 3 1 3 3 2
-1.4057926966489842 1 0 2 3 2 0 0 1
-1.5979858082034735 1 0 2 3 2 0 1 0
-0.9509611113883202 1 0 2 3 2 0 1 3
166.62086038683336 1 0 2 3 2 0 3 1
-0.24363479667734975 1 0 2 3 2 3 0 1
-0.4572555609413019 1 0 2 3 2 3 1 0
0.013247987007715427 1 0 2 3 2 3 1 3
-3.229679776012914 1 0 2 3 2 3 3 1
0.0027389586060491706 1 0 3 1 1 0 0 1
1.4057926966489844 1 0 3 1 1 0 1 0
0.6438181070480387 1 0 3 1 1 0 1 3
0.0009024186336951289 1 0 3 1 1 0 3 1
0.0005917900931853802 1 0 3 1 1 3 0 1
0.24364799960643252 1 0 3 1 1 3 1 0
-0.007338844254904189 1 0 3 1 1 3 1 3
0.002738958606049169 1 0 3 1 2 0 0 2
1.4057926966489847 1 0 3 1 2 0 2 0
0.6438181070480387 1 0 3 1 2 0 2 3
0.0009024186336951285 1 0 3 1 2 0 3 2
0.0005917900931853802 1 0 3 1 2 3 0 2
0.24364799960643257 1 0 3 1 2 3 2 0
-0.007338844254904189 1 0 3 1 2 3 2 3
2.1528146323673876 1 0 3 2 1 0 0 2
-0.0002050631397275367 1 0 3 2 1 0 2 0
0.0001549429402185181 1 0 3 2 1 0 2 3
0.7852859425251094 1 0 3 2 1 0 3 2
0.4069841874990791 1 0 3 2 1 3 0 2
-7.885813345746047e-05 1 0 3 2 1 3 2 0
-0.013090669928185864 1 0 3 2 1 3 3 2
-2.1528146323673876 1 0 3 2 2 0 0 1
0.0002050631397275367 1 0 3 2 2 0 1 0
-0.0001549429402185181 1 0 3 2 2 0 1 3
-0.7852859425251093 1 0 3 2 2 0 3 1
-0.4069841874990791 1 0 3 2 2 3 0 1
7.885813345746047e-05 1 0 3 2 2 3 1 0
0.013090669928185864 1 0 3 2 2 3 3 1
-0.5237910905099747 1 1 0 0 1 1 0 0
0.003025019686934664 1 1 0 0 1 1 0 3
-7.68364211436403e-05 1 1 0 0 1 1 1 1
-5.284344421101e-05 1 1 0 0 1 1 2 2
0.0041321934715641065 1 1 0 0 1 1 3 0
0.0005155686778237458 1 1 0 0 1 1 3 3
-1.1996488466315161e-05 1 1 0 0 1 2 1 2
-1.199648846631517e-05 1 1 0 0 1 2 2 1
-1.199648846631517e-05 1 1 0 0 2 1 1 2
-1.1996488466315161e-05 1 1 0 0 2 1 2 1
-0.5237910905099747 1 1 0 0 2 2 0 0
0.003025019686934664 1 1 0 0 2 2 0 3
-5.284344421101e-05 1 1 0 0 2 2 1 1
-7.68364211436403e-05 1 1 0 0 2 2 2 2
0.0041321934715641065 1 1 0 0 2 2 3 0
0.0005155686778237458 1 1 0 0 2 2 3 3
0.0030250196869346622 1 1 0 3 1 1 0 0
0.0009311458570922066 1 1 0 3 1 1 0 3
-0.0014860329140921474 1 1 0 3 1 1 1 1
-0.0014240929040367604 1 1 0 3 1 1 2 2
0.000865521247610189 1 1 0 3 1 1 3 0
-3.097000502769371e-05 1 1 0 3 1 2 1 2
-3.0970005027693265e-05 1 1 0 3 1 2 2 1
-3.0970005027693265e-05 1 1 0 3 2 1 1 2
-3.097000502769371e-05 1 1 0 3 2 1 2 1
0.0030250196869346622 1 1 0 3 2 2 0 0
0.0009311458570922066 1 1 0 3 2 2 0 3
-0.0014240929040367604 1 1 0 3 2 2 1 1
-0.0014860329140921474 1 1 0 3 2 2 2 2
0.0008655212476101895 1 1 0 3 2 2 3 0
-0.00015177872290898147 1 1 1 1 1 1 0 0
-3.335037194436878e-07 1 1 1 1 1 1 2 2
-0.0014240929040367622 1 1 1 1 1 1 3 0
-5.284344421101e-05 1 1 1 1 1 1 3 3
1.667518597218737e-07 1 1 1 1 1 2 1 2
1.6675185972189354e-07 1 1 1 1 1 2 2 1
1.6675185972189354e-07 1 1 1 1 2 1 1 2
1.667518597218737e-07 1 1 1 1 2 1 2 1
-0.00015177872290898168 1 1 1 1 2 2 0 0
-3.335037194436878e-07 1 1 1 1 2 2 1 1
-0.0014240929040367622 1 1 1 1 2 2 3 0
-5.284344421101e-05 1 1 1 1 2 2 3 3
-0.0003883347315996634 1 1 1 2 1 1 1 2
0.0003496190660669992 1 1 1 2 1 1 2 1
1.9357832766332067e-05 1 1 1 2 1 2 1 1
-1.935783276633198e-05 1 1 1 2 1 2 2 2
1.935783276633198e-05 1 1 1 2 2 1 1 1
-1.9357832766332067e-05 1 1 1 2 2 1 2 2
-0.0003496190660669992 1 1 1 2 2 2 1 2
0.0003883347315996636 1 1 1 2 2 2 2 1
0.0003496190660669991 1 1 2 1 1 1 1 2
-0.0003954241430216411 1 1 2 1 1 1 2 1
2.2902538477320864e-05 1 1 2 1 1 2 1 1
-2.2902538477321e-05 1 1 2 1 1 2 2 2
2.2902538477321e-05 1 1 2 1 2 1 1 1
-2.2902538477320864e-05 1 1 2 1 2 1 2 2
0.0003954241430216411 1 1 2 1 2 2 1 2
-0.000349619066066999 1 1 2 1 2 2 2 1
-0.00012537286474361494 1 1 2 2 1 1 0 0
-3.335037194436859e-07 1 1 2 2 1 1 1 1
-0.02344833327229734 1 1 2 2 1 1 2 2
-0.0014860329140921487 1 1 2 2 1 1 3 0
-7.683642114364041e-05 1 1 2 2 1 1 3 3
0.011723999884288955 1 1 2 2 1 2 1 2
0.011723999884288938 1 1 2 2 1 2 2 1
0.011723999884288938 1 1 2 2 2 1 1 2
0.011723999884288957 1 1 2 2 2 1 2 1
-0.00012537286474361494 1 1 2 2 2 2 0 0
-0.023448333272297332 1 1 2 2 2 2 1 1
-3.335037194436834e-07 1 1 2 2 2 2 2 2
-0.0014860329140921487 1 1 2 2 2 2 3 0
-7.683642114364041e-05 1 1 2 2 2 2 3 3
0.004132193471564108 1 1 3 0 1 1 0 0
0.0008655212476101895 1 1 3 0 1 1 0 3
0.0009315318693066113 1 1 3 0 1 1 3 0
0.004132193471564105 1 1 3 0 2 2 0 0
0.0008655212476101895 1 1 3 0 2 2 0 3
0.0009315318693066121 1 1 3 0 2 2 3 0
0.0005155686778237458 1 1 3 3 1 1 0 0
-0.00012537286474361504 1 1 3 3 1 1 1 1
-0.00015177872290898147 1 1 3 3 1 1 2 2
1.3202929082683261e-05 1 1 3 3 1 2 1 2
1.3202929082683322e-05 1 1 3 3 1 2 2 1
1.3202929082683322e-05 1 1 3 3 2 1 1 2
1.3202929082683261e-05 1 1 3 3 2 1 2 1
0.0005155686778237458 1 1 3 3 2 2 0 0
-0.00015177872290898147 1 1 3 3 2 2 1 1
-0.00012537286474361504 1 1 3 3 2 2 2 2
-371.50037634668007 1 2 0 0 1 2 0 0
4.215719314116899 1 2 0 0 1 2 0 3
-0.07088539678200272 1 2 0 0 1 2 1 1
-0.07088539678200272 1 2 0 0 1 2 2 2
5.876752148385741 1 2 0 0 1 2 3 0
0.7037614272320256 1 2 0 0 1 2 3 3
371.50037634668007 1 2 0 0 2 1 0 0
-4.215719314116899 1 2 0 0 2 1 0 3
0.07088539678200273 1 2 0 0 2 1 1 1
0.07088539678200272 1 2 0 0 2 1 2 2
-5.876752148385741 1 2 0 0 2 1 3 0
-0.7037614272320256 1 2 0 0 2 1 3 3
4.215719314116899 1 2 0 3 1 2 0 0
1.2661400911471996 1 2 0 3 1 2 0 3
-2.0582615553552346 1 2 0 3 1 2 1 1
-2.0582615553552346 1 2 0 3 1 2 2 2
1.2075124263284998 1 2 0 3 1 2 3 0
-0.021102183517763877 1 2 0 3 1 2 3 3
-4.215719314116899 1 2 0 3 2 1 0 0
-1.2661400911471996 1 2 0 3 2 1 0 3
2.058261555355234 1 2 0 3 2 1 1 1
2.058261555355234 1 2 0 3 2 1 2 2
-1.2075124263284998 1 2 0 3 2 1 3 0
0.021102183517763877 1 2 0 3 2 1 3 3
1.9357832766332006e-05 1 2 1 1 1 1 1 2
2.2902538477320905e-05 1 2 1 1 1 1 2 1
-0.17572000147484834 1 2 1 1 1 2 0 0
0.0009391397627819427 1 2 1 1 1 2 0 3
-7.423933323123569e-05 1 2 1 1 1 2 1 1
-3.197896198758266e-05 1 2 1 1 1 2 2 2
-2.058261555355235 1 2 1 1 1 2 3 0
-0.07088539678200273 1 2 1 1 1 2 3 3
0.17572000147484834 1 2 1 1 2 1 0 0
-0.0009391397627819425 1 2 1 1 2 1 0 3
3.197896198758266e-05 1 2 1 1 2 1 1 1
7.423933323123569e-05 1 2 1 1 2 1 2 2
2.0582615553552346 1 2 1 1 2 1 3 0
0.07088539678200273 1 2 1 1 2 1 3 3
-2.290253847732087e-05 1 2 1 1 2 2 1 2
-1.935783276633204e-05 1 2 1 1 2 2 2 1
-1.3202929082683316e-05 1 2 1 2 1 1 0 0
1.667518597218955e-07 1 2 1 2 1 1 1 1
0.011723999884288957 1 2 1 2 1 1 2 2
3.097000502769305e-05 1 2 1 2 1 1 3 0
1.1996488466315175e-05 1 2 1 2 1 1 3 3
-0.5154428532669157 1 2 1 2 1 2 1 2
0.5037190201344862 1 2 1 2 1 2 2 1
0.5037190201344863 1 2 1 2 2 1 1 2
-0.5154428532669157 1 2 1 2 2 1 2 1
-1.320292908268337e-05 1 2 1 2 2 2 0 0
0.011723999884288955 1 2 1 2 2 2 1 1
1.6675185972189378e-07 1 2 1 2 2 2 2 2
3.097000502769305e-05 1 2 1 2 2 2 3 0
1.1996488466315175e-05 1 2 1 2 2 2 3 3
-1.3202929082683292e-05 1 2 2 1 1 1 0 0
1.6675185972186112e-07 1 2 2 1 1 1 1 1
0.011723999884288936 1 2 2 1 1 1 2 2
3.0970005027693875e-05 1 2 2 1 1 1 3 0
1.1996488466315188e-05 1 2 2 1 1 1 3 3
0.5037190201344862 1 2 2 1 1 2 1 2
-0.5154428532669156 1 2 2 1 1 2 2 1
-0.5154428532669157 1 2 2 1 2 1 1 2
0.5037190201344862 1 2 2 1 2 1 2 1
-1.3202929082683294e-05 1 2 2 1 2 2 0 0
0.011723999884288936 1 2 2 1 2 2 1 1
1.6675185972187938e-07 1 2 2 1 2 2 2 2
3.0970005027693875e-05 1 2 2 1 2 2 3 0
1.1996488466315178e-05 1 2 2 1 2 2 3 3
-1.9357832766332002e-05 1 2 2 2 1 1 1 2
-2.2902538477321003e-05 1 2 2 2 1 1 2 1
-0.17572000147484834 1 2 2 2 1 2 0 0
0.0009391397627819429 1 2 2 2 1 2 0 3
-3.197896198758264e-05 1 2 2 2 1 2 1 1
-7.423933323123565e-05 1 2 2 2 1 2 2 2
-2.058261555355234 1 2 2 2 1 2 3 0
-0.07088539678200272 1 2 2 2 1 2 3 3
0.17572000147484831 1 2 2 2 2 1 0 0
-0.0009391397627819429 1 2 2 2 2 1 0 3
7.423933323123565e-05 1 2 2 2 2 1 1 1
3.197896198758264e-05 1 2 2 2 2 1 2 2
2.058261555355234 1 2 2 2 2 1 3 0
0.07088539678200272 1 2 2 2 2 1 3 3
2.2902538477320983e-05 1 2 2 2 2 2 1 2
1.9357832766331975e-05 1 2 2 2 2 2 2 1
5.87675214838574 1 2 3 0 1 2 0 0
1.2075124263284998 1 2 3 0 1 2 0 3
0.0009391397627819429 1 2 3 0 1 2 1 1
0.0009391397627819429 1 2 3 0 1 2 2 2
1.2389593385866104 1 2 3 0 1 2 3 0
-0.022003851139669586 1 2 3 0 1 2 3 3
-5.87675214838574 1 2 3 0 2 1 0 0
-1.2075124263284998 1 2 3 0 2 1 0 3
-0.0009391397627819429 1 2 3 0 2 1 1 1
-0.0009391397627819429 1 2 3 0 2 1 2 2
-1.2389593385866104 1 2 3 0 2 1 3 0
0.022003851139669586 1 2 3 0 2 1 3 3
0.7037614272320255 1 2 3 3 1 2 0 0
-0.021102183517763873 1 2 3 3 1 2 0 3
-0.17572000147484834 1 2 3 3 1 2 1 1
-0.17572000147484831 1 2 3 3 1 2 2 2
-0.02200385113966959 1 2 3 3 1 2 3 0
-0.005678644178803961 1 2 3 3 1 2 3 3
-0.7037614272320255 1 2 3 3 2 1 0 0
0.021102183517763873 1 2 3 3 2 1 0 3
0.17572000147484831 1 2 3 3 2 1 1 1
0.1757200014748483 1 2 3 3 2 1 2 2
0.02200385113966959 1 2 3 3 2 1 3 0
0.005678644178803961 1 2 3 3 2 1 3 3
0.0038962289254317437 1 3 0 1 1 0 0 1
3.2296797760129135 1 3 0 1 1 0 1 0
0.2511781113788353 1 3 0 1 1 0 1 3
0.0005917900931853802 1 3 0 1 1 0 3 1
0.001093062368982515 1 3 0 1 1 3 0 1
0.880426612775813 1 3 0 1 1 3 1 0
-0.007304715982059717 1 3 0 1 1 3 1 3
0.0038962289254317437 1 3 0 1 2 0 0 2
3.229679776012914 1 3 0 1 2 0 2 0
0.2511781113788353 1 3 0 1 2 0 2 3
0.0005917900931853802 1 3 0 1 2 0 3 2
0.001093062368982515 1 3 0 1 2 3 0 2
0.8804266127758131 1 3 0 1 2 3 2 0
-0.007304715982059717 1 3 0 1 2 3 2 3
3.7679192158913524 1 3 0 2 1 0 0 2
0.0011467470562920791 1 3 0 2 1 0 2 0
-7.560788196486529e-05 1 3 0 2 1 0 2 3
0.4069841874990791 1 3 0 2 1 0 3 2
1.0276263643614416 1 3 0 2 1 3 0 2
0.00035242719688792696 1 3 0 2 1 3 2 0
-0.014193030951612798 1 3 0 2 1 3 3 2
-3.7679192158913524 1 3 0 2 2 0 0 1
-0.0011467470562920791 1 3 0 2 2 0 1 0
7.560788196486518e-05 1 3 0 2 2 0 1 3
-0.4069841874990791 1 3 0 2 2 0 3 1
-1.0276263643614416 1 3 0 2 2 3 0 1
-0.0003524271968879274 1 3 0 2 2 3 1 0
0.014193030951612798 1 3 0 2 2 3 3 1
0.00407378278218022 1 3 1 0 1 0 1 0
0.0005765613281480242 1 3 1 0 1 0 1 3
-6.361139349855046e-05 1 3 1 0 1 0 3 1
0.0011536561208192473 1 3 1 0 1 3 1 0
0.00407378278218022 1 3 1 0 2 0 2 0
0.0005765613281480244 1 3 1 0 2 0 2 3
-6.361139349855046e-05 1 3 1 0 2 0 3 2
0.0011536561208192464 1 3 1 0 2 3 2 0
-7.885813345746026e-05 1 3 1 3 1 0 0 1
0.0005573702472414143 1 3 1 3 1 0 1 0
0.001177717061319774 1 3 1 3 1 0 3 1
0.0003524271968879272 1 3 1 3 1 3 3 1
-7.885813345746026e-05 1 3 1 3 2 0 0 2
0.0005573702472414143 1 3 1 3 2 0 2 0
0.001177717061319774 1 3 1 3 2 0 3 2
0.0003524271968879272 1 3 1 3 2 3 3 2
-0.007338844254904188 1 3 2 0 1 0 0 2
4.305078003378131 1 3 2 0 1 0 2 0
0.4572555609413018 1 3 2 0 1 0 2 3
0.25116611489036894 1 3 2 0 1 0 3 2
-0.002007908699652263 1 3 2 0 1 3 0 2
1.1733285607878554 1 3 2 0 1 3 2 0
-0.013549863064027905 1 3 2 0 1 3 2 3
-0.007304715982059719 1 3 2 0 1 3 3 2
0.007338844254904188 1 3 2 0 2 0 0 1
-4.30507800337813 1 3 2 0 2 0 1 0
-0.4572555609413019 1 3 2 0 2 0 1 3
-0.25116611489036894 1 3 2 0 2 0 3 1
0.0020079086996522633 1 3 2 0 2 3 0 1
-1.173328560787855 1 3 2 0 2 3 1 0
0.013549863064027905 1 3 2 0 2 3 1 3
0.007304715982059719 1 3 2 0 2 3 3 1
0.24364799960643252 1 3 2 3 1 0 0 2
0.44550865851853555 1 3 2 3 1 0 2 0
-0.013247987007715425 1 3 2 3 1 0 2 3
3.229648806007886 1 3 2 3 1 0 3 2
-0.008889331376785832 1 3 2 3 1 3 0 2
-0.013549863064027905 1 3 2 3 1 3 2 0
-0.003744038076361438 1 3 2 3 1 3 2 3
0.880426612775813 1 3 2 3 1 3 3 2
-0.24364799960643255 1 3 2 3 2 0 0 1
-0.4455086585185355 1 3 2 3 2 0 1 0
0.013247987007715425 1 3 2 3 2 0 1 3
-3.229648806007886 1 3 2 3 2 0 3 1
0.008889331376785832 1 3 2 3 2 3 0 1
0.013549863064027905 1 3 2 3 2 3 1 0
0.003744038076361438 1 3 2 3 2 3 1 3
-0.8804266127758131 1 3 2 3 2 3 3 1
0.0005690543065677805 1 3 3 1 1 0 0 1
0.24363479667734958 1 3 3 1 1 0 1 0
-0.0073388442549041895 1 3 3 1 1 0 1 3
-0.008889331376785832 1 3 3 1 1 3 1 0
-0.0020079086996522633 1 3 3 1 1 3 1 3
0.0005690543065677803 1 3 3 1 2 0 0 2
0.2436347966773497 1 3 3 1 2 0 2 0
-0.0073388442549041895 1 3 3 1 2 0 2 3
-0.008889331376785832 1 3 3 1 2 3 2 0
-0.0020079086996522633 1 3 3 1 2 3 2 3
0.3952408297820238 1 3 3 2 1 0 0 2
-6.565520437477738e-05 1 3 3 2 1 0 2 0
-0.013090669928185862 1 3 3 2 1 0 3 2
-0.014193030951612798 1 3 3 2 1 3 0 2
-0.003258548941755246 1 3 3 2 1 3 3 2
-0.3952408297820238 1 3 3 2 2 0 0 1
6.565520437477738e-05 1 3 3 2 2 0 1 0
0.013090669928185862 1 3 3 2 2 0 3 1
0.014193030951612798 1 3 3 2 2 3 0 1
0.003258548941755246 1 3 3 2 2 3 3 1
194.54718696543955 2 0 0 1 1 0 0 2
0.1404670101919133 2 0 0 1 1 0 2 0
0.0004514340805123456 2 0 0 1 1 0 2 3
-2.1528146323673885 2 0 0 1 1 0 3 2
-3.7679192158913524 2 0 0 1 1 3 0 2
-0.001177717061319774 2 0 0 1 1 3 2 0
6.361139349855024e-05 2 0 0 1 1 3 2 3
-0.3952408297820238 2 0 0 1 1 3 3 2
-194.5471869654396 2 0 0 1 2 0 0 1
-0.14046701019191335 2 0 0 1 2 0 1 0
-0.0004514340805123456 2 0 0 1 2 0 1 3
2.1528146323673885 2 0 0 1 2 0 3 1
3.767919215891353 2 0 0 1 2 3 0 1
0.001177717061319774 2 0 0 1 2 3 1 0
-6.361139349855024e-05 2 0 0 1 2 3 1 3
0.3952408297820238 2 0 0 1 2 3 3 1
-0.3765872888073952 2 0 0 2 1 0 0 1
-166.62086038683336 2 0 0 2 1 0 1 0
0.8143436183040704 2 0 0 2 1 0 1 3
0.0027389586060491693 2 0 0 2 1 0 3 1
0.003896228925431745 2 0 0 2 1 3 0 1
3.2296488060078863 2 0 0 2 1 3 1 0
0.251166114890369 2 0 0 2 1 3 1 3
0.0005690543065677806 2 0 0 2 1 3 3 1
-0.37658728880739534 2 0 0 2 2 0 0 2
-166.6208603868334 2 0 0 2 2 0 2 0
0.8143436183040704 2 0 0 2 2 0 2 3
0.0027389586060491693 2 0 0 2 2 0 3 2
0.0038962289254317432 2 0 0 2 2 3 0 2
3.2296488060078867 2 0 0 2 2 3 2 0
0.251166114890369 2 0 0 2 2 3 2 3
0.0005690543065677806 2 0 0 2 2 3 3 2
-0.6438181070480384 2 0 1 0 1 0 0 2
222.11077344259607 2 0 1 0 1 0 2 0
-1.5979858082034732 2 0 1 0 1 0 2 3
-0.8143436183040708 2 0 1 0 1 0 3 2
0.007338844254904189 2 0 1 0 1 3 0 2
-4.3050780033781315 2 0 1 0 1 3 2 0
-0.44550865851853555 2 0 1 0 1 3 2 3
-0.2511781113788354 2 0 1 0 1 3 3 2
0.6438181070480385 2 0 1 0 2 0 0 1
-222.11077344259607 2 0 1 0 2 0 1 0
1.5979858082034735 2 0 1 0 2 0 1 3
0.8143436183040709 2 0 1 0 2 0 3 1
-0.007338844254904189 2 0 1 0 2 3 0 1
4.3050780033781315 2 0 1 0 2 3 1 0
0.4455086585185356 2 0 1 0 2 3 1 3
0.25117811137883544 2 0 1 0 2 3 3 1
-1.4057926966489844 2 0 1 3 1 0 0 2
-1.5979858082034741 2 0 1 3 1 0 2 0
-0.9509611113883203 2 0 1 3 1 0 2 3
166.62086038683339 2 0 1 3 1 0 3 2
-0.24363479667734972 2 0 1 3 1 3 0 2
-0.4572555609413019 2 0 1 3 1 3 2 0
0.013247987007715427 2 0 1 3 1 3 2 3
-3.229679776012914 2 0 1 3 1 3 3 2
1.4057926966489844 2 0 1 3 2 0 0 1
1.5979858082034737 2 0 1 3 2 0 1 0
0.9509611113883204 2 0 1 3 2 0 1 3
-166.6208603868334 2 0 1 3 2 0 3 1
0.24363479667734977 2 0 1 3 2 3 0 1
0.45725556094130193 2 0 1 3 2 3 1 0
-0.013247987007715427 2 0 1 3 2 3 1 3
3.2296797760129143 2 0 1 3 2 3 3 1
0.0001549429402185181 2 0 2 0 1 0 0 1
-0.40091761794861763 2 0 2 0 1 0 1 0
0.002167135183742984 2 0 2 0 1 0 1 3
-0.0004514340805123465 2 0 2 0 1 0 3 1
0.00407378278218022 2 0 2 0 1 3 1 0
0.0005573702472414141 2 0 2 0 1 3 1 3
-7.56078819648655e-05 2 0 2 0 1 3 3 1
0.0001549429402185183 2 0 2 0 2 0 0 2
-0.40091761794861774 2 0 2 0 2 0 2 0
0.002167135183742985 2 0 2 0 2 0 2 3
-0.0004514340805123456 2 0 2 0 2 0 3 2
0.00407378278218022 2 0 2 0 2 3 2 0
0.0005573702472414141 2 0 2 0 2 3 2 3
-7.56078819648655e-05 2 0 2 0 2 3 3 2
-0.0002050631397275374 2 0 2 3 1 0 0 1
0.002167135183742984 2 0 2 3 1 0 1 0
0.0009529501271647541 2 0 2 3 1 0 1 3
-0.14046701019191324 2 0 2 3 1 0 3 1
-6.565520437477716e-05 2 0 2 3 1 3 0 1
0.0005765613281480246 2 0 2 3 1 3 1 0
0.0011467470562920804 2 0 2 3 1 3 3 1
-0.0002050631397275374 2 0 2 3 2 0 0 2
0.002167135183742984 2 0 2 3 2 0 2 0
0.0009529501271647546 2 0 2 3 2 0 2 3
-0.14046701019191332 2 0 2 3 2 0 3 2
-6.565520437477716e-05 2 0 2 3 2 3 0 2
0.0005765613281480241 2 0 2 3 2 3 2 0
0.0011467470562920804 2 0 2 3 2 3 3 2
-2.152814632367388 2 0 3 1 1 0 0 2
0.0002050631397275367 2 0 3 1 1 0 2 0
-0.0001549429402185183 2 0 3 1 1 0 2 3
-0.7852859425251093 2 0 3 1 1 0 3 2
-0.40698418749907905 2 0 3 1 1 3 0 2
7.885813345746044e-05 2 0 3 1 1 3 2 0
0.013090669928185864 2 0 3 1 1 3 3 2
2.152814632367388 2 0 3 1 2 0 0 1
-0.0002050631397275367 2 0 3 1 2 0 1 0
0.0001549429402185181 2 0 3 1 2 0 1 3
0.7852859425251093 2 0 3 1 2 0 3 1
0.40698418749907905 2 0 3 1 2 3 0 1
-7.885813345746044e-05 2 0 3 1 2 3 1 0
-0.013090669928185864 2 0 3 1 2 3 3 1
0.0027389586060491706 2 0 3 2 1 0 0 1
1.4057926966489844 2 0 3 2 1 0 1 0
0.6438181070480385 2 0 3 2 1 0 1 3
0.0009024186336951298 2 0 3 2 1 0 3 1
0.0005917900931853802 2 0 3 2 1 3 0 1
0.24364799960643246 2 0 3 2 1 3 1 0
-0.007338844254904189 2 0 3 2 1 3 1 3
0.0027389586060491706 2 0 3 2 2 0 0 2
1.4057926966489844 2 0 3 2 2 0 2 0
0.6438181070480385 2 0 3 2 2 0 2 3
0.0009024186336951291 2 0 3 2 2 0 3 2
0.0005917900931853802 2 0 3 2 2 3 0 2
0.24364799960643252 2 0 3 2 2 3 2 0
-0.007338844254904189 2 0 3 2 2 3 2 3
371.50037634668007 2 1 0 0 1 2 0 0
-4.215719314116899 2 1 0 0 1 2 0 3
0.07088539678200272 2 1 0 0 1 2 1 1
0.07088539678200273 2 1 0 0 1 2 2 2
-5.876752148385741 2 1 0 0 1 2 3 0
-0.7037614272320256 2 1 0 0 1 2 3 3
-371.50037634668007 2 1 0 0 2 1 0 0
4.2157193141169 2 1 0 0 2 1 0 3
-0.07088539678200273 2 1 0 0 2 1 1 1
-0.07088539678200273 2 1 0 0 2 1 2 2
5.876752148385741 2 1 0 0 2 1 3 0
0.7037614272320256 2 1 0 0 2 1 3 3
-4.215719314116899 2 1 0 3 1 2 0 0
-1.2661400911471996 2 1 0 3 1 2 0 3
2.058261555355234 2 1 0 3 1 2 1 1
2.058261555355234 2 1 0 3 1 2 2 2
-1.2075124263284998 2 1 0 3 1 2 3 0
0.021102183517763877 2 1 0 3 1 2 3 3
4.2157193141169 2 1 0 3 2 1 0 0
1.2661400911471996 2 1 0 3 2 1 0 3
-2.058261555355234 2 1 0 3 2 1 1 1
-2.0582615553552337 2 1 0 3 2 1 2 2
1.2075124263284998 2 1 0 3 2 1 3 0
-0.021102183517763877 2 1 0 3 2 1 3 3
1.9357832766332002e-05 2 1 1 1 1 1 1 2
2.2902538477321003e-05 2 1 1 1 1 1 2 1
0.17572000147484834 2 1 1 1 1 2 0 0
-0.0009391397627819427 2 1 1 1 1 2 0 3
3.197896198758267e-05 2 1 1 1 1 2 1 1
7.423933323123567e-05 2 1 1 1 1 2 2 2
2.0582615553552346 2 1 1 1 1 2 3 0
0.07088539678200272 2 1 1 1 1 2 3 3
-0.17572000147484831 2 1 1 1 2 1 0 0
0.0009391397627819427 2 1 1 1 2 1 0 3
-7.423933323123567e-05 2 1 1 1 2 1 1 1
-3.197896198758267e-05 2 1 1 1 2 1 2 2
-2.058261555355234 2 1 1 1 2 1 3 0
-0.07088539678200273 2 1 1 1 2 1 3 3
-2.2902538477320983e-05 2 1 1 1 2 2 1 2
-1.935783276633197e-05 2 1 1 1 2 2 2 1
-1.3202929082683294e-05 2 1 1 2 1 1 0 0
1.6675185972187173e-07 2 1 1 2 1 1 1 1
0.01172399988428894 2 1 1 2 1 1 2 2
3.0970005027693875e-05 2 1 1 2 1 1 3 0
1.1996488466315134e-05 2 1 1 2 1 1 3 3
0.5037190201344863 2 1 1 2 1 2 1 2
-0.5154428532669157 2 1 1 2 1 2 2 1
-0.5154428532669159 2 1 1 2 2 1 1 2
0.5037190201344863 2 1 1 2 2 1 2 1
-1.3202929082683294e-05 2 1 1 2 2 2 0 0
0.011723999884288936 2 1 1 2 2 2 1 1
1.667518597218726e-07 2 1 1 2 2 2 2 2
3.0970005027693875e-05 2 1 1 2 2 2 3 0
1.1996488466315137e-05 2 1 1 2 2 2 3 3
-1.320292908268334e-05 2 1 2 1 1 1 0 0
1.6675185972190074e-07 2 1 2 1 1 1 1 1
0.011723999884288957 2 1 2 1 1 1 2 2
3.097000502769305e-05 2 1 2 1 1 1 3 0
1.1996488466315114e-05 2 1 2 1 1 1 3 3
-0.5154428532669157 2 1 2 1 1 2 1 2
0.5037190201344862 2 1 2 1 1 2 2 1
0.5037190201344863 2 1 2 1 2 1 1 2
-0.5154428532669157 2 1 2 1 2 1 2 1
-1.320292908268334e-05 2 1 2 1 2 2 0 0
0.011723999884288957 2 1 2 1 2 2 1 1
1.6675185972189058e-07 2 1 2 1 2 2 2 2
3.097000502769305e-05 2 1 2 1 2 2 3 0
1.1996488466315114e-05 2 1 2 1 2 2 3 3
-1.9357832766332006e-05 2 1 2 2 1 1 1 2
-2.290253847732091e-05 2 1 2 2 1 1 2 1
0.17572000147484831 2 1 2 2 1 2 0 0
-0.0009391397627819429 2 1 2 2 1 2 0 3
7.423933323123567e-05 2 1 2 2 1 2 1 1
3.197896198758264e-05 2 1 2 2 1 2 2 2
2.058261555355234 2 1 2 2 1 2 3 0
0.07088539678200273 2 1 2 2 1 2 3 3
-0.1757200014748483 2 1 2 2 2 1 0 0
0.0009391397627819429 2 1 2 2 2 1 0 3
-3.197896198758264e-05 2 1 2 2 2 1 1 1
-7.423933323123567e-05 2 1 2 2 2 1 2 2
-2.058261555355234 2 1 2 2 2 1 3 0
-0.07088539678200274 2 1 2 2 2 1 3 3
2.2902538477320884e-05 2 1 2 2 2 2 1 2
1.935783276633204e-05 2 1 2 2 2 2 2 1
-5.87675214838574 2 1 3 0 1 2 0 0
-1.2075124263284998 2 1 3 0 1 2 0 3
-0.0009391397627819429 2 1 3 0 1 2 1 1
-0.0009391397627819429 2 1 3 0 1 2 2 2
-1.2389593385866104 2 1 3 0 1 2 3 0
0.022003851139669586 2 1 3 0 1 2 3 3
5.87675214838574 2 1 3 0 2 1 0 0
1.2075124263284998 2 1 3 0 2 1 0 3
0.0009391397627819429 2 1 3 0 2 1 1 1
0.0009391397627819429 2 1 3 0 2 1 2 2
1.2389593385866102 2 1 3 0 2 1 3 0
-0.022003851139669586 2 1 3 0 2 1 3 3
-0.7037614272320255 2 1 3 3 1 2 0 0
0.021102183517763873 2 1 3 3 1 2 0 3
0.1757200014748483 2 1 3 3 1 2 1 1
0.17572000147484831 2 1 3 3 1 2 2 2
0.02200385113966959 2 1 3 3 1 2 3 0
0.005678644178803961 2 1 3 3 1 2 3 3
0.7037614272320255 2 1 3 3 2 1 0 0
-0.021102183517763873 2 1 3 3 2 1 0 3
-0.17572000147484831 2 1 3 3 2 1 1 1
-0.1757200014748483 2 1 3 3 2 1 2 2
-0.02200385113966959 2 1 3 3 2 1 3 0
-0.005678644178803961 2 1 3 3 2 1 3 3
-0.5237910905099747 2 2 0 0 1 1 0 0
0.003025019686934664 2 2 0 0 1 1 0 3
-7.683642114364041e-05 2 2 0 0 1 1 1 1
-5.284344421101011e-05 2 2 0 0 1 1 2 2
0.0041321934715641065 2 2 0 0 1 1 3 0
0.0005155686778237458 2 2 0 0 1 1 3 3
-1.1996488466315146e-05 2 2 0 0 1 2 1 2
-1.1996488466315151e-05 2 2 0 0 1 2 2 1
-1.1996488466315151e-05 2 2 0 0 2 1 1 2
-1.1996488466315146e-05 2 2 0 0 2 1 2 1
-0.5237910905099747 2 2 0 0 2 2 0 0
0.0030250196869346622 2 2 0 0 2 2 0 3
-5.2843444211010215e-05 2 2 0 0 2 2 1 1
-7.683642114364041e-05 2 2 0 0 2 2 2 2
0.0041321934715641065 2 2 0 0 2 2 3 0
0.0005155686778237458 2 2 0 0 2 2 3 3
0.0030250196869346605 2 2 0 3 1 1 0 0
0.0009311458570922058 2 2 0 3 1 1 0 3
-0.0014860329140921474 2 2 0 3 1 1 1 1
-0.0014240929040367604 2 2 0 3 1 1 2 2
0.0008655212476101895 2 2 0 3 1 1 3 0
-3.0970005027693685e-05 2 2 0 3 1 2 1 2
-3.0970005027693014e-05 2 2 0 3 1 2 2 1
-3.097000502769304e-05 2 2 0 3 2 1 1 2
-3.0970005027693685e-05 2 2 0 3 2 1 2 1
0.0030250196869346622 2 2 0 3 2 2 0 0
0.0009311458570922058 2 2 0 3 2 2 0 3
-0.0014240929040367604 2 2 0 3 2 2 1 1
-0.0014860329140921474 2 2 0 3 2 2 2 2
0.0008655212476101903 2 2 0 3 2 2 3 0
-0.00012537286474361494 2 2 1 1 1 1 0 0
-3.3350371944368206e-07 2 2 1 1 1 1 1 1
-0.023448333272297336 2 2 1 1 1 1 2 2
-0.0014860329140921479 2 2 1 1 1 1 3 0
-7.683642114364041e-05 2 2 1 1 1 1 3 3
0.011723999884288953 2 2 1 1 1 2 1 2
0.011723999884288941 2 2 1 1 1 2 2 1
0.011723999884288938 2 2 1 1 2 1 1 2
0.011723999884288957 2 2 1 1 2 1 2 1
-0.00012537286474361494 2 2 1 1 2 2 0 0
-0.023448333272297336 2 2 1 1 2 2 1 1
-3.335037194436828e-07 2 2 1 1 2 2 2 2
-0.0014860329140921479 2 2 1 1 2 2 3 0
-7.683642114364041e-05 2 2 1 1 2 2 3 3
-0.0003496190660669992 2 2 1 2 1 1 1 2
0.0003954241430216411 2 2 1 2 1 1 2 1
-2.290253847732085e-05 2 2 1 2 1 2 1 1
2.2902538477320976e-05 2 2 1 2 1 2 2 2
-2.290253847732103e-05 2 2 1 2 2 1 1 1
2.290253847732085e-05 2 2 1 2 2 1 2 2
-0.0003954241430216411 2 2 1 2 2 2 1 2
0.0003496190660669992 2 2 1 2 2 2 2 1
0.0003883347315996636 2 2 2 1 1 1 1 2
-0.0003496190660669991 2 2 2 1 1 1 2 1
-1.9357832766332077e-05 2 2 2 1 1 2 1 1
1.935783276633194e-05 2 2 2 1 1 2 2 2
-1.935783276633194e-05 2 2 2 1 2 1 1 1
1.9357832766332077e-05 2 2 2 1 2 1 2 2
0.0003496190660669991 2 2 2 1 2 2 1 2
-0.0003883347315996638 2 2 2 1 2 2 2 1
-0.00015177872290898136 2 2 2 2 1 1 0 0
-3.3350371944368486e-07 2 2 2 2 1 1 2 2
-0.0014240929040367613 2 2 2 2 1 1 3 0
-5.2843444211010215e-05 2 2 2 2 1 1 3 3
1.6675185972192205e-07 2 2 2 2 1 2 1 2
1.6675185972187814e-07 2 2 2 2 1 2 2 1
1.6675185972187814e-07 2 2 2 2 2 1 1 2
1.6675185972192205e-07 2 2 2 2 2 1 2 1
-0.00015177872290898147 2 2 2 2 2 2 0 0
-3.3350371944368486e-07 2 2 2 2 2 2 1 1
-0.0014240929040367613 2 2 2 2 2 2 3 0
-5.2843444211010215e-05 2 2 2 2 2 2 3 3
0.004132193471564108 2 2 3 0 1 1 0 0
0.0008655212476101895 2 2 3 0 1 1 0 3
0.0009315318693066113 2 2 3 0 1 1 3 0
0.004132193471564108 2 2 3 0 2 2 0 0
0.0008655212476101895 2 2 3 0 2 2 0 3
0.0009315318693066113 2 2 3 0 2 2 3 0
0.0005155686778237456 2 2 3 3 1 1 0 0
-0.00012537286474361494 2 2 3 3 1 1 1 1
-0.00015177872290898136 2 2 3 3 1 1 2 2
1.3202929082683292e-05 2 2 3 3 1 2 1 2
1.320292908268337e-05 2 2 3 3 1 2 2 1
1.320292908268337e-05 2 2 3 3 2 1 1 2
1.3202929082683292e-05 2 2 3 3 2 1 2 1
0.0005155686778237456 2 2 3 3 2 2 0 0
-0.00015177872290898136 2 2 3 3 2 2 1 1
-0.00012537286474361494 2 2 3 3 2 2 2 2
-3.7679192158913524 2 3 0 1 1 0 0 2
-0.0011467470562920791 2 3 0 1 1 0 2 0
7.560788196486529e-05 2 3 0 1 1 0 2 3
-0.4069841874990791 2 3 0 1 1 0 3 2
-1.0276263643614416 2 3 0 1 1 3 0 2
-0.00035242719688792696 2 3 0 1 1 3 2 0
0.014193030951612798 2 3 0 1 1 3 3 2
3.7679192158913524 2 3 0 1 2 0 0 1
0.0011467470562920791 2 3 0 1 2 0 1 0
-7.560788196486518e-05 2 3 0 1 2 0 1 3
0.4069841874990791 2 3 0 1 2 0 3 1
1.0276263643614414 2 3 0 1 2 3 0 1
0.0003524271968879274 2 3 0 1 2 3 1 0
-0.014193030951612798 2 3 0 1 2 3 3 1
0.0038962289254317437 2 3 0 2 1 0 0 1
3.2296797760129135 2 3 0 2 1 0 1 0
0.2511781113788353 2 3 0 2 1 0 1 3
0.0005917900931853804 2 3 0 2 1 0 3 1
0.0010930623689825146 2 3 0 2 1 3 0 1
0.8804266127758131 2 3 0 2 1 3 1 0
-0.007304715982059718 2 3 0 2 1 3 1 3
0.0038962289254317437 2 3 0 2 2 0 0 2
3.229679776012914 2 3 0 2 2 0 2 0
0.2511781113788352 2 3 0 2 2 0 2 3
0.0005917900931853802 2 3 0 2 2 0 3 2
0.0010930623689825146 2 3 0 2 2 3 0 2
0.880426612775813 2 3 0 2 2 3 2 0
-0.007304715982059718 2 3 0 2 2 3 2 3
0.007338844254904188 2 3 1 0 1 0 0 2
-4.305078003378131 2 3 1 0 1 0 2 0
-0.4572555609413019 2 3 1 0 1 0 2 3
-0.25116611489036894 2 3 1 0 1 0 3 2
0.0020079086996522633 2 3 1 0 1 3 0 2
-1.1733285607878554 2 3 1 0 1 3 2 0
0.013549863064027905 2 3 1 0 1 3 2 3
0.007304715982059719 2 3 1 0 1 3 3 2
-0.007338844254904188 2 3 1 0 2 0 0 1
4.30507800337813 2 3 1 0 2 0 1 0
0.4572555609413018 2 3 1 0 2 0 1 3
0.25116611489036894 2 3 1 0 2 0 3 1
-0.0020079086996522633 2 3 1 0 2 3 0 1
1.1733285607878554 2 3 1 0 2 3 1 0
-0.013549863064027905 2 3 1 0 2 3 1 3
-0.007304715982059719 2 3 1 0 2 3 3 1
-0.2436479996064325 2 3 1 3 1 0 0 2
-0.4455086585185355 2 3 1 3 1 0 2 0
0.013247987007715425 2 3 1 3 1 0 2 3
-3.229648806007886 2 3 1 3 1 0 3 2
0.008889331376785832 2 3 1 3 1 3 0 2
0.013549863064027905 2 3 1 3 1 3 2 0
0.003744038076361438 2 3 1 3 1 3 2 3
-0.8804266127758131 2 3 1 3 1 3 3 2
0.24364799960643257 2 3 1 3 2 0 0 1
0.44550865851853555 2 3 1 3 2 0 1 0
-0.013247987007715425 2 3 1 3 2 0 1 3
3.2296488060078863 2 3 1 3 2 0 3 1
-0.008889331376785832 2 3 1 3 2 3 0 1
-0.013549863064027905 2 3 1 3 2 3 1 0
-0.003744038076361438 2 3 1 3 2 3 1 3
0.880426612775813 2 3 1 3 2 3 3 1
0.004073782782180219 2 3 2 0 1 0 1 0
0.0005765613281480244 2 3 2 0 1 0 1 3
-6.361139349855046e-05 2 3 2 0 1 0 3 1
0.0011536561208192477 2 3 2 0 1 3 1 0
0.004073782782180219 2 3 2 0 2 0 2 0
0.0005765613281480244 2 3 2 0 2 0 2 3
-6.361139349855024e-05 2 3 2 0 2 0 3 2
0.0011536561208192468 2 3 2 0 2 3 2 0
-7.885813345746026e-05 2 3 2 3 1 0 0 1
0.0005573702472414138 2 3 2 3 1 0 1 0
0.001177717061319774 2 3 2 3 1 0 3 1
0.0003524271968879272 2 3 2 3 1 3 3 1
-7.885813345746026e-05 2 3 2 3 2 0 0 2
0.0005573702472414138 2 3 2 3 2 0 2 0
0.001177717061319774 2 3 2 3 2 0 3 2
0.0003524271968879272 2 3 2 3 2 3 3 2
-0.3952408297820238 2 3 3 1 1 0 0 2
6.565520437477727e-05 2 3 3 1 1 0 2 0
0.013090669928185864 2 3 3 1 1 0 3 2
0.014193030951612798 2 3 3 1 1 3 0 2
0.003258548941755246 2 3 3 1 1 3 3 2
0.3952408297820238 2 3 3 1 2 0 0 1
-6.565520437477727e-05 2 3 3 1 2 0 1 0
-0.013090669928185864 2 3 3 1 2 0 3 1
-0.014193030951612798 2 3 3 1 2 3 0 1
-0.003258548941755246 2 3 3 1 2 3 3 1
0.0005690543065677803 2 3 3 2 1 0 0 1
0.24363479667734952 2 3 3 2 1 0 1 0
-0.007338844254904189 2 3 3 2 1 0 1 3
-0.008889331376785832 2 3 3 2 1 3 1 0
-0.0020079086996522633 2 3 3 2 1 3 1 3
0.0005690543065677805 2 3 3 2 2 0 0 2
0.24363479667734964 2 3 3 2 2 0 2 0
-0.007338844254904189 2 3 3 2 2 0 2 3
-0.008889331376785832 2 3 3 2 2 3 2 0
-0.0020079086996522633 2 3 3 2 2 3 2 3
24953.442672365945 3 0 0 0 0 0 0 0
3794.3934641676806 3 0 0 0 0 0 0 3
45.25523623236323 3 0 0 0 0 0 1 1
45.25523623236323 3 0 0 0 0 0 2 2
3963.0128173129833 3 0 0 0 0 0 3 0
-142.9554365890447 3 0 0 0 0 0 3 3
5486.648657898836 3 0 0 0 0 3 0 0
-221.52351482871597 3 0 0 0 0 3 0 3
10.51174266066731 3 0 0 0 0 3 1 1
10.51174266066731 3 0 0 0 0 3 2 2
-258.01862878761784 3 0 0 0 0 3 3 0
-31.115562250226173 3 0 0 0 0 3 3 3
6229.649410592207 3 0 0 0 3 0 0 0
-229.9549534569499 3 0 0 0 3 0 0 3
10.653513454231321 3 0 0 0 3 0 1 1
10.653513454231321 3 0 0 0 3 0 2 2
-269.7721330843893 3 0 0 0 3 0 3 0
-32.52308510469021 3 0 0 0 3 0 3 3
-353.1160891133566 3 0 0 0 3 3 0 0
-52.223968070903034 3 0 0 0 3 3 0 3
-0.6445421609841219 3 0 0 0 3 3 1 1
-0.6445421609841219 3 0 0 0 3 3 2 2
-55.01847639981759 3 0 0 0 3 3 3 0
1.6887333002504787 3 0 0 0 3 3 3 3
3599.4696899134356 3 0 0 3 0 0 0 0
-175.4461570630271 3 0 0 3 0 0 0 3
-1646.0851366237246 3 0 0 3 0 0 1 1
-1646.0851366237243 3 0 0 3 0 0 2 2
-192.84392990367442 3 0 0 3 0 0 3 0
-33.471566664637656 3 0 0 3 0 0 3 3
-221.52351482871603 3 0 0 3 0 3 0 0
-42.405601503054065 3 0 0 3 0 3 0 3
98.63011169339822 3 0 0 3 0 3 1 1
98.63011169339822 3 0 0 3 0 3 2 2
-42.85319565645215 3 0 0 3 0 3 3 0
1.4736872609958107 3 0 0 3 0 3 3 3
-229.9549534569499 3 0 0 3 3 0 0 0
-44.937881685348486 3 0 0 3 3 0 0 3
102.7466348041087 3 0 0 3 3 0 1 1
102.7466348041087 3 0 0 3 3 0 2 2
-45.2682205091092 3 0 0 3 3 0 3 0
1.5158916280313388 3 0 0 3 3 0 3 3
-53.25268749763346 3 0 0 3 3 3 0 0
2.0330556375836983 3 0 0 3 3 3 0 3
21.93611287863089 3 0 0 3 3 3 1 1
21.93611287863089 3 0 0 3 3 3 2 2
2.2151692975357844 3 0 0 3 3 3 3 0
0.35912926753150637 3 0 0 3 3 3 3 3
60.28427493164295 3 0 1 1 0 0 0 0
0.5174718645714644 3 0 1 1 0 0 0 3
0.0025896643487913914 3 0 1 1 0 0 1 1
0.0025896643487913914 3 0 1 1 0 0 2 2
-1479.3238092267006 3 0 1 1 0 0 3 0
44.44134404813967 3 0 1 1 0 0 3 3
12.631123541466511 3 0 1 1 0 3 0 0
-0.22808688985606354 3 0 1 1 0 3 0 3
0.000649664847631764 3 0 1 1 0 3 1 1
0.000649664847631764 3 0 1 1 0 3 2 2
98.63011169339822 3 0 1 1 0 3 3 0
10.511742660667306 3 0 1 1 0 3 3 3
12.98256354441621 3 0 1 1 3 0 0 0
-0.2299651693816275 3 0 1 1 3 0 0 3
0.0007558831428505818 3 0 1 1 3 0 1 1
0.0007558831428505887 3 0 1 1 3 0 2 2
102.7466348041087 3 0 1 1 3 0 3 0
10.65351345423132 3 0 1 1 3 0 3 3
-0.7920889636529487 3 0 1 1 3 3 0 0
-0.055518536641257256 3 0 1 1 3 3 0 3
22.816891918603577 3 0 1 1 3 3 3 0
-0.6518468769661816 3 0 1 1 3 3 3 3
52.041457241254385 3 0 1 2 0 0 1 2
-52.041457241254385 3 0 1 2 0 0 2 1
11.725217647874688 3 0 1 2 0 3 1 2
-11.72521764787469 3 0 1 2 0 3 2 1
12.744379521276102 3 0 1 2 3 0 1 2
-12.7443795212761 3 0 1 2 3 0 2 1
-0.5122429663336934 3 0 1 2 3 3 1 2
0.5122429663336934 3 0 1 2 3 3 2 1
-52.041457241254385 3 0 2 1 0 0 1 2
52.041457241254385 3 0 2 1 0 0 2 1
-11.725217647874688 3 0 2 1 0 3 1 2
11.72521764787469 3 0 2 1 0 3 2 1
-12.744379521276102 3 0 2 1 3 0 1 2
12.7443795212761 3 0 2 1 3 0 2 1
0.5122429663336934 3 0 2 1 3 3 1 2
-0.5122429663336934 3 0 2 1 3 3 2 1
60.28427493164295 3 0 2 2 0 0 0 0
0.5174718645714647 3 0 2 2 0 0 0 3
0.0025896643487913844 3 0 2 2 0 0 1 1
0.0025896643487913844 3 0 2 2 0 0 2 2
-1479.3238092267004 3 0 2 2 0 0 3 0
44.44134404813967 3 0 2 2 0 0 3 3
12.631123541466511 3 0 2 2 0 3 0 0
-0.22808688985606354 3 0 2 2 0 3 0 3
0.0006496648476317623 3 0 2 2 0 3 1 1
0.0006496648476317623 3 0 2 2 0 3 2 2
98.63011169339822 3 0 2 2 0 3 3 0
10.511742660667307 3 0 2 2 0 3 3 3
12.98256354441621 3 0 2 2 3 0 0 0
-0.22996516938162753 3 0 2 2 3 0 0 3
0.000755883142850586 3 0 2 2 3 0 1 1
0.0007558831428505913 3 0 2 2 3 0 2 2
102.7466348041087 3 0 2 2 3 0 3 0
10.65351345423132 3 0 2 2 3 0 3 3
-0.7920889636529487 3 0 2 2 3 3 0 0
-0.055518536641257256 3 0 2 2 3 3 0 3
22.81689191860358 3 0 2 2 3 3 3 0
-0.6518468769661816 3 0 2 2 3 3 3 3
3740.5011262524363 3 0 3 0 0 0 0 0
-193.3993305512606 3 0 3 0 0 0 0 3
1.1614449145597197 3 0 3 0 0 0 1 1
1.1614449145597199 3 0 3 0 0 0 2 2
-217.74897039826578 3 0 3 0 0 0 3 0
-32.46068382838196 3 0 3 0 0 0 3 3
-258.0186287876178 3 0 3 0 0 3 0 0
-42.85319565645215 3 0 3 0 0 3 0 3
-0.22808688985606357 3 0 3 0 0 3 1 1
-0.22808688985606357 3 0 3 0 0 3 2 2
-44.39985012642415 3 0 3 0 0 3 3 0
1.5466108528534332 3 0 3 0 0 3 3 3
-269.7721330843893 3 0 3 0 3 0 0 0
-45.26822050910919 3 0 3 0 3 0 0 3
-0.2299651693816275 3 0 3 0 3 0 1 1
-0.2299651693816275 3 0 3 0 3 0 2 2
-46.87776880359736 3 0 3 0 3 0 3 0
1.590618555132773 3 0 3 0 3 0 3 3
-56.19295861672629 3 0 3 0 3 3 0 0
2.2145261296481995 3 0 3 0 3 3 0 3
-0.053510627941604993 3 0 3 0 3 3 1 1
-0.053510627941604993 3 0 3 0 3 3 2 2
2.452161189066591 3 0 3 0 3 3 3 0
0.3619733394345688 3 0 3 0 3 3 3 3
-139.19973005468404 3 0 3 3 0 0 0 0
-32.519652603122175 3 0 3 3 0 0 0 3
61.689862565152204 3 0 3 3 0 0 1 1
61.689862565152204 3 0 3 3 0 0 2 2
-31.67449546722318 3 0 3 3 0 0 3 0
1.340639092395343 3 0 3 3 0 0 3 3
-31.11556225022618 3 0 3 3 0 3 0 0
1.4736872609958107 3 0 3 3 0 3 0 3
12.631123541466511 3 0 3 3 0 3 1 1
12.631123541466511 3 0 3 3 0 3 2 2
1.5466108528534335 3 0 3 3 0 3 3 0
0.31589437497325495 3 0 3 3 0 3 3 3
-32.523085104690246 3 0 3 3 3 0 0 0
1.5158916280313386 3 0 3 3 3 0 0 3
12.98256354441621 3 0 3 3 3 0 1 1
12.98256354441621 3 0 3 3 3 0 2 2
1.5906185551327732 3 0 3 3 3 0 3 0
0.327251663330863 3 0 3 3 3 0 3 3
1.7164761942661193 3 0 3 3 3 3 0 0
0.36287330560786774 3 0 3 3 3 3 0 3
-0.7831996322761627 3 0 3 3 3 3 1 1
-0.7831996322761627 3 0 3 3 3 3 2 2
0.36523188837632387 3 0 3 3 3 3 3 0
0.0038962289254317415 3 1 0 1 0 1 0 1
3.2296797760129126 3 1 0 1 0 1 1 0
0.2511781113788354 3 1 0 1 0 1 1 3
0.0005917900931853795 3 1 0 1 0 1 3 1
0.0038962289254317432 3 1 0 1 0 2 0 2
3.229679776012912 3 1 0 1 0 2 2 0
0.2511781113788354 3 1 0 1 0 2 2 3
0.0005917900931853797 3 1 0 1 0 2 3 2
0.001093062368982512 3 1 0 1 3 1 0 1
0.8804266127758131 3 1 0 1 3 1 1 0
-0.0073047159820597216 3 1 0 1 3 1 1 3
0.0010930623689825128 3 1 0 1 3 2 0 2
0.8804266127758132 3 1 0 1 3 2 2 0
-0.0073047159820597216 3 1 0 1 3 2 2 3
3.7679192158913497 3 1 0 2 0 1 0 2
0.0011467470562920832 3 1 0 2 0 1 2 0
-7.560788196486527e-05 3 1 0 2 0 1 2 3
0.4069841874990787 3 1 0 2 0 1 3 2
-3.7679192158913493 3 1 0 2 0 2 0 1
-0.0011467470562920832 3 1 0 2 0 2 1 0
7.56078819648653e-05 3 1 0 2 0 2 1 3
-0.40698418749907866 3 1 0 2 0 2 3 1
1.0276263643614414 3 1 0 2 3 1 0 2
0.00035242719688792805 3 1 0 2 3 1 2 0
-0.014193030951612784 3 1 0 2 3 1 3 2
-1.0276263643614412 3 1 0 2 3 2 0 1
-0.00035242719688792805 3 1 0 2 3 2 1 0
0.014193030951612784 3 1 0 2 3 2 3 1
0.00407378278218022 3 1 1 0 0 1 1 0
0.000576561328148024 3 1 1 0 0 1 1 3
-6.361139349855001e-05 3 1 1 0 0 1 3 1
0.00407378278218022 3 1 1 0 0 2 2 0
0.0005765613281480239 3 1 1 0 0 2 2 3
-6.361139349855001e-05 3 1 1 0 0 2 3 2
0.001153656120819246 3 1 1 0 3 1 1 0
0.001153656120819246 3 1 1 0 3 2 2 0
-7.885813345746032e-05 3 1 1 3 0 1 0 1
0.0005573702472414139 3 1 1 3 0 1 1 0
0.001177717061319776 3 1 1 3 0 1 3 1
-7.885813345746029e-05 3 1 1 3 0 2 0 2
0.0005573702472414137 3 1 1 3 0 2 2 0
0.001177717061319776 3 1 1 3 0 2 3 2
0.00035242719688792696 3 1 1 3 3 1 3 1
0.00035242719688792783 3 1 1 3 3 2 3 2
-0.007338844254904188 3 1 2 0 0 1 0 2
4.30507800337813 3 1 2 0 0 1 2 0
0.457255560941302 3 1 2 0 0 1 2 3
0.251166114890369 3 1 2 0 0 1 3 2
0.007338844254904188 3 1 2 0 0 2 0 1
-4.305078003378129 3 1 2 0 0 2 1 0
-0.4572555609413019 3 1 2 0 0 2 1 3
-0.25116611489036905 3 1 2 0 0 2 3 1
-0.0020079086996522646 3 1 2 0 3 1 0 2
1.1733285607878559 3 1 2 0 3 1 2 0
-0.013549863064027909 3 1 2 0 3 1 2 3
-0.007304715982059723 3 1 2 0 3 1 3 2
0.0020079086996522646 3 1 2 0 3 2 0 1
-1.1733285607878559 3 1 2 0 3 2 1 0
0.013549863064027909 3 1 2 0 3 2 1 3
0.007304715982059723 3 1 2 0 3 2 3 1
0.24364799960643235 3 1 2 3 0 1 0 2
0.4455086585185358 3 1 2 3 0 1 2 0
-0.013247987007715421 3 1 2 3 0 1 2 3
3.229648806007885 3 1 2 3 0 1 3 2
-0.24364799960643235 3 1 2 3 0 2 0 1
-0.44550865851853577 3 1 2 3 0 2 1 0
0.013247987007715421 3 1 2 3 0 2 1 3
-3.2296488060078845 3 1 2 3 0 2 3 1
-0.008889331376785832 3 1 2 3 3 1 0 2
-0.013549863064027909 3 1 2 3 3 1 2 0
-0.0037440380763614388 3 1 2 3 3 1 2 3
0.8804266127758131 3 1 2 3 3 1 3 2
0.008889331376785832 3 1 2 3 3 2 0 1
0.013549863064027909 3 1 2 3 3 2 1 0
0.0037440380763614388 3 1 2 3 3 2 1 3
-0.8804266127758131 3 1 2 3 3 2 3 1
0.0005690543065677804 3 1 3 1 0 1 0 1
0.24363479667734966 3 1 3 1 0 1 1 0
-0.007338844254904189 3 1 3 1 0 1 1 3
0.0005690543065677802 3 1 3 1 0 2 0 2
0.24363479667734966 3 1 3 1 0 2 2 0
-0.007338844254904189 3 1 3 1 0 2 2 3
-0.008889331376785832 3 1 3 1 3 1 1 0
-0.0020079086996522637 3 1 3 1 3 1 1 3
-0.008889331376785832 3 1 3 1 3 2 2 0
-0.0020079086996522637 3 1 3 1 3 2 2 3
0.39524082978202346 3 1 3 2 0 1 0 2
-6.565520437477678e-05 3 1 3 2 0 1 2 0
-0.013090669928185854 3 1 3 2 0 1 3 2
-0.3952408297820234 3 1 3 2 0 2 0 1
6.565520437477689e-05 3 1 3 2 0 2 1 0
0.013090669928185854 3 1 3 2 0 2 3 1
-0.014193030951612786 3 1 3 2 3 1 0 2
-0.0032585489417552445 3 1 3 2 3 1 3 2
0.014193030951612786 3 1 3 2 3 2 0 1
0.003258548941755245 3 1 3 2 3 2 3 1
-3.7679192158913493 3 2 0 1 0 1 0 2
-0.0011467470562920832 3 2 0 1 0 1 2 0
7.560788196486538e-05 3 2 0 1 0 1 2 3
-0.4069841874990786 3 2 0 1 0 1 3 2
3.7679192158913497 3 2 0 1 0 2 0 1
0.0011467470562920832 3 2 0 1 0 2 1 0
-7.56078819648654e-05 3 2 0 1 0 2 1 3
0.40698418749907866 3 2 0 1 0 2 3 1
-1.0276263643614414 3 2 0 1 3 1 0 2
-0.0003524271968879272 3 2 0 1 3 1 2 0
0.014193030951612784 3 2 0 1 3 1 3 2
1.0276263643614414 3 2 0 1 3 2 0 1
0.0003524271968879272 3 2 0 1 3 2 1 0
-0.014193030951612784 3 2 0 1 3 2 3 1
0.0038962289254317415 3 2 0 2 0 1 0 1
3.229679776012913 3 2 0 2 0 1 1 0
0.2511781113788355 3 2 0 2 0 1 1 3
0.0005917900931853796 3 2 0 2 0 1 3 1
0.0038962289254317415 3 2 0 2 0 2 0 2
3.2296797760129126 3 2 0 2 0 2 2 0
0.25117811137883544 3 2 0 2 0 2 2 3
0.0005917900931853796 3 2 0 2 0 2 3 2
0.0010930623689825137 3 2 0 2 3 1 0 1
0.8804266127758134 3 2 0 2 3 1 1 0
-0.0073047159820597216 3 2 0 2 3 1 1 3
0.0010930623689825146 3 2 0 2 3 2 0 2
0.8804266127758132 3 2 0 2 3 2 2 0
-0.0073047159820597216 3 2 0 2 3 2 2 3
0.007338844254904188 3 2 1 0 0 1 0 2
-4.30507800337813 3 2 1 0 0 1 2 0
-0.45725556094130193 3 2 1 0 0 1 2 3
-0.25116611489036905 3 2 1 0 0 1 3 2
-0.007338844254904188 3 2 1 0 0 2 0 1
4.30507800337813 3 2 1 0 0 2 1 0
0.457255560941302 3 2 1 0 0 2 1 3
0.25116611489036905 3 2 1 0 0 2 3 1
0.0020079086996522646 3 2 1 0 3 1 0 2
-1.1733285607878559 3 2 1 0 3 1 2 0
0.013549863064027909 3 2 1 0 3 1 2 3
0.007304715982059723 3 2 1 0 3 1 3 2
-0.0020079086996522646 3 2 1 0 3 2 0 1
1.1733285607878559 3 2 1 0 3 2 1 0
-0.013549863064027909 3 2 1 0 3 2 1 3
-0.007304715982059723 3 2 1 0 3 2 3 1
-0.24364799960643238 3 2 1 3 0 1 0 2
-0.44550865851853577 3 2 1 3 0 1 2 0
0.013247987007715421 3 2 1 3 0 1 2 3
-3.2296488060078854 3 2 1 3 0 1 3 2
0.24364799960643238 3 2 1 3 0 2 0 1
0.4455086585185357 3 2 1 3 0 2 1 0
-0.013247987007715421 3 2 1 3 0 2 1 3
3.229648806007885 3 2 1 3 0 2 3 1
0.008889331376785829 3 2 1 3 3 1 0 2
0.013549863064027909 3 2 1 3 3 1 2 0
0.003744038076361439 3 2 1 3 3 1 2 3
-0.8804266127758134 3 2 1 3 3 1 3 2
-0.008889331376785829 3 2 1 3 3 2 0 1
-0.013549863064027909 3 2 1 3 3 2 1 0
-0.003744038076361439 3 2 1 3 3 2 1 3
0.8804266127758132 3 2 1 3 3 2 3 1
0.004073782782180219 3 2 2 0 0 1 1 0
0.0005765613281480239 3 2 2 0 0 1 1 3
-6.361139349855004e-05 3 2 2 0 0 1 3 1
0.004073782782180219 3 2 2 0 0 2 2 0
0.000576561328148024 3 2 2 0 0 2 2 3
-6.361139349855001e-05 3 2 2 0 0 2 3 2
0.0011536561208192477 3 2 2 0 3 1 1 0
0.0011536561208192468 3 2 2 0 3 2 2 0
-7.885813345746032e-05 3 2 2 3 0 1 0 1
0.0005573702472414139 3 2 2 3 0 1 1 0
0.001177717061319777 3 2 2 3 0 1 3 1
-7.88581334574603e-05 3 2 2 3 0 2 0 2
0.0005573702472414139 3 2 2 3 0 2 2 0
0.001177717061319776 3 2 2 3 0 2 3 2
0.0003524271968879287 3 2 2 3 3 1 3 1
0.00035242719688792783 3 2 2 3 3 2 3 2
-0.3952408297820234 3 2 3 1 0 1 0 2
6.565520437477677e-05 3 2 3 1 0 1 2 0
0.013090669928185854 3 2 3 1 0 1 3 2
0.39524082978202346 3 2 3 1 0 2 0 1
-6.5655204374777e-05 3 2 3 1 0 2 1 0
-0.013090669928185854 3 2 3 1 0 2 3 1
0.014193030951612784 3 2 3 1 3 1 0 2
0.003258548941755244 3 2 3 1 3 1 3 2
-0.014193030951612784 3 2 3 1 3 2 0 1
-0.003258548941755244 3 2 3 1 3 2 3 1
0.0005690543065677804 3 2 3 2 0 1 0 1
0.24363479667734966 3 2 3 2 0 1 1 0
-0.007338844254904189 3 2 3 2 0 1 1 3
0.0005690543065677803 3 2 3 2 0 2 0 2
0.24363479667734966 3 2 3 2 0 2 2 0
-0.007338844254904189 3 2 3 2 0 2 2 3
-0.008889331376785832 3 2 3 2 3 1 1 0
-0.0020079086996522637 3 2 3 2 3 1 1 3
-0.008889331376785832 3 2 3 2 3 2 2 0
-0.0020079086996522637 3 2 3 2 3 2 2 3
5114.624490461634 3 3 0 0 0 0 0 0
-221.07658593972897 3 3 0 0 0 0 0 3
10.691894927449498 3 3 0 0 0 0 1 1
10.691894927449498 3 3 0 0 0 0 2 2
-256.4468962319205 3 3 0 0 0 0 3 0
-31.27669335417801 3 3 0 0 0 0 3 3
-353.1160891133566 3 3 0 0 0 3 0 0
-53.25268749763345 3 3 0 0 0 3 0 3
-0.6518468769661815 3 3 0 0 0 3 1 1
-0.6518468769661815 3 3 0 0 0 3 2 2
-56.19295861672627 3 3 0 0 0 3 3 0
1.7164761942661189 3 3 0 0 0 3 3 3
-353.1160891133566 3 3 0 0 3 0 0 0
-53.25268749763347 3 3 0 0 3 0 0 3
-0.6518468769661817 3 3 0 0 3 0 1 1
-0.6518468769661817 3 3 0 0 3 0 2 2
-56.19295861672628 3 3 0 0 3 0 3 0
1.7164761942661193 3 3 0 0 3 0 3 3
-80.99483028011139 3 3 0 0 3 3 0 0
2.7811813568540864 3 3 0 0 3 3 0 3
-0.1609157415303185 3 3 0 0 3 3 1 1
-0.1609157415303185 3 3 0 0 3 3 2 2
3.1333025219810677 3 3 0 0 3 3 3 0
0.40944000043914364 3 3 0 0 3 3 3 3
-213.53295505009547 3 3 0 3 0 0 0 0
-41.138530266049756 3 3 0 3 0 0 0 3
99.80122159820317 3 3 0 3 0 0 1 1
99.80122159820317 3 3 0 3 0 0 2 2
-41.68330776004956 3 3 0 3 0 0 3 0
1.4658330644857622 3 3 0 3 0 0 3 3
-52.223968070903034 3 3 0 3 0 3 0 0
2.0330556375836983 3 3 0 3 0 3 0 3
22.816891918603577 3 3 0 3 0 3 1 1
22.816891918603577 3 3 0 3 0 3 2 2
2.2145261296482 3 3 0 3 0 3 3 0
0.36287330560786757 3 3 0 3 0 3 3 3
-52.223968070903034 3 3 0 3 3 0 0 0
2.0330556375836983 3 3 0 3 3 0 0 3
22.81689191860358 3 3 0 3 3 0 1 1
22.816891918603584 3 3 0 3 3 0 2 2
2.2145261296481995 3 3 0 3 3 0 3 0
0.36287330560786774 3 3 0 3 3 0 3 3
2.781181356854087 3 3 0 3 3 3 0 0
0.5147249139016878 3 3 0 3 3 3 0 3
-1.212184341610228 3 3 0 3 3 3 1 1
-1.212184341610228 3 3 0 3 3 3 2 2
0.5338303120898404 3 3 0 3 3 3 3 0
12.21169582272487 3 3 1 1 0 0 0 0
-0.21980890583837742 3 3 1 1 0 0 0 3
0.0006173523819247343 3 3 1 1 0 0 1 1
0.0006173523819247343 3 3 1 1 0 0 2 2
93.33956855206465 3 3 1 1 0 0 3 0
10.189689920455764 3 3 1 1 0 0 3 3
-0.783199632276163 3 3 1 1 0 3 0 0
-0.05351062794160497 3 3 1 1 0 3 0 3
21.936112878630883 3 3 1 1 0 3 3 0
-0.6445421609841218 3 3 1 1 0 3 3 3
-0.7831996322761628 3 3 1 1 3 0 0 0
-0.053510627941605 3 3 1 1 3 0 0 3
21.93611287863089 3 3 1 1 3 0 3 0
-0.6445421609841219 3 3 1 1 3 0 3 3
-0.1839959623471599 3 3 1 1 3 3 0 0
-1.212184341610228 3 3 1 1 3 3 3 0
-0.1609157415303185 3 3 1 1 3 3 3 3
11.221149008674136 3 3 1 2 0 0 1 2
-11.221149008674136 3 3 1 2 0 0 2 1
-0.5122429663336933 3 3 1 2 0 3 1 2
0.5122429663336933 3 3 1 2 0 3 2 1
-0.5122429663336934 3 3 1 2 3 0 1 2
0.5122429663336934 3 3 1 2 3 0 2 1
-0.12439031165069676 3 3 1 2 3 3 1 2
0.12439031165069676 3 3 1 2 3 3 2 1
-11.221149008674136 3 3 2 1 0 0 1 2
11.221149008674136 3 3 2 1 0 0 2 1
0.5122429663336934 3 3 2 1 0 3 1 2
-0.5122429663336934 3 3 2 1 0 3 2 1
0.5122429663336934 3 3 2 1 3 0 1 2
-0.5122429663336934 3 3 2 1 3 0 2 1
0.12439031165069676 3 3 2 1 3 3 1 2
-0.12439031165069676 3 3 2 1 3 3 2 1
12.211695822724872 3 3 2 2 0 0 0 0
-0.21980890583837742 3 3 2 2 0 0 0 3
0.0006173523819247345 3 3 2 2 0 0 1 1
0.0006173523819247345 3 3 2 2 0 0 2 2
93.33956855206465 3 3 2 2 0 0 3 0
10.189689920455764 3 3 2 2 0 0 3 3
-0.783199632276163 3 3 2 2 0 3 0 0
-0.05351062794160497 3 3 2 2 0 3 0 3
21.936112878630883 3 3 2 2 0 3 3 0
-0.6445421609841218 3 3 2 2 0 3 3 3
-0.7831996322761628 3 3 2 2 3 0 0 0
-0.053510627941604993 3 3 2 2 3 0 0 3
21.93611287863089 3 3 2 2 3 0 3 0
-0.6445421609841219 3 3 2 2 3 0 3 3
-0.1839959623471599 3 3 2 2 3 3 0 0
-1.212184341610228 3 3 2 2 3 3 3 0
-0.1609157415303185 3 3 2 2 3 3 3 3
-247.82859265960013 3 3 3 0 0 0 0 0
-41.58279547069518 3 3 3 0 0 0 0 3
-0.23448659434818578 3 3 3 0 0 0 1 1
-0.23448659434818578 3 3 3 0 0 0 2 2
-43.159959255968225 3 3 3 0 0 0 3 0
1.5376976716419493 3 3 3 0 0 0 3 3
-55.01847639981759 3 3 3 0 0 3 0 0
2.2151692975357844 3 3 3 0 0 3 0 3
-0.055518536641257256 3 3 3 0 0 3 1 1
-0.055518536641257256 3 3 3 0 0 3 2 2
2.4521611890665915 3 3 3 0 0 3 3 0
0.3652318883763238 3 3 3 0 0 3 3 3
-55.01847639981759 3 3 3 0 3 0 0 0
2.2151692975357844 3 3 3 0 3 0 0 3
-0.05551853664125725 3 3 3 0 3 0 1 1
-0.05551853664125725 3 3 3 0 3 0 2 2
2.4521611890665915 3 3 3 0 3 0 3 0
0.365231888376324 3 3 3 0 3 0 3 3
3.1333025219810686 3 3 3 0 3 3 0 0
0.5338303120898404 3 3 3 0 3 3 0 3
0.5632221447260424 3 3 3 0 3 3 3 0
-29.569409341461945 3 3 3 3 0 0 0 0
1.4393370904703313 3 3 3 3 0 0 0 3
12.698834105670809 3 3 3 3 0 0 1 1
12.698834105670807 3 3 3 3 0 0 2 2
1.511516331785578 3 3 3 3 0 0 3 0
0.3102157307944511 3 3 3 3 0 0 3 3
1.688733300250479 3 3 3 3 0 3 0 0
0.3591292675315062 3 3 3 3 0 3 0 3
-0.7920889636529488 3 3 3 3 0 3 1 1
-0.7920889636529488 3 3 3 3 0 3 2 2
0.3619733394345685 3 3 3 3 0 3 3 0
1.688733300250479 3 3 3 3 3 0 0 0
0.3591292675315063 3 3 3 3 3 0 0 3
-0.7920889636529487 3 3 3 3 3 0 1 1
-0.7920889636529487 3 3 3 3 3 0 2 2
0.3619733394345686 3 3 3 3 3 0 3 0
0.4094400004391437 3 3 3 3 3 3 0 0
-0.1839959623471599 3 3 3 3 3 3 1 1
-0.1839959623471599 3 3 3 3 3 3 2 2
