-871093.5911268444 0 0 0 0 0 0 0 0
13688.963502571614 0 0 0 0 0 0 0 3
25077.061148128516 0 0 0 0 0 0 3 0
3717.9771414721267 0 0 0 0 0 0 3 3
25077.061148128527 0 0 0 0 0 3 0 0
3717.9771414721263 0 0 0 0 0 3 0 3
5091.325692605398 0 0 0 0 0 3 3 0
-215.6062608761933 0 0 0 0 0 3 3 3
-0.1494898457333592 0 0 0 0 1 0 0 1
-0.600601505045884 0 0 0 0 1 0 3 1
-0.600601505045884 0 0 0 0 1 3 0 1
9.88413569427657 0 0 0 0 1 3 3 1
-0.1494898457333592 0 0 0 0 2 0 0 2
-0.600601505045884 0 0 0 0 2 0 3 2
-0.600601505045884 0 0 0 0 2 3 0 2
9.88413569427657 0 0 0 0 2 3 3 2
21894.33341672745 0 0 0 0 3 0 0 0
2642.0945013467267 0 0 0 0 3 0 0 3
3912.537830934952 0 0 0 0 3 0 3 0
-154.8905939634287 0 0 0 0 3 0 3 3
3912.5378309349517 0 0 0 0 3 3 0 0
-154.89059396342873 0 0 0 0 3 3 0 3
-263.6773774360519 0 0 0 0 3 3 3 0
-33.4605045205974 0 0 0 0 3 3 3 3
13688.963502571605 0 0 0 3 0 0 0 0
4432.323127007637 0 0 0 3 0 0 0 3
3920.7565289860927 0 0 0 3 0 0 3 0
-177.3319395527021 0 0 0 3 0 0 3 3
3920.7565289860922 0 0 0 3 0 3 0 0
-177.33193955270215 0 0 0 3 0 3 0 3
-223.51839991473284 0 0 0 3 0 3 3 0
-43.424089975896464 0 0 0 3 0 3 3 3
-1.1111063105944077 0 0 0 3 1 0 0 1
20.610677607825664 0 0 0 3 1 0 3 1
20.610677607825664 0 0 0 3 1 3 0 1
91.44089779709023 0 0 0 3 1 3 3 1
-1.1111063105944077 0 0 0 3 2 0 0 2
20.610677607825664 0 0 0 3 2 0 3 2
20.610677607825664 0 0 0 3 2 3 0 2
91.44089779709023 0 0 0 3 2 3 3 2
4143.895646834286 0 0 0 3 3 0 0 0
-154.00290664622833 0 0 0 3 3 0 0 3
-203.2574020260787 0 0 0 3 3 0 3 0
-35.93185617597769 0 0 0 3 3 0 3 3
-203.25740202607872 0 0 0 3 3 3 0 0
-35.93185617597769 0 0 0 3 3 3 0 3
-44.14529046987386 0 0 0 3 3 3 3 0
1.5899252972079387 0 0 0 3 3 3 3 3
-0.4651883666118975 0 0 1 1 0 0 1 1
-0.4651883666118976 0 0 1 1 0 0 2 2
0.004981407369704922 0 0 1 1 0 3 1 1
0.004981407369704924 0 0 1 1 0 3 2 2
-0.0001062373382582347 0 0 1 1 1 0 1 0
-0.0002353646818540429 0 0 1 1 1 3 1 0
0.0002548440539023103 0 0 1 1 1 3 1 3
-0.00010623733825823514 0 0 1 1 2 0 2 0
-0.0002353646818540429 0 0 1 1 2 3 2 0
0.0002548440539023103 0 0 1 1 2 3 2 3
0.004067248136207398 0 0 1 1 3 0 1 1
0.004067248136207398 0 0 1 1 3 0 2 2
0.0008392085956576483 0 0 1 1 3 3 1 1
0.0008392085956576483 0 0 1 1 3 3 2 2
-202.3141991473516 0 0 1 2 0 0 1 2
202.3141991473516 0 0 1 2 0 0 2 1
3.951088111900122 0 0 1 2 0 3 1 2
-3.9510881119001224 0 0 1 2 0 3 2 1
0.7835471259443441 0 0 1 2 1 0 2 0
-0.006075859422471042 0 0 1 2 1 0 2 3
2.898318328146725 0 0 1 2 1 3 2 0
0.22554807699872456 0 0 1 2 1 3 2 3
-0.7835471259443441 0 0 1 2 2 0 1 0
0.006075859422471042 0 0 1 2 2 0 1 3
-2.898318328146725 0 0 1 2 2 3 1 0
-0.22554807699872456 0 0 1 2 2 3 1 3
2.680758794399743 0 0 1 2 3 0 1 2
-2.6807587943997433 0 0 1 2 3 0 2 1
0.489503825816492 0 0 1 2 3 3 1 2
-0.48950382581649193 0 0 1 2 3 3 2 1
202.3141991473516 0 0 2 1 0 0 1 2
-202.3141991473516 0 0 2 1 0 0 2 1
-3.9510881119001224 0 0 2 1 0 3 1 2
3.951088111900122 0 0 2 1 0 3 2 1
-0.7835471259443441 0 0 2 1 1 0 2 0
0.006075859422471042 0 0 2 1 1 0 2 3
-2.898318328146725 0 0 2 1 1 3 2 0
-0.22554807699872456 0 0 2 1 1 3 2 3
0.7835471259443441 0 0 2 1 2 0 1 0
-0.006075859422471042 0 0 2 1 2 0 1 3
2.898318328146725 0 0 2 1 2 3 1 0
0.22554807699872456 0 0 2 1 2 3 1 3
-2.680758794399743 0 0 2 1 3 0 1 2
2.6807587943997433 0 0 2 1 3 0 2 1
-0.48950382581649193 0 0 2 1 3 3 1 2
0.489503825816492 0 0 2 1 3 3 2 1
-0.4651883666118976 0 0 2 2 0 0 1 1
-0.4651883666118976 0 0 2 2 0 0 2 2
0.004981407369704924 0 0 2 2 0 3 1 1
0.004981407369704922 0 0 2 2 0 3 2 2
-0.00010623733825823514 0 0 2 2 1 0 1 0
-0.0002353646818540429 0 0 2 2 1 3 1 0
0.0002548440539023103 0 0 2 2 1 3 1 3
-0.0001062373382582347 0 0 2 2 2 0 2 0
-0.0002353646818540429 0 0 2 2 2 3 2 0
0.0002548440539023105 0 0 2 2 2 3 2 3
0.004067248136207398 0 0 2 2 3 0 1 1
0.004067248136207398 0 0 2 2 3 0 2 2
0.0008392085956576483 0 0 2 2 3 3 1 1
0.0008392085956576483 0 0 2 2 3 3 2 2
25077.061148128512 0 0 3 0 0 0 0 0
3920.7565289860927 0 0 3 0 0 0 0 3
6203.7222443979435 0 0 3 0 0 0 3 0
-231.5269110226753 0 0 3 0 0 0 3 3
5462.476727274936 0 0 3 0 0 3 0 0
-223.55246563141654 0 0 3 0 0 3 0 3
-355.1634809662214 0 0 3 0 0 3 3 0
-53.8204498777485 0 0 3 0 0 3 3 3
-0.5945256456234131 0 0 3 0 1 0 0 1
9.837740627361873 0 0 3 0 1 0 3 1
9.718512585367444 0 0 3 0 1 3 0 1
40.71591566948815 0 0 3 0 1 3 3 1
-0.5945256456234131 0 0 3 0 2 0 0 2
9.837740627361873 0 0 3 0 2 0 3 2
9.718512585367446 0 0 3 0 2 3 0 2
40.71591566948814 0 0 3 0 2 3 3 2
4165.819177297737 0 0 3 0 3 0 0 0
-159.53544411180158 0 0 3 0 3 0 0 3
-287.57201434410274 0 0 3 0 3 0 3 0
-36.92954292816805 0 0 3 0 3 0 3 3
-274.94353176315093 0 0 3 0 3 3 0 0
-35.343298141854405 0 0 3 0 3 3 0 3
-57.75288057455926 0 0 3 0 3 3 3 0
1.9038131664186324 0 0 3 0 3 3 3 3
3717.977141472127 0 0 3 3 0 0 0 0
-177.3319395527021 0 0 3 3 0 0 0 3
-231.52691102267525 0 0 3 3 0 0 3 0
-47.392666803780855 0 0 3 3 0 0 3 3
-223.55246563141645 0 0 3 3 0 3 0 0
-44.74761096589796 0 0 3 3 0 3 0 3
-54.89072481446187 0 0 3 3 0 3 3 0
2.1008115345837624 0 0 3 3 0 3 3 3
19.827024244543058 0 0 3 3 1 0 0 1
94.26825879718866 0 0 3 3 1 0 3 1
90.45188998475584 0 0 3 3 1 3 0 1
-1483.7486970422465 0 0 3 3 1 3 3 1
19.82702424454306 0 0 3 3 2 0 0 2
94.2682587971887 0 0 3 3 2 0 3 2
90.45188998475582 0 0 3 3 2 3 0 2
-1483.7486970422465 0 0 3 3 2 3 3 2
-202.53260008937957 0 0 3 3 3 0 0 0
-37.01924842234708 0 0 3 3 3 0 0 3
-47.997859886158295 0 0 3 3 3 0 3 0
1.6740144817279925 0 0 3 3 3 0 3 3
-45.51719809006705 0 0 3 3 3 3 0 0
1.6289032373177572 0 0 3 3 3 3 0 3
2.364864841449272 0 0 3 3 3 3 3 0
0.4039777909381582 0 0 3 3 3 3 3 3
-0.465188366611898 0 1 0 1 0 1 0 1
0.004981407369704926 0 1 0 1 0 1 3 1
-0.4651883666118979 0 1 0 1 0 2 0 2
0.004981407369704926 0 1 0 1 0 2 3 2
-0.000106237338258236 0 1 0 1 1 1 0 0
-0.00023536468185404377 0 1 0 1 1 1 3 0
0.0002548440539023101 0 1 0 1 1 1 3 3
-0.000106237338258236 0 1 0 1 2 2 0 0
-0.00023536468185404377 0 1 0 1 2 2 3 0
0.0002548440539023101 0 1 0 1 2 2 3 3
0.0040672481362073985 0 1 0 1 3 1 0 1
0.0008392085956576492 0 1 0 1 3 1 3 1
0.004067248136207397 0 1 0 1 3 2 0 2
0.0008392085956576492 0 1 0 1 3 2 3 2
-202.31419914735156 0 1 0 2 0 1 0 2
3.95108811190012 0 1 0 2 0 1 3 2
202.31419914735156 0 1 0 2 0 2 0 1
-3.95108811190012 0 1 0 2 0 2 3 1
0.783547125944344 0 1 0 2 1 2 0 0
-0.006075859422471042 0 1 0 2 1 2 0 3
2.8983183281467246 0 1 0 2 1 2 3 0
0.22554807699872467 0 1 0 2 1 2 3 3
-0.7835471259443438 0 1 0 2 2 1 0 0
0.006075859422471042 0 1 0 2 2 1 0 3
-2.8983183281467246 0 1 0 2 2 1 3 0
-0.22554807699872464 0 1 0 2 2 1 3 3
2.6807587943997433 0 1 0 2 3 1 0 2
0.489503825816492 0 1 0 2 3 1 3 2
-2.680758794399743 0 1 0 2 3 2 0 1
-0.48950382581649193 0 1 0 2 3 2 3 1
-0.5282761080398769 0 1 1 0 0 1 1 0
0.0029125403240928133 0 1 1 0 0 1 1 3
-0.5282761080398768 0 1 1 0 0 2 2 0
0.0029125403240928133 0 1 1 0 0 2 2 3
-3.6311493964759855e-05 0 1 1 0 1 1 1 1
1.979154451184585e-05 0 1 1 0 1 1 2 2
1.9791544511845837e-05 0 1 1 0 1 2 1 2
-7.589458298845142e-05 0 1 1 0 1 2 2 1
-7.589458298845142e-05 0 1 1 0 2 1 1 2
1.9791544511845837e-05 0 1 1 0 2 1 2 1
1.979154451184585e-05 0 1 1 0 2 2 1 1
-3.6311493964759855e-05 0 1 1 0 2 2 2 2
0.004485432711257325 0 1 1 0 3 1 1 0
0.0005883545166170544 0 1 1 0 3 1 1 3
0.004485432711257325 0 1 1 0 3 2 2 0
0.0005883545166170544 0 1 1 0 3 2 2 3
0.0029125403240928115 0 1 1 3 0 1 1 0
0.0009930710600374493 0 1 1 3 0 1 1 3
0.0029125403240928133 0 1 1 3 0 2 2 0
0.0009930710600374493 0 1 1 3 0 2 2 3
-0.0013230710347391953 0 1 1 3 1 1 1 1
3.8403242992039e-05 0 1 1 3 1 1 2 2
3.840324299203854e-05 0 1 1 3 1 2 1 2
-0.0013998775207232734 0 1 1 3 1 2 2 1
-0.001399877520723273 0 1 1 3 2 1 1 2
3.8403242992038645e-05 0 1 1 3 2 1 2 1
3.840324299203889e-05 0 1 1 3 2 2 1 1
-0.0013230710347391953 0 1 1 3 2 2 2 2
0.0008902087655395254 0 1 1 3 3 1 1 0
0.0008902087655395263 0 1 1 3 3 2 2 0
-370.6227585615032 0 1 2 0 0 1 2 0
3.987222695629408 0 1 2 0 0 1 2 3
370.6227585615032 0 1 2 0 0 2 1 0
-3.987222695629408 0 1 2 0 0 2 1 3
-0.059614020997218124 0 1 2 0 1 1 2 1
0.05961402099721812 0 1 2 0 1 2 1 1
-0.059614020997218124 0 1 2 0 2 1 2 2
0.05961402099721811 0 1 2 0 2 2 1 2
6.314241290475957 0 1 2 0 3 1 2 0
0.7931223931568098 0 1 2 0 3 1 2 3
-6.314241290475957 0 1 2 0 3 2 1 0
-0.7931223931568098 0 1 2 0 3 2 1 3
3.9872226956294052 0 1 2 3 0 1 2 0
1.3225279189414527 0 1 2 3 0 1 2 3
-3.9872226956294052 0 1 2 3 0 2 1 0
-1.3225279189414527 0 1 2 3 0 2 1 3
-1.908184406216438 0 1 2 3 1 1 2 1
1.9081844062164381 0 1 2 3 1 2 1 1
-1.9081844062164384 0 1 2 3 2 1 2 2
1.9081844062164381 0 1 2 3 2 2 1 2
1.2403308980456236 0 1 2 3 3 1 2 0
-0.022555622205117885 0 1 2 3 3 1 2 3
-1.2403308980456236 0 1 2 3 3 2 1 0
0.022555622205117885 0 1 2 3 3 2 1 3
0.004981407369704924 0 1 3 1 0 1 0 1
0.0013678087095161287 0 1 3 1 0 1 3 1
0.004981407369704924 0 1 3 1 0 2 0 2
0.0013678087095161287 0 1 3 1 0 2 3 2
-0.0002737679248460837 0 1 3 1 1 1 0 0
0.0002350525093904643 0 1 3 1 1 1 0 3
0.05879453936074527 0 1 3 1 1 1 3 0
0.0012689653760529552 0 1 3 1 1 1 3 3
-0.0002737679248460837 0 1 3 1 2 2 0 0
0.00023505250939046451 0 1 3 1 2 2 0 3
0.05879453936074522 0 1 3 1 2 2 3 0
0.0012689653760529552 0 1 3 1 2 2 3 3
0.0008789421990865981 0 1 3 1 3 1 0 1
0.0008789421990865981 0 1 3 1 3 2 0 2
3.9510881119001198 0 1 3 2 0 1 0 2
1.0689071280038465 0 1 3 2 0 1 3 2
-3.9510881119001198 0 1 3 2 0 2 0 1
-1.0689071280038467 0 1 3 2 0 2 3 1
2.898279924903734 0 1 3 2 1 2 0 0
0.2255282854542127 0 1 3 2 1 2 0 3
-148.20521130844764 0 1 3 2 1 2 3 0
0.5549221858785112 0 1 3 2 1 2 3 3
-2.898279924903734 0 1 3 2 2 1 0 0
-0.22552828545421266 0 1 3 2 2 1 0 3
148.20521130844764 0 1 3 2 2 1 3 0
-0.5549221858785112 0 1 3 2 2 1 3 3
0.5117538008357726 0 1 3 2 3 1 0 2
-0.017808179588473784 0 1 3 2 3 1 3 2
-0.5117538008357726 0 1 3 2 3 2 0 1
0.017808179588473784 0 1 3 2 3 2 3 1
202.31419914735156 0 2 0 1 0 1 0 2
-3.95108811190012 0 2 0 1 0 1 3 2
-202.3141991473516 0 2 0 1 0 2 0 1
3.9510881119001207 0 2 0 1 0 2 3 1
-0.783547125944344 0 2 0 1 1 2 0 0
0.006075859422471041 0 2 0 1 1 2 0 3
-2.8983183281467246 0 2 0 1 1 2 3 0
-0.22554807699872467 0 2 0 1 1 2 3 3
0.7835471259443438 0 2 0 1 2 1 0 0
-0.006075859422471041 0 2 0 1 2 1 0 3
2.8983183281467246 0 2 0 1 2 1 3 0
0.22554807699872467 0 2 0 1 2 1 3 3
-2.680758794399743 0 2 0 1 3 1 0 2
-0.489503825816492 0 2 0 1 3 1 3 2
2.6807587943997433 0 2 0 1 3 2 0 1
0.48950382581649204 0 2 0 1 3 2 3 1
-0.465188366611898 0 2 0 2 0 1 0 1
0.0049814073697049275 0 2 0 2 0 1 3 1
-0.4651883666118981 0 2 0 2 0 2 0 2
0.0049814073697049275 0 2 0 2 0 2 3 2
-0.00010623733825823557 0 2 0 2 1 1 0 0
-0.00023536468185404377 0 2 0 2 1 1 3 0
0.0002548440539023101 0 2 0 2 1 1 3 3
-0.000106237338258236 0 2 0 2 2 2 0 0
-0.00023536468185404377 0 2 0 2 2 2 3 0
0.0002548440539023101 0 2 0 2 2 2 3 3
0.004067248136207397 0 2 0 2 3 1 0 1
0.0008392085956576492 0 2 0 2 3 1 3 1
0.004067248136207397 0 2 0 2 3 2 0 2
0.0008392085956576488 0 2 0 2 3 2 3 2
370.6227585615032 0 2 1 0 0 1 2 0
-3.987222695629408 0 2 1 0 0 1 2 3
-370.6227585615032 0 2 1 0 0 2 1 0
3.987222695629408 0 2 1 0 0 2 1 3
0.05961402099721811 0 2 1 0 1 1 2 1
-0.05961402099721812 0 2 1 0 1 2 1 1
0.05961402099721812 0 2 1 0 2 1 2 2
-0.05961402099721811 0 2 1 0 2 2 1 2
-6.314241290475957 0 2 1 0 3 1 2 0
-0.7931223931568098 0 2 1 0 3 1 2 3
6.314241290475957 0 2 1 0 3 2 1 0
0.7931223931568098 0 2 1 0 3 2 1 3
-3.9872226956294052 0 2 1 3 0 1 2 0
-1.3225279189414527 0 2 1 3 0 1 2 3
3.9872226956294052 0 2 1 3 0 2 1 0
1.3225279189414527 0 2 1 3 0 2 1 3
1.9081844062164381 0 2 1 3 1 1 2 1
-1.908184406216438 0 2 1 3 1 2 1 1
1.9081844062164381 0 2 1 3 2 1 2 2
-1.9081844062164384 0 2 1 3 2 2 1 2
-1.2403308980456236 0 2 1 3 3 1 2 0
0.022555622205117885 0 2 1 3 3 1 2 3
1.2403308980456236 0 2 1 3 3 2 1 0
-0.022555622205117885 0 2 1 3 3 2 1 3
-0.5282761080398769 0 2 2 0 0 1 1 0
0.0029125403240928133 0 2 2 0 0 1 1 3
-0.5282761080398768 0 2 2 0 0 2 2 0
0.0029125403240928133 0 2 2 0 0 2 2 3
-3.6311493964759855e-05 0 2 2 0 1 1 1 1
1.9791544511845797e-05 0 2 2 0 1 1 2 2
1.9791544511845837e-05 0 2 2 0 1 2 1 2
-7.589458298845142e-05 0 2 2 0 1 2 2 1
-7.589458298845142e-05 0 2 2 0 2 1 1 2
1.9791544511845837e-05 0 2 2 0 2 1 2 1
1.9791544511845797e-05 0 2 2 0 2 2 1 1
-3.6311493964759855e-05 0 2 2 0 2 2 2 2
0.004485432711257328 0 2 2 0 3 1 1 0
0.0005883545166170544 0 2 2 0 3 1 1 3
0.004485432711257325 0 2 2 0 3 2 2 0
0.0005883545166170548 0 2 2 0 3 2 2 3
0.0029125403240928115 0 2 2 3 0 1 1 0
0.0009930710600374493 0 2 2 3 0 1 1 3
0.0029125403240928115 0 2 2 3 0 2 2 0
0.0009930710600374493 0 2 2 3 0 2 2 3
-0.0013230710347391953 0 2 2 3 1 1 1 1
3.8403242992039e-05 0 2 2 3 1 1 2 2
3.8403242992038564e-05 0 2 2 3 1 2 1 2
-0.001399877520723273 0 2 2 3 1 2 2 1
-0.0013998775207232734 0 2 2 3 2 1 1 2
3.8403242992038564e-05 0 2 2 3 2 1 2 1
3.840324299203889e-05 0 2 2 3 2 2 1 1
-0.001323071034739195 0 2 2 3 2 2 2 2
0.0008902087655395263 0 2 2 3 3 1 1 0
0.0008902087655395254 0 2 2 3 3 2 2 0
-3.9510881119001198 0 2 3 1 0 1 0 2
-1.0689071280038467 0 2 3 1 0 1 3 2
3.95108811190012 0 2 3 1 0 2 0 1
1.068907128003847 0 2 3 1 0 2 3 1
-2.898279924903733 0 2 3 1 1 2 0 0
-0.2255282854542127 0 2 3 1 1 2 0 3
148.20521130844764 0 2 3 1 1 2 3 0
-0.5549221858785113 0 2 3 1 1 2 3 3
2.898279924903733 0 2 3 1 2 1 0 0
0.2255282854542127 0 2 3 1 2 1 0 3
-148.20521130844764 0 2 3 1 2 1 3 0
0.5549221858785114 0 2 3 1 2 1 3 3
-0.5117538008357725 0 2 3 1 3 1 0 2
0.017808179588473784 0 2 3 1 3 1 3 2
0.5117538008357725 0 2 3 1 3 2 0 1
-0.017808179588473784 0 2 3 1 3 2 3 1
0.004981407369704926 0 2 3 2 0 1 0 1
0.0013678087095161287 0 2 3 2 0 1 3 1
0.004981407369704926 0 2 3 2 0 2 0 2
0.0013678087095161287 0 2 3 2 0 2 3 2
-0.0002737679248460837 0 2 3 2 1 1 0 0
0.0002350525093904643 0 2 3 2 1 1 0 3
0.05879453936074522 0 2 3 2 1 1 3 0
0.0012689653760529552 0 2 3 2 1 1 3 3
-0.00027376792484608455 0 2 3 2 2 2 0 0
0.0002350525093904643 0 2 3 2 2 2 0 3
0.058794539360745295 0 2 3 2 2 2 3 0
0.0012689653760529543 0 2 3 2 2 2 3 3
0.000878942199086599 0 2 3 2 3 1 0 1
0.0008789421990865981 0 2 3 2 3 2 0 2
25077.061148128512 0 3 0 0 0 0 0 0
3920.7565289860922 0 3 0 0 0 0 0 3
5462.476727274937 0 3 0 0 0 0 3 0
-223.5524656314165 0 3 0 0 0 0 3 3
6203.722244397945 0 3 0 0 0 3 0 0
-231.5269110226754 0 3 0 0 0 3 0 3
-355.1634809662216 0 3 0 0 0 3 3 0
-53.820449877748516 0 3 0 0 0 3 3 3
-0.594525645623413 0 3 0 0 1 0 0 1
9.718512585367446 0 3 0 0 1 0 3 1
9.837740627361873 0 3 0 0 1 3 0 1
40.71591566948814 0 3 0 0 1 3 3 1
-0.594525645623413 0 3 0 0 2 0 0 2
9.718512585367446 0 3 0 0 2 0 3 2
9.837740627361875 0 3 0 0 2 3 0 2
40.71591566948814 0 3 0 0 2 3 3 2
4165.819177297737 0 3 0 0 3 0 0 0
-159.53544411180158 0 3 0 0 3 0 0 3
-274.9435317631509 0 3 0 0 3 0 3 0
-35.34329814185442 0 3 0 0 3 0 3 3
-287.5720143441028 0 3 0 0 3 3 0 0
-36.929542928168026 0 3 0 0 3 3 0 3
-57.75288057455928 0 3 0 0 3 3 3 0
1.9038131664186329 0 3 0 0 3 3 3 3
3717.9771414721286 0 3 0 3 0 0 0 0
-177.33193955270212 0 3 0 3 0 0 0 3
-223.55246563141645 0 3 0 3 0 0 3 0
-44.74761096589797 0 3 0 3 0 0 3 3
-231.52691102267534 0 3 0 3 0 3 0 0
-47.39266680378085 0 3 0 3 0 3 0 3
-54.89072481446188 0 3 0 3 0 3 3 0
2.1008115345837624 0 3 0 3 0 3 3 3
19.827024244543054 0 3 0 3 1 0 0 1
90.45188998475584 0 3 0 3 1 0 3 1
94.26825879718864 0 3 0 3 1 3 0 1
-1483.748697042246 0 3 0 3 1 3 3 1
19.827024244543054 0 3 0 3 2 0 0 2
90.45188998475582 0 3 0 3 2 0 3 2
94.26825879718865 0 3 0 3 2 3 0 2
-1483.7486970422462 0 3 0 3 2 3 3 2
-202.53260008937957 0 3 0 3 3 0 0 0
-37.019248422347076 0 3 0 3 3 0 0 3
-45.51719809006706 0 3 0 3 3 0 3 0
1.6289032373177572 0 3 0 3 3 0 3 3
-47.9978598861583 0 3 0 3 3 3 0 0
1.674014481727993 0 3 0 3 3 3 0 3
2.3648648414492723 0 3 0 3 3 3 3 0
0.40397779093815833 0 3 0 3 3 3 3 3
0.004981407369704923 0 3 1 1 0 0 1 1
0.004981407369704923 0 3 1 1 0 0 2 2
0.0013678087095161289 0 3 1 1 0 3 1 1
0.001367808709516128 0 3 1 1 0 3 2 2
-0.00027376792484608194 0 3 1 1 1 0 1 0
0.00023505250939046451 0 3 1 1 1 0 1 3
0.05879453936074501 0 3 1 1 1 3 1 0
0.001268965376052953 0 3 1 1 1 3 1 3
-0.00027376792484608194 0 3 1 1 2 0 2 0
0.00023505250939046451 0 3 1 1 2 0 2 3
0.05879453936074499 0 3 1 1 2 3 2 0
0.001268965376052954 0 3 1 1 2 3 2 3
0.0008789421990865974 0 3 1 1 3 0 1 1
0.0008789421990865979 0 3 1 1 3 0 2 2
3.9510881119001207 0 3 1 2 0 0 1 2
-3.951088111900121 0 3 1 2 0 0 2 1
1.068907128003847 0 3 1 2 0 3 1 2
-1.068907128003847 0 3 1 2 0 3 2 1
2.898279924903735 0 3 1 2 1 0 2 0
0.2255282854542127 0 3 1 2 1 0 2 3
-148.20521130844764 0 3 1 2 1 3 2 0
0.5549221858785112 0 3 1 2 1 3 2 3
-2.898279924903735 0 3 1 2 2 0 1 0
-0.2255282854542127 0 3 1 2 2 0 1 3
148.20521130844764 0 3 1 2 2 3 1 0
-0.5549221858785112 0 3 1 2 2 3 1 3
0.5117538008357724 0 3 1 2 3 0 1 2
-0.5117538008357724 0 3 1 2 3 0 2 1
-0.01780817958847379 0 3 1 2 3 3 1 2
0.01780817958847379 0 3 1 2 3 3 2 1
-3.951088111900121 0 3 2 1 0 0 1 2
3.9510881119001207 0 3 2 1 0 0 2 1
-1.0689071280038471 0 3 2 1 0 3 1 2
1.068907128003847 0 3 2 1 0 3 2 1
-2.898279924903735 0 3 2 1 1 0 2 0
-0.2255282854542127 0 3 2 1 1 0 2 3
148.20521130844764 0 3 2 1 1 3 2 0
-0.5549221858785112 0 3 2 1 1 3 2 3
2.898279924903735 0 3 2 1 2 0 1 0
0.2255282854542127 0 3 2 1 2 0 1 3
-148.20521130844764 0 3 2 1 2 3 1 0
0.5549221858785112 0 3 2 1 2 3 1 3
-0.5117538008357725 0 3 2 1 3 0 1 2
0.5117538008357725 0 3 2 1 3 0 2 1
0.01780817958847379 0 3 2 1 3 3 1 2
-0.01780817958847379 0 3 2 1 3 3 2 1
0.004981407369704923 0 3 2 2 0 0 1 1
0.004981407369704923 0 3 2 2 0 0 2 2
0.0013678087095161289 0 3 2 2 0 3 1 1
0.001367808709516128 0 3 2 2 0 3 2 2
-0.00027376792484608194 0 3 2 2 1 0 1 0
0.00023505250939046451 0 3 2 2 1 0 1 3
0.05879453936074507 0 3 2 2 1 3 1 0
0.001268965376052953 0 3 2 2 1 3 1 3
-0.00027376792484608194 0 3 2 2 2 0 2 0
0.00023505250939046451 0 3 2 2 2 0 2 3
0.058794539360744996 0 3 2 2 2 3 2 0
0.001268965376052954 0 3 2 2 2 3 2 3
0.0008789421990865974 0 3 2 2 3 0 1 1
0.0008789421990865979 0 3 2 2 3 0 2 2
5091.325692605403 0 3 3 0 0 0 0 0
-223.5183999147329 0 3 3 0 0 0 0 3
-355.1634809662213 0 3 3 0 0 0 3 0
-54.890724814461876 0 3 3 0 0 0 3 3
-355.1634809662216 0 3 3 0 0 3 0 0
-54.89072481446188 0 3 3 0 0 3 0 3
-80.73298300896145 0 3 3 0 0 3 3 0
2.841413073526042 0 3 3 0 0 3 3 3
9.433549228386921 0 3 3 0 1 0 0 1
40.16226244898568 0 3 3 0 1 0 3 1
40.16226244898568 0 3 3 0 1 3 0 1
-74.91462330138664 0 3 3 0 1 3 3 1
9.433549228386923 0 3 3 0 2 0 0 2
40.162262448985686 0 3 3 0 2 0 3 2
40.162262448985686 0 3 3 0 2 3 0 2
-74.91462330138664 0 3 3 0 2 3 3 2
-273.57223264387557 0 3 3 0 3 0 0 0
-35.683249685010054 0 3 3 0 3 0 0 3
-59.09009163400736 0 3 3 0 3 0 3 0
1.9394421846759677 0 3 3 0 3 0 3 3
-59.090091634007365 0 3 3 0 3 3 0 0
1.939442184675968 0 3 3 0 3 3 0 3
3.3395789401075797 0 3 3 0 3 3 3 0
0.46568214247870576 0 3 3 0 3 3 3 3
-215.60626087619323 0 3 3 3 0 0 0 0
-43.42408997589647 0 3 3 3 0 0 0 3
-53.82044987774851 0 3 3 3 0 0 3 0
2.1008115345837624 0 3 3 3 0 0 3 3
-53.82044987774851 0 3 3 3 0 3 0 0
2.1008115345837624 0 3 3 3 0 3 0 3
2.841413073526041 0 3 3 3 0 3 3 0
0.5435427911804718 0 3 3 3 0 3 3 3
85.64379041143305 0 3 3 3 1 0 0 1
-1335.484691194438 0 3 3 3 1 0 3 1
-1335.4846911944383 0 3 3 3 1 3 0 1
-6620.7138462348585 0 3 3 3 1 3 3 1
85.64379041143305 0 3 3 3 2 0 0 2
-1335.4846911944383 0 3 3 3 2 0 3 2
-1335.4846911944385 0 3 3 3 2 3 0 2
-6620.713846234859 0 3 3 3 2 3 3 2
-44.36208407939251 0 3 3 3 3 0 0 0
1.622769933017339 0 3 3 3 3 0 0 3
2.3648775005296594 0 3 3 3 3 0 3 0
0.4087383749861471 0 3 3 3 3 0 3 3
2.364877500529659 0 3 3 3 3 3 0 0
0.4087383749861471 0 3 3 3 3 3 0 3
0.572133314700513 0 3 3 3 3 3 3 0
-0.17969590572023483 1 0 0 1 0 0 0 0
-0.7754729881779848 1 0 0 1 0 0 3 0
-0.06359920566539196 1 0 0 1 0 0 3 3
-0.7754729881779849 1 0 0 1 0 3 0 0
-0.06359920566539197 1 0 0 1 0 3 0 3
12.102456662295003 1 0 0 1 0 3 3 0
-0.257814337092507 1 0 0 1 0 3 3 3
-0.3568610622947114 1 0 0 1 1 0 0 1
0.003881732970325409 1 0 0 1 1 0 3 1
0.003881732970325409 1 0 0 1 1 3 0 1
0.0009126933851703895 1 0 0 1 1 3 3 1
-0.35686106229471126 1 0 0 1 2 0 0 2
0.003881732970325416 1 0 0 1 2 0 3 2
0.003881732970325409 1 0 0 1 2 3 0 2
0.0009126933851703878 1 0 0 1 2 3 3 2
-1.1111063105944077 1 0 0 1 3 0 0 0
-0.14948984573335922 1 0 0 1 3 0 0 3
19.82702424454307 1 0 0 1 3 0 3 0
-0.5945256456234133 1 0 0 1 3 0 3 3
19.827024244543065 1 0 0 1 3 3 0 0
-0.594525645623413 1 0 0 1 3 3 0 3
85.64379041143307 1 0 0 1 3 3 3 0
9.433549228386923 1 0 0 1 3 3 3 3
-1501.444284425264 1 0 0 2 1 0 0 2
45.67810028714364 1 0 0 2 1 0 3 2
45.678100287143664 1 0 0 2 1 3 0 2
9.703187187067027 1 0 0 2 1 3 3 2
1501.444284425264 1 0 0 2 2 0 0 1
-45.678100287143636 1 0 0 2 2 0 3 1
-45.67810028714366 1 0 0 2 2 3 0 1
-9.703187187067028 1 0 0 2 2 3 3 1
0.0015365717787253067 1 0 1 0 0 0 1 1
0.0015365717787253067 1 0 1 0 0 0 2 2
0.005469601204272537 1 0 1 0 0 3 1 1
0.005469601204272537 1 0 1 0 0 3 2 2
-0.49366284752591605 1 0 1 0 1 0 1 0
0.0029400832201637783 1 0 1 0 1 0 1 3
0.005085082679765191 1 0 1 0 1 3 1 0
0.0007918831506909055 1 0 1 0 1 3 1 3
-0.493662847525916 1 0 1 0 2 0 2 0
0.0029400832201637783 1 0 1 0 2 0 2 3
0.0050850826797651915 1 0 1 0 2 3 2 0
0.0007918831506909057 1 0 1 0 2 3 2 3
0.0060758594224710385 1 0 1 0 3 0 1 1
0.0060758594224710385 1 0 1 0 3 0 2 2
-0.22552828545421275 1 0 1 0 3 3 1 1
-0.2255282854542127 1 0 1 0 3 3 2 2
0.0075814330459591725 1 0 1 3 0 0 1 1
0.0075814330459591725 1 0 1 3 0 0 2 2
-0.20233145067038968 1 0 1 3 0 3 1 1
-0.20233145067038966 1 0 1 3 0 3 2 2
0.002940083220163773 1 0 1 3 1 0 1 0
0.0012107456321439301 1 0 1 3 1 0 1 3
0.0008252389839024949 1 0 1 3 1 3 1 0
0.002940083220163774 1 0 1 3 2 0 2 0
0.0012107456321439301 1 0 1 3 2 0 2 3
0.0008252389839024949 1 0 1 3 2 3 2 0
-0.7835471259443441 1 0 1 3 3 0 1 1
-0.7835471259443441 1 0 1 3 3 0 2 2
-2.8982799249037337 1 0 1 3 3 3 1 1
-2.8982799249037337 1 0 1 3 3 3 2 2
-252.78768351526014 1 0 2 0 1 0 2 0
1.9570840226167874 1 0 2 0 1 0 2 3
4.942342521231982 1 0 2 0 1 3 2 0
0.5979479560207799 1 0 2 0 1 3 2 3
252.78768351526014 1 0 2 0 2 0 1 0
-1.9570840226167874 1 0 2 0 2 0 1 3
-4.942342521231981 1 0 2 0 2 3 1 0
-0.5979479560207799 1 0 2 0 2 3 1 3
-0.0002350525093904644 1 0 2 0 3 3 1 2
0.0002350525093904644 1 0 2 0 3 3 2 1
-0.0002635833126605838 1 0 2 3 0 3 1 2
0.0002635833126605837 1 0 2 3 0 3 2 1
1.9570840226167854 1 0 2 3 1 0 2 0
1.0861815007372377 1 0 2 3 1 0 2 3
0.6202043088102777 1 0 2 3 1 3 2 0
-0.016422317904700317 1 0 2 3 1 3 2 3
-1.9570840226167854 1 0 2 3 2 0 1 0
-1.0861815007372375 1 0 2 3 2 0 1 3
-0.6202043088102778 1 0 2 3 2 3 1 0
0.016422317904700317 1 0 2 3 2 3 1 3
0.00010623733825823492 1 0 2 3 3 0 1 2
-0.00010623733825823448 1 0 2 3 3 0 2 1
0.0002737679248460828 1 0 2 3 3 3 1 2
-0.0002737679248460828 1 0 2 3 3 3 2 1
-0.7830544212239442 1 0 3 1 0 0 0 0
-0.06513577744411728 1 0 3 1 0 0 0 3
12.903277850008907 1 0 3 1 0 0 3 0
-0.2678316427078643 1 0 3 1 0 0 3 3
12.504211131016985 1 0 3 1 0 3 0 0
-0.26479983976714105 1 0 3 1 0 3 0 3
60.84768567569231 1 0 3 1 0 3 3 0
1.678918938894564 1 0 3 1 0 3 3 3
0.003881732970325416 1 0 3 1 1 0 0 1
0.0011293328440411757 1 0 3 1 1 0 3 1
0.0009607242566726064 1 0 3 1 1 3 0 1
0.003881732970325409 1 0 3 1 2 0 0 2
0.001129332844041181 1 0 3 1 2 0 3 2
0.0009607242566726047 1 0 3 1 2 3 0 2
20.610677607825657 1 0 3 1 3 0 0 0
-0.6006015050458842 1 0 3 1 3 0 0 3
94.26825879718871 1 0 3 1 3 0 3 0
9.837740627361871 1 0 3 1 3 0 3 3
90.45188998475585 1 0 3 1 3 3 0 0
9.718512585367442 1 0 3 1 3 3 0 3
-1335.4846911944383 1 0 3 1 3 3 3 0
40.16226244898568 1 0 3 1 3 3 3 3
45.67810028714365 1 0 3 2 1 0 0 2
11.067187625146218 1 0 3 2 1 0 3 2
10.150649515333257 1 0 3 2 1 3 0 2
-0.4432434954421654 1 0 3 2 1 3 3 2
-45.67810028714364 1 0 3 2 2 0 0 1
-11.06718762514622 1 0 3 2 2 0 3 1
-10.150649515333257 1 0 3 2 2 3 0 1
0.4432434954421654 1 0 3 2 2 3 3 1
0.0015365717787253065 1 1 0 0 0 1 0 1
0.0054696012042725365 1 1 0 0 0 1 3 1
0.0015365717787253065 1 1 0 0 0 2 0 2
0.0054696012042725365 1 1 0 0 0 2 3 2
-0.4936628475259162 1 1 0 0 1 1 0 0
0.0029400832201637783 1 1 0 0 1 1 0 3
0.005085082679765195 1 1 0 0 1 1 3 0
0.0007918831506909063 1 1 0 0 1 1 3 3
-0.49366284752591627 1 1 0 0 2 2 0 0
0.0029400832201637783 1 1 0 0 2 2 0 3
0.005085082679765195 1 1 0 0 2 2 3 0
0.0007918831506909059 1 1 0 0 2 2 3 3
0.006075859422471037 1 1 0 0 3 1 0 1
-0.22552828545421266 1 1 0 0 3 1 3 1
0.006075859422471037 1 1 0 0 3 2 0 2
-0.22552828545421266 1 1 0 0 3 2 3 2
0.0075814330459591725 1 1 0 3 0 1 0 1
-0.2023314506703897 1 1 0 3 0 1 3 1
0.0075814330459591725 1 1 0 3 0 2 0 2
-0.20233145067038968 1 1 0 3 0 2 3 2
0.0029400832201637783 1 1 0 3 1 1 0 0
0.0012107456321439304 1 1 0 3 1 1 0 3
0.0008252389839024949 1 1 0 3 1 1 3 0
0.0029400832201637783 1 1 0 3 2 2 0 0
0.0012107456321439308 1 1 0 3 2 2 0 3
0.0008252389839024949 1 1 0 3 2 2 3 0
-0.783547125944344 1 1 0 3 3 1 0 1
-2.898279924903733 1 1 0 3 3 1 3 1
-0.783547125944344 1 1 0 3 3 2 0 2
-2.8982799249037328 1 1 0 3 3 2 3 2
-0.00013159031577955903 1 1 1 1 0 1 1 0
-0.00013159031577955903 1 1 1 1 0 2 2 0
2.712961382014562e-07 1 1 1 1 1 1 2 2
2.7129613820151043e-07 1 1 1 1 1 2 1 2
-5.425922764030751e-07 1 1 1 1 1 2 2 1
-5.425922764030751e-07 1 1 1 1 2 1 1 2
2.7129613820151043e-07 1 1 1 1 2 1 2 1
2.712961382014562e-07 1 1 1 1 2 2 1 1
-0.0013998775207232723 1 1 1 1 3 1 1 0
-7.58945829884512e-05 1 1 1 1 3 1 1 3
-0.0013998775207232723 1 1 1 1 3 2 2 0
-7.589458298845142e-05 1 1 1 1 3 2 2 3
-0.0003685659153456476 1 1 1 2 1 1 1 2
3.362712934979004e-05 1 1 1 2 1 1 2 1
3.362712934979016e-05 1 1 1 2 1 2 1 1
-0.00030131165664606745 1 1 1 2 1 2 2 2
0.0003013116566460674 1 1 1 2 2 1 1 1
-3.362712934979016e-05 1 1 1 2 2 1 2 2
-3.362712934979004e-05 1 1 1 2 2 2 1 2
0.00036856591534564754 1 1 1 2 2 2 2 1
-0.19953335949596046 1 1 2 1 0 1 2 0
0.0015159014703616232 1 1 2 1 0 1 2 3
0.19953335949596046 1 1 2 1 0 2 1 0
-0.0015159014703616232 1 1 2 1 0 2 1 3
3.3627129349790016e-05 1 1 2 1 1 1 1 2
-0.00012112030814275643 1 1 2 1 1 1 2 1
4.7488279225815365e-05 1 1 2 1 1 2 1 1
-4.000489956715085e-05 1 1 2 1 1 2 2 2
4.000489956715088e-05 1 1 2 1 2 1 1 1
-4.748827922581531e-05 1 1 2 1 2 1 2 2
0.00012112030814275638 1 1 2 1 2 2 1 2
-3.3627129349790016e-05 1 1 2 1 2 2 2 1
-1.9081844062164386 1 1 2 1 3 1 2 0
-0.059614020997218124 1 1 2 1 3 1 2 3
1.9081844062164386 1 1 2 1 3 2 1 0
0.05961402099721811 1 1 2 1 3 2 1 3
2.1651552515976513e-05 1 1 2 2 0 1 1 0
2.165155251597652e-05 1 1 2 2 0 2 2 0
2.7129613820140084e-07 1 1 2 2 1 1 1 1
-0.4693770932033807 1 1 2 2 1 1 2 2
0.4471610166095883 1 1 2 2 1 2 1 2
0.02221634788993059 1 1 2 2 1 2 2 1
0.02221634788993059 1 1 2 2 2 1 1 2
0.4471610166095883 1 1 2 2 2 1 2 1
-0.4693770932033807 1 1 2 2 2 2 1 1
2.71296138201402e-07 1 1 2 2 2 2 2 2
-3.8403242992038645e-05 1 1 2 2 3 1 1 0
-1.979154451184589e-05 1 1 2 2 3 1 1 3
-3.8403242992038645e-05 1 1 2 2 3 2 2 0
-1.9791544511845783e-05 1 1 2 2 3 2 2 3
0.005469601204272538 1 1 3 0 0 1 0 1
-0.5432904945805374 1 1 3 0 0 1 3 1
0.005469601204272538 1 1 3 0 0 2 0 2
-0.5432904945805372 1 1 3 0 0 2 3 2
0.005085082679765195 1 1 3 0 1 1 0 0
0.0008252389839024947 1 1 3 0 1 1 0 3
0.0014292558343228078 1 1 3 0 1 1 3 0
0.005085082679765195 1 1 3 0 2 2 0 0
0.0008252389839024947 1 1 3 0 2 2 0 3
0.001429255834322806 1 1 3 0 2 2 3 0
-0.22554807699872467 1 1 3 0 3 1 0 1
-0.55492218587851 1 1 3 0 3 1 3 1
-0.22554807699872462 1 1 3 0 3 2 0 2
-0.55492218587851 1 1 3 0 3 2 3 2
-0.20230979911787367 1 1 3 3 0 1 0 1
-1.2243939480475623 1 1 3 3 0 1 3 1
-0.20230979911787367 1 1 3 3 0 2 0 2
-1.2243939480475623 1 1 3 3 0 2 3 2
0.0007918831506909063 1 1 3 3 1 1 0 0
0.0007918831506909061 1 1 3 3 2 2 0 0
-2.898318328146725 1 1 3 3 3 1 0 1
148.20521130844764 1 1 3 3 3 1 3 1
-2.898318328146725 1 1 3 3 3 2 0 2
148.20521130844764 1 1 3 3 3 2 3 2
-252.78768351526014 1 2 0 0 1 2 0 0
1.9570840226167874 1 2 0 0 1 2 0 3
4.942342521231979 1 2 0 0 1 2 3 0
0.59794795602078 1 2 0 0 1 2 3 3
252.7876835152601 1 2 0 0 2 1 0 0
-1.9570840226167874 1 2 0 0 2 1 0 3
-4.942342521231979 1 2 0 0 2 1 3 0
-0.59794795602078 1 2 0 0 2 1 3 3
-0.0002350525093904644 1 2 0 0 3 1 3 2
0.0002350525093904644 1 2 0 0 3 2 3 1
-0.0002635833126605836 1 2 0 3 0 1 3 2
0.0002635833126605836 1 2 0 3 0 2 3 1
1.9570840226167854 1 2 0 3 1 2 0 0
1.0861815007372377 1 2 0 3 1 2 0 3
0.6202043088102779 1 2 0 3 1 2 3 0
-0.01642231790470031 1 2 0 3 1 2 3 3
-1.9570840226167854 1 2 0 3 2 1 0 0
-1.0861815007372375 1 2 0 3 2 1 0 3
-0.6202043088102779 1 2 0 3 2 1 3 0
0.01642231790470031 1 2 0 3 2 1 3 3
0.000106237338258236 1 2 0 3 3 1 0 2
0.0002737679248460837 1 2 0 3 3 1 3 2
-0.000106237338258236 1 2 0 3 3 2 0 1
-0.00027376792484608455 1 2 0 3 3 2 3 1
0.19953335949596046 1 2 1 1 0 1 2 0
-0.0015159014703616232 1 2 1 1 0 1 2 3
-0.19953335949596046 1 2 1 1 0 2 1 0
0.0015159014703616232 1 2 1 1 0 2 1 3
3.3627129349790124e-05 1 2 1 1 1 1 1 2
4.748827922581539e-05 1 2 1 1 1 1 2 1
-0.00012112030814275622 1 2 1 1 1 2 1 1
-4.00048995671508e-05 1 2 1 1 1 2 2 2
4.000489956715075e-05 1 2 1 1 2 1 1 1
0.00012112030814275638 1 2 1 1 2 1 2 2
-4.748827922581539e-05 1 2 1 1 2 2 1 2
-3.3627129349790124e-05 1 2 1 1 2 2 2 1
1.9081844062164386 1 2 1 1 3 1 2 0
0.059614020997218096 1 2 1 1 3 1 2 3
-1.9081844062164386 1 2 1 1 3 2 1 0
-0.05961402099721811 1 2 1 1 3 2 1 3
2.1651552515976557e-05 1 2 1 2 0 1 1 0
2.1651552515976503e-05 1 2 1 2 0 2 2 0
2.7129613820151043e-07 1 2 1 2 1 1 1 1
0.4471610166095883 1 2 1 2 1 1 2 2
-0.4693770932033807 1 2 1 2 1 2 1 2
0.02221634788993059 1 2 1 2 1 2 2 1
0.02221634788993059 1 2 1 2 2 1 1 2
-0.4693770932033807 1 2 1 2 2 1 2 1
0.4471610166095883 1 2 1 2 2 2 1 1
2.7129613820151043e-07 1 2 1 2 2 2 2 2
-3.8403242992039255e-05 1 2 1 2 3 1 1 0
-1.9791544511845824e-05 1 2 1 2 3 1 1 3
-3.840324299203904e-05 1 2 1 2 3 2 2 0
-1.9791544511845824e-05 1 2 1 2 3 2 2 3
-0.00017489342081151177 1 2 2 1 0 1 1 0
-0.00017489342081151177 1 2 2 1 0 2 2 0
-5.425922764030741e-07 1 2 2 1 1 1 1 1
0.02221634788993059 1 2 2 1 1 1 2 2
0.022216347889930595 1 2 2 1 1 2 1 2
-0.044433238372137585 1 2 2 1 1 2 2 1
-0.04443323837213757 1 2 2 1 2 1 1 2
0.02221634788993059 1 2 2 1 2 1 2 1
0.02221634788993059 1 2 2 1 2 2 1 1
-5.42592276403076e-07 1 2 2 1 2 2 2 2
-0.0013230710347391943 1 2 2 1 3 1 1 0
-3.6311493964759435e-05 1 2 2 1 3 1 1 3
-0.0013230710347391943 1 2 2 1 3 2 2 0
-3.6311493964759645e-05 1 2 2 1 3 2 2 3
-0.00030131165664606767 1 2 2 2 1 1 1 2
-4.000489956715092e-05 1 2 2 2 1 1 2 1
-4.000489956715081e-05 1 2 2 2 1 2 1 1
-0.00038132145578036875 1 2 2 2 1 2 2 2
0.00038132145578036875 1 2 2 2 2 1 1 1
4.0004899567150755e-05 1 2 2 2 2 1 2 2
4.0004899567150864e-05 1 2 2 2 2 2 1 2
0.00030131165664606767 1 2 2 2 2 2 2 1
-9.732332022020025e-05 1 2 3 0 0 1 3 2
9.732332022020025e-05 1 2 3 0 0 2 3 1
4.942342521231979 1 2 3 0 1 2 0 0
0.6202043088102779 1 2 3 0 1 2 0 3
1.3357818036137519 1 2 3 0 1 2 3 0
-0.017820838668861524 1 2 3 0 1 2 3 3
-4.9423425212319785 1 2 3 0 2 1 0 0
-0.6202043088102779 1 2 3 0 2 1 0 3
-1.3357818036137519 1 2 3 0 2 1 3 0
0.017820838668861524 1 2 3 0 2 1 3 3
-0.00025484405390230997 1 2 3 0 3 1 0 2
-0.001268965376052954 1 2 3 0 3 1 3 2
0.00025484405390230986 1 2 3 0 3 2 0 1
0.001268965376052954 1 2 3 0 3 2 3 1
-0.00024193176014460712 1 2 3 3 0 1 0 2
-0.0010584457663520884 1 2 3 3 0 1 3 2
0.00024193176014460712 1 2 3 3 0 2 0 1
0.0010584457663520884 1 2 3 3 0 2 3 1
0.5979479560207801 1 2 3 3 1 2 0 0
-0.01642231790470031 1 2 3 3 1 2 0 3
-0.01782083866886152 1 2 3 3 1 2 3 0
-0.004760584047988808 1 2 3 3 1 2 3 3
-0.59794795602078 1 2 3 3 2 1 0 0
0.01642231790470031 1 2 3 3 2 1 0 3
0.01782083866886152 1 2 3 3 2 1 3 0
0.004760584047988808 1 2 3 3 2 1 3 3
0.0002353646818540455 1 2 3 3 3 1 0 2
-0.05879453936074525 1 2 3 3 3 1 3 2
-0.0002353646818540455 1 2 3 3 3 2 0 1
0.05879453936074531 1 2 3 3 3 2 3 1
-0.7830544212239443 1 3 0 1 0 0 0 0
-0.06513577744411726 1 3 0 1 0 0 0 3
12.504211131016985 1 3 0 1 0 0 3 0
-0.2647998397671411 1 3 0 1 0 0 3 3
12.903277850008907 1 3 0 1 0 3 0 0
-0.2678316427078643 1 3 0 1 0 3 0 3
60.847685675692304 1 3 0 1 0 3 3 0
1.6789189388945651 1 3 0 1 0 3 3 3
0.003881732970325416 1 3 0 1 1 0 0 1
0.0009607242566726047 1 3 0 1 1 0 3 1
0.0011293328440411723 1 3 0 1 1 3 0 1
0.003881732970325416 1 3 0 1 2 0 0 2
0.0009607242566726047 1 3 0 1 2 0 3 2
0.001129332844041174 1 3 0 1 2 3 0 2
20.61067760782566 1 3 0 1 3 0 0 0
-0.600601505045884 1 3 0 1 3 0 0 3
90.45188998475588 1 3 0 1 3 0 3 0
9.718512585367444 1 3 0 1 3 0 3 3
94.26825879718868 1 3 0 1 3 3 0 0
9.837740627361873 1 3 0 1 3 3 0 3
-1335.4846911944383 1 3 0 1 3 3 3 0
40.16226244898569 1 3 0 1 3 3 3 3
45.67810028714366 1 3 0 2 1 0 0 2
10.150649515333257 1 3 0 2 1 0 3 2
11.06718762514622 1 3 0 2 1 3 0 2
-0.4432434954421654 1 3 0 2 1 3 3 2
-45.67810028714365 1 3 0 2 2 0 0 1
-10.150649515333257 1 3 0 2 2 0 3 1
-11.067187625146222 1 3 0 2 2 3 0 1
0.4432434954421654 1 3 0 2 2 3 3 1
0.00546960120427254 1 3 1 0 0 0 1 1
0.00546960120427254 1 3 1 0 0 0 2 2
-0.5432904945805374 1 3 1 0 0 3 1 1
-0.5432904945805372 1 3 1 0 0 3 2 2
0.00508508267976519 1 3 1 0 1 0 1 0
0.000825238983902494 1 3 1 0 1 0 1 3
0.0014292558343228057 1 3 1 0 1 3 1 0
0.0050850826797651915 1 3 1 0 2 0 2 0
0.000825238983902494 1 3 1 0 2 0 2 3
0.0014292558343228065 1 3 1 0 2 3 2 0
-0.2255480769987246 1 3 1 0 3 0 1 1
-0.22554807699872453 1 3 1 0 3 0 2 2
-0.55492218587851 1 3 1 0 3 3 1 1
-0.5549221858785099 1 3 1 0 3 3 2 2
-0.20230979911787367 1 3 1 3 0 0 1 1
-0.20230979911787367 1 3 1 3 0 0 2 2
-1.2243939480475623 1 3 1 3 0 3 1 1
-1.2243939480475623 1 3 1 3 0 3 2 2
0.0007918831506909055 1 3 1 3 1 0 1 0
0.0007918831506909057 1 3 1 3 2 0 2 0
-2.8983183281467264 1 3 1 3 3 0 1 1
-2.8983183281467264 1 3 1 3 3 0 2 2
148.20521130844764 1 3 1 3 3 3 1 1
148.20521130844764 1 3 1 3 3 3 2 2
-9.73233202202009e-05 1 3 2 0 0 3 1 2
9.73233202202009e-05 1 3 2 0 0 3 2 1
4.94234252123198 1 3 2 0 1 0 2 0
0.6202043088102779 1 3 2 0 1 0 2 3
1.3357818036137523 1 3 2 0 1 3 2 0
-0.01782083866886153 1 3 2 0 1 3 2 3
-4.94234252123198 1 3 2 0 2 0 1 0
-0.6202043088102779 1 3 2 0 2 0 1 3
-1.3357818036137523 1 3 2 0 2 3 1 0
0.01782083866886153 1 3 2 0 2 3 1 3
-0.0002548440539023102 1 3 2 0 3 0 1 2
0.0002548440539023102 1 3 2 0 3 0 2 1
-0.0012689653760529552 1 3 2 0 3 3 1 2
0.0012689653760529552 1 3 2 0 3 3 2 1
-0.00024193176014460712 1 3 2 3 0 0 1 2
0.00024193176014460712 1 3 2 3 0 0 2 1
-0.0010584457663520884 1 3 2 3 0 3 1 2
0.0010584457663520876 1 3 2 3 0 3 2 1
0.5979479560207802 1 3 2 3 1 0 2 0
-0.01642231790470031 1 3 2 3 1 0 2 3
-0.017820838668861524 1 3 2 3 1 3 2 0
-0.004760584047988808 1 3 2 3 1 3 2 3
-0.5979479560207801 1 3 2 3 2 0 1 0
0.01642231790470031 1 3 2 3 2 0 1 3
0.017820838668861524 1 3 2 3 2 3 1 0
0.004760584047988808 1 3 2 3 2 3 1 3
0.00023536468185404117 1 3 2 3 3 0 1 2
-0.00023536468185404204 1 3 2 3 3 0 2 1
-0.05879453936074504 1 3 2 3 3 3 1 2
0.05879453936074507 1 3 2 3 3 3 2 1
12.506592397010463 1 3 3 1 0 0 0 0
-0.268753539501052 1 3 3 1 0 0 0 3
62.07102117797353 1 3 3 1 0 0 3 0
2.222112110154881 1 3 3 1 0 0 3 3
62.07102117797353 1 3 3 1 0 3 0 0
2.2221121101548813 1 3 3 1 0 3 0 3
-527.9530633779762 1 3 3 1 0 3 3 0
8.27984553925557 1 3 3 1 0 3 3 3
0.000912693385170386 1 3 3 1 1 0 0 1
0.000912693385170386 1 3 3 1 2 0 0 2
91.44089779709029 1 3 3 1 3 0 0 0
9.884135694276571 1 3 3 1 3 0 0 3
-1483.7486970422462 1 3 3 1 3 0 3 0
40.71591566948817 1 3 3 1 3 0 3 3
-1483.7486970422462 1 3 3 1 3 3 0 0
40.71591566948816 1 3 3 1 3 3 0 3
-6620.713846234861 1 3 3 1 3 3 3 0
-74.91462330138654 1 3 3 1 3 3 3 3
9.703187187067021 1 3 3 2 1 0 0 2
-0.4432434954421655 1 3 3 2 1 0 3 2
-0.4432434954421655 1 3 3 2 1 3 0 2
-0.10645117222180714 1 3 3 2 1 3 3 2
-9.703187187067023 1 3 3 2 2 0 0 1
0.4432434954421655 1 3 3 2 2 0 3 1
0.4432434954421655 1 3 3 2 2 3 0 1
0.10645117222180714 1 3 3 2 2 3 3 1
1501.444284425264 2 0 0 1 1 0 0 2
-45.67810028714365 2 0 0 1 1 0 3 2
-45.678100287143664 2 0 0 1 1 3 0 2
-9.703187187067025 2 0 0 1 1 3 3 2
-1501.444284425264 2 0 0 1 2 0 0 1
45.67810028714365 2 0 0 1 2 0 3 1
45.67810028714366 2 0 0 1 2 3 0 1
9.703187187067027 2 0 0 1 2 3 3 1
-0.17969590572023483 2 0 0 2 0 0 0 0
-0.7754729881779848 2 0 0 2 0 0 3 0
-0.06359920566539196 2 0 0 2 0 0 3 3
-0.7754729881779849 2 0 0 2 0 3 0 0
-0.06359920566539197 2 0 0 2 0 3 0 3
12.102456662295005 2 0 0 2 0 3 3 0
-0.257814337092507 2 0 0 2 0 3 3 3
-0.35686106229471143 2 0 0 2 1 0 0 1
0.003881732970325416 2 0 0 2 1 0 3 1
0.003881732970325409 2 0 0 2 1 3 0 1
0.0009126933851703878 2 0 0 2 1 3 3 1
-0.35686106229471143 2 0 0 2 2 0 0 2
0.003881732970325416 2 0 0 2 2 0 3 2
0.003881732970325409 2 0 0 2 2 3 0 2
0.0009126933851703878 2 0 0 2 2 3 3 2
-1.1111063105944077 2 0 0 2 3 0 0 0
-0.14948984573335922 2 0 0 2 3 0 0 3
19.82702424454307 2 0 0 2 3 0 3 0
-0.5945256456234133 2 0 0 2 3 0 3 3
19.827024244543065 2 0 0 2 3 3 0 0
-0.594525645623413 2 0 0 2 3 3 0 3
85.64379041143307 2 0 0 2 3 3 3 0
9.433549228386923 2 0 0 2 3 3 3 3
252.78768351526014 2 0 1 0 1 0 2 0
-1.9570840226167874 2 0 1 0 1 0 2 3
-4.942342521231981 2 0 1 0 1 3 2 0
-0.5979479560207798 2 0 1 0 1 3 2 3
-252.78768351526014 2 0 1 0 2 0 1 0
1.9570840226167874 2 0 1 0 2 0 1 3
4.942342521231981 2 0 1 0 2 3 1 0
0.5979479560207798 2 0 1 0 2 3 1 3
0.0002350525093904644 2 0 1 0 3 3 1 2
-0.00023505250939046451 2 0 1 0 3 3 2 1
0.0002635833126605837 2 0 1 3 0 3 1 2
-0.0002635833126605837 2 0 1 3 0 3 2 1
-1.9570840226167854 2 0 1 3 1 0 2 0
-1.0861815007372375 2 0 1 3 1 0 2 3
-0.6202043088102777 2 0 1 3 1 3 2 0
0.016422317904700317 2 0 1 3 1 3 2 3
1.9570840226167854 2 0 1 3 2 0 1 0
1.0861815007372373 2 0 1 3 2 0 1 3
0.6202043088102777 2 0 1 3 2 3 1 0
-0.016422317904700317 2 0 1 3 2 3 1 3
-0.00010623733825823535 2 0 1 3 3 0 1 2
0.00010623733825823535 2 0 1 3 3 0 2 1
-0.0002737679248460828 2 0 1 3 3 3 1 2
0.0002737679248460828 2 0 1 3 3 3 2 1
0.001536571778725307 2 0 2 0 0 0 1 1
0.0015365717787253071 2 0 2 0 0 0 2 2
0.005469601204272537 2 0 2 0 0 3 1 1
0.005469601204272537 2 0 2 0 0 3 2 2
-0.4936628475259159 2 0 2 0 1 0 1 0
0.0029400832201637783 2 0 2 0 1 0 1 3
0.005085082679765191 2 0 2 0 1 3 1 0
0.0007918831506909055 2 0 2 0 1 3 1 3
-0.49366284752591605 2 0 2 0 2 0 2 0
0.0029400832201637783 2 0 2 0 2 0 2 3
0.0050850826797651915 2 0 2 0 2 3 2 0
0.0007918831506909057 2 0 2 0 2 3 2 3
0.0060758594224710385 2 0 2 0 3 0 1 1
0.0060758594224710385 2 0 2 0 3 0 2 2
-0.22552828545421275 2 0 2 0 3 3 1 1
-0.2255282854542127 2 0 2 0 3 3 2 2
0.0075814330459591725 2 0 2 3 0 0 1 1
0.0075814330459591725 2 0 2 3 0 0 2 2
-0.20233145067038968 2 0 2 3 0 3 1 1
-0.20233145067038966 2 0 2 3 0 3 2 2
0.002940083220163774 2 0 2 3 1 0 1 0
0.0012107456321439297 2 0 2 3 1 0 1 3
0.0008252389839024945 2 0 2 3 1 3 1 0
0.002940083220163774 2 0 2 3 2 0 2 0
0.0012107456321439301 2 0 2 3 2 0 2 3
0.0008252389839024945 2 0 2 3 2 3 2 0
-0.7835471259443441 2 0 2 3 3 0 1 1
-0.7835471259443441 2 0 2 3 3 0 2 2
-2.8982799249037337 2 0 2 3 3 3 1 1
-2.8982799249037337 2 0 2 3 3 3 2 2
-45.67810028714365 2 0 3 1 1 0 0 2
-11.067187625146218 2 0 3 1 1 0 3 2
-10.150649515333257 2 0 3 1 1 3 0 2
0.4432434954421654 2 0 3 1 1 3 3 2
45.67810028714364 2 0 3 1 2 0 0 1
11.067187625146218 2 0 3 1 2 0 3 1
10.150649515333255 2 0 3 1 2 3 0 1
-0.4432434954421654 2 0 3 1 2 3 3 1
-0.7830544212239442 2 0 3 2 0 0 0 0
-0.06513577744411728 2 0 3 2 0 0 0 3
12.903277850008905 2 0 3 2 0 0 3 0
-0.2678316427078643 2 0 3 2 0 0 3 3
12.504211131016985 2 0 3 2 0 3 0 0
-0.26479983976714105 2 0 3 2 0 3 0 3
60.84768567569231 2 0 3 2 0 3 3 0
1.6789189388945642 2 0 3 2 0 3 3 3
0.003881732970325409 2 0 3 2 1 0 0 1
0.0011293328440411792 2 0 3 2 1 0 3 1
0.0009607242566726047 2 0 3 2 1 3 0 1
0.003881732970325416 2 0 3 2 2 0 0 2
0.001129332844041181 2 0 3 2 2 0 3 2
0.0009607242566726047 2 0 3 2 2 3 0 2
20.610677607825657 2 0 3 2 3 0 0 0
-0.6006015050458842 2 0 3 2 3 0 0 3
94.26825879718871 2 0 3 2 3 0 3 0
9.837740627361873 2 0 3 2 3 0 3 3
90.45188998475585 2 0 3 2 3 3 0 0
9.718512585367442 2 0 3 2 3 3 0 3
-1335.4846911944383 2 0 3 2 3 3 3 0
40.162262448985686 2 0 3 2 3 3 3 3
252.7876835152601 2 1 0 0 1 2 0 0
-1.9570840226167874 2 1 0 0 1 2 0 3
-4.942342521231979 2 1 0 0 1 2 3 0
-0.5979479560207799 2 1 0 0 1 2 3 3
-252.78768351526008 2 1 0 0 2 1 0 0
1.9570840226167874 2 1 0 0 2 1 0 3
4.9423425212319785 2 1 0 0 2 1 3 0
0.5979479560207799 2 1 0 0 2 1 3 3
0.00023505250939046451 2 1 0 0 3 1 3 2
-0.0002350525093904644 2 1 0 0 3 2 3 1
0.0002635833126605836 2 1 0 3 0 1 3 2
-0.00026358331266058336 2 1 0 3 0 2 3 1
-1.9570840226167854 2 1 0 3 1 2 0 0
-1.086181500737238 2 1 0 3 1 2 0 3
-0.6202043088102779 2 1 0 3 1 2 3 0
0.016422317904700313 2 1 0 3 1 2 3 3
1.9570840226167854 2 1 0 3 2 1 0 0
1.0861815007372377 2 1 0 3 2 1 0 3
0.6202043088102779 2 1 0 3 2 1 3 0
-0.016422317904700313 2 1 0 3 2 1 3 3
-0.000106237338258236 2 1 0 3 3 1 0 2
-0.0002737679248460837 2 1 0 3 3 1 3 2
0.00010623733825823514 2 1 0 3 3 2 0 1
0.00027376792484608455 2 1 0 3 3 2 3 1
0.00030131165664606745 2 1 1 1 1 1 1 2
4.000489956715097e-05 2 1 1 1 1 1 2 1
4.0004899567150864e-05 2 1 1 1 1 2 1 1
0.00038132145578036875 2 1 1 1 1 2 2 2
-0.00038132145578036853 2 1 1 1 2 1 1 1
-4.000489956715081e-05 2 1 1 1 2 1 2 2
-4.000489956715092e-05 2 1 1 1 2 2 1 2
-0.00030131165664606745 2 1 1 1 2 2 2 1
-0.00017489342081151193 2 1 1 2 0 1 1 0
-0.00017489342081151193 2 1 1 2 0 2 2 0
-5.425922764030739e-07 2 1 1 2 1 1 1 1
0.02221634788993059 2 1 1 2 1 1 2 2
0.02221634788993059 2 1 1 2 1 2 1 2
-0.04443323837213759 2 1 1 2 1 2 2 1
-0.04443323837213759 2 1 1 2 2 1 1 2
0.02221634788993059 2 1 1 2 2 1 2 1
0.02221634788993059 2 1 1 2 2 2 1 1
-5.425922764030751e-07 2 1 1 2 2 2 2 2
-0.0013230710347391947 2 1 1 2 3 1 1 0
-3.631149396475969e-05 2 1 1 2 3 1 1 3
-0.0013230710347391947 2 1 1 2 3 2 2 0
-3.631149396475969e-05 2 1 1 2 3 2 2 3
2.165155251597652e-05 2 1 2 1 0 1 1 0
2.165155251597652e-05 2 1 2 1 0 2 2 0
2.71296138201463e-07 2 1 2 1 1 1 1 1
0.4471610166095883 2 1 2 1 1 1 2 2
-0.46937709320338067 2 1 2 1 1 2 1 2
0.022216347889930585 2 1 2 1 1 2 2 1
0.022216347889930592 2 1 2 1 2 1 1 2
-0.46937709320338067 2 1 2 1 2 1 2 1
0.4471610166095883 2 1 2 1 2 2 1 1
2.7129613820147655e-07 2 1 2 1 2 2 2 2
-3.840324299203904e-05 2 1 2 1 3 1 1 0
-1.9791544511845878e-05 2 1 2 1 3 1 1 3
-3.840324299203904e-05 2 1 2 1 3 2 2 0
-1.9791544511845878e-05 2 1 2 1 3 2 2 3
-0.19953335949596043 2 1 2 2 0 1 2 0
0.001515901470361623 2 1 2 2 0 1 2 3
0.19953335949596043 2 1 2 2 0 2 1 0
-0.001515901470361623 2 1 2 2 0 2 1 3
-3.36271293497901e-05 2 1 2 2 1 1 1 2
-4.748827922581534e-05 2 1 2 2 1 1 2 1
0.00012112030814275643 2 1 2 2 1 2 1 1
4.0004899567150776e-05 2 1 2 2 1 2 2 2
-4.00048995671508e-05 2 1 2 2 2 1 1 1
-0.00012112030814275638 2 1 2 2 2 1 2 2
4.748827922581534e-05 2 1 2 2 2 2 1 2
3.36271293497901e-05 2 1 2 2 2 2 2 1
-1.9081844062164386 2 1 2 2 3 1 2 0
-0.0596140209972181 2 1 2 2 3 1 2 3
1.9081844062164386 2 1 2 2 3 2 1 0
0.05961402099721812 2 1 2 2 3 2 1 3
9.732332022020036e-05 2 1 3 0 0 1 3 2
-9.732332022020036e-05 2 1 3 0 0 2 3 1
-4.9423425212319785 2 1 3 0 1 2 0 0
-0.6202043088102778 2 1 3 0 1 2 0 3
-1.3357818036137519 2 1 3 0 1 2 3 0
0.017820838668861527 2 1 3 0 1 2 3 3
4.942342521231978 2 1 3 0 2 1 0 0
0.6202043088102778 2 1 3 0 2 1 0 3
1.3357818036137517 2 1 3 0 2 1 3 0
-0.017820838668861527 2 1 3 0 2 1 3 3
0.0002548440539023101 2 1 3 0 3 1 0 2
0.0012689653760529543 2 1 3 0 3 1 3 2
-0.00025484405390230997 2 1 3 0 3 2 0 1
-0.001268965376052954 2 1 3 0 3 2 3 1
0.00024193176014460712 2 1 3 3 0 1 0 2
0.0010584457663520889 2 1 3 3 0 1 3 2
-0.00024193176014460712 2 1 3 3 0 2 0 1
-0.0010584457663520884 2 1 3 3 0 2 3 1
-0.59794795602078 2 1 3 3 1 2 0 0
0.01642231790470031 2 1 3 3 1 2 0 3
0.01782083866886152 2 1 3 3 1 2 3 0
0.004760584047988808 2 1 3 3 1 2 3 3
0.5979479560207799 2 1 3 3 2 1 0 0
-0.01642231790470031 2 1 3 3 2 1 0 3
-0.01782083866886152 2 1 3 3 2 1 3 0
-0.004760584047988808 2 1 3 3 2 1 3 3
-0.00023536468185404464 2 1 3 3 3 1 0 2
0.05879453936074523 2 1 3 3 3 1 3 2
0.0002353646818540455 2 1 3 3 3 2 0 1
-0.058794539360745274 2 1 3 3 3 2 3 1
0.0015365717787253065 2 2 0 0 0 1 0 1
0.005469601204272537 2 2 0 0 0 1 3 1
0.0015365717787253065 2 2 0 0 0 2 0 2
0.005469601204272537 2 2 0 0 0 2 3 2
-0.49366284752591627 2 2 0 0 1 1 0 0
0.0029400832201637783 2 2 0 0 1 1 0 3
0.005085082679765195 2 2 0 0 1 1 3 0
0.0007918831506909059 2 2 0 0 1 1 3 3
-0.4936628475259163 2 2 0 0 2 2 0 0
0.0029400832201637783 2 2 0 0 2 2 0 3
0.005085082679765195 2 2 0 0 2 2 3 0
0.0007918831506909059 2 2 0 0 2 2 3 3
0.006075859422471037 2 2 0 0 3 1 0 1
-0.22552828545421266 2 2 0 0 3 1 3 1
0.006075859422471037 2 2 0 0 3 2 0 2
-0.22552828545421266 2 2 0 0 3 2 3 2
0.0075814330459591725 2 2 0 3 0 1 0 1
-0.20233145067038974 2 2 0 3 0 1 3 1
0.0075814330459591725 2 2 0 3 0 2 0 2
-0.20233145067038968 2 2 0 3 0 2 3 2
0.0029400832201637774 2 2 0 3 1 1 0 0
0.0012107456321439308 2 2 0 3 1 1 0 3
0.0008252389839024949 2 2 0 3 1 1 3 0
0.0029400832201637774 2 2 0 3 2 2 0 0
0.0012107456321439308 2 2 0 3 2 2 0 3
0.0008252389839024949 2 2 0 3 2 2 3 0
-0.7835471259443441 2 2 0 3 3 1 0 1
-2.898279924903733 2 2 0 3 3 1 3 1
-0.7835471259443438 2 2 0 3 3 2 0 2
-2.898279924903733 2 2 0 3 3 2 3 2
2.16515525159765e-05 2 2 1 1 0 1 1 0
2.16515525159765e-05 2 2 1 1 0 2 2 0
2.712961382015094e-07 2 2 1 1 1 1 1 1
-0.46937709320338067 2 2 1 1 1 1 2 2
0.4471610166095883 2 2 1 1 1 2 1 2
0.022216347889930585 2 2 1 1 1 2 2 1
0.02221634788993059 2 2 1 1 2 1 1 2
0.4471610166095883 2 2 1 1 2 1 2 1
-0.46937709320338067 2 2 1 1 2 2 1 1
2.7129613820151143e-07 2 2 1 1 2 2 2 2
-3.8403242992038876e-05 2 2 1 1 3 1 1 0
-1.9791544511845824e-05 2 2 1 1 3 1 1 3
-3.840324299203866e-05 2 2 1 1 3 2 2 0
-1.9791544511845878e-05 2 2 1 1 3 2 2 3
0.19953335949596046 2 2 1 2 0 1 2 0
-0.0015159014703616232 2 2 1 2 0 1 2 3
-0.19953335949596046 2 2 1 2 0 2 1 0
0.0015159014703616232 2 2 1 2 0 2 1 3
-3.3627129349790124e-05 2 2 1 2 1 1 1 2
0.00012112030814275638 2 2 1 2 1 1 2 1
-4.748827922581534e-05 2 2 1 2 1 2 1 1
4.000489956715096e-05 2 2 1 2 1 2 2 2
-4.000489956715096e-05 2 2 1 2 2 1 1 1
4.748827922581534e-05 2 2 1 2 2 1 2 2
-0.00012112030814275638 2 2 1 2 2 2 1 2
3.3627129349790124e-05 2 2 1 2 2 2 2 1
1.9081844062164386 2 2 1 2 3 1 2 0
0.05961402099721811 2 2 1 2 3 1 2 3
-1.9081844062164386 2 2 1 2 3 2 1 0
-0.059614020997218096 2 2 1 2 3 2 1 3
0.0003685659153456477 2 2 2 1 1 1 1 2
-3.3627129349790056e-05 2 2 2 1 1 1 2 1
-3.362712934979017e-05 2 2 2 1 1 2 1 1
0.00030131165664606724 2 2 2 1 1 2 2 2
-0.00030131165664606745 2 2 2 1 2 1 1 1
3.3627129349790226e-05 2 2 2 1 2 1 2 2
3.3627129349790056e-05 2 2 2 1 2 2 1 2
-0.0003685659153456474 2 2 2 1 2 2 2 1
-0.00013159031577955903 2 2 2 2 0 1 1 0
-0.00013159031577955903 2 2 2 2 0 2 2 0
2.712961382014562e-07 2 2 2 2 1 1 2 2
2.7129613820151043e-07 2 2 2 2 1 2 1 2
-5.425922764030751e-07 2 2 2 2 1 2 2 1
-5.425922764030751e-07 2 2 2 2 2 1 1 2
2.7129613820151043e-07 2 2 2 2 2 1 2 1
2.712961382014562e-07 2 2 2 2 2 2 1 1
-0.0013998775207232723 2 2 2 2 3 1 1 0
-7.58945829884512e-05 2 2 2 2 3 1 1 3
-0.0013998775207232723 2 2 2 2 3 2 2 0
-7.58945829884512e-05 2 2 2 2 3 2 2 3
0.005469601204272537 2 2 3 0 0 1 0 1
-0.5432904945805371 2 2 3 0 0 1 3 1
0.005469601204272537 2 2 3 0 0 2 0 2
-0.5432904945805371 2 2 3 0 0 2 3 2
0.005085082679765195 2 2 3 0 1 1 0 0
0.0008252389839024947 2 2 3 0 1 1 0 3
0.001429255834322807 2 2 3 0 1 1 3 0
0.005085082679765195 2 2 3 0 2 2 0 0
0.0008252389839024947 2 2 3 0 2 2 0 3
0.001429255834322806 2 2 3 0 2 2 3 0
-0.22554807699872467 2 2 3 0 3 1 0 1
-0.5549221858785102 2 2 3 0 3 1 3 1
-0.22554807699872462 2 2 3 0 3 2 0 2
-0.55492218587851 2 2 3 0 3 2 3 2
-0.20230979911787367 2 2 3 3 0 1 0 1
-1.224393948047562 2 2 3 3 0 1 3 1
-0.20230979911787367 2 2 3 3 0 2 0 2
-1.224393948047562 2 2 3 3 0 2 3 2
0.0007918831506909061 2 2 3 3 1 1 0 0
0.0007918831506909061 2 2 3 3 2 2 0 0
-2.8983183281467255 2 2 3 3 3 1 0 1
148.20521130844767 2 2 3 3 3 1 3 1
-2.898318328146725 2 2 3 3 3 2 0 2
148.20521130844767 2 2 3 3 3 2 3 2
-45.67810028714366 2 3 0 1 1 0 0 2
-10.150649515333255 2 3 0 1 1 0 3 2
-11.06718762514622 2 3 0 1 1 3 0 2
0.4432434954421654 2 3 0 1 1 3 3 2
45.67810028714366 2 3 0 1 2 0 0 1
10.150649515333255 2 3 0 1 2 0 3 1
11.067187625146218 2 3 0 1 2 3 0 1
-0.4432434954421654 2 3 0 1 2 3 3 1
-0.7830544212239443 2 3 0 2 0 0 0 0
-0.06513577744411726 2 3 0 2 0 0 0 3
12.504211131016985 2 3 0 2 0 0 3 0
-0.2647998397671411 2 3 0 2 0 0 3 3
12.903277850008907 2 3 0 2 0 3 0 0
-0.2678316427078643 2 3 0 2 0 3 0 3
60.847685675692304 2 3 0 2 0 3 3 0
1.6789189388945651 2 3 0 2 0 3 3 3
0.003881732970325416 2 3 0 2 1 0 0 1
0.0009607242566726047 2 3 0 2 1 0 3 1
0.0011293328440411718 2 3 0 2 1 3 0 1
0.003881732970325416 2 3 0 2 2 0 0 2
0.0009607242566726047 2 3 0 2 2 0 3 2
0.0011293328440411705 2 3 0 2 2 3 0 2
20.61067760782566 2 3 0 2 3 0 0 0
-0.600601505045884 2 3 0 2 3 0 0 3
90.45188998475588 2 3 0 2 3 0 3 0
9.718512585367446 2 3 0 2 3 0 3 3
94.2682587971887 2 3 0 2 3 3 0 0
9.837740627361873 2 3 0 2 3 3 0 3
-1335.4846911944383 2 3 0 2 3 3 3 0
40.1622624489857 2 3 0 2 3 3 3 3
9.73233202202009e-05 2 3 1 0 0 3 1 2
-9.73233202202009e-05 2 3 1 0 0 3 2 1
-4.94234252123198 2 3 1 0 1 0 2 0
-0.6202043088102778 2 3 1 0 1 0 2 3
-1.335781803613752 2 3 1 0 1 3 2 0
0.01782083866886153 2 3 1 0 1 3 2 3
4.942342521231979 2 3 1 0 2 0 1 0
0.6202043088102779 2 3 1 0 2 0 1 3
1.335781803613752 2 3 1 0 2 3 1 0
-0.01782083866886153 2 3 1 0 2 3 1 3
0.0002548440539023102 2 3 1 0 3 0 1 2
-0.0002548440539023102 2 3 1 0 3 0 2 1
0.0012689653760529548 2 3 1 0 3 3 1 2
-0.0012689653760529548 2 3 1 0 3 3 2 1
0.00024193176014460712 2 3 1 3 0 0 1 2
-0.00024193176014460712 2 3 1 3 0 0 2 1
0.0010584457663520876 2 3 1 3 0 3 1 2
-0.0010584457663520876 2 3 1 3 0 3 2 1
-0.5979479560207801 2 3 1 3 1 0 2 0
0.01642231790470031 2 3 1 3 1 0 2 3
0.017820838668861524 2 3 1 3 1 3 2 0
0.004760584047988808 2 3 1 3 1 3 2 3
0.5979479560207801 2 3 1 3 2 0 1 0
-0.01642231790470031 2 3 1 3 2 0 1 3
-0.017820838668861524 2 3 1 3 2 3 1 0
-0.004760584047988808 2 3 1 3 2 3 1 3
-0.00023536468185404117 2 3 1 3 3 0 1 2
0.00023536468185404204 2 3 1 3 3 0 2 1
0.058794539360745045 2 3 1 3 3 3 1 2
-0.05879453936074513 2 3 1 3 3 3 2 1
0.00546960120427254 2 3 2 0 0 0 1 1
0.00546960120427254 2 3 2 0 0 0 2 2
-0.5432904945805372 2 3 2 0 0 3 1 1
-0.5432904945805372 2 3 2 0 0 3 2 2
0.00508508267976519 2 3 2 0 1 0 1 0
0.000825238983902494 2 3 2 0 1 0 1 3
0.0014292558343228057 2 3 2 0 1 3 1 0
0.0050850826797651915 2 3 2 0 2 0 2 0
0.0008252389839024945 2 3 2 0 2 0 2 3
0.0014292558343228065 2 3 2 0 2 3 2 0
-0.22554807699872456 2 3 2 0 3 0 1 1
-0.2255480769987245 2 3 2 0 3 0 2 2
-0.5549221858785102 2 3 2 0 3 3 1 1
-0.55492218587851 2 3 2 0 3 3 2 2
-0.2023097991178737 2 3 2 3 0 0 1 1
-0.20230979911787367 2 3 2 3 0 0 2 2
-1.2243939480475625 2 3 2 3 0 3 1 1
-1.224393948047562 2 3 2 3 0 3 2 2
0.0007918831506909057 2 3 2 3 1 0 1 0
0.0007918831506909059 2 3 2 3 2 0 2 0
-2.8983183281467264 2 3 2 3 3 0 1 1
-2.8983183281467264 2 3 2 3 3 0 2 2
148.20521130844767 2 3 2 3 3 3 1 1
148.20521130844767 2 3 2 3 3 3 2 2
-9.703187187067021 2 3 3 1 1 0 0 2
0.4432434954421655 2 3 3 1 1 0 3 2
0.4432434954421655 2 3 3 1 1 3 0 2
0.10645117222180714 2 3 3 1 1 3 3 2
9.703187187067021 2 3 3 1 2 0 0 1
-0.4432434954421655 2 3 3 1 2 0 3 1
-0.4432434954421655 2 3 3 1 2 3 0 1
-0.10645117222180714 2 3 3 1 2 3 3 1
12.506592397010463 2 3 3 2 0 0 0 0
-0.268753539501052 2 3 3 2 0 0 0 3
62.071021177973535 2 3 3 2 0 0 3 0
2.222112110154881 2 3 3 2 0 0 3 3
62.07102117797353 2 3 3 2 0 3 0 0
2.222112110154881 2 3 3 2 0 3 0 3
-527.9530633779762 2 3 3 2 0 3 3 0
8.279845539255572 2 3 3 2 0 3 3 3
0.0009126933851703878 2 3 3 2 1 0 0 1
0.0009126933851703878 2 3 3 2 2 0 0 2
91.44089779709029 2 3 3 2 3 0 0 0
9.884135694276573 2 3 3 2 3 0 0 3
-1483.7486970422462 2 3 3 2 3 0 3 0
40.71591566948817 2 3 3 2 3 0 3 3
-1483.7486970422465 2 3 3 2 3 3 0 0
40.71591566948817 2 3 3 2 3 3 0 3
-6620.713846234862 2 3 3 2 3 3 3 0
-74.91462330138654 2 3 3 2 3 3 3 3
21894.33341672745 3 0 0 0 0 0 0 0
4143.895646834288 3 0 0 0 0 0 0 3
4165.81917729774 3 0 0 0 0 0 3 0
-202.5326000893796 3 0 0 0 0 0 3 3
4165.81917729774 3 0 0 0 0 3 0 0
-202.53260008937966 3 0 0 0 0 3 0 3
-273.5722326438755 3 0 0 0 0 3 3 0
-44.36208407939249 3 0 0 0 0 3 3 3
-0.06513577744411726 3 0 0 0 1 0 3 1
-0.06513577744411728 3 0 0 0 1 3 0 1
-0.2687535395010519 3 0 0 0 1 3 3 1
-0.06513577744411726 3 0 0 0 2 0 3 2
-0.06513577744411728 3 0 0 0 2 3 0 2
-0.2687535395010519 3 0 0 0 2 3 3 2
4235.436578115275 3 0 0 0 3 0 0 0
-165.6678652588125 3 0 0 0 3 0 0 3
-241.20028920677714 3 0 0 0 3 0 3 0
-35.29828464179749 3 0 0 0 3 0 3 3
-241.2002892067772 3 0 0 0 3 3 0 0
-35.298284641797466 3 0 0 0 3 3 0 3
-46.89093328629822 3 0 0 0 3 3 3 0
1.7243976172691111 3 0 0 0 3 3 3 3
2642.094501346727 3 0 0 3 0 0 0 0
-154.00290664622827 3 0 0 3 0 0 0 3
-159.53544411180167 3 0 0 3 0 0 3 0
-37.01924842234707 3 0 0 3 0 0 3 3
-159.53544411180164 3 0 0 3 0 3 0 0
-37.01924842234707 3 0 0 3 0 3 0 3
-35.683249685010026 3 0 0 3 0 3 3 0
1.6227699330173395 3 0 0 3 0 3 3 3
-0.17969590572023486 3 0 0 3 1 0 0 1
-0.783054421223944 3 0 0 3 1 0 3 1
-0.7830544212239439 3 0 0 3 1 3 0 1
12.506592397010461 3 0 0 3 1 3 3 1
-0.17969590572023486 3 0 0 3 2 0 0 2
-0.783054421223944 3 0 0 3 2 0 3 2
-0.7830544212239439 3 0 0 3 2 3 0 2
12.506592397010461 3 0 0 3 2 3 3 2
-165.66786525881247 3 0 0 3 3 0 0 0
-38.97626740006132 3 0 0 3 3 0 0 3
-36.14961498791868 3 0 0 3 3 0 3 0
1.4947436521438993 3 0 0 3 3 0 3 3
-36.14961498791868 3 0 0 3 3 3 0 0
1.4947436521438995 3 0 0 3 3 3 0 3
1.7574413985344564 3 0 0 3 3 3 3 0
0.3508564586389941 3 0 0 3 3 3 3 3
0.004067248136207396 3 0 1 1 0 0 1 1
0.004067248136207396 3 0 1 1 0 0 2 2
0.0008789421990865974 3 0 1 1 0 3 1 1
0.0008789421990865974 3 0 1 1 0 3 2 2
0.00024193176014460706 3 0 1 1 1 3 1 0
0.00024193176014460706 3 0 1 1 2 3 2 0
0.0011986231108207198 3 0 1 1 3 0 1 1
0.0011986231108207207 3 0 1 1 3 0 2 2
2.680758794399743 3 0 1 2 0 0 1 2
-2.680758794399743 3 0 1 2 0 0 2 1
0.5117538008357724 3 0 1 2 0 3 1 2
-0.5117538008357725 3 0 1 2 0 3 2 1
-0.0075814330459591725 3 0 1 2 1 0 2 0
-0.0015365717787253067 3 0 1 2 1 0 2 3
0.20230979911787367 3 0 1 2 1 3 2 0
-0.005469601204272537 3 0 1 2 1 3 2 3
0.0075814330459591725 3 0 1 2 2 0 1 0
0.0015365717787253067 3 0 1 2 2 0 1 3
-0.20230979911787367 3 0 1 2 2 3 1 0
0.005469601204272537 3 0 1 2 2 3 1 3
0.850131723010372 3 0 1 2 3 0 1 2
-0.8501317230103719 3 0 1 2 3 0 2 1
-0.016521890632672568 3 0 1 2 3 3 1 2
0.016521890632672568 3 0 1 2 3 3 2 1
-2.6807587943997424 3 0 2 1 0 0 1 2
2.6807587943997424 3 0 2 1 0 0 2 1
-0.5117538008357724 3 0 2 1 0 3 1 2
0.5117538008357724 3 0 2 1 0 3 2 1
0.0075814330459591725 3 0 2 1 1 0 2 0
0.001536571778725307 3 0 2 1 1 0 2 3
-0.20230979911787367 3 0 2 1 1 3 2 0
0.005469601204272537 3 0 2 1 1 3 2 3
-0.0075814330459591725 3 0 2 1 2 0 1 0
-0.001536571778725307 3 0 2 1 2 0 1 3
0.20230979911787367 3 0 2 1 2 3 1 0
-0.005469601204272537 3 0 2 1 2 3 1 3
-0.850131723010372 3 0 2 1 3 0 1 2
0.850131723010372 3 0 2 1 3 0 2 1
0.016521890632672568 3 0 2 1 3 3 1 2
-0.016521890632672568 3 0 2 1 3 3 2 1
0.004067248136207396 3 0 2 2 0 0 1 1
0.004067248136207396 3 0 2 2 0 0 2 2
0.0008789421990865974 3 0 2 2 0 3 1 1
0.0008789421990865974 3 0 2 2 0 3 2 2
0.00024193176014460728 3 0 2 2 1 3 1 0
0.00024193176014460728 3 0 2 2 2 3 2 0
0.0011986231108207207 3 0 2 2 3 0 1 1
0.0011986231108207207 3 0 2 2 3 0 2 2
3912.5378309349517 3 0 3 0 0 0 0 0
-203.2574020260787 3 0 3 0 0 0 0 3
-287.57201434410274 3 0 3 0 0 0 3 0
-47.997859886158295 3 0 3 0 0 0 3 3
-274.94353176315104 3 0 3 0 0 3 0 0
-45.51719809006707 3 0 3 0 0 3 0 3
-59.09009163400735 3 0 3 0 0 3 3 0
2.364877500529659 3 0 3 0 0 3 3 3
-0.06359920566539197 3 0 3 0 1 0 0 1
-0.26783164270786425 3 0 3 0 1 0 3 1
-0.26479983976714105 3 0 3 0 1 3 0 1
2.22211211015488 3 0 3 0 1 3 3 1
-0.06359920566539197 3 0 3 0 2 0 0 2
-0.26783164270786425 3 0 3 0 2 0 3 2
-0.26479983976714105 3 0 3 0 2 3 0 2
2.22211211015488 3 0 3 0 2 3 3 2
-241.2002892067771 3 0 3 0 3 0 0 0
-36.149614987918675 3 0 3 0 3 0 0 3
-50.849374879042074 3 0 3 0 3 0 3 0
1.8139355404236952 3 0 3 0 3 0 3 3
-48.21109347328648 3 0 3 0 3 3 0 0
1.7652581854090879 3 0 3 0 3 3 0 3
2.731782062048688 3 0 3 0 3 3 3 0
0.4140246785411012 3 0 3 0 3 3 3 3
-154.89059396342864 3 0 3 3 0 0 0 0
-35.9318561759777 3 0 3 3 0 0 0 3
-36.92954292816801 3 0 3 3 0 0 3 0
1.674014481727992 3 0 3 3 0 0 3 3
-35.343298141854376 3 0 3 3 0 3 0 0
1.6289032373177565 3 0 3 3 0 3 0 3
1.9394421846759675 3 0 3 3 0 3 3 0
0.408738374986147 3 0 3 3 0 3 3 3
-0.7754729881779849 3 0 3 3 1 0 0 1
12.903277850008905 3 0 3 3 1 0 3 1
12.504211131016985 3 0 3 3 1 3 0 1
62.07102117797351 3 0 3 3 1 3 3 1
-0.7754729881779849 3 0 3 3 2 0 0 2
12.903277850008907 3 0 3 3 2 0 3 2
12.504211131016985 3 0 3 3 2 3 0 2
62.07102117797351 3 0 3 3 2 3 3 2
-35.298284641797466 3 0 3 3 3 0 0 0
1.4947436521438997 3 0 3 3 3 0 0 3
1.8139355404236952 3 0 3 3 3 0 3 0
0.3692178634942255 3 0 3 3 3 0 3 3
1.7652581854090879 3 0 3 3 3 3 0 0
0.35697692692407124 3 0 3 3 3 3 0 3
0.41801920519756425 3 0 3 3 3 3 3 0
0.0040672481362074 3 1 0 1 0 1 0 1
0.0008789421990865985 3 1 0 1 0 1 3 1
0.0040672481362074 3 1 0 1 0 2 0 2
0.0008789421990865985 3 1 0 1 0 2 3 2
0.00024193176014460728 3 1 0 1 1 1 3 0
0.00024193176014460728 3 1 0 1 2 2 3 0
0.0011986231108207207 3 1 0 1 3 1 0 1
0.001198623110820721 3 1 0 1 3 2 0 2
2.680758794399743 3 1 0 2 0 1 0 2
0.5117538008357724 3 1 0 2 0 1 3 2
-2.680758794399743 3 1 0 2 0 2 0 1
-0.5117538008357724 3 1 0 2 0 2 3 1
-0.007581433045959171 3 1 0 2 1 2 0 0
-0.0015365717787253065 3 1 0 2 1 2 0 3
0.20230979911787364 3 1 0 2 1 2 3 0
-0.005469601204272537 3 1 0 2 1 2 3 3
0.007581433045959171 3 1 0 2 2 1 0 0
0.0015365717787253065 3 1 0 2 2 1 0 3
-0.20230979911787364 3 1 0 2 2 1 3 0
0.005469601204272537 3 1 0 2 2 1 3 3
0.8501317230103718 3 1 0 2 3 1 0 2
-0.016521890632672568 3 1 0 2 3 1 3 2
-0.8501317230103717 3 1 0 2 3 2 0 1
0.016521890632672568 3 1 0 2 3 2 3 1
0.004485432711257321 3 1 1 0 0 1 1 0
0.0008902087655395271 3 1 1 0 0 1 1 3
0.004485432711257321 3 1 1 0 0 2 2 0
0.0008902087655395263 3 1 1 0 0 2 2 3
0.0010194841104563031 3 1 1 0 3 1 1 0
0.001019484110456304 3 1 1 0 3 2 2 0
0.0005883545166170544 3 1 1 3 0 1 1 0
0.0005883545166170544 3 1 1 3 0 2 2 0
-0.0001748934208115118 3 1 1 3 1 1 1 1
-2.1651552515976452e-05 3 1 1 3 1 1 2 2
-2.1651552515976547e-05 3 1 1 3 1 2 1 2
-0.00013159031577955887 3 1 1 3 1 2 2 1
-0.00013159031577955908 3 1 1 3 2 1 1 2
-2.1651552515976547e-05 3 1 1 3 2 1 2 1
-2.1651552515976506e-05 3 1 1 3 2 2 1 1
-0.0001748934208115118 3 1 1 3 2 2 2 2
6.314241290475957 3 1 2 0 0 1 2 0
1.2403308980456238 3 1 2 0 0 1 2 3
-6.314241290475957 3 1 2 0 0 2 1 0
-1.2403308980456238 3 1 2 0 0 2 1 3
0.0015159014703616215 3 1 2 0 1 1 2 1
-0.0015159014703616215 3 1 2 0 1 2 1 1
0.0015159014703616215 3 1 2 0 2 1 2 2
-0.0015159014703616215 3 1 2 0 2 2 1 2
1.319140702877809 3 1 2 0 3 1 2 0
-0.02433867750730401 3 1 2 0 3 1 2 3
-1.319140702877809 3 1 2 0 3 2 1 0
0.02433867750730401 3 1 2 0 3 2 1 3
0.7931223931568097 3 1 2 3 0 1 2 0
-0.02255562220511789 3 1 2 3 0 1 2 3
-0.7931223931568097 3 1 2 3 0 2 1 0
0.02255562220511789 3 1 2 3 0 2 1 3
-0.19953335949596043 3 1 2 3 1 1 2 1
0.19953335949596043 3 1 2 3 1 2 1 1
-0.19953335949596043 3 1 2 3 2 1 2 2
0.19953335949596043 3 1 2 3 2 2 1 2
-0.024338677507303997 3 1 2 3 3 1 2 0
-0.006120468285077205 3 1 2 3 3 1 2 3
0.024338677507303997 3 1 2 3 3 2 1 0
0.006120468285077205 3 1 2 3 3 2 1 3
0.0008392085956576488 3 1 3 1 0 1 0 1
0.0008392085956576488 3 1 3 1 0 2 0 2
0.00026358331266058336 3 1 3 1 1 1 0 0
0.001058445766352088 3 1 3 1 1 1 3 0
9.732332022020058e-05 3 1 3 1 1 1 3 3
0.0002635833126605834 3 1 3 1 2 2 0 0
0.001058445766352088 3 1 3 1 2 2 3 0
9.732332022020058e-05 3 1 3 1 2 2 3 3
0.4895038258164921 3 1 3 2 0 1 0 2
-0.01780817958847378 3 1 3 2 0 1 3 2
-0.4895038258164921 3 1 3 2 0 2 0 1
0.01780817958847378 3 1 3 2 0 2 3 1
0.20233145067038963 3 1 3 2 1 2 0 0
-0.0054696012042725365 3 1 3 2 1 2 0 3
1.2243939480475612 3 1 3 2 1 2 3 0
0.543290494580537 3 1 3 2 1 2 3 3
-0.2023314506703896 3 1 3 2 2 1 0 0
0.0054696012042725365 3 1 3 2 2 1 0 3
-1.2243939480475612 3 1 3 2 2 1 3 0
-0.5432904945805369 3 1 3 2 2 1 3 3
-0.016521890632672568 3 1 3 2 3 1 0 2
-0.003994526656463157 3 1 3 2 3 1 3 2
0.016521890632672568 3 1 3 2 3 2 0 1
0.003994526656463157 3 1 3 2 3 2 3 1
-2.6807587943997424 3 2 0 1 0 1 0 2
-0.5117538008357724 3 2 0 1 0 1 3 2
2.6807587943997424 3 2 0 1 0 2 0 1
0.5117538008357724 3 2 0 1 0 2 3 1
0.007581433045959171 3 2 0 1 1 2 0 0
0.0015365717787253065 3 2 0 1 1 2 0 3
-0.20230979911787364 3 2 0 1 1 2 3 0
0.005469601204272537 3 2 0 1 1 2 3 3
-0.007581433045959171 3 2 0 1 2 1 0 0
-0.0015365717787253065 3 2 0 1 2 1 0 3
0.20230979911787364 3 2 0 1 2 1 3 0
-0.005469601204272537 3 2 0 1 2 1 3 3
-0.8501317230103718 3 2 0 1 3 1 0 2
0.016521890632672565 3 2 0 1 3 1 3 2
0.850131723010372 3 2 0 1 3 2 0 1
-0.016521890632672565 3 2 0 1 3 2 3 1
0.0040672481362074 3 2 0 2 0 1 0 1
0.000878942199086599 3 2 0 2 0 1 3 1
0.0040672481362074 3 2 0 2 0 2 0 2
0.000878942199086599 3 2 0 2 0 2 3 2
0.00024193176014460706 3 2 0 2 1 1 3 0
0.00024193176014460706 3 2 0 2 2 2 3 0
0.0011986231108207215 3 2 0 2 3 1 0 1
0.0011986231108207207 3 2 0 2 3 2 0 2
-6.314241290475957 3 2 1 0 0 1 2 0
-1.2403308980456238 3 2 1 0 0 1 2 3
6.314241290475957 3 2 1 0 0 2 1 0
1.2403308980456238 3 2 1 0 0 2 1 3
-0.0015159014703616215 3 2 1 0 1 1 2 1
0.0015159014703616215 3 2 1 0 1 2 1 1
-0.0015159014703616215 3 2 1 0 2 1 2 2
0.0015159014703616215 3 2 1 0 2 2 1 2
-1.319140702877809 3 2 1 0 3 1 2 0
0.02433867750730401 3 2 1 0 3 1 2 3
1.3191407028778088 3 2 1 0 3 2 1 0
-0.02433867750730401 3 2 1 0 3 2 1 3
-0.7931223931568097 3 2 1 3 0 1 2 0
0.02255562220511789 3 2 1 3 0 1 2 3
0.7931223931568097 3 2 1 3 0 2 1 0
-0.02255562220511789 3 2 1 3 0 2 1 3
0.19953335949596043 3 2 1 3 1 1 2 1
-0.19953335949596043 3 2 1 3 1 2 1 1
0.19953335949596043 3 2 1 3 2 1 2 2
-0.19953335949596043 3 2 1 3 2 2 1 2
0.024338677507303997 3 2 1 3 3 1 2 0
0.006120468285077205 3 2 1 3 3 1 2 3
-0.024338677507303997 3 2 1 3 3 2 1 0
-0.006120468285077205 3 2 1 3 3 2 1 3
0.004485432711257321 3 2 2 0 0 1 1 0
0.0008902087655395254 3 2 2 0 0 1 1 3
0.004485432711257321 3 2 2 0 0 2 2 0
0.000890208765539528 3 2 2 0 0 2 2 3
0.001019484110456304 3 2 2 0 3 1 1 0
0.001019484110456304 3 2 2 0 3 2 2 0
0.0005883545166170548 3 2 2 3 0 1 1 0
0.0005883545166170547 3 2 2 3 0 2 2 0
-0.00017489342081151201 3 2 2 3 1 1 1 1
-2.1651552515976503e-05 3 2 2 3 1 1 2 2
-2.1651552515976493e-05 3 2 2 3 1 2 1 2
-0.00013159031577955908 3 2 2 3 1 2 2 1
-0.00013159031577955908 3 2 2 3 2 1 1 2
-2.1651552515976493e-05 3 2 2 3 2 1 2 1
-2.1651552515976503e-05 3 2 2 3 2 2 1 1
-0.00017489342081151201 3 2 2 3 2 2 2 2
-0.48950382581649204 3 2 3 1 0 1 0 2
0.01780817958847378 3 2 3 1 0 1 3 2
0.48950382581649204 3 2 3 1 0 2 0 1
-0.01780817958847378 3 2 3 1 0 2 3 1
-0.20233145067038966 3 2 3 1 1 2 0 0
0.005469601204272536 3 2 3 1 1 2 0 3
-1.2243939480475616 3 2 3 1 1 2 3 0
-0.543290494580537 3 2 3 1 1 2 3 3
0.20233145067038963 3 2 3 1 2 1 0 0
-0.005469601204272536 3 2 3 1 2 1 0 3
1.2243939480475614 3 2 3 1 2 1 3 0
0.543290494580537 3 2 3 1 2 1 3 3
0.016521890632672565 3 2 3 1 3 1 0 2
0.0039945266564631555 3 2 3 1 3 1 3 2
-0.016521890632672565 3 2 3 1 3 2 0 1
-0.0039945266564631555 3 2 3 1 3 2 3 1
0.0008392085956576488 3 2 3 2 0 1 0 1
0.0008392085956576492 3 2 3 2 0 2 0 2
0.00026358331266058336 3 2 3 2 1 1 0 0
0.001058445766352088 3 2 3 2 1 1 3 0
9.732332022020036e-05 3 2 3 2 1 1 3 3
0.00026358331266058336 3 2 3 2 2 2 0 0
0.001058445766352088 3 2 3 2 2 2 3 0
9.732332022020036e-05 3 2 3 2 2 2 3 3
3912.537830934953 3 3 0 0 0 0 0 0
-203.2574020260787 3 3 0 0 0 0 0 3
-274.94353176315104 3 3 0 0 0 0 3 0
-45.51719809006706 3 3 0 0 0 0 3 3
-287.5720143441028 3 3 0 0 0 3 0 0
-47.997859886158295 3 3 0 0 0 3 0 3
-59.09009163400736 3 3 0 0 0 3 3 0
2.36487750052966 3 3 0 0 0 3 3 3
-0.06359920566539196 3 3 0 0 1 0 0 1
-0.26479983976714105 3 3 0 0 1 0 3 1
-0.26783164270786425 3 3 0 0 1 3 0 1
2.2221121101548795 3 3 0 0 1 3 3 1
-0.06359920566539196 3 3 0 0 2 0 0 2
-0.26479983976714105 3 3 0 0 2 0 3 2
-0.26783164270786425 3 3 0 0 2 3 0 2
2.2221121101548795 3 3 0 0 2 3 3 2
-241.20028920677714 3 3 0 0 3 0 0 0
-36.149614987918675 3 3 0 0 3 0 0 3
-48.21109347328648 3 3 0 0 3 0 3 0
1.7652581854090876 3 3 0 0 3 0 3 3
-50.84937487904207 3 3 0 0 3 3 0 0
1.8139355404236954 3 3 0 0 3 3 0 3
2.731782062048689 3 3 0 0 3 3 3 0
0.41402467854110114 3 3 0 0 3 3 3 3
-154.89059396342864 3 3 0 3 0 0 0 0
-35.9318561759777 3 3 0 3 0 0 0 3
-35.34329814185438 3 3 0 3 0 0 3 0
1.6289032373177565 3 3 0 3 0 0 3 3
-36.92954292816802 3 3 0 3 0 3 0 0
1.6740144817279925 3 3 0 3 0 3 0 3
1.9394421846759675 3 3 0 3 0 3 3 0
0.40873837498614707 3 3 0 3 0 3 3 3
-0.7754729881779847 3 3 0 3 1 0 0 1
12.504211131016984 3 3 0 3 1 0 3 1
12.903277850008905 3 3 0 3 1 3 0 1
62.071021177973506 3 3 0 3 1 3 3 1
-0.7754729881779847 3 3 0 3 2 0 0 2
12.504211131016984 3 3 0 3 2 0 3 2
12.903277850008907 3 3 0 3 2 3 0 2
62.0710211779735 3 3 0 3 2 3 3 2
-35.29828464179746 3 3 0 3 3 0 0 0
1.4947436521438997 3 3 0 3 3 0 0 3
1.765258185409088 3 3 0 3 3 0 3 0
0.35697692692407124 3 3 0 3 3 0 3 3
1.8139355404236954 3 3 0 3 3 3 0 0
0.36921786349422553 3 3 0 3 3 3 0 3
0.41801920519756436 3 3 0 3 3 3 3 0
0.0008392085956576483 3 3 1 1 0 0 1 1
0.0008392085956576483 3 3 1 1 0 0 2 2
0.0002635833126605836 3 3 1 1 1 0 1 0
0.0010584457663520893 3 3 1 1 1 3 1 0
9.732332022020058e-05 3 3 1 1 1 3 1 3
0.0002635833126605836 3 3 1 1 2 0 2 0
0.0010584457663520893 3 3 1 1 2 3 2 0
9.73233202202008e-05 3 3 1 1 2 3 2 3
0.48950382581649216 3 3 1 2 0 0 1 2
-0.48950382581649227 3 3 1 2 0 0 2 1
-0.017808179588473787 3 3 1 2 0 3 1 2
0.017808179588473787 3 3 1 2 0 3 2 1
0.2023314506703896 3 3 1 2 1 0 2 0
-0.005469601204272539 3 3 1 2 1 0 2 3
1.2243939480475612 3 3 1 2 1 3 2 0
0.543290494580537 3 3 1 2 1 3 2 3
-0.2023314506703896 3 3 1 2 2 0 1 0
0.005469601204272539 3 3 1 2 2 0 1 3
-1.2243939480475612 3 3 1 2 2 3 1 0
-0.5432904945805369 3 3 1 2 2 3 1 3
-0.016521890632672568 3 3 1 2 3 0 1 2
0.016521890632672568 3 3 1 2 3 0 2 1
-0.003994526656463157 3 3 1 2 3 3 1 2
0.003994526656463157 3 3 1 2 3 3 2 1
-0.48950382581649204 3 3 2 1 0 0 1 2
0.48950382581649193 3 3 2 1 0 0 2 1
0.017808179588473787 3 3 2 1 0 3 1 2
-0.017808179588473787 3 3 2 1 0 3 2 1
-0.20233145067038963 3 3 2 1 1 0 2 0
0.005469601204272539 3 3 2 1 1 0 2 3
-1.2243939480475612 3 3 2 1 1 3 2 0
-0.5432904945805369 3 3 2 1 1 3 2 3
0.20233145067038963 3 3 2 1 2 0 1 0
-0.005469601204272539 3 3 2 1 2 0 1 3
1.2243939480475612 3 3 2 1 2 3 1 0
0.5432904945805369 3 3 2 1 2 3 1 3
0.016521890632672568 3 3 2 1 3 0 1 2
-0.016521890632672568 3 3 2 1 3 0 2 1
0.003994526656463157 3 3 2 1 3 3 1 2
-0.003994526656463157 3 3 2 1 3 3 2 1
0.0008392085956576483 3 3 2 2 0 0 1 1
0.0008392085956576483 3 3 2 2 0 0 2 2
0.0002635833126605838 3 3 2 2 1 0 1 0
0.0010584457663520902 3 3 2 2 1 3 1 0
9.732332022020047e-05 3 3 2 2 1 3 1 3
0.0002635833126605838 3 3 2 2 2 0 2 0
0.0010584457663520902 3 3 2 2 2 3 2 0
9.73233202202009e-05 3 3 2 2 2 3 2 3
-263.6773774360521 3 3 3 0 0 0 0 0
-44.145290469873856 3 3 3 0 0 0 0 3
-57.75288057455927 3 3 3 0 0 0 3 0
2.3648648414492714 3 3 3 0 0 0 3 3
-57.75288057455928 3 3 3 0 0 3 0 0
2.364864841449272 3 3 3 0 0 3 0 3
3.3395789401075797 3 3 3 0 0 3 3 0
0.572133314700513 3 3 3 0 0 3 3 3
-0.2578143370925069 3 3 3 0 1 0 0 1
1.678918938894564 3 3 3 0 1 0 3 1
1.6789189388945644 3 3 3 0 1 3 0 1
8.279845539255556 3 3 3 0 1 3 3 1
-0.2578143370925069 3 3 3 0 2 0 0 2
1.6789189388945642 3 3 3 0 2 0 3 2
1.6789189388945647 3 3 3 0 2 3 0 2
8.279845539255557 3 3 3 0 2 3 3 2
-46.89093328629824 3 3 3 0 3 0 0 0
1.7574413985344564 3 3 3 0 3 0 0 3
2.7317820620486875 3 3 3 0 3 0 3 0
0.41801920519756425 3 3 3 0 3 0 3 3
2.7317820620486883 3 3 3 0 3 3 0 0
0.41801920519756425 3 3 3 0 3 3 0 3
0.6192019984017393 3 3 3 0 3 3 3 0
-33.46050452059731 3 3 3 3 0 0 0 0
1.5899252972079387 3 3 3 3 0 0 0 3
1.9038131664186322 3 3 3 3 0 0 3 0
0.4039777909381582 3 3 3 3 0 0 3 3
1.9038131664186324 3 3 3 3 0 3 0 0
0.4039777909381583 3 3 3 3 0 3 0 3
0.4656821424787059 3 3 3 3 0 3 3 0
12.102456662295005 3 3 3 3 1 0 0 1
60.84768567569231 3 3 3 3 1 0 3 1
60.847685675692304 3 3 3 3 1 3 0 1
-527.9530633779763 3 3 3 3 1 3 3 1
12.102456662295003 3 3 3 3 2 0 0 2
60.847685675692304 3 3 3 3 2 0 3 2
60.84768567569231 3 3 3 3 2 3 0 2
-527.9530633779763 3 3 3 3 2 3 3 2
1.724397617269111 3 3 3 3 3 0 0 0
0.350856458638994 3 3 3 3 3 0 0 3
0.4140246785411011 3 3 3 3 3 0 3 0
0.41402467854110114 3 3 3 3 3 3 0 0
